population 0 fitness 1.0018994646912205 years 39.0 length 17
population 1 fitness 1.0018994646912205 years 39.0 length 16
population 2 fitness 1.0019494506041473 years 38.0 length 17
population 3 fitness 1.0019494506041473 years 38.0 length 17
population 4 fitness 1.0020021384583135 years 37.0 length 16
population 5 fitness 1.0020021384583135 years 37.0 length 16
population 6 fitness 1.0020577534154889 years 36.0 length 17
population 7 fitness 1.0020577534154889 years 36.0 length 16
population 8 fitness 1.0021451408870725 years 33.0 length 17
population 9 fitness 1.0020926616900774 years 28.0 length 16
population 10 fitness 1.0020926616900774 years 28.0 length 16
population 11 fitness 1.0022536356662373 years 26.0 length 17
population 12 fitness 1.0022536356662373 years 26.0 length 16
population 13 fitness 1.0023437810928868 years 25.0 length 16
population 14 fitness 1.0020205632175483 years 24.0 length 16
population 15 fitness 1.0020205632175483 years 24.0 length 16
population 16 fitness 1.0023092151057695 years 42.0 length 16
population 17 fitness 1.0023092151057695 years 42.0 length 16
population 18 fitness 1.002424675861058 years 40.0 length 16
population 19 fitness 1.002424675861058 years 40.0 length 16
population 20 fitness 1.0023092151057693 years 21.0 length 17
population 21 fitness 1.0023092151057693 years 21.0 length 16
population 22 fitness 1.0024246758610578 years 20.0 length 16
population 23 fitness 1.0024246758610578 years 20.0 length 16
population 24 fitness 1.002552290380061 years 19.0 length 16
population 25 fitness 1.002552290380061 years 19.0 length 16
population 26 fitness 1.0021591912170362 years 14.0 length 17
population 27 fitness 1.0021591912170362 years 14.0 length 16
population 28 fitness 1.002325282849116 years 13.0 length 16
population 29 fitness 1.002325282849116 years 13.0 length 16
population 30 fitness 1.0024490184867543 years 11.0 length 16
population 31 fitness 1.0024490184867543 years 11.0 length 17
population 32 fitness 1.0026939203354297 years 10.0 length 16
population 33 fitness 1.0026939203354297 years 10.0 length 16
population 34 fitness 1.0009433962264151 years 10.0 length 16
population 35 fitness 1.0009433962264151 years 10.0 length 16
population 36 fitness 1.0 years 6.0 length 16
population 37 fitness 1.0 years 6.0 length 16
population 38 fitness 1.0 years 5.0 length 16
population 39 fitness 1.0 years 5.0 length 17

0.0903636708541743 0.3070249853980628 0.8199747380407999 0.3846203208798965 0.4904218017160151 8
0.38567097942931927 0.28937871943076277 0.9798230206834934 0.7431738893725499 0.37917038584483154 4
0.38567097942931927 0.28937871943076277 0.9798230206834934 0.7431738893725499 0.37917038584483154 4
0.40503742216047045 0.7352487743362462 0.9968431141953202 0.4057109937692246 0.5360192021052322 3
0.08136331491846449 0.34460437282908796 0.26210145884569214 0.770969744032864 0.8510965987763887 7
0.7655813725112834 0.8635557041023625 0.4328198565966316 0.8383351808254222 0.31551578967039684 1
0.3010541887113385 0.15319062108937997 0.94576597416735 0.5727205027661165 0.8927496700039267 8
0.3010541887113385 0.15319062108937997 0.94576597416735 0.5727205027661165 0.8927496700039267 8
0.36117419098119663 0.8039799530443174 0.2647091725551989 0.6252166503718182 0.7698776071075816 8
0.3010541887113385 0.15319062108937997 0.94576597416735 0.5727205027661165 0.8927496700039267 8
0.36117419098119663 0.8039799530443174 0.2647091725551989 0.6252166503718182 0.7698776071075816 8
0.648938263200229 0.20448897235763308 0.3191342655178149 0.6484817802597547 0.01523564514875353 6
0.953089186390345 0.18233340222624372 0.9154105660734712 0.6677488000950161 0.312853524589475 2
0.6873064853961927 0.6281467448145959 0.059917811274514676 0.5366205433431447 0.744149150834377 6
0.7980148083023427 0.2221907589567822 0.7350911830601783 0.874230731639056 0.9471786218208486 2
0.614719165058009 0.39919688580775936 0.1703888803711291 0.9761361827819596 0.36984260792635215 4
0.7992607520292797 0.8834643364256193 0.8212157135076027 0.05672292929287348 0.26630328510041157 4
0.0903636708541743 0.3070249853980628 0.8199747380407999 0.3846203208798965 0.4904218017160151 8
0.38567097942931927 0.28937871943076277 0.9798230206834934 0.7431738893725499 0.37917038584483154 4
0.38567097942931927 0.28937871943076277 0.9798230206834934 0.7431738893725499 0.37917038584483154 4
0.40503742216047045 0.7352487743362462 0.9968431141953202 0.4057109937692246 0.5360192021052322 3
0.08136331491846449 0.34460437282908796 0.26210145884569214 0.770969744032864 0.8510965987763887 7
0.7655813725112834 0.8635557041023625 0.4328198565966316 0.8383351808254222 0.31551578967039684 1
0.3010541887113385 0.15319062108937997 0.94576597416735 0.5727205027661165 0.8927496700039267 8
0.3010541887113385 0.15319062108937997 0.94576597416735 0.5727205027661165 0.8927496700039267 8
0.36117419098119663 0.8039799530443174 0.2647091725551989 0.6252166503718182 0.7698776071075816 8
0.36117419098119663 0.8039799530443174 0.2647091725551989 0.6252166503718182 0.7698776071075816 8
0.36117419098119663 0.8039799530443174 0.2647091725551989 0.6252166503718182 0.7698776071075816 8
0.648938263200229 0.20448897235763308 0.3191342655178149 0.6484817802597547 0.01523564514875353 6
0.953089186390345 0.18233340222624372 0.9154105660734712 0.6677488000950161 0.312853524589475 2
0.6873064853961927 0.6281467448145959 0.059917811274514676 0.5366205433431447 0.744149150834377 6
0.6873064853961927 0.6281467448145959 0.059917811274514676 0.5366205433431447 0.744149150834377 6
0.614719165058009 0.39919688580775936 0.1703888803711291 0.9761361827819596 0.36984260792635215 4
0.0903636708541743 0.3070249853980628 0.8199747380407999 0.3846203208798965 0.4904218017160151 8
0.38567097942931927 0.28937871943076277 0.9798230206834934 0.7431738893725499 0.37917038584483154 4
0.7895625434490106 0.8186476863193264 0.42664365594887055 0.7558709014100652 0.454898567040962 6
0.08136331491846449 0.34460437282908796 0.26210145884569214 0.770969744032864 0.8510965987763887 7
0.47041708389952563 0.20174125652607178 0.9229463346360279 0.03469454630895119 0.08132021881882368 1
0.7655813725112834 0.8635557041023625 0.4328198565966316 0.8383351808254222 0.31551578967039684 1
0.7655813725112834 0.8635557041023625 0.4328198565966316 0.8383351808254222 0.31551578967039684 1
0.40503742216047045 0.7352487743362462 0.9968431141953202 0.4057109937692246 0.5360192021052322 3
0.36117419098119663 0.8039799530443174 0.2647091725551989 0.6252166503718182 0.7698776071075816 8
0.3010541887113385 0.15319062108937997 0.94576597416735 0.5727205027661165 0.8927496700039267 8
0.36117419098119663 0.8039799530443174 0.2647091725551989 0.6252166503718182 0.7698776071075816 8
0.9964891958771267 0.5471985193922803 0.7010964267796187 0.764571036071909 0.25043839292625236 7
0.6873064853961927 0.6281467448145959 0.059917811274514676 0.5366205433431447 0.744149150834377 6
0.6873064853961927 0.6281467448145959 0.059917811274514676 0.5366205433431447 0.744149150834377 6
0.6873064853961927 0.6281467448145959 0.059917811274514676 0.5366205433431447 0.744149150834377 6
0.614719165058009 0.39919688580775936 0.1703888803711291 0.9761361827819596 0.36984260792635215 4
0.9150672454618265 0.13055175637244754 0.8336283016685141 0.36406029952312013 0.7353498702351695 4
0.0903636708541743 0.3070249853980628 0.8199747380407999 0.3846203208798965 0.4904218017160151 8
0.38567097942931927 0.28937871943076277 0.9798230206834934 0.7431738893725499 0.37917038584483154 4
0.38567097942931927 0.28937871943076277 0.9798230206834934 0.7431738893725499 0.37917038584483154 4
0.40503742216047045 0.7352487743362462 0.9968431141953202 0.4057109937692246 0.5360192021052322 3
0.5860522041455408 0.4778893575135399 0.793975446801848 0.7961072581242401 0.197964926837917 4
0.7655813725112834 0.8635557041023625 0.4328198565966316 0.8383351808254222 0.31551578967039684 1
0.3010541887113385 0.15319062108937997 0.94576597416735 0.5727205027661165 0.8927496700039267 8
0.5860522041455408 0.4778893575135399 0.793975446801848 0.7961072581242401 0.197964926837917 4
0.36117419098119663 0.8039799530443174 0.2647091725551989 0.6252166503718182 0.7698776071075816 8
0.3010541887113385 0.15319062108937997 0.94576597416735 0.5727205027661165 0.8927496700039267 8
0.36117419098119663 0.8039799530443174 0.2647091725551989 0.6252166503718182 0.7698776071075816 8
0.648938263200229 0.20448897235763308 0.3191342655178149 0.6484817802597547 0.01523564514875353 6
0.6873064853961927 0.6281467448145959 0.059917811274514676 0.5366205433431447 0.744149150834377 6
0.953089186390345 0.18233340222624372 0.9154105660734712 0.6677488000950161 0.312853524589475 2
0.7980148083023427 0.2221907589567822 0.7350911830601783 0.874230731639056 0.9471786218208486 2
0.614719165058009 0.39919688580775936 0.1703888803711291 0.9761361827819596 0.36984260792635215 4
0.0903636708541743 0.3070249853980628 0.8199747380407999 0.3846203208798965 0.4904218017160151 8
0.0903636708541743 0.3070249853980628 0.8199747380407999 0.3846203208798965 0.4904218017160151 8
0.38567097942931927 0.28937871943076277 0.9798230206834934 0.7431738893725499 0.37917038584483154 4
0.40503742216047045 0.7352487743362462 0.9968431141953202 0.4057109937692246 0.5360192021052322 3
0.47041708389952563 0.20174125652607178 0.9229463346360279 0.03469454630895119 0.08132021881882368 1
0.5860522041455408 0.4778893575135399 0.793975446801848 0.7961072581242401 0.197964926837917 4
0.3010541887113385 0.15319062108937997 0.94576597416735 0.5727205027661165 0.8927496700039267 8
0.5860522041455408 0.4778893575135399 0.793975446801848 0.7961072581242401 0.197964926837917 4
0.18824997415676248 0.5355115404634536 0.48857284273934964 0.8834511445552913 0.4417987763955086 7
0.36117419098119663 0.8039799530443174 0.2647091725551989 0.6252166503718182 0.7698776071075816 8
0.648938263200229 0.20448897235763308 0.3191342655178149 0.6484817802597547 0.01523564514875353 6
0.36117419098119663 0.8039799530443174 0.2647091725551989 0.6252166503718182 0.7698776071075816 8
0.648938263200229 0.20448897235763308 0.3191342655178149 0.6484817802597547 0.01523564514875353 6
0.7925319962675211 0.637063925714535 0.36853977784087877 0.4220893337459384 0.2031656956799449 1
0.953089186390345 0.18233340222624372 0.9154105660734712 0.6677488000950161 0.312853524589475 2
0.7980148083023427 0.2221907589567822 0.7350911830601783 0.874230731639056 0.9471786218208486 2
0.4223893215862162 0.3264711945124886 0.8755735340932964 0.9593775337406367 0.5861927014573566 3
0.0903636708541743 0.3070249853980628 0.8199747380407999 0.3846203208798965 0.4904218017160151 8
0.38567097942931927 0.28937871943076277 0.9798230206834934 0.7431738893725499 0.37917038584483154 4
0.38567097942931927 0.28937871943076277 0.9798230206834934 0.7431738893725499 0.37917038584483154 4
0.47041708389952563 0.20174125652607178 0.9229463346360279 0.03469454630895119 0.08132021881882368 1
0.5860522041455408 0.4778893575135399 0.793975446801848 0.7961072581242401 0.197964926837917 4
0.3010541887113385 0.15319062108937997 0.94576597416735 0.5727205027661165 0.8927496700039267 8
0.3010541887113385 0.15319062108937997 0.94576597416735 0.5727205027661165 0.8927496700039267 8
0.5860522041455408 0.4778893575135399 0.793975446801848 0.7961072581242401 0.197964926837917 4
0.36117419098119663 0.8039799530443174 0.2647091725551989 0.6252166503718182 0.7698776071075816 8
0.36117419098119663 0.8039799530443174 0.2647091725551989 0.6252166503718182 0.7698776071075816 8
0.36117419098119663 0.8039799530443174 0.2647091725551989 0.6252166503718182 0.7698776071075816 8
0.9964891958771267 0.5471985193922803 0.7010964267796187 0.764571036071909 0.25043839292625236 7
0.6873064853961927 0.6281467448145959 0.059917811274514676 0.5366205433431447 0.744149150834377 6
0.953089186390345 0.18233340222624372 0.9154105660734712 0.6677488000950161 0.312853524589475 2
0.7980148083023427 0.2221907589567822 0.7350911830601783 0.874230731639056 0.9471786218208486 2
0.4223893215862162 0.3264711945124886 0.8755735340932964 0.9593775337406367 0.5861927014573566 3
0.38567097942931927 0.28937871943076277 0.9798230206834934 0.7431738893725499 0.37917038584483154 4
0.38567097942931927 0.28937871943076277 0.9798230206834934 0.7431738893725499 0.37917038584483154 4
0.08136331491846449 0.34460437282908796 0.26210145884569214 0.770969744032864 0.8510965987763887 7
0.47041708389952563 0.20174125652607178 0.9229463346360279 0.03469454630895119 0.08132021881882368 1
0.5860522041455408 0.4778893575135399 0.793975446801848 0.7961072581242401 0.197964926837917 4
0.7655813725112834 0.8635557041023625 0.4328198565966316 0.8383351808254222 0.31551578967039684 1
0.3010541887113385 0.15319062108937997 0.94576597416735 0.5727205027661165 0.8927496700039267 8
0.3010541887113385 0.15319062108937997 0.94576597416735 0.5727205027661165 0.8927496700039267 8
0.36117419098119663 0.8039799530443174 0.2647091725551989 0.6252166503718182 0.7698776071075816 8
0.36117419098119663 0.8039799530443174 0.2647091725551989 0.6252166503718182 0.7698776071075816 8
0.36117419098119663 0.8039799530443174 0.2647091725551989 0.6252166503718182 0.7698776071075816 8
0.9964891958771267 0.5471985193922803 0.7010964267796187 0.764571036071909 0.25043839292625236 7
0.6873064853961927 0.6281467448145959 0.059917811274514676 0.5366205433431447 0.744149150834377 6
0.953089186390345 0.18233340222624372 0.9154105660734712 0.6677488000950161 0.312853524589475 2
0.6873064853961927 0.6281467448145959 0.059917811274514676 0.5366205433431447 0.744149150834377 6
0.614719165058009 0.39919688580775936 0.1703888803711291 0.9761361827819596 0.36984260792635215 4
0.0903636708541743 0.3070249853980628 0.8199747380407999 0.3846203208798965 0.4904218017160151 8
0.0903636708541743 0.3070249853980628 0.8199747380407999 0.3846203208798965 0.4904218017160151 8
0.38567097942931927 0.28937871943076277 0.9798230206834934 0.7431738893725499 0.37917038584483154 4
0.7895625434490106 0.8186476863193264 0.42664365594887055 0.7558709014100652 0.454898567040962 6
0.40503742216047045 0.7352487743362462 0.9968431141953202 0.4057109937692246 0.5360192021052322 3
0.08136331491846449 0.34460437282908796 0.26210145884569214 0.770969744032864 0.8510965987763887 7
0.7655813725112834 0.8635557041023625 0.4328198565966316 0.8383351808254222 0.31551578967039684 1
0.3010541887113385 0.15319062108937997 0.94576597416735 0.5727205027661165 0.8927496700039267 8
0.3010541887113385 0.15319062108937997 0.94576597416735 0.5727205027661165 0.8927496700039267 8
0.36117419098119663 0.8039799530443174 0.2647091725551989 0.6252166503718182 0.7698776071075816 8
0.36117419098119663 0.8039799530443174 0.2647091725551989 0.6252166503718182 0.7698776071075816 8
0.36117419098119663 0.8039799530443174 0.2647091725551989 0.6252166503718182 0.7698776071075816 8
0.648938263200229 0.20448897235763308 0.3191342655178149 0.6484817802597547 0.01523564514875353 6
0.953089186390345 0.18233340222624372 0.9154105660734712 0.6677488000950161 0.312853524589475 2
0.6873064853961927 0.6281467448145959 0.059917811274514676 0.5366205433431447 0.744149150834377 6
0.6873064853961927 0.6281467448145959 0.059917811274514676 0.5366205433431447 0.744149150834377 6
0.17797365007305455 0.5027371877141691 0.292614495851097 0.23885755448935297 0.2823438265678121 1
0.0903636708541743 0.3070249853980628 0.8199747380407999 0.3846203208798965 0.4904218017160151 8
0.38567097942931927 0.28937871943076277 0.9798230206834934 0.7431738893725499 0.37917038584483154 4
0.7895625434490106 0.8186476863193264 0.42664365594887055 0.7558709014100652 0.454898567040962 6
0.40503742216047045 0.7352487743362462 0.9968431141953202 0.4057109937692246 0.5360192021052322 3
0.5860522041455408 0.4778893575135399 0.793975446801848 0.7961072581242401 0.197964926837917 4
0.3010541887113385 0.15319062108937997 0.94576597416735 0.5727205027661165 0.8927496700039267 8
0.3010541887113385 0.15319062108937997 0.94576597416735 0.5727205027661165 0.8927496700039267 8
0.40503742216047045 0.7352487743362462 0.9968431141953202 0.4057109937692246 0.5360192021052322 3
0.36117419098119663 0.8039799530443174 0.2647091725551989 0.6252166503718182 0.7698776071075816 8
0.3010541887113385 0.15319062108937997 0.94576597416735 0.5727205027661165 0.8927496700039267 8
0.6873064853961927 0.6281467448145959 0.059917811274514676 0.5366205433431447 0.744149150834377 6
0.953089186390345 0.18233340222624372 0.9154105660734712 0.6677488000950161 0.312853524589475 2
0.6873064853961927 0.6281467448145959 0.059917811274514676 0.5366205433431447 0.744149150834377 6
0.953089186390345 0.18233340222624372 0.9154105660734712 0.6677488000950161 0.312853524589475 2
0.7980148083023427 0.2221907589567822 0.7350911830601783 0.874230731639056 0.9471786218208486 2
0.4223893215862162 0.3264711945124886 0.8755735340932964 0.9593775337406367 0.5861927014573566 3
0.7992607520292797 0.8834643364256193 0.8212157135076027 0.05672292929287348 0.26630328510041157 4
0.0903636708541743 0.3070249853980628 0.8199747380407999 0.3846203208798965 0.4904218017160151 8
0.0903636708541743 0.3070249853980628 0.8199747380407999 0.3846203208798965 0.4904218017160151 8
0.38567097942931927 0.28937871943076277 0.9798230206834934 0.7431738893725499 0.37917038584483154 4
0.47041708389952563 0.20174125652607178 0.9229463346360279 0.03469454630895119 0.08132021881882368 1
0.5860522041455408 0.4778893575135399 0.793975446801848 0.7961072581242401 0.197964926837917 4
0.7655813725112834 0.8635557041023625 0.4328198565966316 0.8383351808254222 0.31551578967039684 1
0.3010541887113385 0.15319062108937997 0.94576597416735 0.5727205027661165 0.8927496700039267 8
0.5860522041455408 0.4778893575135399 0.793975446801848 0.7961072581242401 0.197964926837917 4
0.36117419098119663 0.8039799530443174 0.2647091725551989 0.6252166503718182 0.7698776071075816 8
0.36117419098119663 0.8039799530443174 0.2647091725551989 0.6252166503718182 0.7698776071075816 8
0.36117419098119663 0.8039799530443174 0.2647091725551989 0.6252166503718182 0.7698776071075816 8
0.648938263200229 0.20448897235763308 0.3191342655178149 0.6484817802597547 0.01523564514875353 6
0.6873064853961927 0.6281467448145959 0.059917811274514676 0.5366205433431447 0.744149150834377 6
0.7925319962675211 0.637063925714535 0.36853977784087877 0.4220893337459384 0.2031656956799449 1
0.4223893215862162 0.3264711945124886 0.8755735340932964 0.9593775337406367 0.5861927014573566 3
0.614719165058009 0.39919688580775936 0.1703888803711291 0.9761361827819596 0.36984260792635215 4
0.0903636708541743 0.3070249853980628 0.8199747380407999 0.3846203208798965 0.4904218017160151 8
0.38567097942931927 0.28937871943076277 0.9798230206834934 0.7431738893725499 0.37917038584483154 4
0.7895625434490106 0.8186476863193264 0.42664365594887055 0.7558709014100652 0.454898567040962 6
0.40503742216047045 0.7352487743362462 0.9968431141953202 0.4057109937692246 0.5360192021052322 3
0.08136331491846449 0.34460437282908796 0.26210145884569214 0.770969744032864 0.8510965987763887 7
0.7655813725112834 0.8635557041023625 0.4328198565966316 0.8383351808254222 0.31551578967039684 1
0.3010541887113385 0.15319062108937997 0.94576597416735 0.5727205027661165 0.8927496700039267 8
0.36117419098119663 0.8039799530443174 0.2647091725551989 0.6252166503718182 0.7698776071075816 8
0.3010541887113385 0.15319062108937997 0.94576597416735 0.5727205027661165 0.8927496700039267 8
0.36117419098119663 0.8039799530443174 0.2647091725551989 0.6252166503718182 0.7698776071075816 8
0.953089186390345 0.18233340222624372 0.9154105660734712 0.6677488000950161 0.312853524589475 2
0.4223893215862162 0.3264711945124886 0.8755735340932964 0.9593775337406367 0.5861927014573566 3
0.6873064853961927 0.6281467448145959 0.059917811274514676 0.5366205433431447 0.744149150834377 6
0.6873064853961927 0.6281467448145959 0.059917811274514676 0.5366205433431447 0.744149150834377 6
0.614719165058009 0.39919688580775936 0.1703888803711291 0.9761361827819596 0.36984260792635215 4
0.07056842970533095 0.37678514690505005 0.9167032588249823 0.5419161267900333 0.12120309770861215 7
0.38567097942931927 0.28937871943076277 0.9798230206834934 0.7431738893725499 0.37917038584483154 4
0.47041708389952563 0.20174125652607178 0.9229463346360279 0.03469454630895119 0.08132021881882368 1
0.5860522041455408 0.4778893575135399 0.793975446801848 0.7961072581242401 0.197964926837917 4
0.3010541887113385 0.15319062108937997 0.94576597416735 0.5727205027661165 0.8927496700039267 8
0.5860522041455408 0.4778893575135399 0.793975446801848 0.7961072581242401 0.197964926837917 4
0.18824997415676248 0.5355115404634536 0.48857284273934964 0.8834511445552913 0.4417987763955086 7
0.40503742216047045 0.7352487743362462 0.9968431141953202 0.4057109937692246 0.5360192021052322 3
0.36117419098119663 0.8039799530443174 0.2647091725551989 0.6252166503718182 0.7698776071075816 8
0.3010541887113385 0.15319062108937997 0.94576597416735 0.5727205027661165 0.8927496700039267 8
0.36117419098119663 0.8039799530443174 0.2647091725551989 0.6252166503718182 0.7698776071075816 8
0.9964891958771267 0.5471985193922803 0.7010964267796187 0.764571036071909 0.25043839292625236 7
0.6873064853961927 0.6281467448145959 0.059917811274514676 0.5366205433431447 0.744149150834377 6
0.6873064853961927 0.6281467448145959 0.059917811274514676 0.5366205433431447 0.744149150834377 6
0.7980148083023427 0.2221907589567822 0.7350911830601783 0.874230731639056 0.9471786218208486 2
0.4223893215862162 0.3264711945124886 0.8755735340932964 0.9593775337406367 0.5861927014573566 3
0.0903636708541743 0.3070249853980628 0.8199747380407999 0.3846203208798965 0.4904218017160151 8
0.557651662192499 0.9845591009467759 0.020595192389275208 0.3359573137327273 0.9467301352470112 1
0.0903636708541743 0.3070249853980628 0.8199747380407999 0.3846203208798965 0.4904218017160151 8
0.38567097942931927 0.28937871943076277 0.9798230206834934 0.7431738893725499 0.37917038584483154 4
0.7895625434490106 0.8186476863193264 0.42664365594887055 0.7558709014100652 0.454898567040962 6
0.40503742216047045 0.7352487743362462 0.9968431141953202 0.4057109937692246 0.5360192021052322 3
0.08136331491846449 0.34460437282908796 0.26210145884569214 0.770969744032864 0.8510965987763887 7
0.7655813725112834 0.8635557041023625 0.4328198565966316 0.8383351808254222 0.31551578967039684 1
0.3010541887113385 0.15319062108937997 0.94576597416735 0.5727205027661165 0.8927496700039267 8
0.3010541887113385 0.15319062108937997 0.94576597416735 0.5727205027661165 0.8927496700039267 8
0.36117419098119663 0.8039799530443174 0.2647091725551989 0.6252166503718182 0.7698776071075816 8
0.36117419098119663 0.8039799530443174 0.2647091725551989 0.6252166503718182 0.7698776071075816 8
0.36117419098119663 0.8039799530443174 0.2647091725551989 0.6252166503718182 0.7698776071075816 8
0.648938263200229 0.20448897235763308 0.3191342655178149 0.6484817802597547 0.01523564514875353 6
0.6873064853961927 0.6281467448145959 0.059917811274514676 0.5366205433431447 0.744149150834377 6
0.6873064853961927 0.6281467448145959 0.059917811274514676 0.5366205433431447 0.744149150834377 6
0.6873064853961927 0.6281467448145959 0.059917811274514676 0.5366205433431447 0.744149150834377 6
0.17797365007305455 0.5027371877141691 0.292614495851097 0.23885755448935297 0.2823438265678121 1
0.38567097942931927 0.28937871943076277 0.9798230206834934 0.7431738893725499 0.37917038584483154 4
0.38567097942931927 0.28937871943076277 0.9798230206834934 0.7431738893725499 0.37917038584483154 4
0.7895625434490106 0.8186476863193264 0.42664365594887055 0.7558709014100652 0.454898567040962 6
0.40503742216047045 0.7352487743362462 0.9968431141953202 0.4057109937692246 0.5360192021052322 3
0.08136331491846449 0.34460437282908796 0.26210145884569214 0.770969744032864 0.8510965987763887 7
0.7655813725112834 0.8635557041023625 0.4328198565966316 0.8383351808254222 0.31551578967039684 1
0.3010541887113385 0.15319062108937997 0.94576597416735 0.5727205027661165 0.8927496700039267 8
0.36117419098119663 0.8039799530443174 0.2647091725551989 0.6252166503718182 0.7698776071075816 8
0.36117419098119663 0.8039799530443174 0.2647091725551989 0.6252166503718182 0.7698776071075816 8
0.36117419098119663 0.8039799530443174 0.2647091725551989 0.6252166503718182 0.7698776071075816 8
0.953089186390345 0.18233340222624372 0.9154105660734712 0.6677488000950161 0.312853524589475 2
0.4223893215862162 0.3264711945124886 0.8755735340932964 0.9593775337406367 0.5861927014573566 3
0.6873064853961927 0.6281467448145959 0.059917811274514676 0.5366205433431447 0.744149150834377 6
0.6873064853961927 0.6281467448145959 0.059917811274514676 0.5366205433431447 0.744149150834377 6
0.614719165058009 0.39919688580775936 0.1703888803711291 0.9761361827819596 0.36984260792635215 4
0.07056842970533095 0.37678514690505005 0.9167032588249823 0.5419161267900333 0.12120309770861215 7
0.0903636708541743 0.3070249853980628 0.8199747380407999 0.3846203208798965 0.4904218017160151 8
0.38567097942931927 0.28937871943076277 0.9798230206834934 0.7431738893725499 0.37917038584483154 4
0.40503742216047045 0.7352487743362462 0.9968431141953202 0.4057109937692246 0.5360192021052322 3
0.47041708389952563 0.20174125652607178 0.9229463346360279 0.03469454630895119 0.08132021881882368 1
0.5860522041455408 0.4778893575135399 0.793975446801848 0.7961072581242401 0.197964926837917 4
0.3010541887113385 0.15319062108937997 0.94576597416735 0.5727205027661165 0.8927496700039267 8
0.5860522041455408 0.4778893575135399 0.793975446801848 0.7961072581242401 0.197964926837917 4
0.18824997415676248 0.5355115404634536 0.48857284273934964 0.8834511445552913 0.4417987763955086 7
0.36117419098119663 0.8039799530443174 0.2647091725551989 0.6252166503718182 0.7698776071075816 8
0.36117419098119663 0.8039799530443174 0.2647091725551989 0.6252166503718182 0.7698776071075816 8
0.36117419098119663 0.8039799530443174 0.2647091725551989 0.6252166503718182 0.7698776071075816 8
0.648938263200229 0.20448897235763308 0.3191342655178149 0.6484817802597547 0.01523564514875353 6
0.6873064853961927 0.6281467448145959 0.059917811274514676 0.5366205433431447 0.744149150834377 6
0.953089186390345 0.18233340222624372 0.9154105660734712 0.6677488000950161 0.312853524589475 2
0.7980148083023427 0.2221907589567822 0.7350911830601783 0.874230731639056 0.9471786218208486 2
0.4223893215862162 0.3264711945124886 0.8755735340932964 0.9593775337406367 0.5861927014573566 3
0.38567097942931927 0.28937871943076277 0.9798230206834934 0.7431738893725499 0.37917038584483154 4
0.38567097942931927 0.28937871943076277 0.9798230206834934 0.7431738893725499 0.37917038584483154 4
0.38567097942931927 0.28937871943076277 0.9798230206834934 0.7431738893725499 0.37917038584483154 4
0.40503742216047045 0.7352487743362462 0.9968431141953202 0.4057109937692246 0.5360192021052322 3
0.08136331491846449 0.34460437282908796 0.26210145884569214 0.770969744032864 0.8510965987763887 7
0.7655813725112834 0.8635557041023625 0.4328198565966316 0.8383351808254222 0.31551578967039684 1
0.3010541887113385 0.15319062108937997 0.94576597416735 0.5727205027661165 0.8927496700039267 8
0.3010541887113385 0.15319062108937997 0.94576597416735 0.5727205027661165 0.8927496700039267 8
0.36117419098119663 0.8039799530443174 0.2647091725551989 0.6252166503718182 0.7698776071075816 8
0.36117419098119663 0.8039799530443174 0.2647091725551989 0.6252166503718182 0.7698776071075816 8
0.36117419098119663 0.8039799530443174 0.2647091725551989 0.6252166503718182 0.7698776071075816 8
0.9964891958771267 0.5471985193922803 0.7010964267796187 0.764571036071909 0.25043839292625236 7
0.6873064853961927 0.6281467448145959 0.059917811274514676 0.5366205433431447 0.744149150834377 6
0.953089186390345 0.18233340222624372 0.9154105660734712 0.6677488000950161 0.312853524589475 2
0.4223893215862162 0.3264711945124886 0.8755735340932964 0.9593775337406367 0.5861927014573566 3
0.17797365007305455 0.5027371877141691 0.292614495851097 0.23885755448935297 0.2823438265678121 1
0.0903636708541743 0.3070249853980628 0.8199747380407999 0.3846203208798965 0.4904218017160151 8
0.38567097942931927 0.28937871943076277 0.9798230206834934 0.7431738893725499 0.37917038584483154 4
0.7895625434490106 0.8186476863193264 0.42664365594887055 0.7558709014100652 0.454898567040962 6
0.40503742216047045 0.7352487743362462 0.9968431141953202 0.4057109937692246 0.5360192021052322 3
0.08136331491846449 0.34460437282908796 0.26210145884569214 0.770969744032864 0.8510965987763887 7
0.7655813725112834 0.8635557041023625 0.4328198565966316 0.8383351808254222 0.31551578967039684 1
0.3010541887113385 0.15319062108937997 0.94576597416735 0.5727205027661165 0.8927496700039267 8
0.5860522041455408 0.4778893575135399 0.793975446801848 0.7961072581242401 0.197964926837917 4
0.36117419098119663 0.8039799530443174 0.2647091725551989 0.6252166503718182 0.7698776071075816 8
0.3010541887113385 0.15319062108937997 0.94576597416735 0.5727205027661165 0.8927496700039267 8
0.36117419098119663 0.8039799530443174 0.2647091725551989 0.6252166503718182 0.7698776071075816 8
0.648938263200229 0.20448897235763308 0.3191342655178149 0.6484817802597547 0.01523564514875353 6
0.953089186390345 0.18233340222624372 0.9154105660734712 0.6677488000950161 0.312853524589475 2
0.953089186390345 0.18233340222624372 0.9154105660734712 0.6677488000950161 0.312853524589475 2
0.4223893215862162 0.3264711945124886 0.8755735340932964 0.9593775337406367 0.5861927014573566 3
0.17797365007305455 0.5027371877141691 0.292614495851097 0.23885755448935297 0.2823438265678121 1
0.0903636708541743 0.3070249853980628 0.8199747380407999 0.3846203208798965 0.4904218017160151 8
0.38567097942931927 0.28937871943076277 0.9798230206834934 0.7431738893725499 0.37917038584483154 4
0.7895625434490106 0.8186476863193264 0.42664365594887055 0.7558709014100652 0.454898567040962 6
0.40503742216047045 0.7352487743362462 0.9968431141953202 0.4057109937692246 0.5360192021052322 3
0.08136331491846449 0.34460437282908796 0.26210145884569214 0.770969744032864 0.8510965987763887 7
0.7655813725112834 0.8635557041023625 0.4328198565966316 0.8383351808254222 0.31551578967039684 1
0.3010541887113385 0.15319062108937997 0.94576597416735 0.5727205027661165 0.8927496700039267 8
0.5860522041455408 0.4778893575135399 0.793975446801848 0.7961072581242401 0.197964926837917 4
0.36117419098119663 0.8039799530443174 0.2647091725551989 0.6252166503718182 0.7698776071075816 8
0.3010541887113385 0.15319062108937997 0.94576597416735 0.5727205027661165 0.8927496700039267 8
0.36117419098119663 0.8039799530443174 0.2647091725551989 0.6252166503718182 0.7698776071075816 8
0.648938263200229 0.20448897235763308 0.3191342655178149 0.6484817802597547 0.01523564514875353 6
0.953089186390345 0.18233340222624372 0.9154105660734712 0.6677488000950161 0.312853524589475 2
0.953089186390345 0.18233340222624372 0.9154105660734712 0.6677488000950161 0.312853524589475 2
0.4223893215862162 0.3264711945124886 0.8755735340932964 0.9593775337406367 0.5861927014573566 3
0.17797365007305455 0.5027371877141691 0.292614495851097 0.23885755448935297 0.2823438265678121 1
0.0903636708541743 0.3070249853980628 0.8199747380407999 0.3846203208798965 0.4904218017160151 8
0.38567097942931927 0.28937871943076277 0.9798230206834934 0.7431738893725499 0.37917038584483154 4
0.7895625434490106 0.8186476863193264 0.42664365594887055 0.7558709014100652 0.454898567040962 6
0.47041708389952563 0.20174125652607178 0.9229463346360279 0.03469454630895119 0.08132021881882368 1
0.5860522041455408 0.4778893575135399 0.793975446801848 0.7961072581242401 0.197964926837917 4
0.7655813725112834 0.8635557041023625 0.4328198565966316 0.8383351808254222 0.31551578967039684 1
0.3010541887113385 0.15319062108937997 0.94576597416735 0.5727205027661165 0.8927496700039267 8
0.5860522041455408 0.4778893575135399 0.793975446801848 0.7961072581242401 0.197964926837917 4
0.36117419098119663 0.8039799530443174 0.2647091725551989 0.6252166503718182 0.7698776071075816 8
0.648938263200229 0.20448897235763308 0.3191342655178149 0.6484817802597547 0.01523564514875353 6
0.36117419098119663 0.8039799530443174 0.2647091725551989 0.6252166503718182 0.7698776071075816 8
0.9964891958771267 0.5471985193922803 0.7010964267796187 0.764571036071909 0.25043839292625236 7
0.6873064853961927 0.6281467448145959 0.059917811274514676 0.5366205433431447 0.744149150834377 6
0.953089186390345 0.18233340222624372 0.9154105660734712 0.6677488000950161 0.312853524589475 2
0.4223893215862162 0.3264711945124886 0.8755735340932964 0.9593775337406367 0.5861927014573566 3
0.17797365007305455 0.5027371877141691 0.292614495851097 0.23885755448935297 0.2823438265678121 1
0.0903636708541743 0.3070249853980628 0.8199747380407999 0.3846203208798965 0.4904218017160151 8
0.38567097942931927 0.28937871943076277 0.9798230206834934 0.7431738893725499 0.37917038584483154 4
0.7895625434490106 0.8186476863193264 0.42664365594887055 0.7558709014100652 0.454898567040962 6
0.47041708389952563 0.20174125652607178 0.9229463346360279 0.03469454630895119 0.08132021881882368 1
0.5860522041455408 0.4778893575135399 0.793975446801848 0.7961072581242401 0.197964926837917 4
0.7655813725112834 0.8635557041023625 0.4328198565966316 0.8383351808254222 0.31551578967039684 1
0.3010541887113385 0.15319062108937997 0.94576597416735 0.5727205027661165 0.8927496700039267 8
0.5860522041455408 0.4778893575135399 0.793975446801848 0.7961072581242401 0.197964926837917 4
0.36117419098119663 0.8039799530443174 0.2647091725551989 0.6252166503718182 0.7698776071075816 8
0.648938263200229 0.20448897235763308 0.3191342655178149 0.6484817802597547 0.01523564514875353 6
0.36117419098119663 0.8039799530443174 0.2647091725551989 0.6252166503718182 0.7698776071075816 8
0.9964891958771267 0.5471985193922803 0.7010964267796187 0.764571036071909 0.25043839292625236 7
0.6873064853961927 0.6281467448145959 0.059917811274514676 0.5366205433431447 0.744149150834377 6
0.953089186390345 0.18233340222624372 0.9154105660734712 0.6677488000950161 0.312853524589475 2
0.4223893215862162 0.3264711945124886 0.8755735340932964 0.9593775337406367 0.5861927014573566 3
0.17797365007305455 0.5027371877141691 0.292614495851097 0.23885755448935297 0.2823438265678121 1
0.0903636708541743 0.3070249853980628 0.8199747380407999 0.3846203208798965 0.4904218017160151 8
0.38567097942931927 0.28937871943076277 0.9798230206834934 0.7431738893725499 0.37917038584483154 4
0.38567097942931927 0.28937871943076277 0.9798230206834934 0.7431738893725499 0.37917038584483154 4
0.47041708389952563 0.20174125652607178 0.9229463346360279 0.03469454630895119 0.08132021881882368 1
0.08136331491846449 0.34460437282908796 0.26210145884569214 0.770969744032864 0.8510965987763887 7
0.7655813725112834 0.8635557041023625 0.4328198565966316 0.8383351808254222 0.31551578967039684 1
0.3010541887113385 0.15319062108937997 0.94576597416735 0.5727205027661165 0.8927496700039267 8
0.5860522041455408 0.4778893575135399 0.793975446801848 0.7961072581242401 0.197964926837917 4
0.36117419098119663 0.8039799530443174 0.2647091725551989 0.6252166503718182 0.7698776071075816 8
0.648938263200229 0.20448897235763308 0.3191342655178149 0.6484817802597547 0.01523564514875353 6
0.36117419098119663 0.8039799530443174 0.2647091725551989 0.6252166503718182 0.7698776071075816 8
0.9964891958771267 0.5471985193922803 0.7010964267796187 0.764571036071909 0.25043839292625236 7
0.953089186390345 0.18233340222624372 0.9154105660734712 0.6677488000950161 0.312853524589475 2
0.953089186390345 0.18233340222624372 0.9154105660734712 0.6677488000950161 0.312853524589475 2
0.4223893215862162 0.3264711945124886 0.8755735340932964 0.9593775337406367 0.5861927014573566 3
0.17797365007305455 0.5027371877141691 0.292614495851097 0.23885755448935297 0.2823438265678121 1
0.7992607520292797 0.8834643364256193 0.8212157135076027 0.05672292929287348 0.26630328510041157 4
0.0903636708541743 0.3070249853980628 0.8199747380407999 0.3846203208798965 0.4904218017160151 8
0.38567097942931927 0.28937871943076277 0.9798230206834934 0.7431738893725499 0.37917038584483154 4
0.7895625434490106 0.8186476863193264 0.42664365594887055 0.7558709014100652 0.454898567040962 6
0.47041708389952563 0.20174125652607178 0.9229463346360279 0.03469454630895119 0.08132021881882368 1
0.5860522041455408 0.4778893575135399 0.793975446801848 0.7961072581242401 0.197964926837917 4
0.7655813725112834 0.8635557041023625 0.4328198565966316 0.8383351808254222 0.31551578967039684 1
0.3010541887113385 0.15319062108937997 0.94576597416735 0.5727205027661165 0.8927496700039267 8
0.3010541887113385 0.15319062108937997 0.94576597416735 0.5727205027661165 0.8927496700039267 8
0.36117419098119663 0.8039799530443174 0.2647091725551989 0.6252166503718182 0.7698776071075816 8
0.36117419098119663 0.8039799530443174 0.2647091725551989 0.6252166503718182 0.7698776071075816 8
0.36117419098119663 0.8039799530443174 0.2647091725551989 0.6252166503718182 0.7698776071075816 8
0.648938263200229 0.20448897235763308 0.3191342655178149 0.6484817802597547 0.01523564514875353 6
0.6873064853961927 0.6281467448145959 0.059917811274514676 0.5366205433431447 0.744149150834377 6
0.953089186390345 0.18233340222624372 0.9154105660734712 0.6677488000950161 0.312853524589475 2
0.4223893215862162 0.3264711945124886 0.8755735340932964 0.9593775337406367 0.5861927014573566 3
0.17797365007305455 0.5027371877141691 0.292614495851097 0.23885755448935297 0.2823438265678121 1
0.0903636708541743 0.3070249853980628 0.8199747380407999 0.3846203208798965 0.4904218017160151 8
0.38567097942931927 0.28937871943076277 0.9798230206834934 0.7431738893725499 0.37917038584483154 4
0.7895625434490106 0.8186476863193264 0.42664365594887055 0.7558709014100652 0.454898567040962 6
0.40503742216047045 0.7352487743362462 0.9968431141953202 0.4057109937692246 0.5360192021052322 3
0.5860522041455408 0.4778893575135399 0.793975446801848 0.7961072581242401 0.197964926837917 4
0.7655813725112834 0.8635557041023625 0.4328198565966316 0.8383351808254222 0.31551578967039684 1
0.3010541887113385 0.15319062108937997 0.94576597416735 0.5727205027661165 0.8927496700039267 8
0.3010541887113385 0.15319062108937997 0.94576597416735 0.5727205027661165 0.8927496700039267 8
0.36117419098119663 0.8039799530443174 0.2647091725551989 0.6252166503718182 0.7698776071075816 8
0.36117419098119663 0.8039799530443174 0.2647091725551989 0.6252166503718182 0.7698776071075816 8
0.36117419098119663 0.8039799530443174 0.2647091725551989 0.6252166503718182 0.7698776071075816 8
0.648938263200229 0.20448897235763308 0.3191342655178149 0.6484817802597547 0.01523564514875353 6
0.953089186390345 0.18233340222624372 0.9154105660734712 0.6677488000950161 0.312853524589475 2
0.953089186390345 0.18233340222624372 0.9154105660734712 0.6677488000950161 0.312853524589475 2
0.4223893215862162 0.3264711945124886 0.8755735340932964 0.9593775337406367 0.5861927014573566 3
0.17797365007305455 0.5027371877141691 0.292614495851097 0.23885755448935297 0.2823438265678121 1
0.0903636708541743 0.3070249853980628 0.8199747380407999 0.3846203208798965 0.4904218017160151 8
0.38567097942931927 0.28937871943076277 0.9798230206834934 0.7431738893725499 0.37917038584483154 4
0.7895625434490106 0.8186476863193264 0.42664365594887055 0.7558709014100652 0.454898567040962 6
0.40503742216047045 0.7352487743362462 0.9968431141953202 0.4057109937692246 0.5360192021052322 3
0.08136331491846449 0.34460437282908796 0.26210145884569214 0.770969744032864 0.8510965987763887 7
0.7655813725112834 0.8635557041023625 0.4328198565966316 0.8383351808254222 0.31551578967039684 1
0.3010541887113385 0.15319062108937997 0.94576597416735 0.5727205027661165 0.8927496700039267 8
0.3010541887113385 0.15319062108937997 0.94576597416735 0.5727205027661165 0.8927496700039267 8
0.36117419098119663 0.8039799530443174 0.2647091725551989 0.6252166503718182 0.7698776071075816 8
0.36117419098119663 0.8039799530443174 0.2647091725551989 0.6252166503718182 0.7698776071075816 8
0.36117419098119663 0.8039799530443174 0.2647091725551989 0.6252166503718182 0.7698776071075816 8
0.648938263200229 0.20448897235763308 0.3191342655178149 0.6484817802597547 0.01523564514875353 6
0.6873064853961927 0.6281467448145959 0.059917811274514676 0.5366205433431447 0.744149150834377 6
0.953089186390345 0.18233340222624372 0.9154105660734712 0.6677488000950161 0.312853524589475 2
0.4223893215862162 0.3264711945124886 0.8755735340932964 0.9593775337406367 0.5861927014573566 3
0.17797365007305455 0.5027371877141691 0.292614495851097 0.23885755448935297 0.2823438265678121 1
0.38567097942931927 0.28937871943076277 0.9798230206834934 0.7431738893725499 0.37917038584483154 4
0.47041708389952563 0.20174125652607178 0.9229463346360279 0.03469454630895119 0.08132021881882368 1
0.5860522041455408 0.4778893575135399 0.793975446801848 0.7961072581242401 0.197964926837917 4
0.3010541887113385 0.15319062108937997 0.94576597416735 0.5727205027661165 0.8927496700039267 8
0.5860522041455408 0.4778893575135399 0.793975446801848 0.7961072581242401 0.197964926837917 4
0.18824997415676248 0.5355115404634536 0.48857284273934964 0.8834511445552913 0.4417987763955086 7
0.40503742216047045 0.7352487743362462 0.9968431141953202 0.4057109937692246 0.5360192021052322 3
0.36117419098119663 0.8039799530443174 0.2647091725551989 0.6252166503718182 0.7698776071075816 8
0.3010541887113385 0.15319062108937997 0.94576597416735 0.5727205027661165 0.8927496700039267 8
0.36117419098119663 0.8039799530443174 0.2647091725551989 0.6252166503718182 0.7698776071075816 8
0.9964891958771267 0.5471985193922803 0.7010964267796187 0.764571036071909 0.25043839292625236 7
0.6873064853961927 0.6281467448145959 0.059917811274514676 0.5366205433431447 0.744149150834377 6
0.953089186390345 0.18233340222624372 0.9154105660734712 0.6677488000950161 0.312853524589475 2
0.4223893215862162 0.3264711945124886 0.8755735340932964 0.9593775337406367 0.5861927014573566 3
0.17797365007305455 0.5027371877141691 0.292614495851097 0.23885755448935297 0.2823438265678121 1
0.557651662192499 0.9845591009467759 0.020595192389275208 0.3359573137327273 0.9467301352470112 1
0.0903636708541743 0.3070249853980628 0.8199747380407999 0.3846203208798965 0.4904218017160151 8
0.38567097942931927 0.28937871943076277 0.9798230206834934 0.7431738893725499 0.37917038584483154 4
0.7895625434490106 0.8186476863193264 0.42664365594887055 0.7558709014100652 0.454898567040962 6
0.40503742216047045 0.7352487743362462 0.9968431141953202 0.4057109937692246 0.5360192021052322 3
0.08136331491846449 0.34460437282908796 0.26210145884569214 0.770969744032864 0.8510965987763887 7
0.7655813725112834 0.8635557041023625 0.4328198565966316 0.8383351808254222 0.31551578967039684 1
0.3010541887113385 0.15319062108937997 0.94576597416735 0.5727205027661165 0.8927496700039267 8
0.3010541887113385 0.15319062108937997 0.94576597416735 0.5727205027661165 0.8927496700039267 8
0.36117419098119663 0.8039799530443174 0.2647091725551989 0.6252166503718182 0.7698776071075816 8
0.36117419098119663 0.8039799530443174 0.2647091725551989 0.6252166503718182 0.7698776071075816 8
0.36117419098119663 0.8039799530443174 0.2647091725551989 0.6252166503718182 0.7698776071075816 8
0.648938263200229 0.20448897235763308 0.3191342655178149 0.6484817802597547 0.01523564514875353 6
0.6873064853961927 0.6281467448145959 0.059917811274514676 0.5366205433431447 0.744149150834377 6
0.953089186390345 0.18233340222624372 0.9154105660734712 0.6677488000950161 0.312853524589475 2
0.4223893215862162 0.3264711945124886 0.8755735340932964 0.9593775337406367 0.5861927014573566 3
0.17797365007305455 0.5027371877141691 0.292614495851097 0.23885755448935297 0.2823438265678121 1
0.38567097942931927 0.28937871943076277 0.9798230206834934 0.7431738893725499 0.37917038584483154 4
0.7895625434490106 0.8186476863193264 0.42664365594887055 0.7558709014100652 0.454898567040962 6
0.40503742216047045 0.7352487743362462 0.9968431141953202 0.4057109937692246 0.5360192021052322 3
0.47041708389952563 0.20174125652607178 0.9229463346360279 0.03469454630895119 0.08132021881882368 1
0.5860522041455408 0.4778893575135399 0.793975446801848 0.7961072581242401 0.197964926837917 4
0.7655813725112834 0.8635557041023625 0.4328198565966316 0.8383351808254222 0.31551578967039684 1
0.5860522041455408 0.4778893575135399 0.793975446801848 0.7961072581242401 0.197964926837917 4
0.3010541887113385 0.15319062108937997 0.94576597416735 0.5727205027661165 0.8927496700039267 8
0.36117419098119663 0.8039799530443174 0.2647091725551989 0.6252166503718182 0.7698776071075816 8
0.36117419098119663 0.8039799530443174 0.2647091725551989 0.6252166503718182 0.7698776071075816 8
0.36117419098119663 0.8039799530443174 0.2647091725551989 0.6252166503718182 0.7698776071075816 8
0.648938263200229 0.20448897235763308 0.3191342655178149 0.6484817802597547 0.01523564514875353 6
0.953089186390345 0.18233340222624372 0.9154105660734712 0.6677488000950161 0.312853524589475 2
0.953089186390345 0.18233340222624372 0.9154105660734712 0.6677488000950161 0.312853524589475 2
0.4223893215862162 0.3264711945124886 0.8755735340932964 0.9593775337406367 0.5861927014573566 3
0.614719165058009 0.39919688580775936 0.1703888803711291 0.9761361827819596 0.36984260792635215 4
0.0903636708541743 0.3070249853980628 0.8199747380407999 0.3846203208798965 0.4904218017160151 8
0.0903636708541743 0.3070249853980628 0.8199747380407999 0.3846203208798965 0.4904218017160151 8
0.38567097942931927 0.28937871943076277 0.9798230206834934 0.7431738893725499 0.37917038584483154 4
0.7895625434490106 0.8186476863193264 0.42664365594887055 0.7558709014100652 0.454898567040962 6
0.40503742216047045 0.7352487743362462 0.9968431141953202 0.4057109937692246 0.5360192021052322 3
0.5860522041455408 0.4778893575135399 0.793975446801848 0.7961072581242401 0.197964926837917 4
0.7655813725112834 0.8635557041023625 0.4328198565966316 0.8383351808254222 0.31551578967039684 1
0.3010541887113385 0.15319062108937997 0.94576597416735 0.5727205027661165 0.8927496700039267 8
0.5860522041455408 0.4778893575135399 0.793975446801848 0.7961072581242401 0.197964926837917 4
0.36117419098119663 0.8039799530443174 0.2647091725551989 0.6252166503718182 0.7698776071075816 8
0.3010541887113385 0.15319062108937997 0.94576597416735 0.5727205027661165 0.8927496700039267 8
0.36117419098119663 0.8039799530443174 0.2647091725551989 0.6252166503718182 0.7698776071075816 8
0.648938263200229 0.20448897235763308 0.3191342655178149 0.6484817802597547 0.01523564514875353 6
0.953089186390345 0.18233340222624372 0.9154105660734712 0.6677488000950161 0.312853524589475 2
0.953089186390345 0.18233340222624372 0.9154105660734712 0.6677488000950161 0.312853524589475 2
0.4223893215862162 0.3264711945124886 0.8755735340932964 0.9593775337406367 0.5861927014573566 3
0.614719165058009 0.39919688580775936 0.1703888803711291 0.9761361827819596 0.36984260792635215 4
0.0903636708541743 0.3070249853980628 0.8199747380407999 0.3846203208798965 0.4904218017160151 8
0.38567097942931927 0.28937871943076277 0.9798230206834934 0.7431738893725499 0.37917038584483154 4
0.7895625434490106 0.8186476863193264 0.42664365594887055 0.7558709014100652 0.454898567040962 6
0.47041708389952563 0.20174125652607178 0.9229463346360279 0.03469454630895119 0.08132021881882368 1
0.5860522041455408 0.4778893575135399 0.793975446801848 0.7961072581242401 0.197964926837917 4
0.7655813725112834 0.8635557041023625 0.4328198565966316 0.8383351808254222 0.31551578967039684 1
0.3010541887113385 0.15319062108937997 0.94576597416735 0.5727205027661165 0.8927496700039267 8
0.5860522041455408 0.4778893575135399 0.793975446801848 0.7961072581242401 0.197964926837917 4
0.36117419098119663 0.8039799530443174 0.2647091725551989 0.6252166503718182 0.7698776071075816 8
0.3010541887113385 0.15319062108937997 0.94576597416735 0.5727205027661165 0.8927496700039267 8
0.36117419098119663 0.8039799530443174 0.2647091725551989 0.6252166503718182 0.7698776071075816 8
0.9964891958771267 0.5471985193922803 0.7010964267796187 0.764571036071909 0.25043839292625236 7
0.6873064853961927 0.6281467448145959 0.059917811274514676 0.5366205433431447 0.744149150834377 6
0.953089186390345 0.18233340222624372 0.9154105660734712 0.6677488000950161 0.312853524589475 2
0.6873064853961927 0.6281467448145959 0.059917811274514676 0.5366205433431447 0.744149150834377 6
0.17797365007305455 0.5027371877141691 0.292614495851097 0.23885755448935297 0.2823438265678121 1
0.38567097942931927 0.28937871943076277 0.9798230206834934 0.7431738893725499 0.37917038584483154 4
0.38567097942931927 0.28937871943076277 0.9798230206834934 0.7431738893725499 0.37917038584483154 4
0.7895625434490106 0.8186476863193264 0.42664365594887055 0.7558709014100652 0.454898567040962 6
0.40503742216047045 0.7352487743362462 0.9968431141953202 0.4057109937692246 0.5360192021052322 3
0.08136331491846449 0.34460437282908796 0.26210145884569214 0.770969744032864 0.8510965987763887 7
0.7655813725112834 0.8635557041023625 0.4328198565966316 0.8383351808254222 0.31551578967039684 1
0.3010541887113385 0.15319062108937997 0.94576597416735 0.5727205027661165 0.8927496700039267 8
0.3010541887113385 0.15319062108937997 0.94576597416735 0.5727205027661165 0.8927496700039267 8
0.36117419098119663 0.8039799530443174 0.2647091725551989 0.6252166503718182 0.7698776071075816 8
0.36117419098119663 0.8039799530443174 0.2647091725551989 0.6252166503718182 0.7698776071075816 8
0.36117419098119663 0.8039799530443174 0.2647091725551989 0.6252166503718182 0.7698776071075816 8
0.648938263200229 0.20448897235763308 0.3191342655178149 0.6484817802597547 0.01523564514875353 6
0.6873064853961927 0.6281467448145959 0.059917811274514676 0.5366205433431447 0.744149150834377 6
0.6873064853961927 0.6281467448145959 0.059917811274514676 0.5366205433431447 0.744149150834377 6
0.7980148083023427 0.2221907589567822 0.7350911830601783 0.874230731639056 0.9471786218208486 2
0.17797365007305455 0.5027371877141691 0.292614495851097 0.23885755448935297 0.2823438265678121 1
0.0903636708541743 0.3070249853980628 0.8199747380407999 0.3846203208798965 0.4904218017160151 8
0.0903636708541743 0.3070249853980628 0.8199747380407999 0.3846203208798965 0.4904218017160151 8
0.7895625434490106 0.8186476863193264 0.42664365594887055 0.7558709014100652 0.454898567040962 6
0.40503742216047045 0.7352487743362462 0.9968431141953202 0.4057109937692246 0.5360192021052322 3
0.5860522041455408 0.4778893575135399 0.793975446801848 0.7961072581242401 0.197964926837917 4
0.7655813725112834 0.8635557041023625 0.4328198565966316 0.8383351808254222 0.31551578967039684 1
0.3010541887113385 0.15319062108937997 0.94576597416735 0.5727205027661165 0.8927496700039267 8
0.3010541887113385 0.15319062108937997 0.94576597416735 0.5727205027661165 0.8927496700039267 8
0.36117419098119663 0.8039799530443174 0.2647091725551989 0.6252166503718182 0.7698776071075816 8
0.36117419098119663 0.8039799530443174 0.2647091725551989 0.6252166503718182 0.7698776071075816 8
0.36117419098119663 0.8039799530443174 0.2647091725551989 0.6252166503718182 0.7698776071075816 8
0.648938263200229 0.20448897235763308 0.3191342655178149 0.6484817802597547 0.01523564514875353 6
0.6873064853961927 0.6281467448145959 0.059917811274514676 0.5366205433431447 0.744149150834377 6
0.7925319962675211 0.637063925714535 0.36853977784087877 0.4220893337459384 0.2031656956799449 1
0.4223893215862162 0.3264711945124886 0.8755735340932964 0.9593775337406367 0.5861927014573566 3
0.614719165058009 0.39919688580775936 0.1703888803711291 0.9761361827819596 0.36984260792635215 4
0.0903636708541743 0.3070249853980628 0.8199747380407999 0.3846203208798965 0.4904218017160151 8
0.38567097942931927 0.28937871943076277 0.9798230206834934 0.7431738893725499 0.37917038584483154 4
0.7895625434490106 0.8186476863193264 0.42664365594887055 0.7558709014100652 0.454898567040962 6
0.40503742216047045 0.7352487743362462 0.9968431141953202 0.4057109937692246 0.5360192021052322 3
0.08136331491846449 0.34460437282908796 0.26210145884569214 0.770969744032864 0.8510965987763887 7
0.7655813725112834 0.8635557041023625 0.4328198565966316 0.8383351808254222 0.31551578967039684 1
0.3010541887113385 0.15319062108937997 0.94576597416735 0.5727205027661165 0.8927496700039267 8
0.5860522041455408 0.4778893575135399 0.793975446801848 0.7961072581242401 0.197964926837917 4
0.36117419098119663 0.8039799530443174 0.2647091725551989 0.6252166503718182 0.7698776071075816 8
0.648938263200229 0.20448897235763308 0.3191342655178149 0.6484817802597547 0.01523564514875353 6
0.36117419098119663 0.8039799530443174 0.2647091725551989 0.6252166503718182 0.7698776071075816 8
0.648938263200229 0.20448897235763308 0.3191342655178149 0.6484817802597547 0.01523564514875353 6
0.953089186390345 0.18233340222624372 0.9154105660734712 0.6677488000950161 0.312853524589475 2
0.953089186390345 0.18233340222624372 0.9154105660734712 0.6677488000950161 0.312853524589475 2
0.4223893215862162 0.3264711945124886 0.8755735340932964 0.9593775337406367 0.5861927014573566 3
0.17797365007305455 0.5027371877141691 0.292614495851097 0.23885755448935297 0.2823438265678121 1
0.7992607520292797 0.8834643364256193 0.8212157135076027 0.05672292929287348 0.26630328510041157 4
0.0903636708541743 0.3070249853980628 0.8199747380407999 0.3846203208798965 0.4904218017160151 8
0.38567097942931927 0.28937871943076277 0.9798230206834934 0.7431738893725499 0.37917038584483154 4
0.40503742216047045 0.7352487743362462 0.9968431141953202 0.4057109937692246 0.5360192021052322 3
0.40503742216047045 0.7352487743362462 0.9968431141953202 0.4057109937692246 0.5360192021052322 3
0.5860522041455408 0.4778893575135399 0.793975446801848 0.7961072581242401 0.197964926837917 4
0.3010541887113385 0.15319062108937997 0.94576597416735 0.5727205027661165 0.8927496700039267 8
0.5860522041455408 0.4778893575135399 0.793975446801848 0.7961072581242401 0.197964926837917 4
0.18824997415676248 0.5355115404634536 0.48857284273934964 0.8834511445552913 0.4417987763955086 7
0.36117419098119663 0.8039799530443174 0.2647091725551989 0.6252166503718182 0.7698776071075816 8
0.648938263200229 0.20448897235763308 0.3191342655178149 0.6484817802597547 0.01523564514875353 6
0.36117419098119663 0.8039799530443174 0.2647091725551989 0.6252166503718182 0.7698776071075816 8
0.648938263200229 0.20448897235763308 0.3191342655178149 0.6484817802597547 0.01523564514875353 6
0.7925319962675211 0.637063925714535 0.36853977784087877 0.4220893337459384 0.2031656956799449 1
0.953089186390345 0.18233340222624372 0.9154105660734712 0.6677488000950161 0.312853524589475 2
0.7980148083023427 0.2221907589567822 0.7350911830601783 0.874230731639056 0.9471786218208486 2
0.4223893215862162 0.3264711945124886 0.8755735340932964 0.9593775337406367 0.5861927014573566 3
0.0903636708541743 0.3070249853980628 0.8199747380407999 0.3846203208798965 0.4904218017160151 8
0.38567097942931927 0.28937871943076277 0.9798230206834934 0.7431738893725499 0.37917038584483154 4
0.7895625434490106 0.8186476863193264 0.42664365594887055 0.7558709014100652 0.454898567040962 6
0.40503742216047045 0.7352487743362462 0.9968431141953202 0.4057109937692246 0.5360192021052322 3
0.5860522041455408 0.4778893575135399 0.793975446801848 0.7961072581242401 0.197964926837917 4
0.7655813725112834 0.8635557041023625 0.4328198565966316 0.8383351808254222 0.31551578967039684 1
0.3010541887113385 0.15319062108937997 0.94576597416735 0.5727205027661165 0.8927496700039267 8
0.5860522041455408 0.4778893575135399 0.793975446801848 0.7961072581242401 0.197964926837917 4
0.36117419098119663 0.8039799530443174 0.2647091725551989 0.6252166503718182 0.7698776071075816 8
0.3010541887113385 0.15319062108937997 0.94576597416735 0.5727205027661165 0.8927496700039267 8
0.36117419098119663 0.8039799530443174 0.2647091725551989 0.6252166503718182 0.7698776071075816 8
0.648938263200229 0.20448897235763308 0.3191342655178149 0.6484817802597547 0.01523564514875353 6
0.953089186390345 0.18233340222624372 0.9154105660734712 0.6677488000950161 0.312853524589475 2
0.953089186390345 0.18233340222624372 0.9154105660734712 0.6677488000950161 0.312853524589475 2
0.4223893215862162 0.3264711945124886 0.8755735340932964 0.9593775337406367 0.5861927014573566 3
0.614719165058009 0.39919688580775936 0.1703888803711291 0.9761361827819596 0.36984260792635215 4
0.0903636708541743 0.3070249853980628 0.8199747380407999 0.3846203208798965 0.4904218017160151 8
0.38567097942931927 0.28937871943076277 0.9798230206834934 0.7431738893725499 0.37917038584483154 4
0.7895625434490106 0.8186476863193264 0.42664365594887055 0.7558709014100652 0.454898567040962 6
0.40503742216047045 0.7352487743362462 0.9968431141953202 0.4057109937692246 0.5360192021052322 3
0.08136331491846449 0.34460437282908796 0.26210145884569214 0.770969744032864 0.8510965987763887 7
0.7655813725112834 0.8635557041023625 0.4328198565966316 0.8383351808254222 0.31551578967039684 1
0.3010541887113385 0.15319062108937997 0.94576597416735 0.5727205027661165 0.8927496700039267 8
0.3010541887113385 0.15319062108937997 0.94576597416735 0.5727205027661165 0.8927496700039267 8
0.36117419098119663 0.8039799530443174 0.2647091725551989 0.6252166503718182 0.7698776071075816 8
0.36117419098119663 0.8039799530443174 0.2647091725551989 0.6252166503718182 0.7698776071075816 8
0.36117419098119663 0.8039799530443174 0.2647091725551989 0.6252166503718182 0.7698776071075816 8
0.648938263200229 0.20448897235763308 0.3191342655178149 0.6484817802597547 0.01523564514875353 6
0.6873064853961927 0.6281467448145959 0.059917811274514676 0.5366205433431447 0.744149150834377 6
0.953089186390345 0.18233340222624372 0.9154105660734712 0.6677488000950161 0.312853524589475 2
0.4223893215862162 0.3264711945124886 0.8755735340932964 0.9593775337406367 0.5861927014573566 3
0.17797365007305455 0.5027371877141691 0.292614495851097 0.23885755448935297 0.2823438265678121 1
0.0903636708541743 0.3070249853980628 0.8199747380407999 0.3846203208798965 0.4904218017160151 8
0.38567097942931927 0.28937871943076277 0.9798230206834934 0.7431738893725499 0.37917038584483154 4
0.7895625434490106 0.8186476863193264 0.42664365594887055 0.7558709014100652 0.454898567040962 6
0.40503742216047045 0.7352487743362462 0.9968431141953202 0.4057109937692246 0.5360192021052322 3
0.08136331491846449 0.34460437282908796 0.26210145884569214 0.770969744032864 0.8510965987763887 7
0.7655813725112834 0.8635557041023625 0.4328198565966316 0.8383351808254222 0.31551578967039684 1
0.3010541887113385 0.15319062108937997 0.94576597416735 0.5727205027661165 0.8927496700039267 8
0.3010541887113385 0.15319062108937997 0.94576597416735 0.5727205027661165 0.8927496700039267 8
0.36117419098119663 0.8039799530443174 0.2647091725551989 0.6252166503718182 0.7698776071075816 8
0.36117419098119663 0.8039799530443174 0.2647091725551989 0.6252166503718182 0.7698776071075816 8
0.36117419098119663 0.8039799530443174 0.2647091725551989 0.6252166503718182 0.7698776071075816 8
0.648938263200229 0.20448897235763308 0.3191342655178149 0.6484817802597547 0.01523564514875353 6
0.6873064853961927 0.6281467448145959 0.059917811274514676 0.5366205433431447 0.744149150834377 6
0.953089186390345 0.18233340222624372 0.9154105660734712 0.6677488000950161 0.312853524589475 2
0.4223893215862162 0.3264711945124886 0.8755735340932964 0.9593775337406367 0.5861927014573566 3
0.17797365007305455 0.5027371877141691 0.292614495851097 0.23885755448935297 0.2823438265678121 1
0.0903636708541743 0.3070249853980628 0.8199747380407999 0.3846203208798965 0.4904218017160151 8
0.38567097942931927 0.28937871943076277 0.9798230206834934 0.7431738893725499 0.37917038584483154 4
0.7895625434490106 0.8186476863193264 0.42664365594887055 0.7558709014100652 0.454898567040962 6
0.40503742216047045 0.7352487743362462 0.9968431141953202 0.4057109937692246 0.5360192021052322 3
0.5860522041455408 0.4778893575135399 0.793975446801848 0.7961072581242401 0.197964926837917 4
0.3010541887113385 0.15319062108937997 0.94576597416735 0.5727205027661165 0.8927496700039267 8
0.3010541887113385 0.15319062108937997 0.94576597416735 0.5727205027661165 0.8927496700039267 8
0.40503742216047045 0.7352487743362462 0.9968431141953202 0.4057109937692246 0.5360192021052322 3
0.36117419098119663 0.8039799530443174 0.2647091725551989 0.6252166503718182 0.7698776071075816 8
0.3010541887113385 0.15319062108937997 0.94576597416735 0.5727205027661165 0.8927496700039267 8
0.6873064853961927 0.6281467448145959 0.059917811274514676 0.5366205433431447 0.744149150834377 6
0.953089186390345 0.18233340222624372 0.9154105660734712 0.6677488000950161 0.312853524589475 2
0.6873064853961927 0.6281467448145959 0.059917811274514676 0.5366205433431447 0.744149150834377 6
0.6873064853961927 0.6281467448145959 0.059917811274514676 0.5366205433431447 0.744149150834377 6
0.614719165058009 0.39919688580775936 0.1703888803711291 0.9761361827819596 0.36984260792635215 4
0.07056842970533095 0.37678514690505005 0.9167032588249823 0.5419161267900333 0.12120309770861215 7
0.0903636708541743 0.3070249853980628 0.8199747380407999 0.3846203208798965 0.4904218017160151 8
0.38567097942931927 0.28937871943076277 0.9798230206834934 0.7431738893725499 0.37917038584483154 4
0.38567097942931927 0.28937871943076277 0.9798230206834934 0.7431738893725499 0.37917038584483154 4
0.47041708389952563 0.20174125652607178 0.9229463346360279 0.03469454630895119 0.08132021881882368 1
0.08136331491846449 0.34460437282908796 0.26210145884569214 0.770969744032864 0.8510965987763887 7
0.7655813725112834 0.8635557041023625 0.4328198565966316 0.8383351808254222 0.31551578967039684 1
0.3010541887113385 0.15319062108937997 0.94576597416735 0.5727205027661165 0.8927496700039267 8
0.3010541887113385 0.15319062108937997 0.94576597416735 0.5727205027661165 0.8927496700039267 8
0.36117419098119663 0.8039799530443174 0.2647091725551989 0.6252166503718182 0.7698776071075816 8
0.36117419098119663 0.8039799530443174 0.2647091725551989 0.6252166503718182 0.7698776071075816 8
0.36117419098119663 0.8039799530443174 0.2647091725551989 0.6252166503718182 0.7698776071075816 8
0.648938263200229 0.20448897235763308 0.3191342655178149 0.6484817802597547 0.01523564514875353 6
0.6873064853961927 0.6281467448145959 0.059917811274514676 0.5366205433431447 0.744149150834377 6
0.6873064853961927 0.6281467448145959 0.059917811274514676 0.5366205433431447 0.744149150834377 6
0.6873064853961927 0.6281467448145959 0.059917811274514676 0.5366205433431447 0.744149150834377 6
0.17797365007305455 0.5027371877141691 0.292614495851097 0.23885755448935297 0.2823438265678121 1
0.0903636708541743 0.3070249853980628 0.8199747380407999 0.3846203208798965 0.4904218017160151 8
0.38567097942931927 0.28937871943076277 0.9798230206834934 0.7431738893725499 0.37917038584483154 4
0.7895625434490106 0.8186476863193264 0.42664365594887055 0.7558709014100652 0.454898567040962 6
0.40503742216047045 0.7352487743362462 0.9968431141953202 0.4057109937692246 0.5360192021052322 3
0.08136331491846449 0.34460437282908796 0.26210145884569214 0.770969744032864 0.8510965987763887 7
0.7655813725112834 0.8635557041023625 0.4328198565966316 0.8383351808254222 0.31551578967039684 1
0.3010541887113385 0.15319062108937997 0.94576597416735 0.5727205027661165 0.8927496700039267 8
0.3010541887113385 0.15319062108937997 0.94576597416735 0.5727205027661165 0.8927496700039267 8
0.3010541887113385 0.15319062108937997 0.94576597416735 0.5727205027661165 0.8927496700039267 8
0.36117419098119663 0.8039799530443174 0.2647091725551989 0.6252166503718182 0.7698776071075816 8
0.9964891958771267 0.5471985193922803 0.7010964267796187 0.764571036071909 0.25043839292625236 7
0.648938263200229 0.20448897235763308 0.3191342655178149 0.6484817802597547 0.01523564514875353 6
0.6873064853961927 0.6281467448145959 0.059917811274514676 0.5366205433431447 0.744149150834377 6
0.6873064853961927 0.6281467448145959 0.059917811274514676 0.5366205433431447 0.744149150834377 6
0.6873064853961927 0.6281467448145959 0.059917811274514676 0.5366205433431447 0.744149150834377 6
0.17797365007305455 0.5027371877141691 0.292614495851097 0.23885755448935297 0.2823438265678121 1
0.38567097942931927 0.28937871943076277 0.9798230206834934 0.7431738893725499 0.37917038584483154 4
0.7895625434490106 0.8186476863193264 0.42664365594887055 0.7558709014100652 0.454898567040962 6
0.40503742216047045 0.7352487743362462 0.9968431141953202 0.4057109937692246 0.5360192021052322 3
0.5860522041455408 0.4778893575135399 0.793975446801848 0.7961072581242401 0.197964926837917 4
0.7655813725112834 0.8635557041023625 0.4328198565966316 0.8383351808254222 0.31551578967039684 1
0.3010541887113385 0.15319062108937997 0.94576597416735 0.5727205027661165 0.8927496700039267 8
0.5860522041455408 0.4778893575135399 0.793975446801848 0.7961072581242401 0.197964926837917 4
0.3010541887113385 0.15319062108937997 0.94576597416735 0.5727205027661165 0.8927496700039267 8
0.36117419098119663 0.8039799530443174 0.2647091725551989 0.6252166503718182 0.7698776071075816 8
0.36117419098119663 0.8039799530443174 0.2647091725551989 0.6252166503718182 0.7698776071075816 8
0.36117419098119663 0.8039799530443174 0.2647091725551989 0.6252166503718182 0.7698776071075816 8
0.648938263200229 0.20448897235763308 0.3191342655178149 0.6484817802597547 0.01523564514875353 6
0.953089186390345 0.18233340222624372 0.9154105660734712 0.6677488000950161 0.312853524589475 2
0.953089186390345 0.18233340222624372 0.9154105660734712 0.6677488000950161 0.312853524589475 2
0.4223893215862162 0.3264711945124886 0.8755735340932964 0.9593775337406367 0.5861927014573566 3
0.614719165058009 0.39919688580775936 0.1703888803711291 0.9761361827819596 0.36984260792635215 4
0.0903636708541743 0.3070249853980628 0.8199747380407999 0.3846203208798965 0.4904218017160151 8
