population 0 fitness 1.0010960842327337 years 30.0 length 16
population 1 fitness 1.0010960842327337 years 30.0 length 16
population 2 fitness 1.001217871369704 years 54.0 length 16
population 3 fitness 1.001217871369704 years 54.0 length 16
population 4 fitness 1.0011743759636431 years 28.0 length 16
population 5 fitness 1.0011743759636431 years 28.0 length 16
population 6 fitness 1.001217871369704 years 27.0 length 15
population 7 fitness 1.001217871369704 years 27.0 length 16
population 8 fitness 1.0011414384144952 years 26.0 length 16
population 9 fitness 1.0011414384144952 years 26.0 length 16
population 10 fitness 1.0011870959510751 years 25.0 length 16
population 11 fitness 1.0011870959510751 years 25.0 length 16
population 12 fitness 1.0013489726716764 years 44.0 length 16
population 13 fitness 1.0013489726716764 years 44.0 length 16
population 14 fitness 1.0012903216859512 years 23.0 length 16
population 15 fitness 1.0012903216859512 years 23.0 length 16
population 16 fitness 1.0013489726716762 years 22.0 length 16
population 17 fitness 1.0013489726716762 years 22.0 length 15
population 18 fitness 1.000374251497006 years 16.0 length 16
population 19 fitness 1.000374251497006 years 16.0 length 16
population 20 fitness 1.0 years 15.0 length 16
population 21 fitness 1.0 years 15.0 length 16
population 22 fitness 1.0 years 14.0 length 16
population 23 fitness 1.0 years 14.0 length 17
population 24 fitness 1.0 years 13.0 length 16
population 25 fitness 1.0 years 13.0 length 15
population 26 fitness 1.0 years 12.0 length 17
population 27 fitness 1.0 years 11.0 length 17
population 28 fitness 1.0 years 10.0 length 15
population 29 fitness 1.0 years 10.0 length 16
population 30 fitness 1.0 years 9.0 length 17
population 31 fitness 1.0 years 9.0 length 15
population 32 fitness 1.0 years 8.0 length 15
population 33 fitness 1.0 years 8.0 length 16
population 34 fitness 1.0 years 7.0 length 17
population 35 fitness 1.0 years 7.0 length 16
population 36 fitness 1.0 years 8.0 length 17
population 37 fitness 1.0 years 8.0 length 17
population 38 fitness 1.0 years 5.0 length 17
population 39 fitness 1.0 years 5.0 length 16

0.9953035085574123 0.3381089084878791 0.3639121342099372 0.017604276579503808 0.2564624115577042 3
0.45354274435124997 0.8279266456730529 0.225719019225045 0.9746716548580872 0.43733905798876105 8
0.45354274435124997 0.8279266456730529 0.225719019225045 0.9746716548580872 0.43733905798876105 8
0.9271162180816985 0.14198117545688405 0.5120468496537766 0.3532761932029571 0.2895627709005376 6
0.224077748689262 0.38641530371450905 0.3452179488539264 0.06823345279544657 0.12124173503956692 5
0.0412123827001466 0.6835069330846865 0.5736290400345911 0.23605954587153755 0.30079105859957533 1
0.645926526915395 0.20901138201646963 0.345390824146142 0.029491402402714417 0.19498041103556252 6
0.7126652720314582 0.7475856845322459 0.02156747071099341 0.29931594808892203 0.3564335330189433 7
0.5631047752182836 0.1309254775671923 0.22174455833307782 0.02710775612666838 0.44963668937593004 5
0.5935343516079317 0.9325053884551527 0.6026002203872988 0.27711253149848714 0.013970861604050921 4
0.33644987737697385 0.29899319733404106 0.44943443722787657 0.27003971953905115 0.8905947093297857 7
0.24337401118871593 0.2162969989459702 0.14847661963942838 0.3175427954811628 0.8674214563266951 8
0.5615645681121073 0.838045562900084 0.4704907034294732 0.8176266636914857 0.3352192015042186 5
0.8675901966167733 0.7518185151348596 0.7081830871777466 0.7764751548195828 0.8009720395149155 4
0.9953035085574123 0.3381089084878791 0.3639121342099372 0.017604276579503808 0.2564624115577042 3
0.9953035085574123 0.3381089084878791 0.3639121342099372 0.017604276579503808 0.2564624115577042 3
0.9953035085574123 0.3381089084878791 0.3639121342099372 0.017604276579503808 0.2564624115577042 3
0.8211545410560844 0.7387385443164151 0.5230583518170504 0.6140854107843864 0.8906261251195658 3
0.45354274435124997 0.8279266456730529 0.225719019225045 0.9746716548580872 0.43733905798876105 8
0.9271162180816985 0.14198117545688405 0.5120468496537766 0.3532761932029571 0.2895627709005376 6
0.224077748689262 0.38641530371450905 0.3452179488539264 0.06823345279544657 0.12124173503956692 5
0.0412123827001466 0.6835069330846865 0.5736290400345911 0.23605954587153755 0.30079105859957533 1
0.7126652720314582 0.7475856845322459 0.02156747071099341 0.29931594808892203 0.3564335330189433 7
0.7126652720314582 0.7475856845322459 0.02156747071099341 0.29931594808892203 0.3564335330189433 7
0.5935343516079317 0.9325053884551527 0.6026002203872988 0.27711253149848714 0.013970861604050921 4
0.5935343516079317 0.9325053884551527 0.6026002203872988 0.27711253149848714 0.013970861604050921 4
0.5184939325013617 0.4378886446185182 0.684307836221617 0.13830156527412663 0.7822826420185095 3
0.5184939325013617 0.4378886446185182 0.684307836221617 0.13830156527412663 0.7822826420185095 3
0.8769247997395042 0.9812797461542294 0.8556053028979393 0.8425379702956899 0.8819042491580574 4
0.8675901966167733 0.7518185151348596 0.7081830871777466 0.7764751548195828 0.8009720395149155 4
0.5184939325013617 0.4378886446185182 0.684307836221617 0.13830156527412663 0.7822826420185095 3
0.9953035085574123 0.3381089084878791 0.3639121342099372 0.017604276579503808 0.2564624115577042 3
0.9953035085574123 0.3381089084878791 0.3639121342099372 0.017604276579503808 0.2564624115577042 3
0.45354274435124997 0.8279266456730529 0.225719019225045 0.9746716548580872 0.43733905798876105 8
0.45354274435124997 0.8279266456730529 0.225719019225045 0.9746716548580872 0.43733905798876105 8
0.9271162180816985 0.14198117545688405 0.5120468496537766 0.3532761932029571 0.2895627709005376 6
0.020563857463900326 0.9526353777806172 0.10864915050898083 0.6112909132029442 0.7126271877827897 2
0.645926526915395 0.20901138201646963 0.345390824146142 0.029491402402714417 0.19498041103556252 6
0.39731820121021955 0.8754017071109907 0.43972759264038463 0.7270971879525413 0.43369088104892595 7
0.8430929403222145 0.7153622245771988 0.9935334572673694 0.58268161988838 0.9681760015589943 8
0.5631047752182836 0.1309254775671923 0.22174455833307782 0.02710775612666838 0.44963668937593004 5
0.5615645681121073 0.838045562900084 0.4704907034294732 0.8176266636914857 0.3352192015042186 5
0.33644987737697385 0.29899319733404106 0.44943443722787657 0.27003971953905115 0.8905947093297857 7
0.5184939325013617 0.4378886446185182 0.684307836221617 0.13830156527412663 0.7822826420185095 3
0.8769247997395042 0.9812797461542294 0.8556053028979393 0.8425379702956899 0.8819042491580574 4
0.5184939325013617 0.4378886446185182 0.684307836221617 0.13830156527412663 0.7822826420185095 3
0.5184939325013617 0.4378886446185182 0.684307836221617 0.13830156527412663 0.7822826420185095 3
0.9953035085574123 0.3381089084878791 0.3639121342099372 0.017604276579503808 0.2564624115577042 3
0.9953035085574123 0.3381089084878791 0.3639121342099372 0.017604276579503808 0.2564624115577042 3
0.45354274435124997 0.8279266456730529 0.225719019225045 0.9746716548580872 0.43733905798876105 8
0.45354274435124997 0.8279266456730529 0.225719019225045 0.9746716548580872 0.43733905798876105 8
0.9271162180816985 0.14198117545688405 0.5120468496537766 0.3532761932029571 0.2895627709005376 6
0.020563857463900326 0.9526353777806172 0.10864915050898083 0.6112909132029442 0.7126271877827897 2
0.645926526915395 0.20901138201646963 0.345390824146142 0.029491402402714417 0.19498041103556252 6
0.39731820121021955 0.8754017071109907 0.43972759264038463 0.7270971879525413 0.43369088104892595 7
0.8430929403222145 0.7153622245771988 0.9935334572673694 0.58268161988838 0.9681760015589943 8
0.5631047752182836 0.1309254775671923 0.22174455833307782 0.02710775612666838 0.44963668937593004 5
0.5615645681121073 0.838045562900084 0.4704907034294732 0.8176266636914857 0.3352192015042186 5
0.33644987737697385 0.29899319733404106 0.44943443722787657 0.27003971953905115 0.8905947093297857 7
0.5184939325013617 0.4378886446185182 0.684307836221617 0.13830156527412663 0.7822826420185095 3
0.8769247997395042 0.9812797461542294 0.8556053028979393 0.8425379702956899 0.8819042491580574 4
0.5184939325013617 0.4378886446185182 0.684307836221617 0.13830156527412663 0.7822826420185095 3
0.5184939325013617 0.4378886446185182 0.684307836221617 0.13830156527412663 0.7822826420185095 3
0.9953035085574123 0.3381089084878791 0.3639121342099372 0.017604276579503808 0.2564624115577042 3
0.9953035085574123 0.3381089084878791 0.3639121342099372 0.017604276579503808 0.2564624115577042 3
0.45354274435124997 0.8279266456730529 0.225719019225045 0.9746716548580872 0.43733905798876105 8
0.45354274435124997 0.8279266456730529 0.225719019225045 0.9746716548580872 0.43733905798876105 8
0.020563857463900326 0.9526353777806172 0.10864915050898083 0.6112909132029442 0.7126271877827897 2
0.224077748689262 0.38641530371450905 0.3452179488539264 0.06823345279544657 0.12124173503956692 5
0.8869469249721902 0.30776148995058816 0.8378837798436058 0.435592126819047 0.2597111569123458 7
0.39731820121021955 0.8754017071109907 0.43972759264038463 0.7270971879525413 0.43369088104892595 7
0.7126652720314582 0.7475856845322459 0.02156747071099341 0.29931594808892203 0.3564335330189433 7
0.5631047752182836 0.1309254775671923 0.22174455833307782 0.02710775612666838 0.44963668937593004 5
0.5935343516079317 0.9325053884551527 0.6026002203872988 0.27711253149848714 0.013970861604050921 4
0.33644987737697385 0.29899319733404106 0.44943443722787657 0.27003971953905115 0.8905947093297857 7
0.5615645681121073 0.838045562900084 0.4704907034294732 0.8176266636914857 0.3352192015042186 5
0.8769247997395042 0.9812797461542294 0.8556053028979393 0.8425379702956899 0.8819042491580574 4
0.5184939325013617 0.4378886446185182 0.684307836221617 0.13830156527412663 0.7822826420185095 3
0.9953035085574123 0.3381089084878791 0.3639121342099372 0.017604276579503808 0.2564624115577042 3
0.5482785155401655 0.7424801929061786 0.9026991440210893 0.07691072316776515 0.9694361580598966 8
0.9953035085574123 0.3381089084878791 0.3639121342099372 0.017604276579503808 0.2564624115577042 3
0.45354274435124997 0.8279266456730529 0.225719019225045 0.9746716548580872 0.43733905798876105 8
0.45354274435124997 0.8279266456730529 0.225719019225045 0.9746716548580872 0.43733905798876105 8
0.9271162180816985 0.14198117545688405 0.5120468496537766 0.3532761932029571 0.2895627709005376 6
0.224077748689262 0.38641530371450905 0.3452179488539264 0.06823345279544657 0.12124173503956692 5
0.0412123827001466 0.6835069330846865 0.5736290400345911 0.23605954587153755 0.30079105859957533 1
0.39731820121021955 0.8754017071109907 0.43972759264038463 0.7270971879525413 0.43369088104892595 7
0.7126652720314582 0.7475856845322459 0.02156747071099341 0.29931594808892203 0.3564335330189433 7
0.5935343516079317 0.9325053884551527 0.6026002203872988 0.27711253149848714 0.013970861604050921 4
0.5935343516079317 0.9325053884551527 0.6026002203872988 0.27711253149848714 0.013970861604050921 4
0.33644987737697385 0.29899319733404106 0.44943443722787657 0.27003971953905115 0.8905947093297857 7
0.5615645681121073 0.838045562900084 0.4704907034294732 0.8176266636914857 0.3352192015042186 5
0.8769247997395042 0.9812797461542294 0.8556053028979393 0.8425379702956899 0.8819042491580574 4
0.8675901966167733 0.7518185151348596 0.7081830871777466 0.7764751548195828 0.8009720395149155 4
0.33377120586630926 0.7345512855719605 0.44016437005531306 0.4255927426893369 0.5382881669386571 2
0.9953035085574123 0.3381089084878791 0.3639121342099372 0.017604276579503808 0.2564624115577042 3
0.9953035085574123 0.3381089084878791 0.3639121342099372 0.017604276579503808 0.2564624115577042 3
0.45354274435124997 0.8279266456730529 0.225719019225045 0.9746716548580872 0.43733905798876105 8
0.45354274435124997 0.8279266456730529 0.225719019225045 0.9746716548580872 0.43733905798876105 8
0.224077748689262 0.38641530371450905 0.3452179488539264 0.06823345279544657 0.12124173503956692 5
0.0412123827001466 0.6835069330846865 0.5736290400345911 0.23605954587153755 0.30079105859957533 1
0.7126652720314582 0.7475856845322459 0.02156747071099341 0.29931594808892203 0.3564335330189433 7
0.7126652720314582 0.7475856845322459 0.02156747071099341 0.29931594808892203 0.3564335330189433 7
0.5631047752182836 0.1309254775671923 0.22174455833307782 0.02710775612666838 0.44963668937593004 5
0.5935343516079317 0.9325053884551527 0.6026002203872988 0.27711253149848714 0.013970861604050921 4
0.33644987737697385 0.29899319733404106 0.44943443722787657 0.27003971953905115 0.8905947093297857 7
0.24337401118871593 0.2162969989459702 0.14847661963942838 0.3175427954811628 0.8674214563266951 8
0.8769247997395042 0.9812797461542294 0.8556053028979393 0.8425379702956899 0.8819042491580574 4
0.8675901966167733 0.7518185151348596 0.7081830871777466 0.7764751548195828 0.8009720395149155 4
0.01475161335206121 0.7686190255136603 0.38932068165746603 0.48832682389472004 0.2771825354192168 1
0.9953035085574123 0.3381089084878791 0.3639121342099372 0.017604276579503808 0.2564624115577042 3
0.9953035085574123 0.3381089084878791 0.3639121342099372 0.017604276579503808 0.2564624115577042 3
0.45354274435124997 0.8279266456730529 0.225719019225045 0.9746716548580872 0.43733905798876105 8
0.45354274435124997 0.8279266456730529 0.225719019225045 0.9746716548580872 0.43733905798876105 8
0.9271162180816985 0.14198117545688405 0.5120468496537766 0.3532761932029571 0.2895627709005376 6
0.224077748689262 0.38641530371450905 0.3452179488539264 0.06823345279544657 0.12124173503956692 5
0.0412123827001466 0.6835069330846865 0.5736290400345911 0.23605954587153755 0.30079105859957533 1
0.645926526915395 0.20901138201646963 0.345390824146142 0.029491402402714417 0.19498041103556252 6
0.8430929403222145 0.7153622245771988 0.9935334572673694 0.58268161988838 0.9681760015589943 8
0.5631047752182836 0.1309254775671923 0.22174455833307782 0.02710775612666838 0.44963668937593004 5
0.5935343516079317 0.9325053884551527 0.6026002203872988 0.27711253149848714 0.013970861604050921 4
0.33644987737697385 0.29899319733404106 0.44943443722787657 0.27003971953905115 0.8905947093297857 7
0.5615645681121073 0.838045562900084 0.4704907034294732 0.8176266636914857 0.3352192015042186 5
0.8769247997395042 0.9812797461542294 0.8556053028979393 0.8425379702956899 0.8819042491580574 4
0.8675901966167733 0.7518185151348596 0.7081830871777466 0.7764751548195828 0.8009720395149155 4
0.9953035085574123 0.3381089084878791 0.3639121342099372 0.017604276579503808 0.2564624115577042 3
0.9953035085574123 0.3381089084878791 0.3639121342099372 0.017604276579503808 0.2564624115577042 3
0.9953035085574123 0.3381089084878791 0.3639121342099372 0.017604276579503808 0.2564624115577042 3
0.8211545410560844 0.7387385443164151 0.5230583518170504 0.6140854107843864 0.8906261251195658 3
0.45354274435124997 0.8279266456730529 0.225719019225045 0.9746716548580872 0.43733905798876105 8
0.9271162180816985 0.14198117545688405 0.5120468496537766 0.3532761932029571 0.2895627709005376 6
0.224077748689262 0.38641530371450905 0.3452179488539264 0.06823345279544657 0.12124173503956692 5
0.0412123827001466 0.6835069330846865 0.5736290400345911 0.23605954587153755 0.30079105859957533 1
0.645926526915395 0.20901138201646963 0.345390824146142 0.029491402402714417 0.19498041103556252 6
0.8430929403222145 0.7153622245771988 0.9935334572673694 0.58268161988838 0.9681760015589943 8
0.5935343516079317 0.9325053884551527 0.6026002203872988 0.27711253149848714 0.013970861604050921 4
0.5615645681121073 0.838045562900084 0.4704907034294732 0.8176266636914857 0.3352192015042186 5
0.5184939325013617 0.4378886446185182 0.684307836221617 0.13830156527412663 0.7822826420185095 3
0.5184939325013617 0.4378886446185182 0.684307836221617 0.13830156527412663 0.7822826420185095 3
0.8769247997395042 0.9812797461542294 0.8556053028979393 0.8425379702956899 0.8819042491580574 4
0.8675901966167733 0.7518185151348596 0.7081830871777466 0.7764751548195828 0.8009720395149155 4
0.9953035085574123 0.3381089084878791 0.3639121342099372 0.017604276579503808 0.2564624115577042 3
0.9953035085574123 0.3381089084878791 0.3639121342099372 0.017604276579503808 0.2564624115577042 3
0.9953035085574123 0.3381089084878791 0.3639121342099372 0.017604276579503808 0.2564624115577042 3
0.8211545410560844 0.7387385443164151 0.5230583518170504 0.6140854107843864 0.8906261251195658 3
0.45354274435124997 0.8279266456730529 0.225719019225045 0.9746716548580872 0.43733905798876105 8
0.9271162180816985 0.14198117545688405 0.5120468496537766 0.3532761932029571 0.2895627709005376 6
0.224077748689262 0.38641530371450905 0.3452179488539264 0.06823345279544657 0.12124173503956692 5
0.0412123827001466 0.6835069330846865 0.5736290400345911 0.23605954587153755 0.30079105859957533 1
0.39731820121021955 0.8754017071109907 0.43972759264038463 0.7270971879525413 0.43369088104892595 7
0.7126652720314582 0.7475856845322459 0.02156747071099341 0.29931594808892203 0.3564335330189433 7
0.5631047752182836 0.1309254775671923 0.22174455833307782 0.02710775612666838 0.44963668937593004 5
0.5935343516079317 0.9325053884551527 0.6026002203872988 0.27711253149848714 0.013970861604050921 4
0.33644987737697385 0.29899319733404106 0.44943443722787657 0.27003971953905115 0.8905947093297857 7
0.24337401118871593 0.2162969989459702 0.14847661963942838 0.3175427954811628 0.8674214563266951 8
0.8769247997395042 0.9812797461542294 0.8556053028979393 0.8425379702956899 0.8819042491580574 4
0.5184939325013617 0.4378886446185182 0.684307836221617 0.13830156527412663 0.7822826420185095 3
0.9953035085574123 0.3381089084878791 0.3639121342099372 0.017604276579503808 0.2564624115577042 3
0.9953035085574123 0.3381089084878791 0.3639121342099372 0.017604276579503808 0.2564624115577042 3
0.8211545410560844 0.7387385443164151 0.5230583518170504 0.6140854107843864 0.8906261251195658 3
0.45354274435124997 0.8279266456730529 0.225719019225045 0.9746716548580872 0.43733905798876105 8
0.45354274435124997 0.8279266456730529 0.225719019225045 0.9746716548580872 0.43733905798876105 8
0.9271162180816985 0.14198117545688405 0.5120468496537766 0.3532761932029571 0.2895627709005376 6
0.224077748689262 0.38641530371450905 0.3452179488539264 0.06823345279544657 0.12124173503956692 5
0.0412123827001466 0.6835069330846865 0.5736290400345911 0.23605954587153755 0.30079105859957533 1
0.7126652720314582 0.7475856845322459 0.02156747071099341 0.29931594808892203 0.3564335330189433 7
0.7126652720314582 0.7475856845322459 0.02156747071099341 0.29931594808892203 0.3564335330189433 7
0.5935343516079317 0.9325053884551527 0.6026002203872988 0.27711253149848714 0.013970861604050921 4
0.33644987737697385 0.29899319733404106 0.44943443722787657 0.27003971953905115 0.8905947093297857 7
0.33644987737697385 0.29899319733404106 0.44943443722787657 0.27003971953905115 0.8905947093297857 7
0.24337401118871593 0.2162969989459702 0.14847661963942838 0.3175427954811628 0.8674214563266951 8
0.8769247997395042 0.9812797461542294 0.8556053028979393 0.8425379702956899 0.8819042491580574 4
0.8675901966167733 0.7518185151348596 0.7081830871777466 0.7764751548195828 0.8009720395149155 4
0.9953035085574123 0.3381089084878791 0.3639121342099372 0.017604276579503808 0.2564624115577042 3
0.9953035085574123 0.3381089084878791 0.3639121342099372 0.017604276579503808 0.2564624115577042 3
0.9953035085574123 0.3381089084878791 0.3639121342099372 0.017604276579503808 0.2564624115577042 3
0.45354274435124997 0.8279266456730529 0.225719019225045 0.9746716548580872 0.43733905798876105 8
0.45354274435124997 0.8279266456730529 0.225719019225045 0.9746716548580872 0.43733905798876105 8
0.9271162180816985 0.14198117545688405 0.5120468496537766 0.3532761932029571 0.2895627709005376 6
0.224077748689262 0.38641530371450905 0.3452179488539264 0.06823345279544657 0.12124173503956692 5
0.39731820121021955 0.8754017071109907 0.43972759264038463 0.7270971879525413 0.43369088104892595 7
0.645926526915395 0.20901138201646963 0.345390824146142 0.029491402402714417 0.19498041103556252 6
0.8430929403222145 0.7153622245771988 0.9935334572673694 0.58268161988838 0.9681760015589943 8
0.5631047752182836 0.1309254775671923 0.22174455833307782 0.02710775612666838 0.44963668937593004 5
0.5935343516079317 0.9325053884551527 0.6026002203872988 0.27711253149848714 0.013970861604050921 4
0.33644987737697385 0.29899319733404106 0.44943443722787657 0.27003971953905115 0.8905947093297857 7
0.8769247997395042 0.9812797461542294 0.8556053028979393 0.8425379702956899 0.8819042491580574 4
0.8769247997395042 0.9812797461542294 0.8556053028979393 0.8425379702956899 0.8819042491580574 4
0.01475161335206121 0.7686190255136603 0.38932068165746603 0.48832682389472004 0.2771825354192168 1
0.9953035085574123 0.3381089084878791 0.3639121342099372 0.017604276579503808 0.2564624115577042 3
0.9953035085574123 0.3381089084878791 0.3639121342099372 0.017604276579503808 0.2564624115577042 3
0.8211545410560844 0.7387385443164151 0.5230583518170504 0.6140854107843864 0.8906261251195658 3
0.45354274435124997 0.8279266456730529 0.225719019225045 0.9746716548580872 0.43733905798876105 8
0.45354274435124997 0.8279266456730529 0.225719019225045 0.9746716548580872 0.43733905798876105 8
0.224077748689262 0.38641530371450905 0.3452179488539264 0.06823345279544657 0.12124173503956692 5
0.224077748689262 0.38641530371450905 0.3452179488539264 0.06823345279544657 0.12124173503956692 5
0.645926526915395 0.20901138201646963 0.345390824146142 0.029491402402714417 0.19498041103556252 6
0.645926526915395 0.20901138201646963 0.345390824146142 0.029491402402714417 0.19498041103556252 6
0.7126652720314582 0.7475856845322459 0.02156747071099341 0.29931594808892203 0.3564335330189433 7
0.5631047752182836 0.1309254775671923 0.22174455833307782 0.02710775612666838 0.44963668937593004 5
0.5935343516079317 0.9325053884551527 0.6026002203872988 0.27711253149848714 0.013970861604050921 4
0.33644987737697385 0.29899319733404106 0.44943443722787657 0.27003971953905115 0.8905947093297857 7
0.24337401118871593 0.2162969989459702 0.14847661963942838 0.3175427954811628 0.8674214563266951 8
0.8769247997395042 0.9812797461542294 0.8556053028979393 0.8425379702956899 0.8819042491580574 4
0.8675901966167733 0.7518185151348596 0.7081830871777466 0.7764751548195828 0.8009720395149155 4
0.9953035085574123 0.3381089084878791 0.3639121342099372 0.017604276579503808 0.2564624115577042 3
0.9953035085574123 0.3381089084878791 0.3639121342099372 0.017604276579503808 0.2564624115577042 3
0.8211545410560844 0.7387385443164151 0.5230583518170504 0.6140854107843864 0.8906261251195658 3
0.45354274435124997 0.8279266456730529 0.225719019225045 0.9746716548580872 0.43733905798876105 8
0.45354274435124997 0.8279266456730529 0.225719019225045 0.9746716548580872 0.43733905798876105 8
0.224077748689262 0.38641530371450905 0.3452179488539264 0.06823345279544657 0.12124173503956692 5
0.224077748689262 0.38641530371450905 0.3452179488539264 0.06823345279544657 0.12124173503956692 5
0.645926526915395 0.20901138201646963 0.345390824146142 0.029491402402714417 0.19498041103556252 6
0.645926526915395 0.20901138201646963 0.345390824146142 0.029491402402714417 0.19498041103556252 6
0.7126652720314582 0.7475856845322459 0.02156747071099341 0.29931594808892203 0.3564335330189433 7
0.5631047752182836 0.1309254775671923 0.22174455833307782 0.02710775612666838 0.44963668937593004 5
0.5935343516079317 0.9325053884551527 0.6026002203872988 0.27711253149848714 0.013970861604050921 4
0.33644987737697385 0.29899319733404106 0.44943443722787657 0.27003971953905115 0.8905947093297857 7
0.24337401118871593 0.2162969989459702 0.14847661963942838 0.3175427954811628 0.8674214563266951 8
0.8769247997395042 0.9812797461542294 0.8556053028979393 0.8425379702956899 0.8819042491580574 4
0.8675901966167733 0.7518185151348596 0.7081830871777466 0.7764751548195828 0.8009720395149155 4
0.9953035085574123 0.3381089084878791 0.3639121342099372 0.017604276579503808 0.2564624115577042 3
0.9953035085574123 0.3381089084878791 0.3639121342099372 0.017604276579503808 0.2564624115577042 3
0.9953035085574123 0.3381089084878791 0.3639121342099372 0.017604276579503808 0.2564624115577042 3
0.45354274435124997 0.8279266456730529 0.225719019225045 0.9746716548580872 0.43733905798876105 8
0.45354274435124997 0.8279266456730529 0.225719019225045 0.9746716548580872 0.43733905798876105 8
0.224077748689262 0.38641530371450905 0.3452179488539264 0.06823345279544657 0.12124173503956692 5
0.0412123827001466 0.6835069330846865 0.5736290400345911 0.23605954587153755 0.30079105859957533 1
0.7126652720314582 0.7475856845322459 0.02156747071099341 0.29931594808892203 0.3564335330189433 7
0.645926526915395 0.20901138201646963 0.345390824146142 0.029491402402714417 0.19498041103556252 6
0.5631047752182836 0.1309254775671923 0.22174455833307782 0.02710775612666838 0.44963668937593004 5
0.5631047752182836 0.1309254775671923 0.22174455833307782 0.02710775612666838 0.44963668937593004 5
0.33644987737697385 0.29899319733404106 0.44943443722787657 0.27003971953905115 0.8905947093297857 7
0.24337401118871593 0.2162969989459702 0.14847661963942838 0.3175427954811628 0.8674214563266951 8
0.24337401118871593 0.2162969989459702 0.14847661963942838 0.3175427954811628 0.8674214563266951 8
0.8675901966167733 0.7518185151348596 0.7081830871777466 0.7764751548195828 0.8009720395149155 4
0.8675901966167733 0.7518185151348596 0.7081830871777466 0.7764751548195828 0.8009720395149155 4
0.9953035085574123 0.3381089084878791 0.3639121342099372 0.017604276579503808 0.2564624115577042 3
0.9953035085574123 0.3381089084878791 0.3639121342099372 0.017604276579503808 0.2564624115577042 3
0.9953035085574123 0.3381089084878791 0.3639121342099372 0.017604276579503808 0.2564624115577042 3
0.8211545410560844 0.7387385443164151 0.5230583518170504 0.6140854107843864 0.8906261251195658 3
0.45354274435124997 0.8279266456730529 0.225719019225045 0.9746716548580872 0.43733905798876105 8
0.9271162180816985 0.14198117545688405 0.5120468496537766 0.3532761932029571 0.2895627709005376 6
0.224077748689262 0.38641530371450905 0.3452179488539264 0.06823345279544657 0.12124173503956692 5
0.0412123827001466 0.6835069330846865 0.5736290400345911 0.23605954587153755 0.30079105859957533 1
0.7126652720314582 0.7475856845322459 0.02156747071099341 0.29931594808892203 0.3564335330189433 7
0.7126652720314582 0.7475856845322459 0.02156747071099341 0.29931594808892203 0.3564335330189433 7
0.5935343516079317 0.9325053884551527 0.6026002203872988 0.27711253149848714 0.013970861604050921 4
0.33644987737697385 0.29899319733404106 0.44943443722787657 0.27003971953905115 0.8905947093297857 7
0.33644987737697385 0.29899319733404106 0.44943443722787657 0.27003971953905115 0.8905947093297857 7
0.24337401118871593 0.2162969989459702 0.14847661963942838 0.3175427954811628 0.8674214563266951 8
0.8769247997395042 0.9812797461542294 0.8556053028979393 0.8425379702956899 0.8819042491580574 4
0.8675901966167733 0.7518185151348596 0.7081830871777466 0.7764751548195828 0.8009720395149155 4
0.9953035085574123 0.3381089084878791 0.3639121342099372 0.017604276579503808 0.2564624115577042 3
0.9953035085574123 0.3381089084878791 0.3639121342099372 0.017604276579503808 0.2564624115577042 3
0.9953035085574123 0.3381089084878791 0.3639121342099372 0.017604276579503808 0.2564624115577042 3
0.45354274435124997 0.8279266456730529 0.225719019225045 0.9746716548580872 0.43733905798876105 8
0.45354274435124997 0.8279266456730529 0.225719019225045 0.9746716548580872 0.43733905798876105 8
0.020563857463900326 0.9526353777806172 0.10864915050898083 0.6112909132029442 0.7126271877827897 2
0.224077748689262 0.38641530371450905 0.3452179488539264 0.06823345279544657 0.12124173503956692 5
0.0412123827001466 0.6835069330846865 0.5736290400345911 0.23605954587153755 0.30079105859957533 1
0.645926526915395 0.20901138201646963 0.345390824146142 0.029491402402714417 0.19498041103556252 6
0.7126652720314582 0.7475856845322459 0.02156747071099341 0.29931594808892203 0.3564335330189433 7
0.5631047752182836 0.1309254775671923 0.22174455833307782 0.02710775612666838 0.44963668937593004 5
0.5935343516079317 0.9325053884551527 0.6026002203872988 0.27711253149848714 0.013970861604050921 4
0.33644987737697385 0.29899319733404106 0.44943443722787657 0.27003971953905115 0.8905947093297857 7
0.5184939325013617 0.4378886446185182 0.684307836221617 0.13830156527412663 0.7822826420185095 3
0.8769247997395042 0.9812797461542294 0.8556053028979393 0.8425379702956899 0.8819042491580574 4
0.8675901966167733 0.7518185151348596 0.7081830871777466 0.7764751548195828 0.8009720395149155 4
0.9953035085574123 0.3381089084878791 0.3639121342099372 0.017604276579503808 0.2564624115577042 3
0.9953035085574123 0.3381089084878791 0.3639121342099372 0.017604276579503808 0.2564624115577042 3
0.9953035085574123 0.3381089084878791 0.3639121342099372 0.017604276579503808 0.2564624115577042 3
0.45354274435124997 0.8279266456730529 0.225719019225045 0.9746716548580872 0.43733905798876105 8
0.020563857463900326 0.9526353777806172 0.10864915050898083 0.6112909132029442 0.7126271877827897 2
0.224077748689262 0.38641530371450905 0.3452179488539264 0.06823345279544657 0.12124173503956692 5
0.0412123827001466 0.6835069330846865 0.5736290400345911 0.23605954587153755 0.30079105859957533 1
0.7126652720314582 0.7475856845322459 0.02156747071099341 0.29931594808892203 0.3564335330189433 7
0.7126652720314582 0.7475856845322459 0.02156747071099341 0.29931594808892203 0.3564335330189433 7
0.5631047752182836 0.1309254775671923 0.22174455833307782 0.02710775612666838 0.44963668937593004 5
0.5935343516079317 0.9325053884551527 0.6026002203872988 0.27711253149848714 0.013970861604050921 4
0.33644987737697385 0.29899319733404106 0.44943443722787657 0.27003971953905115 0.8905947093297857 7
0.8769247997395042 0.9812797461542294 0.8556053028979393 0.8425379702956899 0.8819042491580574 4
0.5615645681121073 0.838045562900084 0.4704907034294732 0.8176266636914857 0.3352192015042186 5
0.8675901966167733 0.7518185151348596 0.7081830871777466 0.7764751548195828 0.8009720395149155 4
0.01475161335206121 0.7686190255136603 0.38932068165746603 0.48832682389472004 0.2771825354192168 1
0.9953035085574123 0.3381089084878791 0.3639121342099372 0.017604276579503808 0.2564624115577042 3
0.8211545410560844 0.7387385443164151 0.5230583518170504 0.6140854107843864 0.8906261251195658 3
0.45354274435124997 0.8279266456730529 0.225719019225045 0.9746716548580872 0.43733905798876105 8
0.45354274435124997 0.8279266456730529 0.225719019225045 0.9746716548580872 0.43733905798876105 8
0.9271162180816985 0.14198117545688405 0.5120468496537766 0.3532761932029571 0.2895627709005376 6
0.224077748689262 0.38641530371450905 0.3452179488539264 0.06823345279544657 0.12124173503956692 5
0.0412123827001466 0.6835069330846865 0.5736290400345911 0.23605954587153755 0.30079105859957533 1
0.7126652720314582 0.7475856845322459 0.02156747071099341 0.29931594808892203 0.3564335330189433 7
0.8430929403222145 0.7153622245771988 0.9935334572673694 0.58268161988838 0.9681760015589943 8
0.5935343516079317 0.9325053884551527 0.6026002203872988 0.27711253149848714 0.013970861604050921 4
0.5615645681121073 0.838045562900084 0.4704907034294732 0.8176266636914857 0.3352192015042186 5
0.33644987737697385 0.29899319733404106 0.44943443722787657 0.27003971953905115 0.8905947093297857 7
0.24337401118871593 0.2162969989459702 0.14847661963942838 0.3175427954811628 0.8674214563266951 8
0.8769247997395042 0.9812797461542294 0.8556053028979393 0.8425379702956899 0.8819042491580574 4
0.01475161335206121 0.7686190255136603 0.38932068165746603 0.48832682389472004 0.2771825354192168 1
0.01475161335206121 0.7686190255136603 0.38932068165746603 0.48832682389472004 0.2771825354192168 1
0.9953035085574123 0.3381089084878791 0.3639121342099372 0.017604276579503808 0.2564624115577042 3
0.8211545410560844 0.7387385443164151 0.5230583518170504 0.6140854107843864 0.8906261251195658 3
0.45354274435124997 0.8279266456730529 0.225719019225045 0.9746716548580872 0.43733905798876105 8
0.45354274435124997 0.8279266456730529 0.225719019225045 0.9746716548580872 0.43733905798876105 8
0.020563857463900326 0.9526353777806172 0.10864915050898083 0.6112909132029442 0.7126271877827897 2
0.224077748689262 0.38641530371450905 0.3452179488539264 0.06823345279544657 0.12124173503956692 5
0.0412123827001466 0.6835069330846865 0.5736290400345911 0.23605954587153755 0.30079105859957533 1
0.645926526915395 0.20901138201646963 0.345390824146142 0.029491402402714417 0.19498041103556252 6
0.7126652720314582 0.7475856845322459 0.02156747071099341 0.29931594808892203 0.3564335330189433 7
0.5631047752182836 0.1309254775671923 0.22174455833307782 0.02710775612666838 0.44963668937593004 5
0.5935343516079317 0.9325053884551527 0.6026002203872988 0.27711253149848714 0.013970861604050921 4
0.33644987737697385 0.29899319733404106 0.44943443722787657 0.27003971953905115 0.8905947093297857 7
0.24337401118871593 0.2162969989459702 0.14847661963942838 0.3175427954811628 0.8674214563266951 8
0.8769247997395042 0.9812797461542294 0.8556053028979393 0.8425379702956899 0.8819042491580574 4
0.8675901966167733 0.7518185151348596 0.7081830871777466 0.7764751548195828 0.8009720395149155 4
0.9953035085574123 0.3381089084878791 0.3639121342099372 0.017604276579503808 0.2564624115577042 3
0.9953035085574123 0.3381089084878791 0.3639121342099372 0.017604276579503808 0.2564624115577042 3
0.9953035085574123 0.3381089084878791 0.3639121342099372 0.017604276579503808 0.2564624115577042 3
0.45354274435124997 0.8279266456730529 0.225719019225045 0.9746716548580872 0.43733905798876105 8
0.45354274435124997 0.8279266456730529 0.225719019225045 0.9746716548580872 0.43733905798876105 8
0.020563857463900326 0.9526353777806172 0.10864915050898083 0.6112909132029442 0.7126271877827897 2
0.224077748689262 0.38641530371450905 0.3452179488539264 0.06823345279544657 0.12124173503956692 5
0.0412123827001466 0.6835069330846865 0.5736290400345911 0.23605954587153755 0.30079105859957533 1
0.645926526915395 0.20901138201646963 0.345390824146142 0.029491402402714417 0.19498041103556252 6
0.7126652720314582 0.7475856845322459 0.02156747071099341 0.29931594808892203 0.3564335330189433 7
0.5631047752182836 0.1309254775671923 0.22174455833307782 0.02710775612666838 0.44963668937593004 5
0.5935343516079317 0.9325053884551527 0.6026002203872988 0.27711253149848714 0.013970861604050921 4
0.33644987737697385 0.29899319733404106 0.44943443722787657 0.27003971953905115 0.8905947093297857 7
0.24337401118871593 0.2162969989459702 0.14847661963942838 0.3175427954811628 0.8674214563266951 8
0.8769247997395042 0.9812797461542294 0.8556053028979393 0.8425379702956899 0.8819042491580574 4
0.8675901966167733 0.7518185151348596 0.7081830871777466 0.7764751548195828 0.8009720395149155 4
0.9953035085574123 0.3381089084878791 0.3639121342099372 0.017604276579503808 0.2564624115577042 3
0.5482785155401655 0.7424801929061786 0.9026991440210893 0.07691072316776515 0.9694361580598966 8
0.8211545410560844 0.7387385443164151 0.5230583518170504 0.6140854107843864 0.8906261251195658 3
0.45354274435124997 0.8279266456730529 0.225719019225045 0.9746716548580872 0.43733905798876105 8
0.45354274435124997 0.8279266456730529 0.225719019225045 0.9746716548580872 0.43733905798876105 8
0.020563857463900326 0.9526353777806172 0.10864915050898083 0.6112909132029442 0.7126271877827897 2
0.224077748689262 0.38641530371450905 0.3452179488539264 0.06823345279544657 0.12124173503956692 5
0.0412123827001466 0.6835069330846865 0.5736290400345911 0.23605954587153755 0.30079105859957533 1
0.39731820121021955 0.8754017071109907 0.43972759264038463 0.7270971879525413 0.43369088104892595 7
0.7126652720314582 0.7475856845322459 0.02156747071099341 0.29931594808892203 0.3564335330189433 7
0.5631047752182836 0.1309254775671923 0.22174455833307782 0.02710775612666838 0.44963668937593004 5
0.5935343516079317 0.9325053884551527 0.6026002203872988 0.27711253149848714 0.013970861604050921 4
0.33644987737697385 0.29899319733404106 0.44943443722787657 0.27003971953905115 0.8905947093297857 7
0.24337401118871593 0.2162969989459702 0.14847661963942838 0.3175427954811628 0.8674214563266951 8
0.5184939325013617 0.4378886446185182 0.684307836221617 0.13830156527412663 0.7822826420185095 3
0.9953035085574123 0.3381089084878791 0.3639121342099372 0.017604276579503808 0.2564624115577042 3
0.9953035085574123 0.3381089084878791 0.3639121342099372 0.017604276579503808 0.2564624115577042 3
0.4601353302131431 0.80284334124109 0.557126512140334 0.3990205019508505 0.04544456025321286 3
0.9953035085574123 0.3381089084878791 0.3639121342099372 0.017604276579503808 0.2564624115577042 3
0.45354274435124997 0.8279266456730529 0.225719019225045 0.9746716548580872 0.43733905798876105 8
0.45354274435124997 0.8279266456730529 0.225719019225045 0.9746716548580872 0.43733905798876105 8
0.9271162180816985 0.14198117545688405 0.5120468496537766 0.3532761932029571 0.2895627709005376 6
0.020563857463900326 0.9526353777806172 0.10864915050898083 0.6112909132029442 0.7126271877827897 2
0.645926526915395 0.20901138201646963 0.345390824146142 0.029491402402714417 0.19498041103556252 6
0.39731820121021955 0.8754017071109907 0.43972759264038463 0.7270971879525413 0.43369088104892595 7
0.8430929403222145 0.7153622245771988 0.9935334572673694 0.58268161988838 0.9681760015589943 8
0.5631047752182836 0.1309254775671923 0.22174455833307782 0.02710775612666838 0.44963668937593004 5
0.5935343516079317 0.9325053884551527 0.6026002203872988 0.27711253149848714 0.013970861604050921 4
0.33644987737697385 0.29899319733404106 0.44943443722787657 0.27003971953905115 0.8905947093297857 7
0.5184939325013617 0.4378886446185182 0.684307836221617 0.13830156527412663 0.7822826420185095 3
0.8769247997395042 0.9812797461542294 0.8556053028979393 0.8425379702956899 0.8819042491580574 4
0.01475161335206121 0.7686190255136603 0.38932068165746603 0.48832682389472004 0.2771825354192168 1
0.9953035085574123 0.3381089084878791 0.3639121342099372 0.017604276579503808 0.2564624115577042 3
0.9953035085574123 0.3381089084878791 0.3639121342099372 0.017604276579503808 0.2564624115577042 3
0.8211545410560844 0.7387385443164151 0.5230583518170504 0.6140854107843864 0.8906261251195658 3
0.45354274435124997 0.8279266456730529 0.225719019225045 0.9746716548580872 0.43733905798876105 8
0.45354274435124997 0.8279266456730529 0.225719019225045 0.9746716548580872 0.43733905798876105 8
0.224077748689262 0.38641530371450905 0.3452179488539264 0.06823345279544657 0.12124173503956692 5
0.224077748689262 0.38641530371450905 0.3452179488539264 0.06823345279544657 0.12124173503956692 5
0.645926526915395 0.20901138201646963 0.345390824146142 0.029491402402714417 0.19498041103556252 6
0.645926526915395 0.20901138201646963 0.345390824146142 0.029491402402714417 0.19498041103556252 6
0.7126652720314582 0.7475856845322459 0.02156747071099341 0.29931594808892203 0.3564335330189433 7
0.5935343516079317 0.9325053884551527 0.6026002203872988 0.27711253149848714 0.013970861604050921 4
0.5935343516079317 0.9325053884551527 0.6026002203872988 0.27711253149848714 0.013970861604050921 4
0.33644987737697385 0.29899319733404106 0.44943443722787657 0.27003971953905115 0.8905947093297857 7
0.24337401118871593 0.2162969989459702 0.14847661963942838 0.3175427954811628 0.8674214563266951 8
0.8769247997395042 0.9812797461542294 0.8556053028979393 0.8425379702956899 0.8819042491580574 4
0.8675901966167733 0.7518185151348596 0.7081830871777466 0.7764751548195828 0.8009720395149155 4
0.9953035085574123 0.3381089084878791 0.3639121342099372 0.017604276579503808 0.2564624115577042 3
0.9953035085574123 0.3381089084878791 0.3639121342099372 0.017604276579503808 0.2564624115577042 3
0.8350702959512172 0.037995680232806084 0.49443331311798566 0.7301185580622097 0.5499350406236059 2
0.8211545410560844 0.7387385443164151 0.5230583518170504 0.6140854107843864 0.8906261251195658 3
0.45354274435124997 0.8279266456730529 0.225719019225045 0.9746716548580872 0.43733905798876105 8
0.45354274435124997 0.8279266456730529 0.225719019225045 0.9746716548580872 0.43733905798876105 8
0.020563857463900326 0.9526353777806172 0.10864915050898083 0.6112909132029442 0.7126271877827897 2
0.224077748689262 0.38641530371450905 0.3452179488539264 0.06823345279544657 0.12124173503956692 5
0.0412123827001466 0.6835069330846865 0.5736290400345911 0.23605954587153755 0.30079105859957533 1
0.7126652720314582 0.7475856845322459 0.02156747071099341 0.29931594808892203 0.3564335330189433 7
0.8430929403222145 0.7153622245771988 0.9935334572673694 0.58268161988838 0.9681760015589943 8
0.5631047752182836 0.1309254775671923 0.22174455833307782 0.02710775612666838 0.44963668937593004 5
0.5935343516079317 0.9325053884551527 0.6026002203872988 0.27711253149848714 0.013970861604050921 4
0.33644987737697385 0.29899319733404106 0.44943443722787657 0.27003971953905115 0.8905947093297857 7
0.5615645681121073 0.838045562900084 0.4704907034294732 0.8176266636914857 0.3352192015042186 5
0.8769247997395042 0.9812797461542294 0.8556053028979393 0.8425379702956899 0.8819042491580574 4
0.8675901966167733 0.7518185151348596 0.7081830871777466 0.7764751548195828 0.8009720395149155 4
0.9953035085574123 0.3381089084878791 0.3639121342099372 0.017604276579503808 0.2564624115577042 3
0.9953035085574123 0.3381089084878791 0.3639121342099372 0.017604276579503808 0.2564624115577042 3
0.9953035085574123 0.3381089084878791 0.3639121342099372 0.017604276579503808 0.2564624115577042 3
0.45354274435124997 0.8279266456730529 0.225719019225045 0.9746716548580872 0.43733905798876105 8
0.45354274435124997 0.8279266456730529 0.225719019225045 0.9746716548580872 0.43733905798876105 8
0.224077748689262 0.38641530371450905 0.3452179488539264 0.06823345279544657 0.12124173503956692 5
0.0412123827001466 0.6835069330846865 0.5736290400345911 0.23605954587153755 0.30079105859957533 1
0.7126652720314582 0.7475856845322459 0.02156747071099341 0.29931594808892203 0.3564335330189433 7
0.39731820121021955 0.8754017071109907 0.43972759264038463 0.7270971879525413 0.43369088104892595 7
0.7126652720314582 0.7475856845322459 0.02156747071099341 0.29931594808892203 0.3564335330189433 7
0.5935343516079317 0.9325053884551527 0.6026002203872988 0.27711253149848714 0.013970861604050921 4
0.33644987737697385 0.29899319733404106 0.44943443722787657 0.27003971953905115 0.8905947093297857 7
0.24337401118871593 0.2162969989459702 0.14847661963942838 0.3175427954811628 0.8674214563266951 8
0.8769247997395042 0.9812797461542294 0.8556053028979393 0.8425379702956899 0.8819042491580574 4
0.8675901966167733 0.7518185151348596 0.7081830871777466 0.7764751548195828 0.8009720395149155 4
0.01475161335206121 0.7686190255136603 0.38932068165746603 0.48832682389472004 0.2771825354192168 1
0.9953035085574123 0.3381089084878791 0.3639121342099372 0.017604276579503808 0.2564624115577042 3
0.9953035085574123 0.3381089084878791 0.3639121342099372 0.017604276579503808 0.2564624115577042 3
0.45354274435124997 0.8279266456730529 0.225719019225045 0.9746716548580872 0.43733905798876105 8
0.45354274435124997 0.8279266456730529 0.225719019225045 0.9746716548580872 0.43733905798876105 8
0.020563857463900326 0.9526353777806172 0.10864915050898083 0.6112909132029442 0.7126271877827897 2
0.224077748689262 0.38641530371450905 0.3452179488539264 0.06823345279544657 0.12124173503956692 5
0.0412123827001466 0.6835069330846865 0.5736290400345911 0.23605954587153755 0.30079105859957533 1
0.39731820121021955 0.8754017071109907 0.43972759264038463 0.7270971879525413 0.43369088104892595 7
0.8430929403222145 0.7153622245771988 0.9935334572673694 0.58268161988838 0.9681760015589943 8
0.5631047752182836 0.1309254775671923 0.22174455833307782 0.02710775612666838 0.44963668937593004 5
0.5935343516079317 0.9325053884551527 0.6026002203872988 0.27711253149848714 0.013970861604050921 4
0.33644987737697385 0.29899319733404106 0.44943443722787657 0.27003971953905115 0.8905947093297857 7
0.5615645681121073 0.838045562900084 0.4704907034294732 0.8176266636914857 0.3352192015042186 5
0.8769247997395042 0.9812797461542294 0.8556053028979393 0.8425379702956899 0.8819042491580574 4
0.5184939325013617 0.4378886446185182 0.684307836221617 0.13830156527412663 0.7822826420185095 3
0.9953035085574123 0.3381089084878791 0.3639121342099372 0.017604276579503808 0.2564624115577042 3
0.41138719978496807 0.1230111876311808 0.10529252505285236 0.7967975935858448 0.6842166803449514 4
0.10487791827912263 0.6729620758322313 0.9685070844925019 0.6131286137586849 0.3784611791505673 8
0.45354274435124997 0.8279266456730529 0.225719019225045 0.9746716548580872 0.43733905798876105 8
0.45354274435124997 0.8279266456730529 0.225719019225045 0.9746716548580872 0.43733905798876105 8
0.45354274435124997 0.8279266456730529 0.225719019225045 0.9746716548580872 0.43733905798876105 8
0.224077748689262 0.38641530371450905 0.3452179488539264 0.06823345279544657 0.12124173503956692 5
0.224077748689262 0.38641530371450905 0.3452179488539264 0.06823345279544657 0.12124173503956692 5
0.645926526915395 0.20901138201646963 0.345390824146142 0.029491402402714417 0.19498041103556252 6
0.645926526915395 0.20901138201646963 0.345390824146142 0.029491402402714417 0.19498041103556252 6
0.7126652720314582 0.7475856845322459 0.02156747071099341 0.29931594808892203 0.3564335330189433 7
0.5935343516079317 0.9325053884551527 0.6026002203872988 0.27711253149848714 0.013970861604050921 4
0.5935343516079317 0.9325053884551527 0.6026002203872988 0.27711253149848714 0.013970861604050921 4
0.33644987737697385 0.29899319733404106 0.44943443722787657 0.27003971953905115 0.8905947093297857 7
0.24337401118871593 0.2162969989459702 0.14847661963942838 0.3175427954811628 0.8674214563266951 8
0.8769247997395042 0.9812797461542294 0.8556053028979393 0.8425379702956899 0.8819042491580574 4
0.8675901966167733 0.7518185151348596 0.7081830871777466 0.7764751548195828 0.8009720395149155 4
0.33377120586630926 0.7345512855719605 0.44016437005531306 0.4255927426893369 0.5382881669386571 2
0.9953035085574123 0.3381089084878791 0.3639121342099372 0.017604276579503808 0.2564624115577042 3
0.9953035085574123 0.3381089084878791 0.3639121342099372 0.017604276579503808 0.2564624115577042 3
0.45354274435124997 0.8279266456730529 0.225719019225045 0.9746716548580872 0.43733905798876105 8
0.45354274435124997 0.8279266456730529 0.225719019225045 0.9746716548580872 0.43733905798876105 8
0.9271162180816985 0.14198117545688405 0.5120468496537766 0.3532761932029571 0.2895627709005376 6
0.224077748689262 0.38641530371450905 0.3452179488539264 0.06823345279544657 0.12124173503956692 5
0.0412123827001466 0.6835069330846865 0.5736290400345911 0.23605954587153755 0.30079105859957533 1
0.645926526915395 0.20901138201646963 0.345390824146142 0.029491402402714417 0.19498041103556252 6
0.8430929403222145 0.7153622245771988 0.9935334572673694 0.58268161988838 0.9681760015589943 8
0.5935343516079317 0.9325053884551527 0.6026002203872988 0.27711253149848714 0.013970861604050921 4
0.5615645681121073 0.838045562900084 0.4704907034294732 0.8176266636914857 0.3352192015042186 5
0.5184939325013617 0.4378886446185182 0.684307836221617 0.13830156527412663 0.7822826420185095 3
0.5184939325013617 0.4378886446185182 0.684307836221617 0.13830156527412663 0.7822826420185095 3
0.8769247997395042 0.9812797461542294 0.8556053028979393 0.8425379702956899 0.8819042491580574 4
0.8675901966167733 0.7518185151348596 0.7081830871777466 0.7764751548195828 0.8009720395149155 4
0.9953035085574123 0.3381089084878791 0.3639121342099372 0.017604276579503808 0.2564624115577042 3
0.36510964866061624 0.02581792865962107 0.41393512821490286 0.09202603210410631 0.7568456604741742 5
0.4037035227223743 0.7123602590202232 0.5495200363692445 0.16721992090632276 0.7939752222634037 5
0.45354274435124997 0.8279266456730529 0.225719019225045 0.9746716548580872 0.43733905798876105 8
0.45354274435124997 0.8279266456730529 0.225719019225045 0.9746716548580872 0.43733905798876105 8
0.9271162180816985 0.14198117545688405 0.5120468496537766 0.3532761932029571 0.2895627709005376 6
0.224077748689262 0.38641530371450905 0.3452179488539264 0.06823345279544657 0.12124173503956692 5
0.0412123827001466 0.6835069330846865 0.5736290400345911 0.23605954587153755 0.30079105859957533 1
0.645926526915395 0.20901138201646963 0.345390824146142 0.029491402402714417 0.19498041103556252 6
0.8430929403222145 0.7153622245771988 0.9935334572673694 0.58268161988838 0.9681760015589943 8
0.5631047752182836 0.1309254775671923 0.22174455833307782 0.02710775612666838 0.44963668937593004 5
0.5935343516079317 0.9325053884551527 0.6026002203872988 0.27711253149848714 0.013970861604050921 4
0.33644987737697385 0.29899319733404106 0.44943443722787657 0.27003971953905115 0.8905947093297857 7
0.24337401118871593 0.2162969989459702 0.14847661963942838 0.3175427954811628 0.8674214563266951 8
0.8769247997395042 0.9812797461542294 0.8556053028979393 0.8425379702956899 0.8819042491580574 4
0.8675901966167733 0.7518185151348596 0.7081830871777466 0.7764751548195828 0.8009720395149155 4
0.33377120586630926 0.7345512855719605 0.44016437005531306 0.4255927426893369 0.5382881669386571 2
0.9953035085574123 0.3381089084878791 0.3639121342099372 0.017604276579503808 0.2564624115577042 3
0.8211545410560844 0.7387385443164151 0.5230583518170504 0.6140854107843864 0.8906261251195658 3
0.45354274435124997 0.8279266456730529 0.225719019225045 0.9746716548580872 0.43733905798876105 8
0.020563857463900326 0.9526353777806172 0.10864915050898083 0.6112909132029442 0.7126271877827897 2
0.020563857463900326 0.9526353777806172 0.10864915050898083 0.6112909132029442 0.7126271877827897 2
0.224077748689262 0.38641530371450905 0.3452179488539264 0.06823345279544657 0.12124173503956692 5
0.0412123827001466 0.6835069330846865 0.5736290400345911 0.23605954587153755 0.30079105859957533 1
0.39731820121021955 0.8754017071109907 0.43972759264038463 0.7270971879525413 0.43369088104892595 7
0.7126652720314582 0.7475856845322459 0.02156747071099341 0.29931594808892203 0.3564335330189433 7
0.5935343516079317 0.9325053884551527 0.6026002203872988 0.27711253149848714 0.013970861604050921 4
0.33644987737697385 0.29899319733404106 0.44943443722787657 0.27003971953905115 0.8905947093297857 7
0.8769247997395042 0.9812797461542294 0.8556053028979393 0.8425379702956899 0.8819042491580574 4
0.5615645681121073 0.838045562900084 0.4704907034294732 0.8176266636914857 0.3352192015042186 5
0.8675901966167733 0.7518185151348596 0.7081830871777466 0.7764751548195828 0.8009720395149155 4
0.01475161335206121 0.7686190255136603 0.38932068165746603 0.48832682389472004 0.2771825354192168 1
0.9953035085574123 0.3381089084878791 0.3639121342099372 0.017604276579503808 0.2564624115577042 3
0.9953035085574123 0.3381089084878791 0.3639121342099372 0.017604276579503808 0.2564624115577042 3
0.45354274435124997 0.8279266456730529 0.225719019225045 0.9746716548580872 0.43733905798876105 8
0.45354274435124997 0.8279266456730529 0.225719019225045 0.9746716548580872 0.43733905798876105 8
0.45354274435124997 0.8279266456730529 0.225719019225045 0.9746716548580872 0.43733905798876105 8
0.9271162180816985 0.14198117545688405 0.5120468496537766 0.3532761932029571 0.2895627709005376 6
0.224077748689262 0.38641530371450905 0.3452179488539264 0.06823345279544657 0.12124173503956692 5
0.0412123827001466 0.6835069330846865 0.5736290400345911 0.23605954587153755 0.30079105859957533 1
0.645926526915395 0.20901138201646963 0.345390824146142 0.029491402402714417 0.19498041103556252 6
0.8430929403222145 0.7153622245771988 0.9935334572673694 0.58268161988838 0.9681760015589943 8
0.5935343516079317 0.9325053884551527 0.6026002203872988 0.27711253149848714 0.013970861604050921 4
0.5615645681121073 0.838045562900084 0.4704907034294732 0.8176266636914857 0.3352192015042186 5
0.5184939325013617 0.4378886446185182 0.684307836221617 0.13830156527412663 0.7822826420185095 3
0.5184939325013617 0.4378886446185182 0.684307836221617 0.13830156527412663 0.7822826420185095 3
0.8769247997395042 0.9812797461542294 0.8556053028979393 0.8425379702956899 0.8819042491580574 4
0.8675901966167733 0.7518185151348596 0.7081830871777466 0.7764751548195828 0.8009720395149155 4
0.9953035085574123 0.3381089084878791 0.3639121342099372 0.017604276579503808 0.2564624115577042 3
0.36510964866061624 0.02581792865962107 0.41393512821490286 0.09202603210410631 0.7568456604741742 5
0.9953035085574123 0.3381089084878791 0.3639121342099372 0.017604276579503808 0.2564624115577042 3
0.45354274435124997 0.8279266456730529 0.225719019225045 0.9746716548580872 0.43733905798876105 8
0.9271162180816985 0.14198117545688405 0.5120468496537766 0.3532761932029571 0.2895627709005376 6
0.224077748689262 0.38641530371450905 0.3452179488539264 0.06823345279544657 0.12124173503956692 5
0.0412123827001466 0.6835069330846865 0.5736290400345911 0.23605954587153755 0.30079105859957533 1
0.7126652720314582 0.7475856845322459 0.02156747071099341 0.29931594808892203 0.3564335330189433 7
0.8430929403222145 0.7153622245771988 0.9935334572673694 0.58268161988838 0.9681760015589943 8
0.5935343516079317 0.9325053884551527 0.6026002203872988 0.27711253149848714 0.013970861604050921 4
0.5935343516079317 0.9325053884551527 0.6026002203872988 0.27711253149848714 0.013970861604050921 4
0.5184939325013617 0.4378886446185182 0.684307836221617 0.13830156527412663 0.7822826420185095 3
0.8769247997395042 0.9812797461542294 0.8556053028979393 0.8425379702956899 0.8819042491580574 4
0.5615645681121073 0.838045562900084 0.4704907034294732 0.8176266636914857 0.3352192015042186 5
0.8675901966167733 0.7518185151348596 0.7081830871777466 0.7764751548195828 0.8009720395149155 4
0.01475161335206121 0.7686190255136603 0.38932068165746603 0.48832682389472004 0.2771825354192168 1
0.9953035085574123 0.3381089084878791 0.3639121342099372 0.017604276579503808 0.2564624115577042 3
0.8211545410560844 0.7387385443164151 0.5230583518170504 0.6140854107843864 0.8906261251195658 3
0.45354274435124997 0.8279266456730529 0.225719019225045 0.9746716548580872 0.43733905798876105 8
0.9271162180816985 0.14198117545688405 0.5120468496537766 0.3532761932029571 0.2895627709005376 6
0.9271162180816985 0.14198117545688405 0.5120468496537766 0.3532761932029571 0.2895627709005376 6
0.224077748689262 0.38641530371450905 0.3452179488539264 0.06823345279544657 0.12124173503956692 5
0.645926526915395 0.20901138201646963 0.345390824146142 0.029491402402714417 0.19498041103556252 6
0.7126652720314582 0.7475856845322459 0.02156747071099341 0.29931594808892203 0.3564335330189433 7
0.7126652720314582 0.7475856845322459 0.02156747071099341 0.29931594808892203 0.3564335330189433 7
0.5615645681121073 0.838045562900084 0.4704907034294732 0.8176266636914857 0.3352192015042186 5
0.5184939325013617 0.4378886446185182 0.684307836221617 0.13830156527412663 0.7822826420185095 3
0.33644987737697385 0.29899319733404106 0.44943443722787657 0.27003971953905115 0.8905947093297857 7
0.24337401118871593 0.2162969989459702 0.14847661963942838 0.3175427954811628 0.8674214563266951 8
0.8675901966167733 0.7518185151348596 0.7081830871777466 0.7764751548195828 0.8009720395149155 4
0.8675901966167733 0.7518185151348596 0.7081830871777466 0.7764751548195828 0.8009720395149155 4
0.36510964866061624 0.02581792865962107 0.41393512821490286 0.09202603210410631 0.7568456604741742 5
0.9953035085574123 0.3381089084878791 0.3639121342099372 0.017604276579503808 0.2564624115577042 3
0.9953035085574123 0.3381089084878791 0.3639121342099372 0.017604276579503808 0.2564624115577042 3
0.8211545410560844 0.7387385443164151 0.5230583518170504 0.6140854107843864 0.8906261251195658 3
0.020563857463900326 0.9526353777806172 0.10864915050898083 0.6112909132029442 0.7126271877827897 2
0.020563857463900326 0.9526353777806172 0.10864915050898083 0.6112909132029442 0.7126271877827897 2
0.224077748689262 0.38641530371450905 0.3452179488539264 0.06823345279544657 0.12124173503956692 5
0.0412123827001466 0.6835069330846865 0.5736290400345911 0.23605954587153755 0.30079105859957533 1
0.39731820121021955 0.8754017071109907 0.43972759264038463 0.7270971879525413 0.43369088104892595 7
0.7126652720314582 0.7475856845322459 0.02156747071099341 0.29931594808892203 0.3564335330189433 7
0.5631047752182836 0.1309254775671923 0.22174455833307782 0.02710775612666838 0.44963668937593004 5
0.5935343516079317 0.9325053884551527 0.6026002203872988 0.27711253149848714 0.013970861604050921 4
0.8769247997395042 0.9812797461542294 0.8556053028979393 0.8425379702956899 0.8819042491580574 4
0.5615645681121073 0.838045562900084 0.4704907034294732 0.8176266636914857 0.3352192015042186 5
0.8675901966167733 0.7518185151348596 0.7081830871777466 0.7764751548195828 0.8009720395149155 4
0.01475161335206121 0.7686190255136603 0.38932068165746603 0.48832682389472004 0.2771825354192168 1
0.9953035085574123 0.3381089084878791 0.3639121342099372 0.017604276579503808 0.2564624115577042 3
0.9953035085574123 0.3381089084878791 0.3639121342099372 0.017604276579503808 0.2564624115577042 3
0.45354274435124997 0.8279266456730529 0.225719019225045 0.9746716548580872 0.43733905798876105 8
0.8211545410560844 0.7387385443164151 0.5230583518170504 0.6140854107843864 0.8906261251195658 3
0.45354274435124997 0.8279266456730529 0.225719019225045 0.9746716548580872 0.43733905798876105 8
0.9271162180816985 0.14198117545688405 0.5120468496537766 0.3532761932029571 0.2895627709005376 6
0.224077748689262 0.38641530371450905 0.3452179488539264 0.06823345279544657 0.12124173503956692 5
0.645926526915395 0.20901138201646963 0.345390824146142 0.029491402402714417 0.19498041103556252 6
0.39731820121021955 0.8754017071109907 0.43972759264038463 0.7270971879525413 0.43369088104892595 7
0.7126652720314582 0.7475856845322459 0.02156747071099341 0.29931594808892203 0.3564335330189433 7
0.5631047752182836 0.1309254775671923 0.22174455833307782 0.02710775612666838 0.44963668937593004 5
0.5184939325013617 0.4378886446185182 0.684307836221617 0.13830156527412663 0.7822826420185095 3
0.33644987737697385 0.29899319733404106 0.44943443722787657 0.27003971953905115 0.8905947093297857 7
0.24337401118871593 0.2162969989459702 0.14847661963942838 0.3175427954811628 0.8674214563266951 8
0.8769247997395042 0.9812797461542294 0.8556053028979393 0.8425379702956899 0.8819042491580574 4
0.8675901966167733 0.7518185151348596 0.7081830871777466 0.7764751548195828 0.8009720395149155 4
0.36510964866061624 0.02581792865962107 0.41393512821490286 0.09202603210410631 0.7568456604741742 5
0.9953035085574123 0.3381089084878791 0.3639121342099372 0.017604276579503808 0.2564624115577042 3
0.042341794372430575 0.2786159665729112 0.5762418158722022 0.8958089962926798 0.1515846449712075 3
0.45354274435124997 0.8279266456730529 0.225719019225045 0.9746716548580872 0.43733905798876105 8
0.45354274435124997 0.8279266456730529 0.225719019225045 0.9746716548580872 0.43733905798876105 8
0.020563857463900326 0.9526353777806172 0.10864915050898083 0.6112909132029442 0.7126271877827897 2
0.224077748689262 0.38641530371450905 0.3452179488539264 0.06823345279544657 0.12124173503956692 5
0.0412123827001466 0.6835069330846865 0.5736290400345911 0.23605954587153755 0.30079105859957533 1
0.39731820121021955 0.8754017071109907 0.43972759264038463 0.7270971879525413 0.43369088104892595 7
0.39731820121021955 0.8754017071109907 0.43972759264038463 0.7270971879525413 0.43369088104892595 7
0.7126652720314582 0.7475856845322459 0.02156747071099341 0.29931594808892203 0.3564335330189433 7
0.5631047752182836 0.1309254775671923 0.22174455833307782 0.02710775612666838 0.44963668937593004 5
0.5935343516079317 0.9325053884551527 0.6026002203872988 0.27711253149848714 0.013970861604050921 4
0.8769247997395042 0.9812797461542294 0.8556053028979393 0.8425379702956899 0.8819042491580574 4
0.5615645681121073 0.838045562900084 0.4704907034294732 0.8176266636914857 0.3352192015042186 5
0.8675901966167733 0.7518185151348596 0.7081830871777466 0.7764751548195828 0.8009720395149155 4
0.01475161335206121 0.7686190255136603 0.38932068165746603 0.48832682389472004 0.2771825354192168 1
0.9953035085574123 0.3381089084878791 0.3639121342099372 0.017604276579503808 0.2564624115577042 3
0.4601353302131431 0.80284334124109 0.557126512140334 0.3990205019508505 0.04544456025321286 3
0.8211545410560844 0.7387385443164151 0.5230583518170504 0.6140854107843864 0.8906261251195658 3
0.45354274435124997 0.8279266456730529 0.225719019225045 0.9746716548580872 0.43733905798876105 8
0.45354274435124997 0.8279266456730529 0.225719019225045 0.9746716548580872 0.43733905798876105 8
0.020563857463900326 0.9526353777806172 0.10864915050898083 0.6112909132029442 0.7126271877827897 2
0.224077748689262 0.38641530371450905 0.3452179488539264 0.06823345279544657 0.12124173503956692 5
0.0412123827001466 0.6835069330846865 0.5736290400345911 0.23605954587153755 0.30079105859957533 1
0.39731820121021955 0.8754017071109907 0.43972759264038463 0.7270971879525413 0.43369088104892595 7
0.39731820121021955 0.8754017071109907 0.43972759264038463 0.7270971879525413 0.43369088104892595 7
0.7126652720314582 0.7475856845322459 0.02156747071099341 0.29931594808892203 0.3564335330189433 7
0.5631047752182836 0.1309254775671923 0.22174455833307782 0.02710775612666838 0.44963668937593004 5
0.5935343516079317 0.9325053884551527 0.6026002203872988 0.27711253149848714 0.013970861604050921 4
0.8769247997395042 0.9812797461542294 0.8556053028979393 0.8425379702956899 0.8819042491580574 4
0.5615645681121073 0.838045562900084 0.4704907034294732 0.8176266636914857 0.3352192015042186 5
0.8675901966167733 0.7518185151348596 0.7081830871777466 0.7764751548195828 0.8009720395149155 4
0.01475161335206121 0.7686190255136603 0.38932068165746603 0.48832682389472004 0.2771825354192168 1
0.9953035085574123 0.3381089084878791 0.3639121342099372 0.017604276579503808 0.2564624115577042 3
0.4601353302131431 0.80284334124109 0.557126512140334 0.3990205019508505 0.04544456025321286 3
0.8211545410560844 0.7387385443164151 0.5230583518170504 0.6140854107843864 0.8906261251195658 3
0.45354274435124997 0.8279266456730529 0.225719019225045 0.9746716548580872 0.43733905798876105 8
0.45354274435124997 0.8279266456730529 0.225719019225045 0.9746716548580872 0.43733905798876105 8
0.020563857463900326 0.9526353777806172 0.10864915050898083 0.6112909132029442 0.7126271877827897 2
0.224077748689262 0.38641530371450905 0.3452179488539264 0.06823345279544657 0.12124173503956692 5
0.0412123827001466 0.6835069330846865 0.5736290400345911 0.23605954587153755 0.30079105859957533 1
0.39731820121021955 0.8754017071109907 0.43972759264038463 0.7270971879525413 0.43369088104892595 7
0.39731820121021955 0.8754017071109907 0.43972759264038463 0.7270971879525413 0.43369088104892595 7
0.7126652720314582 0.7475856845322459 0.02156747071099341 0.29931594808892203 0.3564335330189433 7
0.5631047752182836 0.1309254775671923 0.22174455833307782 0.02710775612666838 0.44963668937593004 5
0.5935343516079317 0.9325053884551527 0.6026002203872988 0.27711253149848714 0.013970861604050921 4
0.33644987737697385 0.29899319733404106 0.44943443722787657 0.27003971953905115 0.8905947093297857 7
0.24337401118871593 0.2162969989459702 0.14847661963942838 0.3175427954811628 0.8674214563266951 8
0.8769247997395042 0.9812797461542294 0.8556053028979393 0.8425379702956899 0.8819042491580574 4
0.8675901966167733 0.7518185151348596 0.7081830871777466 0.7764751548195828 0.8009720395149155 4
0.9953035085574123 0.3381089084878791 0.3639121342099372 0.017604276579503808 0.2564624115577042 3
0.9953035085574123 0.3381089084878791 0.3639121342099372 0.017604276579503808 0.2564624115577042 3
0.8211545410560844 0.7387385443164151 0.5230583518170504 0.6140854107843864 0.8906261251195658 3
0.41138719978496807 0.1230111876311808 0.10529252505285236 0.7967975935858448 0.6842166803449514 4
0.03982904151216782 0.9369118727959502 0.7902373435186941 0.5081712441335555 0.5480176063680494 1
0.8211545410560844 0.7387385443164151 0.5230583518170504 0.6140854107843864 0.8906261251195658 3
0.020563857463900326 0.9526353777806172 0.10864915050898083 0.6112909132029442 0.7126271877827897 2
0.45354274435124997 0.8279266456730529 0.225719019225045 0.9746716548580872 0.43733905798876105 8
0.020563857463900326 0.9526353777806172 0.10864915050898083 0.6112909132029442 0.7126271877827897 2
0.224077748689262 0.38641530371450905 0.3452179488539264 0.06823345279544657 0.12124173503956692 5
0.0412123827001466 0.6835069330846865 0.5736290400345911 0.23605954587153755 0.30079105859957533 1
0.39731820121021955 0.8754017071109907 0.43972759264038463 0.7270971879525413 0.43369088104892595 7
0.33644987737697385 0.29899319733404106 0.44943443722787657 0.27003971953905115 0.8905947093297857 7
0.24337401118871593 0.2162969989459702 0.14847661963942838 0.3175427954811628 0.8674214563266951 8
0.8769247997395042 0.9812797461542294 0.8556053028979393 0.8425379702956899 0.8819042491580574 4
0.8769247997395042 0.9812797461542294 0.8556053028979393 0.8425379702956899 0.8819042491580574 4
0.5184939325013617 0.4378886446185182 0.684307836221617 0.13830156527412663 0.7822826420185095 3
0.9953035085574123 0.3381089084878791 0.3639121342099372 0.017604276579503808 0.2564624115577042 3
0.9953035085574123 0.3381089084878791 0.3639121342099372 0.017604276579503808 0.2564624115577042 3
