population 0 fitness 1.0048609581723267 years 46.0 length 17
population 1 fitness 1.0048609581723267 years 46.0 length 17
population 2 fitness 1.0049689794650452 years 45.0 length 18
population 3 fitness 1.0049689794650452 years 45.0 length 17
population 4 fitness 1.004982099922755 years 41.0 length 17
population 5 fitness 1.004982099922755 years 41.0 length 17
population 6 fitness 1.0048615095386628 years 37.0 length 17
population 7 fitness 1.0048615095386628 years 37.0 length 17
population 8 fitness 1.0049965514702923 years 36.0 length 18
population 9 fitness 1.0049965514702923 years 36.0 length 17
population 10 fitness 1.0045722617828732 years 48.0 length 17
population 11 fitness 1.0045722617828732 years 48.0 length 17
population 12 fitness 1.0047710557734328 years 46.0 length 16
population 13 fitness 1.0047710557734328 years 46.0 length 16
population 14 fitness 1.004572261782873 years 24.0 length 18
population 15 fitness 1.004572261782873 years 24.0 length 17
population 16 fitness 1.0047710557734326 years 23.0 length 18
population 17 fitness 1.0047710557734326 years 23.0 length 16
population 18 fitness 1.004987921944952 years 22.0 length 16
population 19 fitness 1.004987921944952 years 22.0 length 17
population 20 fitness 1.0050700474727807 years 20.0 length 16
population 21 fitness 1.0050700474727807 years 20.0 length 16
population 22 fitness 1.0050850663400208 years 19.0 length 17
population 23 fitness 1.0050850663400208 years 19.0 length 17
population 24 fitness 1.003436103140506 years 12.0 length 17
population 25 fitness 1.003436103140506 years 12.0 length 16
population 26 fitness 1.0037484761532791 years 11.0 length 16
population 27 fitness 1.0037484761532791 years 11.0 length 17
population 28 fitness 1.0017423713876545 years 10.0 length 18
population 29 fitness 1.0017423713876545 years 10.0 length 17
population 30 fitness 1.0019359682085052 years 9.0 length 17
population 31 fitness 1.0019359682085052 years 9.0 length 18
population 32 fitness 1.0022123893805308 years 12.0 length 16
population 33 fitness 1.0022123893805308 years 12.0 length 16
population 34 fitness 1.0 years 7.0 length 17
population 35 fitness 1.0 years 7.0 length 17
population 36 fitness 1.0 years 6.0 length 18
population 37 fitness 1.0 years 6.0 length 17
population 38 fitness 1.0 years 5.0 length 17
population 39 fitness 1.0 years 5.0 length 17

0.4696892315449729 0.3130812777822948 0.37567767610943703 0.735501510490479 0.7646072779646876 4
0.4696892315449729 0.3130812777822948 0.37567767610943703 0.735501510490479 0.7646072779646876 4
0.6973321762399914 0.0678866846502052 0.28015183480846373 0.4640944142755461 0.5667304606094168 7
0.6801646005284951 0.17886203449963878 0.9174424014689819 0.4775333622792587 0.3033679612692347 6
0.38840287781383165 0.10656400823798817 0.3681537716503762 0.4362135509762245 0.837084217109109 8
0.1937296249756838 0.07843358174975734 0.43205993892447125 0.5563699331372463 0.16664478548143546 5
0.5128633757908042 0.2945841280346905 0.3427422972987081 0.5129619699263374 0.1613032922220865 2
0.5128633757908042 0.2945841280346905 0.3427422972987081 0.5129619699263374 0.1613032922220865 2
0.5417547544419258 0.48928057984038154 0.695324069617672 0.5922336118389232 0.45018355935957366 7
0.1937296249756838 0.07843358174975734 0.43205993892447125 0.5563699331372463 0.16664478548143546 5
0.8769742637646495 0.3123064956628726 0.017461321110258 0.3198836296568963 0.5867438832479029 5
0.8557343459432927 0.8802587103694542 0.6564737682127636 0.5890992117459151 0.04326696332325686 7
0.9262647126601099 0.887127212188672 0.6105857898377022 0.6702059331204031 0.9779337409662723 7
0.9034997014621761 0.15739287031683258 0.4825792154738988 0.6092656093576528 0.8606385533361217 2
0.9262647126601099 0.887127212188672 0.6105857898377022 0.6702059331204031 0.9779337409662723 7
0.5205333216386411 0.570006762872769 0.5888141448889023 0.03877167980599594 0.10643961731025098 4
0.4696892315449729 0.3130812777822948 0.37567767610943703 0.735501510490479 0.7646072779646876 4
0.6973321762399914 0.0678866846502052 0.28015183480846373 0.4640944142755461 0.5667304606094168 7
0.4696892315449729 0.3130812777822948 0.37567767610943703 0.735501510490479 0.7646072779646876 4
0.6801646005284951 0.17886203449963878 0.9174424014689819 0.4775333622792587 0.3033679612692347 6
0.6801646005284951 0.17886203449963878 0.9174424014689819 0.4775333622792587 0.3033679612692347 6
0.38840287781383165 0.10656400823798817 0.3681537716503762 0.4362135509762245 0.837084217109109 8
0.1937296249756838 0.07843358174975734 0.43205993892447125 0.5563699331372463 0.16664478548143546 5
0.1937296249756838 0.07843358174975734 0.43205993892447125 0.5563699331372463 0.16664478548143546 5
0.5417547544419258 0.48928057984038154 0.695324069617672 0.5922336118389232 0.45018355935957366 7
0.34809435022069746 0.747864034596725 0.2899581273589241 0.19064738528402758 0.6642213093163406 3
0.7243926616302555 0.6532202459600828 0.35241580213261936 0.3481056627749066 0.18783739139899014 7
0.8769742637646495 0.3123064956628726 0.017461321110258 0.3198836296568963 0.5867438832479029 5
0.8889330351746377 0.10959211152317416 0.5796366684049042 0.7812863566354943 0.9097308945788811 8
0.8889330351746377 0.10959211152317416 0.5796366684049042 0.7812863566354943 0.9097308945788811 8
0.5331804513097901 0.8381675464352619 0.4970804154400955 0.13799408805240654 0.5731918636649971 1
0.9262647126601099 0.887127212188672 0.6105857898377022 0.6702059331204031 0.9779337409662723 7
0.6350151820138509 0.10087177249351897 0.7005819143513752 0.8335595457252967 0.5280323796349338 5
0.4696892315449729 0.3130812777822948 0.37567767610943703 0.735501510490479 0.7646072779646876 4
0.4696892315449729 0.3130812777822948 0.37567767610943703 0.735501510490479 0.7646072779646876 4
0.6801646005284951 0.17886203449963878 0.9174424014689819 0.4775333622792587 0.3033679612692347 6
0.6973321762399914 0.0678866846502052 0.28015183480846373 0.4640944142755461 0.5667304606094168 7
0.6801646005284951 0.17886203449963878 0.9174424014689819 0.4775333622792587 0.3033679612692347 6
0.38840287781383165 0.10656400823798817 0.3681537716503762 0.4362135509762245 0.837084217109109 8
0.1937296249756838 0.07843358174975734 0.43205993892447125 0.5563699331372463 0.16664478548143546 5
0.1937296249756838 0.07843358174975734 0.43205993892447125 0.5563699331372463 0.16664478548143546 5
0.5417547544419258 0.48928057984038154 0.695324069617672 0.5922336118389232 0.45018355935957366 7
0.34809435022069746 0.747864034596725 0.2899581273589241 0.19064738528402758 0.6642213093163406 3
0.1937296249756838 0.07843358174975734 0.43205993892447125 0.5563699331372463 0.16664478548143546 5
0.8769742637646495 0.3123064956628726 0.017461321110258 0.3198836296568963 0.5867438832479029 5
0.8889330351746377 0.10959211152317416 0.5796366684049042 0.7812863566354943 0.9097308945788811 8
0.8889330351746377 0.10959211152317416 0.5796366684049042 0.7812863566354943 0.9097308945788811 8
0.9034997014621761 0.15739287031683258 0.4825792154738988 0.6092656093576528 0.8606385533361217 2
0.5331804513097901 0.8381675464352619 0.4970804154400955 0.13799408805240654 0.5731918636649971 1
0.6350151820138509 0.10087177249351897 0.7005819143513752 0.8335595457252967 0.5280323796349338 5
0.6742023297278612 0.8989555149277588 0.08655004438242497 0.812107598921702 0.19301001360436332 4
0.922285862935326 0.9916099382872505 0.16600345652105408 0.21806922219323222 0.7477481257326419 5
0.5205333216386411 0.570006762872769 0.5888141448889023 0.03877167980599594 0.10643961731025098 4
0.6973321762399914 0.0678866846502052 0.28015183480846373 0.4640944142755461 0.5667304606094168 7
0.6973321762399914 0.0678866846502052 0.28015183480846373 0.4640944142755461 0.5667304606094168 7
0.6973321762399914 0.0678866846502052 0.28015183480846373 0.4640944142755461 0.5667304606094168 7
0.1937296249756838 0.07843358174975734 0.43205993892447125 0.5563699331372463 0.16664478548143546 5
0.1937296249756838 0.07843358174975734 0.43205993892447125 0.5563699331372463 0.16664478548143546 5
0.5128633757908042 0.2945841280346905 0.3427422972987081 0.5129619699263374 0.1613032922220865 2
0.5417547544419258 0.48928057984038154 0.695324069617672 0.5922336118389232 0.45018355935957366 7
0.7243926616302555 0.6532202459600828 0.35241580213261936 0.3481056627749066 0.18783739139899014 7
0.34809435022069746 0.747864034596725 0.2899581273589241 0.19064738528402758 0.6642213093163406 3
0.7243926616302555 0.6532202459600828 0.35241580213261936 0.3481056627749066 0.18783739139899014 7
0.8769742637646495 0.3123064956628726 0.017461321110258 0.3198836296568963 0.5867438832479029 5
0.9034997014621761 0.15739287031683258 0.4825792154738988 0.6092656093576528 0.8606385533361217 2
0.8557343459432927 0.8802587103694542 0.6564737682127636 0.5890992117459151 0.04326696332325686 7
0.9262647126601099 0.887127212188672 0.6105857898377022 0.6702059331204031 0.9779337409662723 7
0.5205333216386411 0.570006762872769 0.5888141448889023 0.03877167980599594 0.10643961731025098 4
0.5205333216386411 0.570006762872769 0.5888141448889023 0.03877167980599594 0.10643961731025098 4
0.6973321762399914 0.0678866846502052 0.28015183480846373 0.4640944142755461 0.5667304606094168 7
0.4696892315449729 0.3130812777822948 0.37567767610943703 0.735501510490479 0.7646072779646876 4
0.6973321762399914 0.0678866846502052 0.28015183480846373 0.4640944142755461 0.5667304606094168 7
0.6801646005284951 0.17886203449963878 0.9174424014689819 0.4775333622792587 0.3033679612692347 6
0.38840287781383165 0.10656400823798817 0.3681537716503762 0.4362135509762245 0.837084217109109 8
0.1937296249756838 0.07843358174975734 0.43205993892447125 0.5563699331372463 0.16664478548143546 5
0.38840287781383165 0.10656400823798817 0.3681537716503762 0.4362135509762245 0.837084217109109 8
0.5128633757908042 0.2945841280346905 0.3427422972987081 0.5129619699263374 0.1613032922220865 2
0.5417547544419258 0.48928057984038154 0.695324069617672 0.5922336118389232 0.45018355935957366 7
0.7243926616302555 0.6532202459600828 0.35241580213261936 0.3481056627749066 0.18783739139899014 7
0.8769742637646495 0.3123064956628726 0.017461321110258 0.3198836296568963 0.5867438832479029 5
0.8889330351746377 0.10959211152317416 0.5796366684049042 0.7812863566354943 0.9097308945788811 8
0.8889330351746377 0.10959211152317416 0.5796366684049042 0.7812863566354943 0.9097308945788811 8
0.5331804513097901 0.8381675464352619 0.4970804154400955 0.13799408805240654 0.5731918636649971 1
0.6350151820138509 0.10087177249351897 0.7005819143513752 0.8335595457252967 0.5280323796349338 5
0.6350151820138509 0.10087177249351897 0.7005819143513752 0.8335595457252967 0.5280323796349338 5
0.4696892315449729 0.3130812777822948 0.37567767610943703 0.735501510490479 0.7646072779646876 4
0.4696892315449729 0.3130812777822948 0.37567767610943703 0.735501510490479 0.7646072779646876 4
0.4696892315449729 0.3130812777822948 0.37567767610943703 0.735501510490479 0.7646072779646876 4
0.6973321762399914 0.0678866846502052 0.28015183480846373 0.4640944142755461 0.5667304606094168 7
0.6801646005284951 0.17886203449963878 0.9174424014689819 0.4775333622792587 0.3033679612692347 6
0.38840287781383165 0.10656400823798817 0.3681537716503762 0.4362135509762245 0.837084217109109 8
0.1937296249756838 0.07843358174975734 0.43205993892447125 0.5563699331372463 0.16664478548143546 5
0.5128633757908042 0.2945841280346905 0.3427422972987081 0.5129619699263374 0.1613032922220865 2
0.5128633757908042 0.2945841280346905 0.3427422972987081 0.5129619699263374 0.1613032922220865 2
0.5417547544419258 0.48928057984038154 0.695324069617672 0.5922336118389232 0.45018355935957366 7
0.34809435022069746 0.747864034596725 0.2899581273589241 0.19064738528402758 0.6642213093163406 3
0.8769742637646495 0.3123064956628726 0.017461321110258 0.3198836296568963 0.5867438832479029 5
0.8889330351746377 0.10959211152317416 0.5796366684049042 0.7812863566354943 0.9097308945788811 8
0.8889330351746377 0.10959211152317416 0.5796366684049042 0.7812863566354943 0.9097308945788811 8
0.9034997014621761 0.15739287031683258 0.4825792154738988 0.6092656093576528 0.8606385533361217 2
0.9262647126601099 0.887127212188672 0.6105857898377022 0.6702059331204031 0.9779337409662723 7
0.5205333216386411 0.570006762872769 0.5888141448889023 0.03877167980599594 0.10643961731025098 4
0.4696892315449729 0.3130812777822948 0.37567767610943703 0.735501510490479 0.7646072779646876 4
0.7864866352409148 0.5705032968838266 0.3148681818245902 0.5198744550978959 0.15307471313922616 4
0.5205333216386411 0.570006762872769 0.5888141448889023 0.03877167980599594 0.10643961731025098 4
0.4696892315449729 0.3130812777822948 0.37567767610943703 0.735501510490479 0.7646072779646876 4
0.6801646005284951 0.17886203449963878 0.9174424014689819 0.4775333622792587 0.3033679612692347 6
0.1937296249756838 0.07843358174975734 0.43205993892447125 0.5563699331372463 0.16664478548143546 5
0.1937296249756838 0.07843358174975734 0.43205993892447125 0.5563699331372463 0.16664478548143546 5
0.5128633757908042 0.2945841280346905 0.3427422972987081 0.5129619699263374 0.1613032922220865 2
0.5417547544419258 0.48928057984038154 0.695324069617672 0.5922336118389232 0.45018355935957366 7
0.34809435022069746 0.747864034596725 0.2899581273589241 0.19064738528402758 0.6642213093163406 3
0.8769742637646495 0.3123064956628726 0.017461321110258 0.3198836296568963 0.5867438832479029 5
0.8769742637646495 0.3123064956628726 0.017461321110258 0.3198836296568963 0.5867438832479029 5
0.8889330351746377 0.10959211152317416 0.5796366684049042 0.7812863566354943 0.9097308945788811 8
0.9262647126601099 0.887127212188672 0.6105857898377022 0.6702059331204031 0.9779337409662723 7
0.5331804513097901 0.8381675464352619 0.4970804154400955 0.13799408805240654 0.5731918636649971 1
0.6350151820138509 0.10087177249351897 0.7005819143513752 0.8335595457252967 0.5280323796349338 5
0.5868950988605109 0.7432761017482361 0.034197724634012494 0.6753626762241117 0.4833928309615918 2
0.5129080009769594 0.19260920548839333 0.6993997390690921 0.616192532437759 0.5480526400657968 6
0.4696892315449729 0.3130812777822948 0.37567767610943703 0.735501510490479 0.7646072779646876 4
0.4696892315449729 0.3130812777822948 0.37567767610943703 0.735501510490479 0.7646072779646876 4
0.6801646005284951 0.17886203449963878 0.9174424014689819 0.4775333622792587 0.3033679612692347 6
0.6801646005284951 0.17886203449963878 0.9174424014689819 0.4775333622792587 0.3033679612692347 6
0.38840287781383165 0.10656400823798817 0.3681537716503762 0.4362135509762245 0.837084217109109 8
0.1937296249756838 0.07843358174975734 0.43205993892447125 0.5563699331372463 0.16664478548143546 5
0.5128633757908042 0.2945841280346905 0.3427422972987081 0.5129619699263374 0.1613032922220865 2
0.5417547544419258 0.48928057984038154 0.695324069617672 0.5922336118389232 0.45018355935957366 7
0.34809435022069746 0.747864034596725 0.2899581273589241 0.19064738528402758 0.6642213093163406 3
0.8769742637646495 0.3123064956628726 0.017461321110258 0.3198836296568963 0.5867438832479029 5
0.8769742637646495 0.3123064956628726 0.017461321110258 0.3198836296568963 0.5867438832479029 5
0.8557343459432927 0.8802587103694542 0.6564737682127636 0.5890992117459151 0.04326696332325686 7
0.8889330351746377 0.10959211152317416 0.5796366684049042 0.7812863566354943 0.9097308945788811 8
0.5331804513097901 0.8381675464352619 0.4970804154400955 0.13799408805240654 0.5731918636649971 1
0.5331804513097901 0.8381675464352619 0.4970804154400955 0.13799408805240654 0.5731918636649971 1
0.9262647126601099 0.887127212188672 0.6105857898377022 0.6702059331204031 0.9779337409662723 7
0.5129080009769594 0.19260920548839333 0.6993997390690921 0.616192532437759 0.5480526400657968 6
0.4696892315449729 0.3130812777822948 0.37567767610943703 0.735501510490479 0.7646072779646876 4
0.6973321762399914 0.0678866846502052 0.28015183480846373 0.4640944142755461 0.5667304606094168 7
0.6973321762399914 0.0678866846502052 0.28015183480846373 0.4640944142755461 0.5667304606094168 7
0.6801646005284951 0.17886203449963878 0.9174424014689819 0.4775333622792587 0.3033679612692347 6
0.38840287781383165 0.10656400823798817 0.3681537716503762 0.4362135509762245 0.837084217109109 8
0.1937296249756838 0.07843358174975734 0.43205993892447125 0.5563699331372463 0.16664478548143546 5
0.1937296249756838 0.07843358174975734 0.43205993892447125 0.5563699331372463 0.16664478548143546 5
0.5417547544419258 0.48928057984038154 0.695324069617672 0.5922336118389232 0.45018355935957366 7
0.34809435022069746 0.747864034596725 0.2899581273589241 0.19064738528402758 0.6642213093163406 3
0.34809435022069746 0.747864034596725 0.2899581273589241 0.19064738528402758 0.6642213093163406 3
0.7243926616302555 0.6532202459600828 0.35241580213261936 0.3481056627749066 0.18783739139899014 7
0.8557343459432927 0.8802587103694542 0.6564737682127636 0.5890992117459151 0.04326696332325686 7
0.8889330351746377 0.10959211152317416 0.5796366684049042 0.7812863566354943 0.9097308945788811 8
0.9034997014621761 0.15739287031683258 0.4825792154738988 0.6092656093576528 0.8606385533361217 2
0.5331804513097901 0.8381675464352619 0.4970804154400955 0.13799408805240654 0.5731918636649971 1
0.9262647126601099 0.887127212188672 0.6105857898377022 0.6702059331204031 0.9779337409662723 7
0.6742023297278612 0.8989555149277588 0.08655004438242497 0.812107598921702 0.19301001360436332 4
0.6973321762399914 0.0678866846502052 0.28015183480846373 0.4640944142755461 0.5667304606094168 7
0.4696892315449729 0.3130812777822948 0.37567767610943703 0.735501510490479 0.7646072779646876 4
0.4696892315449729 0.3130812777822948 0.37567767610943703 0.735501510490479 0.7646072779646876 4
0.6801646005284951 0.17886203449963878 0.9174424014689819 0.4775333622792587 0.3033679612692347 6
0.6801646005284951 0.17886203449963878 0.9174424014689819 0.4775333622792587 0.3033679612692347 6
0.38840287781383165 0.10656400823798817 0.3681537716503762 0.4362135509762245 0.837084217109109 8
0.1937296249756838 0.07843358174975734 0.43205993892447125 0.5563699331372463 0.16664478548143546 5
0.1937296249756838 0.07843358174975734 0.43205993892447125 0.5563699331372463 0.16664478548143546 5
0.5417547544419258 0.48928057984038154 0.695324069617672 0.5922336118389232 0.45018355935957366 7
0.34809435022069746 0.747864034596725 0.2899581273589241 0.19064738528402758 0.6642213093163406 3
0.7243926616302555 0.6532202459600828 0.35241580213261936 0.3481056627749066 0.18783739139899014 7
0.8769742637646495 0.3123064956628726 0.017461321110258 0.3198836296568963 0.5867438832479029 5
0.8889330351746377 0.10959211152317416 0.5796366684049042 0.7812863566354943 0.9097308945788811 8
0.8889330351746377 0.10959211152317416 0.5796366684049042 0.7812863566354943 0.9097308945788811 8
0.5331804513097901 0.8381675464352619 0.4970804154400955 0.13799408805240654 0.5731918636649971 1
0.6350151820138509 0.10087177249351897 0.7005819143513752 0.8335595457252967 0.5280323796349338 5
0.9262647126601099 0.887127212188672 0.6105857898377022 0.6702059331204031 0.9779337409662723 7
0.5129080009769594 0.19260920548839333 0.6993997390690921 0.616192532437759 0.5480526400657968 6
0.922285862935326 0.9916099382872505 0.16600345652105408 0.21806922219323222 0.7477481257326419 5
0.4696892315449729 0.3130812777822948 0.37567767610943703 0.735501510490479 0.7646072779646876 4
0.6801646005284951 0.17886203449963878 0.9174424014689819 0.4775333622792587 0.3033679612692347 6
0.6801646005284951 0.17886203449963878 0.9174424014689819 0.4775333622792587 0.3033679612692347 6
0.38840287781383165 0.10656400823798817 0.3681537716503762 0.4362135509762245 0.837084217109109 8
0.1937296249756838 0.07843358174975734 0.43205993892447125 0.5563699331372463 0.16664478548143546 5
0.1937296249756838 0.07843358174975734 0.43205993892447125 0.5563699331372463 0.16664478548143546 5
0.5417547544419258 0.48928057984038154 0.695324069617672 0.5922336118389232 0.45018355935957366 7
0.34809435022069746 0.747864034596725 0.2899581273589241 0.19064738528402758 0.6642213093163406 3
0.7243926616302555 0.6532202459600828 0.35241580213261936 0.3481056627749066 0.18783739139899014 7
0.8769742637646495 0.3123064956628726 0.017461321110258 0.3198836296568963 0.5867438832479029 5
0.8889330351746377 0.10959211152317416 0.5796366684049042 0.7812863566354943 0.9097308945788811 8
0.8889330351746377 0.10959211152317416 0.5796366684049042 0.7812863566354943 0.9097308945788811 8
0.5331804513097901 0.8381675464352619 0.4970804154400955 0.13799408805240654 0.5731918636649971 1
0.6350151820138509 0.10087177249351897 0.7005819143513752 0.8335595457252967 0.5280323796349338 5
0.6350151820138509 0.10087177249351897 0.7005819143513752 0.8335595457252967 0.5280323796349338 5
0.6742023297278612 0.8989555149277588 0.08655004438242497 0.812107598921702 0.19301001360436332 4
0.922285862935326 0.9916099382872505 0.16600345652105408 0.21806922219323222 0.7477481257326419 5
0.4696892315449729 0.3130812777822948 0.37567767610943703 0.735501510490479 0.7646072779646876 4
0.6801646005284951 0.17886203449963878 0.9174424014689819 0.4775333622792587 0.3033679612692347 6
0.6801646005284951 0.17886203449963878 0.9174424014689819 0.4775333622792587 0.3033679612692347 6
0.38840287781383165 0.10656400823798817 0.3681537716503762 0.4362135509762245 0.837084217109109 8
0.1937296249756838 0.07843358174975734 0.43205993892447125 0.5563699331372463 0.16664478548143546 5
0.1937296249756838 0.07843358174975734 0.43205993892447125 0.5563699331372463 0.16664478548143546 5
0.5417547544419258 0.48928057984038154 0.695324069617672 0.5922336118389232 0.45018355935957366 7
0.34809435022069746 0.747864034596725 0.2899581273589241 0.19064738528402758 0.6642213093163406 3
0.7243926616302555 0.6532202459600828 0.35241580213261936 0.3481056627749066 0.18783739139899014 7
0.8769742637646495 0.3123064956628726 0.017461321110258 0.3198836296568963 0.5867438832479029 5
0.8889330351746377 0.10959211152317416 0.5796366684049042 0.7812863566354943 0.9097308945788811 8
0.8889330351746377 0.10959211152317416 0.5796366684049042 0.7812863566354943 0.9097308945788811 8
0.5331804513097901 0.8381675464352619 0.4970804154400955 0.13799408805240654 0.5731918636649971 1
0.6350151820138509 0.10087177249351897 0.7005819143513752 0.8335595457252967 0.5280323796349338 5
0.6350151820138509 0.10087177249351897 0.7005819143513752 0.8335595457252967 0.5280323796349338 5
0.6742023297278612 0.8989555149277588 0.08655004438242497 0.812107598921702 0.19301001360436332 4
0.922285862935326 0.9916099382872505 0.16600345652105408 0.21806922219323222 0.7477481257326419 5
0.4696892315449729 0.3130812777822948 0.37567767610943703 0.735501510490479 0.7646072779646876 4
0.6801646005284951 0.17886203449963878 0.9174424014689819 0.4775333622792587 0.3033679612692347 6
0.38840287781383165 0.10656400823798817 0.3681537716503762 0.4362135509762245 0.837084217109109 8
0.1937296249756838 0.07843358174975734 0.43205993892447125 0.5563699331372463 0.16664478548143546 5
0.1937296249756838 0.07843358174975734 0.43205993892447125 0.5563699331372463 0.16664478548143546 5
0.5417547544419258 0.48928057984038154 0.695324069617672 0.5922336118389232 0.45018355935957366 7
0.34809435022069746 0.747864034596725 0.2899581273589241 0.19064738528402758 0.6642213093163406 3
0.7243926616302555 0.6532202459600828 0.35241580213261936 0.3481056627749066 0.18783739139899014 7
0.8769742637646495 0.3123064956628726 0.017461321110258 0.3198836296568963 0.5867438832479029 5
0.8889330351746377 0.10959211152317416 0.5796366684049042 0.7812863566354943 0.9097308945788811 8
0.8889330351746377 0.10959211152317416 0.5796366684049042 0.7812863566354943 0.9097308945788811 8
0.5331804513097901 0.8381675464352619 0.4970804154400955 0.13799408805240654 0.5731918636649971 1
0.5868950988605109 0.7432761017482361 0.034197724634012494 0.6753626762241117 0.4833928309615918 2
0.6350151820138509 0.10087177249351897 0.7005819143513752 0.8335595457252967 0.5280323796349338 5
0.6742023297278612 0.8989555149277588 0.08655004438242497 0.812107598921702 0.19301001360436332 4
0.922285862935326 0.9916099382872505 0.16600345652105408 0.21806922219323222 0.7477481257326419 5
0.4696892315449729 0.3130812777822948 0.37567767610943703 0.735501510490479 0.7646072779646876 4
0.6801646005284951 0.17886203449963878 0.9174424014689819 0.4775333622792587 0.3033679612692347 6
0.38840287781383165 0.10656400823798817 0.3681537716503762 0.4362135509762245 0.837084217109109 8
0.1937296249756838 0.07843358174975734 0.43205993892447125 0.5563699331372463 0.16664478548143546 5
0.1937296249756838 0.07843358174975734 0.43205993892447125 0.5563699331372463 0.16664478548143546 5
0.5417547544419258 0.48928057984038154 0.695324069617672 0.5922336118389232 0.45018355935957366 7
0.34809435022069746 0.747864034596725 0.2899581273589241 0.19064738528402758 0.6642213093163406 3
0.7243926616302555 0.6532202459600828 0.35241580213261936 0.3481056627749066 0.18783739139899014 7
0.8769742637646495 0.3123064956628726 0.017461321110258 0.3198836296568963 0.5867438832479029 5
0.8889330351746377 0.10959211152317416 0.5796366684049042 0.7812863566354943 0.9097308945788811 8
0.8889330351746377 0.10959211152317416 0.5796366684049042 0.7812863566354943 0.9097308945788811 8
0.5331804513097901 0.8381675464352619 0.4970804154400955 0.13799408805240654 0.5731918636649971 1
0.5868950988605109 0.7432761017482361 0.034197724634012494 0.6753626762241117 0.4833928309615918 2
0.6350151820138509 0.10087177249351897 0.7005819143513752 0.8335595457252967 0.5280323796349338 5
0.6742023297278612 0.8989555149277588 0.08655004438242497 0.812107598921702 0.19301001360436332 4
0.4696892315449729 0.3130812777822948 0.37567767610943703 0.735501510490479 0.7646072779646876 4
0.6973321762399914 0.0678866846502052 0.28015183480846373 0.4640944142755461 0.5667304606094168 7
0.6973321762399914 0.0678866846502052 0.28015183480846373 0.4640944142755461 0.5667304606094168 7
0.6801646005284951 0.17886203449963878 0.9174424014689819 0.4775333622792587 0.3033679612692347 6
0.38840287781383165 0.10656400823798817 0.3681537716503762 0.4362135509762245 0.837084217109109 8
0.1937296249756838 0.07843358174975734 0.43205993892447125 0.5563699331372463 0.16664478548143546 5
0.1937296249756838 0.07843358174975734 0.43205993892447125 0.5563699331372463 0.16664478548143546 5
0.5417547544419258 0.48928057984038154 0.695324069617672 0.5922336118389232 0.45018355935957366 7
0.34809435022069746 0.747864034596725 0.2899581273589241 0.19064738528402758 0.6642213093163406 3
0.7243926616302555 0.6532202459600828 0.35241580213261936 0.3481056627749066 0.18783739139899014 7
0.8769742637646495 0.3123064956628726 0.017461321110258 0.3198836296568963 0.5867438832479029 5
0.8889330351746377 0.10959211152317416 0.5796366684049042 0.7812863566354943 0.9097308945788811 8
0.8889330351746377 0.10959211152317416 0.5796366684049042 0.7812863566354943 0.9097308945788811 8
0.5331804513097901 0.8381675464352619 0.4970804154400955 0.13799408805240654 0.5731918636649971 1
0.5331804513097901 0.8381675464352619 0.4970804154400955 0.13799408805240654 0.5731918636649971 1
0.9262647126601099 0.887127212188672 0.6105857898377022 0.6702059331204031 0.9779337409662723 7
0.6742023297278612 0.8989555149277588 0.08655004438242497 0.812107598921702 0.19301001360436332 4
0.028637153782100855 0.4506061911000312 0.8137026074359891 0.8125280088462575 0.17951600147143165 6
0.4696892315449729 0.3130812777822948 0.37567767610943703 0.735501510490479 0.7646072779646876 4
0.4696892315449729 0.3130812777822948 0.37567767610943703 0.735501510490479 0.7646072779646876 4
0.6801646005284951 0.17886203449963878 0.9174424014689819 0.4775333622792587 0.3033679612692347 6
0.6801646005284951 0.17886203449963878 0.9174424014689819 0.4775333622792587 0.3033679612692347 6
0.38840287781383165 0.10656400823798817 0.3681537716503762 0.4362135509762245 0.837084217109109 8
0.1937296249756838 0.07843358174975734 0.43205993892447125 0.5563699331372463 0.16664478548143546 5
0.38840287781383165 0.10656400823798817 0.3681537716503762 0.4362135509762245 0.837084217109109 8
0.5417547544419258 0.48928057984038154 0.695324069617672 0.5922336118389232 0.45018355935957366 7
0.34809435022069746 0.747864034596725 0.2899581273589241 0.19064738528402758 0.6642213093163406 3
0.7243926616302555 0.6532202459600828 0.35241580213261936 0.3481056627749066 0.18783739139899014 7
0.8769742637646495 0.3123064956628726 0.017461321110258 0.3198836296568963 0.5867438832479029 5
0.8889330351746377 0.10959211152317416 0.5796366684049042 0.7812863566354943 0.9097308945788811 8
0.8889330351746377 0.10959211152317416 0.5796366684049042 0.7812863566354943 0.9097308945788811 8
0.9034997014621761 0.15739287031683258 0.4825792154738988 0.6092656093576528 0.8606385533361217 2
0.8557343459432927 0.8802587103694542 0.6564737682127636 0.5890992117459151 0.04326696332325686 7
0.5868950988605109 0.7432761017482361 0.034197724634012494 0.6753626762241117 0.4833928309615918 2
0.5129080009769594 0.19260920548839333 0.6993997390690921 0.616192532437759 0.5480526400657968 6
0.4696892315449729 0.3130812777822948 0.37567767610943703 0.735501510490479 0.7646072779646876 4
0.6973321762399914 0.0678866846502052 0.28015183480846373 0.4640944142755461 0.5667304606094168 7
0.6801646005284951 0.17886203449963878 0.9174424014689819 0.4775333622792587 0.3033679612692347 6
0.6801646005284951 0.17886203449963878 0.9174424014689819 0.4775333622792587 0.3033679612692347 6
0.38840287781383165 0.10656400823798817 0.3681537716503762 0.4362135509762245 0.837084217109109 8
0.1937296249756838 0.07843358174975734 0.43205993892447125 0.5563699331372463 0.16664478548143546 5
0.38840287781383165 0.10656400823798817 0.3681537716503762 0.4362135509762245 0.837084217109109 8
0.5417547544419258 0.48928057984038154 0.695324069617672 0.5922336118389232 0.45018355935957366 7
0.34809435022069746 0.747864034596725 0.2899581273589241 0.19064738528402758 0.6642213093163406 3
0.34809435022069746 0.747864034596725 0.2899581273589241 0.19064738528402758 0.6642213093163406 3
0.7243926616302555 0.6532202459600828 0.35241580213261936 0.3481056627749066 0.18783739139899014 7
0.8557343459432927 0.8802587103694542 0.6564737682127636 0.5890992117459151 0.04326696332325686 7
0.8889330351746377 0.10959211152317416 0.5796366684049042 0.7812863566354943 0.9097308945788811 8
0.9034997014621761 0.15739287031683258 0.4825792154738988 0.6092656093576528 0.8606385533361217 2
0.5331804513097901 0.8381675464352619 0.4970804154400955 0.13799408805240654 0.5731918636649971 1
0.9262647126601099 0.887127212188672 0.6105857898377022 0.6702059331204031 0.9779337409662723 7
0.6742023297278612 0.8989555149277588 0.08655004438242497 0.812107598921702 0.19301001360436332 4
0.6973321762399914 0.0678866846502052 0.28015183480846373 0.4640944142755461 0.5667304606094168 7
0.922285862935326 0.9916099382872505 0.16600345652105408 0.21806922219323222 0.7477481257326419 5
0.4696892315449729 0.3130812777822948 0.37567767610943703 0.735501510490479 0.7646072779646876 4
0.6801646005284951 0.17886203449963878 0.9174424014689819 0.4775333622792587 0.3033679612692347 6
0.38840287781383165 0.10656400823798817 0.3681537716503762 0.4362135509762245 0.837084217109109 8
0.1937296249756838 0.07843358174975734 0.43205993892447125 0.5563699331372463 0.16664478548143546 5
0.1937296249756838 0.07843358174975734 0.43205993892447125 0.5563699331372463 0.16664478548143546 5
0.5417547544419258 0.48928057984038154 0.695324069617672 0.5922336118389232 0.45018355935957366 7
0.34809435022069746 0.747864034596725 0.2899581273589241 0.19064738528402758 0.6642213093163406 3
0.7243926616302555 0.6532202459600828 0.35241580213261936 0.3481056627749066 0.18783739139899014 7
0.1937296249756838 0.07843358174975734 0.43205993892447125 0.5563699331372463 0.16664478548143546 5
0.8769742637646495 0.3123064956628726 0.017461321110258 0.3198836296568963 0.5867438832479029 5
0.8557343459432927 0.8802587103694542 0.6564737682127636 0.5890992117459151 0.04326696332325686 7
0.9262647126601099 0.887127212188672 0.6105857898377022 0.6702059331204031 0.9779337409662723 7
0.9034997014621761 0.15739287031683258 0.4825792154738988 0.6092656093576528 0.8606385533361217 2
0.9262647126601099 0.887127212188672 0.6105857898377022 0.6702059331204031 0.9779337409662723 7
0.5205333216386411 0.570006762872769 0.5888141448889023 0.03877167980599594 0.10643961731025098 4
0.6742023297278612 0.8989555149277588 0.08655004438242497 0.812107598921702 0.19301001360436332 4
0.922285862935326 0.9916099382872505 0.16600345652105408 0.21806922219323222 0.7477481257326419 5
0.6801646005284951 0.17886203449963878 0.9174424014689819 0.4775333622792587 0.3033679612692347 6
0.38840287781383165 0.10656400823798817 0.3681537716503762 0.4362135509762245 0.837084217109109 8
0.38840287781383165 0.10656400823798817 0.3681537716503762 0.4362135509762245 0.837084217109109 8
0.1937296249756838 0.07843358174975734 0.43205993892447125 0.5563699331372463 0.16664478548143546 5
0.1937296249756838 0.07843358174975734 0.43205993892447125 0.5563699331372463 0.16664478548143546 5
0.5417547544419258 0.48928057984038154 0.695324069617672 0.5922336118389232 0.45018355935957366 7
0.34809435022069746 0.747864034596725 0.2899581273589241 0.19064738528402758 0.6642213093163406 3
0.7243926616302555 0.6532202459600828 0.35241580213261936 0.3481056627749066 0.18783739139899014 7
0.8769742637646495 0.3123064956628726 0.017461321110258 0.3198836296568963 0.5867438832479029 5
0.8889330351746377 0.10959211152317416 0.5796366684049042 0.7812863566354943 0.9097308945788811 8
0.8889330351746377 0.10959211152317416 0.5796366684049042 0.7812863566354943 0.9097308945788811 8
0.5331804513097901 0.8381675464352619 0.4970804154400955 0.13799408805240654 0.5731918636649971 1
0.6350151820138509 0.10087177249351897 0.7005819143513752 0.8335595457252967 0.5280323796349338 5
0.6350151820138509 0.10087177249351897 0.7005819143513752 0.8335595457252967 0.5280323796349338 5
0.4696892315449729 0.3130812777822948 0.37567767610943703 0.735501510490479 0.7646072779646876 4
0.4696892315449729 0.3130812777822948 0.37567767610943703 0.735501510490479 0.7646072779646876 4
0.6801646005284951 0.17886203449963878 0.9174424014689819 0.4775333622792587 0.3033679612692347 6
0.6801646005284951 0.17886203449963878 0.9174424014689819 0.4775333622792587 0.3033679612692347 6
0.38840287781383165 0.10656400823798817 0.3681537716503762 0.4362135509762245 0.837084217109109 8
0.1937296249756838 0.07843358174975734 0.43205993892447125 0.5563699331372463 0.16664478548143546 5
0.1937296249756838 0.07843358174975734 0.43205993892447125 0.5563699331372463 0.16664478548143546 5
0.34809435022069746 0.747864034596725 0.2899581273589241 0.19064738528402758 0.6642213093163406 3
0.34809435022069746 0.747864034596725 0.2899581273589241 0.19064738528402758 0.6642213093163406 3
0.1937296249756838 0.07843358174975734 0.43205993892447125 0.5563699331372463 0.16664478548143546 5
0.8769742637646495 0.3123064956628726 0.017461321110258 0.3198836296568963 0.5867438832479029 5
0.8889330351746377 0.10959211152317416 0.5796366684049042 0.7812863566354943 0.9097308945788811 8
0.8889330351746377 0.10959211152317416 0.5796366684049042 0.7812863566354943 0.9097308945788811 8
0.9034997014621761 0.15739287031683258 0.4825792154738988 0.6092656093576528 0.8606385533361217 2
0.5331804513097901 0.8381675464352619 0.4970804154400955 0.13799408805240654 0.5731918636649971 1
0.9262647126601099 0.887127212188672 0.6105857898377022 0.6702059331204031 0.9779337409662723 7
0.6742023297278612 0.8989555149277588 0.08655004438242497 0.812107598921702 0.19301001360436332 4
0.6742023297278612 0.8989555149277588 0.08655004438242497 0.812107598921702 0.19301001360436332 4
0.4696892315449729 0.3130812777822948 0.37567767610943703 0.735501510490479 0.7646072779646876 4
0.4696892315449729 0.3130812777822948 0.37567767610943703 0.735501510490479 0.7646072779646876 4
0.38840287781383165 0.10656400823798817 0.3681537716503762 0.4362135509762245 0.837084217109109 8
0.1937296249756838 0.07843358174975734 0.43205993892447125 0.5563699331372463 0.16664478548143546 5
0.1937296249756838 0.07843358174975734 0.43205993892447125 0.5563699331372463 0.16664478548143546 5
0.5417547544419258 0.48928057984038154 0.695324069617672 0.5922336118389232 0.45018355935957366 7
0.34809435022069746 0.747864034596725 0.2899581273589241 0.19064738528402758 0.6642213093163406 3
0.7243926616302555 0.6532202459600828 0.35241580213261936 0.3481056627749066 0.18783739139899014 7
0.8769742637646495 0.3123064956628726 0.017461321110258 0.3198836296568963 0.5867438832479029 5
0.8769742637646495 0.3123064956628726 0.017461321110258 0.3198836296568963 0.5867438832479029 5
0.8889330351746377 0.10959211152317416 0.5796366684049042 0.7812863566354943 0.9097308945788811 8
0.8889330351746377 0.10959211152317416 0.5796366684049042 0.7812863566354943 0.9097308945788811 8
0.5331804513097901 0.8381675464352619 0.4970804154400955 0.13799408805240654 0.5731918636649971 1
0.5331804513097901 0.8381675464352619 0.4970804154400955 0.13799408805240654 0.5731918636649971 1
0.9262647126601099 0.887127212188672 0.6105857898377022 0.6702059331204031 0.9779337409662723 7
0.922285862935326 0.9916099382872505 0.16600345652105408 0.21806922219323222 0.7477481257326419 5
0.4696892315449729 0.3130812777822948 0.37567767610943703 0.735501510490479 0.7646072779646876 4
0.6801646005284951 0.17886203449963878 0.9174424014689819 0.4775333622792587 0.3033679612692347 6
0.6801646005284951 0.17886203449963878 0.9174424014689819 0.4775333622792587 0.3033679612692347 6
0.38840287781383165 0.10656400823798817 0.3681537716503762 0.4362135509762245 0.837084217109109 8
0.1937296249756838 0.07843358174975734 0.43205993892447125 0.5563699331372463 0.16664478548143546 5
0.5417547544419258 0.48928057984038154 0.695324069617672 0.5922336118389232 0.45018355935957366 7
0.34809435022069746 0.747864034596725 0.2899581273589241 0.19064738528402758 0.6642213093163406 3
0.7243926616302555 0.6532202459600828 0.35241580213261936 0.3481056627749066 0.18783739139899014 7
0.1937296249756838 0.07843358174975734 0.43205993892447125 0.5563699331372463 0.16664478548143546 5
0.8769742637646495 0.3123064956628726 0.017461321110258 0.3198836296568963 0.5867438832479029 5
0.8557343459432927 0.8802587103694542 0.6564737682127636 0.5890992117459151 0.04326696332325686 7
0.9262647126601099 0.887127212188672 0.6105857898377022 0.6702059331204031 0.9779337409662723 7
0.9034997014621761 0.15739287031683258 0.4825792154738988 0.6092656093576528 0.8606385533361217 2
0.9262647126601099 0.887127212188672 0.6105857898377022 0.6702059331204031 0.9779337409662723 7
0.5205333216386411 0.570006762872769 0.5888141448889023 0.03877167980599594 0.10643961731025098 4
0.4696892315449729 0.3130812777822948 0.37567767610943703 0.735501510490479 0.7646072779646876 4
0.4696892315449729 0.3130812777822948 0.37567767610943703 0.735501510490479 0.7646072779646876 4
0.6801646005284951 0.17886203449963878 0.9174424014689819 0.4775333622792587 0.3033679612692347 6
0.6801646005284951 0.17886203449963878 0.9174424014689819 0.4775333622792587 0.3033679612692347 6
0.1937296249756838 0.07843358174975734 0.43205993892447125 0.5563699331372463 0.16664478548143546 5
0.5128633757908042 0.2945841280346905 0.3427422972987081 0.5129619699263374 0.1613032922220865 2
0.5128633757908042 0.2945841280346905 0.3427422972987081 0.5129619699263374 0.1613032922220865 2
0.34809435022069746 0.747864034596725 0.2899581273589241 0.19064738528402758 0.6642213093163406 3
0.1937296249756838 0.07843358174975734 0.43205993892447125 0.5563699331372463 0.16664478548143546 5
0.8769742637646495 0.3123064956628726 0.017461321110258 0.3198836296568963 0.5867438832479029 5
0.8889330351746377 0.10959211152317416 0.5796366684049042 0.7812863566354943 0.9097308945788811 8
0.8557343459432927 0.8802587103694542 0.6564737682127636 0.5890992117459151 0.04326696332325686 7
0.5331804513097901 0.8381675464352619 0.4970804154400955 0.13799408805240654 0.5731918636649971 1
0.5331804513097901 0.8381675464352619 0.4970804154400955 0.13799408805240654 0.5731918636649971 1
0.9262647126601099 0.887127212188672 0.6105857898377022 0.6702059331204031 0.9779337409662723 7
0.4696892315449729 0.3130812777822948 0.37567767610943703 0.735501510490479 0.7646072779646876 4
0.4472124389137604 0.4340632124593732 0.5804946287493423 0.7329353451796141 0.6973571805914041 4
0.922285862935326 0.9916099382872505 0.16600345652105408 0.21806922219323222 0.7477481257326419 5
0.4696892315449729 0.3130812777822948 0.37567767610943703 0.735501510490479 0.7646072779646876 4
0.4696892315449729 0.3130812777822948 0.37567767610943703 0.735501510490479 0.7646072779646876 4
0.6801646005284951 0.17886203449963878 0.9174424014689819 0.4775333622792587 0.3033679612692347 6
0.38840287781383165 0.10656400823798817 0.3681537716503762 0.4362135509762245 0.837084217109109 8
0.1937296249756838 0.07843358174975734 0.43205993892447125 0.5563699331372463 0.16664478548143546 5
0.1937296249756838 0.07843358174975734 0.43205993892447125 0.5563699331372463 0.16664478548143546 5
0.5417547544419258 0.48928057984038154 0.695324069617672 0.5922336118389232 0.45018355935957366 7
0.34809435022069746 0.747864034596725 0.2899581273589241 0.19064738528402758 0.6642213093163406 3
0.8769742637646495 0.3123064956628726 0.017461321110258 0.3198836296568963 0.5867438832479029 5
0.8769742637646495 0.3123064956628726 0.017461321110258 0.3198836296568963 0.5867438832479029 5
0.8889330351746377 0.10959211152317416 0.5796366684049042 0.7812863566354943 0.9097308945788811 8
0.8557343459432927 0.8802587103694542 0.6564737682127636 0.5890992117459151 0.04326696332325686 7
0.5331804513097901 0.8381675464352619 0.4970804154400955 0.13799408805240654 0.5731918636649971 1
0.9262647126601099 0.887127212188672 0.6105857898377022 0.6702059331204031 0.9779337409662723 7
0.9262647126601099 0.887127212188672 0.6105857898377022 0.6702059331204031 0.9779337409662723 7
0.5129080009769594 0.19260920548839333 0.6993997390690921 0.616192532437759 0.5480526400657968 6
0.6742023297278612 0.8989555149277588 0.08655004438242497 0.812107598921702 0.19301001360436332 4
0.4696892315449729 0.3130812777822948 0.37567767610943703 0.735501510490479 0.7646072779646876 4
0.6801646005284951 0.17886203449963878 0.9174424014689819 0.4775333622792587 0.3033679612692347 6
0.6801646005284951 0.17886203449963878 0.9174424014689819 0.4775333622792587 0.3033679612692347 6
0.38840287781383165 0.10656400823798817 0.3681537716503762 0.4362135509762245 0.837084217109109 8
0.1937296249756838 0.07843358174975734 0.43205993892447125 0.5563699331372463 0.16664478548143546 5
0.5128633757908042 0.2945841280346905 0.3427422972987081 0.5129619699263374 0.1613032922220865 2
0.5417547544419258 0.48928057984038154 0.695324069617672 0.5922336118389232 0.45018355935957366 7
0.34809435022069746 0.747864034596725 0.2899581273589241 0.19064738528402758 0.6642213093163406 3
0.7243926616302555 0.6532202459600828 0.35241580213261936 0.3481056627749066 0.18783739139899014 7
0.8769742637646495 0.3123064956628726 0.017461321110258 0.3198836296568963 0.5867438832479029 5
0.8889330351746377 0.10959211152317416 0.5796366684049042 0.7812863566354943 0.9097308945788811 8
0.9262647126601099 0.887127212188672 0.6105857898377022 0.6702059331204031 0.9779337409662723 7
0.9034997014621761 0.15739287031683258 0.4825792154738988 0.6092656093576528 0.8606385533361217 2
0.9262647126601099 0.887127212188672 0.6105857898377022 0.6702059331204031 0.9779337409662723 7
0.6350151820138509 0.10087177249351897 0.7005819143513752 0.8335595457252967 0.5280323796349338 5
0.4696892315449729 0.3130812777822948 0.37567767610943703 0.735501510490479 0.7646072779646876 4
0.922285862935326 0.9916099382872505 0.16600345652105408 0.21806922219323222 0.7477481257326419 5
0.4696892315449729 0.3130812777822948 0.37567767610943703 0.735501510490479 0.7646072779646876 4
0.6801646005284951 0.17886203449963878 0.9174424014689819 0.4775333622792587 0.3033679612692347 6
0.38840287781383165 0.10656400823798817 0.3681537716503762 0.4362135509762245 0.837084217109109 8
0.1937296249756838 0.07843358174975734 0.43205993892447125 0.5563699331372463 0.16664478548143546 5
0.1937296249756838 0.07843358174975734 0.43205993892447125 0.5563699331372463 0.16664478548143546 5
0.5417547544419258 0.48928057984038154 0.695324069617672 0.5922336118389232 0.45018355935957366 7
0.34809435022069746 0.747864034596725 0.2899581273589241 0.19064738528402758 0.6642213093163406 3
0.7243926616302555 0.6532202459600828 0.35241580213261936 0.3481056627749066 0.18783739139899014 7
0.1937296249756838 0.07843358174975734 0.43205993892447125 0.5563699331372463 0.16664478548143546 5
0.8769742637646495 0.3123064956628726 0.017461321110258 0.3198836296568963 0.5867438832479029 5
0.8557343459432927 0.8802587103694542 0.6564737682127636 0.5890992117459151 0.04326696332325686 7
0.9262647126601099 0.887127212188672 0.6105857898377022 0.6702059331204031 0.9779337409662723 7
0.9034997014621761 0.15739287031683258 0.4825792154738988 0.6092656093576528 0.8606385533361217 2
0.9262647126601099 0.887127212188672 0.6105857898377022 0.6702059331204031 0.9779337409662723 7
0.5205333216386411 0.570006762872769 0.5888141448889023 0.03877167980599594 0.10643961731025098 4
0.4696892315449729 0.3130812777822948 0.37567767610943703 0.735501510490479 0.7646072779646876 4
0.4696892315449729 0.3130812777822948 0.37567767610943703 0.735501510490479 0.7646072779646876 4
0.6801646005284951 0.17886203449963878 0.9174424014689819 0.4775333622792587 0.3033679612692347 6
0.6801646005284951 0.17886203449963878 0.9174424014689819 0.4775333622792587 0.3033679612692347 6
0.38840287781383165 0.10656400823798817 0.3681537716503762 0.4362135509762245 0.837084217109109 8
0.1937296249756838 0.07843358174975734 0.43205993892447125 0.5563699331372463 0.16664478548143546 5
0.38840287781383165 0.10656400823798817 0.3681537716503762 0.4362135509762245 0.837084217109109 8
0.5417547544419258 0.48928057984038154 0.695324069617672 0.5922336118389232 0.45018355935957366 7
0.34809435022069746 0.747864034596725 0.2899581273589241 0.19064738528402758 0.6642213093163406 3
0.7243926616302555 0.6532202459600828 0.35241580213261936 0.3481056627749066 0.18783739139899014 7
0.8769742637646495 0.3123064956628726 0.017461321110258 0.3198836296568963 0.5867438832479029 5
0.8557343459432927 0.8802587103694542 0.6564737682127636 0.5890992117459151 0.04326696332325686 7
0.9262647126601099 0.887127212188672 0.6105857898377022 0.6702059331204031 0.9779337409662723 7
0.9034997014621761 0.15739287031683258 0.4825792154738988 0.6092656093576528 0.8606385533361217 2
0.9262647126601099 0.887127212188672 0.6105857898377022 0.6702059331204031 0.9779337409662723 7
0.5868950988605109 0.7432761017482361 0.034197724634012494 0.6753626762241117 0.4833928309615918 2
0.4696892315449729 0.3130812777822948 0.37567767610943703 0.735501510490479 0.7646072779646876 4
0.4696892315449729 0.3130812777822948 0.37567767610943703 0.735501510490479 0.7646072779646876 4
0.6801646005284951 0.17886203449963878 0.9174424014689819 0.4775333622792587 0.3033679612692347 6
0.38840287781383165 0.10656400823798817 0.3681537716503762 0.4362135509762245 0.837084217109109 8
0.1937296249756838 0.07843358174975734 0.43205993892447125 0.5563699331372463 0.16664478548143546 5
0.1937296249756838 0.07843358174975734 0.43205993892447125 0.5563699331372463 0.16664478548143546 5
0.5417547544419258 0.48928057984038154 0.695324069617672 0.5922336118389232 0.45018355935957366 7
0.34809435022069746 0.747864034596725 0.2899581273589241 0.19064738528402758 0.6642213093163406 3
0.7243926616302555 0.6532202459600828 0.35241580213261936 0.3481056627749066 0.18783739139899014 7
0.1937296249756838 0.07843358174975734 0.43205993892447125 0.5563699331372463 0.16664478548143546 5
0.8557343459432927 0.8802587103694542 0.6564737682127636 0.5890992117459151 0.04326696332325686 7
0.8889330351746377 0.10959211152317416 0.5796366684049042 0.7812863566354943 0.9097308945788811 8
0.9034997014621761 0.15739287031683258 0.4825792154738988 0.6092656093576528 0.8606385533361217 2
0.8557343459432927 0.8802587103694542 0.6564737682127636 0.5890992117459151 0.04326696332325686 7
0.5868950988605109 0.7432761017482361 0.034197724634012494 0.6753626762241117 0.4833928309615918 2
0.5129080009769594 0.19260920548839333 0.6993997390690921 0.616192532437759 0.5480526400657968 6
0.4696892315449729 0.3130812777822948 0.37567767610943703 0.735501510490479 0.7646072779646876 4
0.4696892315449729 0.3130812777822948 0.37567767610943703 0.735501510490479 0.7646072779646876 4
0.6973321762399914 0.0678866846502052 0.28015183480846373 0.4640944142755461 0.5667304606094168 7
0.6801646005284951 0.17886203449963878 0.9174424014689819 0.4775333622792587 0.3033679612692347 6
0.6801646005284951 0.17886203449963878 0.9174424014689819 0.4775333622792587 0.3033679612692347 6
0.38840287781383165 0.10656400823798817 0.3681537716503762 0.4362135509762245 0.837084217109109 8
0.1937296249756838 0.07843358174975734 0.43205993892447125 0.5563699331372463 0.16664478548143546 5
0.38840287781383165 0.10656400823798817 0.3681537716503762 0.4362135509762245 0.837084217109109 8
0.5417547544419258 0.48928057984038154 0.695324069617672 0.5922336118389232 0.45018355935957366 7
0.34809435022069746 0.747864034596725 0.2899581273589241 0.19064738528402758 0.6642213093163406 3
0.34809435022069746 0.747864034596725 0.2899581273589241 0.19064738528402758 0.6642213093163406 3
0.7243926616302555 0.6532202459600828 0.35241580213261936 0.3481056627749066 0.18783739139899014 7
0.8889330351746377 0.10959211152317416 0.5796366684049042 0.7812863566354943 0.9097308945788811 8
0.8889330351746377 0.10959211152317416 0.5796366684049042 0.7812863566354943 0.9097308945788811 8
0.9034997014621761 0.15739287031683258 0.4825792154738988 0.6092656093576528 0.8606385533361217 2
0.5331804513097901 0.8381675464352619 0.4970804154400955 0.13799408805240654 0.5731918636649971 1
0.9262647126601099 0.887127212188672 0.6105857898377022 0.6702059331204031 0.9779337409662723 7
0.6742023297278612 0.8989555149277588 0.08655004438242497 0.812107598921702 0.19301001360436332 4
0.6973321762399914 0.0678866846502052 0.28015183480846373 0.4640944142755461 0.5667304606094168 7
0.4696892315449729 0.3130812777822948 0.37567767610943703 0.735501510490479 0.7646072779646876 4
0.6801646005284951 0.17886203449963878 0.9174424014689819 0.4775333622792587 0.3033679612692347 6
0.1937296249756838 0.07843358174975734 0.43205993892447125 0.5563699331372463 0.16664478548143546 5
0.38840287781383165 0.10656400823798817 0.3681537716503762 0.4362135509762245 0.837084217109109 8
0.1937296249756838 0.07843358174975734 0.43205993892447125 0.5563699331372463 0.16664478548143546 5
0.34809435022069746 0.747864034596725 0.2899581273589241 0.19064738528402758 0.6642213093163406 3
0.5417547544419258 0.48928057984038154 0.695324069617672 0.5922336118389232 0.45018355935957366 7
0.34809435022069746 0.747864034596725 0.2899581273589241 0.19064738528402758 0.6642213093163406 3
0.7243926616302555 0.6532202459600828 0.35241580213261936 0.3481056627749066 0.18783739139899014 7
0.8769742637646495 0.3123064956628726 0.017461321110258 0.3198836296568963 0.5867438832479029 5
0.8889330351746377 0.10959211152317416 0.5796366684049042 0.7812863566354943 0.9097308945788811 8
0.9034997014621761 0.15739287031683258 0.4825792154738988 0.6092656093576528 0.8606385533361217 2
0.8557343459432927 0.8802587103694542 0.6564737682127636 0.5890992117459151 0.04326696332325686 7
0.5868950988605109 0.7432761017482361 0.034197724634012494 0.6753626762241117 0.4833928309615918 2
0.9262647126601099 0.887127212188672 0.6105857898377022 0.6702059331204031 0.9779337409662723 7
0.6742023297278612 0.8989555149277588 0.08655004438242497 0.812107598921702 0.19301001360436332 4
0.8760975018031333 0.49391700166027686 0.5457456265350658 0.4971442237540271 0.8422778984114907 7
0.7864866352409148 0.5705032968838266 0.3148681818245902 0.5198744550978959 0.15307471313922616 4
0.5205333216386411 0.570006762872769 0.5888141448889023 0.03877167980599594 0.10643961731025098 4
0.4696892315449729 0.3130812777822948 0.37567767610943703 0.735501510490479 0.7646072779646876 4
0.6801646005284951 0.17886203449963878 0.9174424014689819 0.4775333622792587 0.3033679612692347 6
0.1937296249756838 0.07843358174975734 0.43205993892447125 0.5563699331372463 0.16664478548143546 5
0.1937296249756838 0.07843358174975734 0.43205993892447125 0.5563699331372463 0.16664478548143546 5
0.5128633757908042 0.2945841280346905 0.3427422972987081 0.5129619699263374 0.1613032922220865 2
0.5417547544419258 0.48928057984038154 0.695324069617672 0.5922336118389232 0.45018355935957366 7
0.34809435022069746 0.747864034596725 0.2899581273589241 0.19064738528402758 0.6642213093163406 3
0.8769742637646495 0.3123064956628726 0.017461321110258 0.3198836296568963 0.5867438832479029 5
0.8769742637646495 0.3123064956628726 0.017461321110258 0.3198836296568963 0.5867438832479029 5
0.8889330351746377 0.10959211152317416 0.5796366684049042 0.7812863566354943 0.9097308945788811 8
0.8557343459432927 0.8802587103694542 0.6564737682127636 0.5890992117459151 0.04326696332325686 7
0.9034997014621761 0.15739287031683258 0.4825792154738988 0.6092656093576528 0.8606385533361217 2
0.9262647126601099 0.887127212188672 0.6105857898377022 0.6702059331204031 0.9779337409662723 7
0.9262647126601099 0.887127212188672 0.6105857898377022 0.6702059331204031 0.9779337409662723 7
0.5129080009769594 0.19260920548839333 0.6993997390690921 0.616192532437759 0.5480526400657968 6
0.4696892315449729 0.3130812777822948 0.37567767610943703 0.735501510490479 0.7646072779646876 4
0.6801646005284951 0.17886203449963878 0.9174424014689819 0.4775333622792587 0.3033679612692347 6
0.6973321762399914 0.0678866846502052 0.28015183480846373 0.4640944142755461 0.5667304606094168 7
0.6801646005284951 0.17886203449963878 0.9174424014689819 0.4775333622792587 0.3033679612692347 6
0.38840287781383165 0.10656400823798817 0.3681537716503762 0.4362135509762245 0.837084217109109 8
0.1937296249756838 0.07843358174975734 0.43205993892447125 0.5563699331372463 0.16664478548143546 5
0.1937296249756838 0.07843358174975734 0.43205993892447125 0.5563699331372463 0.16664478548143546 5
0.5417547544419258 0.48928057984038154 0.695324069617672 0.5922336118389232 0.45018355935957366 7
0.34809435022069746 0.747864034596725 0.2899581273589241 0.19064738528402758 0.6642213093163406 3
0.8769742637646495 0.3123064956628726 0.017461321110258 0.3198836296568963 0.5867438832479029 5
0.8769742637646495 0.3123064956628726 0.017461321110258 0.3198836296568963 0.5867438832479029 5
0.8889330351746377 0.10959211152317416 0.5796366684049042 0.7812863566354943 0.9097308945788811 8
0.8889330351746377 0.10959211152317416 0.5796366684049042 0.7812863566354943 0.9097308945788811 8
0.9034997014621761 0.15739287031683258 0.4825792154738988 0.6092656093576528 0.8606385533361217 2
0.5331804513097901 0.8381675464352619 0.4970804154400955 0.13799408805240654 0.5731918636649971 1
0.6350151820138509 0.10087177249351897 0.7005819143513752 0.8335595457252967 0.5280323796349338 5
0.6742023297278612 0.8989555149277588 0.08655004438242497 0.812107598921702 0.19301001360436332 4
0.922285862935326 0.9916099382872505 0.16600345652105408 0.21806922219323222 0.7477481257326419 5
0.922285862935326 0.9916099382872505 0.16600345652105408 0.21806922219323222 0.7477481257326419 5
0.4696892315449729 0.3130812777822948 0.37567767610943703 0.735501510490479 0.7646072779646876 4
0.6801646005284951 0.17886203449963878 0.9174424014689819 0.4775333622792587 0.3033679612692347 6
0.38840287781383165 0.10656400823798817 0.3681537716503762 0.4362135509762245 0.837084217109109 8
0.1937296249756838 0.07843358174975734 0.43205993892447125 0.5563699331372463 0.16664478548143546 5
0.1937296249756838 0.07843358174975734 0.43205993892447125 0.5563699331372463 0.16664478548143546 5
0.5417547544419258 0.48928057984038154 0.695324069617672 0.5922336118389232 0.45018355935957366 7
0.34809435022069746 0.747864034596725 0.2899581273589241 0.19064738528402758 0.6642213093163406 3
0.7243926616302555 0.6532202459600828 0.35241580213261936 0.3481056627749066 0.18783739139899014 7
0.8769742637646495 0.3123064956628726 0.017461321110258 0.3198836296568963 0.5867438832479029 5
0.8889330351746377 0.10959211152317416 0.5796366684049042 0.7812863566354943 0.9097308945788811 8
0.8889330351746377 0.10959211152317416 0.5796366684049042 0.7812863566354943 0.9097308945788811 8
0.5331804513097901 0.8381675464352619 0.4970804154400955 0.13799408805240654 0.5731918636649971 1
0.5868950988605109 0.7432761017482361 0.034197724634012494 0.6753626762241117 0.4833928309615918 2
0.6350151820138509 0.10087177249351897 0.7005819143513752 0.8335595457252967 0.5280323796349338 5
0.6742023297278612 0.8989555149277588 0.08655004438242497 0.812107598921702 0.19301001360436332 4
0.922285862935326 0.9916099382872505 0.16600345652105408 0.21806922219323222 0.7477481257326419 5
0.4696892315449729 0.3130812777822948 0.37567767610943703 0.735501510490479 0.7646072779646876 4
0.6801646005284951 0.17886203449963878 0.9174424014689819 0.4775333622792587 0.3033679612692347 6
0.38840287781383165 0.10656400823798817 0.3681537716503762 0.4362135509762245 0.837084217109109 8
0.1937296249756838 0.07843358174975734 0.43205993892447125 0.5563699331372463 0.16664478548143546 5
0.1937296249756838 0.07843358174975734 0.43205993892447125 0.5563699331372463 0.16664478548143546 5
0.5417547544419258 0.48928057984038154 0.695324069617672 0.5922336118389232 0.45018355935957366 7
0.34809435022069746 0.747864034596725 0.2899581273589241 0.19064738528402758 0.6642213093163406 3
0.7243926616302555 0.6532202459600828 0.35241580213261936 0.3481056627749066 0.18783739139899014 7
0.8769742637646495 0.3123064956628726 0.017461321110258 0.3198836296568963 0.5867438832479029 5
0.8889330351746377 0.10959211152317416 0.5796366684049042 0.7812863566354943 0.9097308945788811 8
0.8889330351746377 0.10959211152317416 0.5796366684049042 0.7812863566354943 0.9097308945788811 8
0.5331804513097901 0.8381675464352619 0.4970804154400955 0.13799408805240654 0.5731918636649971 1
0.5868950988605109 0.7432761017482361 0.034197724634012494 0.6753626762241117 0.4833928309615918 2
0.6350151820138509 0.10087177249351897 0.7005819143513752 0.8335595457252967 0.5280323796349338 5
0.6742023297278612 0.8989555149277588 0.08655004438242497 0.812107598921702 0.19301001360436332 4
0.6973321762399914 0.0678866846502052 0.28015183480846373 0.4640944142755461 0.5667304606094168 7
0.4696892315449729 0.3130812777822948 0.37567767610943703 0.735501510490479 0.7646072779646876 4
0.6973321762399914 0.0678866846502052 0.28015183480846373 0.4640944142755461 0.5667304606094168 7
0.6801646005284951 0.17886203449963878 0.9174424014689819 0.4775333622792587 0.3033679612692347 6
0.1937296249756838 0.07843358174975734 0.43205993892447125 0.5563699331372463 0.16664478548143546 5
0.1937296249756838 0.07843358174975734 0.43205993892447125 0.5563699331372463 0.16664478548143546 5
0.5128633757908042 0.2945841280346905 0.3427422972987081 0.5129619699263374 0.1613032922220865 2
0.5417547544419258 0.48928057984038154 0.695324069617672 0.5922336118389232 0.45018355935957366 7
0.7243926616302555 0.6532202459600828 0.35241580213261936 0.3481056627749066 0.18783739139899014 7
0.34809435022069746 0.747864034596725 0.2899581273589241 0.19064738528402758 0.6642213093163406 3
0.7243926616302555 0.6532202459600828 0.35241580213261936 0.3481056627749066 0.18783739139899014 7
0.8889330351746377 0.10959211152317416 0.5796366684049042 0.7812863566354943 0.9097308945788811 8
0.9034997014621761 0.15739287031683258 0.4825792154738988 0.6092656093576528 0.8606385533361217 2
0.8557343459432927 0.8802587103694542 0.6564737682127636 0.5890992117459151 0.04326696332325686 7
0.9262647126601099 0.887127212188672 0.6105857898377022 0.6702059331204031 0.9779337409662723 7
0.6350151820138509 0.10087177249351897 0.7005819143513752 0.8335595457252967 0.5280323796349338 5
0.4696892315449729 0.3130812777822948 0.37567767610943703 0.735501510490479 0.7646072779646876 4
0.922285862935326 0.9916099382872505 0.16600345652105408 0.21806922219323222 0.7477481257326419 5
0.6973321762399914 0.0678866846502052 0.28015183480846373 0.4640944142755461 0.5667304606094168 7
0.6973321762399914 0.0678866846502052 0.28015183480846373 0.4640944142755461 0.5667304606094168 7
0.6973321762399914 0.0678866846502052 0.28015183480846373 0.4640944142755461 0.5667304606094168 7
0.38840287781383165 0.10656400823798817 0.3681537716503762 0.4362135509762245 0.837084217109109 8
0.1937296249756838 0.07843358174975734 0.43205993892447125 0.5563699331372463 0.16664478548143546 5
0.1937296249756838 0.07843358174975734 0.43205993892447125 0.5563699331372463 0.16664478548143546 5
0.5417547544419258 0.48928057984038154 0.695324069617672 0.5922336118389232 0.45018355935957366 7
0.7243926616302555 0.6532202459600828 0.35241580213261936 0.3481056627749066 0.18783739139899014 7
0.8769742637646495 0.3123064956628726 0.017461321110258 0.3198836296568963 0.5867438832479029 5
0.7243926616302555 0.6532202459600828 0.35241580213261936 0.3481056627749066 0.18783739139899014 7
0.8769742637646495 0.3123064956628726 0.017461321110258 0.3198836296568963 0.5867438832479029 5
0.8557343459432927 0.8802587103694542 0.6564737682127636 0.5890992117459151 0.04326696332325686 7
0.5331804513097901 0.8381675464352619 0.4970804154400955 0.13799408805240654 0.5731918636649971 1
0.9262647126601099 0.887127212188672 0.6105857898377022 0.6702059331204031 0.9779337409662723 7
0.9262647126601099 0.887127212188672 0.6105857898377022 0.6702059331204031 0.9779337409662723 7
0.5205333216386411 0.570006762872769 0.5888141448889023 0.03877167980599594 0.10643961731025098 4
0.4696892315449729 0.3130812777822948 0.37567767610943703 0.735501510490479 0.7646072779646876 4
0.6801646005284951 0.17886203449963878 0.9174424014689819 0.4775333622792587 0.3033679612692347 6
0.6973321762399914 0.0678866846502052 0.28015183480846373 0.4640944142755461 0.5667304606094168 7
0.6801646005284951 0.17886203449963878 0.9174424014689819 0.4775333622792587 0.3033679612692347 6
0.38840287781383165 0.10656400823798817 0.3681537716503762 0.4362135509762245 0.837084217109109 8
0.1937296249756838 0.07843358174975734 0.43205993892447125 0.5563699331372463 0.16664478548143546 5
0.1937296249756838 0.07843358174975734 0.43205993892447125 0.5563699331372463 0.16664478548143546 5
0.5417547544419258 0.48928057984038154 0.695324069617672 0.5922336118389232 0.45018355935957366 7
0.34809435022069746 0.747864034596725 0.2899581273589241 0.19064738528402758 0.6642213093163406 3
0.1937296249756838 0.07843358174975734 0.43205993892447125 0.5563699331372463 0.16664478548143546 5
0.8769742637646495 0.3123064956628726 0.017461321110258 0.3198836296568963 0.5867438832479029 5
0.8889330351746377 0.10959211152317416 0.5796366684049042 0.7812863566354943 0.9097308945788811 8
0.9034997014621761 0.15739287031683258 0.4825792154738988 0.6092656093576528 0.8606385533361217 2
0.9034997014621761 0.15739287031683258 0.4825792154738988 0.6092656093576528 0.8606385533361217 2
0.5331804513097901 0.8381675464352619 0.4970804154400955 0.13799408805240654 0.5731918636649971 1
0.6350151820138509 0.10087177249351897 0.7005819143513752 0.8335595457252967 0.5280323796349338 5
0.6742023297278612 0.8989555149277588 0.08655004438242497 0.812107598921702 0.19301001360436332 4
0.922285862935326 0.9916099382872505 0.16600345652105408 0.21806922219323222 0.7477481257326419 5
0.6973321762399914 0.0678866846502052 0.28015183480846373 0.4640944142755461 0.5667304606094168 7
0.4696892315449729 0.3130812777822948 0.37567767610943703 0.735501510490479 0.7646072779646876 4
0.6973321762399914 0.0678866846502052 0.28015183480846373 0.4640944142755461 0.5667304606094168 7
0.6801646005284951 0.17886203449963878 0.9174424014689819 0.4775333622792587 0.3033679612692347 6
0.38840287781383165 0.10656400823798817 0.3681537716503762 0.4362135509762245 0.837084217109109 8
0.1937296249756838 0.07843358174975734 0.43205993892447125 0.5563699331372463 0.16664478548143546 5
0.38840287781383165 0.10656400823798817 0.3681537716503762 0.4362135509762245 0.837084217109109 8
0.5128633757908042 0.2945841280346905 0.3427422972987081 0.5129619699263374 0.1613032922220865 2
0.5417547544419258 0.48928057984038154 0.695324069617672 0.5922336118389232 0.45018355935957366 7
0.1937296249756838 0.07843358174975734 0.43205993892447125 0.5563699331372463 0.16664478548143546 5
0.8769742637646495 0.3123064956628726 0.017461321110258 0.3198836296568963 0.5867438832479029 5
0.8557343459432927 0.8802587103694542 0.6564737682127636 0.5890992117459151 0.04326696332325686 7
0.8889330351746377 0.10959211152317416 0.5796366684049042 0.7812863566354943 0.9097308945788811 8
0.5331804513097901 0.8381675464352619 0.4970804154400955 0.13799408805240654 0.5731918636649971 1
0.6350151820138509 0.10087177249351897 0.7005819143513752 0.8335595457252967 0.5280323796349338 5
0.6350151820138509 0.10087177249351897 0.7005819143513752 0.8335595457252967 0.5280323796349338 5
0.7377059526328018 0.5968593788305663 0.22506214079956466 0.8812927017440566 0.7771926200631324 5
0.5205333216386411 0.570006762872769 0.5888141448889023 0.03877167980599594 0.10643961731025098 4
0.6973321762399914 0.0678866846502052 0.28015183480846373 0.4640944142755461 0.5667304606094168 7
0.6973321762399914 0.0678866846502052 0.28015183480846373 0.4640944142755461 0.5667304606094168 7
0.6801646005284951 0.17886203449963878 0.9174424014689819 0.4775333622792587 0.3033679612692347 6
0.38840287781383165 0.10656400823798817 0.3681537716503762 0.4362135509762245 0.837084217109109 8
0.1937296249756838 0.07843358174975734 0.43205993892447125 0.5563699331372463 0.16664478548143546 5
0.5128633757908042 0.2945841280346905 0.3427422972987081 0.5129619699263374 0.1613032922220865 2
0.5128633757908042 0.2945841280346905 0.3427422972987081 0.5129619699263374 0.1613032922220865 2
0.5417547544419258 0.48928057984038154 0.695324069617672 0.5922336118389232 0.45018355935957366 7
0.34809435022069746 0.747864034596725 0.2899581273589241 0.19064738528402758 0.6642213093163406 3
0.8769742637646495 0.3123064956628726 0.017461321110258 0.3198836296568963 0.5867438832479029 5
0.8769742637646495 0.3123064956628726 0.017461321110258 0.3198836296568963 0.5867438832479029 5
0.9034997014621761 0.15739287031683258 0.4825792154738988 0.6092656093576528 0.8606385533361217 2
0.8557343459432927 0.8802587103694542 0.6564737682127636 0.5890992117459151 0.04326696332325686 7
0.9262647126601099 0.887127212188672 0.6105857898377022 0.6702059331204031 0.9779337409662723 7
0.5205333216386411 0.570006762872769 0.5888141448889023 0.03877167980599594 0.10643961731025098 4
0.5205333216386411 0.570006762872769 0.5888141448889023 0.03877167980599594 0.10643961731025098 4
0.6973321762399914 0.0678866846502052 0.28015183480846373 0.4640944142755461 0.5667304606094168 7
0.4696892315449729 0.3130812777822948 0.37567767610943703 0.735501510490479 0.7646072779646876 4
0.6973321762399914 0.0678866846502052 0.28015183480846373 0.4640944142755461 0.5667304606094168 7
0.6801646005284951 0.17886203449963878 0.9174424014689819 0.4775333622792587 0.3033679612692347 6
0.38840287781383165 0.10656400823798817 0.3681537716503762 0.4362135509762245 0.837084217109109 8
0.1937296249756838 0.07843358174975734 0.43205993892447125 0.5563699331372463 0.16664478548143546 5
0.38840287781383165 0.10656400823798817 0.3681537716503762 0.4362135509762245 0.837084217109109 8
0.5128633757908042 0.2945841280346905 0.3427422972987081 0.5129619699263374 0.1613032922220865 2
0.5417547544419258 0.48928057984038154 0.695324069617672 0.5922336118389232 0.45018355935957366 7
0.7243926616302555 0.6532202459600828 0.35241580213261936 0.3481056627749066 0.18783739139899014 7
0.8769742637646495 0.3123064956628726 0.017461321110258 0.3198836296568963 0.5867438832479029 5
0.8889330351746377 0.10959211152317416 0.5796366684049042 0.7812863566354943 0.9097308945788811 8
0.8889330351746377 0.10959211152317416 0.5796366684049042 0.7812863566354943 0.9097308945788811 8
0.5331804513097901 0.8381675464352619 0.4970804154400955 0.13799408805240654 0.5731918636649971 1
0.6350151820138509 0.10087177249351897 0.7005819143513752 0.8335595457252967 0.5280323796349338 5
0.6350151820138509 0.10087177249351897 0.7005819143513752 0.8335595457252967 0.5280323796349338 5
0.4696892315449729 0.3130812777822948 0.37567767610943703 0.735501510490479 0.7646072779646876 4
