population 0 fitness 1.0022057915874774 years 66.0 length 17
population 1 fitness 1.0017608617650449 years 66.0 length 18
population 2 fitness 1.0019792891424415 years 25.0 length 17
population 3 fitness 1.0019792891424415 years 25.0 length 15
population 4 fitness 1.001227741747667 years 44.0 length 17
population 5 fitness 1.001227741747667 years 44.0 length 17
population 6 fitness 1.0011743616716815 years 23.0 length 16
population 7 fitness 1.0011743616716815 years 23.0 length 16
population 8 fitness 1.0013505159224336 years 40.0 length 17
population 9 fitness 1.0013505159224336 years 40.0 length 17
population 10 fitness 1.001286205640413 years 21.0 length 16
population 11 fitness 1.001286205640413 years 21.0 length 16
population 12 fitness 1.0013505159224336 years 20.0 length 17
population 13 fitness 1.0013505159224336 years 20.0 length 18
population 14 fitness 1.0015888422616868 years 34.0 length 18
population 15 fitness 1.0015888422616868 years 34.0 length 18
population 16 fitness 1.0015005732471485 years 18.0 length 16
population 17 fitness 1.0015005732471485 years 18.0 length 18
population 18 fitness 1.0015888422616868 years 17.0 length 17
population 19 fitness 1.0015888422616868 years 17.0 length 16
population 20 fitness 1.0016587456900568 years 28.0 length 16
population 21 fitness 1.0016587456900568 years 28.0 length 16
population 22 fitness 1.001548162644053 years 15.0 length 18
population 23 fitness 1.001548162644053 years 15.0 length 18
population 24 fitness 1.0019352033050664 years 24.0 length 18
population 25 fitness 1.0019352033050664 years 24.0 length 18
population 26 fitness 1.0011415525114156 years 12.0 length 18
population 27 fitness 1.0011415525114156 years 12.0 length 17
population 28 fitness 1.0015220700152208 years 18.0 length 16
population 29 fitness 1.0015220700152208 years 18.0 length 16
population 30 fitness 1.0017123287671232 years 16.0 length 16
population 31 fitness 1.0017123287671232 years 16.0 length 16
population 32 fitness 1.0015220700152208 years 9.0 length 17
population 33 fitness 1.0015220700152208 years 9.0 length 18
population 34 fitness 1.0 years 7.0 length 18
population 35 fitness 1.0 years 7.0 length 18
population 36 fitness 1.0 years 6.0 length 17
population 37 fitness 1.0 years 6.0 length 18
population 38 fitness 1.0 years 6.0 length 16
population 39 fitness 1.0 years 6.0 length 16

0.20630476224882 0.3633888986700139 0.02131656484945388 0.6733256412540345 0.6392810261328764 3
0.5229632443735194 0.4842278013976513 0.6153523955629043 0.8276387255554828 0.6809567989939858 6
0.019339027287413324 0.2766582823302616 0.6840866031337659 0.5315935883968884 0.09047940232520157 5
0.019339027287413324 0.2766582823302616 0.6840866031337659 0.5315935883968884 0.09047940232520157 5
0.019339027287413324 0.2766582823302616 0.6840866031337659 0.5315935883968884 0.09047940232520157 5
0.240051703033203 0.5267322664978441 0.0946157464217039 0.09174279311008793 0.7589544948026927 8
0.055629249251546664 0.3334316930659085 0.4794159700863193 0.5756112299909922 0.8332746801031347 8
0.448092842089152 0.9449383504527685 0.2929133347875309 0.4107240287456825 0.9716392826258087 2
0.20526082134146761 0.20971918797612654 0.18132544822655594 0.0662905945899871 0.44370379809262495 5
0.20526082134146761 0.20971918797612654 0.18132544822655594 0.0662905945899871 0.44370379809262495 5
0.055629249251546664 0.3334316930659085 0.4794159700863193 0.5756112299909922 0.8332746801031347 8
0.055629249251546664 0.3334316930659085 0.4794159700863193 0.5756112299909922 0.8332746801031347 8
0.9536640959161098 0.22019372684461436 0.19410743340569192 0.19761674743379187 0.08261329073776058 8
0.01437906794514121 0.6316478449450015 0.6478600028734187 0.7984701028526995 0.01599032676509804 5
0.6858184657930599 0.5211611043078542 2.7929188185293885E-4 0.6081790866391467 0.13229556331712722 3
0.49453811499703915 0.9287900821206587 0.042879340944184774 0.7075542831624176 0.9724656640275665 2
0.718547557047936 0.710315710665021 0.8571361334066283 0.6756913227064684 0.8584179416214157 8
0.20630476224882 0.3633888986700139 0.02131656484945388 0.6733256412540345 0.6392810261328764 3
0.5229632443735194 0.4842278013976513 0.6153523955629043 0.8276387255554828 0.6809567989939858 6
0.5229632443735194 0.4842278013976513 0.6153523955629043 0.8276387255554828 0.6809567989939858 6
0.019339027287413324 0.2766582823302616 0.6840866031337659 0.5315935883968884 0.09047940232520157 5
0.5229632443735194 0.4842278013976513 0.6153523955629043 0.8276387255554828 0.6809567989939858 6
0.240051703033203 0.5267322664978441 0.0946157464217039 0.09174279311008793 0.7589544948026927 8
0.240051703033203 0.5267322664978441 0.0946157464217039 0.09174279311008793 0.7589544948026927 8
0.240051703033203 0.5267322664978441 0.0946157464217039 0.09174279311008793 0.7589544948026927 8
0.055629249251546664 0.3334316930659085 0.4794159700863193 0.5756112299909922 0.8332746801031347 8
0.055629249251546664 0.3334316930659085 0.4794159700863193 0.5756112299909922 0.8332746801031347 8
0.055629249251546664 0.3334316930659085 0.4794159700863193 0.5756112299909922 0.8332746801031347 8
0.055629249251546664 0.3334316930659085 0.4794159700863193 0.5756112299909922 0.8332746801031347 8
0.9536640959161098 0.22019372684461436 0.19410743340569192 0.19761674743379187 0.08261329073776058 8
0.01437906794514121 0.6316478449450015 0.6478600028734187 0.7984701028526995 0.01599032676509804 5
0.6858184657930599 0.5211611043078542 2.7929188185293885E-4 0.6081790866391467 0.13229556331712722 3
0.49453811499703915 0.9287900821206587 0.042879340944184774 0.7075542831624176 0.9724656640275665 2
0.718547557047936 0.710315710665021 0.8571361334066283 0.6756913227064684 0.8584179416214157 8
0.11121564100459536 0.5161846435195504 0.5679117806786866 0.0518812864872088 0.928554827136862 5
0.019339027287413324 0.2766582823302616 0.6840866031337659 0.5315935883968884 0.09047940232520157 5
0.019339027287413324 0.2766582823302616 0.6840866031337659 0.5315935883968884 0.09047940232520157 5
0.5229632443735194 0.4842278013976513 0.6153523955629043 0.8276387255554828 0.6809567989939858 6
0.019339027287413324 0.2766582823302616 0.6840866031337659 0.5315935883968884 0.09047940232520157 5
0.5229632443735194 0.4842278013976513 0.6153523955629043 0.8276387255554828 0.6809567989939858 6
0.240051703033203 0.5267322664978441 0.0946157464217039 0.09174279311008793 0.7589544948026927 8
0.240051703033203 0.5267322664978441 0.0946157464217039 0.09174279311008793 0.7589544948026927 8
0.240051703033203 0.5267322664978441 0.0946157464217039 0.09174279311008793 0.7589544948026927 8
0.055629249251546664 0.3334316930659085 0.4794159700863193 0.5756112299909922 0.8332746801031347 8
0.20526082134146761 0.20971918797612654 0.18132544822655594 0.0662905945899871 0.44370379809262495 5
0.055629249251546664 0.3334316930659085 0.4794159700863193 0.5756112299909922 0.8332746801031347 8
0.055629249251546664 0.3334316930659085 0.4794159700863193 0.5756112299909922 0.8332746801031347 8
0.6858184657930599 0.5211611043078542 2.7929188185293885E-4 0.6081790866391467 0.13229556331712722 3
0.9245553628661096 0.1141448850862995 0.7659373725623874 0.03594824141050579 0.11529322209497239 1
0.9245553628661096 0.1141448850862995 0.7659373725623874 0.03594824141050579 0.11529322209497239 1
0.5229632443735194 0.4842278013976513 0.6153523955629043 0.8276387255554828 0.6809567989939858 6
0.5229632443735194 0.4842278013976513 0.6153523955629043 0.8276387255554828 0.6809567989939858 6
0.5229632443735194 0.4842278013976513 0.6153523955629043 0.8276387255554828 0.6809567989939858 6
0.5229632443735194 0.4842278013976513 0.6153523955629043 0.8276387255554828 0.6809567989939858 6
0.5229632443735194 0.4842278013976513 0.6153523955629043 0.8276387255554828 0.6809567989939858 6
0.5229632443735194 0.4842278013976513 0.6153523955629043 0.8276387255554828 0.6809567989939858 6
0.5229632443735194 0.4842278013976513 0.6153523955629043 0.8276387255554828 0.6809567989939858 6
0.240051703033203 0.5267322664978441 0.0946157464217039 0.09174279311008793 0.7589544948026927 8
0.240051703033203 0.5267322664978441 0.0946157464217039 0.09174279311008793 0.7589544948026927 8
0.240051703033203 0.5267322664978441 0.0946157464217039 0.09174279311008793 0.7589544948026927 8
0.20526082134146761 0.20971918797612654 0.18132544822655594 0.0662905945899871 0.44370379809262495 5
0.20526082134146761 0.20971918797612654 0.18132544822655594 0.0662905945899871 0.44370379809262495 5
0.055629249251546664 0.3334316930659085 0.4794159700863193 0.5756112299909922 0.8332746801031347 8
0.9536640959161098 0.22019372684461436 0.19410743340569192 0.19761674743379187 0.08261329073776058 8
0.6649441598072531 0.6038561148264147 0.989970734947823 0.6940512149066121 0.22898745838318257 4
0.6858184657930599 0.5211611043078542 2.7929188185293885E-4 0.6081790866391467 0.13229556331712722 3
0.4329982016382994 0.3392840826798179 0.500780217991321 0.3188378751880069 0.23082643872541864 3
0.019339027287413324 0.2766582823302616 0.6840866031337659 0.5315935883968884 0.09047940232520157 5
0.5229632443735194 0.4842278013976513 0.6153523955629043 0.8276387255554828 0.6809567989939858 6
0.5229632443735194 0.4842278013976513 0.6153523955629043 0.8276387255554828 0.6809567989939858 6
0.019339027287413324 0.2766582823302616 0.6840866031337659 0.5315935883968884 0.09047940232520157 5
0.5229632443735194 0.4842278013976513 0.6153523955629043 0.8276387255554828 0.6809567989939858 6
0.7484635144333839 0.9698342781272007 0.1634345027470251 0.1331507642818862 0.6335030995257447 8
0.055629249251546664 0.3334316930659085 0.4794159700863193 0.5756112299909922 0.8332746801031347 8
0.240051703033203 0.5267322664978441 0.0946157464217039 0.09174279311008793 0.7589544948026927 8
0.37846767699733663 0.26255533210643955 0.3220200687511626 0.7929639424664687 0.3780135224413459 7
0.20526082134146761 0.20971918797612654 0.18132544822655594 0.0662905945899871 0.44370379809262495 5
0.055629249251546664 0.3334316930659085 0.4794159700863193 0.5756112299909922 0.8332746801031347 8
0.055629249251546664 0.3334316930659085 0.4794159700863193 0.5756112299909922 0.8332746801031347 8
0.055629249251546664 0.3334316930659085 0.4794159700863193 0.5756112299909922 0.8332746801031347 8
0.6858184657930599 0.5211611043078542 2.7929188185293885E-4 0.6081790866391467 0.13229556331712722 3
0.9245553628661096 0.1141448850862995 0.7659373725623874 0.03594824141050579 0.11529322209497239 1
0.9245553628661096 0.1141448850862995 0.7659373725623874 0.03594824141050579 0.11529322209497239 1
0.5229632443735194 0.4842278013976513 0.6153523955629043 0.8276387255554828 0.6809567989939858 6
0.019339027287413324 0.2766582823302616 0.6840866031337659 0.5315935883968884 0.09047940232520157 5
0.5229632443735194 0.4842278013976513 0.6153523955629043 0.8276387255554828 0.6809567989939858 6
0.5229632443735194 0.4842278013976513 0.6153523955629043 0.8276387255554828 0.6809567989939858 6
0.019339027287413324 0.2766582823302616 0.6840866031337659 0.5315935883968884 0.09047940232520157 5
0.5229632443735194 0.4842278013976513 0.6153523955629043 0.8276387255554828 0.6809567989939858 6
0.7484635144333839 0.9698342781272007 0.1634345027470251 0.1331507642818862 0.6335030995257447 8
0.055629249251546664 0.3334316930659085 0.4794159700863193 0.5756112299909922 0.8332746801031347 8
0.240051703033203 0.5267322664978441 0.0946157464217039 0.09174279311008793 0.7589544948026927 8
0.37846767699733663 0.26255533210643955 0.3220200687511626 0.7929639424664687 0.3780135224413459 7
0.20526082134146761 0.20971918797612654 0.18132544822655594 0.0662905945899871 0.44370379809262495 5
0.055629249251546664 0.3334316930659085 0.4794159700863193 0.5756112299909922 0.8332746801031347 8
0.055629249251546664 0.3334316930659085 0.4794159700863193 0.5756112299909922 0.8332746801031347 8
0.055629249251546664 0.3334316930659085 0.4794159700863193 0.5756112299909922 0.8332746801031347 8
0.6858184657930599 0.5211611043078542 2.7929188185293885E-4 0.6081790866391467 0.13229556331712722 3
0.9245553628661096 0.1141448850862995 0.7659373725623874 0.03594824141050579 0.11529322209497239 1
0.9245553628661096 0.1141448850862995 0.7659373725623874 0.03594824141050579 0.11529322209497239 1
0.5229632443735194 0.4842278013976513 0.6153523955629043 0.8276387255554828 0.6809567989939858 6
0.5229632443735194 0.4842278013976513 0.6153523955629043 0.8276387255554828 0.6809567989939858 6
0.5229632443735194 0.4842278013976513 0.6153523955629043 0.8276387255554828 0.6809567989939858 6
0.019339027287413324 0.2766582823302616 0.6840866031337659 0.5315935883968884 0.09047940232520157 5
0.5229632443735194 0.4842278013976513 0.6153523955629043 0.8276387255554828 0.6809567989939858 6
0.5229632443735194 0.4842278013976513 0.6153523955629043 0.8276387255554828 0.6809567989939858 6
0.7484635144333839 0.9698342781272007 0.1634345027470251 0.1331507642818862 0.6335030995257447 8
0.240051703033203 0.5267322664978441 0.0946157464217039 0.09174279311008793 0.7589544948026927 8
0.37846767699733663 0.26255533210643955 0.3220200687511626 0.7929639424664687 0.3780135224413459 7
0.20526082134146761 0.20971918797612654 0.18132544822655594 0.0662905945899871 0.44370379809262495 5
0.055629249251546664 0.3334316930659085 0.4794159700863193 0.5756112299909922 0.8332746801031347 8
0.055629249251546664 0.3334316930659085 0.4794159700863193 0.5756112299909922 0.8332746801031347 8
0.055629249251546664 0.3334316930659085 0.4794159700863193 0.5756112299909922 0.8332746801031347 8
0.055629249251546664 0.3334316930659085 0.4794159700863193 0.5756112299909922 0.8332746801031347 8
0.6649441598072531 0.6038561148264147 0.989970734947823 0.6940512149066121 0.22898745838318257 4
0.6858184657930599 0.5211611043078542 2.7929188185293885E-4 0.6081790866391467 0.13229556331712722 3
0.9245553628661096 0.1141448850862995 0.7659373725623874 0.03594824141050579 0.11529322209497239 1
0.9245553628661096 0.1141448850862995 0.7659373725623874 0.03594824141050579 0.11529322209497239 1
0.5229632443735194 0.4842278013976513 0.6153523955629043 0.8276387255554828 0.6809567989939858 6
0.019339027287413324 0.2766582823302616 0.6840866031337659 0.5315935883968884 0.09047940232520157 5
0.019339027287413324 0.2766582823302616 0.6840866031337659 0.5315935883968884 0.09047940232520157 5
0.019339027287413324 0.2766582823302616 0.6840866031337659 0.5315935883968884 0.09047940232520157 5
0.7484635144333839 0.9698342781272007 0.1634345027470251 0.1331507642818862 0.6335030995257447 8
0.240051703033203 0.5267322664978441 0.0946157464217039 0.09174279311008793 0.7589544948026927 8
0.240051703033203 0.5267322664978441 0.0946157464217039 0.09174279311008793 0.7589544948026927 8
0.37846767699733663 0.26255533210643955 0.3220200687511626 0.7929639424664687 0.3780135224413459 7
0.20526082134146761 0.20971918797612654 0.18132544822655594 0.0662905945899871 0.44370379809262495 5
0.055629249251546664 0.3334316930659085 0.4794159700863193 0.5756112299909922 0.8332746801031347 8
0.055629249251546664 0.3334316930659085 0.4794159700863193 0.5756112299909922 0.8332746801031347 8
0.055629249251546664 0.3334316930659085 0.4794159700863193 0.5756112299909922 0.8332746801031347 8
0.6649441598072531 0.6038561148264147 0.989970734947823 0.6940512149066121 0.22898745838318257 4
0.6858184657930599 0.5211611043078542 2.7929188185293885E-4 0.6081790866391467 0.13229556331712722 3
0.9245553628661096 0.1141448850862995 0.7659373725623874 0.03594824141050579 0.11529322209497239 1
0.019339027287413324 0.2766582823302616 0.6840866031337659 0.5315935883968884 0.09047940232520157 5
0.20630476224882 0.3633888986700139 0.02131656484945388 0.6733256412540345 0.6392810261328764 3
0.5229632443735194 0.4842278013976513 0.6153523955629043 0.8276387255554828 0.6809567989939858 6
0.019339027287413324 0.2766582823302616 0.6840866031337659 0.5315935883968884 0.09047940232520157 5
0.5229632443735194 0.4842278013976513 0.6153523955629043 0.8276387255554828 0.6809567989939858 6
0.5229632443735194 0.4842278013976513 0.6153523955629043 0.8276387255554828 0.6809567989939858 6
0.240051703033203 0.5267322664978441 0.0946157464217039 0.09174279311008793 0.7589544948026927 8
0.240051703033203 0.5267322664978441 0.0946157464217039 0.09174279311008793 0.7589544948026927 8
0.37846767699733663 0.26255533210643955 0.3220200687511626 0.7929639424664687 0.3780135224413459 7
0.20526082134146761 0.20971918797612654 0.18132544822655594 0.0662905945899871 0.44370379809262495 5
0.055629249251546664 0.3334316930659085 0.4794159700863193 0.5756112299909922 0.8332746801031347 8
0.9536640959161098 0.22019372684461436 0.19410743340569192 0.19761674743379187 0.08261329073776058 8
0.6858184657930599 0.5211611043078542 2.7929188185293885E-4 0.6081790866391467 0.13229556331712722 3
0.9245553628661096 0.1141448850862995 0.7659373725623874 0.03594824141050579 0.11529322209497239 1
0.9245553628661096 0.1141448850862995 0.7659373725623874 0.03594824141050579 0.11529322209497239 1
0.5229632443735194 0.4842278013976513 0.6153523955629043 0.8276387255554828 0.6809567989939858 6
0.39524613178576684 0.43638352305122663 0.08997745337877294 0.7748624498512439 0.3001373636775583 2
0.019339027287413324 0.2766582823302616 0.6840866031337659 0.5315935883968884 0.09047940232520157 5
0.20630476224882 0.3633888986700139 0.02131656484945388 0.6733256412540345 0.6392810261328764 3
0.5229632443735194 0.4842278013976513 0.6153523955629043 0.8276387255554828 0.6809567989939858 6
0.019339027287413324 0.2766582823302616 0.6840866031337659 0.5315935883968884 0.09047940232520157 5
0.5229632443735194 0.4842278013976513 0.6153523955629043 0.8276387255554828 0.6809567989939858 6
0.5229632443735194 0.4842278013976513 0.6153523955629043 0.8276387255554828 0.6809567989939858 6
0.240051703033203 0.5267322664978441 0.0946157464217039 0.09174279311008793 0.7589544948026927 8
0.240051703033203 0.5267322664978441 0.0946157464217039 0.09174279311008793 0.7589544948026927 8
0.37846767699733663 0.26255533210643955 0.3220200687511626 0.7929639424664687 0.3780135224413459 7
0.20526082134146761 0.20971918797612654 0.18132544822655594 0.0662905945899871 0.44370379809262495 5
0.055629249251546664 0.3334316930659085 0.4794159700863193 0.5756112299909922 0.8332746801031347 8
0.9536640959161098 0.22019372684461436 0.19410743340569192 0.19761674743379187 0.08261329073776058 8
0.6858184657930599 0.5211611043078542 2.7929188185293885E-4 0.6081790866391467 0.13229556331712722 3
0.9245553628661096 0.1141448850862995 0.7659373725623874 0.03594824141050579 0.11529322209497239 1
0.9245553628661096 0.1141448850862995 0.7659373725623874 0.03594824141050579 0.11529322209497239 1
0.5229632443735194 0.4842278013976513 0.6153523955629043 0.8276387255554828 0.6809567989939858 6
0.39524613178576684 0.43638352305122663 0.08997745337877294 0.7748624498512439 0.3001373636775583 2
0.5229632443735194 0.4842278013976513 0.6153523955629043 0.8276387255554828 0.6809567989939858 6
0.019339027287413324 0.2766582823302616 0.6840866031337659 0.5315935883968884 0.09047940232520157 5
0.019339027287413324 0.2766582823302616 0.6840866031337659 0.5315935883968884 0.09047940232520157 5
0.019339027287413324 0.2766582823302616 0.6840866031337659 0.5315935883968884 0.09047940232520157 5
0.5229632443735194 0.4842278013976513 0.6153523955629043 0.8276387255554828 0.6809567989939858 6
0.7484635144333839 0.9698342781272007 0.1634345027470251 0.1331507642818862 0.6335030995257447 8
0.055629249251546664 0.3334316930659085 0.4794159700863193 0.5756112299909922 0.8332746801031347 8
0.240051703033203 0.5267322664978441 0.0946157464217039 0.09174279311008793 0.7589544948026927 8
0.240051703033203 0.5267322664978441 0.0946157464217039 0.09174279311008793 0.7589544948026927 8
0.055629249251546664 0.3334316930659085 0.4794159700863193 0.5756112299909922 0.8332746801031347 8
0.03902982328691351 0.43454633585157965 0.398898788625335 0.23460270898534308 0.6857552948228712 4
0.055629249251546664 0.3334316930659085 0.4794159700863193 0.5756112299909922 0.8332746801031347 8
0.6649441598072531 0.6038561148264147 0.989970734947823 0.6940512149066121 0.22898745838318257 4
0.01437906794514121 0.6316478449450015 0.6478600028734187 0.7984701028526995 0.01599032676509804 5
0.4329982016382994 0.3392840826798179 0.500780217991321 0.3188378751880069 0.23082643872541864 3
0.20630476224882 0.3633888986700139 0.02131656484945388 0.6733256412540345 0.6392810261328764 3
0.5229632443735194 0.4842278013976513 0.6153523955629043 0.8276387255554828 0.6809567989939858 6
0.5229632443735194 0.4842278013976513 0.6153523955629043 0.8276387255554828 0.6809567989939858 6
0.5229632443735194 0.4842278013976513 0.6153523955629043 0.8276387255554828 0.6809567989939858 6
0.5229632443735194 0.4842278013976513 0.6153523955629043 0.8276387255554828 0.6809567989939858 6
0.5229632443735194 0.4842278013976513 0.6153523955629043 0.8276387255554828 0.6809567989939858 6
0.240051703033203 0.5267322664978441 0.0946157464217039 0.09174279311008793 0.7589544948026927 8
0.240051703033203 0.5267322664978441 0.0946157464217039 0.09174279311008793 0.7589544948026927 8
0.240051703033203 0.5267322664978441 0.0946157464217039 0.09174279311008793 0.7589544948026927 8
0.20526082134146761 0.20971918797612654 0.18132544822655594 0.0662905945899871 0.44370379809262495 5
0.20526082134146761 0.20971918797612654 0.18132544822655594 0.0662905945899871 0.44370379809262495 5
0.055629249251546664 0.3334316930659085 0.4794159700863193 0.5756112299909922 0.8332746801031347 8
0.055629249251546664 0.3334316930659085 0.4794159700863193 0.5756112299909922 0.8332746801031347 8
0.055629249251546664 0.3334316930659085 0.4794159700863193 0.5756112299909922 0.8332746801031347 8
0.6858184657930599 0.5211611043078542 2.7929188185293885E-4 0.6081790866391467 0.13229556331712722 3
0.4329982016382994 0.3392840826798179 0.500780217991321 0.3188378751880069 0.23082643872541864 3
0.4329982016382994 0.3392840826798179 0.500780217991321 0.3188378751880069 0.23082643872541864 3
0.019339027287413324 0.2766582823302616 0.6840866031337659 0.5315935883968884 0.09047940232520157 5
0.5229632443735194 0.4842278013976513 0.6153523955629043 0.8276387255554828 0.6809567989939858 6
0.5229632443735194 0.4842278013976513 0.6153523955629043 0.8276387255554828 0.6809567989939858 6
0.019339027287413324 0.2766582823302616 0.6840866031337659 0.5315935883968884 0.09047940232520157 5
0.5229632443735194 0.4842278013976513 0.6153523955629043 0.8276387255554828 0.6809567989939858 6
0.7484635144333839 0.9698342781272007 0.1634345027470251 0.1331507642818862 0.6335030995257447 8
0.055629249251546664 0.3334316930659085 0.4794159700863193 0.5756112299909922 0.8332746801031347 8
0.240051703033203 0.5267322664978441 0.0946157464217039 0.09174279311008793 0.7589544948026927 8
0.20526082134146761 0.20971918797612654 0.18132544822655594 0.0662905945899871 0.44370379809262495 5
0.20526082134146761 0.20971918797612654 0.18132544822655594 0.0662905945899871 0.44370379809262495 5
0.055629249251546664 0.3334316930659085 0.4794159700863193 0.5756112299909922 0.8332746801031347 8
0.055629249251546664 0.3334316930659085 0.4794159700863193 0.5756112299909922 0.8332746801031347 8
0.055629249251546664 0.3334316930659085 0.4794159700863193 0.5756112299909922 0.8332746801031347 8
0.6858184657930599 0.5211611043078542 2.7929188185293885E-4 0.6081790866391467 0.13229556331712722 3
0.9245553628661096 0.1141448850862995 0.7659373725623874 0.03594824141050579 0.11529322209497239 1
0.9245553628661096 0.1141448850862995 0.7659373725623874 0.03594824141050579 0.11529322209497239 1
0.5229632443735194 0.4842278013976513 0.6153523955629043 0.8276387255554828 0.6809567989939858 6
0.9245553628661096 0.1141448850862995 0.7659373725623874 0.03594824141050579 0.11529322209497239 1
0.5229632443735194 0.4842278013976513 0.6153523955629043 0.8276387255554828 0.6809567989939858 6
0.019339027287413324 0.2766582823302616 0.6840866031337659 0.5315935883968884 0.09047940232520157 5
0.019339027287413324 0.2766582823302616 0.6840866031337659 0.5315935883968884 0.09047940232520157 5
0.5229632443735194 0.4842278013976513 0.6153523955629043 0.8276387255554828 0.6809567989939858 6
0.7484635144333839 0.9698342781272007 0.1634345027470251 0.1331507642818862 0.6335030995257447 8
0.240051703033203 0.5267322664978441 0.0946157464217039 0.09174279311008793 0.7589544948026927 8
0.240051703033203 0.5267322664978441 0.0946157464217039 0.09174279311008793 0.7589544948026927 8
0.37846767699733663 0.26255533210643955 0.3220200687511626 0.7929639424664687 0.3780135224413459 7
0.055629249251546664 0.3334316930659085 0.4794159700863193 0.5756112299909922 0.8332746801031347 8
0.055629249251546664 0.3334316930659085 0.4794159700863193 0.5756112299909922 0.8332746801031347 8
0.055629249251546664 0.3334316930659085 0.4794159700863193 0.5756112299909922 0.8332746801031347 8
0.055629249251546664 0.3334316930659085 0.4794159700863193 0.5756112299909922 0.8332746801031347 8
0.6649441598072531 0.6038561148264147 0.989970734947823 0.6940512149066121 0.22898745838318257 4
0.6858184657930599 0.5211611043078542 2.7929188185293885E-4 0.6081790866391467 0.13229556331712722 3
0.49453811499703915 0.9287900821206587 0.042879340944184774 0.7075542831624176 0.9724656640275665 2
0.718547557047936 0.710315710665021 0.8571361334066283 0.6756913227064684 0.8584179416214157 8
0.11121564100459536 0.5161846435195504 0.5679117806786866 0.0518812864872088 0.928554827136862 5
0.5229632443735194 0.4842278013976513 0.6153523955629043 0.8276387255554828 0.6809567989939858 6
0.019339027287413324 0.2766582823302616 0.6840866031337659 0.5315935883968884 0.09047940232520157 5
0.019339027287413324 0.2766582823302616 0.6840866031337659 0.5315935883968884 0.09047940232520157 5
0.5229632443735194 0.4842278013976513 0.6153523955629043 0.8276387255554828 0.6809567989939858 6
0.240051703033203 0.5267322664978441 0.0946157464217039 0.09174279311008793 0.7589544948026927 8
0.240051703033203 0.5267322664978441 0.0946157464217039 0.09174279311008793 0.7589544948026927 8
0.240051703033203 0.5267322664978441 0.0946157464217039 0.09174279311008793 0.7589544948026927 8
0.055629249251546664 0.3334316930659085 0.4794159700863193 0.5756112299909922 0.8332746801031347 8
0.055629249251546664 0.3334316930659085 0.4794159700863193 0.5756112299909922 0.8332746801031347 8
0.055629249251546664 0.3334316930659085 0.4794159700863193 0.5756112299909922 0.8332746801031347 8
0.055629249251546664 0.3334316930659085 0.4794159700863193 0.5756112299909922 0.8332746801031347 8
0.055629249251546664 0.3334316930659085 0.4794159700863193 0.5756112299909922 0.8332746801031347 8
0.6649441598072531 0.6038561148264147 0.989970734947823 0.6940512149066121 0.22898745838318257 4
0.6858184657930599 0.5211611043078542 2.7929188185293885E-4 0.6081790866391467 0.13229556331712722 3
0.49453811499703915 0.9287900821206587 0.042879340944184774 0.7075542831624176 0.9724656640275665 2
0.718547557047936 0.710315710665021 0.8571361334066283 0.6756913227064684 0.8584179416214157 8
0.11121564100459536 0.5161846435195504 0.5679117806786866 0.0518812864872088 0.928554827136862 5
0.46075030019523544 0.5532727138381092 0.2517381403213367 0.6653791909397376 0.49411695237871256 8
0.5229632443735194 0.4842278013976513 0.6153523955629043 0.8276387255554828 0.6809567989939858 6
0.019339027287413324 0.2766582823302616 0.6840866031337659 0.5315935883968884 0.09047940232520157 5
0.019339027287413324 0.2766582823302616 0.6840866031337659 0.5315935883968884 0.09047940232520157 5
0.5229632443735194 0.4842278013976513 0.6153523955629043 0.8276387255554828 0.6809567989939858 6
0.240051703033203 0.5267322664978441 0.0946157464217039 0.09174279311008793 0.7589544948026927 8
0.240051703033203 0.5267322664978441 0.0946157464217039 0.09174279311008793 0.7589544948026927 8
0.240051703033203 0.5267322664978441 0.0946157464217039 0.09174279311008793 0.7589544948026927 8
0.055629249251546664 0.3334316930659085 0.4794159700863193 0.5756112299909922 0.8332746801031347 8
0.055629249251546664 0.3334316930659085 0.4794159700863193 0.5756112299909922 0.8332746801031347 8
0.055629249251546664 0.3334316930659085 0.4794159700863193 0.5756112299909922 0.8332746801031347 8
0.055629249251546664 0.3334316930659085 0.4794159700863193 0.5756112299909922 0.8332746801031347 8
0.055629249251546664 0.3334316930659085 0.4794159700863193 0.5756112299909922 0.8332746801031347 8
0.6649441598072531 0.6038561148264147 0.989970734947823 0.6940512149066121 0.22898745838318257 4
0.6858184657930599 0.5211611043078542 2.7929188185293885E-4 0.6081790866391467 0.13229556331712722 3
0.49453811499703915 0.9287900821206587 0.042879340944184774 0.7075542831624176 0.9724656640275665 2
0.718547557047936 0.710315710665021 0.8571361334066283 0.6756913227064684 0.8584179416214157 8
0.11121564100459536 0.5161846435195504 0.5679117806786866 0.0518812864872088 0.928554827136862 5
0.46075030019523544 0.5532727138381092 0.2517381403213367 0.6653791909397376 0.49411695237871256 8
0.5229632443735194 0.4842278013976513 0.6153523955629043 0.8276387255554828 0.6809567989939858 6
0.5229632443735194 0.4842278013976513 0.6153523955629043 0.8276387255554828 0.6809567989939858 6
0.019339027287413324 0.2766582823302616 0.6840866031337659 0.5315935883968884 0.09047940232520157 5
0.019339027287413324 0.2766582823302616 0.6840866031337659 0.5315935883968884 0.09047940232520157 5
0.5229632443735194 0.4842278013976513 0.6153523955629043 0.8276387255554828 0.6809567989939858 6
0.7484635144333839 0.9698342781272007 0.1634345027470251 0.1331507642818862 0.6335030995257447 8
0.055629249251546664 0.3334316930659085 0.4794159700863193 0.5756112299909922 0.8332746801031347 8
0.240051703033203 0.5267322664978441 0.0946157464217039 0.09174279311008793 0.7589544948026927 8
0.37846767699733663 0.26255533210643955 0.3220200687511626 0.7929639424664687 0.3780135224413459 7
0.055629249251546664 0.3334316930659085 0.4794159700863193 0.5756112299909922 0.8332746801031347 8
0.03902982328691351 0.43454633585157965 0.398898788625335 0.23460270898534308 0.6857552948228712 4
0.055629249251546664 0.3334316930659085 0.4794159700863193 0.5756112299909922 0.8332746801031347 8
0.055629249251546664 0.3334316930659085 0.4794159700863193 0.5756112299909922 0.8332746801031347 8
0.6649441598072531 0.6038561148264147 0.989970734947823 0.6940512149066121 0.22898745838318257 4
0.4329982016382994 0.3392840826798179 0.500780217991321 0.3188378751880069 0.23082643872541864 3
0.20630476224882 0.3633888986700139 0.02131656484945388 0.6733256412540345 0.6392810261328764 3
0.5229632443735194 0.4842278013976513 0.6153523955629043 0.8276387255554828 0.6809567989939858 6
0.019339027287413324 0.2766582823302616 0.6840866031337659 0.5315935883968884 0.09047940232520157 5
0.019339027287413324 0.2766582823302616 0.6840866031337659 0.5315935883968884 0.09047940232520157 5
0.019339027287413324 0.2766582823302616 0.6840866031337659 0.5315935883968884 0.09047940232520157 5
0.240051703033203 0.5267322664978441 0.0946157464217039 0.09174279311008793 0.7589544948026927 8
0.240051703033203 0.5267322664978441 0.0946157464217039 0.09174279311008793 0.7589544948026927 8
0.240051703033203 0.5267322664978441 0.0946157464217039 0.09174279311008793 0.7589544948026927 8
0.240051703033203 0.5267322664978441 0.0946157464217039 0.09174279311008793 0.7589544948026927 8
0.20526082134146761 0.20971918797612654 0.18132544822655594 0.0662905945899871 0.44370379809262495 5
0.20526082134146761 0.20971918797612654 0.18132544822655594 0.0662905945899871 0.44370379809262495 5
0.055629249251546664 0.3334316930659085 0.4794159700863193 0.5756112299909922 0.8332746801031347 8
0.055629249251546664 0.3334316930659085 0.4794159700863193 0.5756112299909922 0.8332746801031347 8
0.055629249251546664 0.3334316930659085 0.4794159700863193 0.5756112299909922 0.8332746801031347 8
0.6858184657930599 0.5211611043078542 2.7929188185293885E-4 0.6081790866391467 0.13229556331712722 3
0.49453811499703915 0.9287900821206587 0.042879340944184774 0.7075542831624176 0.9724656640275665 2
0.718547557047936 0.710315710665021 0.8571361334066283 0.6756913227064684 0.8584179416214157 8
0.5229632443735194 0.4842278013976513 0.6153523955629043 0.8276387255554828 0.6809567989939858 6
0.46075030019523544 0.5532727138381092 0.2517381403213367 0.6653791909397376 0.49411695237871256 8
0.5229632443735194 0.4842278013976513 0.6153523955629043 0.8276387255554828 0.6809567989939858 6
0.5229632443735194 0.4842278013976513 0.6153523955629043 0.8276387255554828 0.6809567989939858 6
0.019339027287413324 0.2766582823302616 0.6840866031337659 0.5315935883968884 0.09047940232520157 5
0.5229632443735194 0.4842278013976513 0.6153523955629043 0.8276387255554828 0.6809567989939858 6
0.5229632443735194 0.4842278013976513 0.6153523955629043 0.8276387255554828 0.6809567989939858 6
0.240051703033203 0.5267322664978441 0.0946157464217039 0.09174279311008793 0.7589544948026927 8
0.240051703033203 0.5267322664978441 0.0946157464217039 0.09174279311008793 0.7589544948026927 8
0.055629249251546664 0.3334316930659085 0.4794159700863193 0.5756112299909922 0.8332746801031347 8
0.20526082134146761 0.20971918797612654 0.18132544822655594 0.0662905945899871 0.44370379809262495 5
0.055629249251546664 0.3334316930659085 0.4794159700863193 0.5756112299909922 0.8332746801031347 8
0.055629249251546664 0.3334316930659085 0.4794159700863193 0.5756112299909922 0.8332746801031347 8
0.9536640959161098 0.22019372684461436 0.19410743340569192 0.19761674743379187 0.08261329073776058 8
0.6649441598072531 0.6038561148264147 0.989970734947823 0.6940512149066121 0.22898745838318257 4
0.6858184657930599 0.5211611043078542 2.7929188185293885E-4 0.6081790866391467 0.13229556331712722 3
0.49453811499703915 0.9287900821206587 0.042879340944184774 0.7075542831624176 0.9724656640275665 2
0.718547557047936 0.710315710665021 0.8571361334066283 0.6756913227064684 0.8584179416214157 8
0.46075030019523544 0.5532727138381092 0.2517381403213367 0.6653791909397376 0.49411695237871256 8
0.5229632443735194 0.4842278013976513 0.6153523955629043 0.8276387255554828 0.6809567989939858 6
0.5229632443735194 0.4842278013976513 0.6153523955629043 0.8276387255554828 0.6809567989939858 6
0.019339027287413324 0.2766582823302616 0.6840866031337659 0.5315935883968884 0.09047940232520157 5
0.5229632443735194 0.4842278013976513 0.6153523955629043 0.8276387255554828 0.6809567989939858 6
0.5229632443735194 0.4842278013976513 0.6153523955629043 0.8276387255554828 0.6809567989939858 6
0.7484635144333839 0.9698342781272007 0.1634345027470251 0.1331507642818862 0.6335030995257447 8
0.240051703033203 0.5267322664978441 0.0946157464217039 0.09174279311008793 0.7589544948026927 8
0.240051703033203 0.5267322664978441 0.0946157464217039 0.09174279311008793 0.7589544948026927 8
0.37846767699733663 0.26255533210643955 0.3220200687511626 0.7929639424664687 0.3780135224413459 7
0.055629249251546664 0.3334316930659085 0.4794159700863193 0.5756112299909922 0.8332746801031347 8
0.03902982328691351 0.43454633585157965 0.398898788625335 0.23460270898534308 0.6857552948228712 4
0.055629249251546664 0.3334316930659085 0.4794159700863193 0.5756112299909922 0.8332746801031347 8
0.055629249251546664 0.3334316930659085 0.4794159700863193 0.5756112299909922 0.8332746801031347 8
0.6649441598072531 0.6038561148264147 0.989970734947823 0.6940512149066121 0.22898745838318257 4
0.4329982016382994 0.3392840826798179 0.500780217991321 0.3188378751880069 0.23082643872541864 3
0.20630476224882 0.3633888986700139 0.02131656484945388 0.6733256412540345 0.6392810261328764 3
0.019339027287413324 0.2766582823302616 0.6840866031337659 0.5315935883968884 0.09047940232520157 5
0.5229632443735194 0.4842278013976513 0.6153523955629043 0.8276387255554828 0.6809567989939858 6
0.019339027287413324 0.2766582823302616 0.6840866031337659 0.5315935883968884 0.09047940232520157 5
0.019339027287413324 0.2766582823302616 0.6840866031337659 0.5315935883968884 0.09047940232520157 5
0.5229632443735194 0.4842278013976513 0.6153523955629043 0.8276387255554828 0.6809567989939858 6
0.5229632443735194 0.4842278013976513 0.6153523955629043 0.8276387255554828 0.6809567989939858 6
0.240051703033203 0.5267322664978441 0.0946157464217039 0.09174279311008793 0.7589544948026927 8
0.240051703033203 0.5267322664978441 0.0946157464217039 0.09174279311008793 0.7589544948026927 8
0.37846767699733663 0.26255533210643955 0.3220200687511626 0.7929639424664687 0.3780135224413459 7
0.20526082134146761 0.20971918797612654 0.18132544822655594 0.0662905945899871 0.44370379809262495 5
0.055629249251546664 0.3334316930659085 0.4794159700863193 0.5756112299909922 0.8332746801031347 8
0.9536640959161098 0.22019372684461436 0.19410743340569192 0.19761674743379187 0.08261329073776058 8
0.6858184657930599 0.5211611043078542 2.7929188185293885E-4 0.6081790866391467 0.13229556331712722 3
0.6858184657930599 0.5211611043078542 2.7929188185293885E-4 0.6081790866391467 0.13229556331712722 3
0.10664784052245824 0.7310009204361233 0.9566467310085592 0.6596153443323634 0.39354200040341214 5
0.5229632443735194 0.4842278013976513 0.6153523955629043 0.8276387255554828 0.6809567989939858 6
0.019339027287413324 0.2766582823302616 0.6840866031337659 0.5315935883968884 0.09047940232520157 5
0.5229632443735194 0.4842278013976513 0.6153523955629043 0.8276387255554828 0.6809567989939858 6
0.019339027287413324 0.2766582823302616 0.6840866031337659 0.5315935883968884 0.09047940232520157 5
0.019339027287413324 0.2766582823302616 0.6840866031337659 0.5315935883968884 0.09047940232520157 5
0.5229632443735194 0.4842278013976513 0.6153523955629043 0.8276387255554828 0.6809567989939858 6
0.5229632443735194 0.4842278013976513 0.6153523955629043 0.8276387255554828 0.6809567989939858 6
0.240051703033203 0.5267322664978441 0.0946157464217039 0.09174279311008793 0.7589544948026927 8
0.240051703033203 0.5267322664978441 0.0946157464217039 0.09174279311008793 0.7589544948026927 8
0.37846767699733663 0.26255533210643955 0.3220200687511626 0.7929639424664687 0.3780135224413459 7
0.20526082134146761 0.20971918797612654 0.18132544822655594 0.0662905945899871 0.44370379809262495 5
0.055629249251546664 0.3334316930659085 0.4794159700863193 0.5756112299909922 0.8332746801031347 8
0.9536640959161098 0.22019372684461436 0.19410743340569192 0.19761674743379187 0.08261329073776058 8
0.6858184657930599 0.5211611043078542 2.7929188185293885E-4 0.6081790866391467 0.13229556331712722 3
0.6858184657930599 0.5211611043078542 2.7929188185293885E-4 0.6081790866391467 0.13229556331712722 3
0.10664784052245824 0.7310009204361233 0.9566467310085592 0.6596153443323634 0.39354200040341214 5
0.5229632443735194 0.4842278013976513 0.6153523955629043 0.8276387255554828 0.6809567989939858 6
0.019339027287413324 0.2766582823302616 0.6840866031337659 0.5315935883968884 0.09047940232520157 5
0.019339027287413324 0.2766582823302616 0.6840866031337659 0.5315935883968884 0.09047940232520157 5
0.5229632443735194 0.4842278013976513 0.6153523955629043 0.8276387255554828 0.6809567989939858 6
0.019339027287413324 0.2766582823302616 0.6840866031337659 0.5315935883968884 0.09047940232520157 5
0.5229632443735194 0.4842278013976513 0.6153523955629043 0.8276387255554828 0.6809567989939858 6
0.5229632443735194 0.4842278013976513 0.6153523955629043 0.8276387255554828 0.6809567989939858 6
0.240051703033203 0.5267322664978441 0.0946157464217039 0.09174279311008793 0.7589544948026927 8
0.240051703033203 0.5267322664978441 0.0946157464217039 0.09174279311008793 0.7589544948026927 8
0.37846767699733663 0.26255533210643955 0.3220200687511626 0.7929639424664687 0.3780135224413459 7
0.20526082134146761 0.20971918797612654 0.18132544822655594 0.0662905945899871 0.44370379809262495 5
0.055629249251546664 0.3334316930659085 0.4794159700863193 0.5756112299909922 0.8332746801031347 8
0.9536640959161098 0.22019372684461436 0.19410743340569192 0.19761674743379187 0.08261329073776058 8
0.6858184657930599 0.5211611043078542 2.7929188185293885E-4 0.6081790866391467 0.13229556331712722 3
0.6858184657930599 0.5211611043078542 2.7929188185293885E-4 0.6081790866391467 0.13229556331712722 3
0.49453811499703915 0.9287900821206587 0.042879340944184774 0.7075542831624176 0.9724656640275665 2
0.718547557047936 0.710315710665021 0.8571361334066283 0.6756913227064684 0.8584179416214157 8
0.39524613178576684 0.43638352305122663 0.08997745337877294 0.7748624498512439 0.3001373636775583 2
0.46075030019523544 0.5532727138381092 0.2517381403213367 0.6653791909397376 0.49411695237871256 8
0.20630476224882 0.3633888986700139 0.02131656484945388 0.6733256412540345 0.6392810261328764 3
0.5229632443735194 0.4842278013976513 0.6153523955629043 0.8276387255554828 0.6809567989939858 6
0.5229632443735194 0.4842278013976513 0.6153523955629043 0.8276387255554828 0.6809567989939858 6
0.019339027287413324 0.2766582823302616 0.6840866031337659 0.5315935883968884 0.09047940232520157 5
0.5229632443735194 0.4842278013976513 0.6153523955629043 0.8276387255554828 0.6809567989939858 6
0.240051703033203 0.5267322664978441 0.0946157464217039 0.09174279311008793 0.7589544948026927 8
0.240051703033203 0.5267322664978441 0.0946157464217039 0.09174279311008793 0.7589544948026927 8
0.240051703033203 0.5267322664978441 0.0946157464217039 0.09174279311008793 0.7589544948026927 8
0.37846767699733663 0.26255533210643955 0.3220200687511626 0.7929639424664687 0.3780135224413459 7
0.055629249251546664 0.3334316930659085 0.4794159700863193 0.5756112299909922 0.8332746801031347 8
0.055629249251546664 0.3334316930659085 0.4794159700863193 0.5756112299909922 0.8332746801031347 8
0.9536640959161098 0.22019372684461436 0.19410743340569192 0.19761674743379187 0.08261329073776058 8
0.9536640959161098 0.22019372684461436 0.19410743340569192 0.19761674743379187 0.08261329073776058 8
0.01437906794514121 0.6316478449450015 0.6478600028734187 0.7984701028526995 0.01599032676509804 5
0.9245553628661096 0.1141448850862995 0.7659373725623874 0.03594824141050579 0.11529322209497239 1
0.49453811499703915 0.9287900821206587 0.042879340944184774 0.7075542831624176 0.9724656640275665 2
0.718547557047936 0.710315710665021 0.8571361334066283 0.6756913227064684 0.8584179416214157 8
0.11121564100459536 0.5161846435195504 0.5679117806786866 0.0518812864872088 0.928554827136862 5
0.20630476224882 0.3633888986700139 0.02131656484945388 0.6733256412540345 0.6392810261328764 3
0.5229632443735194 0.4842278013976513 0.6153523955629043 0.8276387255554828 0.6809567989939858 6
0.019339027287413324 0.2766582823302616 0.6840866031337659 0.5315935883968884 0.09047940232520157 5
0.019339027287413324 0.2766582823302616 0.6840866031337659 0.5315935883968884 0.09047940232520157 5
0.019339027287413324 0.2766582823302616 0.6840866031337659 0.5315935883968884 0.09047940232520157 5
0.7484635144333839 0.9698342781272007 0.1634345027470251 0.1331507642818862 0.6335030995257447 8
0.240051703033203 0.5267322664978441 0.0946157464217039 0.09174279311008793 0.7589544948026927 8
0.240051703033203 0.5267322664978441 0.0946157464217039 0.09174279311008793 0.7589544948026927 8
0.055629249251546664 0.3334316930659085 0.4794159700863193 0.5756112299909922 0.8332746801031347 8
0.055629249251546664 0.3334316930659085 0.4794159700863193 0.5756112299909922 0.8332746801031347 8
0.055629249251546664 0.3334316930659085 0.4794159700863193 0.5756112299909922 0.8332746801031347 8
0.055629249251546664 0.3334316930659085 0.4794159700863193 0.5756112299909922 0.8332746801031347 8
0.055629249251546664 0.3334316930659085 0.4794159700863193 0.5756112299909922 0.8332746801031347 8
0.6649441598072531 0.6038561148264147 0.989970734947823 0.6940512149066121 0.22898745838318257 4
0.6858184657930599 0.5211611043078542 2.7929188185293885E-4 0.6081790866391467 0.13229556331712722 3
0.49453811499703915 0.9287900821206587 0.042879340944184774 0.7075542831624176 0.9724656640275665 2
0.11121564100459536 0.5161846435195504 0.5679117806786866 0.0518812864872088 0.928554827136862 5
0.6249486027771965 0.746642192865898 0.7171123529798044 0.5439874797280527 0.16084560837143813 7
0.20630476224882 0.3633888986700139 0.02131656484945388 0.6733256412540345 0.6392810261328764 3
0.5229632443735194 0.4842278013976513 0.6153523955629043 0.8276387255554828 0.6809567989939858 6
0.019339027287413324 0.2766582823302616 0.6840866031337659 0.5315935883968884 0.09047940232520157 5
0.019339027287413324 0.2766582823302616 0.6840866031337659 0.5315935883968884 0.09047940232520157 5
0.019339027287413324 0.2766582823302616 0.6840866031337659 0.5315935883968884 0.09047940232520157 5
0.7484635144333839 0.9698342781272007 0.1634345027470251 0.1331507642818862 0.6335030995257447 8
0.240051703033203 0.5267322664978441 0.0946157464217039 0.09174279311008793 0.7589544948026927 8
0.240051703033203 0.5267322664978441 0.0946157464217039 0.09174279311008793 0.7589544948026927 8
0.055629249251546664 0.3334316930659085 0.4794159700863193 0.5756112299909922 0.8332746801031347 8
0.055629249251546664 0.3334316930659085 0.4794159700863193 0.5756112299909922 0.8332746801031347 8
0.055629249251546664 0.3334316930659085 0.4794159700863193 0.5756112299909922 0.8332746801031347 8
0.055629249251546664 0.3334316930659085 0.4794159700863193 0.5756112299909922 0.8332746801031347 8
0.055629249251546664 0.3334316930659085 0.4794159700863193 0.5756112299909922 0.8332746801031347 8
0.6649441598072531 0.6038561148264147 0.989970734947823 0.6940512149066121 0.22898745838318257 4
0.6858184657930599 0.5211611043078542 2.7929188185293885E-4 0.6081790866391467 0.13229556331712722 3
0.49453811499703915 0.9287900821206587 0.042879340944184774 0.7075542831624176 0.9724656640275665 2
0.11121564100459536 0.5161846435195504 0.5679117806786866 0.0518812864872088 0.928554827136862 5
0.6249486027771965 0.746642192865898 0.7171123529798044 0.5439874797280527 0.16084560837143813 7
0.20630476224882 0.3633888986700139 0.02131656484945388 0.6733256412540345 0.6392810261328764 3
0.5229632443735194 0.4842278013976513 0.6153523955629043 0.8276387255554828 0.6809567989939858 6
0.019339027287413324 0.2766582823302616 0.6840866031337659 0.5315935883968884 0.09047940232520157 5
0.019339027287413324 0.2766582823302616 0.6840866031337659 0.5315935883968884 0.09047940232520157 5
0.5229632443735194 0.4842278013976513 0.6153523955629043 0.8276387255554828 0.6809567989939858 6
0.240051703033203 0.5267322664978441 0.0946157464217039 0.09174279311008793 0.7589544948026927 8
0.240051703033203 0.5267322664978441 0.0946157464217039 0.09174279311008793 0.7589544948026927 8
0.240051703033203 0.5267322664978441 0.0946157464217039 0.09174279311008793 0.7589544948026927 8
0.37846767699733663 0.26255533210643955 0.3220200687511626 0.7929639424664687 0.3780135224413459 7
0.20526082134146761 0.20971918797612654 0.18132544822655594 0.0662905945899871 0.44370379809262495 5
0.055629249251546664 0.3334316930659085 0.4794159700863193 0.5756112299909922 0.8332746801031347 8
0.055629249251546664 0.3334316930659085 0.4794159700863193 0.5756112299909922 0.8332746801031347 8
0.6858184657930599 0.5211611043078542 2.7929188185293885E-4 0.6081790866391467 0.13229556331712722 3
0.10664784052245824 0.7310009204361233 0.9566467310085592 0.6596153443323634 0.39354200040341214 5
0.49453811499703915 0.9287900821206587 0.042879340944184774 0.7075542831624176 0.9724656640275665 2
0.11121564100459536 0.5161846435195504 0.5679117806786866 0.0518812864872088 0.928554827136862 5
0.6249486027771965 0.746642192865898 0.7171123529798044 0.5439874797280527 0.16084560837143813 7
0.8480594988851674 0.6662998196449247 0.03676859808818855 0.332523109445776 0.8940858637782807 8
0.019339027287413324 0.2766582823302616 0.6840866031337659 0.5315935883968884 0.09047940232520157 5
0.5229632443735194 0.4842278013976513 0.6153523955629043 0.8276387255554828 0.6809567989939858 6
0.019339027287413324 0.2766582823302616 0.6840866031337659 0.5315935883968884 0.09047940232520157 5
0.019339027287413324 0.2766582823302616 0.6840866031337659 0.5315935883968884 0.09047940232520157 5
0.5229632443735194 0.4842278013976513 0.6153523955629043 0.8276387255554828 0.6809567989939858 6
0.5229632443735194 0.4842278013976513 0.6153523955629043 0.8276387255554828 0.6809567989939858 6
0.055629249251546664 0.3334316930659085 0.4794159700863193 0.5756112299909922 0.8332746801031347 8
0.448092842089152 0.9449383504527685 0.2929133347875309 0.4107240287456825 0.9716392826258087 2
0.20526082134146761 0.20971918797612654 0.18132544822655594 0.0662905945899871 0.44370379809262495 5
0.20526082134146761 0.20971918797612654 0.18132544822655594 0.0662905945899871 0.44370379809262495 5
0.055629249251546664 0.3334316930659085 0.4794159700863193 0.5756112299909922 0.8332746801031347 8
0.9536640959161098 0.22019372684461436 0.19410743340569192 0.19761674743379187 0.08261329073776058 8
0.9536640959161098 0.22019372684461436 0.19410743340569192 0.19761674743379187 0.08261329073776058 8
0.01437906794514121 0.6316478449450015 0.6478600028734187 0.7984701028526995 0.01599032676509804 5
0.10664784052245824 0.7310009204361233 0.9566467310085592 0.6596153443323634 0.39354200040341214 5
0.5229632443735194 0.4842278013976513 0.6153523955629043 0.8276387255554828 0.6809567989939858 6
0.718547557047936 0.710315710665021 0.8571361334066283 0.6756913227064684 0.8584179416214157 8
0.5229632443735194 0.4842278013976513 0.6153523955629043 0.8276387255554828 0.6809567989939858 6
0.5229632443735194 0.4842278013976513 0.6153523955629043 0.8276387255554828 0.6809567989939858 6
0.5229632443735194 0.4842278013976513 0.6153523955629043 0.8276387255554828 0.6809567989939858 6
0.5229632443735194 0.4842278013976513 0.6153523955629043 0.8276387255554828 0.6809567989939858 6
0.5229632443735194 0.4842278013976513 0.6153523955629043 0.8276387255554828 0.6809567989939858 6
0.240051703033203 0.5267322664978441 0.0946157464217039 0.09174279311008793 0.7589544948026927 8
0.240051703033203 0.5267322664978441 0.0946157464217039 0.09174279311008793 0.7589544948026927 8
0.37846767699733663 0.26255533210643955 0.3220200687511626 0.7929639424664687 0.3780135224413459 7
0.20526082134146761 0.20971918797612654 0.18132544822655594 0.0662905945899871 0.44370379809262495 5
0.055629249251546664 0.3334316930659085 0.4794159700863193 0.5756112299909922 0.8332746801031347 8
0.055629249251546664 0.3334316930659085 0.4794159700863193 0.5756112299909922 0.8332746801031347 8
0.9536640959161098 0.22019372684461436 0.19410743340569192 0.19761674743379187 0.08261329073776058 8
0.01437906794514121 0.6316478449450015 0.6478600028734187 0.7984701028526995 0.01599032676509804 5
0.6858184657930599 0.5211611043078542 2.7929188185293885E-4 0.6081790866391467 0.13229556331712722 3
0.4329982016382994 0.3392840826798179 0.500780217991321 0.3188378751880069 0.23082643872541864 3
0.6557189506474276 0.10853002054446503 0.35589771784732704 0.702165694000695 0.5076703254077445 2
0.5229632443735194 0.4842278013976513 0.6153523955629043 0.8276387255554828 0.6809567989939858 6
0.5229632443735194 0.4842278013976513 0.6153523955629043 0.8276387255554828 0.6809567989939858 6
0.5229632443735194 0.4842278013976513 0.6153523955629043 0.8276387255554828 0.6809567989939858 6
0.5229632443735194 0.4842278013976513 0.6153523955629043 0.8276387255554828 0.6809567989939858 6
0.5229632443735194 0.4842278013976513 0.6153523955629043 0.8276387255554828 0.6809567989939858 6
0.240051703033203 0.5267322664978441 0.0946157464217039 0.09174279311008793 0.7589544948026927 8
0.240051703033203 0.5267322664978441 0.0946157464217039 0.09174279311008793 0.7589544948026927 8
0.37846767699733663 0.26255533210643955 0.3220200687511626 0.7929639424664687 0.3780135224413459 7
0.20526082134146761 0.20971918797612654 0.18132544822655594 0.0662905945899871 0.44370379809262495 5
0.055629249251546664 0.3334316930659085 0.4794159700863193 0.5756112299909922 0.8332746801031347 8
0.055629249251546664 0.3334316930659085 0.4794159700863193 0.5756112299909922 0.8332746801031347 8
0.9536640959161098 0.22019372684461436 0.19410743340569192 0.19761674743379187 0.08261329073776058 8
0.01437906794514121 0.6316478449450015 0.6478600028734187 0.7984701028526995 0.01599032676509804 5
0.6858184657930599 0.5211611043078542 2.7929188185293885E-4 0.6081790866391467 0.13229556331712722 3
0.4329982016382994 0.3392840826798179 0.500780217991321 0.3188378751880069 0.23082643872541864 3
0.6557189506474276 0.10853002054446503 0.35589771784732704 0.702165694000695 0.5076703254077445 2
0.5229632443735194 0.4842278013976513 0.6153523955629043 0.8276387255554828 0.6809567989939858 6
0.5229632443735194 0.4842278013976513 0.6153523955629043 0.8276387255554828 0.6809567989939858 6
0.019339027287413324 0.2766582823302616 0.6840866031337659 0.5315935883968884 0.09047940232520157 5
0.019339027287413324 0.2766582823302616 0.6840866031337659 0.5315935883968884 0.09047940232520157 5
0.5229632443735194 0.4842278013976513 0.6153523955629043 0.8276387255554828 0.6809567989939858 6
0.240051703033203 0.5267322664978441 0.0946157464217039 0.09174279311008793 0.7589544948026927 8
0.240051703033203 0.5267322664978441 0.0946157464217039 0.09174279311008793 0.7589544948026927 8
0.37846767699733663 0.26255533210643955 0.3220200687511626 0.7929639424664687 0.3780135224413459 7
0.37846767699733663 0.26255533210643955 0.3220200687511626 0.7929639424664687 0.3780135224413459 7
0.20526082134146761 0.20971918797612654 0.18132544822655594 0.0662905945899871 0.44370379809262495 5
0.055629249251546664 0.3334316930659085 0.4794159700863193 0.5756112299909922 0.8332746801031347 8
0.9536640959161098 0.22019372684461436 0.19410743340569192 0.19761674743379187 0.08261329073776058 8
0.6858184657930599 0.5211611043078542 2.7929188185293885E-4 0.6081790866391467 0.13229556331712722 3
0.6858184657930599 0.5211611043078542 2.7929188185293885E-4 0.6081790866391467 0.13229556331712722 3
0.10664784052245824 0.7310009204361233 0.9566467310085592 0.6596153443323634 0.39354200040341214 5
0.6557189506474276 0.10853002054446503 0.35589771784732704 0.702165694000695 0.5076703254077445 2
0.5229632443735194 0.4842278013976513 0.6153523955629043 0.8276387255554828 0.6809567989939858 6
0.5229632443735194 0.4842278013976513 0.6153523955629043 0.8276387255554828 0.6809567989939858 6
0.019339027287413324 0.2766582823302616 0.6840866031337659 0.5315935883968884 0.09047940232520157 5
0.019339027287413324 0.2766582823302616 0.6840866031337659 0.5315935883968884 0.09047940232520157 5
0.5229632443735194 0.4842278013976513 0.6153523955629043 0.8276387255554828 0.6809567989939858 6
0.240051703033203 0.5267322664978441 0.0946157464217039 0.09174279311008793 0.7589544948026927 8
0.240051703033203 0.5267322664978441 0.0946157464217039 0.09174279311008793 0.7589544948026927 8
0.37846767699733663 0.26255533210643955 0.3220200687511626 0.7929639424664687 0.3780135224413459 7
0.37846767699733663 0.26255533210643955 0.3220200687511626 0.7929639424664687 0.3780135224413459 7
0.20526082134146761 0.20971918797612654 0.18132544822655594 0.0662905945899871 0.44370379809262495 5
0.055629249251546664 0.3334316930659085 0.4794159700863193 0.5756112299909922 0.8332746801031347 8
0.9536640959161098 0.22019372684461436 0.19410743340569192 0.19761674743379187 0.08261329073776058 8
0.6858184657930599 0.5211611043078542 2.7929188185293885E-4 0.6081790866391467 0.13229556331712722 3
0.6858184657930599 0.5211611043078542 2.7929188185293885E-4 0.6081790866391467 0.13229556331712722 3
0.10664784052245824 0.7310009204361233 0.9566467310085592 0.6596153443323634 0.39354200040341214 5
0.6557189506474276 0.10853002054446503 0.35589771784732704 0.702165694000695 0.5076703254077445 2
0.019339027287413324 0.2766582823302616 0.6840866031337659 0.5315935883968884 0.09047940232520157 5
0.5229632443735194 0.4842278013976513 0.6153523955629043 0.8276387255554828 0.6809567989939858 6
0.019339027287413324 0.2766582823302616 0.6840866031337659 0.5315935883968884 0.09047940232520157 5
0.019339027287413324 0.2766582823302616 0.6840866031337659 0.5315935883968884 0.09047940232520157 5
0.5229632443735194 0.4842278013976513 0.6153523955629043 0.8276387255554828 0.6809567989939858 6
0.7484635144333839 0.9698342781272007 0.1634345027470251 0.1331507642818862 0.6335030995257447 8
0.055629249251546664 0.3334316930659085 0.4794159700863193 0.5756112299909922 0.8332746801031347 8
0.240051703033203 0.5267322664978441 0.0946157464217039 0.09174279311008793 0.7589544948026927 8
0.20526082134146761 0.20971918797612654 0.18132544822655594 0.0662905945899871 0.44370379809262495 5
0.20526082134146761 0.20971918797612654 0.18132544822655594 0.0662905945899871 0.44370379809262495 5
0.055629249251546664 0.3334316930659085 0.4794159700863193 0.5756112299909922 0.8332746801031347 8
0.055629249251546664 0.3334316930659085 0.4794159700863193 0.5756112299909922 0.8332746801031347 8
0.6649441598072531 0.6038561148264147 0.989970734947823 0.6940512149066121 0.22898745838318257 4
0.6858184657930599 0.5211611043078542 2.7929188185293885E-4 0.6081790866391467 0.13229556331712722 3
0.9245553628661096 0.1141448850862995 0.7659373725623874 0.03594824141050579 0.11529322209497239 1
0.718547557047936 0.710315710665021 0.8571361334066283 0.6756913227064684 0.8584179416214157 8
0.46075030019523544 0.5532727138381092 0.2517381403213367 0.6653791909397376 0.49411695237871256 8
0.019339027287413324 0.2766582823302616 0.6840866031337659 0.5315935883968884 0.09047940232520157 5
0.5229632443735194 0.4842278013976513 0.6153523955629043 0.8276387255554828 0.6809567989939858 6
0.019339027287413324 0.2766582823302616 0.6840866031337659 0.5315935883968884 0.09047940232520157 5
0.019339027287413324 0.2766582823302616 0.6840866031337659 0.5315935883968884 0.09047940232520157 5
0.5229632443735194 0.4842278013976513 0.6153523955629043 0.8276387255554828 0.6809567989939858 6
0.7484635144333839 0.9698342781272007 0.1634345027470251 0.1331507642818862 0.6335030995257447 8
0.240051703033203 0.5267322664978441 0.0946157464217039 0.09174279311008793 0.7589544948026927 8
0.240051703033203 0.5267322664978441 0.0946157464217039 0.09174279311008793 0.7589544948026927 8
0.37846767699733663 0.26255533210643955 0.3220200687511626 0.7929639424664687 0.3780135224413459 7
0.20526082134146761 0.20971918797612654 0.18132544822655594 0.0662905945899871 0.44370379809262495 5
0.055629249251546664 0.3334316930659085 0.4794159700863193 0.5756112299909922 0.8332746801031347 8
0.055629249251546664 0.3334316930659085 0.4794159700863193 0.5756112299909922 0.8332746801031347 8
0.055629249251546664 0.3334316930659085 0.4794159700863193 0.5756112299909922 0.8332746801031347 8
0.6858184657930599 0.5211611043078542 2.7929188185293885E-4 0.6081790866391467 0.13229556331712722 3
0.6858184657930599 0.5211611043078542 2.7929188185293885E-4 0.6081790866391467 0.13229556331712722 3
0.5229632443735194 0.4842278013976513 0.6153523955629043 0.8276387255554828 0.6809567989939858 6
0.718547557047936 0.710315710665021 0.8571361334066283 0.6756913227064684 0.8584179416214157 8
0.11121564100459536 0.5161846435195504 0.5679117806786866 0.0518812864872088 0.928554827136862 5
0.019339027287413324 0.2766582823302616 0.6840866031337659 0.5315935883968884 0.09047940232520157 5
0.019339027287413324 0.2766582823302616 0.6840866031337659 0.5315935883968884 0.09047940232520157 5
0.5229632443735194 0.4842278013976513 0.6153523955629043 0.8276387255554828 0.6809567989939858 6
0.019339027287413324 0.2766582823302616 0.6840866031337659 0.5315935883968884 0.09047940232520157 5
0.5229632443735194 0.4842278013976513 0.6153523955629043 0.8276387255554828 0.6809567989939858 6
0.5229632443735194 0.4842278013976513 0.6153523955629043 0.8276387255554828 0.6809567989939858 6
0.240051703033203 0.5267322664978441 0.0946157464217039 0.09174279311008793 0.7589544948026927 8
0.240051703033203 0.5267322664978441 0.0946157464217039 0.09174279311008793 0.7589544948026927 8
0.37846767699733663 0.26255533210643955 0.3220200687511626 0.7929639424664687 0.3780135224413459 7
0.20526082134146761 0.20971918797612654 0.18132544822655594 0.0662905945899871 0.44370379809262495 5
0.055629249251546664 0.3334316930659085 0.4794159700863193 0.5756112299909922 0.8332746801031347 8
0.9536640959161098 0.22019372684461436 0.19410743340569192 0.19761674743379187 0.08261329073776058 8
0.6858184657930599 0.5211611043078542 2.7929188185293885E-4 0.6081790866391467 0.13229556331712722 3
0.6858184657930599 0.5211611043078542 2.7929188185293885E-4 0.6081790866391467 0.13229556331712722 3
0.49453811499703915 0.9287900821206587 0.042879340944184774 0.7075542831624176 0.9724656640275665 2
0.718547557047936 0.710315710665021 0.8571361334066283 0.6756913227064684 0.8584179416214157 8
0.39524613178576684 0.43638352305122663 0.08997745337877294 0.7748624498512439 0.3001373636775583 2
0.46075030019523544 0.5532727138381092 0.2517381403213367 0.6653791909397376 0.49411695237871256 8
0.20630476224882 0.3633888986700139 0.02131656484945388 0.6733256412540345 0.6392810261328764 3
0.5229632443735194 0.4842278013976513 0.6153523955629043 0.8276387255554828 0.6809567989939858 6
0.019339027287413324 0.2766582823302616 0.6840866031337659 0.5315935883968884 0.09047940232520157 5
0.5229632443735194 0.4842278013976513 0.6153523955629043 0.8276387255554828 0.6809567989939858 6
0.5229632443735194 0.4842278013976513 0.6153523955629043 0.8276387255554828 0.6809567989939858 6
0.240051703033203 0.5267322664978441 0.0946157464217039 0.09174279311008793 0.7589544948026927 8
0.240051703033203 0.5267322664978441 0.0946157464217039 0.09174279311008793 0.7589544948026927 8
0.240051703033203 0.5267322664978441 0.0946157464217039 0.09174279311008793 0.7589544948026927 8
0.055629249251546664 0.3334316930659085 0.4794159700863193 0.5756112299909922 0.8332746801031347 8
0.055629249251546664 0.3334316930659085 0.4794159700863193 0.5756112299909922 0.8332746801031347 8
0.055629249251546664 0.3334316930659085 0.4794159700863193 0.5756112299909922 0.8332746801031347 8
0.055629249251546664 0.3334316930659085 0.4794159700863193 0.5756112299909922 0.8332746801031347 8
0.6858184657930599 0.5211611043078542 2.7929188185293885E-4 0.6081790866391467 0.13229556331712722 3
0.9245553628661096 0.1141448850862995 0.7659373725623874 0.03594824141050579 0.11529322209497239 1
0.9245553628661096 0.1141448850862995 0.7659373725623874 0.03594824141050579 0.11529322209497239 1
0.5229632443735194 0.4842278013976513 0.6153523955629043 0.8276387255554828 0.6809567989939858 6
0.39524613178576684 0.43638352305122663 0.08997745337877294 0.7748624498512439 0.3001373636775583 2
0.019339027287413324 0.2766582823302616 0.6840866031337659 0.5315935883968884 0.09047940232520157 5
0.019339027287413324 0.2766582823302616 0.6840866031337659 0.5315935883968884 0.09047940232520157 5
0.5229632443735194 0.4842278013976513 0.6153523955629043 0.8276387255554828 0.6809567989939858 6
0.5229632443735194 0.4842278013976513 0.6153523955629043 0.8276387255554828 0.6809567989939858 6
0.019339027287413324 0.2766582823302616 0.6840866031337659 0.5315935883968884 0.09047940232520157 5
0.5229632443735194 0.4842278013976513 0.6153523955629043 0.8276387255554828 0.6809567989939858 6
0.5229632443735194 0.4842278013976513 0.6153523955629043 0.8276387255554828 0.6809567989939858 6
0.240051703033203 0.5267322664978441 0.0946157464217039 0.09174279311008793 0.7589544948026927 8
0.240051703033203 0.5267322664978441 0.0946157464217039 0.09174279311008793 0.7589544948026927 8
0.37846767699733663 0.26255533210643955 0.3220200687511626 0.7929639424664687 0.3780135224413459 7
0.20526082134146761 0.20971918797612654 0.18132544822655594 0.0662905945899871 0.44370379809262495 5
0.055629249251546664 0.3334316930659085 0.4794159700863193 0.5756112299909922 0.8332746801031347 8
0.9536640959161098 0.22019372684461436 0.19410743340569192 0.19761674743379187 0.08261329073776058 8
0.6858184657930599 0.5211611043078542 2.7929188185293885E-4 0.6081790866391467 0.13229556331712722 3
0.6858184657930599 0.5211611043078542 2.7929188185293885E-4 0.6081790866391467 0.13229556331712722 3
0.9245553628661096 0.1141448850862995 0.7659373725623874 0.03594824141050579 0.11529322209497239 1
0.9245553628661096 0.1141448850862995 0.7659373725623874 0.03594824141050579 0.11529322209497239 1
0.5229632443735194 0.4842278013976513 0.6153523955629043 0.8276387255554828 0.6809567989939858 6
0.9245553628661096 0.1141448850862995 0.7659373725623874 0.03594824141050579 0.11529322209497239 1
0.5229632443735194 0.4842278013976513 0.6153523955629043 0.8276387255554828 0.6809567989939858 6
0.019339027287413324 0.2766582823302616 0.6840866031337659 0.5315935883968884 0.09047940232520157 5
0.019339027287413324 0.2766582823302616 0.6840866031337659 0.5315935883968884 0.09047940232520157 5
0.5229632443735194 0.4842278013976513 0.6153523955629043 0.8276387255554828 0.6809567989939858 6
0.7484635144333839 0.9698342781272007 0.1634345027470251 0.1331507642818862 0.6335030995257447 8
0.055629249251546664 0.3334316930659085 0.4794159700863193 0.5756112299909922 0.8332746801031347 8
0.240051703033203 0.5267322664978441 0.0946157464217039 0.09174279311008793 0.7589544948026927 8
0.37846767699733663 0.26255533210643955 0.3220200687511626 0.7929639424664687 0.3780135224413459 7
0.20526082134146761 0.20971918797612654 0.18132544822655594 0.0662905945899871 0.44370379809262495 5
0.055629249251546664 0.3334316930659085 0.4794159700863193 0.5756112299909922 0.8332746801031347 8
0.055629249251546664 0.3334316930659085 0.4794159700863193 0.5756112299909922 0.8332746801031347 8
0.6649441598072531 0.6038561148264147 0.989970734947823 0.6940512149066121 0.22898745838318257 4
0.6858184657930599 0.5211611043078542 2.7929188185293885E-4 0.6081790866391467 0.13229556331712722 3
0.6858184657930599 0.5211611043078542 2.7929188185293885E-4 0.6081790866391467 0.13229556331712722 3
0.49453811499703915 0.9287900821206587 0.042879340944184774 0.7075542831624176 0.9724656640275665 2
0.718547557047936 0.710315710665021 0.8571361334066283 0.6756913227064684 0.8584179416214157 8
0.11121564100459536 0.5161846435195504 0.5679117806786866 0.0518812864872088 0.928554827136862 5
0.5229632443735194 0.4842278013976513 0.6153523955629043 0.8276387255554828 0.6809567989939858 6
0.5229632443735194 0.4842278013976513 0.6153523955629043 0.8276387255554828 0.6809567989939858 6
0.019339027287413324 0.2766582823302616 0.6840866031337659 0.5315935883968884 0.09047940232520157 5
0.019339027287413324 0.2766582823302616 0.6840866031337659 0.5315935883968884 0.09047940232520157 5
0.240051703033203 0.5267322664978441 0.0946157464217039 0.09174279311008793 0.7589544948026927 8
0.240051703033203 0.5267322664978441 0.0946157464217039 0.09174279311008793 0.7589544948026927 8
0.240051703033203 0.5267322664978441 0.0946157464217039 0.09174279311008793 0.7589544948026927 8
0.055629249251546664 0.3334316930659085 0.4794159700863193 0.5756112299909922 0.8332746801031347 8
0.055629249251546664 0.3334316930659085 0.4794159700863193 0.5756112299909922 0.8332746801031347 8
0.055629249251546664 0.3334316930659085 0.4794159700863193 0.5756112299909922 0.8332746801031347 8
0.055629249251546664 0.3334316930659085 0.4794159700863193 0.5756112299909922 0.8332746801031347 8
0.055629249251546664 0.3334316930659085 0.4794159700863193 0.5756112299909922 0.8332746801031347 8
0.6649441598072531 0.6038561148264147 0.989970734947823 0.6940512149066121 0.22898745838318257 4
0.6649441598072531 0.6038561148264147 0.989970734947823 0.6940512149066121 0.22898745838318257 4
0.4329982016382994 0.3392840826798179 0.500780217991321 0.3188378751880069 0.23082643872541864 3
0.20630476224882 0.3633888986700139 0.02131656484945388 0.6733256412540345 0.6392810261328764 3
0.5229632443735194 0.4842278013976513 0.6153523955629043 0.8276387255554828 0.6809567989939858 6
0.5229632443735194 0.4842278013976513 0.6153523955629043 0.8276387255554828 0.6809567989939858 6
0.019339027287413324 0.2766582823302616 0.6840866031337659 0.5315935883968884 0.09047940232520157 5
0.019339027287413324 0.2766582823302616 0.6840866031337659 0.5315935883968884 0.09047940232520157 5
0.240051703033203 0.5267322664978441 0.0946157464217039 0.09174279311008793 0.7589544948026927 8
0.240051703033203 0.5267322664978441 0.0946157464217039 0.09174279311008793 0.7589544948026927 8
0.240051703033203 0.5267322664978441 0.0946157464217039 0.09174279311008793 0.7589544948026927 8
0.055629249251546664 0.3334316930659085 0.4794159700863193 0.5756112299909922 0.8332746801031347 8
0.055629249251546664 0.3334316930659085 0.4794159700863193 0.5756112299909922 0.8332746801031347 8
0.055629249251546664 0.3334316930659085 0.4794159700863193 0.5756112299909922 0.8332746801031347 8
0.055629249251546664 0.3334316930659085 0.4794159700863193 0.5756112299909922 0.8332746801031347 8
0.055629249251546664 0.3334316930659085 0.4794159700863193 0.5756112299909922 0.8332746801031347 8
0.6649441598072531 0.6038561148264147 0.989970734947823 0.6940512149066121 0.22898745838318257 4
0.6649441598072531 0.6038561148264147 0.989970734947823 0.6940512149066121 0.22898745838318257 4
0.4329982016382994 0.3392840826798179 0.500780217991321 0.3188378751880069 0.23082643872541864 3
0.20630476224882 0.3633888986700139 0.02131656484945388 0.6733256412540345 0.6392810261328764 3
