population 0 fitness 1.0023940888486285 years 62.0 length 17
population 1 fitness 1.0023940888486285 years 62.0 length 16
population 2 fitness 1.001940035960581 years 89.0 length 17
population 3 fitness 1.0024738918102494 years 60.0 length 17
population 4 fitness 1.0023188692730691 years 32.0 length 16
population 5 fitness 1.0023188692730691 years 32.0 length 17
population 6 fitness 1.0025587523013177 years 58.0 length 16
population 7 fitness 1.0025587523013177 years 58.0 length 16
population 8 fitness 1.0025587523013177 years 29.0 length 17
population 9 fitness 1.0025587523013177 years 29.0 length 16
population 10 fitness 1.0018310014162455 years 36.0 length 16
population 11 fitness 1.0018310014162455 years 36.0 length 16
population 12 fitness 1.001938707381907 years 34.0 length 16
population 13 fitness 1.001938707381907 years 34.0 length 16
population 14 fitness 1.0020598765932762 years 32.0 length 16
population 15 fitness 1.0020598765932762 years 32.0 length 16
population 16 fitness 1.001938707381907 years 17.0 length 16
population 17 fitness 1.001938707381907 years 17.0 length 16
population 18 fitness 1.0020598765932764 years 16.0 length 16
population 19 fitness 1.0020598765932764 years 16.0 length 16
population 20 fitness 1.0021972016994949 years 15.0 length 16
population 21 fitness 1.0021972016994949 years 15.0 length 17
population 22 fitness 1.001800011886871 years 22.0 length 16
population 23 fitness 1.001800011886871 years 22.0 length 16
population 24 fitness 1.0016500108962985 years 12.0 length 17
population 25 fitness 1.0016500108962985 years 12.0 length 17
population 26 fitness 1.0008613264427215 years 18.0 length 16
population 27 fitness 1.0008613264427215 years 18.0 length 16
population 28 fitness 1.000968992248062 years 16.0 length 16
population 29 fitness 1.000968992248062 years 16.0 length 16
population 30 fitness 1.0008613264427217 years 9.0 length 16
population 31 fitness 1.0008613264427217 years 9.0 length 16
population 32 fitness 1.000968992248062 years 8.0 length 16
population 33 fitness 1.000968992248062 years 8.0 length 16
population 34 fitness 1.0015503875968992 years 10.0 length 16
population 35 fitness 1.0015503875968992 years 10.0 length 16
population 36 fitness 1.0012919896640826 years 6.0 length 15
population 37 fitness 1.0012919896640826 years 6.0 length 17
population 38 fitness 1.0015503875968992 years 5.0 length 15
population 39 fitness 1.0015503875968992 years 5.0 length 17

0.24250776329213675 0.08232613915497289 0.27380862706382325 0.3424250803367126 0.19934850124598502 1
0.24250776329213675 0.08232613915497289 0.27380862706382325 0.3424250803367126 0.19934850124598502 1
0.24250776329213675 0.08232613915497289 0.27380862706382325 0.3424250803367126 0.19934850124598502 1
0.5084737448943576 0.6167623181682086 0.5922584057181066 0.681171669984277 0.6921839216497506 4
0.5084737448943576 0.6167623181682086 0.5922584057181066 0.681171669984277 0.6921839216497506 4
0.10201964817708065 0.5617203018555967 0.5199250087730701 0.7602030879439684 0.8958065855186793 6
0.10201964817708065 0.5617203018555967 0.5199250087730701 0.7602030879439684 0.8958065855186793 6
0.2584577867303506 0.11301997373146844 0.7417010543091868 0.14206643480399073 0.39712337143447507 7
0.8213724866507053 0.314967761529647 0.39450957636156225 0.7387694833152195 0.07148212566256862 5
0.2584577867303506 0.11301997373146844 0.7417010543091868 0.14206643480399073 0.39712337143447507 7
0.044377575974444694 0.7788280408914933 0.4280057697835149 0.5306743014329388 0.3740988547014866 6
0.06515883404021772 0.511004969026137 0.5517276571827343 0.06711678271276544 0.667177728968397 8
0.8663180973509621 0.17844011645394842 0.6846944102223556 0.7752402567641722 0.17105965498439502 1
0.9364908163753933 0.669163258807841 0.6776091397187837 0.6795402371491648 0.254984149272133 2
0.9364908163753933 0.669163258807841 0.6776091397187837 0.6795402371491648 0.254984149272133 2
0.7853228769729609 0.4357420091539478 0.16877858587793815 0.5571727716957631 0.5687812056026909 3
0.5789419448859829 0.5868057705699887 0.3350499282893227 0.8626086982642179 0.595986304918796 1
0.24250776329213675 0.08232613915497289 0.27380862706382325 0.3424250803367126 0.19934850124598502 1
0.48135173837213685 0.9700803204242244 0.5762187634747287 0.4640912126479153 0.009894356663664894 2
0.48135173837213685 0.9700803204242244 0.5762187634747287 0.4640912126479153 0.009894356663664894 2
0.6612590157683129 0.1574601044161138 0.3932537739751242 0.9568668199809219 0.9864373421430018 1
0.5084737448943576 0.6167623181682086 0.5922584057181066 0.681171669984277 0.6921839216497506 4
0.24250776329213675 0.08232613915497289 0.27380862706382325 0.3424250803367126 0.19934850124598502 1
0.10201964817708065 0.5617203018555967 0.5199250087730701 0.7602030879439684 0.8958065855186793 6
0.8213724866507053 0.314967761529647 0.39450957636156225 0.7387694833152195 0.07148212566256862 5
0.8213724866507053 0.314967761529647 0.39450957636156225 0.7387694833152195 0.07148212566256862 5
0.2584577867303506 0.11301997373146844 0.7417010543091868 0.14206643480399073 0.39712337143447507 7
0.044377575974444694 0.7788280408914933 0.4280057697835149 0.5306743014329388 0.3740988547014866 6
0.06515883404021772 0.511004969026137 0.5517276571827343 0.06711678271276544 0.667177728968397 8
0.8663180973509621 0.17844011645394842 0.6846944102223556 0.7752402567641722 0.17105965498439502 1
0.9364908163753933 0.669163258807841 0.6776091397187837 0.6795402371491648 0.254984149272133 2
0.9364908163753933 0.669163258807841 0.6776091397187837 0.6795402371491648 0.254984149272133 2
0.16388875129429892 0.23110851132252064 0.5817101639783072 0.28083623809282976 0.7568954753811342 7
0.24250776329213675 0.08232613915497289 0.27380862706382325 0.3424250803367126 0.19934850124598502 1
0.24250776329213675 0.08232613915497289 0.27380862706382325 0.3424250803367126 0.19934850124598502 1
0.24250776329213675 0.08232613915497289 0.27380862706382325 0.3424250803367126 0.19934850124598502 1
0.6612590157683129 0.1574601044161138 0.3932537739751242 0.9568668199809219 0.9864373421430018 1
0.10201964817708065 0.5617203018555967 0.5199250087730701 0.7602030879439684 0.8958065855186793 6
0.10201964817708065 0.5617203018555967 0.5199250087730701 0.7602030879439684 0.8958065855186793 6
0.10201964817708065 0.5617203018555967 0.5199250087730701 0.7602030879439684 0.8958065855186793 6
0.2584577867303506 0.11301997373146844 0.7417010543091868 0.14206643480399073 0.39712337143447507 7
0.8213724866507053 0.314967761529647 0.39450957636156225 0.7387694833152195 0.07148212566256862 5
0.044377575974444694 0.7788280408914933 0.4280057697835149 0.5306743014329388 0.3740988547014866 6
0.044377575974444694 0.7788280408914933 0.4280057697835149 0.5306743014329388 0.3740988547014866 6
0.06515883404021772 0.511004969026137 0.5517276571827343 0.06711678271276544 0.667177728968397 8
0.8663180973509621 0.17844011645394842 0.6846944102223556 0.7752402567641722 0.17105965498439502 1
0.9364908163753933 0.669163258807841 0.6776091397187837 0.6795402371491648 0.254984149272133 2
0.9364908163753933 0.669163258807841 0.6776091397187837 0.6795402371491648 0.254984149272133 2
0.7853228769729609 0.4357420091539478 0.16877858587793815 0.5571727716957631 0.5687812056026909 3
0.48135173837213685 0.9700803204242244 0.5762187634747287 0.4640912126479153 0.009894356663664894 2
0.24250776329213675 0.08232613915497289 0.27380862706382325 0.3424250803367126 0.19934850124598502 1
0.24250776329213675 0.08232613915497289 0.27380862706382325 0.3424250803367126 0.19934850124598502 1
0.5084737448943576 0.6167623181682086 0.5922584057181066 0.681171669984277 0.6921839216497506 4
0.6612590157683129 0.1574601044161138 0.3932537739751242 0.9568668199809219 0.9864373421430018 1
0.9693737573597988 0.41255393824929687 0.301256910224581 0.23227908520125373 0.8543309220938164 5
0.24250776329213675 0.08232613915497289 0.27380862706382325 0.3424250803367126 0.19934850124598502 1
0.10201964817708065 0.5617203018555967 0.5199250087730701 0.7602030879439684 0.8958065855186793 6
0.2584577867303506 0.11301997373146844 0.7417010543091868 0.14206643480399073 0.39712337143447507 7
0.8213724866507053 0.314967761529647 0.39450957636156225 0.7387694833152195 0.07148212566256862 5
0.2584577867303506 0.11301997373146844 0.7417010543091868 0.14206643480399073 0.39712337143447507 7
0.044377575974444694 0.7788280408914933 0.4280057697835149 0.5306743014329388 0.3740988547014866 6
0.06515883404021772 0.511004969026137 0.5517276571827343 0.06711678271276544 0.667177728968397 8
0.8663180973509621 0.17844011645394842 0.6846944102223556 0.7752402567641722 0.17105965498439502 1
0.9364908163753933 0.669163258807841 0.6776091397187837 0.6795402371491648 0.254984149272133 2
0.48135173837213685 0.9700803204242244 0.5762187634747287 0.4640912126479153 0.009894356663664894 2
0.7853228769729609 0.4357420091539478 0.16877858587793815 0.5571727716957631 0.5687812056026909 3
0.48135173837213685 0.9700803204242244 0.5762187634747287 0.4640912126479153 0.009894356663664894 2
0.24250776329213675 0.08232613915497289 0.27380862706382325 0.3424250803367126 0.19934850124598502 1
0.24250776329213675 0.08232613915497289 0.27380862706382325 0.3424250803367126 0.19934850124598502 1
0.24250776329213675 0.08232613915497289 0.27380862706382325 0.3424250803367126 0.19934850124598502 1
0.6612590157683129 0.1574601044161138 0.3932537739751242 0.9568668199809219 0.9864373421430018 1
0.24250776329213675 0.08232613915497289 0.27380862706382325 0.3424250803367126 0.19934850124598502 1
0.24250776329213675 0.08232613915497289 0.27380862706382325 0.3424250803367126 0.19934850124598502 1
0.10201964817708065 0.5617203018555967 0.5199250087730701 0.7602030879439684 0.8958065855186793 6
0.9693737573597988 0.41255393824929687 0.301256910224581 0.23227908520125373 0.8543309220938164 5
0.8213724866507053 0.314967761529647 0.39450957636156225 0.7387694833152195 0.07148212566256862 5
0.2584577867303506 0.11301997373146844 0.7417010543091868 0.14206643480399073 0.39712337143447507 7
0.044377575974444694 0.7788280408914933 0.4280057697835149 0.5306743014329388 0.3740988547014866 6
0.06515883404021772 0.511004969026137 0.5517276571827343 0.06711678271276544 0.667177728968397 8
0.8663180973509621 0.17844011645394842 0.6846944102223556 0.7752402567641722 0.17105965498439502 1
0.9364908163753933 0.669163258807841 0.6776091397187837 0.6795402371491648 0.254984149272133 2
0.48135173837213685 0.9700803204242244 0.5762187634747287 0.4640912126479153 0.009894356663664894 2
0.16388875129429892 0.23110851132252064 0.5817101639783072 0.28083623809282976 0.7568954753811342 7
0.24250776329213675 0.08232613915497289 0.27380862706382325 0.3424250803367126 0.19934850124598502 1
0.24250776329213675 0.08232613915497289 0.27380862706382325 0.3424250803367126 0.19934850124598502 1
0.48135173837213685 0.9700803204242244 0.5762187634747287 0.4640912126479153 0.009894356663664894 2
0.6612590157683129 0.1574601044161138 0.3932537739751242 0.9568668199809219 0.9864373421430018 1
0.9693737573597988 0.41255393824929687 0.301256910224581 0.23227908520125373 0.8543309220938164 5
0.24250776329213675 0.08232613915497289 0.27380862706382325 0.3424250803367126 0.19934850124598502 1
0.8213724866507053 0.314967761529647 0.39450957636156225 0.7387694833152195 0.07148212566256862 5
0.8213724866507053 0.314967761529647 0.39450957636156225 0.7387694833152195 0.07148212566256862 5
0.8213724866507053 0.314967761529647 0.39450957636156225 0.7387694833152195 0.07148212566256862 5
0.2584577867303506 0.11301997373146844 0.7417010543091868 0.14206643480399073 0.39712337143447507 7
0.044377575974444694 0.7788280408914933 0.4280057697835149 0.5306743014329388 0.3740988547014866 6
0.06515883404021772 0.511004969026137 0.5517276571827343 0.06711678271276544 0.667177728968397 8
0.8663180973509621 0.17844011645394842 0.6846944102223556 0.7752402567641722 0.17105965498439502 1
0.9364908163753933 0.669163258807841 0.6776091397187837 0.6795402371491648 0.254984149272133 2
0.9364908163753933 0.669163258807841 0.6776091397187837 0.6795402371491648 0.254984149272133 2
0.16388875129429892 0.23110851132252064 0.5817101639783072 0.28083623809282976 0.7568954753811342 7
0.9919607071694183 0.8520657232420191 0.8637851136913637 0.8422109908480749 0.17110826847872607 6
0.24250776329213675 0.08232613915497289 0.27380862706382325 0.3424250803367126 0.19934850124598502 1
0.48135173837213685 0.9700803204242244 0.5762187634747287 0.4640912126479153 0.009894356663664894 2
0.48135173837213685 0.9700803204242244 0.5762187634747287 0.4640912126479153 0.009894356663664894 2
0.6612590157683129 0.1574601044161138 0.3932537739751242 0.9568668199809219 0.9864373421430018 1
0.24250776329213675 0.08232613915497289 0.27380862706382325 0.3424250803367126 0.19934850124598502 1
0.10201964817708065 0.5617203018555967 0.5199250087730701 0.7602030879439684 0.8958065855186793 6
0.9693737573597988 0.41255393824929687 0.301256910224581 0.23227908520125373 0.8543309220938164 5
0.8213724866507053 0.314967761529647 0.39450957636156225 0.7387694833152195 0.07148212566256862 5
0.8213724866507053 0.314967761529647 0.39450957636156225 0.7387694833152195 0.07148212566256862 5
0.044377575974444694 0.7788280408914933 0.4280057697835149 0.5306743014329388 0.3740988547014866 6
0.044377575974444694 0.7788280408914933 0.4280057697835149 0.5306743014329388 0.3740988547014866 6
0.06515883404021772 0.511004969026137 0.5517276571827343 0.06711678271276544 0.667177728968397 8
0.8663180973509621 0.17844011645394842 0.6846944102223556 0.7752402567641722 0.17105965498439502 1
0.9364908163753933 0.669163258807841 0.6776091397187837 0.6795402371491648 0.254984149272133 2
0.9364908163753933 0.669163258807841 0.6776091397187837 0.6795402371491648 0.254984149272133 2
0.16388875129429892 0.23110851132252064 0.5817101639783072 0.28083623809282976 0.7568954753811342 7
0.24250776329213675 0.08232613915497289 0.27380862706382325 0.3424250803367126 0.19934850124598502 1
0.48135173837213685 0.9700803204242244 0.5762187634747287 0.4640912126479153 0.009894356663664894 2
0.48135173837213685 0.9700803204242244 0.5762187634747287 0.4640912126479153 0.009894356663664894 2
0.6612590157683129 0.1574601044161138 0.3932537739751242 0.9568668199809219 0.9864373421430018 1
0.24250776329213675 0.08232613915497289 0.27380862706382325 0.3424250803367126 0.19934850124598502 1
0.10201964817708065 0.5617203018555967 0.5199250087730701 0.7602030879439684 0.8958065855186793 6
0.9693737573597988 0.41255393824929687 0.301256910224581 0.23227908520125373 0.8543309220938164 5
0.8213724866507053 0.314967761529647 0.39450957636156225 0.7387694833152195 0.07148212566256862 5
0.8213724866507053 0.314967761529647 0.39450957636156225 0.7387694833152195 0.07148212566256862 5
0.044377575974444694 0.7788280408914933 0.4280057697835149 0.5306743014329388 0.3740988547014866 6
0.044377575974444694 0.7788280408914933 0.4280057697835149 0.5306743014329388 0.3740988547014866 6
0.06515883404021772 0.511004969026137 0.5517276571827343 0.06711678271276544 0.667177728968397 8
0.8663180973509621 0.17844011645394842 0.6846944102223556 0.7752402567641722 0.17105965498439502 1
0.9364908163753933 0.669163258807841 0.6776091397187837 0.6795402371491648 0.254984149272133 2
0.9364908163753933 0.669163258807841 0.6776091397187837 0.6795402371491648 0.254984149272133 2
0.16388875129429892 0.23110851132252064 0.5817101639783072 0.28083623809282976 0.7568954753811342 7
0.24250776329213675 0.08232613915497289 0.27380862706382325 0.3424250803367126 0.19934850124598502 1
0.24250776329213675 0.08232613915497289 0.27380862706382325 0.3424250803367126 0.19934850124598502 1
0.6612590157683129 0.1574601044161138 0.3932537739751242 0.9568668199809219 0.9864373421430018 1
0.24250776329213675 0.08232613915497289 0.27380862706382325 0.3424250803367126 0.19934850124598502 1
0.10201964817708065 0.5617203018555967 0.5199250087730701 0.7602030879439684 0.8958065855186793 6
0.10201964817708065 0.5617203018555967 0.5199250087730701 0.7602030879439684 0.8958065855186793 6
0.8213724866507053 0.314967761529647 0.39450957636156225 0.7387694833152195 0.07148212566256862 5
0.8213724866507053 0.314967761529647 0.39450957636156225 0.7387694833152195 0.07148212566256862 5
0.2584577867303506 0.11301997373146844 0.7417010543091868 0.14206643480399073 0.39712337143447507 7
0.044377575974444694 0.7788280408914933 0.4280057697835149 0.5306743014329388 0.3740988547014866 6
0.044377575974444694 0.7788280408914933 0.4280057697835149 0.5306743014329388 0.3740988547014866 6
0.06515883404021772 0.511004969026137 0.5517276571827343 0.06711678271276544 0.667177728968397 8
0.8663180973509621 0.17844011645394842 0.6846944102223556 0.7752402567641722 0.17105965498439502 1
0.9364908163753933 0.669163258807841 0.6776091397187837 0.6795402371491648 0.254984149272133 2
0.48135173837213685 0.9700803204242244 0.5762187634747287 0.4640912126479153 0.009894356663664894 2
0.16388875129429892 0.23110851132252064 0.5817101639783072 0.28083623809282976 0.7568954753811342 7
0.24250776329213675 0.08232613915497289 0.27380862706382325 0.3424250803367126 0.19934850124598502 1
0.24250776329213675 0.08232613915497289 0.27380862706382325 0.3424250803367126 0.19934850124598502 1
0.24250776329213675 0.08232613915497289 0.27380862706382325 0.3424250803367126 0.19934850124598502 1
0.24250776329213675 0.08232613915497289 0.27380862706382325 0.3424250803367126 0.19934850124598502 1
0.6612590157683129 0.1574601044161138 0.3932537739751242 0.9568668199809219 0.9864373421430018 1
0.24250776329213675 0.08232613915497289 0.27380862706382325 0.3424250803367126 0.19934850124598502 1
0.24250776329213675 0.08232613915497289 0.27380862706382325 0.3424250803367126 0.19934850124598502 1
0.10201964817708065 0.5617203018555967 0.5199250087730701 0.7602030879439684 0.8958065855186793 6
0.8213724866507053 0.314967761529647 0.39450957636156225 0.7387694833152195 0.07148212566256862 5
0.8213724866507053 0.314967761529647 0.39450957636156225 0.7387694833152195 0.07148212566256862 5
0.044377575974444694 0.7788280408914933 0.4280057697835149 0.5306743014329388 0.3740988547014866 6
0.044377575974444694 0.7788280408914933 0.4280057697835149 0.5306743014329388 0.3740988547014866 6
0.06515883404021772 0.511004969026137 0.5517276571827343 0.06711678271276544 0.667177728968397 8
0.8663180973509621 0.17844011645394842 0.6846944102223556 0.7752402567641722 0.17105965498439502 1
0.9364908163753933 0.669163258807841 0.6776091397187837 0.6795402371491648 0.254984149272133 2
0.48135173837213685 0.9700803204242244 0.5762187634747287 0.4640912126479153 0.009894356663664894 2
0.16388875129429892 0.23110851132252064 0.5817101639783072 0.28083623809282976 0.7568954753811342 7
0.24250776329213675 0.08232613915497289 0.27380862706382325 0.3424250803367126 0.19934850124598502 1
0.24250776329213675 0.08232613915497289 0.27380862706382325 0.3424250803367126 0.19934850124598502 1
0.24250776329213675 0.08232613915497289 0.27380862706382325 0.3424250803367126 0.19934850124598502 1
0.10201964817708065 0.5617203018555967 0.5199250087730701 0.7602030879439684 0.8958065855186793 6
0.10201964817708065 0.5617203018555967 0.5199250087730701 0.7602030879439684 0.8958065855186793 6
0.8213724866507053 0.314967761529647 0.39450957636156225 0.7387694833152195 0.07148212566256862 5
0.8213724866507053 0.314967761529647 0.39450957636156225 0.7387694833152195 0.07148212566256862 5
0.8213724866507053 0.314967761529647 0.39450957636156225 0.7387694833152195 0.07148212566256862 5
0.2584577867303506 0.11301997373146844 0.7417010543091868 0.14206643480399073 0.39712337143447507 7
0.044377575974444694 0.7788280408914933 0.4280057697835149 0.5306743014329388 0.3740988547014866 6
0.06515883404021772 0.511004969026137 0.5517276571827343 0.06711678271276544 0.667177728968397 8
0.8663180973509621 0.17844011645394842 0.6846944102223556 0.7752402567641722 0.17105965498439502 1
0.9364908163753933 0.669163258807841 0.6776091397187837 0.6795402371491648 0.254984149272133 2
0.48135173837213685 0.9700803204242244 0.5762187634747287 0.4640912126479153 0.009894356663664894 2
0.16388875129429892 0.23110851132252064 0.5817101639783072 0.28083623809282976 0.7568954753811342 7
0.8973348597643858 0.0855035713432929 0.6662485165620338 0.34774318455226383 0.4067156946554369 5
0.24250776329213675 0.08232613915497289 0.27380862706382325 0.3424250803367126 0.19934850124598502 1
0.24250776329213675 0.08232613915497289 0.27380862706382325 0.3424250803367126 0.19934850124598502 1
0.24250776329213675 0.08232613915497289 0.27380862706382325 0.3424250803367126 0.19934850124598502 1
0.10201964817708065 0.5617203018555967 0.5199250087730701 0.7602030879439684 0.8958065855186793 6
0.10201964817708065 0.5617203018555967 0.5199250087730701 0.7602030879439684 0.8958065855186793 6
0.8213724866507053 0.314967761529647 0.39450957636156225 0.7387694833152195 0.07148212566256862 5
0.8213724866507053 0.314967761529647 0.39450957636156225 0.7387694833152195 0.07148212566256862 5
0.8213724866507053 0.314967761529647 0.39450957636156225 0.7387694833152195 0.07148212566256862 5
0.2584577867303506 0.11301997373146844 0.7417010543091868 0.14206643480399073 0.39712337143447507 7
0.044377575974444694 0.7788280408914933 0.4280057697835149 0.5306743014329388 0.3740988547014866 6
0.06515883404021772 0.511004969026137 0.5517276571827343 0.06711678271276544 0.667177728968397 8
0.8663180973509621 0.17844011645394842 0.6846944102223556 0.7752402567641722 0.17105965498439502 1
0.9364908163753933 0.669163258807841 0.6776091397187837 0.6795402371491648 0.254984149272133 2
0.48135173837213685 0.9700803204242244 0.5762187634747287 0.4640912126479153 0.009894356663664894 2
0.16388875129429892 0.23110851132252064 0.5817101639783072 0.28083623809282976 0.7568954753811342 7
0.8973348597643858 0.0855035713432929 0.6662485165620338 0.34774318455226383 0.4067156946554369 5
0.24250776329213675 0.08232613915497289 0.27380862706382325 0.3424250803367126 0.19934850124598502 1
0.24250776329213675 0.08232613915497289 0.27380862706382325 0.3424250803367126 0.19934850124598502 1
0.24250776329213675 0.08232613915497289 0.27380862706382325 0.3424250803367126 0.19934850124598502 1
0.6612590157683129 0.1574601044161138 0.3932537739751242 0.9568668199809219 0.9864373421430018 1
0.24250776329213675 0.08232613915497289 0.27380862706382325 0.3424250803367126 0.19934850124598502 1
0.24250776329213675 0.08232613915497289 0.27380862706382325 0.3424250803367126 0.19934850124598502 1
0.10201964817708065 0.5617203018555967 0.5199250087730701 0.7602030879439684 0.8958065855186793 6
0.8213724866507053 0.314967761529647 0.39450957636156225 0.7387694833152195 0.07148212566256862 5
0.8213724866507053 0.314967761529647 0.39450957636156225 0.7387694833152195 0.07148212566256862 5
0.2584577867303506 0.11301997373146844 0.7417010543091868 0.14206643480399073 0.39712337143447507 7
0.044377575974444694 0.7788280408914933 0.4280057697835149 0.5306743014329388 0.3740988547014866 6
0.06515883404021772 0.511004969026137 0.5517276571827343 0.06711678271276544 0.667177728968397 8
0.8663180973509621 0.17844011645394842 0.6846944102223556 0.7752402567641722 0.17105965498439502 1
0.9364908163753933 0.669163258807841 0.6776091397187837 0.6795402371491648 0.254984149272133 2
0.48135173837213685 0.9700803204242244 0.5762187634747287 0.4640912126479153 0.009894356663664894 2
0.16388875129429892 0.23110851132252064 0.5817101639783072 0.28083623809282976 0.7568954753811342 7
0.24250776329213675 0.08232613915497289 0.27380862706382325 0.3424250803367126 0.19934850124598502 1
0.24250776329213675 0.08232613915497289 0.27380862706382325 0.3424250803367126 0.19934850124598502 1
0.24250776329213675 0.08232613915497289 0.27380862706382325 0.3424250803367126 0.19934850124598502 1
0.6612590157683129 0.1574601044161138 0.3932537739751242 0.9568668199809219 0.9864373421430018 1
0.24250776329213675 0.08232613915497289 0.27380862706382325 0.3424250803367126 0.19934850124598502 1
0.24250776329213675 0.08232613915497289 0.27380862706382325 0.3424250803367126 0.19934850124598502 1
0.10201964817708065 0.5617203018555967 0.5199250087730701 0.7602030879439684 0.8958065855186793 6
0.8213724866507053 0.314967761529647 0.39450957636156225 0.7387694833152195 0.07148212566256862 5
0.8213724866507053 0.314967761529647 0.39450957636156225 0.7387694833152195 0.07148212566256862 5
0.2584577867303506 0.11301997373146844 0.7417010543091868 0.14206643480399073 0.39712337143447507 7
0.044377575974444694 0.7788280408914933 0.4280057697835149 0.5306743014329388 0.3740988547014866 6
0.06515883404021772 0.511004969026137 0.5517276571827343 0.06711678271276544 0.667177728968397 8
0.8663180973509621 0.17844011645394842 0.6846944102223556 0.7752402567641722 0.17105965498439502 1
0.9364908163753933 0.669163258807841 0.6776091397187837 0.6795402371491648 0.254984149272133 2
0.48135173837213685 0.9700803204242244 0.5762187634747287 0.4640912126479153 0.009894356663664894 2
0.16388875129429892 0.23110851132252064 0.5817101639783072 0.28083623809282976 0.7568954753811342 7
0.24250776329213675 0.08232613915497289 0.27380862706382325 0.3424250803367126 0.19934850124598502 1
0.24250776329213675 0.08232613915497289 0.27380862706382325 0.3424250803367126 0.19934850124598502 1
0.24250776329213675 0.08232613915497289 0.27380862706382325 0.3424250803367126 0.19934850124598502 1
0.6612590157683129 0.1574601044161138 0.3932537739751242 0.9568668199809219 0.9864373421430018 1
0.24250776329213675 0.08232613915497289 0.27380862706382325 0.3424250803367126 0.19934850124598502 1
0.24250776329213675 0.08232613915497289 0.27380862706382325 0.3424250803367126 0.19934850124598502 1
0.10201964817708065 0.5617203018555967 0.5199250087730701 0.7602030879439684 0.8958065855186793 6
0.8213724866507053 0.314967761529647 0.39450957636156225 0.7387694833152195 0.07148212566256862 5
0.8213724866507053 0.314967761529647 0.39450957636156225 0.7387694833152195 0.07148212566256862 5
0.044377575974444694 0.7788280408914933 0.4280057697835149 0.5306743014329388 0.3740988547014866 6
0.044377575974444694 0.7788280408914933 0.4280057697835149 0.5306743014329388 0.3740988547014866 6
0.06515883404021772 0.511004969026137 0.5517276571827343 0.06711678271276544 0.667177728968397 8
0.8663180973509621 0.17844011645394842 0.6846944102223556 0.7752402567641722 0.17105965498439502 1
0.9364908163753933 0.669163258807841 0.6776091397187837 0.6795402371491648 0.254984149272133 2
0.48135173837213685 0.9700803204242244 0.5762187634747287 0.4640912126479153 0.009894356663664894 2
0.16388875129429892 0.23110851132252064 0.5817101639783072 0.28083623809282976 0.7568954753811342 7
0.24250776329213675 0.08232613915497289 0.27380862706382325 0.3424250803367126 0.19934850124598502 1
0.24250776329213675 0.08232613915497289 0.27380862706382325 0.3424250803367126 0.19934850124598502 1
0.24250776329213675 0.08232613915497289 0.27380862706382325 0.3424250803367126 0.19934850124598502 1
0.6612590157683129 0.1574601044161138 0.3932537739751242 0.9568668199809219 0.9864373421430018 1
0.24250776329213675 0.08232613915497289 0.27380862706382325 0.3424250803367126 0.19934850124598502 1
0.24250776329213675 0.08232613915497289 0.27380862706382325 0.3424250803367126 0.19934850124598502 1
0.10201964817708065 0.5617203018555967 0.5199250087730701 0.7602030879439684 0.8958065855186793 6
0.8213724866507053 0.314967761529647 0.39450957636156225 0.7387694833152195 0.07148212566256862 5
0.8213724866507053 0.314967761529647 0.39450957636156225 0.7387694833152195 0.07148212566256862 5
0.044377575974444694 0.7788280408914933 0.4280057697835149 0.5306743014329388 0.3740988547014866 6
0.044377575974444694 0.7788280408914933 0.4280057697835149 0.5306743014329388 0.3740988547014866 6
0.06515883404021772 0.511004969026137 0.5517276571827343 0.06711678271276544 0.667177728968397 8
0.8663180973509621 0.17844011645394842 0.6846944102223556 0.7752402567641722 0.17105965498439502 1
0.9364908163753933 0.669163258807841 0.6776091397187837 0.6795402371491648 0.254984149272133 2
0.48135173837213685 0.9700803204242244 0.5762187634747287 0.4640912126479153 0.009894356663664894 2
0.16388875129429892 0.23110851132252064 0.5817101639783072 0.28083623809282976 0.7568954753811342 7
0.24250776329213675 0.08232613915497289 0.27380862706382325 0.3424250803367126 0.19934850124598502 1
0.24250776329213675 0.08232613915497289 0.27380862706382325 0.3424250803367126 0.19934850124598502 1
0.24250776329213675 0.08232613915497289 0.27380862706382325 0.3424250803367126 0.19934850124598502 1
0.6612590157683129 0.1574601044161138 0.3932537739751242 0.9568668199809219 0.9864373421430018 1
0.5084737448943576 0.6167623181682086 0.5922584057181066 0.681171669984277 0.6921839216497506 4
0.24250776329213675 0.08232613915497289 0.27380862706382325 0.3424250803367126 0.19934850124598502 1
0.10201964817708065 0.5617203018555967 0.5199250087730701 0.7602030879439684 0.8958065855186793 6
0.8213724866507053 0.314967761529647 0.39450957636156225 0.7387694833152195 0.07148212566256862 5
0.8213724866507053 0.314967761529647 0.39450957636156225 0.7387694833152195 0.07148212566256862 5
0.044377575974444694 0.7788280408914933 0.4280057697835149 0.5306743014329388 0.3740988547014866 6
0.044377575974444694 0.7788280408914933 0.4280057697835149 0.5306743014329388 0.3740988547014866 6
0.06515883404021772 0.511004969026137 0.5517276571827343 0.06711678271276544 0.667177728968397 8
0.8663180973509621 0.17844011645394842 0.6846944102223556 0.7752402567641722 0.17105965498439502 1
0.9364908163753933 0.669163258807841 0.6776091397187837 0.6795402371491648 0.254984149272133 2
0.9364908163753933 0.669163258807841 0.6776091397187837 0.6795402371491648 0.254984149272133 2
0.5898476950994941 0.5387561483630726 0.15606260628202218 0.2803351338902963 0.8293331429933923 3
0.24250776329213675 0.08232613915497289 0.27380862706382325 0.3424250803367126 0.19934850124598502 1
0.48135173837213685 0.9700803204242244 0.5762187634747287 0.4640912126479153 0.009894356663664894 2
0.48135173837213685 0.9700803204242244 0.5762187634747287 0.4640912126479153 0.009894356663664894 2
0.6612590157683129 0.1574601044161138 0.3932537739751242 0.9568668199809219 0.9864373421430018 1
0.5084737448943576 0.6167623181682086 0.5922584057181066 0.681171669984277 0.6921839216497506 4
0.24250776329213675 0.08232613915497289 0.27380862706382325 0.3424250803367126 0.19934850124598502 1
0.10201964817708065 0.5617203018555967 0.5199250087730701 0.7602030879439684 0.8958065855186793 6
0.8213724866507053 0.314967761529647 0.39450957636156225 0.7387694833152195 0.07148212566256862 5
0.8213724866507053 0.314967761529647 0.39450957636156225 0.7387694833152195 0.07148212566256862 5
0.2584577867303506 0.11301997373146844 0.7417010543091868 0.14206643480399073 0.39712337143447507 7
0.044377575974444694 0.7788280408914933 0.4280057697835149 0.5306743014329388 0.3740988547014866 6
0.06515883404021772 0.511004969026137 0.5517276571827343 0.06711678271276544 0.667177728968397 8
0.8663180973509621 0.17844011645394842 0.6846944102223556 0.7752402567641722 0.17105965498439502 1
0.9364908163753933 0.669163258807841 0.6776091397187837 0.6795402371491648 0.254984149272133 2
0.48135173837213685 0.9700803204242244 0.5762187634747287 0.4640912126479153 0.009894356663664894 2
0.16388875129429892 0.23110851132252064 0.5817101639783072 0.28083623809282976 0.7568954753811342 7
0.24250776329213675 0.08232613915497289 0.27380862706382325 0.3424250803367126 0.19934850124598502 1
0.24250776329213675 0.08232613915497289 0.27380862706382325 0.3424250803367126 0.19934850124598502 1
0.48135173837213685 0.9700803204242244 0.5762187634747287 0.4640912126479153 0.009894356663664894 2
0.6612590157683129 0.1574601044161138 0.3932537739751242 0.9568668199809219 0.9864373421430018 1
0.5084737448943576 0.6167623181682086 0.5922584057181066 0.681171669984277 0.6921839216497506 4
0.24250776329213675 0.08232613915497289 0.27380862706382325 0.3424250803367126 0.19934850124598502 1
0.8213724866507053 0.314967761529647 0.39450957636156225 0.7387694833152195 0.07148212566256862 5
0.8213724866507053 0.314967761529647 0.39450957636156225 0.7387694833152195 0.07148212566256862 5
0.8213724866507053 0.314967761529647 0.39450957636156225 0.7387694833152195 0.07148212566256862 5
0.2584577867303506 0.11301997373146844 0.7417010543091868 0.14206643480399073 0.39712337143447507 7
0.044377575974444694 0.7788280408914933 0.4280057697835149 0.5306743014329388 0.3740988547014866 6
0.06515883404021772 0.511004969026137 0.5517276571827343 0.06711678271276544 0.667177728968397 8
0.8663180973509621 0.17844011645394842 0.6846944102223556 0.7752402567641722 0.17105965498439502 1
0.9364908163753933 0.669163258807841 0.6776091397187837 0.6795402371491648 0.254984149272133 2
0.48135173837213685 0.9700803204242244 0.5762187634747287 0.4640912126479153 0.009894356663664894 2
0.16388875129429892 0.23110851132252064 0.5817101639783072 0.28083623809282976 0.7568954753811342 7
0.24250776329213675 0.08232613915497289 0.27380862706382325 0.3424250803367126 0.19934850124598502 1
0.48135173837213685 0.9700803204242244 0.5762187634747287 0.4640912126479153 0.009894356663664894 2
0.48135173837213685 0.9700803204242244 0.5762187634747287 0.4640912126479153 0.009894356663664894 2
0.6612590157683129 0.1574601044161138 0.3932537739751242 0.9568668199809219 0.9864373421430018 1
0.24250776329213675 0.08232613915497289 0.27380862706382325 0.3424250803367126 0.19934850124598502 1
0.10201964817708065 0.5617203018555967 0.5199250087730701 0.7602030879439684 0.8958065855186793 6
0.9693737573597988 0.41255393824929687 0.301256910224581 0.23227908520125373 0.8543309220938164 5
0.8213724866507053 0.314967761529647 0.39450957636156225 0.7387694833152195 0.07148212566256862 5
0.8213724866507053 0.314967761529647 0.39450957636156225 0.7387694833152195 0.07148212566256862 5
0.044377575974444694 0.7788280408914933 0.4280057697835149 0.5306743014329388 0.3740988547014866 6
0.044377575974444694 0.7788280408914933 0.4280057697835149 0.5306743014329388 0.3740988547014866 6
0.06515883404021772 0.511004969026137 0.5517276571827343 0.06711678271276544 0.667177728968397 8
0.8663180973509621 0.17844011645394842 0.6846944102223556 0.7752402567641722 0.17105965498439502 1
0.9364908163753933 0.669163258807841 0.6776091397187837 0.6795402371491648 0.254984149272133 2
0.9364908163753933 0.669163258807841 0.6776091397187837 0.6795402371491648 0.254984149272133 2
0.16388875129429892 0.23110851132252064 0.5817101639783072 0.28083623809282976 0.7568954753811342 7
0.24250776329213675 0.08232613915497289 0.27380862706382325 0.3424250803367126 0.19934850124598502 1
0.24250776329213675 0.08232613915497289 0.27380862706382325 0.3424250803367126 0.19934850124598502 1
0.24250776329213675 0.08232613915497289 0.27380862706382325 0.3424250803367126 0.19934850124598502 1
0.6612590157683129 0.1574601044161138 0.3932537739751242 0.9568668199809219 0.9864373421430018 1
0.24250776329213675 0.08232613915497289 0.27380862706382325 0.3424250803367126 0.19934850124598502 1
0.10201964817708065 0.5617203018555967 0.5199250087730701 0.7602030879439684 0.8958065855186793 6
0.10201964817708065 0.5617203018555967 0.5199250087730701 0.7602030879439684 0.8958065855186793 6
0.8213724866507053 0.314967761529647 0.39450957636156225 0.7387694833152195 0.07148212566256862 5
0.8213724866507053 0.314967761529647 0.39450957636156225 0.7387694833152195 0.07148212566256862 5
0.2584577867303506 0.11301997373146844 0.7417010543091868 0.14206643480399073 0.39712337143447507 7
0.044377575974444694 0.7788280408914933 0.4280057697835149 0.5306743014329388 0.3740988547014866 6
0.06515883404021772 0.511004969026137 0.5517276571827343 0.06711678271276544 0.667177728968397 8
0.8663180973509621 0.17844011645394842 0.6846944102223556 0.7752402567641722 0.17105965498439502 1
0.9364908163753933 0.669163258807841 0.6776091397187837 0.6795402371491648 0.254984149272133 2
0.48135173837213685 0.9700803204242244 0.5762187634747287 0.4640912126479153 0.009894356663664894 2
0.16388875129429892 0.23110851132252064 0.5817101639783072 0.28083623809282976 0.7568954753811342 7
0.24250776329213675 0.08232613915497289 0.27380862706382325 0.3424250803367126 0.19934850124598502 1
0.24250776329213675 0.08232613915497289 0.27380862706382325 0.3424250803367126 0.19934850124598502 1
0.48135173837213685 0.9700803204242244 0.5762187634747287 0.4640912126479153 0.009894356663664894 2
0.6612590157683129 0.1574601044161138 0.3932537739751242 0.9568668199809219 0.9864373421430018 1
0.5084737448943576 0.6167623181682086 0.5922584057181066 0.681171669984277 0.6921839216497506 4
0.24250776329213675 0.08232613915497289 0.27380862706382325 0.3424250803367126 0.19934850124598502 1
0.9693737573597988 0.41255393824929687 0.301256910224581 0.23227908520125373 0.8543309220938164 5
0.2584577867303506 0.11301997373146844 0.7417010543091868 0.14206643480399073 0.39712337143447507 7
0.8213724866507053 0.314967761529647 0.39450957636156225 0.7387694833152195 0.07148212566256862 5
0.2584577867303506 0.11301997373146844 0.7417010543091868 0.14206643480399073 0.39712337143447507 7
0.044377575974444694 0.7788280408914933 0.4280057697835149 0.5306743014329388 0.3740988547014866 6
0.06515883404021772 0.511004969026137 0.5517276571827343 0.06711678271276544 0.667177728968397 8
0.8663180973509621 0.17844011645394842 0.6846944102223556 0.7752402567641722 0.17105965498439502 1
0.498342916068485 0.1614752620938169 0.23380952884956674 0.4402446052171345 0.5673446835957374 7
0.9364908163753933 0.669163258807841 0.6776091397187837 0.6795402371491648 0.254984149272133 2
0.06304503247015703 0.4899895627553831 0.7086457884444232 0.17269975837994667 0.13156913832152484 6
0.48135173837213685 0.9700803204242244 0.5762187634747287 0.4640912126479153 0.009894356663664894 2
0.24250776329213675 0.08232613915497289 0.27380862706382325 0.3424250803367126 0.19934850124598502 1
0.24250776329213675 0.08232613915497289 0.27380862706382325 0.3424250803367126 0.19934850124598502 1
0.48135173837213685 0.9700803204242244 0.5762187634747287 0.4640912126479153 0.009894356663664894 2
0.6612590157683129 0.1574601044161138 0.3932537739751242 0.9568668199809219 0.9864373421430018 1
0.24250776329213675 0.08232613915497289 0.27380862706382325 0.3424250803367126 0.19934850124598502 1
0.24250776329213675 0.08232613915497289 0.27380862706382325 0.3424250803367126 0.19934850124598502 1
0.10201964817708065 0.5617203018555967 0.5199250087730701 0.7602030879439684 0.8958065855186793 6
0.8213724866507053 0.314967761529647 0.39450957636156225 0.7387694833152195 0.07148212566256862 5
0.8213724866507053 0.314967761529647 0.39450957636156225 0.7387694833152195 0.07148212566256862 5
0.2584577867303506 0.11301997373146844 0.7417010543091868 0.14206643480399073 0.39712337143447507 7
0.044377575974444694 0.7788280408914933 0.4280057697835149 0.5306743014329388 0.3740988547014866 6
0.06515883404021772 0.511004969026137 0.5517276571827343 0.06711678271276544 0.667177728968397 8
0.8663180973509621 0.17844011645394842 0.6846944102223556 0.7752402567641722 0.17105965498439502 1
0.48135173837213685 0.9700803204242244 0.5762187634747287 0.4640912126479153 0.009894356663664894 2
0.48135173837213685 0.9700803204242244 0.5762187634747287 0.4640912126479153 0.009894356663664894 2
0.16388875129429892 0.23110851132252064 0.5817101639783072 0.28083623809282976 0.7568954753811342 7
0.24250776329213675 0.08232613915497289 0.27380862706382325 0.3424250803367126 0.19934850124598502 1
0.24250776329213675 0.08232613915497289 0.27380862706382325 0.3424250803367126 0.19934850124598502 1
0.48135173837213685 0.9700803204242244 0.5762187634747287 0.4640912126479153 0.009894356663664894 2
0.6612590157683129 0.1574601044161138 0.3932537739751242 0.9568668199809219 0.9864373421430018 1
0.24250776329213675 0.08232613915497289 0.27380862706382325 0.3424250803367126 0.19934850124598502 1
0.24250776329213675 0.08232613915497289 0.27380862706382325 0.3424250803367126 0.19934850124598502 1
0.10201964817708065 0.5617203018555967 0.5199250087730701 0.7602030879439684 0.8958065855186793 6
0.8213724866507053 0.314967761529647 0.39450957636156225 0.7387694833152195 0.07148212566256862 5
0.8213724866507053 0.314967761529647 0.39450957636156225 0.7387694833152195 0.07148212566256862 5
0.2584577867303506 0.11301997373146844 0.7417010543091868 0.14206643480399073 0.39712337143447507 7
0.044377575974444694 0.7788280408914933 0.4280057697835149 0.5306743014329388 0.3740988547014866 6
0.06515883404021772 0.511004969026137 0.5517276571827343 0.06711678271276544 0.667177728968397 8
0.8663180973509621 0.17844011645394842 0.6846944102223556 0.7752402567641722 0.17105965498439502 1
0.48135173837213685 0.9700803204242244 0.5762187634747287 0.4640912126479153 0.009894356663664894 2
0.48135173837213685 0.9700803204242244 0.5762187634747287 0.4640912126479153 0.009894356663664894 2
0.16388875129429892 0.23110851132252064 0.5817101639783072 0.28083623809282976 0.7568954753811342 7
0.24250776329213675 0.08232613915497289 0.27380862706382325 0.3424250803367126 0.19934850124598502 1
0.24250776329213675 0.08232613915497289 0.27380862706382325 0.3424250803367126 0.19934850124598502 1
0.48135173837213685 0.9700803204242244 0.5762187634747287 0.4640912126479153 0.009894356663664894 2
0.24250776329213675 0.08232613915497289 0.27380862706382325 0.3424250803367126 0.19934850124598502 1
0.10201964817708065 0.5617203018555967 0.5199250087730701 0.7602030879439684 0.8958065855186793 6
0.10201964817708065 0.5617203018555967 0.5199250087730701 0.7602030879439684 0.8958065855186793 6
0.8213724866507053 0.314967761529647 0.39450957636156225 0.7387694833152195 0.07148212566256862 5
0.8213724866507053 0.314967761529647 0.39450957636156225 0.7387694833152195 0.07148212566256862 5
0.2584577867303506 0.11301997373146844 0.7417010543091868 0.14206643480399073 0.39712337143447507 7
0.044377575974444694 0.7788280408914933 0.4280057697835149 0.5306743014329388 0.3740988547014866 6
0.06515883404021772 0.511004969026137 0.5517276571827343 0.06711678271276544 0.667177728968397 8
0.8663180973509621 0.17844011645394842 0.6846944102223556 0.7752402567641722 0.17105965498439502 1
0.498342916068485 0.1614752620938169 0.23380952884956674 0.4402446052171345 0.5673446835957374 7
0.9364908163753933 0.669163258807841 0.6776091397187837 0.6795402371491648 0.254984149272133 2
0.06304503247015703 0.4899895627553831 0.7086457884444232 0.17269975837994667 0.13156913832152484 6
0.48135173837213685 0.9700803204242244 0.5762187634747287 0.4640912126479153 0.009894356663664894 2
0.016073175492885117 0.6384888625945719 0.9101528123272742 0.1287762852835833 0.6612119385223953 4
0.24250776329213675 0.08232613915497289 0.27380862706382325 0.3424250803367126 0.19934850124598502 1
0.24250776329213675 0.08232613915497289 0.27380862706382325 0.3424250803367126 0.19934850124598502 1
0.24250776329213675 0.08232613915497289 0.27380862706382325 0.3424250803367126 0.19934850124598502 1
0.6612590157683129 0.1574601044161138 0.3932537739751242 0.9568668199809219 0.9864373421430018 1
0.10201964817708065 0.5617203018555967 0.5199250087730701 0.7602030879439684 0.8958065855186793 6
0.24250776329213675 0.08232613915497289 0.27380862706382325 0.3424250803367126 0.19934850124598502 1
0.10201964817708065 0.5617203018555967 0.5199250087730701 0.7602030879439684 0.8958065855186793 6
0.8213724866507053 0.314967761529647 0.39450957636156225 0.7387694833152195 0.07148212566256862 5
0.8213724866507053 0.314967761529647 0.39450957636156225 0.7387694833152195 0.07148212566256862 5
0.044377575974444694 0.7788280408914933 0.4280057697835149 0.5306743014329388 0.3740988547014866 6
0.044377575974444694 0.7788280408914933 0.4280057697835149 0.5306743014329388 0.3740988547014866 6
0.06515883404021772 0.511004969026137 0.5517276571827343 0.06711678271276544 0.667177728968397 8
0.8663180973509621 0.17844011645394842 0.6846944102223556 0.7752402567641722 0.17105965498439502 1
0.9364908163753933 0.669163258807841 0.6776091397187837 0.6795402371491648 0.254984149272133 2
0.9364908163753933 0.669163258807841 0.6776091397187837 0.6795402371491648 0.254984149272133 2
0.7853228769729609 0.4357420091539478 0.16877858587793815 0.5571727716957631 0.5687812056026909 3
0.48135173837213685 0.9700803204242244 0.5762187634747287 0.4640912126479153 0.009894356663664894 2
0.24250776329213675 0.08232613915497289 0.27380862706382325 0.3424250803367126 0.19934850124598502 1
0.48135173837213685 0.9700803204242244 0.5762187634747287 0.4640912126479153 0.009894356663664894 2
0.48135173837213685 0.9700803204242244 0.5762187634747287 0.4640912126479153 0.009894356663664894 2
0.6612590157683129 0.1574601044161138 0.3932537739751242 0.9568668199809219 0.9864373421430018 1
0.5084737448943576 0.6167623181682086 0.5922584057181066 0.681171669984277 0.6921839216497506 4
0.24250776329213675 0.08232613915497289 0.27380862706382325 0.3424250803367126 0.19934850124598502 1
0.10201964817708065 0.5617203018555967 0.5199250087730701 0.7602030879439684 0.8958065855186793 6
0.8213724866507053 0.314967761529647 0.39450957636156225 0.7387694833152195 0.07148212566256862 5
0.8213724866507053 0.314967761529647 0.39450957636156225 0.7387694833152195 0.07148212566256862 5
0.2584577867303506 0.11301997373146844 0.7417010543091868 0.14206643480399073 0.39712337143447507 7
0.044377575974444694 0.7788280408914933 0.4280057697835149 0.5306743014329388 0.3740988547014866 6
0.06515883404021772 0.511004969026137 0.5517276571827343 0.06711678271276544 0.667177728968397 8
0.8663180973509621 0.17844011645394842 0.6846944102223556 0.7752402567641722 0.17105965498439502 1
0.9364908163753933 0.669163258807841 0.6776091397187837 0.6795402371491648 0.254984149272133 2
0.9364908163753933 0.669163258807841 0.6776091397187837 0.6795402371491648 0.254984149272133 2
0.16388875129429892 0.23110851132252064 0.5817101639783072 0.28083623809282976 0.7568954753811342 7
0.24250776329213675 0.08232613915497289 0.27380862706382325 0.3424250803367126 0.19934850124598502 1
0.48135173837213685 0.9700803204242244 0.5762187634747287 0.4640912126479153 0.009894356663664894 2
0.48135173837213685 0.9700803204242244 0.5762187634747287 0.4640912126479153 0.009894356663664894 2
0.6612590157683129 0.1574601044161138 0.3932537739751242 0.9568668199809219 0.9864373421430018 1
0.5084737448943576 0.6167623181682086 0.5922584057181066 0.681171669984277 0.6921839216497506 4
0.24250776329213675 0.08232613915497289 0.27380862706382325 0.3424250803367126 0.19934850124598502 1
0.10201964817708065 0.5617203018555967 0.5199250087730701 0.7602030879439684 0.8958065855186793 6
0.8213724866507053 0.314967761529647 0.39450957636156225 0.7387694833152195 0.07148212566256862 5
0.8213724866507053 0.314967761529647 0.39450957636156225 0.7387694833152195 0.07148212566256862 5
0.2584577867303506 0.11301997373146844 0.7417010543091868 0.14206643480399073 0.39712337143447507 7
0.044377575974444694 0.7788280408914933 0.4280057697835149 0.5306743014329388 0.3740988547014866 6
0.06515883404021772 0.511004969026137 0.5517276571827343 0.06711678271276544 0.667177728968397 8
0.8663180973509621 0.17844011645394842 0.6846944102223556 0.7752402567641722 0.17105965498439502 1
0.9364908163753933 0.669163258807841 0.6776091397187837 0.6795402371491648 0.254984149272133 2
0.9364908163753933 0.669163258807841 0.6776091397187837 0.6795402371491648 0.254984149272133 2
0.16388875129429892 0.23110851132252064 0.5817101639783072 0.28083623809282976 0.7568954753811342 7
0.24250776329213675 0.08232613915497289 0.27380862706382325 0.3424250803367126 0.19934850124598502 1
0.24250776329213675 0.08232613915497289 0.27380862706382325 0.3424250803367126 0.19934850124598502 1
0.24250776329213675 0.08232613915497289 0.27380862706382325 0.3424250803367126 0.19934850124598502 1
0.6612590157683129 0.1574601044161138 0.3932537739751242 0.9568668199809219 0.9864373421430018 1
0.9693737573597988 0.41255393824929687 0.301256910224581 0.23227908520125373 0.8543309220938164 5
0.24250776329213675 0.08232613915497289 0.27380862706382325 0.3424250803367126 0.19934850124598502 1
0.10201964817708065 0.5617203018555967 0.5199250087730701 0.7602030879439684 0.8958065855186793 6
0.8213724866507053 0.314967761529647 0.39450957636156225 0.7387694833152195 0.07148212566256862 5
0.8213724866507053 0.314967761529647 0.39450957636156225 0.7387694833152195 0.07148212566256862 5
0.044377575974444694 0.7788280408914933 0.4280057697835149 0.5306743014329388 0.3740988547014866 6
0.044377575974444694 0.7788280408914933 0.4280057697835149 0.5306743014329388 0.3740988547014866 6
0.06515883404021772 0.511004969026137 0.5517276571827343 0.06711678271276544 0.667177728968397 8
0.8663180973509621 0.17844011645394842 0.6846944102223556 0.7752402567641722 0.17105965498439502 1
0.9364908163753933 0.669163258807841 0.6776091397187837 0.6795402371491648 0.254984149272133 2
0.9364908163753933 0.669163258807841 0.6776091397187837 0.6795402371491648 0.254984149272133 2
0.5898476950994941 0.5387561483630726 0.15606260628202218 0.2803351338902963 0.8293331429933923 3
0.24250776329213675 0.08232613915497289 0.27380862706382325 0.3424250803367126 0.19934850124598502 1
0.24250776329213675 0.08232613915497289 0.27380862706382325 0.3424250803367126 0.19934850124598502 1
0.24250776329213675 0.08232613915497289 0.27380862706382325 0.3424250803367126 0.19934850124598502 1
0.6612590157683129 0.1574601044161138 0.3932537739751242 0.9568668199809219 0.9864373421430018 1
0.9693737573597988 0.41255393824929687 0.301256910224581 0.23227908520125373 0.8543309220938164 5
0.24250776329213675 0.08232613915497289 0.27380862706382325 0.3424250803367126 0.19934850124598502 1
0.10201964817708065 0.5617203018555967 0.5199250087730701 0.7602030879439684 0.8958065855186793 6
0.8213724866507053 0.314967761529647 0.39450957636156225 0.7387694833152195 0.07148212566256862 5
0.8213724866507053 0.314967761529647 0.39450957636156225 0.7387694833152195 0.07148212566256862 5
0.044377575974444694 0.7788280408914933 0.4280057697835149 0.5306743014329388 0.3740988547014866 6
0.044377575974444694 0.7788280408914933 0.4280057697835149 0.5306743014329388 0.3740988547014866 6
0.06515883404021772 0.511004969026137 0.5517276571827343 0.06711678271276544 0.667177728968397 8
0.8663180973509621 0.17844011645394842 0.6846944102223556 0.7752402567641722 0.17105965498439502 1
0.9364908163753933 0.669163258807841 0.6776091397187837 0.6795402371491648 0.254984149272133 2
0.9364908163753933 0.669163258807841 0.6776091397187837 0.6795402371491648 0.254984149272133 2
0.5898476950994941 0.5387561483630726 0.15606260628202218 0.2803351338902963 0.8293331429933923 3
0.24250776329213675 0.08232613915497289 0.27380862706382325 0.3424250803367126 0.19934850124598502 1
0.24250776329213675 0.08232613915497289 0.27380862706382325 0.3424250803367126 0.19934850124598502 1
0.24250776329213675 0.08232613915497289 0.27380862706382325 0.3424250803367126 0.19934850124598502 1
0.6612590157683129 0.1574601044161138 0.3932537739751242 0.9568668199809219 0.9864373421430018 1
0.24250776329213675 0.08232613915497289 0.27380862706382325 0.3424250803367126 0.19934850124598502 1
0.24250776329213675 0.08232613915497289 0.27380862706382325 0.3424250803367126 0.19934850124598502 1
0.10201964817708065 0.5617203018555967 0.5199250087730701 0.7602030879439684 0.8958065855186793 6
0.8213724866507053 0.314967761529647 0.39450957636156225 0.7387694833152195 0.07148212566256862 5
0.8213724866507053 0.314967761529647 0.39450957636156225 0.7387694833152195 0.07148212566256862 5
0.2584577867303506 0.11301997373146844 0.7417010543091868 0.14206643480399073 0.39712337143447507 7
0.044377575974444694 0.7788280408914933 0.4280057697835149 0.5306743014329388 0.3740988547014866 6
0.06515883404021772 0.511004969026137 0.5517276571827343 0.06711678271276544 0.667177728968397 8
0.8663180973509621 0.17844011645394842 0.6846944102223556 0.7752402567641722 0.17105965498439502 1
0.9364908163753933 0.669163258807841 0.6776091397187837 0.6795402371491648 0.254984149272133 2
0.48135173837213685 0.9700803204242244 0.5762187634747287 0.4640912126479153 0.009894356663664894 2
0.16388875129429892 0.23110851132252064 0.5817101639783072 0.28083623809282976 0.7568954753811342 7
0.24250776329213675 0.08232613915497289 0.27380862706382325 0.3424250803367126 0.19934850124598502 1
0.24250776329213675 0.08232613915497289 0.27380862706382325 0.3424250803367126 0.19934850124598502 1
0.48135173837213685 0.9700803204242244 0.5762187634747287 0.4640912126479153 0.009894356663664894 2
0.6612590157683129 0.1574601044161138 0.3932537739751242 0.9568668199809219 0.9864373421430018 1
0.5084737448943576 0.6167623181682086 0.5922584057181066 0.681171669984277 0.6921839216497506 4
0.24250776329213675 0.08232613915497289 0.27380862706382325 0.3424250803367126 0.19934850124598502 1
0.8213724866507053 0.314967761529647 0.39450957636156225 0.7387694833152195 0.07148212566256862 5
0.8213724866507053 0.314967761529647 0.39450957636156225 0.7387694833152195 0.07148212566256862 5
0.8213724866507053 0.314967761529647 0.39450957636156225 0.7387694833152195 0.07148212566256862 5
0.2584577867303506 0.11301997373146844 0.7417010543091868 0.14206643480399073 0.39712337143447507 7
0.044377575974444694 0.7788280408914933 0.4280057697835149 0.5306743014329388 0.3740988547014866 6
0.06515883404021772 0.511004969026137 0.5517276571827343 0.06711678271276544 0.667177728968397 8
0.8663180973509621 0.17844011645394842 0.6846944102223556 0.7752402567641722 0.17105965498439502 1
0.9364908163753933 0.669163258807841 0.6776091397187837 0.6795402371491648 0.254984149272133 2
0.48135173837213685 0.9700803204242244 0.5762187634747287 0.4640912126479153 0.009894356663664894 2
0.16388875129429892 0.23110851132252064 0.5817101639783072 0.28083623809282976 0.7568954753811342 7
0.24250776329213675 0.08232613915497289 0.27380862706382325 0.3424250803367126 0.19934850124598502 1
0.48135173837213685 0.9700803204242244 0.5762187634747287 0.4640912126479153 0.009894356663664894 2
0.48135173837213685 0.9700803204242244 0.5762187634747287 0.4640912126479153 0.009894356663664894 2
0.6612590157683129 0.1574601044161138 0.3932537739751242 0.9568668199809219 0.9864373421430018 1
0.24250776329213675 0.08232613915497289 0.27380862706382325 0.3424250803367126 0.19934850124598502 1
0.10201964817708065 0.5617203018555967 0.5199250087730701 0.7602030879439684 0.8958065855186793 6
0.8213724866507053 0.314967761529647 0.39450957636156225 0.7387694833152195 0.07148212566256862 5
0.8213724866507053 0.314967761529647 0.39450957636156225 0.7387694833152195 0.07148212566256862 5
0.2584577867303506 0.11301997373146844 0.7417010543091868 0.14206643480399073 0.39712337143447507 7
0.044377575974444694 0.7788280408914933 0.4280057697835149 0.5306743014329388 0.3740988547014866 6
0.06515883404021772 0.511004969026137 0.5517276571827343 0.06711678271276544 0.667177728968397 8
0.8663180973509621 0.17844011645394842 0.6846944102223556 0.7752402567641722 0.17105965498439502 1
0.9364908163753933 0.669163258807841 0.6776091397187837 0.6795402371491648 0.254984149272133 2
0.9364908163753933 0.669163258807841 0.6776091397187837 0.6795402371491648 0.254984149272133 2
0.16388875129429892 0.23110851132252064 0.5817101639783072 0.28083623809282976 0.7568954753811342 7
0.4396982666648065 0.2828760288109231 0.9607637293824652 0.7692343643746776 0.948554303199426 6
0.24250776329213675 0.08232613915497289 0.27380862706382325 0.3424250803367126 0.19934850124598502 1
0.24250776329213675 0.08232613915497289 0.27380862706382325 0.3424250803367126 0.19934850124598502 1
0.48135173837213685 0.9700803204242244 0.5762187634747287 0.4640912126479153 0.009894356663664894 2
0.6612590157683129 0.1574601044161138 0.3932537739751242 0.9568668199809219 0.9864373421430018 1
0.5084737448943576 0.6167623181682086 0.5922584057181066 0.681171669984277 0.6921839216497506 4
0.24250776329213675 0.08232613915497289 0.27380862706382325 0.3424250803367126 0.19934850124598502 1
0.8213724866507053 0.314967761529647 0.39450957636156225 0.7387694833152195 0.07148212566256862 5
0.8213724866507053 0.314967761529647 0.39450957636156225 0.7387694833152195 0.07148212566256862 5
0.8213724866507053 0.314967761529647 0.39450957636156225 0.7387694833152195 0.07148212566256862 5
0.044377575974444694 0.7788280408914933 0.4280057697835149 0.5306743014329388 0.3740988547014866 6
0.044377575974444694 0.7788280408914933 0.4280057697835149 0.5306743014329388 0.3740988547014866 6
0.06515883404021772 0.511004969026137 0.5517276571827343 0.06711678271276544 0.667177728968397 8
0.8663180973509621 0.17844011645394842 0.6846944102223556 0.7752402567641722 0.17105965498439502 1
0.9364908163753933 0.669163258807841 0.6776091397187837 0.6795402371491648 0.254984149272133 2
0.48135173837213685 0.9700803204242244 0.5762187634747287 0.4640912126479153 0.009894356663664894 2
0.16388875129429892 0.23110851132252064 0.5817101639783072 0.28083623809282976 0.7568954753811342 7
0.24250776329213675 0.08232613915497289 0.27380862706382325 0.3424250803367126 0.19934850124598502 1
0.48135173837213685 0.9700803204242244 0.5762187634747287 0.4640912126479153 0.009894356663664894 2
0.48135173837213685 0.9700803204242244 0.5762187634747287 0.4640912126479153 0.009894356663664894 2
0.6612590157683129 0.1574601044161138 0.3932537739751242 0.9568668199809219 0.9864373421430018 1
0.5084737448943576 0.6167623181682086 0.5922584057181066 0.681171669984277 0.6921839216497506 4
0.24250776329213675 0.08232613915497289 0.27380862706382325 0.3424250803367126 0.19934850124598502 1
0.10201964817708065 0.5617203018555967 0.5199250087730701 0.7602030879439684 0.8958065855186793 6
0.8213724866507053 0.314967761529647 0.39450957636156225 0.7387694833152195 0.07148212566256862 5
0.8213724866507053 0.314967761529647 0.39450957636156225 0.7387694833152195 0.07148212566256862 5
0.2584577867303506 0.11301997373146844 0.7417010543091868 0.14206643480399073 0.39712337143447507 7
0.044377575974444694 0.7788280408914933 0.4280057697835149 0.5306743014329388 0.3740988547014866 6
0.06515883404021772 0.511004969026137 0.5517276571827343 0.06711678271276544 0.667177728968397 8
0.8663180973509621 0.17844011645394842 0.6846944102223556 0.7752402567641722 0.17105965498439502 1
0.9364908163753933 0.669163258807841 0.6776091397187837 0.6795402371491648 0.254984149272133 2
0.48135173837213685 0.9700803204242244 0.5762187634747287 0.4640912126479153 0.009894356663664894 2
0.16388875129429892 0.23110851132252064 0.5817101639783072 0.28083623809282976 0.7568954753811342 7
0.24250776329213675 0.08232613915497289 0.27380862706382325 0.3424250803367126 0.19934850124598502 1
0.48135173837213685 0.9700803204242244 0.5762187634747287 0.4640912126479153 0.009894356663664894 2
0.48135173837213685 0.9700803204242244 0.5762187634747287 0.4640912126479153 0.009894356663664894 2
0.6612590157683129 0.1574601044161138 0.3932537739751242 0.9568668199809219 0.9864373421430018 1
0.5084737448943576 0.6167623181682086 0.5922584057181066 0.681171669984277 0.6921839216497506 4
0.24250776329213675 0.08232613915497289 0.27380862706382325 0.3424250803367126 0.19934850124598502 1
0.10201964817708065 0.5617203018555967 0.5199250087730701 0.7602030879439684 0.8958065855186793 6
0.8213724866507053 0.314967761529647 0.39450957636156225 0.7387694833152195 0.07148212566256862 5
0.8213724866507053 0.314967761529647 0.39450957636156225 0.7387694833152195 0.07148212566256862 5
0.2584577867303506 0.11301997373146844 0.7417010543091868 0.14206643480399073 0.39712337143447507 7
0.044377575974444694 0.7788280408914933 0.4280057697835149 0.5306743014329388 0.3740988547014866 6
0.06515883404021772 0.511004969026137 0.5517276571827343 0.06711678271276544 0.667177728968397 8
0.8663180973509621 0.17844011645394842 0.6846944102223556 0.7752402567641722 0.17105965498439502 1
0.9364908163753933 0.669163258807841 0.6776091397187837 0.6795402371491648 0.254984149272133 2
0.48135173837213685 0.9700803204242244 0.5762187634747287 0.4640912126479153 0.009894356663664894 2
0.16388875129429892 0.23110851132252064 0.5817101639783072 0.28083623809282976 0.7568954753811342 7
0.24250776329213675 0.08232613915497289 0.27380862706382325 0.3424250803367126 0.19934850124598502 1
0.24250776329213675 0.08232613915497289 0.27380862706382325 0.3424250803367126 0.19934850124598502 1
0.48135173837213685 0.9700803204242244 0.5762187634747287 0.4640912126479153 0.009894356663664894 2
0.6612590157683129 0.1574601044161138 0.3932537739751242 0.9568668199809219 0.9864373421430018 1
0.24250776329213675 0.08232613915497289 0.27380862706382325 0.3424250803367126 0.19934850124598502 1
0.10201964817708065 0.5617203018555967 0.5199250087730701 0.7602030879439684 0.8958065855186793 6
0.9693737573597988 0.41255393824929687 0.301256910224581 0.23227908520125373 0.8543309220938164 5
0.8213724866507053 0.314967761529647 0.39450957636156225 0.7387694833152195 0.07148212566256862 5
0.044377575974444694 0.7788280408914933 0.4280057697835149 0.5306743014329388 0.3740988547014866 6
0.044377575974444694 0.7788280408914933 0.4280057697835149 0.5306743014329388 0.3740988547014866 6
0.06515883404021772 0.511004969026137 0.5517276571827343 0.06711678271276544 0.667177728968397 8
0.8663180973509621 0.17844011645394842 0.6846944102223556 0.7752402567641722 0.17105965498439502 1
0.9364908163753933 0.669163258807841 0.6776091397187837 0.6795402371491648 0.254984149272133 2
0.48135173837213685 0.9700803204242244 0.5762187634747287 0.4640912126479153 0.009894356663664894 2
0.16388875129429892 0.23110851132252064 0.5817101639783072 0.28083623809282976 0.7568954753811342 7
0.24250776329213675 0.08232613915497289 0.27380862706382325 0.3424250803367126 0.19934850124598502 1
0.48135173837213685 0.9700803204242244 0.5762187634747287 0.4640912126479153 0.009894356663664894 2
0.48135173837213685 0.9700803204242244 0.5762187634747287 0.4640912126479153 0.009894356663664894 2
0.6612590157683129 0.1574601044161138 0.3932537739751242 0.9568668199809219 0.9864373421430018 1
0.5084737448943576 0.6167623181682086 0.5922584057181066 0.681171669984277 0.6921839216497506 4
0.10201964817708065 0.5617203018555967 0.5199250087730701 0.7602030879439684 0.8958065855186793 6
0.10201964817708065 0.5617203018555967 0.5199250087730701 0.7602030879439684 0.8958065855186793 6
0.8213724866507053 0.314967761529647 0.39450957636156225 0.7387694833152195 0.07148212566256862 5
0.8213724866507053 0.314967761529647 0.39450957636156225 0.7387694833152195 0.07148212566256862 5
0.2584577867303506 0.11301997373146844 0.7417010543091868 0.14206643480399073 0.39712337143447507 7
0.044377575974444694 0.7788280408914933 0.4280057697835149 0.5306743014329388 0.3740988547014866 6
0.06515883404021772 0.511004969026137 0.5517276571827343 0.06711678271276544 0.667177728968397 8
0.8663180973509621 0.17844011645394842 0.6846944102223556 0.7752402567641722 0.17105965498439502 1
0.9364908163753933 0.669163258807841 0.6776091397187837 0.6795402371491648 0.254984149272133 2
0.9364908163753933 0.669163258807841 0.6776091397187837 0.6795402371491648 0.254984149272133 2
0.16388875129429892 0.23110851132252064 0.5817101639783072 0.28083623809282976 0.7568954753811342 7
0.48135173837213685 0.9700803204242244 0.5762187634747287 0.4640912126479153 0.009894356663664894 2
0.24250776329213675 0.08232613915497289 0.27380862706382325 0.3424250803367126 0.19934850124598502 1
0.48135173837213685 0.9700803204242244 0.5762187634747287 0.4640912126479153 0.009894356663664894 2
0.48135173837213685 0.9700803204242244 0.5762187634747287 0.4640912126479153 0.009894356663664894 2
0.6612590157683129 0.1574601044161138 0.3932537739751242 0.9568668199809219 0.9864373421430018 1
0.24250776329213675 0.08232613915497289 0.27380862706382325 0.3424250803367126 0.19934850124598502 1
0.10201964817708065 0.5617203018555967 0.5199250087730701 0.7602030879439684 0.8958065855186793 6
0.9693737573597988 0.41255393824929687 0.301256910224581 0.23227908520125373 0.8543309220938164 5
0.8213724866507053 0.314967761529647 0.39450957636156225 0.7387694833152195 0.07148212566256862 5
0.8213724866507053 0.314967761529647 0.39450957636156225 0.7387694833152195 0.07148212566256862 5
0.2584577867303506 0.11301997373146844 0.7417010543091868 0.14206643480399073 0.39712337143447507 7
0.044377575974444694 0.7788280408914933 0.4280057697835149 0.5306743014329388 0.3740988547014866 6
0.8663180973509621 0.17844011645394842 0.6846944102223556 0.7752402567641722 0.17105965498439502 1
0.8663180973509621 0.17844011645394842 0.6846944102223556 0.7752402567641722 0.17105965498439502 1
0.9364908163753933 0.669163258807841 0.6776091397187837 0.6795402371491648 0.254984149272133 2
0.9364908163753933 0.669163258807841 0.6776091397187837 0.6795402371491648 0.254984149272133 2
0.24250776329213675 0.08232613915497289 0.27380862706382325 0.3424250803367126 0.19934850124598502 1
0.24250776329213675 0.08232613915497289 0.27380862706382325 0.3424250803367126 0.19934850124598502 1
0.48135173837213685 0.9700803204242244 0.5762187634747287 0.4640912126479153 0.009894356663664894 2
0.6612590157683129 0.1574601044161138 0.3932537739751242 0.9568668199809219 0.9864373421430018 1
0.24250776329213675 0.08232613915497289 0.27380862706382325 0.3424250803367126 0.19934850124598502 1
0.24250776329213675 0.08232613915497289 0.27380862706382325 0.3424250803367126 0.19934850124598502 1
0.8213724866507053 0.314967761529647 0.39450957636156225 0.7387694833152195 0.07148212566256862 5
0.8213724866507053 0.314967761529647 0.39450957636156225 0.7387694833152195 0.07148212566256862 5
0.8213724866507053 0.314967761529647 0.39450957636156225 0.7387694833152195 0.07148212566256862 5
0.2584577867303506 0.11301997373146844 0.7417010543091868 0.14206643480399073 0.39712337143447507 7
0.044377575974444694 0.7788280408914933 0.4280057697835149 0.5306743014329388 0.3740988547014866 6
0.06515883404021772 0.511004969026137 0.5517276571827343 0.06711678271276544 0.667177728968397 8
0.8663180973509621 0.17844011645394842 0.6846944102223556 0.7752402567641722 0.17105965498439502 1
0.9364908163753933 0.669163258807841 0.6776091397187837 0.6795402371491648 0.254984149272133 2
0.9364908163753933 0.669163258807841 0.6776091397187837 0.6795402371491648 0.254984149272133 2
0.16388875129429892 0.23110851132252064 0.5817101639783072 0.28083623809282976 0.7568954753811342 7
0.48135173837213685 0.9700803204242244 0.5762187634747287 0.4640912126479153 0.009894356663664894 2
