Bin size: 192
Num of Bins: 494
31
86
45
20
2
2
1
5
42
3
89
57
1
179
13
34
106
40
8
3
1
158
2
27
3
2
165
19
7
1
44
1
5
71
67
3
1
59
49
60
19
1
1
2
1
121
12
41
6
4
6
2
103
55
2
16
1
12
2
1
181
9
1
1
39
88
36
9
14
4
2
19
111
4
55
3
71
31
15
41
31
3
19
117
41
2
4
9
34
123
9
11
1
12
1
1
98
85
3
6
53
128
1
2
1
2
1
4
164
28
117
13
22
18
7
12
3
63
28
85
6
8
1
1
125
4
21
41
1
59
31
9
43
47
1
1
1
134
49
3
4
1
1
2
75
40
26
20
7
6
16
132
57
3
69
102
20
1
185
4
1
1
1
85
58
2
14
14
14
2
2
1
188
4
60
109
18
3
1
1
66
10
62
39
14
1
6
49
3
95
4
35
189
3
173
12
4
3
189
3
125
11
26
10
11
5
1
1
1
1
76
98
10
1
5
2
89
94
7
2
119
48
17
7
1
132
32
7
4
3
8
2
2
2
59
46
38
30
5
2
2
3
5
1
1
62
18
52
32
5
19
4
183
6
2
1
55
74
59
3
1
5
174
10
3
21
73
14
58
19
7
41
13
18
35
70
12
3
165
13
11
3
161
13
15
1
1
1
30
121
28
13
25
9
74
51
32
1
127
40
7
5
1
12
29
113
47
3
89
64
24
9
1
3
2
183
1
2
6
155
6
24
3
4
116
46
11
15
4
7
64
25
65
20
3
7
1
147
28
15
2
6
138
42
1
3
1
1
188
3
1
78
49
18
29
13
2
1
2
123
28
34
4
1
2
88
61
29
11
1
1
1
22
153
7
5
3
1
1
19
93
8
18
31
16
5
2
169
19
3
1
43
80
33
13
22
1
57
39
1
64
27
1
1
2
60
100
13
14
3
1
1
38
121
24
4
1
4
55
106
6
12
13
20
155
8
1
1
1
3
2
1
36
149
2
4
1
146
27
5
8
4
1
1
85
45
2
57
1
1
1
187
3
2
145
46
1
53
84
37
12
6
85
58
14
23
11
1
90
25
7
17
47
6
27
56
39
13
18
33
4
1
1
73
47
34
7
10
5
2
4
4
2
2
1
1
171
7
2
2
6
3
1
100
90
1
1
81
56
11
32
2
7
2
1
111
5
71
5
52
25
111
4
33
1
74
48
5
26
5
109
79
2
2
36
138
11
4
2
1
15
57
38
47
5
12
12
3
1
2
86
96
1
9
121
30
2
13
9
14
2
1
162
6
16
5
2
1
148
14
25
2
1
1
1
120
39
28
5
64
59
2
60
5
1
1
12
123
57
74
78
2
6
4
6
5
11
6
61
5
63
6
48
1
7
1
15
80
42
40
13
2
59
116
15
2
136
11
15
2
22
2
1
1
2
176
5
10
1
111
32
13
35
1
138
26
2
10
9
5
1
1
190
2
156
21
12
2
1
148
29
9
4
1
1
163
27
2
30
22
78
26
3
11
17
2
3
139
45
6
1
1
148
32
11
1
123
2
4
14
32
7
1
7
1
1
127
28
12
14
6
5
15
134
1
18
16
3
1
4
19
111
5
1
4
32
16
2
1
1
43
148
1
101
34
57
188
4
105
24
49
8
3
3
63
111
17
1
45
46
31
2
21
29
6
10
1
1
78
41
46
24
2
1
5
127
26
11
20
1
2
12
108
1
5
11
22
8
18
1
1
4
1
16
83
62
14
6
10
1
154
17
12
2
3
1
3
1
114
3
70
2
2
178
3
6
3
1
1
65
95
8
11
11
2
168
6
8
1
1
1
1
3
2
1
99
46
20
2
3
11
6
3
2
168
16
7
1
87
80
12
7
3
3
191
1
45
29
20
90
7
1
97
91
3
1
24
143
25
9
116
3
64
14
99
48
21
2
5
2
1
141
26
25
64
111
11
5
1
173
11
1
1
3
1
1
1
149
38
5
11
152
24
5
73
18
3
37
12
12
35
2
159
10
20
2
1
32
137
22
1
35
19
104
16
4
1
13
76
116
191
1
51
136
1
4
183
8
1
140
50
2
78
53
46
1
9
1
4
39
102
22
19
2
2
1
3
2
44
43
50
41
14
25
3
23
63
40
26
8
3
1
159
9
3
7
7
4
1
2
183
5
3
1
160
29
1
2
77
109
5
1
186
2
2
1
1
14
137
39
1
1
81
21
38
29
4
12
6
1
177
12
3
62
50
75
3
1
1
162
16
6
3
3
2
109
39
23
6
2
2
7
1
2
1
72
58
21
10
19
2
10
91
54
37
7
3
125
50
14
2
1
156
18
9
8
1
127
58
2
2
1
1
1
59
58
19
15
32
8
1
33
50
105
1
2
1
174
6
2
1
9
53
131
3
5
11
162
11
3
1
1
2
1
188
2
2
73
32
5
80
2
139
51
2
6
89
24
4
50
15
3
1
166
19
1
4
1
1
163
22
7
169
5
14
4
35
22
21
4
106
2
1
1
85
35
2
32
5
23
8
1
1
43
117
28
3
1
123
31
36
1
1
165
20
7
32
5
59
63
19
12
2
93
72
6
13
7
1
90
43
6
6
14
14
4
10
1
1
1
2
156
26
1
7
1
1
159
16
7
2
2
4
1
1
33
36
101
6
11
1
4
153
4
2
3
29
1
128
41
2
7
5
1
3
1
4
107
48
11
1
14
8
2
1
151
27
5
4
5
88
90
2
4
6
2
25
145
3
17
1
1
106
12
64
8
1
1
179
8
5
66
27
55
15
2
21
4
1
1
129
51
7
2
2
1
81
96
4
3
1
4
2
1
2
145
23
16
4
1
1
32
148
9
3
105
49
19
16
3
30
72
12
1
48
24
1
3
1
67
84
37
3
1
113
34
23
20
2
43
127
15
3
2
1
1
52
102
15
19
4
170
2
10
8
1
1
63
35
8
45
37
3
1
27
88
29
14
24
4
5
1
165
15
11
1
89
71
22
5
4
1
131
12
48
1
117
34
2
12
19
3
5
169
5
8
9
1
38
100
16
2
12
1
22
1
24
42
48
12
66
176
14
2
142
50
41
109
11
19
11
1
156
2
31
2
1
119
11
62
53
85
33
8
2
5
2
3
1
87
15
74
14
1
1
43
143
2
3
1
10
15
65
28
44
27
3
76
76
40
135
15
1
3
20
8
7
1
2
116
70
3
3
157
12
12
11
17
162
11
2
170
2
20
91
30
38
11
16
6
130
17
4
14
16
3
4
4
146
23
1
20
2
63
31
93
5
80
84
6
15
4
3
33
4
55
14
29
1
9
27
6
14
51
21
55
60
3
1
1
178
9
2
2
1
90
21
58
8
1
8
6
137
32
7
12
3
1
181
5
6
141
21
29
1
95
94
3
121
34
12
8
8
1
3
2
2
1
79
66
32
14
1
137
11
18
6
7
12
1
96
92
1
1
2
83
49
57
3
112
43
19
17
1
34
59
30
63
3
3
101
55
23
13
106
82
2
2
191
1
62
54
19
5
45
5
2
29
56
18
76
6
2
1
2
1
1
144
15
7
7
17
2
22
62
102
5
1
134
55
3
97
42
17
18
15
1
2
188
2
2
98
9
58
20
4
2
1
52
127
1
5
7
159
23
9
1
101
43
6
3
6
23
9
1
75
83
2
26
6
109
30
10
34
8
1
1
126
57
3
3
2
73
5
24
79
8
1
1
1
15
96
63
5
7
2
1
3
3
189
134
50
7
1
113
77
2
80
3
43
43
12
7
1
3
25
48
78
5
20
7
4
4
1
127
62
3
189
3
15
3
137
24
4
1
2
5
1
61
18
48
56
1
3
4
1
182
3
3
1
1
2
159
31
2
5
169
9
4
2
1
2
154
14
16
4
3
1
72
80
39
1
74
1
21
41
40
3
9
3
128
6
46
1
3
4
4
54
1
43
42
5
4
20
6
11
4
1
1
188
3
1
106
5
64
14
3
70
19
91
8
4
114
2
55
11
9
1
111
1
2
51
20
7
127
57
5
3
174
2
4
7
4
1
28
44
61
24
21
9
3
1
1
38
36
95
4
17
1
1
135
3
4
34
15
1
160
29
3
6
123
54
4
3
2
169
4
16
1
1
1
74
6
77
3
18
10
3
1
89
24
29
4
46
7
67
75
12
23
7
1
79
101
4
7
1
144
26
1
8
6
3
3
1
68
69
1
50
3
1
38
61
23
12
46
3
6
2
1
149
5
38
169
22
1
69
36
9
26
4
45
1
1
1
173
19
76
73
17
26
92
19
25
39
8
3
6
27
58
62
6
23
16
49
6
136
1
86
21
27
53
1
1
2
1
72
106
6
7
1
145
22
5
6
7
7
184
2
2
1
2
1
62
78
4
14
23
11
14
11
52
58
51
1
5
4
52
36
54
38
1
2
4
1
99
49
44
172
3
10
5
2
79
48
14
22
10
11
8
26
121
25
20
10
22
48
68
34
2
1
6
1
191
1
175
10
1
2
1
3
87
80
3
2
13
5
1
1
131
4
13
35
1
1
7
153
27
10
1
1
166
12
2
11
1
24
94
44
19
5
1
4
1
149
36
5
1
1
172
1
18
1
32
94
64
1
1
89
1
83
13
3
2
1
123
14
26
17
1
8
1
2
30
49
77
32
3
1
21
138
5
14
4
2
8
55
59
26
25
9
3
3
9
1
2
142
6
41
3
13
128
40
5
2
4
143
32
15
2
55
125
12
39
87
25
26
4
6
4
1
82
4
50
23
5
5
7
12
2
2
33
141
7
3
4
3
1
189
1
2
78
69
40
4
1
139
46
6
1
189
1
1
1
187
2
1
1
1
130
28
22
5
2
3
1
1
164
8
9
4
7
97
93
1
1
133
13
21
13
8
4
155
6
15
5
6
2
2
1
168
4
20
21
166
4
1
35
157
5
36
42
88
18
3
101
1
32
8
33
15
1
1
30
33
83
40
6
124
20
30
15
1
1
1
66
123
2
1
161
28
2
1
120
17
23
1
16
12
3
139
7
27
15
3
1
61
9
47
68
1
3
3
10
68
61
52
1
191
1
120
37
8
13
10
3
1
175
9
6
2
155
2
25
8
2
25
91
31
25
1
13
2
4
67
55
15
51
2
1
1
80
96
3
7
6
107
79
3
1
1
1
100
80
9
1
2
152
34
6
35
89
4
7
56
1
190
2
183
8
1
119
20
10
25
6
1
2
8
1
72
14
69
17
12
1
5
1
1
22
141
7
11
1
7
3
99
56
31
1
4
1
116
75
1
23
94
51
15
8
1
120
1
45
22
4
2
125
65
188
2
2
106
32
4
28
15
5
1
1
46
126
13
2
5
31
127
32
1
1
116
2
11
42
17
4
161
27
3
1
35
47
91
13
2
4
181
11
97
45
21
11
8
4
4
2
192
82
50
42
13
1
1
3
130
52
8
2
192
25
153
13
1
4
140
44
1
1
2
42
80
64
4
2
1
43
52
62
1
20
4
5
4
17
115
30
4
8
3
9
4
1
1
41
37
16
93
4
1
9
67
35
49
32
44
121
9
4
9
2
1
1
1
59
23
80
18
2
6
2
1
1
68
23
9
49
23
5
10
1
3
1
22
107
49
5
1
3
3
1
1
31
6
87
20
12
34
2
91
54
35
2
10
60
44
30
5
42
1
9
1
125
30
30
4
2
1
5
97
42
19
8
2
3
3
2
4
6
1
66
21
99
3
2
1
155
5
5
24
1
2
126
39
3
22
2
171
5
4
2
9
1
135
2
36
15
4
96
73
15
8
149
15
12
6
2
5
2
1
95
47
19
11
17
3
140
37
3
9
2
1
187
2
1
2
123
58
9
2
35
54
30
6
21
12
8
14
3
3
6
167
25
72
92
15
10
2
1
140
22
16
6
2
3
2
1
87
50
38
4
11
2
3
98
60
28
3
43
73
33
41
2
40
79
38
35
70
52
17
5
31
16
1
94
48
9
34
2
5
9
166
4
7
6
36
87
53
10
4
2
160
21
10
1
48
70
55
7
10
1
1
139
32
13
6
2
191
1
145
40
7
12
54
75
50
1
42
121
14
5
9
1
98
65
27
1
1
151
10
8
10
8
1
3
1
159
29
1
3
181
11
188
4
149
19
10
9
5
24
121
42
4
1
80
52
17
16
26
1
74
52
8
43
15
98
14
20
31
7
12
3
4
2
1
3
107
53
21
2
3
2
1
128
15
20
3
15
9
2
185
1
1
1
1
3
103
37
17
2
14
13
5
1
102
27
62
1
152
7
29
2
1
1
133
28
25
5
1
126
46
17
1
2
49
81
24
18
11
8
1
75
64
30
14
3
3
3
149
13
27
2
1
159
21
9
2
1
24
64
6
16
54
4
23
1
92
38
58
1
3
40
145
7
28
112
1
5
12
5
14
5
8
2
66
119
4
1
2
161
27
3
1
103
46
32
7
4
Number of elements: 2856
