Bin size: 127
Num of Bins: 372
7
106
2
11
1
75
25
9
13
1
2
2
115
9
1
2
114
3
3
7
76
49
1
1
17
29
54
18
7
2
52
11
7
46
4
7
105
19
2
1
37
74
15
1
71
8
43
1
1
1
1
1
82
40
1
4
66
25
1
24
6
4
1
104
20
3
93
11
20
3
24
66
23
7
3
3
1
86
30
10
1
82
2
30
5
1
5
2
113
12
1
1
81
3
39
4
94
7
18
1
5
2
11
47
40
6
9
8
5
1
103
10
14
20
5
19
15
55
8
3
2
46
38
7
26
7
3
35
47
22
17
1
3
1
1
109
3
6
9
117
1
1
6
1
1
12
51
14
21
28
1
92
12
22
1
71
26
30
44
74
9
119
4
4
10
38
11
33
35
11
23
17
30
44
1
1
97
28
2
109
12
3
2
1
61
35
20
5
6
18
80
15
12
1
1
119
2
4
1
1
46
16
28
30
4
1
2
10
17
69
2
13
2
12
2
61
31
8
19
7
1
31
91
2
3
36
25
56
10
109
4
2
4
5
1
1
1
71
17
35
1
3
114
13
56
57
10
1
3
56
31
18
12
9
1
85
16
26
71
4
2
34
15
1
108
5
5
7
1
1
99
14
2
2
3
2
4
1
126
1
65
36
3
7
8
1
7
21
72
18
1
13
2
11
10
1
9
66
2
6
4
17
1
21
74
27
2
1
2
58
52
9
4
4
20
101
6
71
51
5
4
65
51
2
4
1
60
25
27
2
7
6
37
58
7
24
1
62
28
22
11
1
3
119
7
1
68
55
2
2
69
46
9
3
113
9
4
1
44
70
13
126
1
114
12
1
57
50
10
4
2
1
1
2
90
29
6
1
1
2
40
44
19
3
18
1
120
4
2
1
124
2
1
62
13
8
42
1
1
103
1
15
4
4
85
15
4
20
2
1
62
30
7
5
19
4
116
1
8
2
114
3
4
4
2
4
67
25
17
7
4
3
120
4
1
1
1
123
1
1
2
60
56
7
2
1
1
103
5
10
7
2
85
27
7
8
79
18
21
3
2
3
1
114
11
2
67
17
37
4
2
1
92
12
2
14
4
1
1
49
3
16
26
16
12
3
2
114
5
6
1
1
82
29
10
3
1
2
13
66
39
1
7
1
2
31
35
57
1
1
103
10
9
1
4
107
1
11
1
3
4
121
2
3
1
124
1
2
8
35
19
34
18
11
2
95
14
8
5
1
1
3
10
102
12
1
1
1
21
55
40
2
7
2
33
73
8
10
1
2
3
7
64
9
44
119
5
3
111
7
5
2
2
79
33
4
8
2
1
30
48
3
44
1
1
99
23
4
1
31
2
24
41
15
1
7
1
4
1
64
13
2
38
2
5
3
116
3
8
123
2
1
1
39
7
43
19
7
3
9
55
59
10
2
1
102
6
18
1
64
35
21
4
3
39
46
7
19
6
5
5
63
47
4
3
6
4
91
4
22
7
1
1
1
35
2
50
37
3
20
46
25
2
9
14
6
1
2
2
111
11
4
1
53
30
22
6
15
1
73
39
10
1
3
1
6
113
5
3
121
1
1
1
2
1
9
73
40
4
1
113
14
36
16
28
26
5
2
4
10
96
8
14
8
1
13
17
41
29
3
13
7
4
7
10
31
35
7
23
10
4
66
20
31
10
44
23
54
1
2
1
1
1
123
4
115
1
6
2
3
85
2
35
5
81
26
20
106
11
3
2
1
2
1
1
115
11
1
71
34
20
2
83
32
3
1
6
2
75
16
10
4
10
5
1
4
1
1
104
23
17
100
3
4
3
82
14
11
13
6
1
125
2
82
25
1
18
1
125
2
90
36
1
56
6
31
6
6
21
1
14
18
77
16
2
101
9
15
1
1
120
2
5
118
5
4
124
1
1
1
105
15
5
2
23
48
10
14
19
4
1
6
1
1
9
60
35
17
2
3
1
74
1
35
1
9
6
1
72
51
1
2
1
127
12
110
5
77
42
4
4
82
1
1
13
11
15
3
1
33
1
13
3
60
16
1
20
4
12
64
6
9
9
1
1
1
52
43
27
3
1
1
31
30
23
42
1
20
86
13
7
1
98
22
1
3
1
1
1
102
25
34
20
31
15
20
4
1
2
39
27
1
26
18
12
1
1
2
4
42
72
6
1
2
116
10
1
71
2
44
4
5
1
93
20
4
6
3
1
126
1
126
1
106
3
12
4
1
1
103
22
2
98
3
3
7
16
16
108
1
1
1
112
5
1
4
4
1
88
17
21
1
98
12
16
1
57
48
15
6
1
122
2
3
76
41
3
1
1
3
2
70
48
7
2
69
49
8
1
57
5
36
17
11
1
59
65
2
1
114
3
8
1
1
94
10
13
7
1
1
1
60
46
6
10
4
1
4
42
55
26
59
18
13
13
13
6
4
1
93
31
3
4
123
46
28
38
13
2
121
6
126
1
95
8
20
1
3
82
40
1
4
109
12
3
3
58
20
3
39
6
1
11
77
35
3
1
116
2
5
1
1
1
1
71
1
37
1
6
7
2
1
1
49
63
9
1
1
3
1
60
4
16
13
14
14
4
1
1
16
46
56
5
3
1
98
13
1
15
24
99
2
2
120
2
5
10
30
51
15
4
14
2
1
51
37
10
15
2
7
5
59
61
4
2
1
10
109
4
4
117
4
2
2
1
1
127
88
10
13
11
1
2
1
1
82
38
4
2
1
6
101
10
10
97
20
4
3
3
77
4
41
2
1
2
19
5
35
55
5
5
2
1
103
5
12
2
3
1
1
14
84
25
4
85
9
24
8
1
21
94
8
3
1
100
11
10
5
1
104
17
2
3
1
96
18
11
2
68
8
45
3
2
1
54
48
17
4
3
1
63
34
22
3
4
1
14
21
36
37
1
3
12
3
2
115
9
1
126
1
37
77
11
1
1
10
55
35
14
7
5
1
127
99
3
22
2
1
95
14
14
2
2
15
78
20
14
57
13
38
2
4
11
1
1
34
90
2
1
73
48
5
1
81
34
2
2
3
3
1
1
42
59
2
15
1
8
59
14
35
12
4
1
2
66
13
8
3
29
1
3
4
32
73
11
8
3
4
69
35
3
5
3
2
6
65
19
23
17
3
77
17
29
2
1
1
29
86
5
2
4
1
55
20
7
31
12
2
70
25
25
6
1
113
5
6
1
2
30
20
73
2
1
1
5
99
9
7
5
2
119
8
60
42
24
1
91
21
8
3
2
1
1
92
27
3
1
4
55
71
1
1
9
12
99
4
1
1
71
27
4
12
3
8
2
37
39
27
20
1
1
2
57
42
23
4
1
66
21
38
1
1
115
6
1
3
1
1
43
19
39
21
4
1
89
31
2
4
1
124
3
70
9
25
19
4
63
40
12
9
1
2
100
13
2
3
9
8
103
15
1
97
1
18
9
2
118
2
2
2
2
1
23
11
74
10
2
7
2
57
3
56
5
1
3
48
64
3
9
2
1
31
46
28
10
2
8
2
34
88
5
58
36
23
10
101
16
9
1
46
54
15
12
75
19
18
2
8
4
1
82
22
9
9
3
2
37
18
57
3
3
6
1
1
1
56
37
32
2
2
118
3
2
2
45
5
33
37
7
115
3
5
3
1
40
49
22
6
7
1
1
1
73
44
8
1
1
82
2
16
12
12
1
1
1
78
25
17
2
5
36
24
34
15
8
8
1
1
111
2
7
6
1
93
20
8
1
5
112
6
5
4
83
44
123
2
1
1
3
25
59
33
1
5
1
26
56
19
1
4
2
5
13
1
28
47
21
2
15
3
4
5
1
1
42
27
41
15
1
1
77
2
20
20
4
2
2
6
96
12
4
3
6
102
22
3
40
21
35
16
12
3
18
59
14
26
4
2
2
1
1
85
40
2
34
74
11
2
2
4
88
16
10
4
2
6
1
13
112
2
24
64
22
14
1
2
105
18
1
2
1
94
6
13
14
52
26
6
4
20
10
6
3
99
4
6
5
8
4
1
117
6
4
86
30
11
44
48
4
2
26
3
127
58
15
32
22
77
9
21
14
3
3
77
38
10
1
1
14
64
6
15
21
2
5
93
26
7
1
53
47
16
3
5
2
1
48
49
24
6
79
4
17
18
4
2
3
24
17
28
35
10
10
1
2
119
2
1
4
1
114
7
2
4
5
47
71
4
10
108
2
5
1
1
111
11
4
1
117
4
5
1
20
24
24
16
27
15
1
120
1
4
1
1
43
38
43
1
2
34
61
24
3
1
1
1
1
1
96
30
1
112
9
3
1
2
89
25
9
3
1
67
14
30
16
73
39
3
2
5
3
1
1
58
5
63
1
54
50
6
4
10
1
2
19
18
24
37
8
15
2
3
1
20
29
35
24
18
1
51
42
3
28
1
1
1
99
17
4
2
5
62
23
22
16
2
1
1
70
8
16
9
3
2
5
11
2
1
30
45
47
1
4
45
17
23
13
28
1
74
15
23
15
Number of elements: 1983
