Bin size: 238
Num of Bins: 372
155
67
3
1
6
2
1
3
105
81
3
38
2
5
2
1
1
214
12
12
19
98
34
72
8
7
210
20
2
2
2
1
1
131
59
4
22
9
2
1
4
6
2
102
18
78
6
11
11
6
4
100
109
1
3
25
224
10
3
1
69
5
124
37
2
1
45
190
2
1
105
65
58
6
4
189
39
10
91
124
1
8
8
2
4
198
35
5
220
10
3
5
11
215
9
1
2
94
76
4
53
4
5
1
1
162
30
7
22
2
14
1
38
13
42
4
20
79
11
26
2
1
1
1
133
72
33
22
142
37
27
5
2
2
1
13
174
31
20
15
19
182
21
1
71
154
7
6
47
105
69
6
10
1
84
13
93
21
6
17
1
1
2
161
5
9
5
22
11
17
7
1
99
130
5
1
3
83
56
61
32
2
2
2
135
60
37
4
1
1
41
132
2
57
3
1
1
1
21
31
12
144
9
2
3
7
3
6
57
48
96
20
12
3
2
78
116
17
14
12
1
211
17
9
1
216
18
3
1
23
20
44
134
9
6
1
1
87
81
56
14
134
75
15
13
1
170
38
26
2
1
1
25
135
34
20
22
1
1
84
26
39
85
1
2
1
45
113
29
14
1
10
3
20
2
1
205
1
20
7
2
2
1
100
99
15
20
1
2
1
130
66
15
10
9
4
1
1
2
213
3
13
7
2
52
69
3
88
8
14
2
1
1
222
16
236
2
165
69
1
2
1
83
76
57
10
2
7
2
1
131
93
13
1
129
21
8
31
31
1
12
1
1
2
1
163
46
7
14
4
3
1
101
80
53
4
196
21
19
1
1
45
169
6
8
5
5
152
2
44
4
8
23
5
69
138
27
1
2
1
19
58
131
24
3
1
2
165
35
8
6
3
20
1
120
58
46
13
1
58
128
29
14
6
3
9
47
87
66
12
9
1
6
1
5
223
3
6
1
215
15
1
4
1
1
1
169
60
7
2
71
119
18
12
11
4
3
144
84
3
5
1
1
193
31
14
185
7
19
8
9
6
4
199
38
1
45
24
34
66
8
21
39
1
234
2
1
1
176
16
12
24
8
2
214
12
5
4
3
13
73
85
20
14
6
4
1
21
1
103
67
56
12
180
55
1
2
104
106
25
3
144
18
22
13
36
3
1
1
31
6
58
35
12
14
72
9
1
193
17
9
9
7
2
1
140
12
68
14
3
1
215
12
5
5
1
52
36
150
30
174
2
5
20
1
2
1
1
1
1
66
36
41
57
34
3
1
232
6
84
51
92
5
6
9
130
88
5
2
2
2
189
12
24
13
107
85
23
5
1
4
3
1
8
1
74
43
5
70
31
3
4
1
5
2
60
86
5
66
17
1
3
56
56
28
18
20
52
1
2
3
2
14
217
7
165
50
6
10
1
3
1
2
17
98
16
51
32
1
7
2
6
4
3
1
219
11
2
1
5
157
68
9
3
1
122
89
13
14
52
20
16
85
44
13
8
29
180
12
11
6
95
55
48
9
13
3
14
1
17
187
2
16
10
5
1
31
45
120
39
2
1
198
36
1
3
21
85
89
12
25
1
2
2
1
94
20
1
70
23
14
15
1
102
125
7
4
178
16
37
7
135
68
34
1
135
21
17
38
10
2
2
4
1
8
125
112
1
91
30
117
54
70
58
12
27
17
2
231
3
2
21
119
16
4
65
10
1
1
1
230
3
2
3
12
96
98
17
5
3
3
2
1
1
113
106
16
2
1
223
11
4
115
80
26
12
5
11
126
11
75
1
11
2
1
34
165
27
6
1
4
1
158
24
50
3
2
1
13
135
37
8
7
4
19
3
10
1
1
35
93
56
14
31
4
4
1
166
36
25
8
2
1
17
22
178
13
8
55
116
33
22
5
2
2
1
2
208
11
10
6
1
2
237
1
112
16
42
44
12
8
2
2
195
21
18
1
3
33
180
3
20
1
1
218
16
3
1
232
6
210
13
7
6
1
1
152
64
16
4
2
168
46
22
1
1
128
81
18
3
1
6
1
208
18
11
1
88
28
40
17
25
21
4
10
5
100
21
1
8
83
20
2
2
1
104
121
1
6
4
1
1
89
10
4
93
3
3
8
3
19
6
113
85
7
32
1
12
198
20
7
1
34
53
11
22
23
16
75
2
1
1
171
1
9
31
8
14
2
2
231
6
1
33
17
102
24
6
46
1
6
1
2
6
137
58
2
22
6
6
1
47
9
159
13
9
1
213
18
6
1
176
52
4
3
1
2
218
12
3
4
1
174
13
12
33
5
1
33
171
23
8
1
1
1
133
14
84
6
1
133
53
24
1
21
4
1
1
237
1
81
7
67
29
5
19
4
20
1
2
3
222
4
10
2
99
103
2
31
1
2
11
223
3
1
58
96
35
43
1
5
53
103
2
12
56
5
3
3
1
230
3
4
1
62
106
61
2
3
2
2
39
193
6
27
5
82
68
56
221
5
7
2
1
2
50
106
63
3
13
3
114
50
52
6
8
3
4
1
2
171
23
39
2
1
227
7
1
1
2
103
2
132
1
8
7
147
16
25
26
4
2
3
111
95
21
5
2
3
1
152
45
27
1
7
6
138
81
1
7
8
2
1
55
172
4
6
1
136
21
14
20
41
2
3
1
128
80
5
14
10
1
72
2
121
12
20
8
1
2
52
148
13
24
1
158
33
6
27
3
6
1
1
2
1
234
4
96
142
79
72
22
52
11
2
5
152
70
8
1
1
1
19
40
2
165
6
1
1
3
1
95
126
2
8
3
3
1
186
25
19
6
2
15
37
66
45
55
17
2
1
211
11
12
1
2
1
132
30
74
2
153
37
13
16
19
49
27
121
13
10
17
1
76
68
24
39
14
11
5
1
94
130
5
1
2
1
3
2
232
6
185
46
4
2
1
79
69
33
16
41
235
2
1
194
42
1
1
80
121
22
4
3
1
5
1
1
126
11
67
28
6
42
34
142
5
3
6
3
3
97
106
18
16
1
59
145
28
4
2
152
31
14
38
3
35
85
27
28
61
1
1
212
24
1
1
20
31
128
51
1
3
2
2
133
100
5
167
24
14
22
5
3
1
2
215
1
7
5
7
2
1
214
19
4
1
183
43
7
2
3
210
21
2
2
2
1
63
165
8
2
63
97
57
8
11
1
1
184
22
28
2
2
162
27
15
32
2
92
130
9
4
2
1
90
59
21
19
31
13
5
116
7
61
36
14
4
103
64
2
63
4
2
198
7
24
5
1
2
1
133
98
3
1
2
1
165
20
46
2
3
2
172
41
11
8
2
4
85
70
54
18
5
2
3
1
211
8
16
2
1
126
95
9
5
1
2
111
88
35
1
3
238
98
125
14
1
66
77
63
1
27
2
1
1
218
9
4
5
1
1
108
50
6
12
9
51
2
27
83
81
15
13
9
8
1
1
238
4
167
23
30
6
2
6
135
49
39
9
1
2
2
1
174
52
11
1
178
41
11
5
2
1
146
60
28
4
54
183
1
127
2
35
64
7
2
1
5
13
130
9
71
4
4
2
209
14
2
8
4
1
4
121
20
47
45
1
64
93
43
19
18
1
97
46
20
20
6
26
18
5
138
37
13
50
86
44
84
10
4
8
2
176
9
23
10
9
1
7
3
84
42
100
10
2
26
45
6
63
26
23
22
6
6
10
4
1
175
28
28
5
1
1
238
62
154
12
6
3
1
89
34
61
16
37
1
225
8
2
2
1
3
58
121
31
17
6
1
1
126
38
4
67
1
1
1
87
14
32
72
21
6
1
5
153
61
17
4
3
210
27
1
4
130
88
7
8
1
165
66
6
1
125
18
82
2
8
3
234
4
94
33
108
1
2
201
20
16
1
91
79
41
7
15
2
3
234
4
9
158
15
33
21
2
91
126
10
9
1
1
209
18
4
4
3
158
34
18
13
12
1
1
1
144
52
35
2
5
75
69
72
15
6
1
125
94
11
2
5
1
205
16
1
15
1
53
174
6
4
1
102
128
5
2
1
96
99
39
3
1
195
39
2
1
1
180
36
13
5
4
15
197
11
10
1
4
160
64
8
2
4
62
169
6
1
118
40
44
16
6
5
7
2
233
1
1
3
45
181
2
8
2
74
104
32
4
9
6
9
25
25
136
20
26
6
220
3
15
81
61
66
8
12
4
3
2
1
104
10
47
15
29
16
2
10
1
4
50
178
9
1
217
5
11
4
1
134
2
41
61
193
1
35
4
1
3
1
38
82
110
7
1
53
87
52
22
20
1
3
199
31
8
221
12
3
1
1
127
24
55
27
4
1
120
10
96
10
1
1
202
31
4
1
87
87
55
7
2
206
31
1
53
106
62
2
6
3
1
3
2
154
18
19
1
11
13
18
2
2
90
128
3
13
2
2
162
20
47
8
1
175
47
5
9
1
1
236
1
1
40
49
110
4
34
1
108
81
13
35
1
47
94
25
23
22
25
2
143
74
4
14
3
153
53
16
3
11
2
84
109
10
19
15
1
88
10
52
4
39
2
40
1
2
32
95
81
2
10
3
9
3
2
1
88
142
6
1
1
89
45
87
6
5
5
1
115
42
4
57
20
193
37
7
1
176
20
39
2
1
34
160
19
18
7
192
19
5
6
13
3
14
104
75
6
28
11
217
18
2
1
200
12
14
7
2
2
1
215
2
19
2
19
115
97
2
5
108
26
41
41
6
2
2
8
2
2
217
17
3
1
184
10
26
8
7
3
182
18
24
2
6
6
173
30
21
2
11
1
90
114
22
11
1
135
17
73
11
2
30
18
179
7
4
197
15
7
6
10
3
127
75
9
6
7
14
167
15
13
22
16
3
2
208
24
3
2
1
51
93
69
14
4
1
6
217
21
133
34
21
47
1
1
1
173
25
17
19
1
1
2
44
112
14
31
35
1
1
132
7
61
6
18
8
5
1
178
7
23
12
4
7
3
2
2
105
47
86
199
37
2
57
24
85
6
65
1
203
23
5
2
2
1
1
1
7
13
12
120
68
6
12
61
49
12
37
36
36
6
1
Number of elements: 2229
