Bin size: 280
Num of Bins: 463
177
12
67
21
3
13
91
85
77
3
6
4
1
56
47
45
65
36
26
5
39
109
85
7
29
8
1
1
1
97
28
78
24
1
8
20
4
7
3
3
2
5
123
62
14
75
5
1
265
3
6
5
1
223
24
22
3
4
3
1
104
171
1
3
1
195
1
5
64
7
1
1
6
238
23
9
4
3
2
1
32
110
2
28
8
38
2
39
1
16
1
2
1
90
36
125
29
143
17
82
25
4
7
1
1
169
22
53
11
3
5
13
3
1
126
21
102
3
3
16
9
78
157
22
15
6
1
1
73
97
4
68
13
12
5
5
3
83
169
18
4
4
2
16
76
131
24
6
20
5
1
1
261
18
1
175
91
6
6
1
1
184
78
15
2
1
194
36
8
20
11
10
1
212
47
21
26
199
21
9
10
2
3
3
5
2
217
53
3
1
4
2
178
90
1
2
9
136
137
5
1
1
2
142
4
46
86
243
29
8
198
24
58
181
73
19
3
2
2
16
82
134
37
3
1
4
2
1
121
107
38
3
3
4
2
2
18
200
52
6
1
2
1
276
3
1
234
17
16
11
1
1
192
41
19
19
4
4
1
67
131
9
52
19
1
1
161
59
3
25
19
2
5
4
2
19
57
188
15
1
218
27
35
217
30
15
7
10
1
171
96
8
1
4
220
46
6
4
4
40
35
49
100
28
27
1
199
52
7
8
12
1
1
260
10
6
2
2
158
104
10
3
4
1
179
64
15
21
1
144
93
36
4
1
1
1
38
115
53
61
3
5
4
1
182
56
28
13
1
257
22
1
18
55
196
4
6
1
5
240
21
12
1
1
163
104
3
9
1
212
10
41
10
7
74
132
28
21
5
17
2
1
265
10
2
3
215
3
55
2
1
4
266
11
2
1
231
34
7
2
1
4
1
122
22
20
103
11
1
1
155
53
69
1
2
238
40
2
40
108
50
53
5
9
5
6
1
2
1
73
45
108
16
18
12
6
1
1
254
2
4
13
5
2
107
137
21
10
4
1
6
272
2
115
157
1
4
1
2
102
153
20
1
1
2
1
64
40
164
8
4
99
111
29
27
12
1
1
225
29
24
1
1
60
82
71
13
53
1
215
28
28
5
1
2
1
180
70
15
12
3
249
28
1
2
88
76
67
37
11
1
208
51
21
253
20
1
1
2
3
63
173
17
8
17
2
37
35
5
32
106
32
31
1
1
98
29
59
35
5
14
11
21
1
3
3
1
146
88
22
17
2
4
1
23
124
57
26
10
22
10
4
2
2
74
171
6
20
7
1
1
160
85
32
3
205
10
61
3
1
85
139
38
5
3
2
8
131
80
10
32
11
4
7
4
1
10
91
13
63
19
52
9
5
13
2
3
196
43
17
17
7
212
40
14
11
3
220
52
6
2
259
4
10
5
1
1
270
8
1
1
142
13
121
1
1
1
1
64
35
35
37
18
26
44
6
14
1
132
76
71
1
33
197
32
18
59
196
23
2
243
28
3
2
3
1
100
45
39
66
26
2
2
259
2
10
8
1
79
179
2
18
1
1
216
38
16
6
3
1
174
36
49
16
4
1
27
198
11
24
4
6
7
1
2
208
57
4
10
1
275
5
176
71
5
24
2
2
211
14
15
26
2
8
3
1
280
44
29
200
6
1
145
1
69
4
43
14
1
2
1
44
218
13
1
3
1
184
59
13
24
51
184
37
5
1
2
136
108
22
9
3
1
1
204
15
11
2
42
5
1
268
4
7
1
43
109
28
100
170
50
18
31
10
1
166
85
20
3
4
1
1
200
16
33
14
16
1
29
130
80
6
35
191
2
25
10
10
17
2
6
1
8
7
1
177
34
18
19
31
1
237
36
7
222
32
25
1
248
9
3
8
10
2
163
34
6
74
3
189
14
51
2
12
5
1
3
2
1
236
42
1
1
17
102
69
16
38
12
8
4
3
5
1
2
2
1
99
151
14
1
12
3
222
22
25
1
3
1
4
1
1
91
35
25
70
58
1
207
9
29
17
16
2
246
18
1
14
1
94
12
6
38
66
17
40
1
3
2
1
68
39
43
30
33
23
5
15
20
1
3
205
67
1
1
5
1
39
145
10
52
29
1
4
171
49
17
11
30
2
162
38
62
18
217
26
27
3
5
2
81
149
43
4
1
1
1
145
36
51
40
1
7
28
226
6
5
14
1
52
134
83
1
8
2
129
144
4
2
1
251
20
4
1
4
124
21
25
45
38
2
8
7
3
6
1
247
9
5
4
11
2
1
1
21
202
24
20
9
4
164
57
55
1
2
1
188
5
68
8
9
1
1
228
9
27
12
2
2
121
118
5
10
24
2
260
16
1
3
74
201
5
266
12
2
178
94
2
2
1
2
1
108
29
20
90
29
4
99
55
60
9
8
46
3
152
105
4
4
3
9
1
2
191
10
22
25
30
1
1
2
243
26
5
4
186
61
4
22
2
5
26
150
68
3
9
14
5
1
3
1
68
54
9
17
114
18
186
81
11
2
101
21
44
41
67
2
4
137
92
30
1
20
248
13
19
73
84
63
43
15
1
1
15
170
87
4
1
1
1
1
269
6
1
4
178
8
4
44
15
11
3
1
6
10
273
6
1
61
1
36
102
36
24
13
3
3
1
196
74
9
1
131
139
7
3
11
48
218
2
1
275
2
1
1
1
236
44
267
4
4
4
1
238
28
7
4
1
1
1
34
190
12
44
280
11
59
124
62
14
3
2
3
1
1
75
69
46
86
2
2
194
38
21
3
18
5
1
8
104
33
61
45
14
1
12
2
274
3
2
1
189
56
11
14
9
1
10
229
4
36
1
101
99
70
4
1
4
1
192
68
9
2
2
2
1
4
117
108
50
3
2
26
195
45
11
2
1
40
150
63
7
9
10
1
21
215
35
9
131
122
11
4
8
4
92
53
77
22
36
190
65
10
15
73
147
12
17
27
2
1
1
240
7
27
3
3
272
2
5
1
264
5
1
9
1
213
56
7
4
261
17
2
174
49
28
3
16
10
78
88
96
1
10
1
2
1
1
2
32
201
11
33
2
1
241
36
3
37
76
137
23
1
3
1
2
125
11
53
50
4
24
3
1
7
1
1
178
86
12
2
1
1
70
96
104
7
2
1
102
24
111
34
3
2
2
2
243
14
17
1
5
18
144
41
73
3
1
100
134
32
11
1
1
1
182
86
12
54
132
54
38
2
255
24
1
210
41
27
1
1
21
39
13
125
27
21
26
1
2
3
1
1
110
12
142
8
7
1
121
123
36
142
60
34
22
2
6
8
1
4
1
155
21
93
11
95
173
11
1
246
5
8
1
16
1
2
1
34
116
47
5
24
24
20
7
1
2
18
200
20
3
11
22
1
5
81
2
106
64
20
3
3
1
257
16
4
3
68
146
34
20
5
3
1
3
280
121
62
10
13
53
5
1
9
3
1
2
232
29
2
5
12
100
53
35
48
6
3
21
13
1
216
24
24
15
1
276
3
1
172
53
16
24
5
9
1
84
101
34
26
12
16
7
272
3
4
1
100
108
48
15
1
7
1
78
20
140
15
16
1
4
6
142
117
4
7
7
1
2
170
51
38
13
3
4
1
176
65
24
13
1
1
176
50
37
13
1
2
1
89
41
66
53
25
3
2
1
124
91
4
22
2
27
2
4
2
2
70
58
72
55
10
1
5
8
1
266
1
4
8
1
30
131
111
3
3
2
83
58
125
9
2
2
1
244
21
7
6
2
27
61
152
37
3
228
44
7
1
147
5
37
1
77
5
3
4
1
79
44
42
67
15
30
3
200
68
9
1
1
1
140
35
73
22
7
1
2
194
13
64
3
3
3
3
71
98
26
79
1
2
134
131
13
1
1
269
6
1
1
2
1
45
131
55
30
11
1
4
3
90
63
96
29
1
1
132
45
21
61
16
4
1
32
23
73
98
30
23
1
230
45
2
1
1
1
48
146
21
20
12
8
9
2
14
112
42
54
4
16
27
14
6
5
232
7
15
26
271
3
5
1
107
98
52
2
11
5
2
1
1
1
145
26
11
16
11
43
9
7
4
7
1
108
132
16
10
6
2
4
1
1
120
136
1
21
1
1
211
32
29
7
1
142
4
60
32
26
13
2
1
99
167
1
11
1
1
98
140
17
20
5
33
68
91
20
35
29
1
1
1
1
6
233
16
9
14
2
210
23
6
29
3
7
2
108
10
156
2
1
2
1
220
14
28
10
5
2
1
201
54
12
13
106
75
8
55
29
3
3
1
245
16
15
4
173
101
2
4
272
6
1
1
9
168
67
33
2
1
137
74
43
19
6
1
67
170
3
35
2
2
1
247
15
11
1
3
1
1
1
55
113
108
1
2
1
233
32
15
83
186
10
1
43
19
122
96
39
24
83
60
68
5
1
72
34
18
6
41
21
74
2
2
9
1
170
56
33
16
4
1
126
132
1
1
7
6
2
2
2
1
66
5
99
107
1
2
163
85
12
17
3
40
53
81
19
35
38
5
2
3
3
1
261
5
10
4
212
39
27
1
1
116
55
87
15
4
2
1
142
47
38
49
3
1
120
117
16
10
1
15
1
122
154
4
252
14
14
202
4
27
14
1
17
7
8
200
50
16
13
1
275
5
191
76
6
1
3
3
21
134
113
5
7
49
85
49
83
9
5
95
100
51
34
78
179
17
3
3
183
41
26
22
5
1
1
1
38
74
49
71
6
38
4
196
77
4
2
1
17
93
58
96
3
4
7
2
27
244
4
5
57
201
5
2
14
1
148
40
2
74
13
1
1
1
105
117
58
89
118
8
12
21
20
10
2
258
20
1
1
274
1
4
1
102
53
20
39
22
8
10
21
4
1
242
33
3
2
260
6
5
6
1
1
1
258
18
2
2
209
11
47
12
1
4
46
20
30
94
27
8
12
15
6
8
1
1
3
3
2
123
100
40
3
7
4
2
1
192
71
9
6
1
1
11
116
49
74
23
6
1
28
216
19
16
1
126
42
39
10
40
17
1
3
2
190
19
25
24
20
2
278
2
231
30
6
12
1
186
71
8
10
5
225
41
3
11
110
168
1
1
150
32
78
12
8
78
79
71
29
23
71
67
107
25
8
2
99
79
6
69
6
20
1
154
112
9
3
2
128
142
7
1
1
1
275
4
1
245
5
6
8
12
4
92
75
51
51
7
2
1
1
7
72
43
16
118
7
15
1
1
176
66
3
22
4
7
2
91
67
21
69
23
3
4
2
113
65
15
6
17
56
5
2
1
93
178
9
81
117
78
3
1
8
255
10
6
1
224
29
18
8
1
88
173
4
15
138
141
1
13
62
204
1
241
1
16
19
3
107
146
20
6
1
204
32
28
4
11
1
4
152
69
44
7
3
1
86
67
112
10
5
231
14
12
5
11
7
263
11
6
118
5
85
61
5
4
2
258
20
2
227
19
28
1
3
2
264
10
3
2
1
191
56
9
15
2
7
62
154
56
3
1
2
2
5
173
75
11
8
4
3
1
268
11
1
156
14
87
19
2
2
243
24
3
5
1
2
2
198
48
16
17
1
176
2
14
35
35
5
11
2
280
159
84
7
15
2
7
6
146
36
32
14
26
6
6
8
5
1
257
5
11
4
2
1
55
190
15
16
3
1
219
36
13
7
4
1
65
26
82
7
39
16
29
10
2
2
1
1
20
70
128
29
20
6
1
6
13
89
86
79
4
4
3
1
1
9
265
4
1
1
222
49
1
4
3
1
140
6
3
113
8
8
2
149
119
10
1
1
53
86
25
116
205
9
44
5
13
1
3
21
145
66
32
1
2
7
1
1
1
1
2
243
30
2
4
1
144
13
93
21
9
171
6
48
18
36
1
198
34
23
19
3
3
12
52
9
57
111
39
171
9
33
61
2
4
237
34
5
1
3
242
9
23
1
2
3
155
19
86
10
2
3
3
2
206
63
7
4
243
22
3
6
5
1
189
16
15
51
6
2
1
57
45
90
16
67
3
1
1
182
45
40
8
1
3
1
252
2
8
8
6
4
100
143
20
16
1
108
109
15
6
17
1
7
13
3
1
265
15
263
4
3
5
4
1
4
55
67
23
71
7
24
29
275
5
192
13
24
13
7
19
5
3
2
2
24
126
36
55
21
5
4
4
5
249
16
8
3
1
3
48
106
33
93
66
66
104
15
24
2
2
1
182
42
20
22
8
6
122
84
7
34
27
1
3
1
1
194
7
70
5
1
3
258
21
1
269
2
6
3
172
52
15
31
9
1
150
62
44
1
9
5
1
1
7
222
29
26
1
1
1
91
10
167
11
1
175
67
15
11
7
1
2
1
1
267
9
3
1
205
52
16
2
5
258
16
1
5
250
23
7
201
6
8
43
4
16
1
1
203
56
11
4
2
2
2
26
163
53
5
26
7
59
115
72
5
19
9
1
218
14
15
29
1
1
1
1
232
35
2
7
4
Number of elements: 2864
