Bin size: 153
Num of Bins: 400
12
117
17
3
1
3
101
50
1
1
67
55
10
4
8
7
1
1
65
12
5
1
19
47
1
3
73
59
2
15
1
1
2
5
142
3
2
1
148
3
2
41
92
1
4
4
11
64
40
32
5
10
2
9
99
28
6
5
1
5
116
9
12
11
2
2
1
90
2
55
3
2
1
127
8
2
7
1
7
1
101
44
5
3
123
20
10
100
20
9
24
111
31
8
2
1
5
139
8
1
116
27
4
6
132
17
2
1
1
120
12
21
35
72
2
18
18
1
5
2
56
48
39
8
1
1
122
4
20
3
3
1
40
76
8
1
9
14
1
4
65
37
21
17
5
4
2
2
103
47
3
112
18
8
8
7
150
2
1
42
108
1
2
82
39
31
1
4
57
82
5
1
1
1
2
70
32
4
19
24
4
111
10
24
5
1
2
112
23
11
2
3
1
1
142
7
2
2
78
28
14
12
15
4
2
143
3
3
3
1
29
60
55
3
3
3
11
67
60
7
8
27
72
44
8
2
47
74
11
18
1
1
1
6
135
8
1
1
1
1
81
40
7
6
3
13
3
149
4
129
16
1
7
150
1
1
1
135
2
11
4
1
108
26
4
6
1
4
4
68
26
13
11
26
3
3
2
1
148
2
3
131
16
6
20
55
78
22
115
15
1
81
69
2
1
139
8
6
18
27
56
9
31
3
8
1
62
91
11
74
22
18
14
6
6
2
18
67
47
8
6
4
1
1
1
69
26
4
27
17
6
3
1
148
4
1
71
65
7
1
8
1
1
144
2
4
1
1
149
1
1
2
43
13
93
2
2
57
51
26
6
11
2
43
22
25
35
18
9
1
73
32
14
28
4
2
42
40
9
29
13
19
1
62
2
11
29
28
17
3
1
61
31
51
5
4
1
6
85
9
50
3
84
69
123
6
17
3
1
3
82
5
22
3
17
15
1
5
3
75
72
3
2
1
112
34
2
4
1
65
51
24
11
1
1
75
36
21
12
7
1
1
9
52
71
1
3
2
9
1
1
1
1
1
1
146
6
1
111
13
2
27
79
17
15
18
18
2
4
90
59
3
1
15
123
15
122
10
15
1
5
53
91
8
1
104
3
4
6
9
13
10
3
1
77
73
2
1
35
91
9
12
4
2
150
3
108
30
14
1
96
10
40
7
140
8
4
1
38
88
19
8
65
17
33
7
31
121
6
15
3
6
2
106
6
16
11
10
3
1
100
18
25
6
2
2
144
8
1
29
85
36
1
2
143
3
2
2
1
2
93
18
22
1
13
5
1
106
20
9
18
86
19
36
7
5
82
60
11
100
33
18
1
1
126
11
3
1
5
3
1
2
1
124
14
12
2
1
77
41
29
4
2
63
85
5
80
53
18
2
25
96
18
8
5
1
13
90
34
10
6
129
12
11
1
77
69
2
3
1
1
129
5
19
21
107
25
46
82
4
5
14
1
1
111
13
22
2
5
21
81
25
4
22
89
38
12
2
2
4
3
2
1
1
62
27
27
21
7
4
2
2
11
39
62
16
20
1
4
99
13
16
15
3
1
4
1
1
19
90
33
10
1
43
106
1
3
103
6
20
24
136
10
4
2
1
144
1
1
4
3
51
48
38
5
5
4
1
1
4
10
42
82
11
1
3
127
2
20
3
1
23
100
21
5
3
1
88
43
2
12
1
7
126
18
5
1
2
1
63
19
6
58
6
1
73
73
6
1
19
65
58
3
6
1
1
43
105
3
1
1
95
31
26
1
144
2
7
118
9
10
14
2
136
15
1
1
145
3
4
1
24
51
70
1
5
1
1
126
9
11
3
3
1
102
13
9
29
121
9
7
2
7
6
1
112
15
2
3
15
2
1
1
1
1
10
98
18
19
2
4
2
34
43
66
9
1
47
68
4
21
5
4
1
1
2
10
122
12
7
2
13
34
32
66
7
1
6
10
105
13
1
6
3
6
3
47
50
25
26
4
1
102
27
4
15
4
1
51
13
46
8
6
14
12
2
1
10
2
47
93
1
75
62
4
1
11
126
16
2
6
1
1
1
67
36
49
1
134
6
12
1
33
99
3
12
3
3
19
38
52
43
1
56
18
25
11
13
28
1
1
148
1
4
34
44
62
6
4
1
2
63
80
8
1
1
101
35
5
8
1
2
1
46
66
34
6
1
76
73
2
1
1
41
76
6
28
2
51
95
6
1
72
61
3
13
1
1
1
1
43
93
8
4
4
1
32
10
84
11
8
4
4
120
32
1
100
34
18
1
62
40
37
11
2
1
92
12
48
1
151
2
28
4
76
8
13
14
5
5
142
7
4
114
39
47
64
36
5
1
75
59
3
3
7
5
1
11
11
33
1
69
5
23
153
60
53
15
18
4
2
1
28
15
56
45
1
3
2
2
1
126
23
4
22
87
14
15
8
6
1
145
4
2
2
75
10
38
9
15
2
4
68
15
14
53
3
87
56
5
2
1
1
1
19
91
34
1
8
143
3
7
120
25
8
99
17
28
8
1
38
53
51
11
141
3
5
4
75
77
1
110
16
20
5
2
143
8
1
1
59
9
21
56
7
1
137
3
3
8
1
1
124
7
13
8
1
95
50
7
1
20
111
18
1
2
1
37
103
12
1
149
4
125
4
2
12
9
1
16
135
2
97
41
1
13
1
42
40
11
47
9
1
1
2
112
35
5
1
151
2
4
59
32
14
16
14
7
4
2
1
22
7
36
67
2
15
4
106
20
10
17
44
80
12
10
2
5
130
6
8
3
3
1
1
1
89
19
26
3
6
5
2
1
2
103
23
10
13
3
1
8
137
6
1
1
109
37
7
6
43
26
43
35
115
12
20
6
126
18
8
1
115
25
6
7
100
32
17
3
1
38
36
70
7
1
1
88
18
8
8
6
17
2
5
1
94
7
45
2
1
2
1
1
100
47
2
2
2
63
85
4
1
133
8
3
1
3
4
1
79
42
3
22
3
3
1
6
32
39
8
39
10
16
1
2
100
32
1
9
9
2
87
20
21
11
10
4
25
108
1
6
9
1
2
1
92
22
1
23
13
2
12
127
1
11
1
1
115
1
1
19
6
4
2
3
1
1
42
17
84
2
7
1
71
63
6
9
2
1
1
27
53
38
25
10
109
38
1
2
1
2
148
2
1
1
1
67
1
47
23
9
3
2
1
143
5
4
1
9
23
39
50
25
7
67
81
4
1
28
44
31
14
22
2
8
1
2
1
31
93
24
2
1
1
1
130
6
2
7
7
1
151
2
29
71
18
25
7
1
1
1
4
69
46
31
2
1
46
100
3
1
3
108
19
5
7
5
8
1
64
86
2
1
125
7
1
20
11
63
68
3
4
1
3
47
89
14
2
1
65
25
58
2
1
2
25
12
34
50
17
2
13
15
113
24
1
134
8
9
2
11
136
4
2
78
74
1
61
4
51
9
20
4
3
1
17
94
2
3
19
7
3
2
4
1
1
153
89
29
32
3
17
28
62
14
13
18
1
70
38
2
7
14
22
91
18
25
14
5
46
98
4
5
91
46
5
4
1
5
1
11
103
2
29
7
1
20
107
8
8
3
4
1
1
1
85
34
18
1
11
4
8
13
112
3
14
2
1
126
19
2
3
1
2
112
20
8
3
5
4
1
135
10
2
5
1
93
11
1
12
25
6
5
83
49
11
5
1
1
1
2
59
2
67
21
4
84
25
36
5
2
1
135
2
8
8
104
30
5
4
1
9
132
17
3
1
136
16
1
145
5
3
151
2
54
16
52
25
4
2
27
39
64
10
10
1
1
1
42
34
53
9
15
112
2
2
14
19
3
1
60
41
47
1
3
1
12
114
18
9
117
32
4
46
95
10
1
1
29
46
11
27
12
27
1
113
28
11
1
123
4
14
11
1
121
14
18
51
50
16
8
17
4
2
3
2
109
8
29
5
1
1
56
51
3
14
19
5
2
1
2
39
92
19
1
1
1
90
3
13
26
21
138
11
3
1
99
4
19
1
20
10
50
94
3
6
125
27
1
69
81
1
1
1
126
12
4
2
4
2
2
1
51
30
67
3
2
43
53
21
33
1
2
32
101
4
5
2
8
1
98
36
13
4
2
35
25
82
9
1
1
121
4
3
18
3
3
1
148
3
2
76
77
46
103
1
1
1
1
50
51
24
18
3
3
3
1
128
15
7
2
1
84
17
51
1
51
67
27
7
1
22
26
77
28
71
10
30
18
23
1
39
83
12
19
73
75
5
45
41
21
22
3
19
2
114
7
27
4
1
102
7
26
13
4
1
23
92
34
1
2
1
140
7
6
139
12
1
1
16
120
5
11
1
17
67
7
21
3
21
17
93
35
5
4
4
8
3
1
77
28
10
2
11
1
21
3
47
73
25
1
3
1
2
1
93
6
52
2
47
42
12
4
22
17
1
6
1
1
124
24
5
88
39
10
12
2
1
1
99
47
6
1
90
1
21
20
5
10
1
3
2
104
35
2
8
4
94
37
20
1
1
35
74
22
20
1
1
26
93
21
10
2
1
72
21
55
2
1
1
1
75
15
42
15
1
3
1
1
64
25
34
7
3
18
1
1
18
74
17
20
9
8
3
3
1
111
28
6
7
1
35
5
83
6
11
3
1
2
7
136
6
8
1
2
32
23
10
86
1
1
24
49
38
2
34
3
3
138
12
3
130
5
13
1
1
1
2
44
24
58
15
3
7
1
1
87
65
1
83
38
1
17
9
4
1
46
72
27
4
4
51
37
30
25
9
1
112
41
13
47
73
12
8
90
56
6
1
54
12
22
36
13
10
6
74
36
26
4
8
1
3
1
138
7
4
1
2
1
121
15
2
12
3
34
87
30
2
150
1
2
64
67
17
2
1
2
129
10
7
7
94
16
5
30
5
2
1
19
131
3
89
12
15
32
4
1
29
36
27
26
17
14
2
1
1
76
49
18
3
2
3
1
1
77
40
10
19
5
1
1
134
7
3
1
8
100
17
5
8
12
6
4
1
109
28
5
1
4
3
3
19
78
12
10
8
10
15
1
Number of elements: 2230
