Bin size: 166
Num of Bins: 436
111
22
31
1
1
113
21
27
5
9
100
33
4
12
6
1
1
92
46
3
17
7
1
41
67
5
37
11
1
1
3
122
1
37
4
2
53
35
19
55
1
3
130
25
1
10
134
22
5
3
1
1
32
18
87
4
17
7
1
81
43
2
33
1
6
20
96
7
5
35
1
2
105
7
33
13
7
1
29
87
25
12
9
3
1
84
73
6
2
1
34
19
18
58
20
6
8
2
1
149
12
2
2
1
48
10
36
13
48
8
1
2
75
22
18
42
1
4
1
1
2
73
50
15
21
3
4
7
83
4
8
59
1
1
3
104
34
3
12
12
1
138
26
1
1
129
29
5
1
1
1
130
34
2
3
82
44
16
13
4
2
2
144
2
11
1
4
4
16
118
29
3
27
102
28
2
6
1
160
3
2
1
44
53
2
46
16
5
129
37
136
4
9
13
4
131
35
145
4
10
2
5
162
2
1
1
20
18
68
3
20
2
15
13
2
4
1
55
71
14
3
20
1
2
28
49
13
6
46
23
1
158
3
3
1
1
47
24
8
84
1
1
1
106
52
7
1
80
25
55
1
2
1
2
117
6
15
19
9
116
41
7
1
1
152
14
52
75
14
7
9
1
2
1
5
139
13
6
2
3
3
129
30
5
2
73
93
9
66
51
17
18
5
19
18
15
79
30
2
1
1
1
91
74
1
160
1
1
3
1
8
103
52
2
1
20
125
14
2
2
2
1
96
31
2
29
6
2
153
8
1
2
1
1
120
25
7
11
3
151
4
9
2
147
17
2
30
13
82
19
19
3
28
17
83
35
1
2
137
22
1
3
2
1
110
37
13
2
2
1
1
44
112
3
2
3
1
1
137
9
17
3
139
13
7
6
1
118
45
3
35
97
28
5
1
121
44
1
84
56
3
22
1
116
32
3
12
2
1
150
5
8
3
83
65
17
1
121
42
1
1
1
89
51
23
3
107
2
7
31
12
6
1
117
31
11
3
1
1
1
1
12
59
51
3
4
31
4
1
1
134
5
24
1
1
1
122
14
19
11
50
85
5
10
8
5
2
1
22
84
4
55
1
105
4
5
32
1
10
5
4
58
91
3
11
2
1
22
11
88
41
2
1
1
48
1
91
9
5
3
1
1
3
1
2
1
140
1
23
1
1
86
42
21
10
3
3
1
110
4
38
1
13
102
32
5
12
4
3
2
3
2
1
36
110
19
1
103
55
5
3
131
8
9
8
8
2
69
12
65
2
18
126
2
17
21
152
11
3
100
38
9
4
13
2
135
1
8
9
11
2
104
38
7
4
4
9
103
54
9
81
57
19
2
7
97
15
43
9
2
68
68
17
13
111
30
20
5
98
45
21
1
1
19
122
13
4
7
1
165
1
106
47
12
1
84
22
47
3
1
9
49
75
21
11
2
8
80
75
7
4
158
8
109
6
42
6
2
1
117
12
23
1
7
6
149
14
2
1
59
100
3
1
2
1
158
3
4
1
144
9
12
1
69
30
64
1
1
1
44
6
91
25
13
9
65
62
5
2
7
2
1
120
28
17
1
139
25
1
1
41
106
12
3
4
41
45
25
40
12
3
43
71
4
44
1
3
135
15
2
8
5
1
155
9
2
19
92
18
4
32
1
54
38
33
39
1
1
23
65
3
12
24
6
19
13
1
56
87
14
1
6
2
1
31
58
70
2
2
1
1
88
34
35
1
2
1
2
3
80
76
10
77
26
34
28
1
56
70
11
19
6
1
3
68
65
19
9
1
2
2
161
3
1
1
106
15
24
15
2
2
2
11
100
4
48
1
2
69
5
10
5
55
20
2
156
2
6
1
1
138
6
5
7
7
2
1
20
22
48
31
26
5
6
6
1
1
15
85
13
46
1
3
2
1
116
43
2
4
1
163
1
2
24
48
24
40
24
6
120
5
25
16
146
6
7
5
1
1
54
62
23
15
5
2
5
92
23
39
2
1
5
4
125
17
20
1
2
1
144
15
5
2
157
8
1
146
4
12
3
1
89
50
27
103
44
18
1
154
4
4
3
1
151
7
5
1
2
28
83
16
38
1
57
74
16
7
2
3
4
2
1
60
91
14
1
158
1
5
2
49
1
105
4
4
1
1
1
59
99
5
2
1
158
3
2
1
1
1
150
15
1
62
25
68
10
1
32
99
2
25
6
1
1
33
16
97
13
6
1
104
5
19
3
22
6
3
3
1
96
57
5
7
1
99
63
4
147
16
1
1
1
102
54
10
58
12
40
32
16
1
2
5
50
105
3
2
1
2
1
2
109
44
8
1
2
1
1
121
1
15
29
33
124
6
1
2
150
16
26
19
90
5
7
2
5
9
1
1
1
92
40
33
1
10
10
133
4
8
1
41
82
21
7
11
3
1
55
18
84
8
1
94
21
33
15
1
2
96
24
5
40
1
26
23
40
47
2
18
5
4
1
165
1
85
38
23
18
2
121
25
3
10
6
1
4
144
18
97
55
2
8
4
57
45
62
1
1
24
2
133
5
2
28
20
30
68
13
5
2
25
24
49
34
31
2
1
134
23
8
1
45
42
21
6
15
31
2
4
92
67
6
1
18
144
4
3
90
34
3
21
3
5
1
2
1
3
129
26
7
1
3
60
87
12
3
1
2
1
117
34
4
7
2
1
1
71
94
1
117
32
16
1
85
30
19
12
6
4
1
9
148
15
1
2
136
25
2
3
2
155
5
2
1
1
100
26
40
44
105
12
3
2
36
37
6
24
5
45
5
4
2
1
1
161
4
1
87
61
9
2
3
3
1
71
91
3
1
72
28
16
18
9
23
52
113
1
31
101
18
15
1
119
8
27
1
6
4
1
104
51
2
9
135
12
1
2
4
4
1
2
3
1
1
34
57
24
41
6
3
1
25
107
12
10
8
3
1
108
26
29
1
2
161
3
1
1
9
11
24
109
11
1
1
81
1
8
2
50
10
8
5
1
84
62
13
5
2
152
11
3
78
84
1
2
1
110
56
126
9
6
16
1
2
2
4
67
79
18
1
1
119
36
6
3
1
1
11
3
29
1
108
14
75
45
25
9
8
4
142
18
4
2
40
111
7
3
2
2
1
17
117
15
1
11
4
1
134
14
4
13
1
85
25
43
8
3
2
149
11
5
1
86
62
4
8
6
69
58
18
1
8
10
1
1
63
1
93
6
3
24
140
2
81
45
14
17
6
2
1
10
5
66
18
12
26
29
75
4
26
15
18
3
15
2
3
3
1
1
12
144
2
7
1
79
24
8
55
85
65
3
7
5
1
88
11
15
48
3
1
81
19
34
2
28
1
1
118
19
8
9
7
3
2
25
132
7
2
9
80
17
18
19
3
5
15
102
51
2
1
7
3
109
49
8
108
31
3
6
10
3
4
1
45
111
3
2
2
2
1
137
4
2
11
10
1
1
144
21
1
132
2
2
25
4
1
34
92
14
11
4
3
5
2
1
42
80
25
7
3
1
5
3
11
129
26
60
84
6
16
129
20
16
1
136
3
6
6
13
1
1
16
6
109
35
84
55
8
8
8
3
102
44
4
16
157
8
1
39
13
59
24
2
28
1
48
101
10
2
2
2
1
112
9
19
22
3
1
71
86
3
4
2
119
33
1
4
2
2
5
105
37
13
8
1
2
165
1
14
135
12
5
28
113
15
6
4
38
66
13
15
22
4
3
5
142
11
6
1
5
1
138
14
3
7
3
1
57
93
15
1
104
2
35
22
3
113
24
25
3
1
63
61
17
14
9
2
115
21
24
5
1
137
2
5
4
2
14
2
114
33
11
6
2
121
38
3
3
1
95
49
10
5
7
115
19
26
6
156
8
1
1
12
30
24
48
32
12
4
1
2
1
105
59
2
129
21
2
12
2
120
43
3
165
1
163
2
1
25
22
33
7
35
7
8
21
6
2
73
27
41
5
12
5
2
1
154
8
1
2
1
4
67
72
5
1
8
2
1
2
2
2
22
63
19
20
41
1
99
32
21
8
6
121
39
2
2
2
129
32
4
1
16
66
7
47
27
2
1
137
20
2
1
3
2
1
21
98
8
17
21
1
12
153
1
83
68
6
2
4
1
1
1
156
4
4
1
1
46
112
6
2
159
4
2
1
122
35
7
1
1
95
11
43
17
79
87
141
6
4
5
5
4
1
91
68
1
3
1
1
1
109
35
21
1
128
19
6
5
6
1
1
69
37
46
7
6
1
142
22
2
162
4
133
19
2
1
8
3
12
25
36
52
11
30
77
22
13
5
2
46
1
40
100
4
3
18
1
136
30
41
99
11
5
4
4
1
1
30
38
96
2
28
59
47
26
3
1
1
1
60
63
8
27
3
2
3
149
5
12
16
81
21
19
11
7
11
162
3
1
115
10
27
7
2
3
1
1
122
31
10
3
157
6
3
127
19
7
13
27
18
70
16
2
21
12
155
2
2
3
3
1
64
24
12
1
38
3
13
2
4
3
2
156
3
1
6
18
9
15
115
9
146
6
2
10
2
82
11
15
34
15
4
2
3
6
136
10
6
8
62
40
3
9
24
10
2
7
6
2
1
7
66
4
49
30
7
3
103
40
15
2
4
2
6
9
103
43
2
1
1
1
11
66
36
11
17
2
11
7
2
3
46
52
7
29
23
8
1
94
60
8
1
2
1
73
90
2
1
155
6
1
3
1
125
2
38
1
112
21
17
1
4
5
3
3
154
4
5
1
2
64
48
4
21
28
1
10
148
5
3
91
69
5
1
141
13
9
3
66
80
16
1
3
162
4
91
46
28
1
112
1
26
12
12
3
32
126
4
4
24
140
1
1
118
1
47
161
3
2
135
21
6
1
1
2
85
30
2
31
6
9
3
149
9
3
3
2
17
129
6
11
3
91
33
11
13
14
2
2
56
42
26
17
6
10
8
1
111
4
5
15
11
11
9
77
6
31
18
2
18
10
3
1
98
22
45
1
156
6
4
62
87
3
7
7
166
66
78
19
1
1
1
157
3
3
1
2
51
35
38
18
4
12
2
6
123
15
15
4
5
4
156
4
2
2
1
1
102
8
29
11
10
5
1
17
149
116
4
40
3
3
78
77
6
3
2
126
14
13
13
64
22
49
13
12
6
137
19
8
1
1
46
37
33
48
1
1
115
7
39
2
1
1
1
22
66
64
5
3
3
2
1
106
22
14
23
1
62
10
18
52
6
16
1
1
164
1
1
151
8
4
2
1
64
79
8
1
14
120
45
1
108
44
5
9
117
26
20
2
1
157
1
7
1
148
16
1
1
51
66
29
15
3
1
1
71
39
25
11
4
7
1
4
3
1
33
101
5
4
10
4
9
53
51
50
7
2
2
1
138
26
2
108
48
9
1
18
8
78
35
22
4
1
86
72
7
1
106
18
23
9
4
4
1
1
6
62
55
6
33
2
1
1
96
61
2
1
6
163
1
2
34
80
22
14
2
11
2
1
142
20
4
154
5
4
1
1
1
Number of elements: 2429
