Bin size: 272
Num of Bins: 444
212
26
10
18
2
4
241
23
1
3
1
2
1
83
5
172
2
4
3
2
1
57
32
36
107
24
3
3
8
1
1
106
29
54
49
3
1
27
3
139
53
73
2
2
2
1
164
80
9
1
6
9
1
1
1
131
61
68
11
1
235
15
7
13
1
1
39
59
135
14
17
2
1
4
1
3
223
8
23
1
10
3
1
20
229
11
9
3
131
23
73
44
1
54
19
121
70
1
5
1
1
141
101
2
6
9
9
3
1
45
177
10
3
8
11
6
10
2
24
140
56
6
10
35
1
5
262
3
2
241
17
1
6
6
1
209
25
7
28
3
202
9
19
25
10
6
1
33
99
65
15
19
14
24
3
195
40
25
4
1
1
4
2
139
70
4
54
3
2
24
162
28
24
29
2
2
1
272
175
84
1
10
2
126
121
9
2
1
8
1
4
212
45
4
5
5
1
205
2
63
1
1
250
16
3
2
1
83
188
1
45
120
55
15
15
6
2
9
3
2
114
57
7
58
6
21
6
2
1
138
45
41
11
16
15
6
43
105
103
1
14
6
171
94
3
2
2
42
178
17
28
1
2
3
1
160
103
3
6
9
144
59
2
18
23
6
7
1
1
1
1
80
159
7
19
1
2
4
60
97
97
17
1
241
26
4
1
64
144
44
11
7
1
1
244
11
6
1
6
1
1
2
148
107
12
1
3
1
100
16
128
25
2
1
143
81
20
13
1
6
6
1
1
85
144
21
13
9
104
14
148
6
51
208
8
2
3
62
70
128
8
2
2
148
75
42
3
2
1
1
246
9
10
4
1
2
202
60
1
9
233
15
1
12
7
4
205
58
3
3
1
1
1
178
82
5
5
1
1
234
23
9
3
3
248
24
240
24
6
1
1
6
147
109
1
8
1
251
13
6
2
175
53
19
14
9
1
1
201
57
14
98
111
33
29
1
18
175
23
37
14
4
1
99
130
33
5
3
1
1
36
117
17
97
4
1
202
35
22
2
5
5
1
22
144
64
24
15
1
2
152
5
12
62
17
13
3
3
3
2
96
62
73
12
4
22
1
2
214
49
3
5
1
35
94
52
8
48
23
4
7
1
141
41
50
35
5
142
64
62
1
3
251
3
14
1
2
1
56
208
7
1
51
194
18
8
1
242
6
14
7
3
93
25
117
37
34
113
68
6
18
11
20
2
142
83
32
5
4
2
1
3
12
45
113
96
5
1
94
38
25
59
48
5
3
147
109
3
12
1
24
103
92
48
5
24
218
5
25
225
38
3
3
2
1
247
25
159
2
110
1
135
108
23
5
1
131
94
42
3
2
179
3
83
2
5
80
127
6
9
6
24
4
2
2
10
1
1
6
202
6
31
25
2
169
6
91
5
1
233
2
10
27
184
23
23
16
21
5
25
42
116
64
16
5
4
154
113
5
245
18
9
108
60
77
27
219
30
20
1
2
144
86
13
6
2
16
2
1
1
1
183
77
12
211
56
4
1
238
34
188
59
4
9
10
2
215
54
3
93
111
38
24
1
3
1
1
229
30
4
1
5
1
2
176
10
24
46
9
6
1
194
64
8
2
2
2
82
66
76
13
2
32
1
236
11
6
12
6
1
131
61
37
36
5
2
30
162
78
2
97
10
125
30
6
3
1
186
16
1
26
17
1
18
2
4
1
75
168
19
4
1
3
2
156
79
32
3
1
1
122
75
7
28
34
4
2
161
22
82
3
1
3
21
72
173
2
2
1
1
20
245
3
2
2
153
111
3
3
1
1
37
113
37
6
38
30
4
5
1
1
52
19
180
15
3
3
122
39
55
6
15
11
13
11
24
217
11
6
4
1
6
1
2
149
50
37
10
15
11
187
5
20
42
15
2
1
223
35
6
3
3
2
100
25
35
33
19
14
19
15
1
2
7
2
80
127
41
24
91
72
73
27
3
2
3
1
129
58
36
5
29
4
9
1
1
48
48
148
17
8
3
18
87
77
74
10
5
1
117
61
44
41
7
2
65
127
65
1
14
259
4
5
3
1
228
9
28
6
1
258
4
3
6
1
226
23
21
2
254
8
3
7
98
31
36
3
101
3
108
164
111
2
151
4
4
261
3
2
5
1
265
2
1
4
254
4
3
3
2
1
4
1
92
74
82
23
1
270
1
1
102
44
123
2
1
95
147
7
3
14
6
31
149
44
15
7
4
16
2
2
1
1
125
29
45
69
4
50
152
59
3
7
1
108
110
38
16
76
47
129
4
13
2
1
33
69
95
33
19
15
5
1
2
123
74
73
2
182
27
36
18
2
3
2
2
263
1
5
3
70
175
11
1
8
6
1
257
10
1
3
1
125
43
39
43
20
2
47
167
51
7
91
155
14
11
1
217
9
15
14
5
5
5
1
1
193
39
13
10
5
5
2
5
226
44
1
1
203
61
3
2
1
1
1
53
97
92
27
1
2
235
21
7
9
39
92
46
88
7
149
23
35
24
33
8
217
40
10
1
3
1
27
36
171
20
7
3
8
196
43
16
1
5
1
5
5
257
5
10
205
24
1
1
21
20
50
125
94
1
1
1
202
22
5
16
2
21
3
1
11
83
57
79
23
10
7
1
1
88
13
44
124
1
1
1
15
1
92
69
6
28
60
1
223
14
16
13
5
1
220
9
33
3
7
210
28
3
8
10
2
10
1
189
59
24
256
7
5
3
1
43
156
55
18
71
22
96
21
38
17
6
1
74
37
151
7
1
1
1
138
123
9
1
1
207
56
8
1
159
49
27
32
1
2
2
160
11
70
12
8
9
2
34
40
28
93
32
28
4
3
8
1
1
263
4
3
2
229
30
11
2
10
152
8
83
11
6
1
1
4
124
93
46
4
1
92
65
40
27
18
8
5
2
13
2
2
35
115
95
14
8
3
89
154
28
1
167
74
27
3
1
194
12
60
1
2
1
2
16
172
37
40
3
4
159
32
1
36
40
2
2
123
148
1
215
55
1
1
2
144
31
56
24
10
5
231
21
9
7
4
164
90
18
126
61
33
22
28
2
129
72
45
15
3
2
1
4
1
248
18
1
2
2
1
153
20
21
54
19
5
110
159
2
1
159
59
6
25
16
7
108
46
67
47
2
1
1
174
60
13
23
2
250
16
2
3
1
197
33
10
15
6
7
1
3
89
102
61
1
8
11
156
88
21
6
1
228
3
37
3
1
211
7
2
26
3
3
7
11
2
67
54
141
10
225
1
11
12
22
1
36
209
3
1
21
1
1
66
75
69
7
50
2
2
1
71
145
31
16
6
2
1
13
3
209
40
6
1
2
114
30
84
29
9
2
1
1
117
135
5
4
5
6
201
42
8
18
1
1
1
97
84
77
8
5
1
9
152
59
9
42
1
35
97
136
2
1
1
23
96
50
94
3
3
2
1
263
6
1
1
1
184
44
13
26
2
1
1
1
30
122
116
3
1
238
15
14
3
1
1
151
73
18
2
16
7
4
1
18
177
38
29
3
1
4
1
1
215
6
13
21
14
1
2
55
217
71
9
80
101
3
5
2
1
24
52
130
52
13
1
134
28
18
22
20
12
24
7
1
4
2
239
21
8
4
6
106
73
36
2
11
4
24
2
4
2
2
65
181
4
15
6
1
244
16
6
3
2
1
96
173
1
2
17
42
24
1
37
33
50
38
2
22
3
3
28
199
27
17
1
131
131
7
1
2
226
12
17
15
2
97
111
62
2
91
148
26
6
1
189
61
19
1
1
1
212
21
38
1
123
22
27
3
87
7
3
191
42
7
17
9
4
1
1
112
87
58
9
1
2
2
1
107
34
19
11
9
67
2
19
2
2
234
18
17
2
1
116
11
56
3
73
6
4
2
1
70
169
21
11
1
267
1
3
1
238
25
6
1
2
111
28
94
24
12
2
1
239
27
2
1
2
1
77
87
26
55
22
5
115
149
8
74
79
77
24
10
2
6
204
38
28
1
1
112
155
4
1
134
71
8
28
12
19
266
3
2
1
178
53
2
12
20
7
146
115
8
1
1
1
268
4
235
27
8
2
123
34
112
1
1
1
204
30
24
3
3
6
2
161
61
4
30
6
10
31
192
48
1
234
2
22
6
4
3
1
12
226
33
1
170
25
6
58
8
3
2
103
53
93
14
5
4
227
2
25
2
12
3
1
12
67
52
9
82
48
2
213
32
3
24
242
4
21
5
145
85
14
7
16
4
1
123
75
27
15
1
3
28
76
9
186
1
218
20
15
2
8
5
1
1
1
1
91
31
33
46
48
18
2
3
181
66
22
1
1
1
58
209
5
248
5
8
4
2
4
1
51
218
2
1
155
10
25
10
61
1
10
76
108
80
1
5
2
162
45
20
15
9
1
5
14
1
162
5
77
22
4
1
1
226
6
11
1
28
227
26
3
14
2
193
60
7
2
7
2
1
272
20
197
55
233
30
2
3
2
1
1
49
143
4
65
11
194
69
9
175
64
18
9
2
1
2
1
229
34
6
1
1
1
212
30
27
1
2
38
173
20
30
2
4
3
2
255
5
8
1
1
2
62
3
58
11
93
1
29
14
1
271
1
177
12
11
57
2
13
221
33
16
1
1
122
149
1
245
19
5
3
93
116
9
25
26
1
1
1
251
1
14
4
2
117
56
5
53
41
237
24
5
6
209
55
2
3
1
2
218
40
8
3
3
35
15
60
45
102
12
1
1
1
177
94
1
269
1
2
216
20
28
6
1
1
101
157
2
10
1
1
111
86
64
1
4
6
266
4
1
1
73
56
84
59
27
117
62
54
8
4
204
62
5
1
215
14
4
30
2
5
2
132
90
14
15
10
7
4
18
37
44
25
41
60
41
3
1
1
1
166
72
13
13
7
1
92
105
4
59
1
5
5
1
229
23
20
227
34
4
2
5
156
54
21
4
5
2
23
2
5
17
76
87
71
4
16
1
216
31
5
9
9
2
70
193
8
1
220
35
7
4
3
3
103
72
87
2
2
4
2
212
34
13
7
3
3
137
60
35
15
5
3
1
2
6
8
209
47
12
4
259
5
7
1
107
33
129
3
128
97
46
1
114
40
37
29
4
4
31
13
132
86
29
19
6
232
25
5
10
86
158
19
2
4
3
83
158
28
2
1
221
51
37
12
22
53
20
44
38
19
1
23
1
1
1
221
23
26
1
1
130
88
17
30
1
3
3
147
26
89
7
1
2
109
75
87
1
263
6
2
1
195
29
29
2
13
2
2
139
28
31
29
6
5
11
18
2
2
1
196
47
29
216
6
26
8
7
5
1
1
1
1
134
74
44
14
5
1
68
200
4
157
25
52
28
10
147
113
2
5
5
252
8
1
9
1
1
13
111
106
42
218
38
10
1
2
3
162
106
4
249
14
2
3
1
1
1
1
55
21
110
14
5
40
17
5
3
2
249
18
4
1
267
2
2
1
88
141
6
2
35
222
11
19
11
5
4
186
85
1
34
237
1
116
7
126
12
2
5
2
2
176
82
13
1
186
36
43
6
1
227
24
3
5
1
12
91
12
54
34
8
40
9
7
2
5
9
1
123
78
41
18
1
4
1
5
1
39
118
25
12
17
35
2
6
10
1
6
1
126
112
9
24
1
100
65
77
12
2
9
1
3
3
190
45
22
1
11
1
2
137
112
18
5
209
15
6
10
16
6
9
1
50
217
5
234
37
1
133
25
63
46
5
260
6
1
5
79
45
88
3
37
13
2
3
2
244
12
15
1
89
84
32
33
7
19
5
3
133
36
100
2
1
91
181
81
7
78
28
47
28
3
110
92
46
7
14
3
208
24
36
3
1
253
16
1
2
153
21
87
10
1
55
40
131
13
9
2
8
11
2
1
165
65
38
2
2
58
164
46
1
3
138
122
8
3
1
23
165
7
30
40
7
86
57
93
26
5
3
1
1
142
46
71
4
6
3
213
47
10
1
1
153
115
3
1
147
40
10
17
48
6
2
1
1
60
64
6
17
7
103
10
2
1
2
175
87
2
7
1
42
158
43
7
13
8
1
92
153
2
6
3
1
14
1
254
9
3
2
2
1
1
Number of elements: 2681
