Bin size: 227
Num of Bins: 336
114
111
2
2
131
65
20
9
18
34
2
127
31
15
188
23
4
11
1
210
15
2
217
4
3
2
1
74
80
40
14
15
1
3
14
6
132
35
12
20
1
6
1
225
1
1
188
12
6
12
2
7
47
17
140
6
1
3
4
4
5
11
55
27
74
43
1
8
7
1
209
15
1
1
1
160
36
18
7
1
5
202
24
1
156
40
6
11
3
5
4
2
61
3
139
14
1
6
1
2
23
71
5
21
83
7
5
9
3
74
143
1
1
5
3
85
83
8
25
26
224
3
195
25
5
1
1
143
76
1
7
53
44
120
10
101
110
2
13
1
29
136
13
49
139
21
36
21
9
1
175
14
20
17
1
10
16
43
3
145
10
105
27
13
10
60
8
4
172
35
20
224
3
154
64
9
72
33
42
6
55
9
5
3
1
1
68
103
20
3
28
5
133
39
52
1
2
226
1
126
96
1
1
3
28
20
95
49
12
6
7
1
4
4
1
9
112
81
10
7
2
2
1
1
2
48
3
120
17
9
18
6
4
1
1
118
70
3
22
11
1
2
210
10
7
185
22
7
1
1
1
2
4
1
3
187
31
7
2
76
28
2
55
7
22
34
2
1
118
92
9
7
1
78
141
1
1
3
1
2
214
2
5
6
86
90
49
2
98
12
101
8
2
3
2
1
77
69
64
10
2
5
217
1
6
1
1
1
9
213
2
3
226
1
165
44
16
1
1
108
30
9
53
15
10
2
112
59
26
14
6
6
1
1
2
13
37
9
117
42
9
199
10
3
11
4
45
28
51
73
30
9
136
40
29
2
8
3
87
103
36
1
155
65
2
2
2
1
111
20
93
1
2
126
12
56
33
143
22
7
36
4
5
1
1
8
66
60
6
63
16
16
69
80
55
21
1
1
89
121
12
3
1
1
165
37
22
3
54
146
27
111
34
60
8
10
3
1
5
76
97
38
11
218
1
8
122
46
8
40
3
4
1
2
1
221
6
172
32
19
2
1
1
8
175
4
18
16
6
48
131
6
24
3
14
1
64
120
16
18
2
4
1
2
17
136
43
19
11
1
220
3
2
1
1
80
78
38
26
2
2
1
31
161
21
10
3
1
33
80
49
14
18
21
5
3
1
2
1
190
32
1
4
57
92
62
14
1
1
106
72
9
37
3
128
91
6
2
201
14
7
2
2
1
50
80
97
35
2
69
63
11
10
23
6
8
55
70
26
73
3
77
147
3
53
113
58
3
183
30
7
6
1
118
85
20
1
3
154
3
7
44
16
2
1
127
71
24
2
1
1
1
10
191
21
5
156
50
2
19
216
2
3
3
3
8
7
96
18
84
10
3
1
203
9
3
7
2
2
1
160
8
50
5
2
1
1
173
7
37
2
5
1
1
1
202
7
7
4
5
1
1
154
32
5
17
12
6
1
140
13
52
10
12
10
197
15
5
83
1
58
35
18
1
28
3
201
9
4
7
1
3
1
1
11
54
142
6
9
3
1
1
165
25
3
26
7
1
162
18
18
1
24
2
1
1
37
120
19
13
20
11
3
1
3
186
2
37
1
1
138
73
8
7
1
167
17
27
16
161
66
13
204
4
6
225
1
1
54
123
5
35
9
1
148
69
10
194
16
6
3
3
1
2
1
1
181
43
1
1
1
159
36
23
6
1
2
221
1
2
1
1
1
186
15
4
7
2
5
8
116
39
9
56
3
2
2
222
1
3
1
214
13
167
41
6
7
6
175
39
3
3
5
2
65
61
39
30
10
9
10
1
2
154
7
3
43
16
1
1
2
77
13
72
25
8
12
7
9
4
150
25
11
41
149
49
15
3
7
1
1
1
1
36
175
4
3
6
2
1
23
92
70
10
16
7
5
1
2
1
96
100
31
225
2
71
54
99
2
1
29
73
6
50
9
35
17
2
2
4
7
200
4
4
7
1
1
3
111
91
25
192
7
27
1
48
45
91
26
10
4
3
72
101
45
5
4
142
22
12
21
13
2
9
2
2
1
1
211
2
9
1
4
207
8
12
68
139
11
6
1
1
1
197
11
8
5
5
1
84
26
93
16
4
4
94
62
31
6
19
14
1
211
14
2
37
141
5
7
27
1
5
3
1
212
1
6
2
6
186
23
12
5
1
53
157
14
3
126
28
16
34
11
7
4
1
65
72
57
3
11
3
9
1
5
1
94
133
194
29
3
1
149
32
12
32
1
1
114
17
47
35
3
6
4
1
165
16
40
6
200
9
14
4
88
8
124
3
3
1
219
1
3
2
1
1
126
62
10
18
7
2
2
126
36
27
1
7
29
1
75
137
12
1
1
1
205
18
3
1
195
11
12
9
7
74
110
11
13
10
2
53
92
34
16
18
6
2
3
1
1
1
129
49
6
18
3
15
6
1
112
15
14
75
1
5
1
3
1
18
105
103
1
35
150
2
2
21
4
10
1
2
203
17
1
1
5
68
64
21
67
1
5
1
164
3
53
3
1
2
1
17
53
86
59
6
1
1
1
3
44
49
129
3
1
1
221
4
2
83
35
28
10
25
33
5
2
6
222
5
17
193
7
1
4
5
200
23
2
1
1
150
39
15
7
5
9
1
1
11
171
41
2
2
149
61
3
11
1
2
117
29
45
33
3
19
144
46
13
3
2
95
30
39
52
11
186
36
2
3
223
4
225
1
1
109
99
19
99
21
40
9
2
20
23
4
9
78
59
15
3
38
20
9
2
1
1
1
157
50
13
4
3
221
4
2
209
13
2
1
2
43
180
3
1
20
200
1
5
1
176
18
8
17
2
2
2
1
1
127
22
33
27
15
3
138
76
9
2
1
1
149
32
12
23
4
7
171
49
5
1
1
5
157
33
11
12
8
1
110
80
2
19
16
199
1
19
7
1
129
70
3
5
3
6
3
6
2
219
2
4
1
1
198
9
9
2
6
2
1
203
6
10
6
1
1
133
4
1
10
22
51
1
5
126
39
45
5
9
3
57
31
89
38
9
2
1
44
75
59
41
1
4
1
2
64
113
10
37
1
1
1
197
1
10
8
6
3
1
1
124
1
49
30
4
5
12
1
1
10
201
10
3
1
2
190
13
11
5
5
1
1
1
134
14
18
19
6
8
10
8
8
2
81
31
103
6
4
2
10
5
138
17
14
24
17
2
187
7
30
2
1
181
2
9
19
14
1
1
90
114
22
1
71
3
107
33
12
1
94
63
40
12
13
5
88
128
2
3
6
78
127
22
46
181
48
145
17
9
3
1
3
1
19
4
199
5
162
62
1
2
81
37
29
29
34
5
2
6
3
1
8
174
41
4
170
18
34
5
147
71
7
2
151
53
16
3
4
180
42
5
43
23
66
44
17
3
21
2
5
2
1
175
27
6
18
1
168
34
4
13
3
4
1
132
66
10
19
227
125
61
26
4
7
2
1
1
117
32
53
4
10
3
2
2
3
1
119
88
12
1
5
2
220
4
2
1
97
117
10
2
1
174
36
13
2
1
1
187
38
2
22
170
15
13
2
3
1
1
55
53
73
7
29
9
1
227
43
15
19
52
20
30
18
12
14
4
204
11
9
3
18
93
31
40
27
16
1
1
53
154
12
5
3
137
82
3
3
2
214
5
3
3
2
61
164
1
1
112
55
48
6
1
2
1
2
185
6
13
14
5
2
1
1
129
82
15
1
120
31
25
15
8
25
2
1
50
54
47
69
1
4
2
193
30
4
224
2
1
205
10
8
4
219
7
1
94
95
7
22
7
2
178
36
8
1
3
1
156
25
8
15
2
21
227
160
46
12
9
6
32
13
77
7
21
39
7
2
16
6
1
68
132
25
2
37
30
64
50
28
4
1
7
4
2
82
142
3
35
7
114
57
7
4
2
1
189
6
30
2
73
147
1
2
1
3
94
106
16
8
3
112
36
24
43
3
2
7
155
57
11
3
1
99
77
43
5
3
211
4
11
1
65
145
16
1
132
14
26
8
7
21
15
3
1
169
37
21
13
164
37
6
4
1
2
16
115
19
68
1
6
1
1
72
2
146
3
2
1
1
61
51
10
45
17
9
6
8
19
1
226
1
154
73
81
117
9
16
1
3
17
110
83
17
197
29
1
149
78
165
51
9
1
1
22
33
110
53
2
1
2
2
1
1
131
81
2
6
7
32
4
179
8
1
1
2
200
20
2
2
1
1
1
92
118
12
1
2
2
132
16
70
2
2
4
1
181
20
7
18
1
90
111
16
4
6
149
24
7
13
3
6
25
33
63
24
104
3
21
42
12
53
20
48
4
18
9
98
10
54
55
1
9
102
116
9
9
199
7
5
7
110
48
68
1
91
92
25
13
1
3
1
1
109
86
28
2
1
1
191
31
2
1
2
213
6
5
2
1
213
4
1
7
2
90
2
103
3
4
13
7
2
3
48
52
41
37
3
22
24
Number of elements: 1960
