Bin size: 201
Num of Bins: 457
27
94
11
4
53
8
2
1
1
182
6
6
7
178
2
10
9
1
1
158
11
8
4
6
4
1
6
1
2
149
1
21
27
2
1
29
5
78
24
25
22
12
1
2
3
59
105
4
33
44
15
81
6
37
18
67
86
2
29
6
1
6
4
85
7
71
1
3
2
30
2
42
5
91
7
41
9
5
1
146
54
1
6
76
39
55
21
2
2
23
8
61
77
16
11
5
91
92
18
18
32
44
36
68
2
1
64
70
6
16
11
21
1
4
8
84
14
35
12
4
20
27
1
3
1
63
23
10
3
44
24
3
15
1
7
4
3
1
79
37
84
1
44
83
63
3
3
4
1
38
82
68
3
8
2
40
161
89
111
1
12
144
32
12
1
89
47
12
26
6
2
4
4
10
1
3
178
7
8
1
3
1
170
30
1
154
15
10
9
1
10
2
112
55
7
20
6
1
26
25
36
43
35
7
6
3
5
15
175
14
6
4
2
147
30
18
2
3
1
196
5
27
121
9
36
7
1
188
3
1
2
3
1
3
3
3
192
3
153
26
9
3
9
1
13
156
11
12
6
3
146
51
2
2
122
36
12
29
1
1
108
88
4
1
47
37
2
24
27
25
32
7
194
1
1
5
174
18
5
4
82
21
2
69
2
3
9
1
8
3
1
125
19
56
1
155
13
11
4
6
4
5
3
44
59
48
16
28
6
63
96
5
25
10
1
1
171
19
8
2
1
163
3
16
11
5
1
2
70
126
5
80
107
11
2
1
198
3
54
22
53
37
8
9
15
1
2
83
15
65
22
10
5
1
150
29
9
11
1
1
38
64
75
2
1
11
1
3
4
1
1
6
160
34
1
7
149
29
5
10
1
82
89
28
2
60
71
41
16
1
11
1
115
12
5
12
35
19
1
1
1
24
24
46
50
42
8
6
1
73
100
8
9
6
4
1
101
34
23
38
5
79
83
12
27
3
69
53
21
15
29
5
6
163
20
13
5
20
84
95
1
1
169
30
1
1
164
37
10
136
9
2
27
9
6
1
1
131
14
37
14
5
173
10
4
4
3
5
2
98
58
41
2
2
35
11
127
28
76
108
4
7
6
108
93
170
12
15
2
1
1
164
37
172
26
3
200
1
116
56
29
141
29
7
12
7
2
1
1
1
107
80
11
2
1
172
22
7
86
54
20
20
2
18
1
54
51
20
55
12
1
1
2
3
2
151
12
24
9
2
2
1
194
3
2
2
14
105
50
6
21
5
149
39
7
2
3
1
13
28
150
4
3
1
1
1
117
81
1
1
1
9
139
53
5
135
50
10
1
174
11
6
5
4
1
87
100
5
9
16
87
51
37
6
3
1
168
21
1
7
2
2
13
119
18
15
2
26
2
4
1
1
141
6
24
20
5
4
1
187
2
7
5
125
44
25
7
153
37
10
1
109
14
58
12
6
2
110
91
201
46
148
5
2
13
29
113
30
16
196
2
3
38
52
91
7
13
81
98
15
1
6
38
161
2
102
97
1
1
8
48
87
23
34
1
187
6
8
171
10
13
3
2
2
102
2
79
10
2
2
1
2
1
67
130
4
47
60
76
9
7
2
150
47
4
13
130
58
137
22
25
15
2
194
2
1
1
2
1
86
19
21
39
6
1
11
14
1
2
1
43
22
4
90
13
5
11
4
4
2
3
23
122
37
2
5
3
5
2
2
200
1
169
3
17
10
2
169
11
5
12
2
2
97
5
73
6
9
6
5
61
121
5
14
38
48
99
8
4
4
184
3
11
2
1
65
38
49
42
3
3
1
114
84
1
2
97
69
3
25
7
71
58
47
18
3
4
171
22
3
3
1
1
45
68
37
11
18
19
3
160
3
2
15
1
20
31
25
17
89
38
1
58
1
99
2
15
5
7
6
4
3
1
137
21
10
28
3
1
1
122
60
13
5
1
111
3
35
33
18
1
84
75
3
39
66
131
3
1
17
12
134
6
25
1
6
176
25
91
106
4
9
76
27
86
1
1
1
180
16
3
2
133
7
18
24
8
11
114
14
53
15
3
2
184
1
2
2
7
2
1
1
1
156
42
2
1
149
8
33
9
1
1
120
57
5
5
5
8
1
170
23
6
1
1
68
22
22
64
19
4
2
169
16
14
1
1
97
100
4
139
9
18
29
6
1
22
43
26
22
83
3
1
58
91
51
1
51
117
8
10
2
8
4
1
54
31
3
69
6
8
10
16
4
40
35
77
29
20
163
16
13
4
3
1
1
104
83
7
6
1
195
3
1
2
32
148
2
6
8
5
102
81
9
3
3
3
29
126
27
3
15
1
24
87
45
33
3
6
2
1
88
108
5
94
80
22
5
179
16
5
1
200
1
30
53
41
3
27
28
14
5
18
73
97
3
7
1
2
113
65
3
14
5
1
47
47
48
48
4
3
1
3
197
3
1
126
36
13
13
2
1
3
1
1
1
3
1
105
96
145
36
18
1
1
153
18
20
8
2
86
96
8
1
6
3
1
73
71
3
6
4
1
3
28
2
4
2
3
1
110
89
2
124
10
60
4
3
55
89
30
21
3
2
1
48
58
9
86
17
19
152
5
3
3
2
43
23
101
23
10
1
3
105
64
18
10
1
82
103
9
3
2
2
31
55
11
87
5
9
2
1
123
17
52
2
3
1
2
1
111
51
14
25
9
13
127
50
2
128
25
45
2
1
134
62
5
109
72
5
3
5
5
2
16
7
149
11
10
4
2
2
121
52
18
10
195
2
4
127
52
15
1
5
1
35
141
11
9
5
66
46
88
1
66
48
81
4
2
41
117
11
24
7
1
43
85
8
63
1
1
16
88
33
57
1
5
1
29
64
85
4
5
10
4
85
5
46
4
2
20
10
12
12
3
2
111
32
53
2
3
116
81
1
3
88
98
11
4
200
1
137
58
4
2
35
111
43
10
1
1
126
43
16
12
3
1
73
118
6
2
2
94
73
33
1
112
27
16
15
29
2
15
109
35
40
1
1
150
5
40
5
1
176
16
8
1
83
25
41
19
19
10
2
1
1
102
41
56
2
8
33
98
50
11
1
33
148
15
3
2
11
112
55
21
2
65
72
2
55
6
1
52
38
65
36
5
3
1
1
26
164
11
59
124
16
1
1
91
70
33
7
45
146
9
1
96
12
58
14
14
5
2
80
26
16
71
3
5
165
22
7
3
2
2
121
11
41
19
4
1
1
2
1
126
37
22
8
5
3
135
40
26
128
58
12
3
183
2
13
2
1
195
2
3
1
26
33
14
23
72
27
2
4
101
96
3
1
27
74
2
59
21
5
13
148
17
3
9
1
11
9
2
1
8
144
37
11
1
162
25
3
2
6
2
1
200
1
52
100
41
7
1
92
85
23
1
176
11
5
5
1
2
1
88
97
12
3
1
22
29
96
53
1
125
18
28
8
15
5
1
1
164
7
24
2
3
1
11
104
72
11
1
2
46
37
7
5
35
51
2
14
1
1
1
1
24
33
90
44
7
3
125
74
2
25
16
132
16
12
167
30
2
1
1
123
52
26
55
82
16
37
8
1
1
1
72
112
10
6
1
128
37
11
19
4
1
1
118
8
70
2
3
170
26
4
1
26
37
21
22
86
7
1
1
77
28
54
26
13
1
2
23
108
15
18
11
9
15
2
143
35
17
5
1
188
1
2
8
1
1
48
85
63
2
2
1
180
13
2
1
5
169
10
11
5
6
181
13
3
3
1
6
96
15
63
2
15
2
1
1
147
21
19
10
3
1
189
12
89
55
18
11
11
12
1
1
3
116
81
4
15
16
65
56
3
40
2
4
49
12
110
13
6
9
1
1
77
12
69
20
10
10
3
171
26
3
1
43
143
12
2
1
56
70
65
2
4
3
1
193
6
2
150
36
13
2
137
47
1
2
5
3
4
1
1
72
76
17
19
1
4
2
7
3
128
48
8
8
8
1
22
107
41
24
3
4
114
59
7
2
15
1
3
144
56
1
94
106
1
61
15
72
29
17
6
1
83
53
32
27
2
2
1
1
1
92
57
50
1
176
4
8
9
3
1
89
96
3
2
1
9
1
143
3
6
31
18
155
19
4
21
2
142
30
24
1
1
2
1
196
2
2
1
36
152
9
3
1
126
61
13
1
166
32
1
1
1
48
79
1
10
16
38
4
1
1
3
13
156
3
16
12
1
164
8
27
1
1
64
53
13
47
9
15
58
77
23
22
11
2
1
5
1
1
48
90
20
23
7
5
1
5
2
88
5
24
2
49
24
6
1
2
142
18
37
3
1
139
39
12
6
5
141
59
1
9
97
34
12
43
1
4
1
2
193
1
4
1
28
101
43
14
5
9
1
137
4
33
27
15
47
85
40
7
1
1
2
1
1
1
7
116
37
8
29
4
61
40
11
74
2
10
2
1
107
4
64
16
7
1
2
194
7
17
175
3
3
2
1
91
95
7
8
67
121
1
4
4
3
1
160
3
17
20
1
159
10
18
8
2
2
2
56
94
36
14
1
103
55
5
28
8
2
96
72
29
2
2
107
36
37
19
2
162
18
6
9
5
1
20
6
50
48
22
11
4
13
12
4
8
1
2
136
36
1
14
5
2
5
1
1
164
5
8
5
4
2
6
6
1
48
11
45
73
11
8
2
3
143
50
4
4
136
30
25
9
1
45
51
54
40
2
6
1
2
135
23
22
5
7
7
2
10
186
4
1
34
95
47
14
1
4
6
120
37
33
1
9
1
13
102
31
13
37
4
1
92
78
3
3
24
1
165
16
20
8
35
116
22
8
8
3
1
33
51
104
6
3
4
26
57
96
2
16
4
137
56
5
1
2
22
2
78
63
12
4
2
3
9
6
111
36
4
50
18
37
140
4
1
1
189
7
3
2
127
46
18
7
2
1
191
4
1
2
3
143
2
39
14
3
169
5
12
11
2
2
148
31
8
1
12
1
114
2
59
14
11
1
90
97
5
8
1
74
111
5
5
2
2
2
173
2
6
2
13
5
4
44
68
58
22
3
1
1
186
4
2
5
2
1
1
151
3
23
18
6
189
1
2
8
1
59
15
36
17
21
40
9
1
3
190
4
3
4
152
47
1
1
92
67
10
10
1
11
8
1
1
164
32
2
1
2
103
88
10
158
26
15
2
88
72
12
8
2
19
163
33
1
2
1
1
183
16
2
128
15
46
8
4
105
77
10
6
3
157
39
4
1
6
152
6
15
13
8
1
81
7
3
29
14
24
43
64
92
1
25
4
7
5
3
197
3
1
89
88
8
11
3
1
1
84
10
78
12
7
5
1
1
3
112
66
8
9
1
3
2
148
1
13
37
1
1
16
23
74
48
10
2
27
1
157
42
2
147
28
20
6
110
70
14
1
3
3
78
16
87
18
1
1
77
27
92
4
1
65
111
24
1
71
106
23
1
24
75
101
1
130
35
32
1
2
1
182
16
1
2
99
81
9
11
1
10
20
28
120
17
2
4
79
48
74
70
13
33
60
17
7
1
103
71
18
9
107
66
17
3
6
1
1
159
2
23
2
11
3
1
37
79
69
4
6
3
3
144
21
12
9
12
3
84
107
4
4
2
196
3
1
1
156
41
4
57
50
64
16
12
2
176
12
1
3
4
3
2
82
73
13
6
22
5
26
96
49
1
12
3
14
183
3
8
3
4
198
2
1
117
2
48
22
2
1
6
1
2
130
15
35
21
143
42
2
13
1
159
4
6
23
5
1
1
2
70
104
6
16
3
2
148
41
11
1
87
62
6
16
2
28
182
16
3
128
21
47
4
1
185
9
4
1
1
1
135
27
6
24
5
2
1
1
2
75
68
46
9
1
130
35
14
8
12
1
1
46
50
56
20
20
2
1
6
171
24
5
1
8
1
93
25
34
11
29
30
112
48
11
18
95
42
2
44
178
12
7
3
1
41
87
25
2
38
3
1
1
2
1
9
16
121
44
6
2
3
189
7
4
1
Number of elements: 2647
