Bin size: 103
Num of Bins: 408
58
2
13
4
12
2
10
2
19
64
9
6
5
29
8
35
4
5
1
19
1
1
31
23
20
6
20
2
1
88
10
1
3
1
14
84
5
69
31
3
75
16
5
5
1
1
24
61
13
5
37
59
1
3
3
97
3
3
14
52
7
17
4
1
6
1
1
5
26
68
4
54
2
27
12
1
6
1
49
28
10
2
7
7
56
18
4
9
2
10
2
1
1
70
3
29
1
30
56
1
15
1
37
2
51
11
1
1
33
70
20
75
4
1
2
1
50
15
10
25
2
1
40
47
14
2
61
18
3
10
2
2
2
3
2
89
12
2
34
53
8
4
4
18
28
49
5
1
2
55
28
1
9
1
3
6
82
8
7
3
2
1
93
6
3
1
20
2
1
73
6
1
23
71
5
4
6
50
22
18
6
1
38
62
2
1
11
21
57
13
1
52
22
18
10
1
30
38
4
14
7
7
3
13
8
27
40
3
12
57
40
6
79
21
2
1
94
5
2
2
22
44
25
12
97
5
1
32
23
47
1
78
14
9
2
64
20
10
4
3
2
54
22
5
8
5
4
5
25
71
2
4
1
4
86
6
2
1
2
1
1
20
49
18
4
5
1
1
2
3
44
2
55
1
1
12
72
7
5
1
6
99
3
1
6
23
49
14
3
5
3
33
11
9
19
15
4
6
1
4
1
80
3
4
15
1
79
21
2
1
9
26
49
2
3
8
4
2
32
13
35
21
1
1
78
5
15
1
2
1
1
55
45
1
2
83
18
1
1
103
73
15
2
8
1
3
1
60
11
30
1
1
7
25
63
7
1
4
11
46
18
4
13
4
3
82
18
3
70
4
9
1
11
8
12
27
37
26
1
57
17
26
3
51
37
5
3
5
1
1
74
16
11
2
22
34
33
7
4
1
2
36
33
5
25
4
9
73
9
10
1
1
97
6
76
27
20
50
3
1
26
2
1
103
34
68
1
38
16
1
33
9
3
1
2
93
8
1
1
59
33
10
1
72
25
3
2
1
41
3
42
17
101
1
1
40
55
4
1
1
1
1
72
14
7
3
3
4
36
65
1
1
84
13
6
97
3
3
1
48
8
7
27
9
1
2
8
60
29
6
93
10
49
32
16
6
24
14
13
12
4
25
2
4
3
1
1
1
71
19
5
6
1
93
6
2
1
1
63
10
26
1
1
2
83
4
7
6
1
2
95
6
1
1
1
81
14
1
5
1
61
10
17
11
2
1
1
29
70
4
14
49
22
18
29
30
12
20
1
1
6
4
83
6
13
1
31
54
1
14
2
1
79
19
3
2
28
25
50
95
1
6
1
45
44
7
3
4
74
29
56
1
6
20
12
1
5
1
1
6
52
3
35
3
1
3
55
7
5
3
25
3
5
99
4
3
86
1
11
2
32
33
32
4
1
1
10
54
38
1
13
71
6
12
1
88
9
5
1
97
4
2
14
17
48
8
15
1
43
3
11
2
38
4
2
57
11
9
10
4
8
2
2
55
16
13
11
3
4
1
89
4
7
2
1
59
43
1
60
12
1
14
12
4
47
56
36
11
52
3
1
54
16
1
8
23
1
70
15
8
4
5
1
9
87
3
2
1
1
103
103
82
10
4
2
3
1
1
25
36
10
8
23
1
42
42
10
3
2
2
1
1
67
21
4
7
2
1
1
49
49
1
4
23
9
62
1
6
2
94
8
1
10
5
65
9
7
1
3
2
1
76
7
18
2
4
24
48
19
2
5
1
96
3
1
2
1
69
29
5
49
40
9
1
4
75
26
2
30
11
29
16
17
31
64
8
29
50
20
3
1
101
2
18
16
67
2
36
6
10
39
11
1
101
2
19
83
1
96
7
23
22
12
21
19
1
2
3
35
54
5
2
3
4
26
8
42
23
1
2
1
36
49
4
7
6
1
60
6
21
7
2
4
2
1
68
18
17
1
100
1
1
103
100
3
79
7
4
9
2
1
1
85
15
2
1
79
8
2
4
8
2
63
16
24
59
14
11
3
1
2
11
2
1
73
2
15
11
1
56
7
32
1
2
4
1
47
19
26
6
5
86
13
2
2
3
19
71
2
1
2
4
1
95
1
5
2
20
33
37
2
3
3
2
3
14
11
27
31
8
7
4
1
103
43
39
10
11
52
22
7
21
1
69
28
5
1
99
1
2
1
11
75
4
4
2
2
3
2
65
1
13
6
12
1
1
3
1
44
43
10
4
2
64
7
15
17
83
16
1
2
1
23
66
9
5
51
8
29
4
9
1
1
59
8
1
27
2
3
3
2
84
3
12
2
3
72
25
3
60
9
13
4
10
7
97
1
2
2
1
86
12
5
35
25
38
5
1
80
21
1
38
47
11
7
69
8
19
5
2
103
83
5
14
1
40
60
1
1
1
74
3
15
1
6
4
75
13
10
1
3
1
2
31
19
43
6
2
70
8
20
2
3
69
19
13
2
94
8
1
46
3
26
25
1
2
68
7
24
1
1
2
38
48
4
5
1
3
2
1
1
95
5
1
2
3
97
3
1
66
11
12
13
31
64
3
2
1
1
1
55
17
12
5
10
4
93
10
8
32
48
15
86
14
3
73
10
19
1
90
12
1
59
19
18
4
1
1
1
65
13
16
8
1
83
15
5
84
8
7
2
2
37
26
24
14
2
55
22
8
5
7
5
1
18
1
67
3
4
7
3
67
3
22
10
1
17
69
15
1
1
51
40
11
1
17
16
27
21
2
18
2
91
6
6
32
22
8
41
28
25
7
2
34
3
4
38
15
42
5
3
103
36
6
2
14
18
13
2
11
1
99
1
3
92
4
3
3
1
24
3
39
14
6
12
2
2
1
14
76
2
1
6
3
1
41
41
1
16
2
1
1
34
10
35
18
5
1
5
94
3
1
67
32
2
2
12
54
13
2
7
14
1
17
65
10
10
1
84
16
1
2
100
3
67
12
20
2
1
1
19
54
8
20
2
50
15
14
15
6
1
2
2
96
4
1
45
30
24
2
2
24
66
2
8
3
39
35
14
6
6
2
1
84
5
13
1
60
36
1
5
1
98
3
1
1
16
79
2
3
1
2
31
17
11
36
6
1
1
100
3
48
43
8
1
2
1
26
3
67
4
2
1
93
1
4
1
3
1
50
36
9
7
1
43
29
13
8
10
72
10
3
18
89
6
2
5
1
21
69
4
2
5
2
28
73
1
1
96
4
3
96
6
1
62
33
3
5
85
11
2
1
1
1
2
48
4
31
8
9
2
1
81
22
89
5
1
6
2
43
19
24
13
1
3
16
39
2
30
2
4
6
3
1
55
7
27
1
3
3
6
1
99
1
1
2
74
25
2
1
1
67
24
1
3
4
4
47
4
11
26
12
1
1
1
18
51
28
1
3
2
20
16
24
9
7
26
1
91
9
3
42
49
11
1
90
6
4
2
1
101
1
1
73
28
1
1
13
19
52
11
2
3
2
1
8
23
63
7
2
76
15
10
1
1
87
16
40
62
1
53
35
10
3
1
1
98
2
2
1
58
1
29
15
57
37
2
3
3
1
21
77
3
1
1
70
13
16
1
1
2
67
17
5
1
2
3
6
2
65
20
5
3
1
8
1
68
7
21
2
1
4
74
22
5
2
62
9
20
11
1
55
3
18
13
7
7
53
10
14
23
3
82
12
4
1
2
1
1
98
4
1
102
1
32
32
11
16
11
1
66
10
12
1
14
100
2
1
60
43
19
16
58
10
24
26
16
17
5
9
1
2
2
1
35
40
10
17
1
50
49
4
23
39
31
1
7
2
50
15
1
29
8
93
2
5
2
1
16
14
48
17
3
4
1
32
41
24
4
1
1
70
32
1
18
58
6
2
12
1
1
4
1
28
62
13
30
29
15
8
20
1
74
28
1
69
18
3
10
3
67
16
18
2
43
48
7
3
2
99
2
2
93
7
1
2
79
16
4
1
2
1
86
1
1
13
1
1
77
16
5
2
2
1
38
29
28
7
1
97
3
1
2
62
25
1
10
3
1
1
96
7
70
10
13
9
1
2
6
9
12
64
10
5
7
53
22
13
3
49
5
38
5
1
3
1
1
53
23
16
8
2
1
77
13
6
2
5
56
34
8
4
1
17
20
12
50
2
2
62
33
7
1
84
6
8
1
1
1
1
1
30
20
51
2
91
5
7
41
62
44
16
27
7
6
1
2
93
10
88
11
3
1
78
24
1
52
18
24
1
5
1
1
1
66
25
2
4
6
91
2
5
4
1
45
53
3
1
1
67
9
18
9
39
64
18
37
12
24
8
3
1
35
10
47
5
4
1
1
6
13
67
12
5
103
40
16
46
1
43
15
9
36
47
55
1
52
35
8
7
1
13
11
19
15
19
20
3
1
1
1
3
68
14
2
14
1
1
83
17
3
86
17
8
32
37
13
10
1
1
1
53
28
14
1
5
2
29
3
16
36
14
5
9
13
78
2
1
39
3
5
44
11
1
10
28
60
1
1
2
1
27
48
26
2
33
54
9
3
2
1
1
67
19
2
10
5
77
23
2
1
52
22
1
23
4
1
23
27
21
32
69
17
5
10
2
42
3
24
32
2
98
3
1
1
75
4
17
2
2
3
89
3
7
3
1
86
1
4
9
3
9
31
60
1
1
1
93
1
9
12
16
9
31
19
1
9
2
4
29
19
24
31
73
3
12
2
1
12
Number of elements: 2079
