Bin size: 137
Num of Bins: 383
77
39
4
16
1
42
12
41
32
4
3
3
96
34
6
1
1
18
54
28
29
4
2
1
126
8
1
2
133
1
2
1
90
42
4
1
40
78
2
17
54
60
20
2
1
37
89
1
10
16
17
55
30
2
12
2
2
1
118
2
5
9
1
1
1
56
77
2
1
1
114
5
4
6
6
2
56
50
28
1
1
1
2
38
61
15
3
10
8
5
100
30
2
101
13
14
7
2
25
13
68
14
6
5
5
1
34
80
19
4
89
43
2
3
99
12
24
2
29
79
16
13
42
2
43
36
3
11
36
90
6
1
4
52
11
17
8
41
5
1
1
1
68
1
58
1
5
2
1
1
112
10
1
3
2
6
3
65
20
33
12
5
2
72
46
2
3
10
2
1
1
89
18
24
5
1
52
81
4
36
81
16
1
1
2
132
4
1
67
34
29
7
22
109
1
1
2
2
64
17
47
3
1
1
3
1
18
36
12
11
51
9
9
29
32
11
39
14
3
62
53
6
10
2
2
1
1
61
58
6
8
2
1
1
128
8
1
117
6
6
2
2
4
81
55
1
73
58
5
1
117
1
14
2
3
55
30
12
19
3
4
5
7
1
1
12
74
50
1
117
19
1
78
47
5
4
1
1
1
74
15
30
1
13
3
1
82
18
12
2
2
4
13
4
106
19
9
1
1
1
54
40
14
27
2
71
8
56
1
1
114
18
2
2
1
109
27
1
56
40
14
5
21
1
28
73
25
11
65
64
8
44
61
8
4
4
6
3
3
1
1
2
95
18
17
7
28
52
9
19
24
5
12
12
64
6
40
1
1
1
106
17
1
11
2
42
79
14
2
6
59
9
59
3
1
70
64
3
122
3
4
8
55
44
21
2
2
9
1
1
2
99
4
4
10
13
7
69
9
51
2
4
2
91
4
13
20
4
3
2
118
18
1
53
34
19
29
1
1
70
46
2
18
1
111
6
9
3
4
2
2
120
14
2
1
56
36
29
16
10
64
27
26
2
7
1
52
17
7
11
16
31
1
2
26
62
20
21
8
92
40
2
3
23
83
8
1
7
7
7
1
29
72
32
3
1
113
22
1
1
114
19
3
1
37
61
3
26
1
4
4
1
116
18
3
23
69
29
11
2
1
1
1
112
12
11
2
54
29
40
9
1
3
1
122
11
1
1
1
1
61
27
10
37
2
97
25
1
13
1
47
16
29
23
8
8
6
100
18
8
5
6
29
82
4
21
1
1
86
31
17
2
109
25
1
1
1
79
56
2
127
4
5
1
19
60
53
1
2
2
103
9
13
10
1
1
54
5
41
4
7
19
2
5
25
48
59
2
1
1
1
72
13
8
24
16
3
1
89
13
31
2
2
37
34
26
15
24
1
31
39
54
2
5
1
1
1
2
1
38
46
39
5
5
1
3
91
23
22
1
111
4
16
5
1
104
5
27
1
134
1
2
65
27
41
3
1
45
24
66
2
97
2
17
12
3
4
2
96
27
6
7
1
11
5
18
78
15
2
2
2
4
11
8
38
36
21
19
1
2
1
126
6
1
2
2
33
11
74
12
6
1
59
62
8
7
1
11
13
106
2
3
2
95
40
2
114
8
5
6
2
1
1
110
1
6
2
18
68
13
34
7
5
7
1
2
42
7
6
55
22
2
1
1
1
47
47
13
16
9
2
2
1
72
22
41
2
99
36
1
1
131
6
17
87
6
6
3
8
9
1
76
39
9
12
1
124
3
4
1
5
132
5
43
23
57
14
74
59
1
1
2
117
16
3
1
75
56
6
7
104
6
18
1
1
48
43
5
32
1
5
2
1
137
119
7
8
1
1
1
96
10
23
3
2
3
76
26
12
14
3
5
1
20
56
56
2
3
84
50
1
2
34
69
7
23
1
1
1
1
45
57
29
5
1
126
1
9
1
11
81
37
8
44
26
62
2
2
1
5
5
7
38
26
8
13
34
1
60
31
21
13
9
1
2
111
19
2
1
2
1
1
46
68
20
1
1
1
109
12
16
60
53
20
1
3
129
6
1
1
119
15
3
109
26
1
1
26
88
15
8
124
1
5
1
1
3
1
1
73
11
10
29
11
1
2
47
65
16
6
1
1
1
12
69
2
7
32
10
3
2
136
1
45
92
128
9
125
5
3
2
1
1
135
2
117
12
7
1
46
51
22
8
5
2
1
1
1
70
48
3
6
8
1
1
117
20
135
2
104
10
16
3
4
57
30
41
8
1
124
3
10
7
74
30
16
1
6
2
1
111
8
7
4
1
5
1
2
81
49
1
3
1
122
5
10
106
5
15
3
7
1
89
41
1
4
1
1
72
17
42
5
1
128
9
84
47
3
3
48
12
41
29
3
2
2
82
48
5
2
121
4
5
1
4
1
1
20
47
10
9
9
17
16
2
2
1
4
121
12
1
1
2
24
84
15
10
2
1
1
112
4
1
17
2
1
97
10
27
2
1
73
37
15
9
3
25
109
1
2
81
38
15
2
1
87
50
124
5
7
1
118
6
9
3
1
116
2
18
1
20
109
2
6
94
18
24
1
106
27
3
1
29
46
26
23
6
6
1
51
39
17
7
6
11
6
44
88
2
3
70
56
11
23
83
17
12
2
20
65
36
13
2
1
13
68
12
43
1
117
16
3
1
117
9
4
7
55
79
2
1
40
70
21
3
1
1
1
51
2
81
3
115
13
8
1
33
40
62
2
48
88
1
24
89
18
1
2
1
1
1
132
5
92
33
8
1
2
1
34
49
11
22
15
4
1
1
107
6
9
12
2
1
106
8
8
1
9
1
2
2
8
2
21
55
34
11
4
1
1
113
7
2
9
4
2
42
76
6
12
1
98
14
6
18
1
91
15
1
21
4
4
1
39
89
2
2
4
1
8
16
42
48
19
2
1
1
112
6
14
1
1
1
1
1
120
14
1
1
1
90
45
1
1
91
6
25
10
3
1
1
134
1
2
110
16
10
1
56
72
5
4
134
3
102
13
21
1
6
17
39
20
17
5
7
24
1
1
52
4
62
15
3
1
83
1
35
6
10
1
1
8
35
87
2
3
1
1
3
39
93
1
1
130
6
1
101
7
3
11
8
1
1
3
2
18
54
58
4
2
1
113
2
16
5
1
131
2
3
1
36
73
15
9
2
2
33
95
1
8
91
16
20
2
7
1
68
3
30
22
8
2
2
1
1
86
21
4
8
2
10
6
86
20
5
8
9
2
7
98
10
25
2
1
1
16
111
1
7
1
1
106
1
28
1
1
25
57
28
15
7
1
3
1
43
23
1
13
36
13
7
1
58
50
8
8
8
3
1
1
18
88
27
3
1
6
40
26
38
10
3
10
1
1
2
127
8
2
37
8
70
8
12
1
1
33
43
44
3
11
2
1
24
7
52
5
3
16
11
14
5
53
75
7
2
92
25
11
7
1
1
23
61
46
7
130
2
3
2
77
41
13
2
2
2
51
86
105
31
1
29
30
44
6
18
10
62
11
30
9
4
2
15
3
1
13
8
112
3
1
125
4
4
3
1
11
124
2
68
18
46
3
1
1
5
106
14
5
5
2
45
10
23
50
3
4
2
81
38
16
2
126
9
2
28
17
82
8
1
1
122
7
1
4
3
88
39
7
2
1
51
47
9
6
5
2
5
4
6
2
119
3
4
8
2
1
68
33
4
27
2
3
48
56
23
3
3
3
1
21
31
81
3
1
60
22
44
2
3
3
2
1
64
44
25
1
3
112
18
2
3
1
1
102
4
9
20
2
59
78
4
96
6
26
4
1
95
38
2
2
65
41
4
24
2
1
66
62
4
2
3
10
2
86
31
5
2
1
121
7
1
5
1
1
1
77
37
23
115
5
15
2
62
62
11
1
1
16
18
85
5
6
2
4
1
69
43
11
8
4
1
1
41
5
90
1
81
19
19
15
2
1
109
21
7
25
6
91
10
2
1
1
1
29
56
17
6
15
3
5
1
2
2
1
80
14
28
2
12
1
57
32
36
2
7
3
5
43
46
4
20
11
1
2
5
61
25
23
15
8
5
132
2
3
84
15
27
7
3
1
13
87
34
2
1
75
51
3
5
1
1
1
33
84
16
2
1
1
60
74
2
1
33
49
50
3
2
81
28
10
11
7
4
33
78
18
2
1
1
35
86
16
12
44
10
14
48
9
86
37
12
1
1
69
34
19
8
7
2
62
43
23
1
2
3
1
128
2
5
2
5
2
3
2
54
1
9
34
17
7
1
1
1
21
72
39
5
11
53
43
9
2
7
9
2
1
52
46
26
8
5
118
4
11
4
83
40
7
2
3
2
98
10
7
16
1
3
2
32
98
5
1
1
131
3
2
1
22
40
20
2
9
27
1
5
1
8
1
1
114
11
9
1
1
1
36
78
22
1
106
4
15
7
5
79
50
5
1
1
1
137
48
51
15
15
3
1
4
52
8
43
14
4
1
15
35
98
4
80
2
18
32
2
1
1
1
102
7
19
6
2
1
88
49
39
49
3
16
17
2
5
2
2
1
1
119
1
6
2
3
6
98
9
11
18
1
79
34
13
6
2
2
1
90
44
3
105
25
6
1
40
93
1
1
2
2
9
100
14
4
7
1
118
4
10
3
1
1
36
12
58
11
5
6
9
72
43
16
5
1
105
11
15
3
1
1
1
82
38
14
3
125
10
2
51
82
4
38
98
1
11
29
77
4
1
12
2
1
125
8
3
1
67
37
11
4
12
2
3
1
103
32
1
1
65
40
5
22
4
1
55
42
23
11
3
3
78
54
1
2
1
1
Number of elements: 2122
