Bin size: 293
Num of Bins: 473
202
62
4
11
9
2
1
2
147
129
5
8
2
1
1
227
9
14
22
3
14
2
2
62
170
14
22
10
13
1
1
165
66
54
4
3
1
153
110
29
1
64
82
64
48
27
8
226
60
3
4
207
75
7
2
2
170
59
45
4
10
1
2
2
262
4
2
18
1
6
176
9
94
6
6
1
1
4
154
10
55
20
31
13
3
3
198
36
28
15
6
4
5
1
183
61
9
9
13
3
8
6
1
151
30
52
33
14
6
4
3
37
34
43
98
50
13
2
8
6
2
167
111
6
3
2
1
2
1
157
95
15
10
13
2
1
247
23
8
11
4
167
27
27
33
36
3
75
7
137
41
1
25
1
5
1
41
202
49
1
283
6
1
3
157
74
59
1
2
137
23
34
26
58
12
1
2
41
161
76
15
69
117
29
1
13
22
32
9
1
205
34
8
38
4
2
2
118
26
6
40
6
20
72
4
1
82
147
27
21
4
8
1
1
2
255
12
13
1
11
1
8
22
230
30
3
244
9
16
20
4
22
90
123
55
2
1
79
57
11
65
79
2
195
58
9
18
5
1
6
1
290
1
2
61
34
159
34
2
1
1
1
69
40
43
134
1
3
2
1
214
41
1
26
5
1
5
290
2
1
208
18
56
11
234
42
10
5
2
291
1
1
169
16
47
42
14
2
3
221
31
31
5
2
2
1
142
26
98
21
5
1
214
10
47
12
2
2
2
3
1
94
121
70
6
1
1
240
29
17
4
2
1
199
23
66
5
118
91
4
5
42
9
14
10
13
155
18
62
35
8
1
1
239
7
9
13
25
245
18
7
23
218
44
29
1
1
98
35
30
127
2
1
249
28
15
1
269
14
8
2
148
43
9
64
14
2
7
4
2
245
35
5
2
1
1
1
3
68
117
17
39
31
1
10
5
4
1
263
19
3
8
51
67
98
6
4
59
2
3
1
2
104
7
142
35
1
4
218
3
38
2
10
9
6
2
4
1
128
160
1
3
1
89
61
115
13
13
1
1
211
59
15
5
3
219
40
17
6
6
2
2
1
145
142
5
1
16
48
154
16
16
42
1
169
24
39
14
43
2
2
38
199
9
36
8
3
89
97
7
21
32
32
15
101
70
112
8
2
86
121
69
15
1
1
80
7
88
45
65
6
1
1
157
27
28
68
6
6
1
148
117
14
8
3
3
32
257
4
140
11
137
2
3
215
74
2
1
1
160
72
20
16
20
2
2
1
20
164
5
68
31
5
182
103
4
4
157
76
54
6
273
16
4
110
14
108
29
29
1
2
44
65
108
59
7
5
5
84
157
28
19
4
1
121
4
158
6
2
1
1
92
3
110
62
17
4
5
214
38
16
9
10
4
1
1
114
51
60
11
10
11
18
11
1
4
1
1
130
137
19
6
1
4
226
39
24
131
131
11
17
2
1
258
22
9
1
2
1
81
149
33
23
1
4
2
70
115
96
8
1
3
264
21
4
2
1
1
238
15
9
14
15
2
153
113
8
1
1
16
1
274
2
4
4
1
5
1
1
1
170
10
58
54
1
147
125
6
7
8
155
67
30
28
8
2
2
1
37
107
5
60
65
17
1
1
120
151
10
10
1
1
146
42
28
18
52
2
4
1
218
52
16
6
1
20
247
13
7
4
2
87
132
32
4
18
11
5
2
2
257
30
2
4
270
12
5
4
2
119
85
54
15
4
9
5
1
1
169
4
34
48
25
10
3
218
43
23
3
2
1
1
2
22
156
19
30
2
64
50
126
8
89
11
2
1
6
221
12
54
1
2
3
266
15
7
4
1
16
119
145
3
2
1
1
6
90
106
69
25
1
2
209
54
21
6
1
1
1
90
110
65
15
4
7
1
1
218
59
11
1
3
1
219
56
14
3
1
109
3
69
70
36
3
2
1
110
54
14
113
1
1
202
14
4
28
44
1
9
14
111
35
27
55
32
10
164
86
28
12
2
1
209
36
3
40
3
2
14
239
3
34
2
1
293
171
80
41
1
250
16
24
1
1
1
214
72
6
1
56
55
20
162
134
54
58
25
18
1
2
1
116
125
26
16
8
2
11
132
20
31
89
5
3
2
237
35
21
107
121
29
13
21
2
211
56
14
11
1
287
5
1
59
46
109
67
8
4
164
67
32
4
15
8
2
1
231
18
5
22
14
1
2
5
204
41
26
5
11
1
253
33
5
1
1
68
84
32
17
23
28
18
16
7
250
42
1
279
2
10
1
1
150
42
28
56
1
5
6
4
1
86
207
230
54
3
5
1
117
75
28
28
37
3
1
1
1
1
1
293
91
41
62
36
2
47
5
7
1
1
71
203
6
7
6
194
55
40
4
119
55
11
36
72
184
71
12
24
1
1
12
250
6
19
3
1
2
104
39
112
35
1
2
250
8
34
1
202
50
14
13
5
1
4
4
267
9
8
6
3
224
16
50
2
1
217
50
26
207
79
4
3
79
103
103
6
2
257
3
4
8
14
7
281
1
2
8
1
121
62
56
33
12
7
1
1
270
19
1
3
176
39
12
30
23
6
2
4
1
290
3
256
35
2
19
155
88
21
10
110
45
59
11
66
2
142
1
123
10
13
2
1
1
242
1
2
15
27
4
1
1
2
229
49
1
3
4
4
1
124
129
31
9
60
202
30
1
91
75
37
41
34
12
2
1
165
101
19
7
1
44
158
72
5
7
5
2
110
83
26
52
16
2
2
2
255
36
2
144
74
62
9
2
1
1
225
66
1
1
264
7
22
96
71
126
138
140
10
3
2
34
86
13
82
75
3
102
133
29
23
5
1
32
118
41
44
43
2
3
1
6
1
2
221
35
4
2
2
4
11
5
8
1
205
79
7
1
1
198
72
21
1
1
233
29
27
3
1
20
62
105
17
7
57
23
1
1
5
188
26
44
30
208
63
2
1
16
2
1
216
74
3
22
236
23
2
9
1
256
6
22
6
2
1
247
11
14
7
4
10
121
167
3
2
101
118
74
28
119
32
66
1
42
1
2
2
257
23
9
1
2
1
205
59
14
13
2
255
26
5
7
282
5
3
2
1
258
30
2
2
1
263
27
1
1
1
239
26
16
11
1
293
33
219
19
3
18
1
216
2
27
8
23
15
1
1
26
115
22
107
19
4
65
198
12
2
1
7
6
2
231
44
13
2
2
1
112
49
123
2
1
4
2
195
3
31
22
9
2
1
18
9
1
2
67
218
1
1
4
2
167
52
38
27
3
2
4
28
19
22
4
119
33
66
1
1
210
18
9
28
13
2
12
1
251
40
1
1
152
95
36
3
1
1
1
1
2
1
41
33
122
52
15
3
22
5
256
13
19
5
262
7
1
11
12
225
7
24
27
10
165
12
116
185
88
10
5
5
23
164
72
33
1
72
180
29
8
2
1
1
19
233
20
13
8
130
6
32
8
2
72
27
4
6
5
1
69
189
8
17
10
112
64
1
109
4
3
225
31
33
2
1
1
36
95
122
1
23
5
9
1
1
213
51
6
13
6
2
2
182
93
7
5
5
1
199
48
21
15
8
2
34
208
49
1
1
293
101
184
1
2
2
3
244
17
25
7
112
105
60
15
1
223
24
10
6
19
8
2
1
216
5
36
18
6
5
2
5
128
62
23
33
29
18
71
160
33
6
14
6
2
1
22
89
31
105
19
2
16
5
4
23
79
179
12
113
172
4
4
261
9
9
12
2
42
70
69
57
30
18
1
2
4
277
16
94
10
128
28
27
6
50
205
32
3
3
1
55
126
13
48
28
16
5
1
68
50
107
10
9
27
22
76
30
113
17
30
22
3
1
1
205
4
33
20
11
4
8
8
144
116
1
5
16
1
2
7
1
287
4
1
1
180
53
56
4
145
137
9
1
1
149
92
23
29
196
49
39
2
3
3
1
195
40
34
22
1
1
231
48
2
9
3
3
249
8
12
7
9
4
1
99
170
8
4
9
3
275
12
3
1
1
1
260
2
26
2
2
1
13
149
28
14
26
11
9
40
3
147
140
1
3
2
232
14
41
3
1
1
1
209
44
18
4
8
5
3
1
1
266
27
182
28
39
29
1
4
9
1
246
42
3
1
1
241
27
3
13
8
1
142
3
129
4
12
3
155
69
40
29
258
9
6
16
2
1
1
288
3
2
74
158
27
10
20
4
114
165
10
3
1
6
120
146
2
5
2
7
2
2
1
56
60
152
15
8
1
1
268
19
4
1
1
111
140
39
2
1
227
36
3
12
7
4
1
2
1
200
82
7
2
1
1
116
154
13
9
1
283
5
1
2
1
1
98
115
53
3
15
1
2
6
61
203
6
4
12
6
1
165
29
25
29
39
2
2
2
165
75
9
34
7
2
1
258
4
1
17
10
2
1
286
1
4
1
1
12
41
45
125
64
2
1
2
1
43
160
61
16
12
1
22
31
94
65
63
3
3
6
4
2
264
28
1
212
39
14
14
13
1
93
122
11
43
10
13
1
112
139
33
7
2
53
93
90
20
26
8
1
2
181
22
50
5
24
4
3
3
1
79
152
44
2
11
2
1
2
217
8
64
2
2
170
10
97
13
3
200
85
6
2
115
144
29
5
152
25
10
67
11
3
5
17
2
1
23
133
63
33
11
24
1
2
3
94
10
121
52
4
2
4
2
2
2
24
245
19
1
1
2
1
269
12
4
1
5
1
1
55
117
15
86
3
1
6
9
1
214
72
2
1
1
3
280
6
3
2
2
252
20
6
5
6
4
193
52
18
4
5
16
3
1
1
162
29
66
31
2
3
251
38
1
3
122
67
58
24
13
5
4
20
154
1
53
51
7
5
2
101
66
107
18
1
239
28
12
8
6
242
2
34
8
5
1
1
231
35
6
2
16
3
85
60
37
13
67
30
1
177
1
77
29
5
3
1
78
92
76
23
24
232
8
41
1
11
221
1
5
61
3
1
1
84
25
6
10
110
5
50
3
245
12
3
30
3
206
19
60
4
4
130
52
104
1
3
2
1
86
124
29
35
17
2
208
19
20
19
15
4
2
4
2
183
85
2
20
2
1
252
1
25
7
5
1
1
1
227
29
29
7
1
175
31
31
30
14
10
1
1
244
34
5
5
1
4
111
89
80
13
33
193
49
2
5
6
2
1
2
239
51
2
1
137
49
86
19
1
1
260
21
1
6
2
2
1
119
2
64
92
4
4
3
4
1
67
23
80
117
5
1
182
29
18
24
28
7
2
3
69
12
172
35
4
1
165
18
8
23
41
3
12
8
2
11
1
1
158
3
59
60
10
3
22
200
47
19
2
1
1
1
112
11
63
81
17
3
4
2
123
27
27
64
27
7
9
3
2
3
1
120
88
71
5
7
2
46
32
62
145
7
1
168
100
9
1
14
1
151
27
73
16
15
1
7
3
74
118
78
2
9
8
4
176
74
43
13
252
13
15
217
4
33
33
4
1
1
91
159
9
30
2
1
1
135
36
6
69
26
12
3
2
3
1
234
30
17
9
1
1
1
174
88
28
3
108
126
27
29
2
1
115
30
54
38
13
22
10
2
5
3
1
56
75
79
7
31
25
19
1
158
84
11
32
2
4
1
1
138
1
146
1
2
3
2
241
6
42
2
1
1
240
39
8
2
2
1
1
17
223
15
10
17
5
3
2
1
188
47
40
8
2
6
2
144
113
6
11
11
5
3
133
74
41
3
34
2
5
1
155
12
43
30
27
18
2
6
185
1
37
5
26
36
1
1
1
266
20
7
71
32
120
26
34
6
1
1
2
140
65
27
42
3
14
2
16
75
197
2
1
2
104
70
4
11
65
37
1
1
163
99
13
9
4
5
153
117
9
9
2
2
1
149
64
53
13
8
5
1
108
87
61
3
16
6
4
8
67
206
16
2
1
1
208
46
23
12
3
1
160
106
25
1
1
260
23
9
1
16
80
159
30
8
200
14
9
15
53
2
148
94
20
5
10
5
4
3
1
1
2
207
23
22
21
8
1
4
4
2
1
52
196
41
2
1
1
255
14
17
5
2
116
117
2
19
21
13
3
2
46
189
41
5
7
5
31
136
83
31
9
3
147
10
110
7
12
2
4
1
1
115
129
7
9
19
13
290
1
1
1
167
56
39
10
12
1
7
1
144
87
14
47
1
58
78
31
104
11
7
4
92
3
111
53
27
6
1
245
29
10
2
1
1
1
3
1
181
84
10
14
3
1
190
52
5
43
2
1
21
241
20
7
3
1
86
181
5
2
4
14
1
210
31
29
16
7
52
220
14
4
3
227
24
4
3
23
5
3
4
110
106
34
31
6
4
2
127
65
84
9
5
2
1
128
39
74
26
6
7
11
1
1
26
4
43
163
47
4
6
191
96
5
1
271
16
4
2
239
29
19
1
2
3
110
148
30
3
2
240
40
3
4
5
1
278
6
4
4
1
271
7
2
6
3
2
2
48
152
74
7
2
9
1
119
158
11
4
1
164
84
3
37
5
137
67
87
2
117
144
14
15
2
1
82
194
15
1
1
163
74
2
14
11
28
1
22
169
99
1
1
1
242
11
14
20
2
1
3
83
20
143
28
11
6
1
1
34
22
209
16
3
6
3
274
4
13
1
1
168
39
38
11
34
1
2
191
66
11
4
21
16
128
32
3
8
87
19
144
71
6
17
28
9
3
7
8
126
8
58
59
30
11
1
29
166
94
4
146
80
6
49
7
5
278
12
3
82
101
97
10
2
1
198
62
30
2
1
Number of elements: 2986
