Bin size: 290
Num of Bins: 484
207
13
12
14
5
12
5
22
252
11
13
14
284
6
157
107
23
3
81
207
2
136
94
12
22
2
5
3
6
1
9
233
11
22
23
1
165
45
12
8
32
10
11
4
2
1
25
100
117
28
6
7
5
2
66
191
12
18
3
85
178
26
1
223
58
4
1
3
1
115
117
47
4
6
1
259
19
8
2
1
1
287
3
273
16
1
210
60
4
5
6
2
3
208
35
16
17
8
6
15
263
6
5
1
78
48
76
15
54
11
5
3
113
6
13
42
72
23
15
6
160
105
23
2
31
154
101
4
279
6
1
2
1
1
225
55
4
5
1
278
3
6
2
1
106
25
103
40
9
4
1
1
1
229
34
7
9
10
1
1
80
68
29
63
33
16
264
3
16
4
1
2
89
195
1
1
4
282
4
1
2
1
105
77
61
42
2
3
53
28
53
50
74
19
9
1
2
1
37
133
63
22
25
6
1
3
187
9
3
51
3
26
11
51
224
12
2
1
108
37
135
8
2
215
33
22
2
12
6
129
155
5
1
65
72
26
8
47
57
8
7
167
116
6
1
148
3
96
3
32
6
1
1
183
45
28
31
2
1
82
176
12
8
6
6
99
87
31
12
24
28
1
8
289
1
103
13
95
41
30
1
5
1
1
210
76
4
123
17
62
73
5
2
1
6
1
40
1
95
27
59
22
22
14
8
2
64
39
31
49
50
1
31
3
12
9
1
146
112
16
6
1
7
1
1
223
26
34
5
2
219
40
19
9
3
236
17
23
11
3
176
3
60
24
24
1
2
234
44
2
6
2
1
1
189
53
30
9
1
8
202
30
15
34
4
3
2
61
168
59
2
48
83
35
91
9
3
8
2
6
4
1
118
98
33
8
8
23
2
211
55
5
5
6
4
1
3
97
165
3
22
3
203
85
2
41
97
97
21
11
20
1
2
124
3
44
2
106
1
8
1
1
235
36
11
8
254
32
1
1
1
1
163
85
26
4
3
4
2
2
1
287
2
1
19
70
95
11
14
57
21
1
2
12
164
92
18
1
2
1
45
89
31
30
74
4
4
11
1
1
180
67
33
4
6
119
162
2
7
265
15
6
1
2
1
197
54
23
3
13
201
82
3
2
2
18
98
170
1
1
2
24
204
14
27
11
2
3
2
2
1
103
122
35
25
3
2
69
120
20
3
7
7
51
9
1
3
135
80
54
10
3
7
1
64
124
16
74
4
7
1
22
245
13
9
1
199
79
2
5
3
2
156
76
51
4
2
1
226
26
12
22
1
1
1
1
98
91
67
15
18
1
88
91
50
61
58
194
12
17
6
2
1
207
16
15
28
17
1
2
3
1
137
117
27
9
258
29
3
34
141
80
14
10
6
2
3
264
18
6
2
247
32
4
1
4
2
92
125
65
4
2
2
201
43
12
27
2
4
1
263
21
6
85
98
50
41
9
4
2
1
34
185
1
37
6
20
1
4
2
215
71
4
225
53
4
7
1
193
64
24
4
3
2
155
45
46
44
204
24
13
1
37
9
2
71
10
158
36
4
10
1
143
69
24
3
3
12
22
5
5
3
1
283
7
261
1
20
5
3
161
7
92
2
8
4
2
7
7
234
55
1
143
83
2
42
20
117
52
7
31
47
17
3
16
200
69
4
2
13
2
197
10
6
18
29
8
5
2
14
1
287
3
70
57
40
72
20
24
7
108
26
127
6
5
8
9
1
237
26
6
10
2
4
4
1
265
12
8
2
1
2
7
65
210
1
7
157
55
32
20
3
7
6
9
1
64
53
101
6
36
30
133
142
8
2
4
1
87
52
84
29
19
9
1
2
1
6
27
82
161
20
179
49
19
38
3
1
1
131
38
4
18
45
33
10
8
1
1
1
109
42
120
19
259
9
2
1
19
210
43
15
21
1
28
87
93
24
51
2
2
3
134
13
23
17
74
27
1
1
69
70
27
123
1
266
8
10
5
1
100
26
91
30
25
9
3
5
1
247
9
2
11
4
17
28
9
133
37
59
3
19
1
1
165
110
7
3
3
1
1
181
10
15
5
61
17
1
12
54
160
10
15
4
13
18
2
2
63
119
83
23
1
1
173
27
27
42
8
1
7
4
1
133
10
1
8
4
34
25
50
12
10
3
267
6
15
1
1
182
37
60
11
170
87
7
3
20
1
1
1
228
14
37
3
4
3
1
127
51
38
47
5
7
9
6
236
54
289
1
110
31
104
30
1
10
3
1
277
12
1
17
43
43
133
49
4
1
221
17
51
1
61
140
76
9
1
3
144
119
2
20
5
218
71
1
182
64
39
4
1
163
92
7
12
7
7
1
1
2
251
24
7
4
2
52
1
195
15
22
4
1
199
82
3
4
1
1
58
166
25
39
2
4
277
4
5
208
55
13
2
1
11
78
91
48
58
4
11
45
75
108
2
1
48
5
1
1
1
3
182
58
28
19
2
1
62
182
46
190
20
53
11
9
3
3
1
122
107
18
22
14
6
1
130
106
14
29
9
1
1
161
13
49
45
7
1
13
1
178
108
1
2
1
226
15
18
27
1
3
167
79
2
14
18
10
207
29
23
8
23
241
47
1
1
153
82
22
11
3
2
5
8
3
1
156
36
48
5
31
9
2
3
158
101
7
23
1
128
37
16
73
22
14
174
39
29
45
3
221
63
3
3
89
5
140
4
22
14
16
125
111
53
1
218
61
6
2
3
161
94
25
10
203
30
37
19
1
117
2
1
26
137
4
1
1
1
18
198
63
8
1
2
80
139
23
24
18
6
213
57
17
3
162
70
38
20
98
140
48
2
1
1
125
133
15
11
6
75
59
156
215
63
3
4
4
1
257
11
18
1
3
212
28
45
2
2
1
251
31
1
5
2
232
9
38
8
1
2
175
46
12
44
11
1
1
155
125
7
1
2
93
160
5
28
2
2
202
84
1
3
139
39
112
238
9
18
25
104
43
138
2
2
1
77
97
38
15
32
29
1
1
124
149
6
4
1
6
150
103
11
13
3
3
7
273
3
2
2
3
5
1
1
270
11
9
116
40
36
8
70
6
8
1
5
30
218
42
215
20
22
20
3
4
2
1
2
1
199
54
34
1
1
1
260
11
13
2
2
1
1
9
184
75
13
3
4
2
184
31
19
54
1
1
112
118
33
13
7
4
2
1
5
186
70
10
8
2
3
6
50
65
126
25
24
184
62
13
21
7
3
239
49
1
1
45
192
31
6
8
4
4
270
5
7
5
1
2
84
141
7
39
7
3
3
2
2
2
174
52
9
3
47
4
1
257
15
15
2
1
188
72
1
13
16
84
28
53
7
114
2
2
135
82
40
26
1
6
71
141
36
13
27
2
58
197
15
9
7
1
1
1
1
238
12
20
6
11
2
1
216
69
2
3
225
5
37
20
3
107
179
2
2
91
34
37
30
51
20
9
14
4
145
99
18
26
2
82
158
43
3
3
1
282
8
126
142
19
1
2
270
12
2
5
1
256
12
4
1
3
10
3
1
207
50
20
10
3
101
148
1
40
140
45
94
6
2
3
118
10
125
4
14
7
5
2
2
2
1
254
2
17
16
1
26
6
189
13
37
15
3
1
283
3
2
1
1
49
67
88
53
23
2
5
1
2
171
56
53
1
2
1
3
3
107
146
6
16
15
89
125
10
28
37
1
181
50
46
2
11
259
13
3
8
1
5
1
75
163
24
7
1
5
14
1
82
164
17
25
1
1
208
11
50
10
1
9
1
283
4
1
1
1
153
31
81
14
1
6
4
23
149
45
12
21
15
11
7
2
4
1
154
97
2
27
1
5
3
1
146
134
8
1
1
90
30
46
83
24
8
7
2
85
186
5
12
1
1
231
31
25
1
2
187
86
14
3
275
15
101
97
57
13
12
2
8
169
95
9
10
1
5
1
77
209
4
120
153
10
5
2
36
75
8
119
48
1
3
8
181
52
25
4
12
7
1
179
100
4
4
1
1
1
209
20
57
1
3
71
71
79
28
39
2
58
112
3
14
94
9
243
28
11
2
1
3
1
1
218
54
7
1
5
3
1
1
104
127
18
14
27
94
178
4
8
4
2
87
2
168
26
5
1
1
120
104
50
14
1
1
290
34
37
39
4
117
13
11
31
3
1
262
10
11
1
2
3
1
40
62
12
60
21
24
22
29
9
10
1
152
105
33
6
88
173
1
17
5
233
21
11
22
1
1
1
262
28
41
144
55
47
3
143
96
12
21
16
1
1
77
182
21
4
2
1
2
1
174
52
54
7
1
1
1
65
40
94
69
10
11
1
86
169
15
12
8
71
203
16
214
62
11
2
1
175
109
6
75
71
14
117
10
2
1
242
1
32
10
5
157
23
41
14
48
7
83
164
39
4
193
24
41
25
3
2
1
1
146
10
122
6
5
1
117
102
33
10
19
9
50
103
106
19
3
8
1
107
179
3
1
226
50
2
11
1
60
39
12
75
90
12
1
1
163
91
17
9
9
1
219
3
43
9
10
6
134
14
65
8
42
20
3
1
2
1
64
2
163
41
13
1
1
1
2
1
1
77
141
67
1
2
1
1
34
62
129
45
19
1
184
16
33
2
47
7
1
101
119
47
23
105
12
91
81
1
35
193
25
4
6
24
2
1
53
2
204
19
12
288
1
1
83
53
12
12
9
11
33
60
14
1
1
1
94
9
134
53
157
65
17
45
3
1
2
1
24
55
116
34
26
10
22
2
183
10
3
3
5
19
35
23
8
1
241
32
9
3
2
1
2
43
169
55
1
21
1
197
83
6
4
146
12
120
7
5
134
102
4
19
10
19
2
150
139
1
158
101
22
2
1
4
1
1
132
3
5
81
9
16
38
4
2
56
30
152
19
15
13
5
270
2
5
7
6
35
23
91
122
4
11
3
1
22
3
221
8
29
3
4
38
156
96
27
215
44
4
9
84
25
44
121
6
1
207
32
14
31
4
1
1
269
6
1
5
6
1
1
1
266
11
9
4
290
188
73
22
7
260
17
5
4
4
181
11
9
78
8
2
1
85
16
48
48
56
22
7
3
2
3
225
62
2
1
208
23
11
37
2
4
5
273
9
4
1
2
1
81
54
154
1
112
65
10
64
29
9
1
262
11
11
6
267
1
3
9
8
1
1
191
84
10
5
133
83
43
24
3
1
1
1
1
106
152
9
5
13
4
1
222
56
7
1
1
1
2
214
29
13
4
22
6
2
3
76
152
32
4
17
6
54
155
24
41
1
14
1
286
4
22
211
54
2
1
224
31
4
25
2
3
1
247
39
2
1
1
214
71
3
1
1
33
198
49
4
6
286
1
1
2
272
6
4
5
2
1
237
43
3
3
4
257
33
26
132
48
33
5
44
1
1
96
3
142
48
1
165
59
51
13
1
1
17
151
81
4
25
1
2
4
1
3
1
189
60
28
2
7
4
84
155
14
4
5
9
15
2
2
162
61
32
13
16
1
2
1
2
275
4
3
6
2
202
63
21
3
1
167
11
76
18
18
116
50
124
16
53
107
83
16
5
5
4
1
268
7
2
4
6
2
1
46
173
30
15
2
5
12
2
5
14
91
98
3
65
1
14
4
285
3
2
260
24
3
3
26
146
118
99
132
6
36
11
4
2
100
102
61
12
12
3
11
195
42
13
26
3
54
24
193
15
2
2
74
30
43
90
13
11
5
6
11
2
4
1
227
34
6
2
15
4
1
1
40
193
5
23
15
11
1
1
1
28
251
7
3
1
224
7
55
1
1
1
1
54
117
97
7
12
3
177
52
61
191
14
72
4
7
1
1
117
127
23
20
2
1
147
135
3
2
1
1
1
88
112
83
5
2
93
129
11
10
19
24
2
1
1
68
23
20
143
10
1
11
1
6
4
2
1
167
61
57
4
1
68
221
1
237
38
9
6
45
148
56
6
6
2
11
15
1
166
106
14
2
2
188
64
3
2
16
4
2
5
1
1
4
56
55
124
31
8
10
4
1
1
49
61
147
29
2
1
1
183
70
29
1
1
4
1
1
64
210
15
1
56
23
107
21
70
12
1
280
5
3
2
152
91
15
10
17
3
1
1
53
2
185
43
5
1
1
128
95
43
3
7
2
11
1
44
219
23
2
1
1
189
94
2
5
271
10
6
2
1
233
33
16
6
1
1
257
28
4
1
235
3
47
1
3
1
49
237
1
1
1
1
42
76
162
8
2
205
45
25
13
1
1
274
1
14
1
194
47
46
2
1
66
113
31
79
1
133
87
49
12
5
3
1
185
39
24
14
5
4
6
5
8
88
158
42
1
1
134
139
7
5
3
2
45
244
1
39
19
63
118
23
3
7
4
9
2
1
2
127
125
1
9
19
4
4
1
24
100
56
59
46
1
3
1
277
4
2
6
1
123
119
1
31
11
1
1
3
240
46
4
192
75
11
10
1
1
18
239
1
24
3
1
3
1
203
60
12
12
2
1
173
78
16
7
3
9
4
45
2
63
71
88
4
8
4
2
2
1
229
42
13
6
105
73
20
23
37
17
5
4
5
1
288
1
1
56
151
58
17
3
5
105
69
99
14
2
1
179
42
10
36
20
3
58
191
20
1
3
9
6
1
1
10
7
79
102
37
49
1
5
74
132
33
51
27
93
19
117
32
1
1
64
102
25
46
36
15
2
186
59
45
24
198
7
58
2
1
184
58
3
32
3
10
100
40
61
49
34
5
1
242
7
20
15
2
1
3
207
82
1
246
8
16
19
1
79
174
26
4
4
1
1
1
152
78
41
7
11
1
Number of elements: 3002
