Bin size: 114
Num of Bins: 465
103
11
40
30
23
8
12
1
82
32
21
62
26
3
1
1
58
50
5
1
66
15
10
16
3
2
1
1
59
8
38
7
1
1
16
23
11
7
36
1
1
14
5
73
23
8
1
6
2
1
20
29
60
2
2
1
25
10
34
7
38
5
26
46
25
3
7
2
43
3
56
7
4
1
7
22
56
13
15
1
42
70
1
1
72
28
5
1
6
1
1
67
5
20
21
1
74
15
8
9
8
82
21
4
5
1
1
4
70
9
14
4
2
3
1
3
1
2
1
96
14
4
25
18
28
38
5
112
1
1
7
80
19
4
4
37
26
10
9
20
2
9
1
87
18
5
1
3
13
8
70
13
6
1
2
1
24
78
11
1
104
5
3
1
1
94
18
2
28
28
42
5
7
2
2
83
28
2
1
62
11
11
10
16
4
56
18
8
18
12
1
1
94
17
1
2
53
28
31
2
96
13
4
1
69
21
8
13
1
2
90
16
3
3
1
1
64
21
22
1
2
4
81
29
2
2
9
34
30
40
1
67
25
18
2
1
1
88
15
4
3
4
100
8
2
3
1
42
41
3
19
3
5
1
76
22
8
4
1
3
19
23
19
9
44
14
92
1
6
1
19
6
54
34
1
8
81
21
3
1
94
16
2
2
26
79
4
3
2
15
15
78
1
5
20
50
30
5
9
28
17
20
38
8
3
61
11
34
1
2
2
3
68
46
94
2
18
83
21
9
1
41
2
3
19
3
20
20
4
1
1
15
78
13
3
5
26
31
24
23
5
1
2
1
1
91
13
6
3
1
103
10
1
18
85
9
2
36
40
29
6
1
1
1
7
24
33
23
21
5
1
77
5
23
1
8
76
19
17
2
7
22
57
13
15
46
58
3
6
1
107
1
2
4
104
5
2
1
2
90
6
9
2
5
2
101
1
6
2
2
2
33
13
37
9
19
1
2
45
21
27
15
4
1
1
110
3
1
27
22
52
6
3
3
1
110
3
1
58
31
18
4
2
1
76
13
21
1
3
61
7
28
16
2
34
59
10
6
4
1
51
58
4
1
112
1
1
37
7
62
8
110
2
2
22
69
23
21
47
9
17
16
4
44
37
1
14
3
4
1
7
2
1
23
57
29
4
1
114
9
25
19
10
41
4
4
1
1
60
54
98
11
4
1
58
16
5
29
1
4
1
50
22
32
9
1
106
1
2
4
1
110
1
2
1
52
33
8
1
12
3
3
2
110
3
1
30
33
16
22
6
3
3
1
24
38
26
21
5
67
18
26
3
35
59
4
13
3
85
11
18
60
5
44
1
1
3
10
72
22
4
2
1
2
1
78
23
2
11
24
56
30
3
1
51
38
21
1
2
1
69
2
36
4
2
1
15
31
3
65
7
62
44
1
90
14
10
106
4
4
110
2
2
77
8
3
19
1
4
2
65
3
28
14
3
1
3
48
15
23
12
1
6
5
1
55
54
2
2
1
102
5
4
1
2
25
66
18
4
1
23
9
79
1
2
45
69
85
26
3
11
59
16
24
3
1
62
5
10
17
19
1
49
27
24
14
30
27
43
3
3
4
3
1
9
86
5
5
4
5
86
11
1
15
1
87
23
1
1
2
75
18
21
106
3
1
4
19
90
5
92
20
1
1
42
20
50
1
1
81
23
10
67
7
6
20
7
4
1
1
1
21
12
24
45
6
6
42
36
23
5
3
2
2
1
1
54
46
4
3
5
1
110
3
1
79
24
5
2
3
1
69
25
12
4
4
72
40
2
40
38
10
17
2
7
90
13
3
6
1
1
55
38
8
11
2
88
16
10
103
5
4
2
47
17
27
16
7
33
34
20
6
6
9
4
1
1
19
3
41
29
2
15
5
74
20
5
14
1
44
8
48
7
2
3
1
1
15
63
26
10
97
17
15
11
27
1
36
3
14
2
2
2
1
18
30
22
20
4
4
14
1
1
29
55
29
1
88
22
4
80
9
5
8
6
2
4
85
10
5
8
1
5
90
23
1
36
68
6
3
1
84
8
4
1
2
7
3
4
1
73
20
18
2
1
34
49
11
5
13
1
1
35
17
46
1
12
2
1
102
12
87
9
8
8
1
1
71
29
4
9
1
28
37
42
3
4
93
5
3
12
1
113
1
96
9
8
1
25
63
14
10
2
55
32
6
20
1
104
10
69
12
31
2
51
40
22
1
55
34
2
19
2
2
84
11
10
6
2
1
91
6
16
1
57
21
30
4
2
100
13
1
69
30
15
26
12
71
3
2
101
1
11
1
41
51
18
4
24
12
72
3
1
2
44
50
13
5
1
1
45
32
2
21
10
3
1
27
25
17
8
30
2
3
2
62
26
25
1
114
47
11
35
21
102
7
3
2
59
25
2
1
6
3
2
15
1
72
38
4
27
18
69
16
46
23
16
9
4
65
24
16
1
5
1
2
80
1
18
14
1
37
32
28
12
2
2
1
40
33
36
2
1
2
9
34
40
26
5
6
81
7
13
1
1
1
4
19
22
1
46
6
1
4
6
1
5
2
1
5
92
15
2
16
90
5
2
1
7
82
6
10
8
1
50
11
46
3
2
2
42
72
20
44
37
10
1
2
42
25
19
27
1
83
19
11
1
101
8
2
3
79
32
2
1
5
30
18
17
17
3
20
3
1
77
8
27
1
1
77
21
9
3
2
1
1
59
55
86
11
11
6
97
6
11
62
44
3
4
1
71
27
2
2
12
20
22
17
48
3
4
82
1
30
1
75
12
14
5
3
1
3
1
98
5
9
2
85
16
3
7
3
16
50
44
3
1
65
12
37
47
26
27
14
3
82
1
18
2
2
2
3
1
113
1
108
2
2
2
22
35
16
37
3
1
111
1
2
62
19
8
11
5
7
1
1
84
25
4
1
2
102
7
3
91
22
1
14
92
4
2
1
1
105
4
4
1
26
70
6
10
1
1
105
6
3
39
9
57
3
1
5
6
25
81
1
1
47
29
14
15
7
2
92
17
1
2
1
1
104
9
1
113
1
54
40
8
8
3
1
76
34
4
20
14
4
22
14
39
1
15
14
76
4
4
1
9
66
18
18
1
1
1
8
68
15
8
1
5
1
6
2
20
30
32
19
8
2
1
1
1
15
72
27
52
7
13
2
27
3
6
4
60
19
29
2
3
1
109
3
1
1
32
11
42
3
16
2
6
2
72
29
6
7
95
8
6
2
1
2
5
75
31
1
1
1
89
13
6
1
1
2
2
94
4
13
3
9
69
15
17
2
1
1
92
19
2
1
30
26
15
3
35
2
3
62
10
18
10
7
5
1
1
44
37
10
18
3
1
1
100
1
9
3
1
1
74
34
3
2
87
21
2
2
2
22
15
10
66
1
90
17
4
1
1
1
79
2
20
1
9
2
1
14
59
14
16
5
2
2
1
1
104
3
3
4
74
21
10
1
8
38
7
24
39
2
3
1
30
23
9
40
7
3
1
1
75
32
2
4
1
96
16
2
90
10
3
6
2
3
113
1
76
9
23
3
1
2
16
70
21
2
4
1
73
18
17
4
1
1
26
70
13
2
3
64
9
39
1
1
36
28
33
4
4
1
4
3
1
98
13
3
100
1
9
4
101
11
1
1
62
9
36
6
1
81
15
8
5
5
60
29
23
1
1
104
4
2
2
2
63
29
10
11
1
85
20
6
2
1
35
27
48
3
1
78
30
4
2
68
16
10
7
3
8
2
93
5
16
13
101
28
3
15
24
3
40
1
82
31
1
96
15
1
2
114
80
24
10
95
5
4
8
2
69
5
17
22
1
89
8
3
2
4
1
1
4
1
1
44
52
3
4
2
1
2
2
4
25
85
4
11
25
54
16
7
1
40
6
63
2
1
2
56
32
12
8
2
2
1
1
110
4
27
3
28
46
5
4
1
4
68
21
19
2
97
9
3
4
1
95
9
7
2
1
83
29
1
1
89
19
1
1
2
1
1
112
2
57
20
23
8
5
1
70
15
25
4
96
11
4
2
1
96
6
5
4
1
2
12
41
61
19
71
22
2
48
66
7
80
24
1
1
1
70
29
3
7
1
4
98
5
9
2
17
31
32
32
2
19
67
12
6
7
1
1
1
44
43
5
2
8
9
1
1
1
48
8
52
1
1
1
3
63
22
23
1
2
3
22
15
30
12
21
8
2
3
1
55
41
5
8
4
1
75
35
2
2
102
8
4
42
41
29
2
106
5
1
2
63
22
24
3
2
67
14
10
23
7
36
21
31
9
6
2
2
68
11
3
29
2
1
24
41
6
14
26
3
76
15
6
13
3
1
96
12
5
1
76
20
17
1
6
30
2
42
19
5
1
4
5
89
2
13
10
55
21
27
6
2
2
1
5
32
58
7
10
2
111
1
2
102
9
2
1
18
39
8
9
40
90
15
7
1
1
103
8
2
1
78
24
10
2
1
17
51
5
8
25
2
4
1
73
33
2
3
3
18
71
6
14
5
12
12
21
3
7
43
10
3
1
2
16
22
43
31
2
79
10
24
1
109
3
1
1
63
6
43
1
1
48
38
25
3
82
1
31
76
11
15
7
3
1
1
33
38
31
5
4
3
106
6
2
60
17
36
1
15
41
42
15
1
83
23
1
5
1
1
18
73
16
2
1
4
19
86
4
5
64
28
7
10
2
1
2
93
1
9
7
3
1
39
62
12
1
104
4
1
4
1
7
19
60
4
17
3
1
1
1
1
37
61
1
15
38
75
1
23
29
17
31
13
1
34
72
7
1
48
6
34
18
7
1
48
22
10
34
60
51
3
77
12
5
8
9
2
1
66
29
18
1
108
5
1
23
46
36
8
1
9
27
53
17
6
1
1
41
66
7
32
47
7
9
11
8
110
3
1
81
18
13
2
23
67
4
19
1
14
40
48
2
2
1
3
1
1
1
1
49
54
10
1
61
8
3
17
14
7
3
1
106
2
2
1
2
1
16
83
13
2
25
89
18
9
25
23
32
6
1
109
4
1
24
86
3
1
12
75
15
9
2
1
75
33
5
1
85
21
4
4
65
27
1
7
8
2
3
1
44
30
18
10
3
9
62
25
2
13
7
5
14
78
14
1
2
2
1
1
1
37
68
5
1
1
2
81
4
11
1
3
14
36
51
16
8
2
1
53
56
3
2
83
24
7
45
53
15
1
26
65
3
2
5
8
4
1
6
91
4
9
1
1
1
1
60
2
43
2
1
6
57
53
3
1
5
61
41
1
1
1
3
1
71
33
4
2
3
1
98
16
53
58
1
2
113
1
108
5
1
82
16
2
14
99
3
6
5
1
107
4
2
1
46
33
32
2
1
18
68
14
14
6
4
7
71
23
2
1
23
57
12
5
15
1
1
13
8
85
8
67
23
7
16
1
4
2
31
17
40
12
6
1
1
31
6
68
8
1
85
23
3
3
42
49
2
1
14
6
12
17
5
25
28
26
1
111
3
43
10
35
22
2
1
1
97
10
3
4
112
1
1
Number of elements: 2431
