Bin size: 285
Num of Bins: 446
99
102
22
13
26
5
4
6
6
1
1
152
21
12
49
23
4
4
14
3
3
98
38
27
115
2
5
196
70
1
1
6
9
2
164
48
35
24
1
10
2
1
118
158
7
2
187
65
18
14
1
207
39
32
5
2
187
64
18
6
8
2
248
32
5
77
151
38
16
3
129
57
31
39
9
14
5
1
190
26
48
2
7
9
2
1
92
82
65
42
3
1
285
250
34
1
147
119
5
1
5
6
2
230
39
10
5
1
72
77
15
53
19
25
18
5
1
127
119
18
17
4
57
141
59
6
21
1
284
1
251
21
11
2
99
133
24
16
10
2
1
117
105
49
6
4
3
1
265
2
5
4
6
3
232
49
4
72
93
86
33
1
64
191
26
2
2
281
1
2
1
156
104
21
1
1
2
277
3
5
146
87
41
9
2
26
243
9
3
4
135
70
72
8
93
31
137
1
9
2
7
1
3
1
194
82
5
4
170
78
31
3
2
1
108
144
21
5
1
2
3
1
209
25
34
12
4
1
6
117
74
50
19
2
1
15
1
194
38
13
38
1
1
90
99
20
65
2
6
3
230
21
32
1
1
268
6
3
7
1
186
11
77
11
197
52
23
3
9
1
284
1
236
36
7
3
1
1
1
24
204
20
16
19
2
238
44
2
1
225
60
113
16
145
7
3
1
200
11
28
9
36
1
170
59
44
3
6
2
1
284
1
279
6
121
9
103
14
23
4
11
243
37
5
52
210
21
2
9
131
57
30
55
2
1
130
109
21
4
11
2
8
101
175
9
74
106
90
1
12
2
15
122
35
105
6
2
84
55
60
52
12
12
1
9
194
80
5
2
4
166
29
20
1
69
261
3
7
11
2
1
131
17
6
73
55
3
176
13
86
9
1
242
31
3
1
4
2
1
1
108
36
45
34
32
22
8
56
43
59
7
60
36
24
243
19
2
10
2
3
6
161
75
33
5
8
1
2
33
83
25
119
11
13
1
274
6
3
1
1
279
3
3
271
10
1
2
1
150
33
53
14
3
2
15
7
8
88
49
91
51
6
284
1
230
19
24
6
1
4
1
162
77
45
1
136
118
22
7
1
1
151
56
13
8
57
34
101
47
77
2
17
2
3
2
213
35
18
14
2
1
1
1
51
115
18
61
13
22
1
2
1
1
95
152
19
18
1
127
136
21
1
185
24
31
33
8
2
1
1
120
70
51
13
30
1
48
96
68
64
7
2
98
61
66
43
15
1
1
164
98
12
9
1
1
16
114
19
33
103
210
55
19
1
171
95
9
4
5
1
194
75
6
9
1
107
145
9
17
3
1
1
1
1
130
56
7
39
36
2
15
193
31
31
9
4
8
8
1
159
72
5
1
9
15
5
9
2
3
5
101
111
37
22
12
2
63
216
4
1
1
152
87
14
15
14
2
1
222
1
54
7
1
74
28
153
15
3
4
1
5
1
1
126
92
59
7
1
152
2
76
47
3
5
176
32
62
2
4
7
2
218
40
18
7
1
1
88
93
83
5
8
3
3
2
133
27
14
28
46
16
14
6
1
154
64
44
6
4
11
2
231
1
20
18
9
2
4
72
139
29
9
17
12
3
1
1
2
237
37
7
2
2
157
56
28
12
31
1
214
24
15
8
9
10
1
3
1
28
121
109
19
3
5
77
95
108
1
2
1
1
159
122
3
1
44
4
207
26
4
34
121
16
36
14
60
2
2
35
228
13
3
3
2
1
141
120
1
22
1
200
49
15
19
1
1
230
18
32
1
4
85
20
115
2
33
3
17
2
8
270
6
7
1
1
78
106
101
28
225
11
10
5
4
1
1
93
182
3
1
4
2
140
73
13
33
3
16
5
1
1
80
98
106
1
55
115
100
2
9
1
3
100
81
72
5
16
1
8
2
84
197
4
193
47
38
7
156
61
24
7
10
14
5
5
3
186
34
1
32
29
3
26
239
6
6
7
1
84
148
53
43
152
75
7
1
4
1
2
22
47
175
5
9
24
1
1
1
37
106
58
82
2
259
24
2
21
234
26
1
2
1
196
20
33
34
2
169
39
25
24
3
1
4
4
8
7
1
94
179
5
5
1
1
58
175
13
15
17
3
4
171
71
33
8
2
260
13
1
11
258
6
11
8
2
181
103
1
202
56
20
2
3
1
1
94
107
48
10
22
2
1
1
83
125
68
4
1
2
2
116
4
11
15
107
32
17
128
3
94
15
7
20
1
248
6
13
13
4
1
267
10
8
253
4
26
2
103
21
158
3
274
11
11
161
93
5
3
4
5
2
1
214
65
3
3
101
64
87
18
12
2
1
225
16
13
6
21
4
36
208
10
25
4
2
123
6
75
55
26
82
157
25
18
1
2
53
54
169
3
4
2
91
81
82
13
16
2
282
1
1
1
121
32
12
28
65
15
12
166
10
37
34
6
10
7
5
7
1
2
214
5
26
13
16
4
4
2
1
274
7
1
2
1
219
5
17
33
4
5
1
1
225
4
1
41
4
2
7
1
167
13
62
29
9
1
1
1
1
1
87
108
61
7
18
1
1
1
1
259
19
5
2
151
19
24
76
7
6
2
56
6
145
70
7
1
249
22
5
5
1
2
1
139
25
15
86
20
260
4
14
4
3
42
207
31
2
1
1
1
57
87
71
61
2
5
1
1
191
75
2
2
5
2
3
4
1
207
78
106
127
10
5
31
5
1
159
71
20
33
1
1
36
199
46
2
1
1
141
37
49
32
18
4
1
2
1
157
14
103
5
2
3
1
196
7
46
21
2
7
5
1
256
13
11
4
1
12
43
99
106
24
1
35
75
86
10
25
31
11
3
2
5
2
126
42
103
7
1
4
1
1
125
150
3
4
3
239
4
41
1
143
49
5
59
15
2
12
97
171
12
1
1
3
29
117
47
77
6
8
1
67
204
4
6
2
1
1
5
252
27
1
2
86
109
59
21
2
2
3
1
172
20
61
14
10
1
5
1
1
63
138
74
8
1
1
159
104
18
2
1
1
158
91
24
5
3
1
1
1
1
132
107
41
4
1
96
150
14
14
1
4
1
4
1
285
39
131
34
51
27
1
1
1
188
80
16
1
212
26
16
1
24
6
204
42
23
3
12
1
28
253
1
2
1
235
19
8
17
3
1
1
1
210
23
14
34
3
1
223
31
30
1
138
33
111
1
2
111
83
6
44
35
6
162
104
1
7
10
1
228
9
7
23
9
9
214
21
33
2
12
3
72
62
111
10
30
6
177
30
30
23
7
10
2
265
14
1
3
2
94
88
38
49
13
1
1
1
158
71
25
4
14
12
1
71
161
41
10
1
1
285
210
31
24
4
13
3
71
170
10
15
11
8
185
61
25
8
5
1
45
176
23
34
6
1
223
30
30
2
223
3
55
4
279
3
2
1
238
19
17
3
7
1
10
229
42
2
2
83
128
12
53
6
3
216
58
4
1
6
115
117
41
1
5
2
1
1
2
213
6
28
5
5
3
10
7
7
1
208
43
12
5
7
1
5
3
1
145
113
4
4
3
8
8
193
56
21
7
3
4
1
119
81
33
41
6
5
274
11
57
122
105
1
278
1
1
2
3
164
51
19
21
2
18
4
3
3
86
130
20
30
6
1
8
1
2
1
178
50
18
38
1
45
177
1
1
24
30
4
2
1
108
23
79
21
40
5
6
3
270
13
1
1
120
13
120
5
7
4
12
4
171
53
33
4
22
1
1
142
140
2
1
44
240
1
84
29
166
2
1
1
1
1
284
1
239
36
6
3
1
63
146
74
2
139
91
49
5
1
156
118
6
5
149
28
67
3
29
2
6
1
68
15
35
77
86
3
1
184
92
6
3
125
26
98
8
12
12
1
1
2
237
34
14
108
105
20
24
16
5
1
4
1
1
184
8
42
50
1
103
132
38
1
7
2
1
1
80
11
106
71
15
1
1
60
163
52
9
1
279
6
198
83
1
2
1
107
48
29
32
67
1
1
136
120
29
34
89
156
4
2
132
22
104
4
18
5
235
14
32
2
2
263
22
223
25
4
4
11
13
2
2
1
167
74
38
5
1
45
98
113
15
2
4
2
3
2
1
185
46
20
14
4
9
3
2
1
1
123
75
38
39
8
2
23
246
16
49
62
119
23
27
2
1
2
192
8
44
29
12
241
25
17
1
1
5
214
10
52
2
2
226
20
36
3
264
2
18
1
181
63
10
2
16
6
4
3
73
70
33
44
21
14
21
1
5
3
154
5
37
89
239
41
2
1
2
206
21
37
13
4
4
77
131
10
33
29
5
5
185
45
46
3
1
24
39
21
130
42
21
2
2
1
2
1
103
110
26
11
15
8
2
4
2
3
1
145
78
15
20
11
5
11
219
23
6
20
6
6
5
166
1
3
98
8
7
1
1
233
34
16
1
1
232
1
21
18
2
9
2
228
12
17
14
2
1
11
279
5
1
87
40
155
3
225
55
2
1
1
1
232
4
40
7
2
70
211
4
258
11
11
4
1
276
6
1
2
91
90
42
22
35
1
1
3
196
15
33
10
29
1
1
101
154
1
20
8
1
129
134
19
3
165
18
78
1
2
4
10
1
5
1
22
92
25
110
8
7
4
11
4
1
1
14
217
24
17
6
5
1
1
30
21
62
63
98
4
5
1
1
16
165
40
16
9
11
24
3
1
225
1
51
5
3
76
90
13
73
1
12
6
12
1
1
96
82
49
7
44
5
1
1
201
3
1
61
14
5
192
1
31
41
9
10
1
198
53
4
2
24
2
2
192
3
78
4
2
5
1
189
53
13
27
2
1
183
36
54
3
7
1
1
224
45
15
1
203
69
7
5
1
52
230
3
12
13
177
23
15
37
1
6
1
264
9
2
3
4
1
1
1
135
59
59
11
2
11
3
2
1
1
1
102
105
45
18
11
4
212
9
8
38
7
9
2
229
19
8
8
9
4
6
2
130
136
2
15
2
278
5
2
141
135
7
1
1
27
29
101
45
41
32
4
2
1
3
95
68
9
9
41
45
17
1
250
30
2
2
1
208
29
9
37
1
1
228
9
24
8
16
247
5
11
4
17
1
43
79
141
2
2
4
3
10
1
24
252
3
2
4
40
152
12
78
3
241
39
2
1
1
1
81
71
56
25
45
4
3
183
90
11
1
42
193
1
42
6
1
123
34
89
17
12
1
4
4
1
107
70
7
25
67
2
1
6
254
13
1
11
3
2
1
280
4
1
198
76
4
3
1
1
2
105
122
36
14
2
2
1
2
1
281
1
2
1
84
141
60
153
58
15
46
1
4
8
135
60
55
21
4
8
1
1
69
151
24
39
1
1
256
23
4
2
179
23
19
57
1
1
4
1
249
19
14
2
1
115
112
5
29
6
12
5
1
279
6
77
87
58
1
49
8
2
1
2
184
89
1
8
2
1
161
38
72
1
2
4
5
2
213
9
31
17
14
1
110
72
91
10
2
237
39
2
5
2
164
11
70
1
38
1
83
83
105
2
5
7
124
119
15
25
1
1
122
158
5
64
150
10
22
7
26
5
1
152
61
23
19
30
58
116
17
7
5
76
2
3
1
123
161
1
107
32
142
1
2
1
155
51
63
10
1
1
3
1
13
125
5
2
44
74
7
7
3
3
2
54
44
178
3
4
2
2
59
89
39
18
15
5
52
2
3
1
40
83
148
10
1
3
51
214
3
13
3
1
25
80
47
93
16
8
15
1
36
181
16
40
9
1
2
20
15
121
45
40
21
5
7
10
1
141
74
46
16
7
1
217
63
3
1
1
184
88
5
3
3
1
1
87
105
71
1
7
6
4
1
3
217
15
36
9
2
4
1
1
107
31
115
21
10
1
225
49
7
1
2
1
164
85
11
17
3
5
261
2
12
5
3
1
1
192
26
53
12
1
1
121
12
18
30
13
82
7
1
1
78
90
27
13
26
25
20
2
4
113
141
24
5
1
1
72
46
64
6
79
5
1
12
21
184
44
23
5
3
2
3
120
47
88
10
19
1
137
54
47
28
8
9
1
1
53
2
25
114
43
3
32
5
7
1
127
94
16
32
3
5
4
3
1
255
21
1
3
4
1
110
88
76
5
3
2
1
233
33
10
7
2
124
15
38
77
12
10
9
191
55
14
12
2
2
9
175
84
16
6
2
1
1
232
34
4
15
281
4
138
66
7
49
10
13
2
22
161
31
64
3
4
167
70
12
23
6
2
5
13
54
187
14
13
3
1
175
24
81
3
2
196
10
25
33
20
1
Number of elements: 2773
