Bin size: 120
Num of Bins: 313
100
3
10
2
1
4
7
30
32
49
2
72
12
34
2
96
24
25
57
26
2
6
1
3
45
74
1
40
67
5
2
2
3
1
5
63
48
3
1
54
64
1
1
70
13
28
7
2
57
40
23
44
41
32
1
1
1
4
79
2
11
5
8
7
4
40
58
15
3
4
119
1
38
52
17
3
2
1
4
1
1
1
54
29
6
6
24
1
119
1
16
51
13
3
35
2
27
16
61
1
8
7
14
106
64
48
2
3
1
2
90
27
1
2
76
34
4
1
4
1
82
34
3
1
73
36
10
1
16
63
32
6
3
4
49
10
53
4
110
1
2
4
2
1
93
13
13
1
33
64
3
20
91
29
20
9
57
17
10
7
26
56
17
7
8
4
1
1
110
4
6
44
70
4
2
26
50
8
18
16
2
119
1
81
7
8
3
20
1
7
5
58
28
14
8
14
10
16
3
15
5
26
20
2
7
1
1
2
94
9
10
1
2
2
29
43
11
37
63
36
6
7
3
3
1
1
35
81
3
1
107
8
3
2
3
37
53
11
10
4
2
107
3
4
1
4
1
17
94
7
1
1
61
36
2
20
1
41
75
1
3
101
3
11
2
2
1
14
16
34
33
14
2
6
1
107
10
1
2
80
32
2
2
4
117
2
1
76
7
26
9
2
28
27
56
2
5
2
41
75
4
116
1
3
36
76
2
1
5
71
23
6
17
3
89
30
1
28
64
14
14
21
30
39
28
2
114
3
3
49
69
2
2
49
65
4
120
38
79
1
1
1
10
46
38
18
6
2
9
100
1
4
3
2
1
66
4
11
23
5
11
59
24
16
4
7
7
3
21
66
16
7
5
1
1
3
106
7
5
2
1
7
87
7
11
6
1
54
15
20
27
3
1
81
18
2
9
10
31
88
1
106
9
1
3
1
50
29
10
19
12
75
44
1
86
9
22
3
18
87
8
6
1
20
21
27
38
13
1
62
40
11
6
1
43
71
6
77
23
4
1
12
3
96
3
11
5
3
1
1
103
16
1
84
28
5
2
1
79
21
2
8
3
2
2
3
7
40
53
17
2
1
65
45
3
7
9
49
39
15
6
1
1
40
41
17
6
16
114
3
1
1
1
75
43
1
1
58
3
58
1
3
18
6
63
15
7
2
6
50
36
5
25
4
77
39
3
1
38
8
37
12
7
14
4
50
42
17
4
7
45
62
13
96
3
7
6
8
95
16
5
2
2
48
70
2
10
95
5
3
1
6
103
2
2
7
3
3
55
32
10
16
7
12
62
13
21
8
4
25
66
26
3
113
4
2
1
23
50
40
6
1
20
8
39
26
6
17
1
2
1
118
1
1
49
10
35
26
21
61
17
15
3
1
2
69
44
4
2
1
18
97
2
3
112
5
2
1
104
10
4
2
98
22
98
22
60
37
11
3
8
1
68
23
1
8
13
5
1
1
71
42
2
1
4
88
11
20
1
90
28
1
1
101
10
1
6
2
5
110
3
1
1
5
115
44
69
7
19
65
30
2
1
2
1
32
83
5
94
3
18
1
3
1
25
37
28
2
3
7
7
2
5
4
117
3
4
73
8
18
6
9
1
1
35
10
72
1
1
1
47
18
18
20
9
5
1
1
1
81
14
10
7
4
4
52
42
13
9
2
2
92
10
6
11
1
6
41
29
9
35
40
31
10
10
1
17
11
118
1
1
39
21
57
3
10
21
55
13
16
1
1
3
114
6
88
26
5
1
95
20
4
1
67
44
2
1
5
1
68
22
6
11
6
6
1
49
3
65
1
2
102
6
4
5
3
43
16
60
1
91
11
17
1
112
1
4
2
1
52
60
4
1
1
2
88
26
1
1
2
1
1
25
1
16
28
9
34
1
4
1
1
63
15
31
3
7
1
34
22
61
2
1
93
14
3
9
1
81
27
7
3
1
1
119
1
73
14
28
5
81
4
4
22
7
1
1
8
50
52
3
3
1
3
11
14
40
39
14
1
1
40
49
14
13
3
1
2
2
74
19
16
2
5
9
22
41
25
5
13
3
1
1
58
37
4
5
11
2
1
2
35
53
2
21
1
1
2
4
1
5
91
7
4
4
7
2
25
79
14
2
3
26
7
26
28
18
5
7
10
27
17
39
16
2
1
1
5
2
56
29
10
13
6
6
105
12
1
2
2
35
21
10
43
9
96
7
5
12
92
19
2
7
60
5
52
1
2
8
56
22
11
5
14
3
1
104
3
4
9
25
31
49
3
7
4
1
18
12
40
46
4
89
8
4
1
15
1
1
1
57
5
33
7
7
8
1
1
1
29
42
37
10
1
1
108
7
3
2
80
19
17
1
2
1
31
50
26
2
9
1
1
70
37
11
1
1
69
22
9
3
6
9
2
61
52
1
3
1
2
6
31
32
5
35
6
3
2
24
35
8
30
22
1
5
22
79
3
4
7
117
2
1
61
47
5
2
2
1
2
47
15
48
1
5
2
2
111
2
4
3
81
34
5
62
31
6
13
8
108
11
1
108
7
2
2
1
43
10
65
2
36
28
22
21
8
2
1
1
1
64
44
9
1
2
103
6
10
1
73
2
23
6
6
3
2
3
2
118
1
1
44
18
11
12
18
11
5
1
64
36
8
5
4
1
1
1
64
51
4
1
8
77
26
4
5
17
78
12
10
2
1
8
54
10
17
26
2
3
17
43
44
10
6
37
46
2
31
4
31
33
8
14
16
14
4
101
4
6
3
4
1
1
71
22
8
10
4
2
3
46
73
1
92
20
7
1
75
24
13
3
5
21
70
6
2
19
1
1
75
42
1
2
51
14
16
5
21
11
2
48
44
20
8
94
25
1
65
6
20
6
3
13
1
5
1
103
17
61
44
14
1
40
45
23
12
88
19
12
1
11
92
2
6
3
2
3
1
9
95
9
2
4
1
11
69
4
4
31
1
12
98
4
6
47
41
21
5
2
4
29
35
5
15
12
24
115
1
2
1
1
40
7
73
102
1
2
2
9
2
2
117
2
1
70
12
4
20
5
3
1
2
2
1
77
35
8
81
38
1
40
24
54
2
84
9
12
7
8
69
23
18
2
2
4
1
1
95
23
2
2
83
27
2
5
1
106
7
6
1
55
49
14
1
1
6
77
1
34
2
86
29
3
1
1
50
21
9
23
11
2
4
11
61
8
36
1
1
2
73
4
8
23
7
4
1
38
25
16
8
26
1
4
2
85
32
3
2
90
28
118
2
101
11
8
10
108
1
1
74
32
7
3
3
1
108
8
2
1
1
95
14
7
2
1
1
21
67
20
12
89
18
7
6
49
37
3
11
8
3
2
7
102
9
6
1
2
60
6
53
1
101
13
1
5
98
5
12
5
45
13
31
9
6
8
4
1
3
40
61
18
1
89
7
4
6
13
1
16
89
4
2
1
3
1
3
1
111
4
5
9
96
4
5
4
2
36
15
54
8
5
2
29
16
73
2
2
62
33
10
13
92
22
6
87
14
15
1
2
1
39
79
1
1
70
30
12
2
3
2
1
5
80
31
3
1
48
60
12
82
2
25
3
8
91
17
3
5
2
1
1
7
1
81
18
5
8
54
40
20
1
5
25
56
14
1
10
6
5
2
1
114
5
1
87
30
1
2
69
34
1
14
2
84
27
9
83
33
1
1
2
104
9
3
1
3
81
39
49
18
14
30
5
3
1
75
38
6
1
66
40
14
Number of elements: 1642
