Bin size: 212
Num of Bins: 475
22
179
11
65
129
1
12
1
3
1
91
2
65
18
15
15
1
2
1
2
178
2
7
3
18
4
95
104
4
8
1
59
124
3
4
18
2
1
1
140
47
21
1
3
40
71
62
26
4
6
3
104
103
4
1
102
25
67
10
1
4
2
1
154
13
45
211
1
73
80
31
13
2
12
1
2
60
69
8
29
39
5
25
154
12
4
13
4
169
12
5
26
84
90
17
4
17
114
68
14
8
1
4
2
1
204
3
1
1
3
70
129
4
3
3
3
8
171
17
11
5
76
49
84
1
1
1
46
27
6
38
50
45
76
107
11
5
5
8
16
100
53
25
16
2
140
58
11
1
2
159
6
41
3
1
2
136
65
9
2
141
19
49
2
1
161
5
42
4
108
65
21
13
2
1
1
1
144
33
32
1
1
1
58
25
125
2
1
1
42
154
12
1
3
51
129
30
2
16
182
8
5
1
1
175
13
21
1
1
120
40
3
5
34
10
181
26
5
117
70
18
6
1
4
127
37
1
43
117
94
1
49
111
20
5
4
11
8
1
1
1
1
47
58
90
11
4
2
159
40
1
12
85
104
22
1
79
50
7
67
3
1
3
2
100
51
41
14
4
1
1
172
18
8
1
2
1
9
1
190
11
8
2
1
83
51
72
1
5
174
22
2
1
5
8
106
94
11
1
8
106
47
47
4
66
17
125
4
117
67
4
23
1
162
20
1
11
18
27
46
4
83
9
11
18
2
11
1
201
8
3
146
42
16
8
164
25
5
11
3
1
1
2
59
48
100
2
2
1
23
60
24
82
16
7
42
30
84
28
8
8
11
1
60
71
60
2
17
1
1
136
15
50
7
1
3
13
9
33
32
37
57
2
24
5
179
9
17
1
3
1
1
1
201
2
7
1
1
47
81
84
200
3
4
3
1
1
180
16
7
7
1
1
174
31
5
2
198
11
1
1
1
210
1
1
116
40
21
1
21
5
6
1
1
5
125
27
38
17
94
81
23
10
3
1
196
8
4
4
11
168
21
4
3
2
3
15
49
26
11
49
54
1
2
4
1
158
49
4
1
115
76
9
7
3
1
1
1
176
25
8
1
1
121
2
78
2
8
1
156
28
21
7
129
30
28
22
3
13
117
66
1
12
3
188
14
3
6
1
199
8
3
2
186
8
16
1
1
28
160
14
2
8
116
56
3
25
7
4
1
122
70
7
9
1
1
2
207
2
3
140
50
9
4
7
2
198
1
13
9
53
120
9
17
4
81
84
27
20
7
159
27
3
5
10
1
62
121
24
5
40
130
29
12
1
107
38
44
9
2
12
20
67
118
6
1
14
93
40
15
26
13
11
122
29
2
26
10
16
3
3
1
29
107
4
39
11
22
120
12
7
72
1
131
67
8
3
2
1
54
32
91
14
14
3
3
1
35
139
6
13
10
8
1
130
64
10
1
4
3
16
83
24
16
35
34
3
1
98
114
178
19
1
9
4
1
137
26
44
1
4
63
104
32
5
4
3
1
12
164
23
1
8
2
2
97
89
3
12
10
1
176
25
11
200
8
3
1
9
8
138
17
8
1
10
3
10
1
2
3
2
25
41
117
12
17
192
1
6
7
2
2
1
1
159
17
36
98
114
5
167
11
25
2
1
1
188
4
9
1
8
1
1
107
69
28
2
1
1
3
1
102
56
20
29
3
2
2
67
61
30
21
26
5
143
7
61
1
197
2
2
8
3
95
34
48
10
24
1
204
5
3
133
49
28
1
1
196
11
4
1
187
13
6
4
1
1
26
103
68
12
2
1
87
110
2
8
2
2
1
177
6
17
9
1
1
1
9
94
76
6
22
4
1
207
3
1
1
29
154
29
203
1
5
2
1
146
7
13
18
5
19
3
1
154
52
5
1
143
57
5
4
1
1
1
211
1
27
146
33
1
1
1
2
1
180
29
3
145
67
69
66
17
19
5
29
4
2
1
191
3
14
1
3
139
51
21
1
23
90
54
22
20
1
2
57
103
48
2
1
1
197
12
3
111
94
4
2
1
182
23
5
2
186
19
1
3
2
1
198
5
4
1
1
1
1
1
42
92
67
8
2
1
208
3
1
17
101
58
33
1
1
1
54
99
52
3
2
1
1
138
12
18
5
25
2
9
2
1
188
6
7
8
1
2
140
12
57
2
1
85
53
10
28
33
1
1
1
125
73
5
5
1
3
165
26
1
2
2
8
5
2
1
80
13
58
9
34
4
10
4
32
178
1
1
110
54
6
33
6
3
21
34
71
36
15
5
2
20
5
3
89
110
6
1
4
1
1
181
28
1
2
80
41
21
37
28
5
207
3
2
28
146
35
1
2
8
199
2
3
183
6
13
1
8
1
131
41
32
7
1
152
57
2
1
114
74
19
4
1
186
2
23
1
189
6
8
7
2
207
4
1
130
50
22
2
2
2
2
2
118
69
18
4
1
2
51
98
16
37
5
3
2
100
10
79
3
1
12
1
6
137
35
10
11
1
16
2
5
207
68
137
3
4
211
1
59
35
30
19
2
65
2
51
21
29
69
16
8
7
7
4
141
35
22
11
2
1
148
55
1
5
3
52
5
6
78
40
9
11
10
1
146
8
41
4
11
1
1
149
62
1
5
79
66
21
6
28
1
1
1
2
1
1
34
111
31
7
21
5
3
115
57
19
7
9
2
3
99
41
70
1
1
31
27
42
74
28
6
4
111
38
15
37
7
3
1
96
103
3
5
2
2
1
126
4
44
19
4
1
6
3
5
81
53
73
4
1
43
110
57
1
1
166
36
3
5
1
1
27
61
23
87
4
10
181
6
22
1
1
1
138
43
31
188
17
1
1
2
1
1
1
65
133
13
1
208
3
1
132
59
17
2
2
200
11
1
184
20
6
1
1
1
161
4
37
9
33
116
44
12
2
3
1
1
2
209
1
15
11
141
12
27
2
4
65
121
23
3
122
68
16
4
2
194
13
3
1
1
17
147
19
17
3
1
5
1
2
54
95
30
21
2
6
3
1
74
100
1
8
13
7
5
2
1
1
168
13
20
6
2
3
11
106
71
17
5
2
207
4
1
136
25
36
8
4
3
166
37
6
1
2
7
19
42
110
21
5
8
26
16
27
136
7
131
53
5
23
114
47
38
2
10
1
65
135
11
1
12
108
68
4
13
2
2
2
1
200
9
3
31
44
120
6
8
3
171
34
2
1
2
2
119
58
29
1
4
1
191
16
3
1
1
92
106
7
4
3
12
112
23
22
40
3
88
36
50
1
14
4
2
5
9
3
165
5
5
13
12
3
2
4
2
1
131
44
28
2
2
4
1
22
36
125
24
3
1
1
61
44
78
27
2
82
29
39
39
14
8
1
47
122
28
4
2
2
7
197
15
85
9
24
43
3
35
1
3
5
4
34
47
82
33
6
4
2
2
2
5
130
30
17
18
11
1
181
3
13
6
6
3
145
3
32
21
3
2
4
1
1
149
36
11
7
1
2
4
1
1
52
87
29
6
17
10
4
7
167
6
34
2
2
1
68
67
60
12
1
1
3
60
60
56
4
9
14
1
5
2
1
15
137
42
11
6
1
47
30
89
33
13
98
40
52
11
10
1
190
8
3
10
1
194
7
7
2
2
158
12
10
9
8
1
10
2
1
1
116
34
4
3
47
8
143
57
7
1
4
207
1
2
1
1
207
5
178
19
5
4
1
3
1
1
97
4
92
18
1
44
88
13
30
3
16
8
1
7
2
116
96
169
19
4
4
8
4
2
2
75
11
81
39
4
2
96
68
37
5
4
2
133
64
13
2
121
45
19
1
12
8
4
1
1
44
155
8
4
1
181
2
24
4
1
208
2
1
1
52
141
3
2
7
4
1
2
9
20
115
37
18
3
3
5
1
1
75
113
4
11
4
4
1
36
83
39
53
1
163
24
23
2
95
43
74
42
154
13
2
1
94
79
11
6
19
2
1
45
134
11
2
16
4
78
122
4
5
3
152
37
11
10
2
204
6
2
207
1
2
2
44
17
139
10
1
1
112
79
9
6
4
1
1
32
170
1
4
5
127
47
15
7
14
2
26
159
8
2
3
3
10
1
117
23
10
58
2
2
135
64
8
3
1
1
151
27
20
4
6
2
2
183
13
7
5
1
2
1
166
4
5
34
3
141
33
33
2
3
152
42
7
11
188
20
3
1
117
19
70
1
3
1
1
211
1
56
132
4
11
6
3
154
14
21
23
174
32
3
3
9
18
146
23
4
10
2
114
71
26
1
78
103
22
7
2
118
64
1
19
5
4
1
81
14
92
19
6
154
11
21
21
1
1
1
1
1
170
18
7
16
1
178
10
20
1
3
179
18
1
7
1
1
2
1
2
118
42
47
5
15
52
97
7
28
13
100
14
3
92
3
154
8
21
29
18
185
5
2
1
1
1
50
53
86
11
5
4
2
188
20
4
10
24
173
5
60
113
22
14
3
52
144
5
10
1
93
56
44
12
2
4
1
39
165
8
153
5
48
1
2
3
57
131
21
1
1
1
127
51
20
8
4
1
1
135
65
5
6
1
198
9
3
1
1
83
1
31
14
5
17
49
3
8
1
119
57
34
1
1
183
10
10
9
51
105
5
42
3
2
2
1
1
207
1
3
1
116
30
23
37
3
2
1
69
67
73
1
1
1
11
31
7
7
104
44
5
3
184
15
10
2
1
18
40
58
1
14
3
64
6
3
2
3
66
9
34
17
66
11
6
3
33
110
12
30
9
13
2
2
1
143
36
21
5
6
1
206
4
2
101
102
7
1
1
103
46
40
5
12
5
1
128
56
21
5
2
131
69
11
1
201
4
1
3
2
1
77
123
8
2
2
168
35
2
7
27
85
8
79
9
4
90
41
43
22
5
7
2
1
1
164
20
2
13
8
3
1
1
212
5
93
81
27
1
2
2
1
76
58
63
14
1
163
37
11
1
197
1
14
204
3
4
1
43
136
8
7
3
3
9
2
1
153
41
17
1
181
1
24
3
3
198
10
3
1
119
77
15
1
181
14
7
1
6
3
103
49
14
5
39
1
1
196
7
8
1
95
98
17
2
22
82
107
1
134
78
38
149
18
6
1
182
7
9
4
1
8
1
17
164
18
8
3
2
12
11
172
17
134
23
11
30
13
1
167
8
13
14
3
4
2
1
161
46
2
1
2
53
82
16
42
8
9
1
1
100
41
43
26
2
55
22
88
46
1
189
1
1
1
12
6
2
119
68
12
11
2
169
20
14
9
152
23
21
15
1
57
148
4
2
1
210
1
1
20
47
104
6
7
20
6
2
175
19
4
10
4
42
24
85
14
42
2
2
1
72
34
43
34
13
10
3
3
47
115
49
1
146
36
17
1
8
4
146
61
1
2
2
156
15
7
21
1
11
1
176
19
14
2
1
109
73
7
2
5
3
5
7
1
160
16
36
96
103
12
1
152
5
31
2
15
1
1
1
3
1
89
11
94
8
9
1
31
160
13
5
1
2
209
2
1
203
5
4
140
54
3
4
2
1
1
4
3
189
4
8
11
1
142
20
11
23
9
6
6
93
27
17
5
12
28
5
9
10
10
174
15
3
4
2
1
1
2
96
6
4
89
3
4
9
1
50
36
59
20
23
6
10
7
1
108
29
11
49
1
14
114
55
13
28
1
1
141
38
23
1
6
2
1
4
127
28
11
41
1
147
23
32
5
3
1
1
130
76
4
2
179
7
25
1
72
32
103
1
2
2
162
5
3
35
7
116
14
48
7
15
5
7
15
111
82
2
2
51
29
32
100
205
4
3
157
8
24
14
8
1
33
30
16
88
42
1
1
1
32
73
21
26
2
2
50
2
3
1
58
96
32
4
10
2
8
1
1
91
35
14
48
20
2
2
195
13
2
2
14
22
54
105
13
1
3
43
155
1
8
2
2
1
152
5
13
36
4
1
1
211
1
161
46
4
1
43
3
116
47
2
1
2
33
104
16
37
6
10
4
175
31
5
1
179
22
3
2
6
6
18
165
13
9
1
199
4
4
2
2
1
39
82
90
1
181
17
14
21
173
18
141
62
2
6
1
174
35
3
79
42
78
9
3
1
89
119
1
2
1
78
102
1
5
15
9
2
30
175
7
89
48
40
15
2
7
8
3
30
72
23
53
10
20
4
156
2
51
2
1
74
21
16
53
2
46
16
162
12
13
6
2
1
150
27
10
7
1
7
9
1
Number of elements: 2755
