Bin size: 209
Num of Bins: 489
68
67
30
41
3
42
86
41
20
16
2
1
1
167
24
16
2
146
29
2
5
20
6
1
6
90
83
4
16
1
8
1
44
160
4
1
129
1
8
67
4
171
6
9
15
5
3
46
13
43
9
75
8
2
8
1
4
47
123
2
10
16
8
2
1
208
1
122
86
1
107
16
23
9
50
2
2
53
129
13
7
7
120
54
11
1
11
11
1
194
7
2
2
4
123
86
173
34
2
142
52
3
7
2
1
1
1
13
44
66
20
56
8
1
1
150
17
40
2
130
1
2
4
60
11
1
196
3
2
7
1
17
61
59
41
2
3
3
8
6
5
3
1
157
12
22
14
1
3
196
2
1
5
2
1
1
1
53
9
117
16
1
2
7
3
1
16
104
80
9
97
12
7
11
19
48
4
9
2
157
31
10
5
5
1
36
132
21
4
1
11
3
1
160
36
6
1
3
3
138
34
4
25
2
4
1
1
196
6
2
3
1
1
58
7
102
23
13
3
1
1
1
143
50
1
8
1
5
1
198
4
1
1
3
2
124
56
21
7
1
193
7
7
1
1
160
9
36
2
2
19
57
125
5
3
10
107
20
44
2
12
12
2
138
7
27
19
1
4
12
1
8
38
81
41
5
32
2
2
14
192
3
84
9
76
40
173
4
3
21
6
1
1
86
46
70
3
3
1
21
30
25
27
82
12
2
9
1
124
15
36
34
27
92
7
41
25
12
1
4
159
39
9
2
166
10
6
20
5
1
1
28
21
40
64
37
10
1
7
1
32
40
7
96
27
2
4
1
74
86
17
21
8
1
2
173
19
3
4
3
7
79
30
34
34
18
1
7
1
5
184
8
9
4
1
1
1
1
28
35
38
44
12
38
14
84
74
25
15
9
1
1
52
155
2
207
2
61
126
17
2
1
2
30
2
32
126
11
7
1
171
16
16
6
16
84
103
4
1
1
92
7
46
45
11
6
1
1
77
55
17
24
1
26
5
1
1
1
1
47
105
57
121
14
69
5
92
83
19
10
4
1
80
121
1
3
4
151
51
4
3
65
138
3
1
1
1
46
139
20
3
1
193
8
2
4
2
118
43
32
3
11
2
24
3
130
18
18
15
1
83
37
22
6
22
12
11
15
1
32
109
38
7
23
70
106
6
15
4
1
1
2
2
1
1
181
1
8
11
1
6
1
88
81
38
2
43
124
23
18
1
17
148
15
29
160
43
5
1
99
67
34
9
78
110
18
2
1
28
126
54
1
75
85
30
4
7
7
1
182
17
3
1
6
198
9
2
92
83
3
20
7
1
2
1
135
43
7
4
12
4
1
3
19
126
40
19
2
2
1
93
50
46
12
4
3
1
8
156
42
2
1
143
43
19
1
3
55
127
18
4
2
3
176
13
16
4
69
68
52
3
7
4
3
3
155
15
15
12
2
1
1
4
3
1
159
25
1
4
10
5
2
3
166
43
141
65
2
1
19
132
5
6
13
18
12
3
1
177
32
174
12
23
68
76
16
29
5
2
10
1
1
1
10
152
2
35
6
1
3
127
16
66
11
66
113
10
5
1
1
1
1
39
154
16
59
126
19
1
4
22
133
41
10
2
1
135
25
7
14
6
13
1
6
2
173
25
8
3
25
69
113
2
140
63
1
1
3
1
191
9
4
1
1
3
73
50
63
11
9
2
1
13
160
1
24
9
1
1
65
47
96
1
104
102
1
2
113
69
23
3
1
54
117
5
16
1
11
4
1
154
44
9
2
5
103
25
36
4
29
7
150
51
2
6
172
24
1
12
53
50
28
75
2
1
61
30
102
1
4
2
5
4
148
43
10
4
4
159
19
25
5
1
203
5
1
175
18
1
2
13
185
24
8
91
99
6
1
4
30
37
24
42
55
1
7
13
22
153
1
28
3
2
30
84
14
53
9
5
9
3
1
1
92
95
12
5
2
3
151
57
1
151
17
24
15
2
121
15
65
8
97
35
15
37
15
1
5
3
1
58
129
20
2
16
102
18
63
3
2
2
3
85
95
13
16
94
12
60
18
11
7
3
4
24
138
9
34
1
3
87
62
53
1
6
93
8
94
8
6
171
20
13
5
193
11
5
31
63
77
12
11
8
3
3
1
11
146
4
48
17
29
55
84
6
16
2
203
4
1
1
130
64
12
2
1
36
162
5
2
4
91
100
10
1
1
5
1
173
20
2
8
2
4
8
33
41
96
30
1
168
15
5
14
5
2
112
62
20
3
9
3
96
17
12
74
9
1
64
87
19
22
16
1
99
38
56
9
4
1
1
1
129
18
26
27
7
1
1
128
36
3
40
1
1
146
22
5
6
8
20
2
35
97
55
1
3
1
10
6
1
126
59
17
1
4
2
72
63
37
26
3
5
3
48
97
26
27
6
5
195
9
1
2
1
1
46
102
18
28
10
3
1
1
167
29
8
3
1
1
10
100
78
2
12
5
1
1
42
53
14
26
52
14
4
3
1
162
10
13
8
3
12
1
67
141
1
57
77
33
42
180
13
13
2
1
108
72
19
4
2
2
1
1
161
47
1
17
150
22
17
1
2
44
100
51
4
10
157
30
14
1
2
2
3
33
135
14
7
10
4
2
4
95
32
36
2
30
5
1
1
6
1
88
104
3
13
1
57
20
20
24
83
2
1
2
171
6
17
13
1
1
90
116
2
1
94
96
1
8
1
5
3
1
11
21
21
2
117
11
6
14
1
5
209
86
35
17
13
44
2
7
5
41
142
24
2
59
78
28
2
19
11
12
145
12
39
12
1
63
89
57
106
31
68
2
1
1
156
51
1
1
185
4
4
11
1
3
1
106
28
2
59
12
1
1
134
63
2
5
5
32
55
29
93
15
138
12
3
5
23
4
4
4
1
107
71
6
9
13
1
1
1
173
5
21
6
2
1
1
134
60
15
164
6
20
18
1
134
49
23
3
20
14
80
55
37
3
15
149
24
13
2
4
1
1
190
13
4
1
1
125
63
16
5
26
9
174
87
37
58
19
2
5
1
49
10
137
12
1
97
8
90
3
2
5
1
1
1
1
111
95
1
1
1
112
42
42
6
7
186
23
76
26
20
4
63
13
1
1
1
3
1
83
73
30
19
2
2
77
88
36
3
4
1
70
82
11
45
1
182
27
18
70
115
6
165
20
10
12
2
17
156
5
19
1
9
1
1
165
40
4
95
81
27
5
1
133
13
30
6
20
1
2
1
3
158
37
2
3
5
1
2
1
165
26
5
12
1
153
8
42
5
1
14
36
133
2
6
1
15
2
71
23
40
26
28
7
12
1
1
21
93
21
34
40
19
91
73
3
4
12
7
54
11
106
25
2
2
6
1
1
1
161
15
25
2
3
2
1
123
46
33
3
1
2
1
170
8
16
3
2
4
1
5
155
39
3
10
2
147
42
13
6
1
141
35
24
2
6
1
105
37
4
32
24
3
1
3
61
107
26
11
1
2
1
35
60
47
47
20
145
7
31
9
8
4
2
1
2
163
7
7
28
2
1
1
100
29
62
17
1
84
60
48
10
4
2
1
203
3
3
21
73
56
39
14
3
2
1
66
92
46
1
4
208
1
204
3
1
1
58
144
5
1
1
166
26
17
113
9
19
25
5
7
1
13
15
1
1
147
5
43
14
92
5
98
5
4
3
2
62
34
71
24
9
7
2
101
69
12
27
82
53
2
68
1
1
1
1
192
5
6
4
2
125
10
58
16
150
44
1
10
1
2
1
52
20
135
2
121
30
19
12
27
1
148
4
38
2
13
2
1
27
123
33
26
182
14
5
4
4
30
31
77
6
21
2
41
1
46
156
4
1
2
97
40
5
49
16
2
107
43
40
5
10
3
1
8
73
44
41
35
7
1
73
119
3
7
2
1
2
1
1
16
52
11
75
23
5
2
5
15
3
1
1
81
61
55
12
92
89
7
3
17
1
25
48
40
16
71
8
1
23
46
10
40
39
21
3
9
6
5
1
5
1
134
50
23
1
1
172
21
1
6
9
52
131
24
1
1
145
18
18
23
4
1
186
17
3
1
1
1
116
37
16
17
18
1
1
1
1
1
63
22
116
5
1
1
1
116
52
25
3
12
1
149
34
26
3
155
27
7
7
10
53
12
74
26
23
21
101
43
60
2
1
2
95
87
7
1
4
14
1
122
65
4
7
1
9
1
115
39
18
29
4
4
10
126
18
34
20
1
204
2
3
189
2
11
7
95
9
6
40
1
1
18
10
5
2
11
6
5
7
52
104
10
8
26
2
86
78
1
31
1
8
3
1
9
138
17
12
19
10
1
1
2
13
169
13
11
2
1
203
6
124
47
8
6
6
14
2
1
1
16
48
95
46
2
2
156
53
131
77
1
57
36
30
74
7
4
1
64
38
89
14
3
1
149
32
23
3
2
131
25
3
46
1
3
194
5
1
5
3
1
75
86
26
8
12
2
207
2
116
56
32
2
3
177
1
1
11
19
59
22
25
17
7
40
39
207
1
1
137
43
28
1
209
122
55
21
6
5
193
5
1
10
127
56
7
19
195
8
2
1
3
138
14
24
14
4
10
4
1
179
28
2
152
49
2
2
4
53
13
42
3
2
46
30
9
2
5
4
2
71
47
15
73
1
14
118
67
5
3
2
32
26
6
143
2
53
18
13
101
21
1
2
90
36
35
16
23
6
3
137
23
41
2
6
164
16
8
13
1
7
169
30
4
5
1
160
39
8
2
181
16
4
3
3
1
1
160
24
10
10
5
18
117
41
13
20
29
14
4
48
107
5
1
1
100
60
42
1
3
2
1
164
41
1
3
39
123
13
34
189
8
12
34
174
1
23
153
9
23
1
113
57
37
1
1
129
30
48
1
1
163
40
4
1
1
67
118
20
3
1
55
78
14
24
31
3
3
1
111
20
71
2
1
3
1
91
89
19
6
4
48
37
106
17
1
26
52
70
33
16
7
2
3
168
27
13
1
68
133
6
2
78
43
53
6
12
5
3
8
1
162
31
16
192
8
9
194
12
2
1
99
93
11
6
95
98
5
3
7
1
85
123
1
166
20
7
4
3
6
2
1
117
70
9
10
1
1
1
22
165
8
14
128
20
44
16
1
83
42
30
37
9
8
89
62
40
15
1
2
200
5
4
198
9
1
1
41
23
145
125
6
21
10
41
5
1
146
53
7
1
2
109
49
44
4
2
1
83
111
14
1
32
97
54
5
11
10
206
3
113
72
13
3
6
1
1
197
9
2
1
170
33
6
41
75
47
44
2
48
102
4
38
6
6
4
1
7
46
74
19
5
14
9
35
10
9
174
10
2
1
3
191
11
3
2
2
19
55
59
60
16
184
22
2
1
156
11
21
12
2
5
1
1
158
35
12
4
75
87
31
7
9
169
20
12
5
1
1
1
176
26
5
1
1
52
128
15
5
1
4
3
1
24
160
25
5
169
5
3
5
1
18
2
1
104
77
2
11
6
2
3
2
2
22
49
119
10
8
1
5
166
35
1
1
1
187
5
2
15
208
1
179
25
1
2
1
1
123
15
52
10
7
2
48
110
33
12
1
5
119
71
2
13
1
1
1
1
141
45
8
10
4
1
182
27
17
87
29
11
33
30
2
137
9
10
40
9
4
169
10
3
25
2
44
89
73
3
195
8
2
2
2
35
53
92
11
18
174
30
5
115
73
21
18
151
20
6
1
11
2
183
5
12
2
3
2
1
1
188
13
1
2
4
1
3
66
117
1
7
7
8
57
68
14
66
3
1
95
54
54
3
3
167
32
10
205
1
1
1
1
107
46
55
1
146
19
36
3
2
1
1
1
168
8
5
23
5
17
192
13
120
61
4
8
1
2
139
61
4
3
2
24
180
3
1
1
53
43
107
2
2
2
57
80
22
29
8
5
2
1
1
3
1
202
7
29
46
61
18
14
6
19
13
3
68
95
14
22
3
4
2
1
17
144
34
2
7
3
1
1
25
120
37
26
1
177
13
1
9
2
3
2
2
131
1
32
15
10
5
11
2
1
1
167
15
27
181
10
9
8
1
76
54
66
1
8
4
154
37
9
3
2
2
2
90
5
99
1
12
2
174
9
14
7
5
88
22
95
3
1
1
90
46
12
40
14
2
3
1
157
15
10
13
9
2
3
27
104
28
11
15
24
71
68
61
4
2
1
2
164
17
16
11
1
77
53
4
73
2
173
34
2
14
104
51
24
8
7
1
49
106
3
49
2
132
13
32
29
1
1
1
201
5
1
2
122
15
54
5
7
1
1
2
2
193
12
1
1
2
81
14
32
7
11
19
19
17
1
1
1
6
204
3
1
1
68
5
66
33
14
19
2
1
1
198
1
1
8
1
142
29
19
14
3
1
1
6
196
2
3
1
1
172
14
1
2
10
8
2
128
40
33
4
2
2
130
39
37
1
2
41
9
55
64
34
3
3
26
78
18
66
19
1
1
73
88
12
9
25
2
114
11
51
2
27
4
176
33
104
31
59
15
Number of elements: 2877
