Bin size: 271
Num of Bins: 475
158
36
28
46
1
2
195
4
39
33
178
51
15
27
39
133
69
5
19
6
40
133
45
53
255
10
6
112
35
22
47
51
1
2
1
124
19
121
7
125
31
112
2
1
169
84
16
1
1
222
35
14
25
53
143
27
14
2
1
4
1
1
258
10
2
1
95
10
139
23
4
36
215
18
1
1
84
30
57
56
9
9
2
17
7
236
33
1
1
193
7
1
38
31
1
155
34
80
2
245
8
11
5
1
1
20
49
104
64
27
4
1
2
196
72
3
78
125
50
8
4
3
3
67
57
64
49
32
2
76
189
3
1
2
250
2
18
1
121
136
4
6
2
1
1
21
182
13
41
9
5
183
80
7
1
224
16
4
16
6
4
1
201
40
20
10
41
95
67
46
20
2
17
197
16
15
3
23
61
80
100
29
1
27
165
28
38
7
6
100
116
6
16
12
17
1
1
2
197
8
7
41
12
5
1
140
67
46
12
4
1
1
65
102
46
26
11
1
8
11
1
211
39
21
222
23
13
2
5
2
4
163
99
6
3
137
112
8
13
1
209
34
18
5
1
2
1
1
252
3
4
11
1
140
38
19
71
1
2
177
33
7
16
20
6
1
3
4
1
3
188
50
29
1
2
1
20
148
76
27
130
5
134
2
212
47
7
4
1
77
55
34
50
33
17
3
1
1
239
20
6
2
1
2
1
127
86
5
10
5
27
2
5
1
1
2
202
42
24
3
217
6
32
9
7
185
4
3
21
47
4
2
5
104
79
20
7
35
19
3
4
94
24
52
96
3
1
1
61
164
34
6
6
44
56
78
33
50
10
100
71
95
2
1
2
167
15
10
42
31
2
4
98
61
29
21
34
20
5
1
1
1
159
37
72
3
4
138
14
76
6
16
10
1
5
1
82
74
48
56
11
128
102
4
19
12
4
2
2
251
1
8
3
1
5
224
4
12
26
2
3
28
25
39
13
41
115
3
2
4
1
21
195
44
5
4
2
93
53
69
50
1
2
2
1
136
73
26
17
17
2
103
84
56
23
1
2
2
213
2
27
12
7
2
4
4
149
109
11
2
215
54
1
1
148
118
4
1
99
52
106
3
1
2
8
7
64
94
27
56
23
137
121
7
5
1
2
171
27
21
41
8
1
212
44
9
2
4
265
5
1
142
16
16
42
20
16
16
2
1
13
124
64
21
21
8
18
1
1
167
55
16
17
8
6
1
1
124
38
88
1
19
1
51
94
89
31
4
1
1
130
31
26
50
34
183
74
11
1
1
1
211
23
15
19
1
1
1
124
140
6
1
111
14
20
125
1
1
102
119
26
16
1
1
1
4
57
203
3
3
1
4
55
207
5
4
94
24
56
60
25
11
1
90
128
24
8
21
55
61
38
84
20
10
1
1
1
86
135
3
34
1
4
7
1
224
1
42
4
63
137
67
2
1
1
219
16
12
10
9
3
2
107
35
43
40
28
11
2
2
3
107
148
2
9
2
2
1
78
71
102
11
8
1
143
93
7
17
4
4
3
245
24
2
219
21
23
3
5
14
135
61
38
1
9
4
4
5
162
66
19
1
10
4
8
1
120
61
81
3
5
1
181
13
26
14
31
5
1
216
55
72
66
6
97
29
1
234
4
5
27
1
195
60
1
2
13
241
14
2
8
6
8
48
215
124
18
19
84
1
22
1
1
1
148
1
109
10
2
1
193
14
10
9
13
23
3
2
4
3
84
56
2
104
19
1
1
1
145
61
56
7
2
4
181
23
4
24
24
4
6
1
50
196
13
5
2
3
1
1
230
13
13
1
12
1
1
36
231
4
77
97
32
31
9
16
2
1
3
3
271
90
166
8
7
96
91
70
9
1
2
2
67
157
39
6
1
1
236
11
15
5
1
3
226
37
8
8
197
38
7
5
7
2
6
1
94
88
78
6
4
1
53
100
2
77
26
8
3
2
207
18
37
9
84
13
6
71
83
11
1
2
9
212
40
9
1
175
30
64
1
1
153
5
32
6
73
2
233
32
3
2
1
240
28
2
1
75
104
21
46
11
4
5
4
1
104
121
27
4
6
2
6
1
62
102
3
19
77
6
1
1
148
102
4
9
8
36
102
104
28
1
81
25
145
12
6
1
1
152
49
15
50
1
3
1
51
210
3
1
6
198
18
30
8
7
6
4
261
7
2
1
111
69
54
18
12
7
50
193
27
1
234
30
4
1
2
199
16
44
11
1
258
2
1
2
1
5
1
1
188
20
62
1
8
142
64
13
37
4
3
157
98
7
4
4
1
190
61
13
1
6
41
78
87
61
2
1
1
94
49
5
38
19
62
3
1
166
18
14
41
17
13
2
142
122
5
2
7
82
153
22
4
1
1
1
271
7
112
120
10
21
1
56
123
14
14
22
13
14
10
1
3
1
267
1
2
1
165
18
42
26
12
5
2
1
113
45
48
55
2
8
183
39
23
20
2
2
2
124
121
6
8
3
8
1
68
29
4
23
15
28
3
10
68
4
14
3
2
258
7
4
1
1
247
16
8
268
2
1
235
7
8
10
8
2
1
193
28
49
1
134
11
55
54
7
5
3
2
176
19
3
16
6
24
17
2
7
1
71
197
3
126
32
40
34
17
5
5
8
1
2
1
9
173
49
7
30
1
2
221
2
4
34
9
1
34
177
26
30
2
2
255
9
3
1
1
2
81
101
46
1
21
9
2
5
1
4
106
82
63
3
17
190
2
42
11
5
11
6
1
2
1
9
86
143
8
8
11
6
207
27
34
2
1
183
14
12
28
16
13
1
4
37
221
7
6
97
101
8
59
5
1
80
138
21
20
1
3
6
2
166
84
6
5
9
1
114
100
54
2
1
62
90
69
20
20
3
5
2
205
58
8
45
32
77
51
51
9
5
1
51
191
28
1
15
162
39
7
17
8
17
2
2
2
117
32
28
4
21
25
31
11
1
1
195
62
8
1
3
1
1
239
25
6
1
169
25
60
2
13
1
1
216
32
19
3
1
103
167
1
179
53
30
9
236
6
10
2
14
1
1
1
202
16
39
10
2
2
52
43
81
29
46
14
1
1
3
1
193
55
18
5
227
34
7
1
1
1
39
26
180
15
8
2
1
197
11
2
52
3
5
1
242
8
5
11
5
230
32
1
7
1
38
78
31
51
51
11
3
7
1
167
101
2
1
159
95
1
1
5
10
239
26
4
1
1
17
190
29
8
13
7
1
1
3
2
204
51
15
1
75
105
82
7
2
81
112
14
47
11
4
1
1
67
166
10
4
9
8
2
3
1
1
224
38
8
1
183
69
1
16
2
22
155
58
20
3
6
5
2
91
64
62
4
37
4
7
1
1
168
98
4
1
15
119
79
55
1
2
91
130
41
3
5
1
68
42
59
89
10
3
246
1
18
3
1
1
1
200
40
4
14
6
4
3
240
2
24
5
191
63
9
4
3
1
28
202
12
27
2
7
64
150
38
6
6
29
89
134
11
8
126
75
68
2
152
40
36
19
7
16
1
14
226
11
4
6
9
1
172
66
2
23
2
3
2
1
122
41
24
52
4
17
8
3
231
28
10
1
1
225
28
4
9
4
1
172
73
15
1
1
1
2
3
1
1
1
110
128
22
11
60
6
27
48
78
36
12
4
137
78
50
1
4
1
245
2
1
15
4
4
200
37
34
81
114
9
48
17
2
123
1
58
2
65
21
1
93
50
127
1
32
29
126
38
36
5
1
1
2
1
101
170
219
35
14
3
137
86
36
12
171
8
10
69
6
6
1
169
32
43
27
122
1
33
15
68
26
3
2
1
175
49
30
11
2
4
3
154
105
2
6
1
221
2
16
3
13
8
4
3
1
128
116
2
20
3
2
244
6
4
8
5
3
1
126
78
12
50
2
2
1
144
18
91
18
115
76
66
12
2
52
216
3
189
76
1
4
1
268
3
38
23
141
64
2
2
1
85
121
49
8
4
1
3
60
51
127
25
7
1
138
131
2
113
34
63
18
11
13
1
7
2
3
1
3
2
162
99
4
5
1
112
145
1
3
5
2
3
236
2
12
13
6
2
95
76
64
2
24
2
7
1
39
23
142
9
38
8
7
3
1
1
7
126
138
99
21
12
113
7
17
2
51
40
131
9
30
1
2
3
1
1
1
1
235
2
7
2
5
10
9
1
114
60
23
3
12
2
52
1
4
6
237
19
4
2
3
237
24
2
8
18
52
59
18
22
92
8
2
8
204
43
2
12
1
1
107
155
1
3
3
1
1
120
148
1
1
1
110
73
36
6
37
4
1
1
2
1
263
5
2
1
76
150
21
17
3
2
1
1
144
108
1
12
1
5
20
33
67
108
5
20
5
7
4
2
245
16
9
1
267
1
2
1
233
19
1
6
12
66
18
171
7
9
229
23
14
4
1
106
162
1
2
27
216
9
15
1
3
147
73
30
4
14
2
1
191
38
36
4
1
1
106
122
32
11
231
24
13
3
42
223
3
1
1
1
126
6
40
7
48
18
9
1
5
2
4
3
2
159
46
29
22
9
1
4
1
105
107
20
36
1
1
1
7
112
142
9
1
140
4
98
5
16
5
1
1
1
32
203
15
1
11
6
1
1
1
242
20
1
2
6
78
56
120
14
1
2
135
78
5
28
19
6
228
20
14
6
3
47
140
83
1
75
46
116
31
1
2
60
83
58
53
6
8
2
1
198
50
17
6
153
115
3
76
97
45
26
1
10
6
7
2
1
49
167
9
23
22
1
196
28
5
40
2
18
140
87
7
1
7
8
2
1
228
41
2
35
134
96
5
1
267
1
2
1
3
69
177
14
6
2
192
40
4
23
2
3
6
1
1
135
77
52
6
113
46
97
3
3
4
1
4
119
57
76
8
2
4
5
238
10
4
6
2
7
3
1
264
6
1
69
178
4
12
5
2
1
91
115
28
16
1
9
9
2
47
138
50
21
13
2
95
63
107
4
2
56
158
7
49
1
162
49
9
19
9
22
1
211
26
4
15
14
1
71
34
156
1
7
2
18
213
38
2
33
233
2
1
1
1
232
21
10
6
1
1
138
121
6
2
1
3
53
156
54
8
10
135
55
59
2
5
1
3
1
138
22
26
30
50
4
1
224
5
11
10
18
1
2
20
38
101
64
31
11
5
1
160
15
76
20
131
35
95
6
2
2
74
114
20
37
1
5
12
5
1
1
1
204
49
14
4
22
32
59
92
39
12
9
2
2
1
1
151
100
13
1
5
1
119
59
4
66
8
7
5
2
1
96
30
79
23
21
17
1
3
1
265
6
4
173
26
40
11
12
3
1
1
43
18
4
31
35
41
16
77
1
4
1
212
58
1
92
81
26
46
24
1
1
160
16
56
2
37
95
156
18
2
109
67
83
7
1
3
1
196
4
13
34
18
3
3
64
120
15
11
46
7
4
3
1
1
155
74
22
17
2
225
21
25
264
3
4
99
121
6
4
30
3
3
5
125
106
23
6
2
2
1
6
28
87
126
3
12
9
1
5
211
52
7
1
229
30
2
6
4
139
62
63
3
4
83
64
54
2
19
17
25
1
2
1
1
2
102
110
38
21
62
24
112
32
22
17
1
1
53
53
70
31
57
3
1
1
2
20
132
75
10
22
10
2
15
52
93
69
29
12
1
39
133
58
39
1
1
208
10
49
2
2
10
211
8
37
1
2
1
1
232
18
9
3
6
1
1
1
6
211
32
15
7
199
5
23
11
4
16
13
120
30
21
34
44
9
6
6
1
146
3
96
1
14
4
4
1
1
1
97
88
68
6
5
4
2
1
39
14
210
8
258
8
4
1
202
34
16
6
10
1
1
1
11
118
104
37
1
149
1
88
9
14
2
6
1
1
270
1
133
94
4
3
32
4
1
129
94
27
13
1
2
2
2
1
232
8
19
5
5
2
167
52
19
20
11
1
1
206
40
19
4
2
10
231
29
1
216
4
16
23
6
1
5
111
79
25
11
34
9
1
1
256
1
10
1
3
247
8
10
5
1
143
102
24
2
155
25
69
11
9
2
118
111
40
1
1
115
152
1
1
1
1
64
173
13
11
7
2
1
100
57
55
22
20
2
15
152
78
5
33
3
212
5
40
12
2
106
114
35
3
7
1
3
1
1
93
49
93
23
13
236
20
15
234
9
13
14
1
38
29
174
17
3
7
3
75
172
4
11
1
7
1
266
2
3
164
50
53
4
208
54
5
1
3
254
13
4
69
71
79
27
24
1
165
24
5
12
29
36
87
10
136
4
10
3
11
9
1
31
3
107
63
22
8
11
7
1
10
2
5
1
16
241
10
1
1
2
134
103
16
6
1
6
2
1
1
1
150
50
4
55
9
1
2
245
16
4
3
3
42
50
167
6
4
2
136
9
76
28
4
14
3
1
135
36
91
5
3
1
99
111
29
30
2
96
96
63
7
9
29
199
41
2
96
68
103
3
1
6
97
120
12
26
6
3
1
246
18
7
266
1
4
76
165
9
17
4
103
158
10
10
260
1
249
14
3
2
3
110
63
3
53
21
8
12
1
196
49
11
6
4
4
1
61
172
36
2
196
57
15
3
35
35
55
57
26
62
1
270
1
97
123
29
9
13
100
99
9
47
12
1
3
253
7
8
1
2
103
161
4
1
1
1
Number of elements: 2944
