Bin size: 146
Num of Bins: 464
88
45
8
5
59
72
12
1
1
1
39
90
11
1
5
52
25
22
13
29
5
54
16
45
17
6
7
1
110
17
17
1
1
15
12
16
49
28
25
1
16
13
50
66
1
4
79
43
9
7
2
1
1
128
15
1
1
1
114
26
2
1
3
42
70
2
29
1
2
107
11
6
3
6
13
60
7
29
4
19
26
1
128
9
4
3
1
1
47
75
13
1
7
1
1
1
47
46
41
6
6
6
60
73
4
1
1
1
71
5
58
1
5
6
96
23
3
23
1
129
8
3
6
81
28
23
7
6
1
68
78
13
14
63
55
1
13
110
16
3
3
1
95
30
15
4
2
27
98
21
116
22
4
1
1
1
1
145
1
25
37
19
37
18
7
1
1
1
34
105
1
6
88
45
5
4
4
46
69
6
1
2
17
2
3
44
72
21
8
1
51
17
28
45
4
1
116
2
9
14
5
13
10
94
4
8
12
4
1
41
84
17
4
104
23
5
8
4
2
9
6
57
49
3
14
7
1
68
74
3
1
36
7
91
4
4
1
2
1
56
64
13
6
5
1
1
15
11
118
2
136
2
7
1
59
3
2
4
17
10
41
2
6
2
125
10
10
1
101
2
40
2
1
52
86
2
2
1
3
35
41
59
7
3
1
132
11
3
132
14
24
8
16
35
24
17
17
2
2
1
139
1
5
1
11
99
29
3
2
2
14
8
41
57
14
1
3
1
1
1
5
37
49
31
7
14
5
1
2
65
2
32
32
4
2
7
2
120
12
14
134
7
4
1
105
30
11
24
68
4
19
22
1
2
4
1
1
126
14
6
117
6
9
7
3
4
90
19
17
12
7
1
41
13
22
70
61
41
28
5
9
2
39
86
12
3
5
1
26
76
26
8
9
1
90
1
52
2
1
10
19
35
73
1
7
1
32
72
25
17
2
81
2
46
14
1
63
17
44
2
12
2
1
2
3
58
1
82
4
1
3
117
11
7
6
2
104
28
6
6
1
1
87
24
28
1
5
1
41
92
4
4
1
4
79
49
13
1
1
1
2
142
2
2
142
4
142
2
2
78
34
23
10
1
134
6
5
1
135
8
3
120
14
6
6
68
21
22
23
1
7
4
22
38
38
16
2
18
6
4
1
1
126
5
8
5
1
1
52
47
42
3
1
1
70
11
23
13
10
14
2
1
2
51
8
14
9
54
10
60
42
21
16
5
1
1
125
13
2
1
4
1
46
30
35
16
5
4
3
2
4
1
105
2
28
1
4
6
118
16
9
3
99
45
1
1
54
39
30
12
10
1
75
20
33
12
4
1
1
82
60
3
1
7
92
39
1
3
2
2
64
20
37
6
9
10
108
22
9
2
5
18
94
32
1
1
10
68
14
31
12
1
7
2
1
86
44
14
1
1
28
118
80
43
4
19
133
11
2
82
8
47
4
2
1
1
1
33
89
6
6
7
2
2
1
9
27
99
3
1
7
8
28
84
16
2
1
1
1
2
2
1
146
15
65
55
7
3
1
82
29
7
10
11
5
1
1
118
5
4
13
3
1
1
1
122
15
6
2
1
141
3
1
1
124
8
8
4
2
99
14
11
19
3
63
35
28
4
5
11
38
19
75
1
12
1
18
53
68
6
1
12
94
19
21
79
36
19
7
5
58
54
12
13
9
46
62
20
16
1
1
102
37
5
1
1
145
1
84
53
4
3
2
30
108
7
1
100
37
2
3
3
1
96
4
23
5
8
3
3
2
1
1
53
19
62
9
3
31
5
88
17
4
1
66
73
2
2
3
64
6
30
14
21
11
9
100
25
7
1
3
1
144
2
130
6
8
2
127
11
8
75
67
1
3
70
19
57
23
93
18
3
7
1
1
123
6
2
13
1
1
129
9
4
3
1
72
52
7
2
7
2
1
3
17
57
35
6
10
3
9
6
1
2
88
55
3
91
41
6
1
4
2
1
66
56
20
4
82
64
47
92
5
2
60
55
17
9
5
99
14
32
1
98
48
89
14
7
33
3
2
76
54
1
13
27
25
86
8
16
89
5
5
28
2
1
100
24
18
3
1
62
59
3
20
2
85
53
2
6
81
2
31
20
1
11
130
14
2
76
60
9
1
100
29
10
2
4
1
35
50
5
33
21
2
74
34
13
18
7
32
76
35
3
74
39
18
15
41
12
7
86
17
57
53
8
8
3
116
11
3
5
11
126
6
14
89
53
1
1
1
1
34
57
2
36
9
2
4
1
1
25
27
8
49
22
3
12
115
5
10
12
3
1
63
67
13
1
2
2
1
56
6
40
19
21
1
56
47
5
11
17
7
3
138
3
5
58
76
10
1
1
8
137
1
4
69
24
41
6
2
5
76
38
18
9
6
70
7
50
9
4
130
3
8
1
4
89
18
19
13
5
2
125
4
4
8
4
1
122
5
1
15
2
1
98
27
21
51
76
5
9
3
2
94
11
36
4
1
58
31
54
1
2
46
60
29
5
6
8
129
3
4
1
1
6
54
29
31
10
5
9
2
102
17
23
3
1
135
2
5
3
1
129
17
84
43
6
1
9
2
1
120
24
1
1
99
10
35
1
1
125
2
4
11
2
1
1
5
106
21
4
5
4
1
118
15
5
5
2
1
23
84
16
15
4
4
8
95
23
16
3
1
3
131
6
2
3
1
48
56
38
3
1
8
11
114
9
4
89
25
32
118
6
18
2
2
26
56
16
34
11
2
1
95
42
5
3
1
56
14
75
1
80
38
1
17
9
1
104
14
1
3
7
3
13
1
29
59
49
2
6
1
120
4
18
3
1
6
44
72
20
4
137
2
1
4
2
134
6
2
1
2
1
4
87
28
3
20
4
60
9
26
25
10
8
2
5
1
94
15
37
53
9
60
10
13
1
91
46
9
28
23
64
26
2
1
2
55
2
18
60
5
5
1
57
53
27
6
1
1
1
23
110
11
2
71
18
49
2
1
5
86
16
27
17
117
28
1
33
92
1
20
42
103
1
44
45
33
16
3
3
1
1
1
84
13
22
17
1
1
7
85
12
21
3
6
6
5
2
2
1
3
81
10
22
29
2
1
1
25
57
36
14
3
6
1
4
52
53
17
7
17
134
5
2
1
2
1
1
97
7
11
20
7
3
1
14
10
60
56
1
2
1
1
1
85
11
50
108
24
2
5
1
6
35
45
38
7
15
5
1
57
53
20
15
1
125
19
2
55
35
19
25
8
1
1
1
1
57
82
4
1
2
32
84
2
12
1
5
1
9
129
3
4
7
2
1
81
3
50
1
8
1
2
108
6
30
1
1
7
128
6
2
2
1
48
6
74
15
1
2
83
53
7
2
1
91
22
6
18
4
4
1
22
19
42
12
30
2
10
7
2
56
29
31
13
16
1
58
19
26
12
22
2
3
3
1
121
10
6
2
4
2
1
135
10
1
77
56
8
5
79
22
31
3
8
2
1
56
37
16
16
14
2
3
1
1
9
102
2
27
5
1
141
4
1
3
72
15
36
20
71
59
10
5
1
72
18
38
3
2
13
39
2
77
4
16
6
2
94
40
4
5
3
143
1
2
51
40
46
6
1
2
134
9
1
1
1
125
12
5
1
3
67
68
9
2
135
3
5
2
1
65
57
4
4
12
4
127
5
11
2
1
132
8
1
3
2
50
54
25
3
2
11
1
138
8
113
12
7
6
5
2
1
20
118
8
109
15
5
7
10
103
41
1
1
75
28
25
3
12
1
2
48
6
64
14
2
2
2
7
1
109
36
1
129
6
2
9
13
123
7
2
1
97
11
14
14
5
2
3
80
31
12
4
1
8
2
8
27
89
5
22
1
1
1
118
8
12
6
1
1
139
6
1
51
59
36
115
1
30
3
92
2
45
2
2
3
17
48
35
36
6
1
108
18
9
8
3
68
32
39
3
3
1
19
62
46
8
9
2
65
67
2
9
3
53
34
10
15
1
28
2
1
1
1
66
17
16
21
7
8
10
1
32
47
40
3
22
1
1
108
31
6
1
4
46
27
22
43
2
2
84
3
43
1
10
1
1
2
1
54
8
5
12
9
32
16
5
2
3
140
1
2
3
2
52
63
18
5
2
3
1
4
64
76
2
139
4
2
1
24
111
10
1
83
11
39
2
4
7
30
101
15
88
31
27
42
100
2
1
1
53
21
28
33
7
2
2
134
1
3
8
99
3
2
41
1
139
2
1
4
16
82
11
32
5
138
3
2
3
95
10
37
2
2
53
76
11
1
2
2
1
20
119
1
6
110
35
1
127
15
3
1
73
50
21
2
22
93
4
23
2
1
1
60
14
36
31
2
3
9
16
96
3
12
8
2
138
2
6
99
12
4
22
1
4
1
1
2
19
5
40
62
2
12
3
3
61
25
44
15
1
7
89
30
7
4
9
71
27
37
9
2
36
48
5
20
4
3
13
1
14
1
1
3
14
51
19
12
43
3
1
104
7
5
8
19
2
1
105
25
8
6
1
1
134
11
1
74
37
21
5
3
2
4
33
91
16
6
78
35
1
18
7
1
3
3
11
74
20
7
28
2
4
83
23
38
2
96
14
29
1
3
3
124
22
100
18
16
1
5
3
1
1
1
90
42
11
2
1
41
17
76
5
3
4
119
7
1
9
4
1
4
1
99
35
7
4
1
106
14
26
100
24
5
10
3
3
1
50
23
3
62
4
3
1
119
20
2
3
2
68
25
8
18
12
15
115
23
3
2
2
1
40
48
24
33
1
116
21
1
7
1
134
5
2
2
3
72
31
15
6
17
2
2
1
26
55
9
17
5
29
1
4
140
3
3
15
83
35
10
1
1
1
19
69
9
32
16
1
115
28
1
1
1
12
107
3
21
2
1
90
27
4
11
9
3
1
1
31
21
76
2
5
9
2
146
100
21
11
1
2
7
4
99
2
30
6
4
3
1
1
2
94
29
6
6
6
1
2
104
22
9
10
1
119
2
22
3
7
136
2
1
84
42
8
6
1
5
72
40
32
1
1
140
4
2
96
31
18
1
104
20
19
2
1
51
18
9
29
36
1
2
102
22
7
12
1
2
86
26
22
2
4
6
44
21
79
2
17
81
44
4
53
73
3
3
1
8
4
1
97
40
2
1
2
3
1
7
5
49
58
12
14
1
80
62
2
2
136
10
46
96
3
1
56
77
12
1
32
112
2
88
25
18
3
5
6
1
18
100
22
5
1
41
25
40
39
1
17
2
94
29
2
2
51
16
64
2
7
3
2
1
77
69
145
1
109
17
8
4
8
76
54
16
57
58
31
127
16
2
1
133
8
4
1
32
8
83
23
9
45
31
13
10
5
5
2
26
70
45
25
6
113
32
1
137
3
6
39
107
103
32
5
4
1
1
38
76
28
4
98
20
22
5
1
60
84
2
144
2
8
8
19
71
9
25
5
1
45
19
9
21
16
15
5
15
1
99
17
16
5
4
3
1
1
41
14
46
41
4
52
88
4
1
1
71
51
4
12
2
2
4
29
100
7
10
108
32
4
1
1
55
57
19
2
10
3
17
92
29
4
1
3
6
21
29
83
1
6
107
27
1
4
2
4
1
2
125
15
1
2
1
11
108
24
2
1
85
18
40
3
20
6
77
19
5
19
8
136
1
1
128
16
2
96
39
2
7
1
1
34
26
22
26
11
25
2
113
32
1
130
3
13
82
4
21
12
19
3
3
2
14
79
15
9
25
1
1
1
1
40
21
42
3
40
26
17
46
1
5
42
4
5
22
113
8
1
1
1
25
12
100
4
5
128
7
11
67
4
32
3
10
13
11
6
Number of elements: 2568
