Bin size: 241
Num of Bins: 413
48
175
5
10
2
1
164
5
66
4
1
1
143
57
3
36
1
1
114
5
48
40
7
20
4
1
2
132
17
27
10
31
7
1
7
3
2
3
1
234
6
1
145
35
26
1
3
9
16
1
3
2
179
24
24
12
1
1
21
106
109
3
1
1
125
65
4
34
4
9
49
11
28
140
13
59
15
79
86
2
30
50
17
35
73
4
7
4
15
4
1
1
220
9
4
7
1
3
45
49
110
16
9
9
205
11
11
9
1
3
1
48
135
44
2
3
5
4
102
81
10
1
13
1
14
8
2
8
1
183
42
2
8
1
2
3
80
116
29
15
1
60
112
56
4
8
1
133
8
64
11
13
1
10
1
9
136
41
23
17
12
2
1
20
187
33
1
69
67
58
8
13
2
20
3
1
206
14
10
4
1
5
1
56
44
64
32
7
12
10
3
12
1
12
161
23
38
7
175
62
2
2
13
59
77
60
12
13
7
61
98
62
15
2
3
189
12
34
2
1
2
1
24
148
49
3
9
3
3
2
52
169
4
12
2
2
71
6
132
15
16
1
1
235
4
1
65
95
52
20
9
21
99
3
99
15
2
2
13
172
20
1
11
11
8
2
3
202
1
5
24
8
1
64
1
127
27
13
5
2
2
39
109
36
56
1
174
46
18
1
2
164
34
19
17
3
2
2
186
34
6
3
2
3
6
1
177
45
12
3
1
2
1
236
2
3
238
1
2
135
105
1
18
128
15
77
3
116
62
34
2
13
3
4
1
3
3
214
26
1
109
51
32
21
25
3
94
34
3
59
14
16
8
3
10
154
60
2
18
2
1
1
3
27
118
14
3
75
1
3
170
54
1
8
1
7
156
14
17
38
11
1
2
2
207
18
3
13
138
24
77
1
1
179
29
12
14
6
1
174
19
4
27
6
8
3
108
102
17
11
1
2
57
170
2
4
4
4
200
36
3
2
21
220
72
143
9
1
16
80
45
3
28
60
22
1
2
150
79
6
5
1
199
8
1
29
4
196
8
20
8
9
113
23
55
48
2
103
109
8
11
3
3
4
184
14
3
25
2
10
3
34
6
4
28
115
13
4
26
4
4
3
211
17
12
1
27
196
2
10
1
1
4
60
68
61
38
9
5
85
52
62
39
2
1
143
90
2
5
1
135
80
2
12
10
2
124
45
42
4
7
6
11
1
1
77
96
39
24
4
1
237
2
2
29
136
39
29
5
2
1
191
26
2
19
3
106
56
66
10
1
1
1
93
81
24
36
7
118
19
50
26
21
7
48
120
71
2
197
9
22
6
2
2
1
2
212
5
10
14
114
32
65
11
5
12
2
100
98
42
1
213
2
8
6
5
5
1
1
202
20
11
2
2
4
31
144
45
5
8
1
5
1
1
149
60
18
5
4
3
2
197
9
6
5
18
6
29
49
147
15
1
137
42
5
26
7
13
7
4
127
15
76
7
8
4
3
1
228
13
110
81
49
1
207
24
5
5
49
13
179
170
62
8
1
211
20
4
3
3
206
1
29
1
3
1
79
70
45
7
7
6
24
2
1
145
25
33
13
6
10
8
1
24
121
45
15
34
1
1
141
65
14
6
10
3
1
1
82
113
25
9
1
3
5
3
18
217
4
2
115
2
80
25
11
6
2
57
81
75
11
6
11
83
150
5
1
2
89
137
2
2
4
2
5
163
34
7
12
12
6
6
1
162
75
4
74
149
7
1
7
1
1
1
120
8
81
25
1
2
4
95
113
30
1
1
1
216
17
4
3
1
169
52
15
1
2
2
92
72
31
15
20
2
3
2
2
1
1
137
68
11
17
3
1
1
1
1
1
94
76
64
5
1
1
67
35
4
109
7
2
9
3
3
1
1
183
51
5
2
194
12
26
7
1
1
172
64
5
106
51
77
2
4
1
146
72
3
16
1
2
1
206
14
13
8
96
105
25
8
4
2
1
2
87
89
63
195
28
17
1
111
90
40
70
156
15
206
16
5
7
2
2
2
1
58
125
49
7
2
71
18
106
41
2
1
2
168
53
17
2
1
188
46
3
4
18
40
92
82
4
3
2
185
39
3
13
1
187
28
4
4
15
3
176
43
11
7
4
43
42
123
28
3
1
1
187
50
2
2
198
17
19
4
1
2
107
117
10
7
156
7
8
59
2
6
1
1
1
81
3
14
139
4
169
5
8
39
11
9
190
22
24
1
4
91
61
60
6
6
5
7
4
1
73
126
3
32
7
216
8
17
91
55
6
24
24
28
1
12
74
137
6
21
1
2
82
100
33
6
13
3
2
2
78
55
105
2
1
102
38
79
19
2
1
15
6
70
38
47
5
23
28
5
4
147
61
22
10
1
166
10
27
38
210
24
4
1
2
234
3
4
89
124
5
10
10
3
18
3
190
9
7
10
1
1
2
109
95
20
12
2
2
1
152
29
19
18
9
5
1
4
1
2
1
76
59
3
11
34
29
6
21
1
1
204
37
100
33
76
31
1
148
4
65
2
5
11
1
1
4
137
46
57
1
154
35
31
21
58
174
9
79
96
32
4
5
13
6
5
1
159
65
11
4
2
189
40
11
1
165
54
20
2
24
122
62
13
2
16
1
1
30
193
7
2
8
1
111
17
88
10
1
7
2
1
1
1
1
1
219
20
2
92
25
12
106
1
3
2
67
73
53
29
11
6
1
1
30
68
70
12
57
1
1
1
1
138
71
27
2
2
1
83
117
14
3
11
8
4
1
138
54
8
31
5
2
1
2
28
68
3
62
47
17
2
6
4
4
21
65
82
62
11
219
4
2
15
1
208
16
10
5
2
166
9
4
36
19
1
2
3
1
216
25
157
22
31
15
7
4
1
2
1
1
16
107
96
18
1
1
2
137
38
47
1
8
5
2
1
1
1
67
62
68
1
29
13
1
7
134
11
16
43
22
2
2
2
2
78
24
18
14
96
10
1
149
66
26
129
13
24
35
7
29
1
3
64
141
13
16
5
2
26
155
5
30
11
7
7
25
158
32
25
1
241
80
156
5
1
31
128
3
41
21
4
7
3
2
69
31
15
12
83
4
22
5
109
36
6
67
20
1
1
1
209
12
2
9
6
2
1
115
24
37
40
5
10
1
3
5
1
119
122
131
98
9
3
23
146
29
24
15
3
1
36
91
76
33
3
1
1
44
186
11
28
50
64
68
4
8
13
4
2
163
52
10
8
3
4
1
188
5
10
3
10
1
12
8
1
3
51
170
19
1
235
5
1
78
127
28
7
1
195
36
3
5
2
99
98
17
13
5
3
1
5
14
96
57
24
41
2
5
1
1
167
5
32
28
3
5
1
138
52
20
9
11
5
3
2
1
199
14
5
21
1
1
150
14
12
16
36
4
6
3
239
2
41
110
72
12
4
1
1
218
4
12
4
3
146
77
3
8
6
1
196
21
16
6
2
45
132
24
28
4
7
1
174
24
34
9
96
119
21
2
1
2
58
156
11
16
215
18
6
2
17
137
20
63
4
126
54
7
26
21
4
3
30
14
17
113
5
25
23
4
1
5
1
2
1
106
51
81
1
1
1
221
6
10
4
175
61
5
241
215
25
1
239
2
183
32
21
4
1
7
204
16
7
5
2
165
10
43
12
8
3
43
27
133
31
7
39
6
158
10
28
157
21
20
5
7
1
26
1
2
1
81
11
43
84
4
14
2
2
110
30
66
10
24
1
211
12
16
1
1
152
9
49
4
7
19
1
178
37
15
1
7
2
1
63
78
57
36
1
4
1
1
160
65
7
2
2
2
2
1
53
15
11
5
80
22
55
99
142
199
3
7
29
2
1
216
15
2
2
6
88
74
29
40
1
9
18
70
21
9
94
12
17
135
62
11
17
5
3
7
1
163
73
4
1
236
1
3
1
138
39
38
25
1
226
3
6
6
93
85
45
3
15
235
5
1
238
2
1
154
29
52
2
3
1
232
1
3
2
3
89
86
49
9
5
3
181
55
5
58
132
48
3
213
18
3
7
26
52
144
11
5
1
1
1
31
193
14
1
1
1
148
1
69
19
3
1
27
107
30
16
5
19
28
1
1
6
1
24
41
85
41
6
33
5
5
1
79
75
61
10
7
9
28
130
40
7
31
2
3
79
75
79
5
1
1
1
174
18
43
4
1
1
200
41
39
140
61
1
29
155
38
8
3
7
1
212
25
4
170
28
4
22
2
11
4
52
39
35
15
33
20
45
1
1
205
34
1
1
42
124
60
2
4
8
1
15
61
51
98
2
9
4
1
138
101
1
1
10
182
2
12
28
7
181
39
7
13
1
142
32
44
7
10
1
5
65
113
62
1
182
3
10
12
22
1
2
8
1
205
35
1
228
5
4
1
3
181
17
18
9
16
188
41
5
3
2
2
142
83
1
9
3
1
2
74
163
3
1
166
71
1
2
1
45
144
22
6
8
7
9
173
34
34
56
49
53
60
21
2
209
24
3
2
3
53
105
20
13
26
9
3
9
1
1
1
124
115
2
218
5
1
9
8
227
10
1
3
225
13
3
167
58
12
2
2
204
26
7
2
1
1
100
47
17
64
5
4
4
56
38
34
73
13
21
4
1
1
23
16
34
21
87
17
23
2
1
9
2
1
3
2
167
64
10
81
76
7
63
3
11
188
11
34
7
1
21
80
81
48
5
1
5
43
197
1
220
13
5
2
1
160
49
12
16
3
1
214
3
24
94
134
5
8
112
33
93
3
173
64
3
1
137
56
25
6
15
1
1
170
29
23
17
2
212
18
1
4
4
2
104
19
44
42
3
7
12
8
1
1
69
28
75
40
26
1
1
1
153
16
50
11
8
2
1
175
1
36
21
8
80
62
90
8
1
13
210
10
3
5
54
171
11
4
1
220
17
1
3
135
1
42
36
9
2
3
10
3
20
113
78
15
13
1
1
175
50
10
3
3
24
21
7
163
24
2
97
44
25
75
136
88
7
2
1
5
2
162
25
5
40
9
148
35
5
37
4
9
2
1
25
57
44
86
7
6
12
3
1
25
5
206
1
4
164
30
44
3
190
30
4
8
9
103
54
34
11
29
9
1
160
26
11
29
13
2
135
5
95
6
72
109
46
6
7
1
167
32
16
2
14
6
2
2
14
125
72
1
12
5
11
1
149
38
8
19
19
6
2
139
19
77
4
2
240
1
187
31
5
16
1
1
146
45
12
7
7
15
3
6
25
16
153
33
14
53
126
60
2
121
18
6
12
76
6
2
106
45
9
55
19
4
1
2
198
24
2
4
5
1
5
2
107
123
1
1
6
2
1
120
37
6
59
10
6
3
135
19
53
2
7
1
6
12
4
1
1
166
39
21
12
2
1
33
4
161
2
7
4
11
16
1
1
1
147
91
2
1
165
26
32
12
3
2
1
7
109
62
7
4
19
32
1
175
51
2
11
2
143
14
18
36
29
1
213
26
1
1
173
15
5
41
3
3
1
167
15
25
25
6
1
1
1
168
42
13
2
7
3
4
2
215
24
2
118
120
2
1
48
193
124
42
53
9
9
2
1
1
181
32
17
3
6
1
1
121
109
4
5
2
29
130
38
4
37
3
119
65
35
10
4
1
5
2
37
142
61
1
72
93
74
2
118
46
36
3
25
6
7
152
86
3
136
25
39
8
26
7
133
26
30
14
24
12
2
Number of elements: 2510
