Bin size: 158
Num of Bins: 462
28
30
61
12
2
25
1
65
69
15
3
2
3
28
113
2
4
5
3
2
1
65
68
25
40
72
28
14
4
81
50
13
3
2
1
5
1
2
25
54
8
71
68
4
67
11
1
6
1
118
14
6
11
3
3
1
1
1
128
29
1
15
106
24
2
3
2
3
2
1
16
129
4
1
6
2
35
103
14
2
3
1
111
43
4
148
3
2
2
1
1
1
5
56
40
18
30
4
3
1
1
139
13
5
1
137
5
16
20
109
4
8
5
2
7
1
2
41
72
5
5
20
12
2
1
20
54
38
7
21
6
7
4
1
118
6
26
2
2
4
82
22
15
5
8
2
5
1
2
11
3
2
145
5
8
127
11
19
1
146
1
11
139
5
10
1
3
64
54
4
5
20
7
3
1
97
36
4
5
5
3
4
2
2
110
34
5
4
1
3
1
140
3
15
61
32
9
4
27
21
4
27
121
10
143
6
2
5
2
38
98
15
7
76
20
12
2
22
25
1
155
2
1
60
62
23
8
1
2
2
82
39
20
16
1
96
52
5
2
3
76
58
16
3
4
1
78
55
23
2
23
111
15
7
2
27
25
60
1
35
7
1
1
1
147
10
1
45
35
14
33
22
6
3
10
104
11
26
1
1
5
106
11
29
2
4
4
2
33
36
33
5
44
2
5
152
3
3
81
7
56
12
1
1
72
45
22
1
6
12
29
1
123
1
2
1
1
91
43
24
129
19
2
4
3
1
113
19
11
10
1
3
1
104
29
20
2
1
2
126
21
5
5
1
148
8
2
62
15
57
19
1
4
89
49
2
4
9
3
2
102
40
12
3
1
66
58
20
13
1
101
7
35
3
6
3
2
1
114
11
6
3
11
4
8
1
1
145
6
2
4
6
74
16
59
2
1
101
11
35
5
3
2
1
131
2
23
2
84
12
60
2
84
34
3
1
13
8
7
6
1
1
73
50
17
5
9
1
2
1
62
49
44
2
1
87
63
7
1
18
85
36
17
1
1
48
28
80
1
1
20
138
12
100
37
2
5
2
85
31
34
2
4
2
94
44
13
7
2
124
2
20
3
6
1
98
55
3
1
1
50
99
2
4
2
1
120
33
3
1
1
146
6
2
2
2
119
32
4
3
104
51
1
2
10
140
1
4
3
115
25
14
1
3
49
3
52
47
6
1
38
61
41
17
1
156
2
146
6
4
2
105
46
7
10
115
14
2
16
1
27
94
26
4
2
3
2
96
28
9
15
3
6
1
93
50
14
1
85
8
27
27
10
1
123
10
22
3
15
128
5
6
3
1
122
33
3
14
138
6
103
43
2
4
5
1
18
78
19
18
20
1
3
1
24
47
43
19
16
2
5
2
7
64
36
16
23
12
99
14
26
14
2
3
126
16
4
10
2
75
13
52
3
3
11
1
135
19
1
1
1
1
86
70
2
78
40
13
19
1
5
2
103
52
1
2
113
10
23
8
4
23
25
109
1
92
30
28
4
3
1
83
61
2
8
3
1
36
121
1
12
36
4
70
21
9
3
2
1
36
18
60
23
7
12
1
1
65
28
40
9
16
30
101
20
1
6
44
82
5
25
1
1
10
141
7
103
21
25
4
2
3
130
4
21
3
34
77
24
6
10
6
1
118
14
14
7
2
1
1
1
145
8
5
90
32
6
28
1
1
145
9
3
1
88
28
41
1
12
135
4
6
1
84
65
9
24
108
8
3
5
10
153
3
1
1
20
67
46
13
6
3
2
1
55
70
29
1
2
1
6
132
14
6
83
50
25
21
74
24
6
19
14
105
36
3
4
10
144
5
3
1
2
2
1
11
80
27
8
11
12
4
5
55
13
60
29
1
19
30
93
3
2
3
5
2
1
76
12
69
1
118
31
9
64
85
4
1
1
1
1
1
13
118
11
4
9
1
2
2
105
20
18
12
1
95
39
3
14
2
2
3
108
30
10
3
5
1
1
135
3
10
5
1
1
2
1
7
117
28
4
2
59
38
23
28
1
1
2
3
3
46
54
49
9
109
3
38
8
14
109
26
1
6
2
75
38
15
5
9
1
9
5
1
71
86
1
135
1
12
3
7
55
10
40
37
13
3
19
37
81
8
4
9
131
26
1
105
53
57
5
66
17
1
8
2
1
1
152
3
1
1
1
116
10
23
4
1
2
1
1
117
27
7
3
1
3
61
23
40
15
10
4
3
2
148
6
4
99
3
50
5
1
40
80
34
2
2
148
3
7
76
40
20
4
12
6
11
10
71
22
38
1
1
2
2
151
7
127
5
20
2
1
1
2
157
1
39
87
20
1
11
115
4
11
22
1
3
1
1
151
1
3
2
1
6
41
62
16
12
13
3
3
1
1
61
17
41
30
2
1
2
2
2
35
11
47
20
40
2
3
68
56
17
11
3
1
1
1
146
3
7
2
63
54
38
1
1
1
104
17
4
2
25
3
3
139
12
7
88
2
29
3
32
4
101
41
10
6
80
28
34
11
5
28
45
78
7
128
27
1
1
1
28
104
17
1
4
3
1
78
43
10
17
9
1
35
26
1
61
24
4
7
27
114
1
2
3
11
34
57
65
1
1
72
13
17
44
4
3
1
3
1
121
18
2
14
3
151
2
2
3
128
4
9
4
2
6
4
1
116
19
8
7
3
3
2
91
63
2
1
1
117
41
4
78
19
47
1
1
2
1
5
33
118
3
2
1
1
131
7
7
7
2
4
104
52
2
97
12
18
17
1
7
4
1
1
38
52
37
11
9
10
1
54
66
20
10
3
1
4
93
65
127
13
1
10
6
1
7
95
35
21
64
69
4
17
4
14
59
5
59
8
6
5
1
1
10
5
127
2
11
1
2
80
72
4
1
1
130
4
2
7
4
1
4
4
1
1
153
3
1
1
16
95
13
24
1
9
128
26
3
1
52
98
1
1
2
3
1
2
84
7
34
17
6
2
5
1
124
27
4
2
1
97
7
10
25
13
2
3
1
19
116
16
4
3
89
41
14
3
8
2
1
110
5
43
131
26
1
24
129
2
2
1
45
110
3
131
1
16
9
1
43
108
1
5
1
39
98
8
9
2
2
15
46
83
12
2
34
47
42
1
29
3
1
1
139
3
8
4
1
1
1
1
27
112
6
10
2
1
28
72
17
41
150
7
1
71
64
3
5
6
4
1
4
15
41
49
13
5
29
1
1
3
1
114
27
10
6
1
91
56
10
1
3
25
62
5
13
43
2
3
2
153
2
2
1
108
18
18
11
2
1
149
6
2
1
18
127
12
1
97
19
27
1
12
2
18
42
47
24
21
5
1
137
16
3
2
17
129
9
2
1
155
1
2
68
22
4
59
2
3
148
9
1
62
61
29
6
29
34
14
71
3
2
5
39
110
6
3
43
81
30
1
2
1
127
28
3
81
23
5
21
13
14
1
92
51
10
2
1
2
22
63
12
60
1
51
45
9
50
2
1
29
51
54
5
7
4
3
4
1
63
67
25
3
144
5
9
143
6
6
3
116
4
18
20
150
2
3
1
1
1
42
49
55
3
3
3
1
2
62
24
52
3
5
12
113
29
6
1
6
2
1
21
93
19
8
8
1
8
71
22
57
3
2
2
1
142
10
4
1
1
118
33
2
3
1
1
80
35
35
6
1
1
18
61
74
4
1
68
33
30
27
51
97
3
3
1
2
1
62
19
65
6
2
3
1
46
17
70
15
5
5
115
11
8
2
13
5
2
1
1
20
96
2
25
14
1
144
1
5
6
2
17
90
32
1
4
5
3
4
1
1
17
29
4
1
94
9
1
1
2
62
52
28
12
2
2
95
48
12
1
1
1
137
7
7
6
1
82
60
16
32
59
1
41
12
9
3
1
72
61
13
9
1
2
126
16
14
2
98
19
24
16
1
7
134
14
3
1
68
63
11
6
2
2
1
1
1
2
79
25
13
33
7
1
55
49
18
33
1
1
1
37
42
41
10
15
1
12
156
2
155
1
2
61
11
38
31
14
3
104
6
19
29
45
7
65
40
1
150
7
1
35
121
2
15
5
63
27
1
4
14
16
9
3
1
129
16
3
10
43
48
52
13
1
1
114
19
11
5
4
5
13
98
23
5
4
10
1
4
123
13
20
1
1
74
61
22
1
117
37
2
1
1
154
3
1
153
4
1
26
124
3
1
3
1
11
63
38
27
10
8
1
63
58
23
11
3
13
75
51
8
8
2
1
152
2
1
2
1
53
54
7
29
1
8
2
2
2
85
24
48
1
58
69
10
8
7
4
2
56
28
63
2
3
3
1
1
1
127
2
10
6
2
11
73
19
7
5
36
4
3
9
2
11
17
115
9
2
2
2
17
22
75
10
23
2
4
4
1
99
48
8
3
122
2
7
25
1
1
147
2
9
106
15
28
6
1
1
1
109
33
4
1
4
3
2
2
98
5
27
17
6
5
80
48
26
3
1
84
38
16
7
7
5
1
75
72
6
3
1
1
95
28
10
12
5
7
1
91
27
11
23
3
2
1
94
60
1
3
92
50
11
4
1
92
37
26
2
1
56
24
49
25
2
1
1
4
42
59
45
8
90
40
12
8
1
3
3
1
84
70
3
1
125
30
2
1
22
18
107
10
1
95
37
11
15
87
29
5
25
1
9
2
70
41
6
6
20
5
2
8
90
38
2
3
2
12
3
4
4
99
46
7
6
42
41
12
43
14
1
2
3
94
24
30
10
149
2
7
63
71
4
8
6
5
1
109
2
9
3
7
2
22
4
67
88
1
1
1
1
129
5
18
1
4
127
16
2
13
72
30
55
1
8
76
69
2
1
1
1
45
35
54
4
2
10
8
19
116
17
4
1
1
143
10
3
1
1
65
81
11
1
58
28
28
11
11
20
1
1
47
96
5
2
6
1
1
128
24
4
2
54
19
56
9
11
7
1
1
151
4
1
2
115
11
30
1
1
15
98
17
3
3
5
6
4
7
109
31
2
9
1
4
2
98
15
45
138
1
19
116
8
17
2
8
6
1
97
59
1
1
61
42
10
25
15
1
4
129
10
3
8
7
1
47
57
35
13
3
1
2
140
5
11
1
1
17
109
27
3
1
1
147
5
4
2
130
27
1
133
21
2
1
1
99
46
8
4
1
134
2
14
3
5
58
77
1
7
14
1
29
72
1
6
3
14
19
2
3
4
5
25
96
25
10
2
4
24
87
27
3
11
2
121
33
1
1
1
1
30
50
14
57
5
1
1
4
145
7
1
1
89
5
46
15
2
1
30
77
44
7
151
3
1
1
1
1
119
7
18
6
3
3
1
1
125
14
4
14
1
128
15
12
3
126
2
6
22
2
14
45
79
19
1
135
3
7
11
1
1
154
3
1
26
57
75
3
54
27
62
3
8
1
52
95
5
4
2
75
7
73
3
138
14
2
3
1
145
5
1
6
1
132
18
5
2
1
52
31
62
13
24
61
49
20
4
116
40
2
126
14
3
15
36
44
65
4
5
1
1
1
1
148
4
2
1
3
14
16
72
43
1
5
5
1
1
104
47
3
4
40
31
7
37
26
11
1
3
1
1
60
40
43
12
2
1
33
102
21
2
69
5
39
13
31
1
61
70
3
11
6
5
1
1
17
16
67
1
27
15
13
2
20
61
43
19
8
4
1
2
37
106
2
4
6
1
2
122
24
4
6
1
1
85
56
6
4
6
1
101
49
3
2
1
2
27
68
39
24
73
66
2
6
3
7
1
153
1
3
1
36
114
6
2
31
15
90
6
9
3
4
28
83
24
20
3
133
13
8
4
24
79
20
32
3
15
37
48
49
8
1
55
103
74
11
60
3
2
3
1
2
1
1
70
28
3
35
8
13
1
23
69
62
2
1
1
39
35
17
11
44
3
6
1
1
1
91
39
7
2
12
2
3
1
1
23
78
19
28
10
14
56
46
19
12
10
1
137
8
4
4
5
147
1
9
1
109
33
12
1
2
1
Number of elements: 2646
