Bin size: 244
Num of Bins: 478
100
82
17
43
2
25
72
111
24
3
9
218
7
1
17
1
193
51
90
112
18
23
1
217
15
1
5
6
199
6
23
14
1
1
26
173
35
5
1
3
1
187
49
8
237
2
2
1
2
30
159
47
2
4
1
1
47
126
66
2
1
1
1
204
22
11
2
3
1
1
165
31
29
12
7
84
26
121
7
2
3
1
131
7
98
3
2
1
2
57
126
41
5
1
12
2
1
78
142
6
8
6
3
40
91
37
64
12
192
46
1
5
132
107
2
3
31
154
21
18
20
114
87
3
14
26
147
2
95
244
195
14
2
28
4
1
155
32
32
11
2
5
4
2
1
174
9
23
32
4
2
195
1
41
6
1
204
40
29
203
5
5
2
149
68
4
13
1
5
1
3
237
7
121
20
84
9
9
1
51
31
104
12
20
14
10
2
106
17
73
43
1
3
1
218
22
1
3
74
5
46
79
14
12
14
31
95
115
1
1
1
179
23
7
9
12
7
7
216
22
1
5
85
125
25
4
5
210
16
7
10
1
3
64
63
2
42
52
4
14
132
90
9
3
10
46
48
37
44
5
4
33
20
3
4
242
2
187
42
2
10
1
2
224
13
1
4
1
1
7
27
140
34
23
4
8
1
16
197
11
16
2
1
1
118
73
10
38
1
1
1
2
118
76
13
20
7
5
4
1
192
47
2
3
143
43
22
17
3
9
1
2
2
2
211
13
4
11
4
1
130
56
6
26
1
21
1
2
1
88
156
27
96
95
11
15
165
19
11
43
6
240
3
1
186
19
32
2
5
49
109
18
37
8
14
4
3
2
141
59
30
12
1
1
213
4
13
3
3
7
1
7
180
14
38
2
1
2
153
56
7
11
8
9
45
185
14
205
8
2
25
4
242
1
1
52
132
3
11
7
36
2
1
26
149
11
29
26
1
1
1
37
204
2
1
22
100
14
32
52
4
2
3
4
6
2
2
1
60
107
63
11
3
242
1
1
206
31
5
2
154
49
35
2
1
1
2
176
26
24
16
2
243
1
34
67
55
63
6
15
1
3
182
41
6
3
3
8
1
182
33
9
11
5
1
2
1
206
1
36
1
143
82
4
1
4
5
2
2
1
117
101
14
12
95
15
74
13
12
11
18
4
2
236
2
5
1
201
3
18
13
6
3
207
26
3
6
1
1
220
9
7
3
3
2
62
69
33
44
13
2
5
2
2
11
1
176
3
8
31
15
1
1
1
5
1
1
1
205
5
26
8
83
8
144
4
2
2
1
101
79
12
9
26
1
11
3
1
1
17
185
18
24
21
21
28
117
35
2
20
243
1
161
61
9
2
5
6
175
64
5
186
33
20
2
3
180
9
25
27
2
1
200
24
1
19
112
56
11
12
46
2
1
4
83
153
2
3
3
44
26
150
19
1
3
1
89
142
9
1
2
1
122
22
31
16
27
11
14
1
149
20
57
15
1
2
129
80
25
2
1
3
3
1
238
4
2
226
17
1
78
65
68
20
6
1
3
2
1
102
67
28
13
13
16
2
3
174
24
3
34
3
5
1
206
6
18
13
1
84
132
16
10
2
37
117
74
7
8
1
41
105
18
10
57
12
1
102
52
23
25
11
13
5
11
1
1
136
12
54
15
20
4
2
1
133
80
13
17
1
150
42
6
1
32
8
5
206
8
11
8
11
26
9
80
97
6
8
4
8
4
1
1
225
14
4
1
171
46
2
14
3
7
1
85
107
21
1
16
14
48
91
87
2
8
2
3
2
1
81
32
93
28
2
2
2
2
2
45
117
20
53
4
3
2
73
131
26
11
2
1
133
36
56
2
3
12
1
1
171
68
2
1
2
12
109
103
12
8
155
23
9
2
35
8
8
3
1
74
82
62
24
2
92
123
10
15
3
1
107
51
28
51
1
2
4
224
15
1
3
1
116
17
12
80
16
2
1
146
56
21
15
5
1
152
43
19
12
16
2
232
3
1
4
1
3
198
16
9
5
1
10
4
1
224
16
1
3
82
11
14
72
14
11
21
8
5
4
2
237
1
1
2
3
10
183
26
17
3
5
225
10
7
2
92
21
54
45
15
4
13
76
35
89
36
3
4
1
174
67
1
2
35
25
156
21
3
1
3
96
69
78
1
108
73
36
26
1
198
18
8
18
2
20
80
121
6
1
2
1
2
11
171
39
6
9
8
8
3
192
45
5
2
128
79
13
11
2
1
9
1
159
19
64
1
1
218
15
8
3
135
20
33
56
48
163
12
15
2
2
2
84
50
38
47
22
1
1
1
97
8
76
15
4
5
37
1
1
212
4
13
7
1
1
3
2
1
63
77
1
6
8
62
25
1
1
89
141
5
6
1
1
1
13
154
34
31
6
1
2
1
2
173
12
1
6
40
6
6
148
29
37
23
1
3
2
1
115
20
101
7
1
34
167
7
12
1
13
9
1
10
80
40
91
1
8
11
2
1
63
122
17
36
3
2
1
180
35
1
19
2
7
198
43
2
1
150
66
1
21
4
2
167
17
44
6
9
1
128
35
17
28
20
2
1
8
3
1
1
167
65
1
1
3
4
2
1
110
107
27
116
43
52
14
18
1
244
87
24
60
12
59
1
1
91
50
27
34
31
3
6
1
1
243
1
2
67
128
42
3
1
1
131
51
6
48
1
4
3
39
139
20
35
10
1
113
2
2
119
7
1
104
134
4
2
146
72
12
14
25
78
52
45
29
9
1
4
1
32
54
145
2
1
6
4
8
183
41
3
5
2
2
191
8
3
35
5
1
1
4
177
25
1
23
7
4
1
2
143
99
2
11
96
18
51
61
7
65
35
124
11
4
4
1
138
64
31
6
3
2
228
15
1
111
66
8
13
34
10
1
1
214
21
8
1
218
4
16
3
2
1
85
150
3
4
2
112
75
37
20
205
31
6
2
131
89
11
12
1
204
23
3
2
1
7
4
11
207
24
2
184
18
12
29
1
74
90
43
3
2
26
1
5
198
37
1
7
1
134
11
87
7
3
1
1
202
10
30
2
4
216
19
4
1
27
158
36
18
3
2
56
87
17
23
1
33
16
8
3
31
157
30
23
2
1
107
131
4
1
1
97
45
54
43
2
3
114
55
29
34
10
2
78
157
5
2
1
1
212
26
1
4
1
219
23
1
1
8
32
6
12
77
76
30
1
1
1
151
43
10
30
2
4
4
222
21
1
113
117
9
2
3
104
105
29
5
1
146
16
22
1
18
4
5
9
7
9
5
1
1
47
98
56
13
18
10
2
4
114
122
3
1
30
80
103
15
12
2
2
23
144
74
1
2
29
140
42
29
2
1
1
100
128
5
3
1
5
1
1
3
25
193
7
8
8
230
10
4
213
21
10
16
25
153
26
6
14
1
1
2
167
26
23
27
1
78
89
2
17
37
20
1
83
132
26
2
1
37
85
27
71
13
9
2
23
138
28
48
1
3
3
8
18
195
12
2
5
1
2
1
125
109
2
4
4
168
49
25
2
33
163
24
11
11
2
131
85
21
4
1
1
1
14
134
67
14
1
8
3
1
1
1
162
74
3
5
20
181
22
3
10
5
3
120
68
40
14
2
130
64
26
22
1
1
177
65
2
69
35
125
14
1
38
13
45
36
101
6
4
1
155
55
11
4
13
6
100
43
6
56
6
2
5
24
2
89
74
81
227
11
6
161
35
40
5
3
94
145
4
1
220
10
2
12
48
139
45
9
2
1
232
2
8
1
1
143
91
4
3
2
1
133
45
19
43
1
3
22
51
14
130
17
4
4
2
229
6
3
6
193
5
8
38
150
60
27
6
1
224
14
3
3
148
57
3
3
33
167
22
22
14
12
1
1
2
1
1
1
12
28
3
182
7
8
1
1
2
73
97
52
20
2
244
157
61
3
12
3
7
1
150
94
233
8
2
1
213
17
4
9
1
176
11
45
3
6
2
1
226
10
7
1
55
22
158
7
2
119
74
9
19
6
4
1
5
2
2
2
1
191
17
19
14
2
1
136
29
15
59
2
1
2
97
96
51
150
29
6
47
12
124
105
6
6
3
189
54
1
205
12
22
1
4
103
57
64
13
3
4
85
64
94
1
184
48
8
1
3
45
109
37
15
37
1
121
30
32
49
7
5
89
65
34
39
16
1
176
5
51
4
1
7
114
5
31
5
17
23
43
4
1
1
105
1
105
4
27
1
1
161
81
1
1
61
1
85
33
3
18
9
25
6
1
2
102
41
54
1
27
5
10
1
2
1
70
149
17
3
3
2
90
101
39
6
3
2
3
12
85
8
116
6
8
8
1
142
44
25
31
2
89
116
39
87
49
102
5
1
75
100
8
50
10
1
208
2
23
8
3
168
2
60
4
6
2
2
181
23
2
1
8
9
1
16
3
155
41
24
6
9
7
2
4
159
11
37
23
4
3
1
1
1
94
1
117
19
9
3
1
165
66
1
7
1
1
3
202
3
24
3
7
2
2
1
80
70
1
42
36
14
1
59
102
29
51
2
1
74
134
28
6
2
96
66
40
7
18
8
5
3
1
137
101
6
50
117
48
16
2
11
157
44
32
1
1
9
67
159
18
163
60
6
11
3
1
41
53
134
15
1
182
24
34
4
176
25
29
13
1
142
37
63
2
212
6
11
11
1
3
39
87
37
73
7
1
152
64
9
4
4
5
3
2
1
37
183
5
1
16
1
1
73
32
8
95
19
17
168
10
49
9
5
2
1
152
37
10
42
3
116
47
27
50
3
1
27
200
13
1
2
1
84
159
1
181
21
36
1
1
3
1
13
48
54
20
103
6
59
113
64
7
1
175
17
42
8
2
172
32
19
16
3
2
217
8
7
10
1
1
87
110
22
23
2
69
133
20
4
3
5
2
7
1
203
6
7
23
5
75
50
91
3
15
4
6
236
1
3
1
2
1
189
40
6
8
1
14
47
34
64
54
23
2
6
161
47
1
20
10
2
2
1
181
48
7
4
4
231
2
1
8
1
1
140
91
6
2
2
1
1
1
27
149
10
48
3
4
1
2
225
19
167
58
11
3
3
1
1
67
83
56
5
19
12
1
1
146
12
61
22
1
2
141
15
40
16
10
18
1
1
2
76
114
42
12
96
18
49
18
4
12
34
9
1
2
1
98
85
33
14
10
4
214
23
2
3
2
225
3
4
1
9
1
1
71
91
78
2
1
1
48
22
78
89
7
9
210
16
8
1
22
204
11
1
3
1
2
214
13
1
1
12
3
198
32
10
4
121
87
16
7
13
29
25
49
33
57
26
15
1
9
229
5
9
1
18
81
104
7
30
2
2
175
6
18
45
142
66
19
14
2
1
1
143
59
40
1
143
58
25
3
2
10
1
2
211
11
9
13
20
122
12
3
64
4
10
6
3
1
33
101
34
60
10
2
3
86
139
13
1
1
2
1
1
77
108
45
1
8
4
1
83
117
34
1
9
233
9
1
1
197
14
28
2
1
2
14
33
11
176
6
3
1
135
61
35
10
3
121
82
20
21
89
66
18
23
32
16
38
154
26
6
2
18
140
81
13
9
1
6
74
15
125
7
10
5
1
1
219
10
4
9
1
1
183
40
6
10
3
1
1
75
3
152
12
2
127
113
4
82
142
14
6
39
148
47
2
5
1
2
122
24
79
10
3
5
1
67
75
22
10
47
10
12
1
87
17
27
67
4
21
14
1
5
1
80
103
43
17
1
149
15
71
8
1
74
155
6
8
1
21
121
68
29
5
179
47
9
9
185
16
42
1
136
76
4
13
11
2
2
164
27
49
4
122
121
1
159
59
21
5
59
80
7
22
67
1
1
5
1
1
42
69
107
9
15
2
86
22
40
64
10
22
7
12
61
82
5
32
32
11
2
27
21
110
5
54
4
16
5
1
1
117
96
28
1
2
144
81
4
5
10
54
113
30
31
15
1
140
82
3
11
3
1
1
2
1
232
3
7
1
1
22
42
107
50
11
9
1
1
1
36
3
14
188
2
1
77
56
95
1
7
4
2
1
1
93
49
6
77
10
6
3
114
67
43
6
8
5
1
73
169
1
1
83
134
26
1
175
6
20
33
2
6
2
63
100
32
12
1
10
2
13
10
1
69
141
9
8
5
12
156
75
4
6
1
2
100
76
44
1
22
1
119
98
12
3
11
1
177
6
57
1
2
1
208
3
18
1
7
3
4
59
130
37
3
8
4
3
236
1
5
2
233
1
5
2
3
143
50
36
7
3
3
1
1
229
13
2
115
18
38
42
16
10
5
90
10
16
59
69
11
161
42
5
17
5
3
53
75
107
6
1
2
163
53
28
220
20
1
1
2
55
5
29
146
6
3
61
100
54
16
7
2
2
1
1
193
27
17
3
3
1
57
148
24
6
7
1
1
115
12
110
4
3
67
108
25
37
6
1
14
198
32
22
203
16
2
1
19
189
11
22
1
2
216
15
13
18
199
18
8
1
144
46
54
26
156
33
28
1
40
133
7
27
9
10
13
1
4
141
55
43
3
2
25
181
24
11
3
Number of elements: 2890
