Bin size: 198
Num of Bins: 346
8
110
10
16
4
6
9
21
7
5
2
23
110
5
14
8
18
8
9
2
1
57
43
27
25
12
30
1
3
182
2
14
65
88
23
18
3
1
87
57
20
12
15
1
4
2
72
69
12
23
17
4
1
64
22
90
6
2
2
3
4
2
1
1
1
102
94
1
1
131
39
14
7
6
1
111
10
16
2
49
4
2
3
1
89
70
6
12
21
141
25
10
21
1
96
83
6
9
3
1
65
123
7
3
43
17
104
33
1
46
109
33
6
1
3
7
13
166
1
11
175
4
19
50
95
26
27
47
23
79
46
3
18
15
64
48
39
5
7
1
1
43
130
5
15
2
2
1
124
48
21
1
4
130
58
6
4
42
79
42
33
1
1
75
50
48
6
1
10
5
2
1
1
35
114
25
10
4
3
3
1
2
98
96
2
2
164
3
21
9
1
127
9
15
5
29
9
3
1
185
13
129
31
37
1
40
111
20
22
3
2
151
5
17
19
2
2
2
25
63
34
74
1
1
163
20
2
11
1
1
172
8
14
4
141
44
13
182
13
3
99
43
43
8
5
46
5
79
37
19
6
5
1
87
24
21
28
22
9
2
1
4
37
123
28
5
2
1
1
1
52
71
31
25
2
3
5
5
3
1
44
151
1
1
1
3
78
57
34
1
18
1
5
1
17
96
83
1
1
189
4
2
2
1
156
14
15
13
28
93
42
33
1
1
52
56
46
26
17
1
88
24
70
15
1
53
45
41
58
1
4
85
85
22
2
74
73
44
1
5
1
123
64
4
7
51
91
24
6
13
7
4
1
1
145
18
6
26
3
58
38
97
1
1
3
121
7
23
4
32
7
2
1
1
34
157
6
1
89
53
22
5
10
8
8
2
1
37
54
28
56
21
1
1
65
129
4
165
22
11
139
59
152
20
3
3
10
4
1
5
90
32
2
67
3
3
1
135
28
33
2
23
99
49
26
1
195
3
74
84
12
8
4
6
9
1
147
26
2
2
9
9
2
1
134
13
48
1
2
145
23
2
13
14
1
176
18
4
124
64
10
36
129
10
19
3
1
55
82
20
40
1
162
10
26
21
21
126
24
5
1
174
3
16
4
1
120
26
40
2
6
4
153
38
2
3
1
1
146
38
5
4
2
1
1
1
143
11
43
1
155
4
29
5
2
3
34
5
156
3
58
86
16
35
1
1
1
38
137
8
11
2
1
1
190
3
3
2
95
16
55
6
17
6
1
2
157
22
9
9
1
142
20
19
11
6
186
3
2
2
4
1
168
28
1
1
33
72
82
4
6
1
107
26
10
49
2
1
2
1
75
84
28
4
5
2
110
46
19
22
1
142
4
16
8
24
2
2
22
46
102
5
2
13
5
3
81
57
46
5
4
5
129
60
7
2
71
14
36
57
12
4
1
2
1
118
1
5
33
19
18
4
8
83
107
66
94
7
15
3
2
1
6
1
1
2
190
3
4
1
60
98
37
1
2
190
1
6
1
3
193
2
156
4
22
14
1
1
17
136
4
12
20
6
3
57
140
1
35
117
38
4
3
1
127
61
2
8
162
30
6
183
5
1
2
7
101
41
44
10
1
1
188
3
3
2
1
1
193
4
1
78
97
16
6
1
186
2
8
1
1
12
63
41
50
22
10
116
63
13
4
2
156
6
33
2
1
27
5
24
122
20
87
80
13
18
137
48
7
4
1
1
26
170
2
179
15
3
1
95
58
36
1
2
5
1
108
70
9
1
10
17
46
89
24
13
2
2
3
1
1
81
106
8
3
42
84
31
7
31
3
71
51
44
29
3
192
3
1
1
1
163
1
28
5
1
31
47
81
32
6
1
96
29
64
4
1
3
1
25
130
11
25
2
2
3
184
5
8
1
116
35
16
28
1
2
73
32
35
53
2
2
1
182
11
5
9
15
117
30
7
4
9
7
101
80
14
2
1
82
107
7
2
112
79
3
1
2
1
111
71
10
3
1
2
2
147
31
11
2
3
1
1
87
5
1
90
14
1
172
26
152
19
2
16
4
5
126
10
45
1
3
6
2
3
2
118
10
35
19
13
1
2
16
83
63
19
3
8
2
4
76
75
36
3
3
5
176
1
17
1
3
47
26
55
48
20
2
33
24
133
1
5
2
107
48
1
20
16
4
2
154
31
3
7
2
1
124
15
31
2
22
1
1
2
87
38
31
14
7
18
2
1
52
116
28
2
60
11
29
51
47
117
61
19
1
53
129
15
1
26
103
9
18
36
6
189
2
4
2
1
30
82
1
25
34
1
20
4
1
136
38
10
1
7
2
4
31
99
3
61
2
2
134
3
16
23
15
4
1
1
1
107
86
5
36
84
18
49
8
3
88
75
23
6
1
1
2
2
66
107
19
1
4
1
166
12
8
10
1
1
165
13
17
1
1
1
12
177
4
5
19
36
2
24
13
55
35
13
1
93
11
74
11
4
3
2
70
73
20
3
26
6
97
69
14
14
2
1
1
111
45
11
4
10
3
4
10
76
45
31
7
12
20
7
83
70
30
8
4
2
1
5
48
110
25
7
2
1
15
64
10
25
38
18
21
7
116
12
5
40
13
1
3
6
2
5
127
52
4
9
1
142
53
3
94
1
80
5
7
6
2
2
1
109
54
5
2
27
1
27
84
32
45
2
8
178
3
17
7
18
43
87
23
1
1
5
11
1
1
101
33
51
10
2
1
183
10
1
4
102
89
3
2
2
175
6
1
15
1
176
19
1
1
1
121
21
33
17
2
2
2
70
39
57
27
4
1
171
25
2
187
7
4
104
15
11
60
6
2
24
67
17
86
3
1
181
8
9
191
5
2
138
16
22
1
7
2
9
1
2
146
41
10
1
91
68
10
26
3
2
77
119
113
37
7
20
6
14
1
3
42
27
83
29
9
2
3
70
7
30
3
68
7
4
5
2
2
104
17
15
5
52
4
1
13
171
10
2
1
1
184
4
2
8
161
15
12
6
2
2
169
2
25
2
133
2
52
2
8
1
50
24
56
55
7
1
4
1
54
74
58
12
160
38
126
30
20
13
1
7
1
160
19
7
8
3
1
37
126
1
14
16
2
1
1
183
12
2
1
187
11
101
80
9
4
4
94
44
34
20
2
3
1
33
137
21
7
63
25
60
5
19
13
2
4
1
1
5
159
20
16
1
2
127
37
28
3
3
11
66
62
12
19
4
19
1
1
2
1
110
60
9
11
2
1
2
3
156
9
6
27
172
7
16
3
8
79
26
51
7
17
5
2
3
110
28
53
2
5
181
7
8
1
1
113
80
1
2
1
1
113
65
14
1
1
4
172
22
3
1
60
128
7
2
1
159
38
1
160
4
8
26
116
78
3
1
179
16
3
55
28
97
3
13
2
35
145
18
122
44
6
11
13
2
70
5
16
32
17
12
5
19
1
9
9
2
1
56
92
39
5
6
35
68
87
6
2
100
50
7
27
14
127
71
114
74
10
80
28
1
25
11
22
24
4
3
165
18
8
6
1
192
6
147
4
36
3
8
68
84
15
6
21
4
4
137
38
6
4
4
5
160
38
183
5
3
4
2
1
157
7
11
6
2
3
2
9
1
61
75
50
8
3
1
6
53
113
10
5
7
3
1
82
7
74
20
11
2
1
1
134
14
36
5
5
3
1
97
25
20
7
48
1
26
59
78
16
1
8
10
152
41
1
4
19
23
25
56
2
58
12
3
111
71
5
9
2
90
25
20
30
27
3
2
1
107
23
11
42
5
7
1
2
163
26
8
1
28
144
20
1
1
2
1
1
100
13
71
13
1
117
65
5
6
4
1
34
82
54
22
5
1
156
3
34
1
2
2
132
66
39
90
63
1
3
2
31
21
106
21
14
1
4
57
33
8
60
37
3
46
96
44
6
4
1
1
157
3
23
4
7
3
1
169
2
2
21
1
1
2
163
9
24
2
161
7
10
10
7
1
1
1
59
73
41
23
1
1
150
48
69
67
52
5
1
4
189
1
5
3
15
72
5
18
38
44
3
2
1
129
13
1
43
6
1
3
2
113
1
29
16
7
30
2
80
37
19
8
31
19
4
130
37
17
9
5
149
39
8
1
1
40
154
4
55
40
27
57
3
3
13
129
34
1
17
6
4
2
2
2
1
76
23
95
1
2
1
46
78
25
25
11
2
8
1
2
2
80
110
2
1
1
2
152
32
8
4
1
1
168
10
15
4
1
143
29
12
10
3
1
35
27
3
53
60
20
65
24
91
3
15
126
66
1
4
1
51
65
8
9
22
38
4
1
185
4
1
4
3
1
57
95
4
8
28
2
3
1
116
75
6
1
73
102
3
15
4
1
158
11
11
7
7
4
11
88
15
75
3
3
3
179
8
10
1
78
74
30
2
12
2
2
193
2
1
118
14
45
10
5
3
1
1
1
109
19
28
30
5
6
1
167
3
7
17
3
1
192
5
1
66
53
1
72
4
1
1
122
24
39
8
5
133
45
17
3
116
30
42
7
2
1
146
52
146
39
7
4
1
1
52
58
34
26
17
10
1
61
106
2
18
3
8
21
148
12
8
1
2
3
2
1
Number of elements: 2023
