Bin size: 278
Num of Bins: 428
48
16
127
83
1
3
6
174
55
10
14
19
100
76
22
34
22
1
6
17
48
112
109
1
7
1
145
109
12
10
1
1
157
19
77
13
3
8
1
246
9
4
6
12
1
79
183
3
7
3
1
1
1
82
159
29
6
1
1
74
115
20
2
66
1
225
27
16
5
1
1
2
1
73
58
34
2
50
2
5
15
13
17
3
1
1
1
3
123
7
73
31
20
1
21
2
2
36
184
4
34
11
4
3
237
24
6
8
3
6
229
26
17
156
51
26
27
5
11
1
1
83
30
50
29
9
17
12
23
19
1
3
2
11
216
20
5
2
7
11
3
1
1
1
180
47
50
1
99
34
65
57
1
20
1
1
171
68
26
9
3
1
246
25
4
3
268
3
7
22
224
12
9
5
5
1
98
130
15
11
6
6
5
4
1
1
1
191
51
23
1
9
1
2
98
157
6
13
4
259
18
1
90
31
48
73
23
6
7
268
5
4
1
141
22
104
8
3
115
118
25
18
2
125
54
73
13
6
1
1
4
1
132
68
49
16
13
43
25
208
1
1
74
3
169
15
14
2
1
222
56
87
117
72
2
128
21
122
5
2
1
245
8
10
7
6
1
245
26
4
2
1
145
108
6
3
13
3
187
43
35
2
4
2
1
4
1
246
21
8
2
226
31
21
89
69
113
2
1
2
2
150
37
82
9
152
101
6
9
8
1
1
120
99
9
15
5
5
23
1
1
84
182
12
203
31
27
5
7
3
2
108
81
64
4
16
2
3
209
11
43
14
1
233
25
19
1
77
36
97
23
24
2
13
6
108
81
85
3
1
180
76
4
1
13
2
2
277
1
72
199
3
2
1
1
275
2
1
122
115
31
6
1
2
1
139
78
54
7
166
30
76
6
30
5
183
35
1
1
6
5
2
4
2
3
1
82
120
68
6
1
1
70
168
9
19
11
1
140
14
124
237
20
21
176
81
16
3
2
160
64
4
36
9
5
70
3
152
42
7
3
1
131
79
52
1
12
2
1
269
4
5
107
81
42
27
3
3
8
3
4
109
39
95
7
2
20
1
2
1
2
101
138
6
19
5
9
194
22
51
5
3
3
49
126
42
16
8
27
5
2
1
2
41
108
4
122
1
2
4
115
58
35
3
11
32
19
1
103
45
100
17
5
8
241
10
24
3
250
27
1
61
79
42
45
7
27
9
7
1
175
63
18
14
1
3
3
1
66
16
34
75
44
3
28
1
5
6
175
45
46
1
7
3
1
94
49
98
37
201
37
38
1
1
216
28
26
5
2
1
55
83
90
2
44
2
2
268
1
7
1
1
88
31
48
49
18
40
2
1
1
30
3
218
5
12
7
1
2
176
77
25
179
79
8
7
5
72
5
6
62
48
73
2
7
2
1
148
7
102
3
13
4
1
47
60
122
7
30
7
3
1
1
160
91
4
12
6
4
1
54
174
35
5
1
5
1
2
1
166
71
32
4
3
2
76
68
22
56
11
13
5
24
1
2
17
161
88
4
7
1
31
123
39
57
9
1
9
8
1
100
68
33
5
2
43
9
17
1
167
91
15
2
3
28
114
131
3
2
76
160
21
4
8
7
2
277
1
12
223
17
21
1
2
1
1
127
42
18
48
25
5
5
4
4
103
109
20
11
25
10
146
11
22
77
20
1
1
93
152
3
7
22
1
268
3
3
3
1
81
161
26
1
5
3
1
259
18
1
261
12
3
1
1
93
137
41
5
1
1
17
18
172
9
29
2
15
2
8
3
2
1
255
2
12
7
1
1
155
14
63
6
31
7
2
144
64
25
37
2
5
1
97
42
32
54
13
29
8
1
1
1
263
5
5
2
2
1
99
100
55
5
4
8
1
2
2
1
1
68
156
22
17
1
7
3
4
114
64
49
3
8
28
8
3
1
229
26
2
10
1
4
6
4
200
35
17
15
7
2
173
58
26
14
5
110
81
68
18
1
212
58
7
1
237
14
18
1
4
1
1
2
31
103
2
139
2
1
187
21
53
6
4
4
3
231
43
1
3
90
102
39
2
25
11
1
6
1
1
221
12
33
3
3
5
1
47
106
21
55
5
18
20
2
1
2
1
46
164
39
23
3
3
268
1
7
1
1
75
184
15
1
2
1
172
65
16
7
17
1
189
42
31
7
3
5
1
193
11
24
1
17
9
16
7
253
11
11
3
85
165
28
242
4
22
6
1
1
2
195
70
11
2
210
7
9
26
15
7
2
2
240
17
3
1
14
1
1
1
230
37
10
1
105
53
110
7
3
106
94
46
3
2
16
1
5
3
1
1
209
20
11
3
13
17
2
3
94
89
66
13
6
3
7
195
82
1
226
34
11
7
176
6
42
23
27
3
1
96
153
23
5
1
167
33
48
1
13
6
6
1
1
1
1
72
161
37
3
4
1
53
91
10
24
60
39
1
90
99
15
53
15
5
1
209
51
5
4
3
4
2
111
66
22
11
19
8
26
3
8
3
1
246
2
16
9
1
1
2
1
16
71
68
56
27
8
15
16
1
130
72
64
11
1
186
56
15
17
2
2
3
55
186
32
2
105
106
1
17
8
15
1
4
9
10
1
1
89
15
95
28
1
8
29
13
272
5
1
114
131
10
21
1
1
122
72
4
33
21
13
13
186
4
58
9
12
3
2
4
181
63
17
14
2
1
23
207
48
232
1
20
22
1
1
1
65
179
18
16
213
11
34
19
1
245
4
1
21
3
3
1
53
138
73
8
1
5
225
43
10
180
28
36
11
19
3
1
201
43
4
5
8
14
2
1
173
91
12
2
163
98
16
1
221
49
5
2
1
138
64
43
26
3
4
41
37
23
66
55
7
19
27
3
17
48
12
18
9
65
24
62
11
7
1
1
3
256
1
20
1
148
76
38
12
4
197
45
5
1
9
20
1
220
12
10
11
1
14
10
15
55
201
1
4
2
47
196
6
19
9
1
151
65
9
46
7
43
150
77
1
4
2
1
221
35
19
3
10
125
3
97
14
23
4
2
142
15
21
73
19
7
1
144
44
34
7
5
42
2
49
9
72
56
83
6
1
2
184
63
19
10
2
195
24
31
13
13
2
183
75
13
7
74
78
40
75
5
3
2
1
2
253
6
16
1
105
109
20
7
19
14
3
1
64
187
16
9
1
1
272
4
1
1
148
35
26
10
33
3
7
11
3
2
235
19
10
10
4
67
38
116
40
17
240
4
18
11
4
1
170
56
49
3
259
16
2
1
102
64
86
19
2
3
2
274
4
119
30
23
67
24
8
2
2
1
1
1
181
38
54
5
216
51
2
4
3
1
1
197
50
13
10
6
1
1
17
177
5
51
6
21
1
33
154
85
1
1
1
2
1
117
76
20
8
48
4
2
2
1
269
3
1
1
1
2
1
87
147
35
5
4
212
25
32
6
3
143
69
54
8
1
3
47
12
76
51
72
20
165
54
44
9
5
1
22
133
94
27
1
1
265
9
3
1
119
99
47
4
6
3
47
21
188
21
1
112
2
19
109
26
2
2
5
1
55
41
158
22
1
1
217
38
17
1
5
27
88
105
36
7
7
3
3
1
1
274
4
82
83
50
19
15
4
11
5
1
5
3
177
90
2
7
2
25
12
41
140
12
41
1
4
1
1
76
152
38
8
2
2
193
52
21
2
5
5
51
157
2
21
10
25
1
11
115
136
21
5
1
4
233
19
14
4
4
257
9
11
1
160
80
13
5
3
6
1
4
5
1
101
96
36
34
9
2
84
65
11
44
26
13
17
7
3
2
1
1
2
1
1
114
96
21
10
26
2
7
1
1
192
8
7
6
6
37
8
3
10
1
18
254
3
3
145
91
17
1
15
5
3
1
103
93
65
12
2
2
1
124
129
7
4
3
9
2
77
50
9
61
13
1
12
48
3
4
5
236
33
1
3
126
42
53
16
31
2
3
5
196
16
64
1
1
212
20
29
1
16
57
92
102
3
4
5
15
252
20
1
1
2
1
1
274
4
200
60
13
2
2
1
55
73
140
4
4
1
1
41
42
74
46
17
53
2
1
1
1
267
6
3
2
207
40
18
6
5
1
1
186
20
8
27
29
7
1
137
25
19
35
59
1
1
1
104
60
5
4
82
4
8
9
2
270
6
2
2
188
83
1
4
14
212
32
20
232
29
11
2
1
3
45
70
141
12
10
255
23
146
79
38
5
1
6
3
53
20
14
35
20
53
67
15
1
101
30
88
27
16
6
3
4
3
36
64
105
56
4
5
7
1
228
20
10
11
3
4
2
188
59
27
1
2
1
266
2
2
6
2
202
22
24
18
11
1
84
175
5
1
8
1
1
3
92
31
61
83
8
1
1
1
226
42
7
2
1
229
7
31
9
1
1
83
186
1
2
1
1
4
54
117
21
52
27
3
4
146
71
52
7
1
1
209
68
1
17
236
23
1
1
55
172
36
8
2
4
1
163
90
7
17
1
197
38
36
2
2
1
1
1
20
217
40
1
247
15
10
2
4
270
4
1
1
1
1
17
228
6
12
2
11
2
134
25
21
11
7
60
20
215
58
5
210
15
19
8
1
15
10
269
9
246
24
2
2
1
2
1
158
54
37
12
15
2
76
99
2
16
24
45
1
12
3
82
99
77
10
7
2
1
55
148
41
10
7
9
8
148
94
26
5
4
1
31
11
54
42
134
2
2
2
99
115
1
7
20
16
16
4
78
23
127
33
2
13
1
1
222
26
13
8
2
3
3
1
80
63
29
17
17
71
1
222
22
26
2
5
1
122
46
49
26
1
4
10
9
1
4
6
95
98
16
60
9
203
10
36
4
4
4
13
4
196
53
25
4
76
173
1
9
18
1
17
235
8
9
8
1
176
24
9
23
27
7
7
2
3
19
221
34
4
122
120
27
3
6
48
142
77
10
1
165
60
20
32
1
132
13
27
37
49
5
7
8
198
60
11
5
2
2
154
18
45
44
14
2
1
141
15
59
27
12
11
9
2
2
251
25
1
1
241
22
8
6
1
170
23
80
3
1
1
202
35
11
13
9
7
1
73
108
21
68
5
3
211
13
47
5
2
12
152
63
9
9
18
15
120
1
35
12
57
29
8
2
11
1
1
1
8
249
18
1
2
30
108
70
43
10
7
1
1
2
1
1
1
2
1
254
22
2
195
6
4
56
4
12
1
217
7
11
32
9
2
184
28
25
35
3
3
102
170
4
2
92
131
28
6
17
4
213
15
43
5
2
163
2
69
41
3
95
123
20
10
20
10
53
93
20
52
55
4
1
34
122
61
26
17
15
2
1
152
32
57
33
1
3
150
89
19
1
5
11
1
1
1
99
31
142
6
192
46
27
8
1
4
203
35
30
10
70
88
59
39
11
1
9
1
152
94
23
8
1
171
95
3
8
1
217
4
22
26
8
1
191
24
12
23
17
7
4
155
36
17
20
35
15
177
88
12
1
51
217
6
4
228
18
7
25
115
77
38
16
32
217
20
16
23
1
1
34
212
30
1
1
172
21
15
53
9
3
1
2
2
266
5
7
178
77
5
5
6
3
4
144
134
241
19
17
1
12
76
82
105
2
1
7
163
55
53
39
128
13
46
12
12
23
5
27
88
40
111
9
1
2
30
45
176
17
9
1
265
9
4
125
81
20
49
2
1
269
5
2
1
1
187
48
17
11
7
4
2
1
1
243
3
1
27
4
152
85
7
34
60
65
98
49
1
4
1
258
18
1
1
66
135
32
41
3
1
207
19
41
9
2
105
169
4
172
37
55
7
7
142
38
58
23
11
3
2
1
184
69
20
5
23
57
49
103
38
7
1
217
3
55
2
1
84
40
35
10
17
75
4
10
1
2
8
101
103
64
2
143
9
89
16
14
5
1
1
120
153
4
1
61
155
35
16
5
1
2
1
2
53
111
91
6
15
1
1
14
218
38
1
6
1
167
66
42
1
1
1
40
137
47
46
7
1
215
8
23
9
14
9
256
16
5
1
135
72
37
13
12
4
1
2
1
1
36
19
58
77
54
33
1
112
73
56
19
14
2
2
9
169
70
29
1
155
1
98
6
6
7
3
1
1
68
169
26
13
1
1
129
67
33
15
27
7
59
63
98
32
2
7
9
3
2
3
273
4
1
147
39
52
12
6
15
4
2
1
163
61
19
29
4
2
Number of elements: 2733
