Bin size: 148
Num of Bins: 471
54
27
52
3
10
2
118
24
1
1
3
1
98
31
15
3
1
82
27
13
8
9
8
1
68
73
1
6
55
77
9
5
2
88
53
4
3
124
22
1
1
141
6
1
116
2
22
2
4
1
1
126
15
4
3
61
2
57
8
18
1
1
140
6
2
53
17
38
28
11
1
50
77
7
8
1
2
2
1
91
25
28
3
1
83
31
32
1
1
133
14
1
16
57
18
30
15
5
3
1
3
41
14
42
35
10
1
2
1
1
1
147
1
144
4
136
9
1
1
1
35
102
4
1
2
2
1
1
120
14
11
1
1
1
36
38
25
19
23
5
2
93
42
7
6
2
116
5
9
16
136
7
5
132
11
2
2
1
10
70
20
42
5
1
97
16
3
7
21
3
1
54
5
30
3
50
4
2
3
53
84
6
1
1
95
53
11
8
13
24
41
18
7
15
2
1
1
3
4
53
6
87
2
51
88
5
4
142
1
1
2
2
111
11
13
8
5
73
61
14
29
69
34
4
9
2
1
117
15
9
6
1
18
57
63
9
1
30
19
10
79
6
4
72
29
2
41
1
2
1
104
18
8
8
6
3
1
94
2
25
18
7
1
1
11
104
31
2
110
19
1
5
1
12
7
78
24
8
21
9
1
100
43
4
1
34
47
41
9
17
65
7
76
17
46
2
70
12
1
71
2
31
37
1
2
4
48
49
20
18
9
2
1
1
113
27
3
3
1
1
93
22
31
2
74
24
18
13
9
10
31
1
89
15
4
2
5
1
44
70
15
8
7
4
93
17
7
25
3
1
1
1
75
27
42
1
1
1
1
29
51
39
23
4
2
74
52
3
9
8
1
1
71
67
2
3
2
1
2
28
87
25
1
4
2
1
142
2
2
1
1
61
46
27
13
1
128
19
1
13
97
12
11
5
2
1
1
2
4
92
26
29
1
71
50
15
11
1
67
60
8
9
2
1
1
8
130
5
1
3
1
2
101
45
88
47
11
1
1
15
33
91
8
1
76
39
14
12
3
2
2
56
62
30
39
48
11
37
6
5
2
99
39
2
2
5
1
117
30
1
2
30
102
12
2
37
15
6
18
50
17
3
1
1
9
58
45
11
3
5
6
4
5
2
87
28
18
14
1
54
45
28
4
3
1
12
1
17
42
2
23
46
11
3
4
57
22
39
30
14
12
2
117
3
85
12
24
26
1
44
6
57
33
2
3
3
61
56
17
3
3
2
4
2
139
5
2
1
1
11
131
2
1
3
52
23
48
20
2
2
1
92
9
22
17
1
3
2
1
1
64
50
25
6
1
1
1
41
93
10
1
2
1
105
2
40
1
137
7
3
1
6
142
25
60
9
27
27
76
43
17
9
2
1
64
53
5
17
6
3
28
97
7
8
7
1
79
52
5
4
4
3
1
9
9
95
8
10
1
7
3
6
128
15
1
1
2
1
48
89
4
2
2
3
64
61
6
6
3
2
5
1
15
132
1
90
18
31
1
1
7
51
78
11
7
1
123
3
18
1
3
115
4
14
11
2
2
12
67
54
7
3
2
2
1
118
18
11
1
123
12
5
8
60
22
58
4
4
86
53
2
6
1
11
112
7
5
4
1
1
6
1
66
3
5
3
22
28
17
3
1
37
35
70
2
3
1
142
3
2
1
51
73
18
2
1
2
1
115
23
7
3
131
15
2
121
9
11
3
1
1
2
33
5
80
2
26
2
85
29
19
15
7
55
68
3
12
2
1
99
34
12
2
1
49
70
15
14
32
110
4
2
49
76
2
2
11
6
2
28
117
1
2
62
41
37
1
1
4
1
1
57
12
8
6
9
30
17
1
7
1
144
1
1
1
1
138
6
1
1
2
12
126
7
2
1
140
8
74
8
45
14
2
4
1
47
78
11
6
4
1
1
110
8
19
11
91
42
13
1
1
28
52
14
36
10
8
147
1
69
7
18
6
41
3
3
1
114
2
2
9
1
6
3
5
4
1
1
65
21
43
19
37
20
16
8
15
8
38
2
1
1
2
34
70
20
12
3
2
7
101
4
31
8
3
1
106
39
3
70
7
69
1
1
48
81
2
14
2
1
76
64
1
7
68
24
2
7
23
2
9
3
9
1
3
70
56
1
7
9
1
1
111
16
10
3
2
4
2
61
37
2
44
3
1
114
12
11
9
2
4
117
7
19
1
115
25
2
3
2
1
63
75
8
1
1
145
1
2
139
1
3
1
4
41
103
2
1
1
24
73
15
33
3
12
135
1
5
73
55
8
7
82
48
15
1
2
135
7
6
10
82
1
51
2
1
1
66
15
27
33
6
1
124
19
5
46
100
2
52
92
2
1
1
139
1
1
7
35
71
2
4
12
8
9
6
1
79
25
36
7
1
112
35
1
59
89
144
1
1
1
1
27
20
82
10
7
1
1
19
66
27
29
4
2
1
27
67
9
12
29
4
107
35
5
1
12
107
24
3
2
141
7
116
7
4
18
1
1
1
108
24
16
90
34
6
5
1
12
93
8
17
9
6
7
7
1
80
55
4
6
2
1
40
87
16
5
50
38
9
46
2
2
1
56
4
14
36
6
10
18
4
116
16
7
9
127
11
9
1
77
14
43
14
33
10
81
19
4
1
62
2
80
3
1
96
37
1
1
1
5
3
1
1
2
106
13
29
55
74
10
1
4
2
1
1
46
72
17
9
3
1
112
12
5
13
4
1
1
63
48
15
3
6
4
5
1
3
90
51
2
3
2
146
1
1
137
1
7
3
107
10
28
1
1
1
85
22
11
10
14
1
1
3
1
36
39
8
60
2
2
1
55
29
28
21
3
1
1
10
133
9
1
2
2
1
71
21
37
2
14
1
2
108
21
12
1
3
1
2
104
24
1
8
5
4
1
1
43
95
8
1
1
88
12
43
5
107
39
1
1
2
86
36
2
7
1
4
1
6
3
132
8
6
2
110
28
2
3
2
2
1
106
31
7
2
2
61
20
35
15
7
10
22
101
3
14
6
1
1
85
62
1
127
8
12
1
15
128
4
1
14
37
68
24
5
147
1
137
9
1
1
35
81
27
2
3
95
20
30
1
1
1
37
103
5
1
2
89
45
13
1
90
33
10
8
1
3
2
1
124
21
1
2
33
103
3
6
3
110
9
20
8
1
45
39
53
3
8
84
12
34
2
1
8
1
6
6
74
9
7
9
14
21
8
136
11
1
60
3
3
34
25
11
7
4
1
8
90
2
44
1
1
1
1
111
32
5
27
10
100
8
3
80
19
14
9
3
4
5
11
2
1
49
15
53
1
14
6
7
3
42
98
8
23
53
29
6
5
6
18
1
7
134
6
3
4
1
2
64
50
21
5
4
1
1
63
61
6
11
2
4
1
122
23
2
1
3
115
9
5
14
1
1
124
24
133
3
4
1
1
3
3
117
30
1
41
52
43
3
8
1
100
24
18
1
3
1
1
145
2
1
130
3
3
6
4
2
69
56
16
5
1
1
64
65
15
4
72
12
59
3
2
86
9
1
19
14
15
2
1
1
112
23
9
3
1
112
34
1
1
29
106
9
2
1
1
25
121
1
1
140
2
5
1
111
4
28
1
1
3
48
48
33
12
2
5
54
34
12
44
3
1
110
6
11
11
7
3
27
65
43
12
1
62
66
12
8
67
68
13
127
19
1
1
117
22
8
1
144
1
1
2
107
27
8
3
2
1
68
47
32
1
108
29
2
3
2
3
1
133
7
1
5
1
1
67
78
3
80
1
46
3
15
2
1
46
42
60
80
12
23
26
2
4
1
26
42
62
18
77
1
36
11
2
7
14
132
7
6
1
1
1
110
27
10
1
7
70
52
10
7
1
1
25
12
74
7
6
12
9
2
1
127
16
3
2
42
26
18
41
8
6
1
1
4
1
47
18
60
22
1
6
38
31
21
27
9
4
8
1
3
4
90
3
2
20
8
20
1
37
105
4
1
1
55
11
41
23
10
4
1
2
1
78
56
11
3
44
56
28
3
4
6
6
1
96
49
1
2
26
88
24
9
1
74
59
2
3
1
5
2
1
1
121
21
3
2
1
145
1
2
42
26
19
61
31
75
16
8
13
1
1
2
1
147
1
91
28
26
2
1
96
47
1
2
2
11
105
5
6
1
14
5
1
72
54
7
5
1
9
109
10
9
17
3
125
4
2
17
64
57
4
18
4
1
49
34
49
10
1
1
2
2
144
1
2
1
131
3
2
3
9
45
25
15
63
15
94
4
28
6
1
120
26
1
1
117
4
15
1
7
4
13
59
63
11
2
134
10
2
1
1
128
18
1
1
130
10
6
2
86
58
4
114
34
67
71
5
1
2
1
1
69
36
19
12
4
4
2
2
118
20
7
1
2
71
31
45
1
136
10
2
141
1
4
2
60
79
4
4
1
58
10
4
54
18
2
2
131
9
3
2
3
63
26
32
26
1
13
121
10
2
1
1
116
24
7
1
57
81
5
1
1
3
119
23
5
1
143
1
1
3
60
86
2
77
21
30
18
2
49
64
27
6
1
1
133
3
10
1
1
8
90
33
4
12
1
5
65
50
13
8
6
1
104
18
14
6
3
2
1
86
31
10
8
12
1
60
50
18
9
4
3
3
1
113
4
21
7
2
1
107
7
2
32
84
24
3
6
9
4
11
3
3
1
94
18
18
12
6
142
5
1
29
39
78
2
10
28
4
94
7
4
1
58
15
6
42
25
1
1
52
30
63
1
1
1
8
75
54
7
4
137
11
134
13
1
49
30
3
53
11
1
1
126
21
1
134
11
2
1
61
41
33
11
2
33
57
39
14
1
3
1
4
128
5
7
4
140
5
3
103
30
5
4
1
4
1
19
111
5
10
2
1
108
23
14
3
52
51
28
16
1
8
139
1
16
117
3
4
7
1
14
89
34
10
1
2
52
32
16
12
18
8
3
5
24
113
1
1
9
56
20
60
12
118
23
6
1
70
55
23
129
8
4
3
2
1
1
52
28
47
2
4
14
1
46
14
5
50
26
7
134
14
123
7
12
5
1
5
87
29
4
4
3
13
2
1
34
53
38
1
16
2
3
1
138
3
1
2
2
2
51
49
15
14
18
1
8
43
51
35
1
6
3
1
43
98
1
5
1
36
43
25
26
8
6
2
2
1
92
3
32
3
6
10
1
122
23
3
122
6
4
3
3
7
1
2
138
2
5
3
52
70
23
3
57
60
19
6
2
4
61
21
65
1
44
2
87
12
1
2
2
22
11
105
5
2
1
133
11
4
73
9
65
1
132
12
4
102
33
8
4
1
139
4
4
1
134
10
2
2
62
25
12
17
12
12
1
6
1
34
93
14
5
1
1
96
47
1
4
56
36
30
2
20
4
136
9
2
1
82
37
5
15
3
4
2
108
12
21
7
113
14
19
1
1
64
1
70
11
1
1
45
48
22
10
18
5
84
31
14
19
53
52
1
20
12
7
2
1
84
33
3
8
13
6
1
59
66
23
43
95
2
4
2
2
18
1
43
27
49
2
4
1
3
11
97
40
24
68
15
9
23
3
5
1
57
85
5
1
104
23
10
5
6
107
31
5
1
1
2
1
127
19
1
1
65
68
14
1
148
29
11
90
2
9
5
2
51
2
81
7
2
5
15
109
13
8
1
1
1
5
135
5
2
1
22
47
28
37
10
2
1
1
138
3
6
1
67
31
26
10
10
1
3
147
1
104
11
22
7
2
2
134
1
11
2
116
7
23
2
99
3
42
3
1
105
13
22
4
3
1
107
14
4
4
19
70
15
55
8
121
13
11
3
130
1
1
11
3
1
1
95
23
17
9
1
1
1
1
80
3
3
40
9
3
1
6
1
1
1
82
23
5
33
1
1
1
1
1
129
18
1
82
15
41
6
3
1
37
61
33
6
9
1
1
73
62
5
1
3
1
2
1
Number of elements: 2626
