Bin size: 270
Num of Bins: 313
248
9
6
1
4
2
6
75
164
19
3
3
16
246
3
4
1
259
5
1
5
247
14
8
1
226
30
11
2
1
9
134
50
15
45
13
3
1
112
112
28
1
8
6
2
1
76
75
67
10
5
7
29
1
26
1
35
196
3
7
1
1
81
51
37
56
19
11
14
1
237
31
1
1
96
62
28
78
3
2
1
33
187
14
33
1
1
1
234
15
13
1
4
2
1
92
95
75
3
5
4
206
21
35
3
1
28
208
24
7
2
1
29
196
3
12
21
4
1
3
1
86
35
19
73
3
39
6
5
3
1
232
28
9
1
225
21
6
17
1
85
142
18
8
12
4
1
203
13
42
11
1
267
3
18
17
131
72
21
8
1
2
156
109
2
3
93
47
51
1
76
1
1
7
192
7
29
12
14
8
1
70
48
146
3
1
2
137
61
35
26
6
2
2
1
27
193
32
11
3
3
1
29
89
19
19
76
27
11
58
70
139
2
1
59
205
2
1
3
62
147
30
30
1
47
119
35
36
31
1
1
142
103
13
11
1
244
1
5
17
3
216
23
5
24
1
1
57
23
108
1
70
1
10
234
13
10
13
84
119
54
3
1
2
6
1
165
5
86
13
1
260
7
2
1
35
88
95
2
1
39
2
3
5
214
47
5
1
1
1
1
35
104
12
12
86
9
3
3
5
1
232
38
61
62
96
31
12
4
3
1
249
20
1
169
79
22
27
230
7
2
4
106
29
114
9
6
3
2
1
255
1
9
4
1
267
3
229
16
11
3
6
4
1
22
32
56
103
12
43
2
179
3
74
1
1
2
5
1
4
230
39
1
171
58
31
8
1
1
107
115
21
4
11
4
4
2
1
1
210
29
21
8
2
134
114
16
6
1
81
92
6
51
17
10
12
235
6
6
9
4
2
5
1
1
1
155
65
9
18
1
17
2
1
2
188
67
15
249
15
3
1
1
1
145
106
11
3
1
2
1
1
214
25
24
6
1
232
11
3
18
4
1
1
73
124
25
14
32
1
1
179
80
3
3
2
3
112
59
5
7
24
10
37
8
5
2
1
133
76
10
20
28
2
1
76
51
5
30
94
8
4
1
1
229
18
5
16
1
1
224
20
8
5
5
6
2
239
10
18
3
123
17
75
10
41
1
2
1
194
62
1
2
6
3
1
1
157
29
46
16
5
14
1
1
1
197
65
3
2
3
256
2
8
4
95
70
74
7
11
1
6
4
2
143
17
55
42
10
1
2
76
113
50
21
1
7
1
1
169
50
14
17
11
5
4
65
43
140
16
3
2
1
92
99
72
5
2
236
18
13
1
1
1
225
32
12
1
260
8
1
1
119
41
96
9
5
76
42
138
11
3
227
35
4
1
1
1
1
256
5
1
6
2
116
35
98
21
29
46
166
10
2
13
1
2
1
115
74
79
1
1
159
10
9
34
35
8
3
3
1
1
6
1
76
151
8
29
2
4
143
85
1
33
5
3
125
59
34
18
5
18
9
2
97
120
36
13
2
1
1
73
98
44
10
9
13
1
5
3
2
2
2
5
1
1
1
105
141
24
228
4
11
12
6
7
1
1
177
80
11
2
163
71
36
178
89
3
132
138
144
38
36
1
43
4
4
91
148
5
24
2
95
31
60
75
4
5
192
76
1
1
135
55
77
3
41
41
34
58
43
27
17
8
1
255
15
120
86
29
25
3
1
5
1
134
80
43
7
4
2
157
21
77
12
1
2
269
1
216
15
14
12
11
1
1
227
22
19
1
1
195
49
20
1
3
1
1
258
6
4
2
184
63
15
5
2
1
213
5
33
12
1
4
1
1
23
189
30
18
5
3
1
1
35
136
19
62
17
1
167
47
23
18
3
10
1
1
61
20
170
19
109
34
126
1
264
6
217
31
21
1
192
61
7
5
4
1
102
165
2
1
190
29
43
4
1
3
263
2
3
2
24
160
35
48
2
1
79
110
14
26
8
5
25
2
1
137
113
9
2
6
3
191
55
17
7
210
55
2
1
1
1
66
42
136
8
12
1
3
2
210
36
19
2
1
2
88
47
13
99
17
1
2
2
1
261
4
2
1
2
206
64
52
174
20
8
4
7
4
1
244
17
4
3
1
1
42
105
109
2
3
1
1
5
1
1
165
76
4
12
3
2
7
1
268
2
102
35
63
31
28
7
1
1
1
1
267
3
28
197
13
11
19
2
174
39
44
7
4
2
136
131
2
1
6
216
26
11
11
239
2
12
11
2
3
1
72
35
110
22
26
4
1
40
223
6
1
117
97
5
1
40
7
3
64
175
22
8
1
191
17
40
17
4
1
222
4
34
1
5
4
37
68
146
5
6
6
2
56
167
23
17
7
59
211
57
155
22
12
6
12
4
2
23
185
50
7
4
1
124
131
1
6
6
1
1
249
12
7
1
1
144
83
30
10
3
85
182
1
1
1
72
14
55
43
57
25
3
1
72
13
70
47
34
14
8
8
2
1
1
146
55
47
16
2
2
1
1
263
7
143
123
1
2
1
17
9
55
23
146
5
11
2
1
1
108
62
69
17
3
3
3
4
1
34
69
158
6
3
101
130
34
5
114
40
74
8
28
1
5
125
33
64
7
36
2
1
1
1
257
7
3
2
1
228
39
2
1
34
160
3
31
12
13
11
3
2
1
102
65
4
62
28
5
3
1
65
162
32
10
1
93
19
62
12
19
22
39
1
2
1
51
214
3
1
1
159
10
89
7
4
1
253
14
1
1
1
135
34
44
14
16
12
2
8
5
35
9
161
17
11
6
13
11
3
2
1
1
80
178
2
3
2
5
102
103
12
40
8
3
1
1
262
3
1
1
3
207
19
44
110
110
35
9
5
1
90
51
129
4
162
79
2
5
15
1
1
1
81
13
61
41
34
16
15
7
1
1
92
72
37
43
26
168
51
9
5
37
170
94
3
3
194
25
17
1
27
3
1
2
41
130
52
25
1
14
5
2
203
48
5
13
1
76
118
42
22
11
1
237
13
7
6
3
2
2
28
211
20
6
2
2
1
136
7
78
18
17
13
1
91
114
14
27
10
12
2
145
78
35
5
6
1
174
58
38
40
168
51
4
5
2
219
9
42
55
20
70
5
50
43
27
197
20
8
32
7
3
3
10
255
3
2
54
179
30
4
3
127
63
44
18
16
2
112
85
22
12
26
2
9
2
168
96
4
1
1
95
41
16
6
101
3
1
3
3
1
219
8
39
1
1
2
130
73
39
9
18
1
205
39
1
17
8
182
62
16
3
7
100
39
105
6
13
1
6
41
135
83
9
2
169
21
15
7
53
5
97
120
43
4
3
2
1
251
17
1
1
50
108
105
3
3
1
249
1
10
6
1
2
1
222
9
39
93
118
22
31
2
1
2
1
190
59
17
3
1
239
4
8
12
6
1
157
109
4
169
75
22
2
2
32
94
88
39
7
6
2
1
1
243
20
6
1
31
28
42
99
23
18
7
12
2
4
1
2
1
220
44
4
1
1
18
76
53
93
8
1
16
3
1
1
71
92
77
12
7
6
4
1
193
5
37
19
1
6
6
2
1
187
64
13
2
3
1
247
6
12
1
4
196
54
14
6
189
75
4
2
266
3
1
89
80
70
25
5
1
106
163
1
69
58
114
26
3
257
1
10
1
1
261
9
263
2
5
192
21
54
1
1
1
10
125
88
18
11
12
5
1
268
2
67
61
119
18
4
1
132
19
21
55
37
5
1
41
92
101
32
2
1
1
222
5
30
7
1
5
240
24
5
1
87
12
155
14
2
265
3
1
1
41
215
5
2
1
1
1
1
1
2
237
15
16
1
1
28
224
10
5
2
1
145
6
18
7
19
11
46
17
1
136
26
23
19
2
54
8
1
1
192
40
9
1
19
3
5
1
159
28
9
24
10
1
8
12
2
12
3
2
152
100
17
1
62
41
165
1
1
197
56
17
67
149
4
13
2
22
5
5
1
2
182
83
5
114
59
79
3
4
8
1
2
203
65
1
1
80
97
16
1
3
55
9
1
1
5
2
154
75
24
4
6
1
4
2
115
125
25
1
2
1
1
65
45
117
30
13
223
38
2
6
1
6
262
2
63
139
34
12
13
4
1
4
125
43
66
11
17
2
1
5
157
30
70
4
5
2
2
175
25
8
41
13
7
1
203
58
6
1
2
268
1
1
146
124
42
132
11
77
6
2
122
59
41
10
36
1
1
180
27
26
35
1
1
157
108
1
4
41
119
26
4
5
13
21
6
5
6
4
7
1
3
5
1
1
1
1
56
99
83
23
7
1
1
67
105
36
3
9
12
38
238
4
12
2
7
6
1
34
49
91
30
11
37
2
16
52
214
4
Number of elements: 1930
