Bin size: 149
Num of Bins: 331
48
63
24
8
2
2
1
1
77
66
4
2
24
60
3
6
50
5
1
15
62
65
4
1
1
1
69
32
22
14
10
2
85
41
11
4
2
3
1
1
1
136
13
6
47
2
5
47
24
18
111
17
7
5
7
1
1
71
31
22
16
2
1
2
1
1
2
73
8
9
37
8
10
1
2
1
137
2
1
3
6
39
11
98
1
89
30
6
18
5
1
94
39
3
11
2
11
83
10
36
8
1
63
43
40
2
1
9
81
50
9
12
105
26
5
1
20
15
98
1
7
7
1
100
6
33
6
1
3
101
26
15
5
2
51
15
19
11
39
9
5
71
8
53
2
4
3
5
1
1
1
144
5
143
5
1
32
80
28
3
6
116
6
21
1
2
1
1
1
86
10
11
27
11
3
1
105
29
4
8
1
2
138
9
1
1
8
66
48
10
3
7
4
2
1
59
18
35
24
5
8
82
50
7
10
119
7
15
3
1
3
1
73
58
7
1
5
5
69
2
59
2
4
4
9
141
6
1
1
124
14
7
2
1
1
54
4
66
7
8
6
2
1
1
23
119
2
5
141
1
5
2
62
50
17
16
4
52
14
42
18
11
4
2
1
5
125
17
2
1
2
2
47
102
91
9
4
31
7
7
108
11
9
5
16
114
6
23
6
49
84
1
1
12
2
132
13
2
1
1
87
59
3
79
30
29
4
2
4
1
127
4
11
5
1
1
63
73
1
1
5
3
1
2
76
24
5
43
1
10
110
10
19
139
1
8
1
14
4
35
54
25
15
1
1
142
5
1
1
77
46
25
1
97
19
28
2
3
27
118
2
1
1
144
1
3
1
6
114
7
10
12
138
4
1
3
3
77
16
33
4
11
4
1
1
2
140
4
4
1
131
4
1
8
1
3
1
88
7
44
1
4
5
29
90
29
1
57
84
2
3
2
1
82
52
13
1
1
59
34
15
30
9
1
1
25
54
21
22
13
13
1
104
23
21
1
124
8
12
5
16
94
13
2
9
15
67
64
4
12
1
1
6
89
1
23
21
2
6
1
63
1
29
22
33
1
125
16
3
1
4
99
36
1
8
1
4
77
8
61
2
1
77
27
21
9
5
8
1
1
55
47
40
7
19
58
17
26
11
13
1
1
3
93
32
6
14
2
2
67
37
20
12
5
4
1
2
1
90
15
4
7
22
11
107
36
5
1
57
85
5
1
1
85
54
7
3
59
5
77
3
3
2
60
43
16
3
17
3
7
87
23
20
12
7
106
6
1
10
25
1
107
32
5
1
4
127
17
5
149
3
114
19
3
7
2
1
13
42
31
8
23
25
5
1
1
105
16
14
9
4
1
91
49
1
6
2
94
2
42
2
3
5
1
74
27
27
17
4
57
43
18
12
3
10
5
1
65
21
33
9
20
1
14
21
52
9
46
2
1
1
3
138
1
3
6
1
75
43
28
3
91
26
32
91
41
16
1
46
42
45
6
8
1
1
135
1
5
5
3
40
83
14
9
2
1
134
13
2
14
73
37
13
4
4
4
82
41
18
2
1
3
2
71
19
8
49
2
84
34
21
3
1
2
1
2
1
41
54
10
1
34
9
148
1
13
107
23
3
3
1
14
106
19
8
1
54
31
30
20
1
5
4
1
2
1
144
5
126
11
3
2
1
4
1
1
131
9
3
1
3
2
17
17
61
36
12
4
2
76
55
9
3
3
3
51
24
36
1
8
4
21
1
1
2
67
23
54
1
2
1
1
133
9
7
4
137
2
4
2
120
9
17
1
2
64
66
11
5
2
1
87
26
33
2
1
62
13
73
1
137
10
1
1
94
21
34
107
38
3
1
3
145
1
77
38
26
4
1
2
1
80
7
19
10
25
7
1
46
12
12
43
27
2
2
2
3
127
18
1
1
1
1
72
3
5
18
38
13
4
46
74
24
1
13
57
46
4
6
12
11
131
10
8
96
2
46
4
1
9
104
20
15
1
34
37
47
30
1
4
82
31
19
2
1
10
77
3
14
21
8
20
1
3
1
1
118
25
2
4
123
11
15
84
23
29
11
1
1
48
47
5
45
1
1
1
1
4
123
19
1
1
1
98
43
4
1
3
147
2
135
6
2
6
60
3
83
3
112
10
7
14
2
1
3
57
85
6
1
117
6
21
1
1
3
122
26
1
1
75
30
16
16
11
147
2
86
52
1
4
5
1
65
60
9
4
2
9
138
10
1
117
8
4
17
2
1
69
36
14
6
14
7
1
2
51
87
7
4
135
13
1
30
19
45
47
8
45
71
22
3
2
1
5
124
18
2
3
1
1
110
17
12
2
8
124
22
3
115
28
5
1
141
7
1
108
28
11
1
1
146
3
80
19
41
9
51
23
59
12
1
3
80
40
20
2
5
1
1
11
126
7
1
4
100
35
10
3
1
79
67
1
1
1
61
70
2
2
8
2
4
70
9
70
18
62
6
2
27
1
26
3
1
3
2
106
8
30
3
37
45
20
47
36
62
29
1
14
2
5
99
50
112
10
19
3
5
20
11
52
40
7
2
17
127
9
5
8
55
71
1
14
8
28
9
87
14
10
1
102
36
7
4
98
19
32
88
57
3
1
50
80
17
2
136
1
11
1
33
50
21
40
5
50
40
45
9
3
1
1
146
1
2
137
4
8
6
40
82
14
6
1
59
3
72
15
81
41
18
5
4
35
87
9
14
4
124
23
1
1
54
15
24
26
16
8
5
1
86
30
8
18
6
1
95
48
4
1
1
145
3
1
32
27
6
80
4
33
72
43
1
96
23
7
3
4
10
6
23
74
19
9
21
1
1
1
56
44
32
3
8
3
2
1
136
5
2
1
3
1
1
43
18
86
1
1
94
36
16
3
127
9
7
4
1
1
25
16
29
11
56
3
5
3
1
90
53
5
1
14
51
11
65
6
2
10
94
39
3
3
126
16
4
1
2
9
79
21
6
29
5
64
84
1
74
21
15
31
5
3
51
20
61
5
2
7
2
1
2
124
18
2
3
137
8
1
3
21
48
74
5
1
112
17
7
4
3
5
1
2
86
27
28
1
5
124
18
1
3
1
1
1
51
18
9
6
60
3
1
1
133
5
6
1
1
2
1
3
66
56
23
1
94
41
14
26
19
32
35
33
3
1
43
33
2
17
50
1
2
1
117
24
7
1
91
48
2
2
2
4
76
23
37
13
41
1
13
78
9
2
1
4
127
14
2
2
3
1
59
46
37
1
1
1
3
1
144
4
1
138
7
1
1
2
109
10
29
1
129
2
12
6
109
23
11
6
63
26
22
7
6
5
2
18
104
2
27
4
6
2
2
2
90
22
29
2
4
2
135
2
2
8
2
101
6
35
1
1
1
3
1
41
5
84
13
5
1
137
3
3
4
2
128
15
5
1
127
10
3
1
3
4
1
12
43
39
33
1
5
10
2
4
73
48
13
15
27
88
5
8
17
4
121
5
3
4
8
5
1
1
1
121
19
6
1
2
50
87
3
2
6
1
55
55
26
13
78
23
5
24
2
12
4
1
144
5
13
61
60
3
11
1
12
60
59
13
1
1
3
122
21
2
4
146
3
68
16
53
5
1
3
2
1
18
3
90
11
6
19
2
27
3
73
39
5
1
1
97
22
22
5
1
1
1
72
69
8
49
50
41
2
6
1
125
16
3
3
1
1
84
33
31
1
115
17
5
10
1
1
146
2
1
14
122
8
1
3
1
131
4
10
1
2
1
12
92
27
14
1
1
2
58
48
22
1
13
4
1
1
1
39
45
29
29
2
4
1
1
126
18
1
2
1
6
16
97
3
25
2
46
81
6
7
4
3
1
1
147
1
1
66
69
7
4
2
1
56
86
7
44
86
11
5
2
1
44
68
14
20
1
1
1
94
13
8
10
23
1
132
6
4
5
1
1
28
35
41
18
17
1
5
4
28
35
66
8
3
9
118
1
5
12
1
7
4
1
149
69
36
23
10
2
9
129
13
3
2
2
118
20
10
1
121
4
12
7
2
2
1
110
21
3
7
2
1
4
1
51
88
2
1
5
1
1
103
19
12
4
1
2
7
1
49
53
32
6
5
3
1
77
68
1
3
24
62
62
1
99
10
38
1
1
22
18
92
11
1
5
3
90
35
1
3
17
45
45
29
30
8
88
42
7
4
40
64
30
4
8
2
1
Number of elements: 1850
