Bin size: 244
Num of Bins: 497
234
7
3
161
76
3
4
200
8
34
1
1
146
50
27
8
11
2
229
6
7
2
157
84
3
195
49
31
142
38
1
31
1
88
26
31
39
3
5
48
4
70
163
1
3
7
16
135
75
6
4
6
2
198
30
7
4
1
1
3
30
28
19
107
29
17
1
6
3
4
205
16
5
18
109
65
52
14
2
2
37
109
33
23
12
21
1
5
3
163
57
21
3
156
37
1
32
2
1
3
1
1
10
214
13
15
2
14
92
28
17
39
52
2
171
31
40
2
29
89
110
4
8
2
2
177
11
11
32
12
1
123
113
8
70
172
1
1
137
89
13
3
2
78
27
64
74
1
225
12
1
2
4
89
144
6
2
1
2
213
8
22
1
52
101
17
29
37
1
6
1
74
92
25
6
28
2
14
1
1
1
89
80
23
32
18
2
16
100
92
16
2
12
5
1
86
32
86
34
5
1
19
62
132
12
10
7
1
1
4
2
50
126
19
2
18
19
3
1
20
78
103
40
1
2
25
16
139
59
3
1
1
56
154
15
2
2
8
6
1
157
13
30
39
5
233
2
6
1
2
58
40
13
114
10
2
5
2
97
69
78
143
75
1
1
19
2
3
167
15
44
1
9
3
3
1
1
101
130
3
3
3
4
220
15
9
78
147
14
2
3
117
33
92
1
1
53
3
33
128
14
12
1
138
105
1
94
101
19
17
8
3
2
184
38
13
6
1
2
65
177
1
1
71
41
10
66
30
17
5
3
1
128
106
1
8
1
223
7
12
1
1
59
68
30
70
1
16
105
2
56
72
8
1
179
51
12
2
29
54
16
81
30
6
5
12
3
6
1
1
166
2
11
45
19
1
234
7
3
13
116
65
44
3
1
1
1
228
16
21
128
72
4
4
12
3
202
25
17
68
46
68
60
2
104
73
30
14
13
3
2
5
157
15
13
55
3
1
15
194
34
1
26
38
141
33
5
1
123
4
64
26
5
9
8
5
82
151
5
4
1
1
32
149
59
3
1
5
13
87
111
28
121
40
40
18
15
2
8
50
117
16
43
1
9
7
1
134
34
65
5
5
1
74
82
57
20
1
6
2
1
1
233
9
1
1
79
32
6
89
28
5
1
3
1
127
89
26
2
136
50
58
59
29
2
29
96
8
12
9
210
10
20
2
2
80
42
63
45
5
3
4
1
1
231
2
6
4
1
151
14
53
15
10
1
17
135
33
55
2
1
1
205
38
1
103
63
31
39
7
1
82
87
63
11
1
153
54
9
11
11
3
3
244
57
18
104
14
18
3
20
1
7
1
1
109
104
15
16
195
49
175
20
9
35
1
2
2
23
32
158
25
5
1
26
87
43
87
1
198
40
5
1
137
72
4
11
11
9
105
12
107
11
8
1
90
134
20
52
58
118
5
9
1
1
219
9
2
10
1
2
1
138
103
1
2
102
8
103
29
1
1
181
8
41
9
5
64
119
5
7
23
12
3
1
1
2
3
4
125
117
1
1
233
5
2
4
172
48
21
3
221
5
18
120
66
46
6
6
146
57
10
11
19
1
176
30
20
11
6
1
148
6
46
33
3
8
133
42
69
68
69
85
21
1
7
83
88
52
9
4
1
73
170
1
176
40
4
1
14
4
3
1
1
61
143
35
5
69
161
9
2
2
1
50
125
43
2
21
3
107
27
2
71
8
8
10
7
3
1
75
167
2
167
49
3
2
7
3
5
8
37
114
62
22
1
4
1
3
158
30
47
8
1
60
64
113
2
2
3
76
77
25
42
20
1
2
1
54
110
63
3
3
11
135
12
69
17
8
3
124
77
22
20
1
50
9
50
40
72
16
6
1
233
8
1
2
154
87
2
1
147
50
43
2
1
1
18
178
11
22
1
7
5
1
1
227
8
9
59
51
50
78
3
3
60
182
1
1
97
102
43
1
1
4
42
146
22
28
2
5
214
21
3
1
127
46
36
23
11
1
10
108
61
30
15
5
13
2
154
10
12
28
3
15
9
5
5
1
1
1
15
107
114
3
5
95
69
56
1
13
3
6
1
143
4
11
14
10
41
6
14
1
95
106
39
3
1
121
23
28
1
51
2
13
1
3
1
170
68
4
2
152
75
1
4
5
6
1
89
92
13
35
1
6
6
2
3
231
8
2
110
27
15
74
13
3
1
1
192
41
2
7
1
1
170
1
7
48
13
5
173
18
6
35
10
2
5
175
5
2
47
9
1
15
216
13
29
172
39
2
2
86
96
12
18
28
2
1
1
216
19
5
2
1
1
144
60
26
12
2
92
110
10
8
5
17
1
1
45
55
127
11
1
3
1
1
84
44
3
14
89
2
5
1
2
20
138
4
6
51
15
2
7
1
17
226
1
51
92
59
29
5
7
1
46
47
39
5
85
6
16
67
168
8
1
15
163
16
38
11
1
186
34
3
17
2
1
1
146
45
32
6
6
4
5
234
3
4
2
1
153
61
28
1
1
36
31
48
117
1
1
5
5
170
73
1
41
174
22
4
1
2
22
101
72
15
14
1
1
10
6
1
1
38
197
3
3
2
1
153
20
24
22
19
6
238
5
1
71
100
71
2
81
106
32
5
17
1
2
203
9
15
3
4
5
1
4
125
78
18
9
5
7
2
79
49
41
4
67
3
1
80
35
60
29
29
9
1
1
86
152
6
191
45
2
4
1
1
66
29
68
7
53
2
15
1
1
2
139
71
10
14
1
8
1
174
60
6
2
2
111
99
13
3
17
1
128
110
6
123
85
1
17
11
7
145
26
72
1
140
73
19
5
2
4
1
180
34
24
1
3
1
1
70
64
86
20
2
2
117
75
42
7
2
1
42
99
99
2
2
119
71
26
14
1
7
1
5
49
78
17
72
25
2
1
117
31
31
10
8
7
38
1
1
94
136
2
12
103
103
35
3
214
14
13
1
2
231
1
7
5
210
1
23
10
227
16
1
124
34
30
25
4
5
11
2
9
231
6
5
1
1
85
93
53
13
6
78
125
6
6
15
1
3
2
1
1
91
57
55
9
29
2
1
139
95
9
1
181
8
30
16
9
79
35
14
35
62
7
9
2
1
113
126
3
2
44
141
38
12
6
3
143
75
1
13
11
1
244
89
29
50
46
16
10
2
1
1
120
121
2
1
240
3
1
216
27
1
15
1
101
109
7
3
7
1
151
60
29
1
3
129
62
48
4
1
226
9
6
1
2
153
21
64
4
1
1
35
165
42
1
1
94
23
54
54
8
3
8
54
143
21
26
204
6
28
6
94
122
23
1
2
2
226
18
64
54
95
10
2
13
4
1
1
218
6
11
9
241
3
197
39
6
1
1
236
7
1
141
46
53
1
1
2
91
138
11
4
173
13
28
4
9
10
2
2
1
1
1
187
32
9
3
13
97
63
52
23
4
1
3
1
224
17
3
37
200
3
1
3
190
37
9
3
4
1
179
25
29
10
1
214
27
1
1
1
206
8
21
8
1
191
20
33
117
24
81
2
12
6
2
52
175
8
5
3
1
71
19
84
65
4
1
186
50
4
3
1
153
4
17
62
7
1
215
19
6
1
2
1
229
2
9
2
1
1
188
32
6
3
13
1
1
205
10
22
5
1
1
77
37
97
14
19
151
56
34
3
147
14
5
30
44
1
3
46
175
12
1
2
2
1
4
1
102
87
11
37
4
2
1
241
2
1
230
14
141
70
15
17
1
47
78
116
1
1
1
174
18
11
10
12
4
4
11
156
28
34
22
1
2
1
188
12
16
2
13
5
1
4
1
1
1
86
156
2
137
39
41
14
6
4
1
1
1
50
143
8
42
1
97
40
46
19
21
8
5
4
4
107
98
1
23
14
1
6
224
8
4
2
87
155
2
150
38
12
31
2
7
4
105
10
126
1
2
126
37
20
38
17
1
3
1
1
173
58
6
2
2
3
86
114
21
1
20
1
1
100
56
38
37
3
1
4
5
129
57
19
11
24
3
1
64
98
19
29
9
7
11
4
3
11
141
46
45
1
207
22
14
1
223
20
1
130
15
74
5
9
7
2
2
73
79
20
8
57
3
3
1
17
187
2
16
19
1
2
203
22
1
3
8
2
3
2
227
11
3
3
36
70
118
20
165
24
35
2
18
102
60
26
56
19
196
22
5
2
6
182
35
15
2
3
1
35
4
101
55
21
20
7
1
168
11
4
43
9
7
1
1
196
11
4
32
1
178
62
4
162
60
7
6
9
191
13
36
2
2
175
2
61
3
1
2
161
19
25
31
4
4
181
43
2
4
3
9
2
84
24
136
158
10
35
24
3
10
3
1
107
86
9
27
11
1
2
1
108
69
29
26
4
8
221
11
6
3
2
1
142
53
2
39
6
2
57
149
3
10
14
6
3
1
1
218
22
2
2
200
34
2
6
1
1
31
27
185
1
75
90
48
8
4
8
9
1
1
28
15
109
91
1
129
36
3
16
21
21
16
2
171
45
11
17
116
59
48
1
4
3
12
1
115
11
80
24
13
1
171
50
20
1
1
1
79
89
55
2
9
6
4
77
88
20
14
27
2
6
7
3
23
126
63
3
18
8
3
60
69
47
53
8
2
5
151
66
7
15
3
1
1
196
47
1
180
30
8
26
48
34
93
65
3
1
209
26
8
1
19
185
26
3
8
1
2
24
184
28
1
1
3
2
1
171
54
19
96
10
74
13
22
22
4
3
140
17
51
16
11
8
1
8
53
41
130
4
4
4
15
4
178
29
11
3
2
1
1
85
58
64
17
6
14
243
1
68
156
17
1
2
220
15
3
1
1
1
2
1
178
30
32
4
169
59
9
7
168
14
50
6
5
1
186
11
12
1
14
15
1
1
1
2
148
88
5
1
2
69
77
41
56
1
2
135
36
68
1
1
1
75
139
20
9
1
205
24
9
6
147
76
13
2
3
1
2
177
55
8
4
166
54
15
4
4
1
189
44
6
1
1
1
1
1
145
59
18
13
5
2
1
1
241
3
154
23
47
9
8
2
1
197
10
10
19
7
1
158
7
57
18
2
1
1
30
130
29
17
22
13
1
2
117
116
8
3
58
60
102
18
4
1
1
15
44
56
10
7
57
20
16
15
4
41
43
84
25
35
16
216
28
204
30
8
2
61
26
73
41
14
28
1
224
20
190
4
29
18
2
1
220
24
135
22
23
58
1
4
1
137
17
50
30
5
2
3
143
28
37
18
5
13
84
34
75
19
9
2
7
13
1
132
109
3
32
183
5
23
1
57
61
20
42
55
8
1
17
16
36
55
87
19
13
1
214
18
11
1
76
36
126
3
2
1
118
6
84
10
15
2
5
4
197
46
1
200
7
15
22
109
103
26
1
4
1
90
43
27
73
9
2
197
28
8
10
1
88
43
54
58
1
4
194
28
7
9
2
117
32
20
20
39
1
15
158
18
13
22
13
10
8
2
94
150
224
13
1
2
3
1
129
41
9
65
8
99
47
15
16
33
21
2
3
18
19
115
79
6
2
1
4
101
82
48
5
5
2
1
131
38
22
51
1
1
34
23
62
48
74
1
2
91
142
9
2
224
11
3
5
1
192
46
3
3
169
21
45
9
29
6
70
44
32
45
16
2
120
53
50
11
3
5
1
1
37
151
1
24
7
19
3
2
142
63
12
17
3
7
224
17
1
1
1
119
94
26
4
1
134
63
6
23
5
4
6
2
1
95
3
91
51
3
1
119
46
62
14
1
1
1
183
19
12
7
15
4
4
75
142
7
10
6
1
2
1
195
47
2
95
44
81
15
4
1
1
2
1
32
36
135
38
2
1
26
203
15
200
34
1
8
1
154
4
52
5
4
1
4
16
1
1
1
1
13
166
22
33
3
6
1
235
5
4
11
18
106
26
56
5
3
18
1
127
116
1
211
1
7
15
5
1
3
1
197
35
12
158
28
46
2
4
3
1
2
216
7
9
8
4
10
231
3
5
128
94
17
127
63
44
10
171
41
14
3
15
158
59
17
6
1
3
51
64
24
41
63
1
48
14
36
142
1
3
44
99
16
29
14
24
16
1
1
163
72
1
4
1
2
1
222
12
8
1
1
127
72
36
1
8
201
32
3
8
183
40
14
6
1
215
5
5
3
11
2
2
1
124
72
10
35
2
1
94
70
24
56
85
90
42
18
3
5
1
4
156
50
15
18
1
108
93
8
21
13
1
221
11
8
2
1
1
22
169
37
7
3
2
1
2
1
65
86
39
52
1
1
129
96
10
8
1
97
32
7
61
38
7
1
1
198
38
7
1
241
1
1
1
191
41
1
8
2
1
206
28
2
1
2
4
1
156
71
8
5
2
2
29
186
8
17
4
12
211
1
19
1
237
1
3
2
1
184
60
214
18
3
1
2
4
2
18
98
20
88
5
9
6
158
45
1
15
14
3
7
1
85
40
61
56
1
1
137
85
14
4
4
159
76
4
4
1
162
46
13
6
5
6
2
2
2
105
9
7
33
74
6
5
5
57
106
62
10
4
4
1
173
7
63
1
104
21
23
2
23
23
22
19
6
1
190
9
35
4
3
1
1
1
56
172
1
3
3
1
7
1
58
110
36
12
16
4
1
2
1
3
1
66
26
118
16
6
11
1
152
23
57
3
8
1
34
50
61
33
56
1
2
1
3
1
1
1
188
6
44
4
2
65
139
12
22
2
4
Number of elements: 2960
