Bin size: 237
Num of Bins: 337
100
106
1
26
4
125
61
2
6
7
33
1
2
77
40
73
45
1
1
143
94
160
1
63
2
8
2
1
101
7
77
21
26
3
1
1
192
6
8
1
17
1
12
228
6
3
13
172
44
8
17
52
16
36
18
63
35
30
58
102
34
7
1
3
2
2
50
125
45
4
4
6
1
111
29
47
7
6
4
28
4
1
237
164
39
10
7
12
5
107
97
31
2
2
113
87
6
20
1
3
4
1
55
83
98
1
69
17
147
2
1
1
79
27
98
32
1
111
109
13
1
2
1
159
55
11
3
1
4
3
1
62
27
1
7
124
2
6
7
1
84
62
5
59
22
5
215
10
3
8
1
167
62
2
5
1
185
25
23
4
7
114
40
70
6
232
5
67
98
51
13
3
3
1
1
192
33
5
2
2
2
1
72
7
67
42
38
9
1
1
189
23
12
3
6
2
1
1
76
140
7
3
7
1
3
153
5
69
9
1
93
136
1
2
5
155
58
8
16
4
201
20
3
9
164
38
15
5
1
4
6
4
99
24
51
34
20
5
2
2
87
17
91
37
5
216
18
3
175
51
9
2
33
106
20
26
38
9
3
1
1
131
87
6
5
5
3
44
137
19
3
18
7
6
2
1
150
24
56
2
4
1
236
1
187
47
3
222
4
7
4
143
18
31
45
61
56
104
10
3
3
216
10
8
1
2
109
126
1
1
159
11
53
13
1
230
4
3
219
2
15
1
58
170
7
2
62
148
21
5
1
103
44
57
4
10
10
4
3
1
1
152
4
41
9
13
16
1
1
37
103
93
2
1
1
39
85
90
13
5
2
1
1
1
237
137
87
10
3
160
36
35
3
1
2
120
113
1
1
2
58
149
26
3
1
44
18
18
111
33
6
6
1
162
33
15
17
3
2
5
35
90
43
5
23
27
7
7
135
74
15
7
1
5
120
72
13
8
19
1
2
1
1
121
16
27
42
1
2
12
4
11
1
19
217
1
181
25
31
178
47
3
5
4
144
53
6
13
21
99
131
3
1
2
1
221
14
1
1
67
37
24
85
21
1
1
1
40
12
179
4
2
57
118
50
8
4
173
30
9
4
7
8
4
2
226
8
3
221
9
4
1
1
1
139
69
18
9
2
175
35
1
2
13
6
4
1
196
22
1
9
6
1
1
1
94
107
22
13
1
141
37
4
41
1
7
6
128
23
74
4
8
122
52
16
45
1
1
80
69
7
32
4
9
33
3
48
177
3
2
1
3
2
1
59
115
34
22
7
40
116
35
16
9
7
1
9
3
1
83
60
16
14
57
6
1
8
128
61
33
2
4
1
96
118
15
3
4
1
12
106
98
20
1
91
45
99
2
151
74
1
6
4
1
88
24
123
1
1
210
16
9
2
38
89
53
21
23
3
7
2
1
138
19
33
23
7
3
12
2
81
95
50
6
1
1
2
1
171
57
3
2
3
1
156
74
3
4
73
46
105
2
11
106
126
4
1
140
59
34
2
2
119
22
31
23
19
16
6
1
181
12
6
32
1
1
2
2
106
47
34
18
16
6
3
4
3
189
44
4
23
76
77
56
4
1
14
134
13
55
9
9
1
1
1
192
19
16
1
3
2
3
1
94
51
69
5
12
3
1
2
204
13
13
4
1
1
1
90
3
142
2
183
3
1
31
7
5
7
48
31
33
65
41
6
8
3
1
1
210
1
13
5
1
6
1
132
27
35
40
2
1
72
126
5
32
1
1
63
99
29
2
5
36
1
2
199
32
6
183
11
32
3
3
3
2
183
24
30
149
1
27
10
14
30
2
4
28
77
74
4
38
11
2
1
1
1
73
86
5
13
47
3
8
2
99
26
37
4
45
17
7
1
1
81
64
57
19
14
2
182
45
10
174
54
5
2
1
1
30
168
36
2
1
91
135
10
1
64
51
66
19
23
4
7
1
2
121
51
12
23
23
4
3
49
35
102
11
16
6
10
6
1
1
24
6
136
52
3
13
1
2
37
15
3
53
46
4
29
34
2
12
2
237
166
4
18
3
35
2
7
2
133
38
62
2
1
1
171
5
17
2
19
6
2
12
3
101
132
3
1
158
32
3
23
8
3
4
6
44
176
7
9
1
93
39
11
8
29
18
29
10
60
13
68
96
29
55
145
8
20
96
31
43
43
2
1
1
106
15
50
46
14
5
1
151
36
21
16
11
1
1
48
117
52
12
6
2
118
119
27
14
68
30
2
90
3
1
1
1
92
133
4
7
1
135
37
41
5
8
1
9
1
193
6
1
11
7
8
9
2
52
23
19
33
110
183
40
3
8
1
2
205
15
6
10
1
70
149
2
7
7
1
1
88
56
35
19
35
1
3
204
23
2
1
4
3
63
23
88
7
56
145
2
9
81
61
117
56
2
1
72
108
2
26
21
1
7
86
122
14
4
9
1
1
143
25
30
36
3
25
158
16
13
4
10
6
5
188
41
8
105
67
34
7
4
13
1
3
3
212
1
22
2
233
4
62
124
9
10
24
7
1
165
39
11
14
8
140
74
21
2
119
79
16
5
6
10
2
213
20
1
2
1
5
216
2
5
4
5
148
62
12
5
5
1
4
24
56
8
76
8
19
21
9
7
2
5
1
1
121
82
33
1
4
112
32
45
10
6
20
6
1
1
31
202
3
1
185
40
5
2
2
1
1
1
221
7
9
185
43
3
1
2
2
1
197
23
2
12
3
22
1
40
99
44
11
14
4
1
1
214
22
1
221
8
3
1
4
114
82
4
32
1
3
1
122
27
15
7
7
59
214
11
3
9
120
50
33
31
1
2
38
95
78
25
1
102
134
1
41
84
59
6
34
4
7
2
124
94
1
6
12
174
23
18
2
9
1
5
3
2
17
211
8
1
156
44
18
16
3
118
52
16
38
12
1
229
2
4
1
1
109
91
36
1
184
2
4
22
7
18
206
9
8
14
60
88
3
24
44
18
26
166
2
19
17
6
1
85
131
10
11
10
26
167
25
9
61
118
24
26
2
6
219
18
105
105
18
8
1
118
76
18
15
3
2
5
62
101
9
13
23
6
13
8
1
1
231
3
2
1
59
112
28
22
3
9
4
63
160
1
4
9
150
81
2
4
57
61
48
50
6
11
2
1
1
169
47
16
4
1
218
7
11
1
174
9
6
20
3
6
3
6
9
1
188
21
1
2
23
1
1
203
28
6
222
2
12
1
122
34
71
1
8
1
174
33
2
13
2
6
6
1
75
133
29
4
114
59
8
47
3
2
174
50
5
6
2
180
47
7
2
1
111
47
6
60
2
2
7
2
189
9
6
21
3
9
90
76
11
1
33
25
1
182
48
3
3
1
100
120
1
8
6
1
1
30
194
2
6
1
3
1
73
83
10
22
47
1
1
6
68
3
118
11
9
11
4
6
1
45
79
103
6
4
114
59
23
3
11
8
16
3
186
10
8
20
12
1
22
158
11
17
24
5
3
106
21
97
10
89
16
30
14
11
41
25
11
157
26
20
31
1
1
1
225
4
2
2
1
2
1
206
23
3
3
1
1
219
8
2
1
1
6
126
36
69
3
2
1
34
28
43
69
20
31
8
4
19
181
30
2
4
1
111
4
113
8
1
144
33
32
28
114
99
16
4
2
1
1
96
111
13
9
5
3
227
6
2
2
79
51
24
59
4
18
1
1
59
163
4
6
3
1
1
99
64
43
6
12
5
8
71
56
50
42
18
164
56
10
7
25
66
115
29
1
1
185
42
9
1
15
198
8
5
4
2
4
1
46
99
22
1
18
1
28
9
13
26
37
86
79
3
3
1
2
162
20
55
37
57
118
13
12
104
126
7
26
90
120
1
125
87
13
10
1
1
4
77
21
3
19
62
5
16
8
15
4
2
1
78
11
97
27
23
1
185
26
19
1
3
2
1
116
88
24
6
1
1
1
112
90
3
19
8
3
1
1
181
33
16
1
4
2
175
23
13
11
1
13
1
64
67
24
12
31
20
17
2
10
94
120
7
6
221
4
5
3
4
93
108
7
7
19
1
1
1
1
157
29
31
6
7
2
2
1
1
7
183
29
2
13
2
1
46
144
34
2
2
6
2
1
228
6
3
100
123
5
2
7
232
4
1
237
169
59
7
2
235
1
1
137
32
18
5
39
2
2
2
165
47
5
17
3
233
1
2
1
153
17
28
9
8
9
2
4
7
207
9
16
5
28
99
109
1
126
53
38
12
6
2
216
3
13
5
90
116
12
19
41
3
17
89
48
29
7
2
1
153
83
1
28
118
49
13
17
1
4
4
2
1
6
75
86
2
1
51
3
3
8
2
186
39
6
6
105
45
65
21
1
85
114
3
29
3
3
169
40
17
9
1
1
219
3
12
1
1
1
192
16
14
10
1
2
1
1
57
152
15
12
1
204
11
21
1
2
76
120
35
2
2
182
5
42
5
3
63
40
54
11
52
14
2
1
43
65
41
41
20
23
1
2
1
156
70
1
2
4
3
1
231
3
3
203
34
26
115
45
27
19
4
1
47
60
42
84
3
1
40
178
19
153
63
11
4
6
35
48
142
2
9
1
26
52
107
1
13
15
15
5
2
1
Number of elements: 2033
