Bin size: 291
Num of Bins: 435
104
83
91
7
2
4
255
5
31
140
63
20
67
1
26
264
1
81
186
15
1
3
3
2
116
46
118
3
1
6
1
263
26
2
197
2
11
2
3
76
15
20
56
184
14
1
1
69
125
65
19
11
1
1
156
43
38
46
3
5
101
83
9
74
21
2
1
151
77
31
16
14
2
175
44
58
11
1
1
1
201
36
6
40
6
1
1
264
5
18
1
3
235
35
17
4
281
4
3
1
2
76
162
41
9
3
61
23
126
38
8
34
1
283
7
1
173
1
36
62
3
12
1
2
1
267
19
3
2
110
49
11
88
23
5
4
1
132
97
44
11
7
22
32
75
91
48
22
1
44
32
83
37
79
16
191
77
3
9
2
5
2
2
209
25
29
4
24
92
25
155
14
4
1
222
47
9
5
3
1
2
2
125
16
145
4
1
90
178
20
2
1
105
42
72
55
16
1
78
178
34
1
291
105
67
73
29
10
6
1
11
24
223
23
2
6
1
1
158
23
56
34
6
1
9
4
18
85
116
67
5
45
103
27
108
8
229
17
44
1
253
26
8
4
227
28
21
6
7
2
269
14
2
1
3
1
1
210
57
14
3
5
1
1
88
25
60
38
48
22
8
1
1
187
90
7
6
1
221
2
23
10
23
1
4
2
5
282
9
142
19
91
11
24
4
173
33
40
24
7
11
1
2
209
34
14
14
15
2
1
2
108
160
14
7
2
110
89
44
32
14
2
195
35
46
5
6
3
1
180
63
36
5
3
4
88
61
50
24
55
13
227
31
32
1
208
8
63
11
1
141
131
1
4
9
5
201
63
11
14
2
94
140
15
6
20
15
1
41
48
20
161
2
4
9
6
248
35
3
3
2
103
79
1
70
20
12
4
1
1
64
111
12
27
7
64
6
9
135
29
35
64
2
16
1
120
154
17
156
20
2
19
1
90
2
1
53
171
8
55
4
51
173
12
45
9
1
167
62
29
28
1
1
1
2
280
6
5
195
36
17
4
15
24
185
104
1
1
50
142
61
23
12
3
201
70
20
94
15
151
19
11
1
138
94
55
1
1
2
264
24
1
2
15
18
166
60
20
10
1
1
58
170
41
21
1
128
45
96
22
203
5
29
39
5
7
2
1
244
20
13
7
6
1
145
24
112
2
8
274
13
3
1
283
4
2
2
26
112
114
32
7
198
65
16
4
5
2
1
156
109
15
6
5
229
59
3
232
44
3
5
3
4
103
71
107
1
9
124
114
6
31
14
2
47
230
13
1
144
76
2
16
4
6
41
1
1
18
127
87
17
23
18
1
78
54
127
3
11
12
4
1
1
114
156
21
110
83
55
12
28
3
283
1
5
2
49
208
29
1
4
183
70
19
9
7
2
1
129
64
72
3
14
3
5
1
169
15
10
51
42
3
1
57
67
62
19
78
4
1
1
1
1
241
33
13
2
2
196
76
16
2
1
31
70
176
2
11
1
107
41
47
68
12
7
5
3
1
125
160
2
2
1
1
18
189
69
13
1
1
4
183
29
36
17
1
9
7
4
1
84
65
114
17
4
3
4
273
11
4
2
1
183
90
1
3
14
61
54
10
159
6
1
196
1
44
8
17
18
3
2
1
1
256
5
11
6
11
2
118
86
78
8
1
141
119
29
2
125
11
150
2
2
1
291
227
14
14
13
5
5
8
5
65
83
88
8
2
7
5
18
4
1
2
1
1
6
90
178
5
4
1
8
1
3
1
118
167
4
1
1
233
49
6
1
2
72
53
24
123
10
3
4
2
172
5
23
30
3
12
1
9
36
227
49
7
5
3
217
9
7
17
20
19
2
229
6
14
10
16
12
2
1
1
285
2
2
2
22
174
48
9
19
4
6
6
3
42
226
2
3
18
228
55
5
3
264
23
4
44
71
29
113
5
11
2
3
2
2
1
3
3
2
65
201
3
21
1
32
245
11
2
1
96
24
59
90
20
2
20
128
57
8
33
8
5
9
23
29
220
39
3
13
224
1
15
28
3
6
1
225
48
1
17
22
170
42
7
33
9
8
243
35
13
170
47
15
46
4
4
5
1
80
135
19
16
18
4
2
7
3
3
2
1
151
55
40
27
10
6
2
263
14
10
1
2
1
266
15
7
3
274
11
2
2
1
1
32
93
112
45
4
3
1
1
55
96
50
42
11
33
1
1
1
1
149
142
68
108
80
21
6
1
7
152
39
76
8
1
2
13
15
183
55
32
3
1
2
231
45
7
1
4
1
2
60
25
64
88
39
4
6
3
1
1
261
16
5
2
6
1
77
89
77
36
1
2
9
221
16
40
11
3
203
67
21
126
123
32
8
2
19
20
238
7
7
108
62
114
6
1
179
63
46
3
191
43
26
20
4
3
3
1
101
135
25
25
3
1
1
1
75
36
117
53
9
209
62
6
12
1
1
40
131
113
5
2
184
30
55
10
11
1
107
98
13
16
22
26
9
134
147
3
3
3
1
277
2
9
2
1
214
59
4
1
1
4
6
1
1
87
106
7
19
60
12
8
48
125
57
36
13
3
1
208
23
8
18
26
8
228
61
2
31
77
50
30
40
45
15
1
2
140
53
60
30
1
4
3
58
156
29
15
33
186
36
52
7
3
2
1
2
1
1
55
62
100
9
53
3
1
7
1
3
153
79
28
18
1
4
5
60
44
120
38
28
1
285
5
1
178
2
86
12
13
108
21
45
99
9
1
4
1
1
2
145
132
14
89
75
79
32
14
1
1
56
134
50
15
24
9
3
283
3
2
3
282
1
6
2
39
34
108
76
27
5
1
1
6
78
4
52
39
53
30
17
3
3
6
244
9
22
3
6
7
173
29
60
10
12
6
1
207
23
22
38
1
15
146
126
4
55
79
109
26
22
267
13
9
1
1
159
8
60
2
37
16
8
1
64
60
129
11
7
15
1
4
34
102
14
73
28
24
9
3
4
278
11
2
125
144
16
6
223
23
37
7
1
24
69
144
49
5
9
98
113
22
21
25
1
1
1
83
173
25
7
2
1
274
14
1
2
59
55
57
93
8
17
1
1
271
11
3
1
1
1
3
30
126
54
47
11
14
1
8
91
42
36
59
48
3
1
11
58
9
30
95
67
16
4
5
6
1
266
21
4
231
33
13
13
1
72
29
16
31
115
13
6
2
6
1
192
8
88
2
1
4
14
22
111
31
80
6
20
2
1
143
87
34
7
4
2
7
2
4
1
88
43
114
41
2
2
1
34
175
66
13
2
1
205
56
5
14
5
1
3
2
226
62
1
1
1
70
70
23
23
14
56
34
1
283
3
3
1
1
168
74
17
9
22
1
263
19
5
2
2
273
6
1
2
3
6
209
13
19
34
5
2
5
4
26
39
96
127
2
1
198
66
10
15
2
242
3
34
9
2
1
226
30
31
1
3
34
78
144
7
8
12
8
83
45
58
3
13
7
70
2
9
1
238
46
3
1
3
150
12
116
8
3
2
114
67
102
5
2
1
111
131
32
8
9
168
41
65
5
3
8
1
143
63
43
24
7
11
109
86
70
9
13
4
213
7
10
11
5
27
14
3
1
202
35
49
1
4
247
11
11
11
1
8
1
1
241
42
2
4
2
32
78
74
105
1
1
264
6
5
1
1
8
6
21
25
207
36
2
164
69
22
6
30
221
1
20
12
10
2
12
3
5
4
1
274
13
3
1
242
42
5
2
51
83
61
6
5
30
50
4
1
103
88
51
15
34
46
242
3
170
57
16
17
10
5
4
10
1
1
185
54
13
9
16
8
3
3
116
25
53
78
6
10
3
144
91
35
12
7
2
108
63
117
2
1
262
25
4
241
46
3
1
261
17
1
7
2
2
1
74
214
3
265
16
1
7
2
78
169
29
15
210
16
41
24
27
219
7
35
3
231
27
25
5
2
1
49
151
85
6
190
35
4
18
31
12
1
158
41
92
194
23
38
26
1
3
4
1
1
124
24
143
191
87
4
3
1
2
2
1
196
24
10
21
32
5
3
217
65
4
2
2
1
42
157
18
25
10
2
28
2
3
4
286
1
3
1
203
79
9
40
87
149
2
4
5
4
50
99
119
14
9
81
139
27
2
21
16
1
1
2
1
211
75
4
1
288
1
2
124
73
46
14
34
89
98
26
59
17
1
1
242
18
2
20
9
62
187
6
13
4
16
3
72
178
7
31
1
2
266
6
13
1
5
185
54
20
19
7
4
1
1
267
15
6
2
1
46
78
46
113
6
2
51
240
42
16
121
49
53
9
1
160
50
16
35
10
11
4
1
3
1
82
187
16
5
1
105
83
79
11
13
67
159
13
45
2
1
3
1
113
141
35
2
79
26
20
12
90
5
3
48
5
1
2
291
98
7
87
76
10
7
6
42
67
24
26
37
69
15
1
3
3
4
59
51
52
90
35
4
277
11
2
1
214
27
10
12
23
4
1
220
34
22
15
147
47
70
15
8
1
2
1
19
235
24
6
1
1
2
1
2
103
91
87
8
1
1
244
14
33
151
25
99
9
5
2
129
22
60
37
40
3
226
17
46
2
216
42
10
15
1
2
5
212
28
15
31
2
2
1
231
49
11
185
31
10
20
5
4
20
15
1
215
42
7
22
1
4
143
144
2
1
1
133
143
13
2
221
38
12
10
10
242
23
10
5
7
3
1
61
93
59
27
5
21
14
9
1
1
146
24
51
3
32
15
2
7
2
1
2
3
2
1
113
3
13
84
39
13
8
11
1
4
2
90
95
40
57
8
1
171
84
7
26
1
2
191
26
19
17
14
20
1
2
1
93
20
101
3
33
19
7
10
4
1
90
38
136
23
4
167
10
82
19
6
7
274
11
4
2
23
168
46
40
11
3
271
14
5
1
219
10
24
12
26
3
225
50
8
1
3
1
38
192
43
2
15
1
108
25
150
5
1
2
122
38
108
3
16
1
3
131
68
19
50
18
4
1
283
2
1
2
3
80
24
56
9
44
30
8
8
2
30
127
94
59
10
1
65
217
6
2
1
176
78
26
10
1
129
26
86
50
133
121
26
11
204
52
32
2
1
167
29
86
9
94
21
123
1
24
24
4
91
34
38
75
10
11
21
7
4
153
19
4
55
15
32
5
8
265
13
9
2
1
1
182
65
26
10
4
1
1
2
17
64
27
23
90
9
21
39
1
90
118
45
29
8
1
49
207
8
4
8
12
3
250
27
7
2
3
2
58
226
1
2
4
13
84
162
26
6
8
244
7
15
1
11
5
272
10
8
1
61
46
31
118
12
12
9
1
1
270
15
2
1
1
1
1
172
75
27
4
2
9
1
1
240
33
7
4
3
1
1
2
215
58
12
4
2
187
26
38
24
9
2
1
2
2
267
11
1
1
3
3
3
1
1
90
122
32
24
6
16
1
184
58
9
8
22
9
1
75
12
123
41
12
12
2
11
3
165
103
8
6
9
46
244
1
126
127
12
13
4
9
117
16
69
2
81
5
1
54
48
50
22
73
17
21
1
3
1
1
279
6
6
270
8
11
2
261
7
13
5
5
244
11
31
1
3
1
82
46
134
17
12
47
60
90
8
16
52
5
1
11
1
5
69
206
11
247
43
1
167
56
33
23
4
5
2
1
14
238
16
4
16
2
1
16
193
67
8
6
1
277
2
2
10
34
187
27
12
11
8
8
4
20
29
79
108
13
15
25
1
1
170
49
27
19
23
3
237
31
1
9
13
3
105
130
52
1
120
5
32
104
5
22
1
2
203
48
15
8
3
4
4
6
266
22
3
66
133
80
3
2
7
242
41
1
5
2
50
144
96
1
196
51
17
12
3
10
1
1
188
25
48
28
2
144
139
2
6
154
54
28
37
11
3
2
2
2
91
131
55
7
4
1
39
105
133
11
3
249
13
1
24
2
1
1
18
161
88
12
1
10
1
175
102
1
10
3
138
71
29
6
44
3
63
167
2
30
14
11
4
124
42
30
87
6
2
24
170
88
4
1
2
2
229
18
39
3
1
1
213
10
64
2
2
101
123
1
41
7
4
10
2
2
233
52
3
2
1
83
80
10
4
89
20
3
2
216
29
44
2
261
29
1
Number of elements: 2694
