Bin size: 244
Num of Bins: 418
49
50
129
7
7
2
103
73
41
24
1
2
218
24
2
11
138
17
56
13
4
2
3
107
36
97
4
236
6
2
109
35
18
15
54
1
11
1
26
43
136
30
6
3
161
61
6
11
5
39
31
143
6
6
5
1
1
2
1
7
2
170
50
6
5
5
1
6
1
151
51
41
1
4
100
106
32
1
1
241
3
218
21
2
1
1
1
42
147
21
20
7
4
1
2
16
163
4
4
22
8
24
2
1
162
36
41
2
1
1
1
2
46
134
41
14
4
2
1
87
10
128
8
2
1
3
2
1
1
1
163
14
67
11
67
83
41
14
3
24
1
46
193
1
1
2
1
67
167
1
9
94
86
53
11
77
87
71
1
8
35
121
62
11
12
1
1
1
191
34
3
4
6
2
4
164
3
34
28
1
12
2
162
26
5
43
5
2
1
167
37
34
3
2
1
139
105
60
91
28
45
9
11
228
7
4
4
1
48
150
32
13
1
147
46
33
11
3
4
48
52
71
62
8
2
1
222
11
9
1
1
197
14
19
1
9
1
3
221
17
5
1
132
56
23
1
26
4
1
1
131
109
4
29
208
5
2
76
154
13
1
198
1
21
19
3
1
1
67
132
25
19
1
79
91
44
2
6
21
1
239
3
1
1
104
8
41
49
29
13
140
19
54
12
5
8
6
229
2
7
3
3
196
27
18
1
1
1
129
51
61
2
1
238
2
1
3
72
75
70
19
8
155
39
27
14
7
1
1
88
34
26
18
44
17
4
7
6
78
75
38
10
31
3
8
1
79
54
30
35
26
12
2
4
1
1
130
20
57
3
12
14
7
1
132
80
25
1
6
23
188
11
3
2
5
5
7
54
40
3
116
30
1
82
13
33
91
5
14
3
2
1
144
42
24
13
15
4
1
1
99
98
19
27
1
181
15
16
28
3
1
55
42
133
10
3
1
29
79
95
32
9
220
21
3
135
62
43
3
1
118
23
88
14
1
151
17
22
50
1
1
1
1
69
77
65
24
7
2
1
108
1
101
4
23
1
4
1
65
99
52
12
4
10
2
85
39
118
1
1
13
123
62
13
13
1
8
1
8
1
1
151
88
2
2
1
6
149
30
26
33
68
125
24
6
18
1
1
1
80
58
23
27
28
6
5
3
4
5
4
1
195
28
13
1
1
2
4
85
25
53
39
41
1
185
46
5
7
1
115
43
24
7
29
22
3
1
65
163
6
2
4
4
171
33
27
12
1
212
25
7
206
20
10
5
2
1
49
122
32
7
3
27
3
1
197
46
1
8
20
43
65
70
20
2
16
160
67
3
13
1
129
86
3
5
11
3
3
1
3
138
101
1
2
1
1
199
33
6
6
134
39
10
5
25
13
7
7
1
1
1
1
68
92
4
69
10
1
21
80
92
45
1
1
1
1
1
1
224
9
7
1
3
157
50
18
5
2
8
4
23
88
130
3
180
54
6
1
3
99
64
74
4
3
103
109
9
7
10
1
4
1
219
16
7
1
1
124
88
31
1
211
10
17
6
170
14
58
2
62
75
25
16
61
1
4
109
26
54
24
8
7
9
6
1
73
61
66
7
37
128
28
84
2
2
61
159
14
1
6
2
1
117
29
51
33
8
6
29
155
56
2
1
1
17
37
102
65
15
5
3
198
7
17
21
1
136
30
77
1
237
2
2
1
1
1
207
11
14
9
1
2
12
190
32
2
6
1
1
6
56
96
25
21
18
10
2
3
1
6
167
46
24
4
2
1
53
151
5
4
12
12
4
1
2
65
46
43
87
3
219
11
9
2
3
46
36
39
121
1
1
17
183
9
16
7
2
3
2
1
1
3
89
151
3
1
24
82
21
32
30
44
6
1
3
1
174
8
59
3
43
114
77
3
6
1
226
10
3
4
1
125
71
38
9
1
15
88
10
53
55
14
3
3
3
216
15
12
1
48
41
131
1
1
20
2
178
20
18
18
3
5
2
121
64
43
10
5
1
61
114
66
2
1
225
3
12
3
1
160
56
11
12
4
1
244
218
19
6
1
90
154
80
46
69
9
1
36
3
187
1
33
16
7
7
139
75
3
12
8
170
68
3
1
1
1
232
12
31
41
25
65
78
3
1
108
130
5
1
180
56
4
2
2
218
2
4
5
7
7
1
117
48
30
43
6
116
87
14
16
6
3
1
1
24
77
78
3
22
30
2
5
3
109
42
44
46
3
231
5
8
168
47
8
18
3
81
126
11
9
16
1
187
9
23
8
7
10
97
89
51
7
183
3
12
38
5
3
244
123
49
19
35
9
8
1
138
71
22
12
1
36
139
68
1
5
88
119
29
3
102
102
26
1
11
2
58
106
51
24
3
2
105
130
2
6
1
99
62
48
5
22
2
5
1
205
25
3
2
1
4
4
164
70
3
1
4
1
1
76
33
22
43
27
38
3
2
156
7
64
7
2
6
1
1
38
103
1
83
17
1
1
211
16
13
2
1
1
51
57
9
37
45
34
10
1
194
41
1
1
6
1
43
183
3
11
4
90
120
1
25
2
5
1
217
24
3
51
2
181
7
2
1
131
20
28
23
28
14
64
48
81
22
20
6
1
2
35
142
14
9
29
13
1
1
237
7
113
110
9
4
8
192
12
25
6
2
1
2
4
172
70
2
131
27
15
50
13
6
1
1
27
94
74
48
1
15
113
20
35
38
1
4
7
7
2
1
1
59
118
43
2
20
1
1
40
142
18
13
25
2
1
2
1
99
75
64
4
2
222
7
7
4
3
1
220
18
5
1
27
211
2
4
120
29
27
61
1
3
1
2
119
37
58
21
3
4
1
1
229
11
1
3
60
49
69
9
35
16
3
2
1
3
239
2
208
29
5
1
1
45
131
68
13
139
12
45
11
7
1
2
5
4
2
1
2
168
45
22
2
1
4
2
209
30
2
1
2
206
32
4
1
1
244
200
19
17
2
5
1
49
177
3
3
10
2
234
9
1
206
17
16
4
1
97
13
3
128
2
1
189
28
20
3
3
1
119
42
73
7
3
152
30
54
4
2
1
1
42
180
12
6
4
218
25
1
48
7
149
13
4
12
6
1
2
2
176
19
29
1
13
1
1
2
1
1
96
47
55
10
1
19
6
6
1
3
225
17
2
217
20
3
1
3
210
23
3
1
6
1
56
158
8
17
4
1
115
119
9
1
70
139
29
4
1
1
84
11
55
18
34
35
6
1
46
2
112
15
46
22
1
237
4
2
1
176
32
4
23
3
4
2
86
146
1
8
3
164
18
49
11
1
1
160
45
3
35
1
26
176
26
3
4
4
5
53
122
42
4
1
4
17
1
80
119
22
3
17
3
60
74
106
2
2
81
148
11
2
1
1
10
93
41
5
25
15
18
15
8
11
2
1
130
14
17
49
33
1
119
65
13
11
24
9
2
1
236
8
217
27
123
63
35
17
6
149
79
9
7
87
108
34
14
1
66
97
55
5
19
2
29
215
194
11
1
2
2
16
3
6
5
4
109
128
3
1
3
17
210
8
8
1
31
3
186
2
11
1
1
6
2
1
86
78
55
8
6
2
2
1
4
2
57
145
9
22
5
5
1
158
70
2
3
2
8
1
220
21
1
2
157
70
14
3
104
30
61
12
26
9
2
30
1
67
32
37
41
15
13
6
1
1
29
169
19
4
19
2
1
1
183
55
2
1
1
2
30
109
83
11
9
2
177
32
22
6
1
2
3
1
226
12
2
2
1
1
25
83
77
35
19
2
1
2
134
78
16
6
7
1
2
11
185
16
7
17
4
4
201
36
4
1
1
1
52
108
36
8
17
19
4
46
58
123
4
8
1
3
1
76
13
74
48
1
31
1
62
163
9
5
1
4
165
78
1
119
89
34
2
90
98
16
38
1
1
72
152
8
4
7
1
158
19
23
37
6
1
109
50
11
63
7
3
1
231
1
3
3
4
1
1
177
64
1
2
186
36
6
6
6
1
1
1
1
212
6
24
1
1
215
11
6
4
1
6
1
235
4
2
2
1
134
49
42
12
4
1
2
55
115
23
27
15
4
5
49
79
110
3
1
2
36
128
8
14
44
8
4
1
1
192
46
1
1
2
1
1
101
36
58
18
5
5
20
1
94
81
60
1
8
81
75
88
207
15
10
8
1
2
1
117
79
20
6
5
2
2
2
3
8
58
42
16
31
48
8
25
9
2
3
1
1
59
149
17
11
6
2
84
119
20
2
3
3
13
149
8
52
4
18
13
96
86
57
1
1
2
1
94
135
7
8
164
47
9
1
11
7
2
3
185
29
20
4
4
2
156
35
44
5
2
2
158
20
16
36
7
7
15
152
19
8
1
32
6
6
1
3
1
165
55
1
17
6
222
16
4
1
1
138
58
26
20
2
118
5
4
52
12
44
7
1
1
141
48
42
9
1
3
184
50
6
4
89
13
113
29
108
45
79
2
7
3
95
83
66
135
95
3
8
1
1
1
110
125
7
2
27
89
63
6
58
1
36
163
7
30
5
3
175
22
15
12
2
7
6
2
2
1
197
14
2
20
1
3
4
2
1
166
28
25
8
9
6
2
26
125
21
68
2
2
12
53
140
14
5
11
3
1
5
143
78
5
6
11
1
115
15
3
5
74
18
13
1
223
20
1
12
130
67
20
8
2
5
130
6
82
2
14
10
236
2
1
3
2
92
49
23
69
1
3
3
3
1
168
73
3
112
42
51
33
3
1
1
1
109
74
46
2
8
5
1
163
2
74
1
2
1
136
6
30
57
6
2
1
5
1
208
12
15
3
5
1
207
9
20
6
2
165
65
2
3
8
1
31
38
54
34
59
2
15
5
3
3
115
47
48
1
10
6
1
1
1
8
5
1
200
8
5
13
18
68
65
70
29
8
4
135
100
3
6
135
2
60
24
8
12
3
206
10
18
8
2
121
2
42
3
14
38
14
10
82
131
8
1
7
14
1
42
187
5
10
11
213
16
1
2
1
164
57
6
16
1
162
76
4
2
124
54
61
2
3
237
4
1
1
1
64
57
29
59
32
2
1
61
102
81
159
58
22
4
1
16
8
134
50
19
12
3
1
1
145
65
10
6
9
2
1
1
3
1
1
106
13
29
18
58
8
12
128
87
5
5
5
1
10
1
2
92
66
62
14
9
1
102
92
31
4
13
1
1
230
13
1
32
98
35
46
29
2
2
101
35
46
38
8
14
1
1
162
49
4
7
14
5
3
19
168
57
28
154
8
45
6
2
1
62
11
107
14
25
18
1
2
2
1
1
5
33
187
19
32
74
71
45
8
12
2
115
79
16
15
7
7
4
1
108
55
12
64
3
2
127
87
19
3
5
1
2
107
79
5
41
9
3
226
17
1
133
46
52
5
2
6
153
59
19
6
4
1
1
1
232
6
5
1
191
23
23
6
1
91
53
38
49
10
3
121
16
67
7
12
18
2
1
154
9
68
5
5
3
43
67
84
30
11
1
2
3
2
1
15
170
6
41
3
5
3
1
169
73
2
98
80
34
24
3
1
4
129
94
19
2
128
28
13
10
34
23
5
3
102
23
42
45
15
4
11
1
1
191
9
2
10
27
1
2
1
1
39
125
32
21
15
6
6
118
107
8
7
4
61
70
78
14
21
26
75
42
13
78
7
2
1
143
68
22
9
1
1
16
176
39
12
1
136
72
4
15
2
2
10
2
1
24
14
171
23
11
1
34
15
84
37
37
25
6
5
1
175
22
39
6
1
1
210
23
3
1
3
2
1
1
169
14
37
23
1
117
75
38
12
1
1
73
27
64
27
18
35
74
104
51
8
7
135
33
60
7
7
1
1
103
11
36
5
36
14
35
1
1
2
2
202
9
7
18
5
1
203
6
18
9
3
5
Number of elements: 2605
