Bin size: 171
Num of Bins: 421
60
95
10
5
1
61
98
8
4
162
7
2
154
13
3
1
84
32
11
3
14
27
9
2
105
12
9
31
3
33
98
18
16
3
1
1
1
4
149
3
6
2
3
4
78
90
1
2
1
42
61
49
18
127
17
20
3
1
2
1
53
53
46
8
10
1
80
41
28
10
3
1
2
2
1
2
1
99
27
1
17
3
17
5
2
106
6
37
21
1
1
146
2
13
3
2
1
1
1
1
30
61
33
12
14
13
8
38
35
84
13
1
27
99
45
113
42
5
7
3
1
100
42
2
1
23
1
2
84
44
28
2
12
1
116
18
33
1
3
134
8
24
1
2
2
164
5
2
88
71
12
156
14
1
12
21
103
19
1
4
1
3
7
150
7
11
3
44
54
5
27
15
1
5
13
4
1
1
1
66
7
18
58
11
10
1
131
17
16
6
1
55
15
85
8
8
98
33
39
1
72
70
1
1
7
10
1
1
7
1
67
38
32
30
3
1
132
38
1
117
53
1
156
8
6
1
61
99
11
144
19
4
3
1
88
40
24
13
2
4
142
15
7
4
1
1
1
65
84
12
5
5
48
45
59
7
11
1
145
17
1
1
3
2
2
170
1
157
10
3
1
60
34
42
8
21
2
2
2
50
102
5
2
9
1
1
1
10
126
24
9
1
1
83
80
2
4
2
42
32
80
6
9
2
36
89
18
4
13
1
8
2
31
85
29
26
120
41
6
1
2
1
154
12
4
1
79
13
46
1
4
15
1
11
1
44
19
21
66
9
1
1
6
4
166
2
3
156
11
2
1
1
88
38
8
33
4
45
81
31
5
2
1
4
1
1
131
36
1
2
1
63
47
36
12
9
1
2
1
144
1
15
8
1
2
159
11
1
153
12
6
61
109
1
67
26
50
1
9
9
8
1
3
97
29
8
12
18
3
1
64
13
57
34
3
154
12
3
2
107
59
5
157
4
1
2
2
5
44
23
60
26
10
2
4
2
35
74
26
16
17
3
125
23
16
4
2
1
17
153
1
156
2
3
10
131
16
17
2
5
34
67
29
21
2
8
1
4
2
1
1
1
125
42
3
1
78
14
13
19
2
42
1
2
132
33
4
1
1
98
49
2
2
17
2
1
73
59
20
2
16
1
149
6
7
6
2
1
165
3
2
1
88
63
3
11
2
1
3
111
1
29
13
11
6
142
19
8
2
149
18
4
115
38
10
3
5
95
22
22
10
9
3
2
8
43
54
48
24
2
129
11
12
7
11
1
95
50
12
11
2
1
38
52
43
37
1
59
65
32
12
3
7
21
55
40
29
17
1
1
26
7
11
112
1
6
8
31
129
4
3
2
1
1
138
16
8
1
3
3
2
64
7
43
49
7
1
122
19
7
16
3
3
1
32
88
26
3
21
1
18
34
77
14
2
6
2
16
1
1
18
132
17
4
144
7
9
11
155
3
9
1
2
1
109
21
7
33
1
139
6
17
3
4
1
1
73
76
2
20
47
18
62
38
5
1
93
39
28
2
6
2
1
133
9
19
8
2
81
17
15
23
17
12
6
107
38
18
7
1
61
59
19
23
4
5
72
27
44
13
4
3
8
156
1
8
5
1
16
85
55
2
2
1
4
4
2
133
30
6
2
93
59
14
5
132
13
19
3
4
168
3
126
37
3
5
94
28
30
10
3
2
1
3
80
56
21
3
3
8
110
22
29
4
6
54
117
106
48
4
4
9
164
4
1
1
1
11
127
2
14
1
3
6
2
1
2
2
74
36
56
3
2
82
69
19
1
29
89
39
14
157
10
2
1
1
41
99
15
13
2
1
91
50
6
14
3
4
1
1
1
29
74
2
62
2
1
1
130
3
3
10
2
23
118
29
16
4
3
1
50
75
23
15
4
4
130
13
13
9
4
2
19
91
35
10
4
8
3
1
149
14
4
4
146
19
3
2
1
131
13
25
2
30
97
34
7
1
1
1
77
79
2
8
2
2
1
86
10
40
12
13
5
3
2
8
19
1
116
26
1
69
98
4
2
61
87
16
1
1
3
141
18
11
1
58
27
59
24
3
139
31
1
93
56
8
6
4
1
1
1
1
51
87
4
18
10
1
109
18
24
7
1
11
1
37
90
2
36
5
1
144
3
16
4
4
40
89
23
6
4
3
6
58
108
3
1
1
93
66
9
3
115
6
30
4
14
1
1
62
91
11
6
1
32
76
6
12
18
20
6
1
55
20
2
44
6
25
2
6
9
2
1
58
110
2
37
65
67
2
136
32
2
1
23
91
52
3
1
1
17
34
46
6
25
40
3
98
23
22
12
5
1
5
5
74
35
26
16
18
1
1
64
75
25
1
6
113
6
22
27
2
1
15
71
2
39
4
23
6
8
2
1
8
54
101
8
55
34
37
30
5
5
2
2
1
166
2
2
1
65
13
15
48
18
2
2
4
2
2
31
93
4
24
3
13
2
1
82
66
4
12
5
1
1
54
88
5
15
3
6
158
13
126
27
2
12
4
41
84
26
7
3
8
2
120
45
5
1
75
80
7
8
1
61
23
7
75
4
1
143
24
1
3
6
96
6
25
18
7
3
4
3
2
1
60
105
6
41
114
11
4
1
5
76
64
17
6
1
2
20
26
46
45
9
10
13
2
132
23
12
3
1
47
67
7
25
10
3
9
3
52
10
25
84
26
105
17
18
3
1
1
108
33
20
8
1
1
135
11
9
11
3
2
127
28
1
7
4
3
1
66
45
55
1
3
1
133
37
1
120
30
1
2
8
3
2
3
1
1
1
8
87
75
109
14
3
32
13
55
39
74
3
164
6
1
98
29
26
15
3
148
1
18
4
63
35
68
3
2
166
5
131
19
3
1
12
2
1
1
1
146
12
5
2
4
2
138
8
23
1
1
69
90
9
3
160
1
8
2
98
1
9
37
21
1
3
1
114
16
18
17
5
1
71
73
24
3
30
79
55
4
2
1
105
39
11
2
12
2
159
5
1
1
5
24
9
133
3
2
4
148
15
3
1
132
10
17
10
2
128
15
24
3
1
18
44
30
79
151
5
3
7
5
51
38
22
39
12
1
3
2
3
158
2
7
2
2
55
7
71
15
8
9
1
4
1
131
15
12
5
6
2
74
23
74
8
149
10
2
2
78
79
12
1
1
6
16
141
2
6
49
49
53
20
142
21
4
3
1
131
11
2
24
2
1
158
2
1
9
1
98
7
55
6
2
2
1
72
71
23
4
1
155
5
7
4
150
2
5
12
2
103
6
62
105
51
14
1
68
3
93
4
1
2
60
104
3
3
1
8
89
63
7
2
2
41
14
111
3
1
1
88
17
24
16
14
10
1
1
10
102
51
6
1
1
141
30
49
80
40
1
1
3
27
119
14
4
1
1
1
1
132
23
15
1
104
57
4
6
142
15
6
2
3
2
1
79
92
152
7
2
7
2
1
153
3
7
4
3
1
25
114
13
5
12
2
28
108
29
3
1
1
1
48
96
21
1
5
75
30
16
19
19
1
9
2
94
2
61
9
2
1
1
1
44
70
17
5
1
7
25
1
1
150
5
1
11
2
2
4
23
81
8
34
1
4
3
13
80
56
29
4
2
43
108
20
33
124
9
2
3
97
56
15
1
2
18
72
9
56
15
1
141
3
21
5
1
155
10
3
1
1
1
37
93
20
8
7
5
1
114
47
5
3
1
1
142
11
14
3
1
15
98
54
3
1
2
125
2
11
3
8
10
3
1
2
4
20
27
99
14
4
1
2
4
27
9
84
23
12
16
54
5
72
14
15
1
6
1
3
55
59
22
33
1
1
108
7
15
35
1
3
2
146
18
7
59
81
27
4
105
23
21
11
4
6
1
4
34
101
13
5
3
5
4
1
1
26
9
66
48
3
3
12
1
2
1
107
39
10
9
1
3
2
66
62
17
15
5
2
4
89
3
1
2
39
5
7
1
5
6
9
1
3
69
57
41
4
171
40
117
2
5
6
1
38
46
79
5
3
106
14
46
4
1
91
3
11
13
29
14
1
9
159
4
4
3
1
6
147
11
6
1
67
9
41
28
2
13
5
6
167
1
3
171
49
9
33
26
4
6
2
42
72
54
4
39
1
1
42
99
2
26
2
151
9
7
1
1
2
19
30
61
10
33
4
10
3
1
37
8
119
1
6
63
47
20
20
16
4
1
38
6
112
3
6
5
1
34
43
4
83
7
114
42
6
8
1
62
22
4
25
2
35
4
8
7
2
122
46
1
2
100
11
46
8
4
1
1
5
30
90
35
8
1
2
25
135
3
7
1
22
149
60
35
70
5
1
51
120
85
34
42
6
1
2
1
4
66
100
1
82
53
33
3
110
10
51
14
21
70
7
47
7
2
1
1
1
102
60
3
5
1
36
50
46
14
12
6
6
1
113
43
7
6
2
116
46
9
66
26
58
1
2
15
3
147
17
7
97
11
9
5
34
2
7
1
3
1
1
59
63
26
9
10
2
2
130
12
4
10
6
6
1
2
109
32
7
19
4
20
48
13
63
11
10
1
4
1
69
35
18
46
1
2
37
13
18
90
1
12
103
13
13
35
1
5
1
39
127
1
1
2
1
158
6
5
1
1
96
21
43
1
6
2
1
1
142
14
1
12
1
1
116
46
2
2
4
1
138
22
8
3
96
60
11
1
1
1
1
18
36
61
17
33
4
1
1
162
7
2
102
28
8
23
9
1
71
71
10
3
5
11
116
24
17
3
11
27
81
22
18
11
8
4
43
21
3
24
12
48
17
3
167
1
2
1
118
12
29
12
49
14
89
16
2
1
149
13
9
78
44
16
17
12
1
2
1
62
23
33
11
39
3
41
91
5
10
9
9
6
23
14
37
46
44
2
5
12
126
5
26
2
21
141
1
5
1
1
1
58
81
6
11
3
7
4
1
130
24
14
2
1
28
62
30
1
37
8
4
1
14
21
85
35
9
5
2
100
65
2
4
107
10
52
2
22
121
17
9
2
57
70
21
20
3
6
22
10
27
50
14
7
12
6
12
3
1
1
73
84
5
1
5
3
116
8
1
26
2
8
3
4
2
1
45
60
12
37
2
15
130
4
13
18
4
1
1
157
13
1
9
96
40
26
157
9
4
1
170
1
15
11
42
91
9
3
142
5
7
17
38
75
34
4
11
1
7
1
124
39
8
58
106
2
3
2
65
76
17
12
1
9
121
36
2
3
74
12
39
33
13
157
2
6
3
2
1
19
113
19
11
1
1
4
1
2
3
33
1
93
6
29
5
1
72
56
27
4
2
9
1
72
22
28
37
11
1
141
24
2
2
2
92
26
4
2
35
4
2
2
3
1
145
19
3
2
1
1
41
85
36
6
3
125
31
2
5
3
2
2
1
51
111
5
3
1
155
12
2
2
98
62
3
4
3
1
28
79
14
20
27
2
1
34
20
19
30
2
42
8
16
167
1
3
121
7
27
6
10
81
52
10
24
1
1
2
43
95
16
16
1
145
6
18
1
1
102
30
22
8
9
161
4
5
1
152
1
15
1
2
Number of elements: 2452
