Bin size: 160
Num of Bins: 448
28
81
30
18
1
2
127
25
8
12
62
48
4
11
5
14
4
128
25
5
2
42
111
5
1
1
12
64
74
1
5
1
2
1
12
135
10
1
1
1
14
118
12
16
11
142
4
2
1
84
65
8
2
1
92
1
4
1
44
16
2
138
9
10
3
1
33
31
36
29
23
5
1
1
37
31
34
3
30
22
2
1
117
41
2
160
60
46
51
2
1
134
3
21
1
1
81
52
12
11
2
2
56
28
23
42
11
10
139
3
5
1
1
1
78
81
1
31
35
75
14
2
2
1
110
47
1
2
152
4
2
1
1
41
20
44
19
17
19
53
83
8
3
10
1
1
1
86
55
14
1
2
2
68
20
43
22
7
56
57
33
14
9
21
39
24
18
25
10
2
8
4
155
4
1
53
30
8
32
11
1
6
14
2
3
71
80
6
3
2
60
24
20
2
4
23
7
12
6
72
68
9
1
10
128
10
7
1
5
2
3
3
1
122
5
26
3
4
73
22
57
6
1
1
150
2
3
1
2
1
1
149
5
2
2
2
30
78
35
2
1
8
3
2
1
132
1
5
13
7
2
49
106
1
1
1
1
1
95
32
17
4
10
1
1
73
26
2
21
32
1
3
1
1
24
93
32
6
3
1
1
48
41
46
21
4
90
50
3
6
3
7
1
61
72
21
2
1
1
1
1
123
12
5
20
147
7
4
1
1
44
13
45
19
26
12
1
41
94
8
4
5
7
1
64
95
1
138
17
4
1
60
18
43
18
2
2
9
2
6
159
1
90
11
42
8
6
1
2
94
37
28
1
127
2
11
1
17
2
101
9
28
1
9
5
4
2
1
137
5
9
7
1
1
140
2
18
146
8
4
2
4
155
1
153
1
5
1
95
40
1
7
16
1
114
5
22
6
12
1
135
10
7
6
1
1
108
14
28
1
9
14
16
50
75
5
28
99
29
2
2
13
95
40
4
7
1
66
19
46
24
5
80
5
64
3
6
2
57
17
25
18
11
20
7
3
2
149
4
5
1
1
105
46
8
1
143
14
3
139
13
3
1
4
75
16
22
45
1
1
85
12
49
11
2
1
24
47
8
36
43
1
1
83
31
46
76
33
10
9
16
12
4
121
7
18
6
8
21
126
6
4
2
1
75
25
29
16
12
1
1
1
114
28
16
1
1
65
69
26
99
38
22
1
10
102
5
40
3
57
19
60
23
1
5
84
15
27
28
1
93
20
14
26
4
2
1
37
3
108
12
152
4
1
3
124
20
13
1
1
1
88
15
14
15
21
3
3
1
83
48
9
5
11
4
58
74
21
7
62
36
55
6
1
45
66
18
15
11
1
2
2
94
38
6
11
1
1
4
2
1
2
102
24
34
84
53
16
7
26
53
19
4
15
23
8
11
1
109
17
31
2
1
52
84
1
7
8
5
2
1
66
41
8
42
3
83
6
38
22
10
1
8
59
40
19
30
4
132
7
21
139
14
2
2
1
1
1
64
83
7
1
1
4
62
90
6
1
1
85
33
19
19
1
2
1
6
71
48
15
13
4
3
102
8
16
4
27
1
1
1
24
82
47
6
1
82
54
12
11
1
45
34
17
54
5
1
3
1
39
95
14
6
6
42
109
5
3
1
111
9
12
17
9
2
133
23
1
1
2
108
52
149
9
2
160
131
5
2
8
4
7
1
2
44
65
32
15
1
2
1
12
15
48
80
1
2
2
16
137
1
5
1
157
3
102
30
26
1
1
127
14
19
13
21
77
12
15
8
4
1
8
1
104
51
5
95
53
11
1
5
55
63
30
2
3
2
104
14
20
2
2
5
6
4
2
1
143
7
9
1
139
13
1
3
4
58
42
51
2
4
3
84
53
15
8
43
115
1
1
86
26
27
14
3
3
1
51
47
38
12
1
11
90
46
19
4
1
77
14
4
24
27
11
1
1
1
63
75
16
2
4
84
20
17
27
11
1
10
141
7
1
1
39
51
32
22
9
2
1
1
1
1
1
95
32
30
1
2
82
22
46
5
4
1
17
49
7
80
6
1
11
16
49
41
11
24
3
1
3
1
45
5
29
54
1
21
5
66
18
30
41
5
109
36
12
2
1
63
64
4
16
13
149
4
6
1
87
55
13
5
62
14
56
1
17
8
2
45
114
1
97
31
4
5
15
4
4
108
2
10
17
3
14
1
5
87
21
45
2
5
65
32
7
24
11
7
4
1
8
1
113
8
28
7
1
3
114
33
8
4
1
160
117
5
5
3
11
9
2
2
3
1
2
54
79
25
2
73
27
56
4
63
86
2
4
5
113
40
7
12
147
1
79
45
36
87
7
26
27
2
7
1
3
64
18
27
9
38
1
1
2
155
4
1
153
4
3
42
17
64
30
1
4
1
1
3
58
41
15
24
13
6
138
16
2
2
2
26
64
14
12
16
22
1
5
97
32
30
1
56
32
12
23
25
1
1
8
1
1
76
50
25
2
3
3
1
160
26
18
19
71
22
2
2
111
5
6
31
1
6
98
27
30
2
3
155
4
1
159
1
87
66
3
3
1
101
5
32
9
8
5
110
40
10
16
65
67
3
5
4
126
31
3
117
31
2
3
3
4
12
18
107
8
2
13
114
4
21
3
18
157
3
65
69
14
12
96
39
11
4
5
2
1
2
117
39
4
126
34
158
1
1
91
27
23
15
1
1
2
103
53
1
3
153
3
4
15
30
45
2
47
17
4
67
5
27
61
129
10
19
1
1
128
5
10
7
1
4
3
1
1
36
66
5
38
15
13
41
82
8
11
2
1
1
1
57
51
2
14
21
5
8
2
21
7
113
1
12
5
1
141
19
125
2
31
1
1
127
32
1
113
19
3
7
9
9
118
13
23
2
3
1
145
10
2
3
12
83
57
7
1
42
40
53
10
3
3
5
4
150
5
5
19
13
41
2
27
47
3
8
96
48
12
1
2
1
112
7
27
2
2
1
3
3
1
1
1
3
21
69
67
143
12
3
2
15
47
96
1
1
150
10
72
15
6
55
5
6
1
42
94
23
1
105
22
19
9
2
1
1
1
55
33
13
14
16
8
17
2
2
136
14
8
2
72
56
7
6
3
6
1
9
94
58
2
6
31
74
29
18
4
4
89
1
1
32
4
22
8
1
2
144
5
2
5
1
1
2
21
79
42
17
1
96
10
11
19
8
3
2
10
1
77
13
29
5
35
1
157
3
138
5
6
11
105
11
7
18
3
6
7
2
1
81
51
16
12
152
4
4
104
3
48
2
1
2
52
45
30
7
20
2
2
2
50
47
50
12
1
137
19
2
2
112
17
30
1
92
24
24
5
3
2
7
1
2
142
6
1
9
1
1
38
62
12
22
13
8
1
2
1
1
106
16
37
1
83
10
55
12
41
61
15
19
5
5
2
4
4
2
1
1
98
19
12
12
1
15
2
1
127
29
2
1
1
64
82
7
4
3
67
13
26
33
6
11
3
1
103
50
2
1
3
1
63
60
33
1
1
1
1
146
4
5
2
1
2
88
54
12
4
1
1
55
11
10
32
37
6
1
2
5
1
126
34
82
40
20
16
1
1
137
20
3
50
89
18
3
57
7
24
7
29
15
12
8
1
60
69
8
14
9
86
10
35
7
19
1
1
1
64
43
22
30
1
130
18
7
5
101
24
1
3
30
1
11
15
18
9
73
13
18
2
1
13
3
38
96
6
1
3
24
45
90
1
65
28
18
4
18
12
15
57
73
5
16
7
2
11
72
2
19
43
6
2
3
2
21
22
76
21
5
15
134
4
18
2
1
1
100
43
4
5
8
28
55
5
8
11
7
25
17
2
2
125
22
1
4
7
1
130
15
4
8
3
17
95
1
11
10
18
2
2
1
3
92
49
9
5
1
2
2
109
26
14
2
5
4
66
57
8
2
2
19
4
1
1
32
87
15
20
3
3
106
43
8
1
1
1
45
6
48
18
8
26
2
1
5
1
131
16
7
6
105
40
8
2
4
1
148
1
5
1
4
1
142
10
2
6
97
25
9
23
1
4
1
158
2
154
2
4
159
1
88
72
17
126
3
7
5
2
2
151
3
4
1
57
76
5
7
14
94
29
2
34
1
99
48
5
2
1
3
2
145
2
2
6
3
1
1
118
7
7
23
2
1
2
110
32
7
4
1
3
1
2
155
1
4
135
10
12
2
1
118
10
28
1
2
1
26
94
2
26
6
3
1
2
148
11
1
80
57
3
20
60
3
97
3
70
24
7
24
9
9
6
6
2
83
76
1
130
23
4
3
121
15
24
111
8
17
11
5
5
1
1
1
134
5
12
4
3
2
32
60
9
31
5
19
4
91
16
26
25
1
1
144
12
2
1
1
99
58
2
1
79
80
1
14
18
54
25
24
9
5
9
2
11
27
32
82
1
7
151
6
3
144
7
3
6
31
36
15
28
30
20
117
33
9
1
16
64
56
3
8
7
3
1
1
1
111
6
21
10
3
2
6
1
119
7
25
2
3
2
1
1
54
61
5
11
2
6
9
9
3
130
20
8
2
75
69
2
11
1
1
1
133
8
17
2
98
36
10
8
6
2
100
13
21
7
6
6
4
1
2
94
43
18
3
2
131
13
9
4
3
152
4
2
1
1
130
28
2
151
9
117
27
5
7
3
1
130
14
10
1
4
1
138
21
1
118
26
12
3
1
141
7
3
8
1
65
56
12
9
12
5
1
113
21
21
2
2
1
159
1
56
40
38
22
4
45
45
40
30
79
24
43
7
1
5
1
33
99
17
9
1
1
81
49
1
22
3
1
3
50
33
37
19
9
11
1
139
10
2
1
5
2
1
46
41
63
7
3
140
7
5
1
1
1
5
133
3
14
7
1
2
119
34
3
4
34
80
2
1
31
11
1
147
5
8
86
68
3
3
114
30
10
4
1
1
138
14
2
3
1
2
93
39
27
1
14
35
102
6
2
1
124
17
15
3
1
153
6
1
71
47
23
3
16
158
1
1
54
28
25
39
11
3
125
21
14
10
10
117
19
3
1
160
75
84
1
73
66
14
1
3
1
2
103
51
1
5
131
18
5
1
5
52
87
1
8
3
1
5
3
3
138
7
2
8
1
1
74
35
2
9
34
6
150
10
27
28
16
36
35
3
15
132
20
4
4
75
23
7
18
18
15
4
74
54
16
8
8
41
59
33
1
9
15
2
89
3
68
64
13
29
24
14
16
108
26
23
3
30
91
13
3
3
7
12
1
108
41
3
5
1
2
159
1
13
47
66
15
6
1
2
6
4
19
134
7
124
19
4
2
4
1
6
8
9
58
72
6
5
1
1
14
88
56
2
147
10
2
1
151
1
8
21
122
5
3
2
2
4
1
126
13
7
14
84
25
44
4
1
1
1
145
7
6
1
1
125
15
3
7
7
3
71
47
3
9
30
59
60
20
7
1
6
3
2
2
109
49
2
124
2
20
13
1
115
33
3
3
5
1
4
27
77
44
4
2
2
5
76
31
5
9
33
1
134
19
3
1
3
80
13
21
46
157
2
1
50
2
11
92
3
1
1
65
29
25
10
20
6
2
3
18
26
39
42
4
2
25
4
37
82
2
20
10
2
6
1
93
13
16
8
1
25
1
2
1
156
3
1
3
147
6
2
2
125
31
2
1
1
111
2
35
7
2
2
1
146
12
2
149
3
1
2
1
1
1
2
151
9
Number of elements: 2524
