Bin size: 171
Num of Bins: 371
124
8
17
22
35
3
95
35
2
1
67
43
61
37
59
1
24
7
2
4
19
7
2
3
2
4
79
92
120
34
2
14
1
1
80
56
33
1
156
1
12
1
1
115
55
1
134
33
2
2
81
89
1
19
55
60
34
3
58
18
29
9
38
5
10
4
27
144
36
98
7
5
15
5
5
165
4
1
1
45
27
3
60
8
19
3
6
67
23
44
21
16
145
13
5
4
3
1
73
91
1
4
1
1
148
11
2
9
1
98
38
4
31
152
9
4
2
4
69
24
13
63
1
1
15
13
63
72
7
1
68
45
35
12
10
1
10
97
8
40
4
11
1
50
96
24
1
60
49
49
8
4
1
19
22
7
38
83
1
1
84
42
4
2
3
29
4
2
1
18
146
7
107
41
9
12
2
133
29
5
3
1
128
33
3
5
1
1
104
7
58
2
155
2
4
5
1
1
2
1
162
6
1
2
164
3
3
1
96
8
41
14
6
5
1
70
3
86
12
24
48
44
31
21
2
1
107
6
9
26
23
142
10
12
2
4
1
78
49
22
22
133
7
2
10
5
5
2
1
5
1
59
94
12
3
3
2
122
16
22
5
1
2
1
79
48
5
25
13
1
115
20
1
13
20
2
68
1
14
20
33
33
2
37
72
42
4
3
9
3
1
17
53
24
28
4
39
5
1
161
4
2
4
27
69
53
12
8
2
37
47
48
7
29
3
91
5
3
45
26
1
5
34
25
77
27
3
143
18
10
168
1
2
104
52
15
62
1
54
28
19
4
1
1
1
55
48
2
52
13
1
68
49
22
20
7
3
2
2
19
64
73
8
3
2
121
2
8
32
8
156
11
4
151
18
1
1
70
56
41
3
1
88
22
31
29
1
95
1
7
48
11
9
152
16
3
18
85
60
5
2
1
38
54
43
1
2
13
13
1
3
2
1
137
28
6
47
110
10
4
11
93
10
27
13
11
5
1
156
6
4
3
1
1
2
51
41
53
18
5
1
140
28
3
119
44
2
4
1
1
31
89
16
18
10
2
3
2
60
41
25
37
4
1
1
2
2
87
33
21
12
10
2
4
34
105
12
13
7
57
28
26
20
35
4
1
25
127
1
4
13
1
83
30
39
7
12
104
27
18
3
12
2
1
1
2
1
121
9
38
3
10
159
2
12
7
114
23
10
4
1
96
30
33
4
8
79
53
9
15
6
1
8
99
30
29
9
1
1
2
60
16
7
24
24
16
18
4
2
55
96
15
5
74
14
72
10
1
61
95
8
7
136
9
2
5
14
4
1
41
74
34
8
6
8
11
59
13
74
10
2
2
131
37
3
133
37
1
94
18
10
22
8
1
10
6
1
1
144
6
13
5
3
68
23
55
12
10
1
2
81
56
12
9
10
3
141
16
4
4
6
128
10
11
14
1
3
2
1
1
164
7
31
40
68
21
7
3
1
82
64
11
7
3
2
2
131
5
13
11
7
1
2
1
154
5
3
7
2
145
23
1
1
1
97
24
38
4
4
1
2
1
124
44
1
1
1
128
17
12
2
5
3
3
1
148
9
14
50
101
19
1
100
29
15
4
3
8
6
5
1
88
83
138
32
1
72
97
2
141
16
14
139
11
17
1
2
1
105
22
14
2
2
20
3
2
1
30
110
20
6
4
1
60
43
34
33
1
99
16
1
52
3
84
43
21
1
1
12
7
2
57
27
42
19
1
12
3
8
2
59
34
18
45
4
8
3
144
14
10
1
2
45
119
3
1
2
1
151
14
3
3
15
137
18
1
87
39
7
19
2
14
3
140
16
10
2
1
1
1
160
6
5
70
18
80
3
92
50
26
2
1
136
2
29
4
135
6
28
1
1
2
140
23
2
4
50
66
33
3
4
3
2
5
4
1
31
125
6
1
1
3
4
129
24
2
4
12
102
60
4
3
1
1
141
8
15
3
4
118
23
4
25
1
60
76
1
1
9
8
9
4
2
1
151
18
2
44
8
75
32
10
1
1
126
29
15
1
3
77
33
5
36
3
6
5
3
83
25
38
18
4
2
1
104
17
9
40
1
110
21
30
6
4
53
98
18
2
88
33
5
4
35
2
2
1
1
135
15
6
15
52
38
71
8
1
1
133
2
28
8
21
131
7
12
36
96
38
1
101
45
16
9
20
111
7
23
1
3
6
151
4
3
13
91
45
7
18
10
93
30
18
28
2
67
23
44
2
3
18
14
143
21
1
5
1
105
45
4
14
2
1
93
23
51
2
1
1
60
57
7
47
7
112
13
38
1
83
38
50
29
131
11
38
26
7
63
19
12
6
126
36
3
3
1
2
118
40
11
2
29
122
8
6
1
5
154
12
2
2
1
166
3
1
1
9
123
31
1
6
1
164
7
69
92
3
3
4
138
7
16
3
7
7
10
24
125
5
129
28
2
6
5
1
108
49
5
6
2
1
128
21
11
3
6
1
1
144
8
14
3
1
1
113
11
43
1
3
124
15
31
1
68
86
13
4
16
146
2
1
4
1
1
79
14
14
61
2
1
150
1
15
2
1
1
1
156
13
2
17
153
1
110
41
2
4
2
11
1
162
9
142
11
18
105
12
8
20
16
9
1
147
9
14
1
164
3
3
1
19
136
8
1
6
1
7
41
39
34
42
2
1
2
3
136
5
1
21
4
1
2
1
164
1
4
2
42
81
40
4
1
2
1
84
68
18
1
10
6
124
30
1
87
30
24
19
3
7
1
19
35
99
2
7
2
7
71
61
20
17
2
12
145
10
2
2
54
79
9
21
4
1
3
24
50
79
10
5
3
68
8
70
10
8
1
1
1
2
2
46
116
8
1
131
20
18
2
144
18
2
6
1
108
63
158
2
7
4
34
102
29
6
66
16
38
8
27
2
11
3
51
105
7
2
2
2
2
167
2
2
145
25
1
91
45
6
12
17
24
57
66
11
8
5
21
10
107
4
1
12
14
2
31
92
16
16
14
2
73
1
57
24
15
1
91
49
19
8
2
1
1
171
7
144
20
14
118
23
11
5
76
44
19
31
1
153
1
13
1
3
50
51
46
8
12
2
1
1
103
41
22
3
1
1
28
86
23
7
2
18
4
3
102
28
7
8
3
1
10
3
2
3
4
15
11
10
32
19
74
3
2
2
2
1
133
8
30
114
36
4
6
1
6
3
1
111
41
11
5
3
30
84
6
9
30
9
1
2
165
5
1
81
18
39
25
2
1
1
1
3
26
26
115
1
2
1
52
86
13
7
7
3
2
1
92
71
6
1
1
102
52
17
134
18
10
6
3
95
42
20
2
9
1
1
1
147
13
1
9
1
130
19
11
2
7
1
1
101
40
14
10
5
1
153
15
2
1
157
11
1
1
1
141
7
8
5
1
1
6
1
1
17
58
70
5
17
1
1
1
1
157
11
3
80
40
1
44
5
1
35
120
5
8
2
1
127
28
6
9
1
28
36
9
27
23
44
1
1
2
82
10
21
17
30
6
1
3
1
2
138
17
3
11
39
102
23
2
4
1
155
6
3
2
2
2
1
131
23
1
11
2
2
1
24
96
17
17
17
75
44
11
28
2
10
1
70
52
21
22
3
1
2
87
37
23
2
8
7
7
74
81
7
8
1
164
6
1
106
39
16
1
6
2
1
51
107
11
2
159
8
3
1
97
38
15
10
7
1
2
1
41
129
1
48
57
61
5
133
14
1
15
5
1
1
1
66
104
1
84
5
38
38
4
2
63
1
36
15
15
40
1
24
75
15
38
17
1
1
105
65
1
121
49
1
79
51
19
3
6
2
2
3
3
3
113
22
1
23
4
3
4
1
24
91
47
6
3
66
91
4
3
4
3
5
147
12
1
1
1
1
2
1
95
36
2
19
8
1
1
6
2
1
40
87
22
3
6
9
4
69
9
31
12
14
21
9
4
1
1
107
28
27
6
3
92
30
2
34
1
1
4
2
1
4
36
81
14
31
2
1
4
2
51
96
13
4
7
43
28
68
3
19
1
7
1
1
36
19
39
25
14
4
5
22
1
4
1
1
108
60
2
1
73
32
14
41
8
1
2
82
18
18
1
38
1
9
3
1
59
64
20
19
2
1
1
1
1
1
1
1
94
69
8
61
17
72
11
6
2
1
1
2
140
16
9
1
1
1
1
120
51
148
4
5
9
5
102
69
167
3
1
21
127
21
2
61
71
7
25
7
105
22
24
14
1
4
1
104
21
9
18
10
5
3
1
68
19
38
11
32
3
84
46
9
25
4
3
131
3
25
7
4
1
123
3
23
18
1
3
116
18
2
18
12
2
3
64
36
31
32
7
1
86
83
2
142
22
7
51
48
7
52
12
1
20
134
5
2
9
1
40
50
44
6
3
23
1
2
1
1
73
95
1
2
10
6
21
51
32
5
40
1
3
1
1
11
150
3
7
46
123
1
1
100
3
30
15
4
7
2
3
5
1
1
15
70
73
7
6
47
76
30
12
4
2
71
77
13
5
1
4
147
7
15
1
1
11
131
18
4
3
2
1
1
86
7
47
20
3
6
2
46
41
71
4
9
78
63
27
3
72
14
43
36
4
2
40
126
3
2
88
66
11
6
105
35
25
4
1
1
148
2
18
3
4
100
65
1
1
100
13
51
6
1
26
112
29
1
3
39
11
8
76
31
3
1
1
1
158
1
7
4
1
35
110
12
12
2
15
25
68
31
30
1
1
57
78
9
10
14
3
125
43
2
1
129
38
2
1
1
139
20
12
38
118
3
3
6
3
19
48
100
3
1
89
78
1
3
85
75
11
48
2
35
36
14
21
5
2
1
6
1
Number of elements: 2132
