Bin size: 276
Num of Bins: 481
242
30
1
1
2
57
108
43
24
44
244
9
1
19
2
1
114
48
110
3
1
54
106
116
11
197
19
26
1
19
1
1
1
56
100
33
85
1
1
130
29
30
38
18
4
19
6
1
1
139
16
13
95
3
10
123
146
1
1
5
240
10
15
5
2
4
13
27
196
8
4
25
2
1
263
8
3
1
1
66
133
48
6
20
2
1
22
245
4
1
3
1
258
11
1
3
2
1
50
169
42
13
1
1
149
60
50
4
12
1
109
113
48
5
1
151
72
47
6
236
23
14
1
2
188
45
20
23
127
141
1
7
96
160
17
1
1
1
103
131
11
16
12
2
1
256
13
2
5
191
36
1
3
24
1
3
2
5
9
1
235
40
1
86
103
47
38
1
1
165
13
40
54
2
1
1
95
37
97
35
11
1
1
27
231
1
9
5
1
1
33
8
77
79
39
25
8
2
2
2
1
119
89
66
2
89
85
63
30
4
1
1
3
139
120
2
8
4
2
1
14
145
44
60
5
7
1
103
2
42
120
5
3
1
146
1
9
101
15
1
2
1
72
189
5
3
3
4
170
2
91
12
1
222
39
1
1
4
1
4
1
3
166
88
16
4
1
1
59
198
14
3
2
245
19
10
2
175
72
8
6
15
257
10
8
1
166
32
31
1
30
5
1
7
1
1
1
168
50
50
4
4
152
101
13
6
1
1
2
241
32
1
1
1
189
62
13
3
6
2
1
13
83
32
12
86
39
10
1
130
98
48
274
2
135
127
9
3
1
1
72
30
96
39
2
36
1
4
66
12
124
10
7
23
30
272
1
2
1
136
111
1
12
5
7
4
225
24
4
18
4
1
215
11
48
2
118
148
2
2
5
1
267
5
2
1
1
138
120
11
4
2
1
144
96
18
3
7
3
2
1
2
256
7
8
2
3
116
94
23
4
33
4
1
1
74
48
34
38
4
44
12
9
10
2
1
125
7
67
14
61
1
1
118
37
14
82
23
1
1
19
186
54
4
3
2
1
7
52
64
5
40
8
48
25
21
11
2
249
26
1
16
221
6
23
1
9
230
14
29
1
1
1
175
72
4
18
7
90
94
32
2
15
8
28
1
4
2
201
39
27
8
1
29
80
68
53
38
1
3
3
1
26
34
24
107
48
8
1
26
1
1
1
73
81
60
8
48
5
132
104
34
1
3
1
1
121
150
1
4
127
38
32
37
29
12
1
263
5
4
3
1
185
34
45
3
1
2
2
4
235
16
14
9
1
1
254
4
12
6
212
51
2
1
10
64
21
46
104
27
14
240
22
1
8
3
2
267
3
1
3
2
109
166
1
25
30
104
33
55
19
1
5
2
2
160
84
20
6
1
3
1
1
171
41
43
6
14
1
37
101
83
8
22
8
6
8
1
1
1
177
47
32
10
4
1
3
1
1
162
53
42
5
13
1
25
180
61
9
1
185
69
6
16
166
33
77
192
43
5
6
6
9
13
2
101
27
124
21
2
1
88
13
159
13
2
1
137
73
25
38
1
1
1
128
102
42
2
2
41
207
11
3
11
1
2
134
63
47
14
7
2
7
2
30
8
80
152
5
1
87
186
2
1
30
226
18
1
1
171
3
52
27
21
1
1
133
134
2
1
5
1
146
117
12
1
155
113
3
5
42
156
74
1
2
1
43
106
99
1
20
4
1
1
1
162
52
17
8
17
11
1
6
1
1
10
66
176
9
13
2
241
35
218
41
13
1
3
230
46
100
142
2
26
4
2
186
89
1
263
10
1
1
1
189
57
16
4
4
4
1
1
34
188
8
14
16
10
1
1
2
1
1
79
60
36
26
63
3
6
3
194
23
33
13
3
10
22
139
26
65
9
5
4
1
1
3
1
134
67
5
63
3
1
3
218
33
7
16
2
134
88
5
49
59
179
3
9
10
2
11
3
234
12
3
4
13
8
1
1
230
36
1
3
6
17
259
58
212
3
3
115
67
3
84
7
50
55
56
83
9
4
5
9
5
25
147
40
32
18
4
10
194
52
4
10
7
8
1
81
53
112
2
1
10
4
5
4
1
3
193
80
1
2
198
34
5
15
4
13
3
1
3
33
139
87
4
13
70
129
13
12
37
8
3
1
3
221
36
4
2
7
4
2
244
16
4
11
1
225
36
2
1
9
3
50
171
16
36
1
1
1
91
47
11
110
11
3
2
1
186
28
8
35
5
4
4
1
2
3
84
149
12
18
9
3
1
135
29
76
17
6
5
3
1
1
1
2
19
172
20
8
56
1
251
17
8
174
93
7
2
12
100
23
92
35
1
12
1
26
126
35
5
34
47
2
1
276
31
230
12
3
73
123
69
1
6
1
2
1
123
32
53
20
6
16
13
4
1
6
2
70
39
26
64
48
4
14
11
59
135
76
2
1
1
1
1
86
45
51
70
17
4
1
1
1
228
41
3
2
1
1
190
18
18
26
17
6
1
149
80
2
33
9
1
1
1
18
247
10
1
31
179
41
23
2
232
22
15
3
3
1
121
147
1
1
6
92
42
141
1
251
22
3
72
44
118
26
6
5
2
3
117
27
84
4
2
30
6
2
1
1
2
166
4
99
6
1
234
12
4
15
4
1
1
5
136
44
51
5
29
3
6
1
1
254
7
1
4
3
4
2
1
179
79
8
4
2
4
6
269
1
187
84
2
2
1
210
60
5
1
147
36
24
65
1
2
1
263
3
9
1
157
87
20
1
7
4
255
18
2
1
170
50
12
42
2
12
59
119
27
49
8
2
180
6
84
2
1
2
1
94
55
42
53
2
30
230
46
241
26
1
7
1
216
50
1
4
1
4
260
2
3
10
1
100
111
40
6
13
4
2
90
41
60
52
9
12
1
6
5
101
46
79
49
1
133
138
1
3
1
253
11
1
5
2
4
236
24
4
5
6
1
198
51
4
20
3
125
39
79
26
4
3
40
184
38
11
3
246
21
2
7
155
116
4
1
257
19
103
11
134
28
86
77
53
12
16
19
2
7
3
1
222
27
17
9
1
58
122
92
4
106
170
127
130
15
1
1
1
1
61
153
28
28
4
2
268
6
1
1
63
131
40
3
31
5
2
1
104
107
50
1
11
1
1
1
110
130
11
17
1
7
113
56
96
4
3
2
2
99
25
32
32
39
7
20
18
3
1
31
233
4
1
2
3
1
1
87
24
154
2
8
1
99
89
31
45
1
3
3
2
2
1
46
188
31
2
1
7
1
4
29
85
134
19
1
4
57
146
51
13
1
7
1
249
16
8
1
2
185
3
27
37
12
8
3
1
231
13
6
4
9
8
1
2
2
178
85
6
2
4
1
61
20
172
9
9
2
1
2
252
2
7
2
12
1
185
71
1
19
124
45
95
10
1
1
38
169
51
17
1
273
3
134
33
16
58
3
14
10
5
1
2
229
41
3
1
2
232
44
267
6
3
81
149
33
2
5
6
37
178
36
21
3
1
147
38
30
3
47
5
5
1
26
86
118
19
3
23
1
123
113
31
5
1
1
1
1
96
99
31
2
24
20
3
1
101
49
104
10
2
8
2
138
54
59
3
19
1
1
1
214
52
4
4
1
1
55
194
20
5
1
1
186
55
17
9
1
3
1
2
1
1
74
150
25
21
4
2
89
25
33
48
6
61
4
6
1
2
1
210
31
15
7
3
7
2
1
264
5
5
2
75
40
56
75
23
4
1
2
231
15
20
2
1
4
1
2
127
11
44
45
23
10
3
5
5
2
1
138
85
49
4
230
28
2
1
9
1
4
1
125
57
5
22
46
7
12
1
1
255
15
1
1
1
3
231
24
11
9
1
231
39
6
89
10
55
101
6
15
42
110
28
60
13
5
1
12
5
34
65
97
48
3
13
16
134
126
9
7
76
137
32
12
9
2
5
2
1
29
76
156
15
16
124
131
5
149
40
31
17
16
10
5
6
2
187
42
47
205
54
6
3
2
5
1
32
176
59
5
4
150
107
13
6
249
15
6
4
2
264
2
5
4
1
204
66
3
3
248
4
11
2
9
2
59
46
108
24
16
12
10
1
80
112
19
24
27
11
2
1
117
82
49
20
2
4
1
1
33
133
64
34
4
2
5
1
200
34
42
208
54
13
1
223
47
4
1
1
58
178
16
7
9
8
53
175
26
14
5
2
1
38
174
13
23
8
8
8
1
2
1
42
233
1
113
67
25
26
42
3
48
170
27
5
22
2
2
224
14
36
1
1
16
35
155
12
5
53
187
62
19
6
2
120
90
24
9
9
5
11
7
1
100
134
41
1
89
120
36
22
1
5
3
254
21
1
102
43
44
59
25
3
79
169
19
4
5
167
71
5
24
6
1
1
1
1
156
67
51
1
171
35
21
37
7
2
1
1
1
40
59
15
124
1
36
1
108
115
44
8
1
252
5
19
53
59
62
65
5
3
12
15
2
189
4
80
3
137
4
42
9
81
3
174
51
28
18
3
2
156
17
40
24
6
3
9
9
1
2
2
5
1
1
144
35
47
33
9
1
6
1
151
81
35
2
6
1
179
66
2
1
6
1
19
1
1
144
9
113
5
5
29
38
53
77
15
35
25
1
3
54
123
37
8
34
9
2
2
2
3
2
175
36
42
3
7
13
142
110
8
7
7
2
187
50
14
13
11
1
105
34
40
88
5
3
1
192
59
3
13
7
2
189
76
5
1
1
1
3
9
68
171
27
1
156
3
94
9
10
4
127
54
66
26
2
1
213
54
2
4
1
1
1
119
117
5
6
1
10
6
4
4
1
1
1
1
101
85
84
4
1
1
226
15
26
8
1
192
67
7
2
3
2
2
1
16
29
102
122
2
3
2
36
43
82
108
3
4
238
8
8
11
1
8
1
1
85
188
2
1
37
56
64
77
14
4
1
17
4
2
99
6
7
132
30
1
1
67
113
94
2
257
13
6
184
90
2
252
14
3
2
5
263
12
1
68
194
11
2
1
244
32
169
34
30
3
20
8
7
2
3
139
45
17
17
3
53
2
131
110
18
5
7
2
3
97
75
1
69
18
16
47
180
22
2
3
11
9
2
191
37
23
8
10
5
1
1
37
220
9
1
6
3
157
11
105
3
38
203
12
15
6
1
1
75
46
140
11
3
1
168
29
9
62
5
2
1
12
233
2
27
1
1
147
91
9
8
2
2
6
2
9
38
200
31
5
1
1
104
29
86
11
14
21
1
3
7
126
92
31
12
6
7
2
41
211
21
3
201
70
3
1
1
34
177
14
34
8
4
2
3
254
19
1
2
7
78
150
2
21
3
3
1
5
6
20
56
197
2
1
87
44
103
6
30
5
1
188
60
4
15
8
1
207
39
8
7
11
3
1
211
16
39
2
8
43
94
27
31
28
5
35
8
3
1
1
228
8
2
11
26
1
221
15
10
18
1
5
3
3
73
133
39
21
4
1
5
95
130
32
16
2
1
39
74
38
71
24
15
11
1
3
179
21
35
2
4
16
4
11
2
2
87
110
3
47
21
7
1
268
6
2
59
46
44
46
63
4
13
1
238
5
9
12
8
1
3
71
62
54
10
28
47
4
230
30
15
1
142
120
10
2
1
1
71
62
135
5
2
1
270
2
4
148
24
72
31
1
5
27
96
11
96
39
1
1
78
166
28
3
1
112
53
37
3
56
11
3
1
33
83
101
54
4
1
70
114
82
4
2
3
1
16
86
159
15
36
196
43
1
72
125
3
62
11
2
1
120
24
51
16
8
14
26
11
5
1
139
130
5
1
1
39
116
24
3
89
4
1
94
117
46
7
4
6
2
77
30
57
90
9
9
4
102
6
117
30
6
1
8
1
4
1
113
2
68
19
17
48
8
1
92
57
73
21
22
9
1
1
177
6
67
14
2
7
2
1
247
26
2
1
239
1
12
11
10
3
272
2
2
53
108
32
67
6
4
4
1
1
143
6
126
1
38
219
19
20
70
79
43
18
17
28
1
150
49
43
20
5
1
2
5
1
12
3
221
29
3
4
4
123
83
61
1
4
1
3
123
104
24
6
8
8
3
214
4
7
28
22
1
75
95
38
62
4
1
1
150
95
16
8
5
2
263
7
3
1
2
272
4
50
128
93
2
3
41
9
11
139
69
4
1
1
1
42
3
123
3
103
1
1
257
2
17
68
121
55
31
1
127
48
5
86
10
254
9
8
5
219
1
48
3
4
1
102
125
17
28
2
1
1
135
48
55
12
5
11
8
1
1
274
2
75
116
58
10
16
1
139
14
109
10
3
1
260
2
5
2
2
3
2
48
73
97
24
32
2
37
73
107
16
24
14
2
2
1
29
110
112
9
13
1
1
1
46
169
50
11
78
34
36
103
8
15
2
218
4
9
5
11
5
15
6
2
1
75
110
49
39
3
157
21
85
12
1
252
4
12
6
1
1
96
176
2
2
209
62
3
1
1
205
46
7
13
1
1
3
134
45
76
14
1
3
2
1
5
218
51
2
131
17
39
40
36
2
1
10
146
59
8
61
2
39
128
5
36
58
2
8
250
18
7
1
43
19
46
156
3
7
2
20
247
3
2
4
270
2
1
2
1
182
22
28
17
1
1
19
6
56
23
131
44
20
1
1
50
221
3
2
257
1
14
1
3
144
36
22
41
16
5
3
1
2
6
187
16
60
13
50
104
10
86
25
1
178
12
22
12
32
15
2
2
1
217
41
4
2
9
3
53
164
51
4
1
2
1
183
20
37
11
25
219
37
3
16
1
149
30
6
28
4
29
4
15
2
4
1
2
1
1
109
125
10
15
8
1
3
4
1
56
148
20
46
6
59
113
52
9
28
7
7
1
92
144
8
31
1
100
170
1
2
1
1
1
200
56
6
8
6
Number of elements: 3041
