Bin size: 229
Num of Bins: 403
90
37
72
29
1
36
125
40
9
16
3
18
5
153
47
6
198
12
19
35
185
4
4
1
87
53
82
5
1
1
194
6
11
16
1
1
96
119
1
6
3
2
2
53
69
14
39
46
4
2
1
1
180
27
4
12
1
2
2
1
1
199
3
23
3
155
52
11
8
2
1
108
2
29
65
25
72
140
13
3
1
83
57
57
5
22
5
150
25
37
9
8
222
6
1
98
28
82
3
9
6
3
224
3
1
1
220
7
2
192
32
4
1
42
29
93
2
52
1
4
6
36
191
1
1
77
151
1
44
87
53
41
4
9
56
106
8
39
3
8
78
16
26
73
7
20
7
1
1
30
137
19
24
17
2
201
5
8
10
3
2
119
21
72
8
2
2
3
2
145
24
21
15
20
1
1
2
137
28
28
15
13
4
4
140
72
5
9
3
39
47
114
4
21
4
62
70
17
80
210
6
1
5
2
5
202
18
7
1
1
156
9
10
42
2
8
1
1
135
62
16
16
210
13
5
1
75
146
7
1
182
2
4
2
10
2
7
8
8
1
2
1
72
61
48
29
2
4
6
3
2
1
1
155
37
8
12
4
7
6
54
69
68
2
23
12
1
105
60
48
15
1
108
118
2
1
124
47
17
27
8
1
5
59
39
119
1
1
2
1
7
185
34
7
1
2
10
125
23
11
32
15
8
1
1
3
72
60
80
5
1
3
5
3
50
9
137
15
8
6
2
2
191
38
211
5
11
1
1
89
80
45
11
2
1
1
52
38
89
42
4
1
2
1
140
70
13
1
4
1
51
14
48
42
14
21
2
28
6
2
1
223
5
1
199
21
6
3
188
41
219
6
3
1
157
41
14
11
2
4
90
52
83
3
1
100
117
11
1
69
88
50
9
1
4
5
1
1
1
62
72
39
16
32
2
2
1
2
1
66
40
33
49
11
9
8
4
2
2
1
4
139
47
28
10
2
2
1
86
140
2
1
1
45
131
33
12
6
1
19
133
49
6
16
5
1
170
56
2
1
81
136
8
2
2
42
100
55
22
3
5
1
1
11
145
21
18
10
8
8
5
3
210
10
2
4
2
1
152
59
13
2
2
1
41
121
64
1
2
32
139
25
11
3
7
7
3
2
41
142
38
7
1
45
87
17
5
62
12
1
52
61
98
13
4
1
71
24
42
45
40
2
5
58
150
20
1
148
10
5
32
32
2
221
6
1
1
56
45
67
39
16
6
70
51
9
92
3
2
2
29
123
7
13
35
12
9
1
198
11
6
6
3
4
1
209
12
5
2
1
186
19
1
22
1
75
6
43
91
10
4
192
15
1
13
4
4
8
40
4
101
4
25
23
8
7
1
2
5
1
93
42
47
11
20
11
4
1
14
72
68
42
14
5
12
1
1
157
35
30
1
2
3
1
157
30
33
6
3
32
147
31
15
4
203
15
7
2
1
1
155
34
38
2
51
112
56
3
3
1
1
1
1
120
58
22
2
24
3
222
7
78
139
6
5
1
166
47
6
1
6
3
149
35
4
18
9
1
6
3
1
2
1
103
57
1
12
15
35
4
1
1
64
54
49
61
1
113
56
27
8
16
5
2
2
33
4
53
74
1
20
16
11
11
2
4
97
3
15
73
35
1
3
2
79
118
29
1
2
19
50
112
42
3
3
148
38
16
4
8
4
7
2
2
22
68
76
50
10
2
1
131
14
41
9
17
5
5
3
1
1
1
1
43
8
25
110
3
7
30
1
1
1
168
40
15
6
7
90
105
25
1
1
193
5
23
7
1
125
65
33
4
1
1
224
4
1
118
70
5
10
20
5
1
202
24
2
1
108
33
45
37
5
1
64
146
2
2
5
10
1
52
113
59
1
3
72
33
99
2
22
1
174
48
6
1
10
187
6
10
13
3
224
1
1
2
1
219
8
2
83
99
44
2
1
26
16
22
136
7
16
1
5
63
6
134
23
3
104
98
12
1
4
4
3
3
87
113
14
9
1
1
3
1
132
88
9
225
3
1
31
155
24
1
14
2
2
219
10
63
132
26
8
144
68
10
4
2
1
77
112
8
24
3
1
2
2
108
116
4
1
196
29
3
1
219
2
3
4
1
216
5
7
1
229
39
16
69
74
1
29
1
103
16
17
16
24
35
15
2
1
86
90
15
8
18
6
2
3
1
46
128
28
12
4
3
7
1
30
38
111
18
20
4
3
4
1
170
39
10
9
1
16
100
6
18
64
18
7
21
190
1
17
156
55
3
5
1
7
2
40
133
5
23
10
17
1
134
79
5
11
122
10
38
48
2
1
7
1
57
105
60
3
3
1
92
78
27
6
9
4
9
3
1
144
6
44
28
1
5
1
87
121
10
7
4
131
11
18
69
171
2
3
33
19
1
11
118
95
4
1
120
58
31
19
1
170
23
22
14
82
26
99
10
8
1
1
2
139
54
5
13
14
4
145
22
41
2
18
1
160
12
49
6
1
1
41
29
32
107
20
92
90
43
1
1
2
106
40
7
74
2
178
24
11
9
1
6
111
28
45
17
9
3
4
9
3
58
146
21
1
1
2
183
19
22
5
76
90
22
20
14
5
1
1
130
95
2
2
172
22
20
9
5
1
36
81
36
73
2
1
180
15
19
14
1
175
47
7
95
83
18
22
8
3
192
13
21
2
1
126
29
58
15
1
50
175
1
2
1
17
138
14
37
10
9
3
1
21
102
57
27
2
13
7
118
11
19
37
12
12
9
2
4
1
3
1
213
6
2
7
1
198
5
25
1
26
53
135
2
10
2
1
95
16
39
59
7
5
6
2
159
24
36
6
3
1
180
44
5
169
54
1
5
33
113
68
12
3
66
80
48
4
4
25
1
1
92
115
15
5
1
1
141
38
36
4
10
219
2
2
2
3
1
189
40
4
78
109
16
10
9
1
2
179
39
5
6
151
39
16
11
1
2
5
3
1
218
8
1
2
100
69
16
15
28
1
191
13
1
1
2
4
16
1
14
30
145
18
8
8
1
4
1
83
9
101
2
6
11
5
12
42
118
50
3
10
4
1
1
86
123
18
1
1
177
34
11
1
2
1
2
1
76
112
12
19
4
3
1
1
1
116
10
84
5
7
6
1
24
202
1
2
161
16
10
33
7
2
94
13
42
60
9
8
1
2
136
43
18
20
3
4
4
1
216
2
11
58
1
170
55
50
104
18
1
1
82
50
22
74
1
81
116
2
6
6
6
12
179
5
18
12
14
1
217
11
1
211
3
9
2
2
1
1
134
81
9
5
117
5
16
15
44
13
1
7
9
1
1
162
17
10
18
8
2
1
11
216
2
2
3
4
1
1
182
2
18
20
4
3
152
73
1
1
2
194
9
21
4
1
60
22
132
9
5
1
5
205
17
2
81
117
27
3
1
126
6
44
42
2
5
4
78
103
43
3
2
75
137
8
6
2
1
70
136
7
15
1
43
82
97
6
1
227
1
1
191
20
18
64
116
31
1
5
3
7
2
202
17
9
1
59
84
40
8
3
15
20
210
15
3
1
195
27
3
2
2
74
14
78
5
8
32
1
9
8
190
28
10
1
202
6
9
9
1
1
1
193
12
8
15
1
34
118
53
15
5
1
3
29
89
69
41
1
201
5
19
3
1
108
10
12
21
63
8
2
4
1
104
119
1
1
3
1
183
23
19
2
2
171
25
27
4
1
1
66
36
104
12
2
1
7
1
72
114
31
1
2
3
1
1
4
219
8
2
223
2
2
1
1
203
18
8
229
79
105
41
4
164
62
2
1
59
88
41
1
18
17
3
2
4
120
65
11
19
6
1
1
2
44
39
52
45
29
12
5
1
1
1
75
129
3
21
1
6
95
86
39
3
48
87
63
15
10
4
1
1
111
41
10
63
2
2
33
145
22
21
3
5
82
55
40
40
1
2
9
195
20
9
4
1
104
97
10
15
3
178
23
20
1
5
2
202
7
10
5
1
1
2
1
1
145
60
15
1
7
7
204
14
2
1
1
43
1
126
11
48
185
2
25
11
6
122
3
52
35
16
1
23
73
128
4
1
168
61
144
28
7
3
22
21
2
2
190
6
26
6
1
182
23
4
15
1
3
1
122
97
4
4
2
204
17
5
3
143
28
53
2
2
1
109
108
3
2
3
1
3
133
91
1
2
1
1
22
180
11
15
1
117
18
9
84
1
72
59
85
12
1
193
21
8
6
1
188
5
10
15
9
1
1
57
36
107
17
8
1
2
1
106
118
2
2
1
70
19
90
46
1
1
1
1
214
12
3
225
4
89
67
60
1
9
3
152
12
13
35
11
4
2
77
41
92
3
6
7
2
1
49
84
73
17
4
1
1
61
3
123
8
30
3
1
204
16
7
2
105
97
9
6
6
6
54
23
36
107
9
222
5
1
1
3
191
31
1
3
117
109
1
2
18
97
53
11
13
13
21
3
90
49
90
128
25
33
30
3
5
1
1
3
19
94
36
17
9
31
17
4
1
1
12
176
11
6
10
9
5
206
23
153
42
33
1
3
78
24
97
18
2
3
1
3
202
15
1
8
1
1
1
146
2
8
4
2
24
26
9
7
1
26
22
85
71
23
2
18
205
3
1
2
156
63
2
2
1
3
1
1
95
94
10
2
7
13
1
7
21
72
9
59
63
1
3
1
37
156
34
2
221
5
2
1
3
205
9
12
117
92
6
6
2
5
1
188
15
12
10
3
1
28
98
29
12
45
16
1
187
8
7
23
3
1
229
223
2
2
2
149
72
6
2
10
93
93
9
4
12
4
2
2
204
19
5
1
28
174
3
7
2
1
6
3
2
1
2
64
87
18
20
16
23
1
85
7
74
48
6
2
1
5
1
117
2
59
18
5
21
2
1
2
2
187
32
5
5
4
111
41
45
2
2
6
18
131
41
11
10
20
3
7
2
3
1
150
63
16
196
14
15
1
2
1
29
131
19
2
31
1
8
3
3
2
112
75
22
6
14
61
132
11
22
3
220
1
5
1
1
1
13
54
139
10
2
1
2
6
1
1
80
49
96
2
2
137
73
4
7
2
4
1
1
81
121
18
4
4
1
84
95
40
9
1
92
56
28
41
8
1
2
1
181
26
1
1
12
1
4
2
1
169
19
3
27
1
6
1
2
1
181
23
9
16
17
85
12
28
10
27
22
8
15
3
1
1
159
21
20
28
1
37
159
33
71
25
129
3
1
36
133
10
32
4
12
1
1
117
51
39
21
1
81
141
1
6
107
100
8
9
2
3
138
1
80
9
1
70
43
10
45
54
3
3
1
169
34
2
15
8
1
95
37
75
22
11
198
9
1
9
1
21
69
137
2
10
27
74
89
4
2
16
1
4
1
1
50
123
47
7
1
1
29
109
45
20
14
6
3
3
50
51
108
3
6
11
86
130
6
2
2
1
1
1
66
116
40
5
1
1
80
33
91
21
4
36
135
14
37
2
2
3
198
16
1
9
3
1
1
58
45
40
43
7
30
4
2
103
28
3
1
49
20
18
6
1
23
11
19
81
26
17
8
44
48
117
25
37
2
182
28
5
3
3
2
3
3
Number of elements: 2465
