Bin size: 223
Num of Bins: 450
221
1
1
199
2
22
84
54
30
19
34
2
184
16
9
10
1
1
2
56
134
11
13
7
1
1
98
97
24
3
1
25
151
39
2
3
1
2
94
34
79
1
7
8
223
78
90
37
1
7
3
3
1
2
1
216
4
3
128
70
13
3
5
4
43
174
1
3
1
1
71
101
13
12
20
4
1
1
139
56
9
12
5
1
1
123
54
9
26
7
1
2
1
172
15
7
11
14
3
1
165
31
8
4
8
5
2
200
5
3
2
5
7
1
38
146
11
13
6
4
4
1
43
97
43
1
27
2
5
1
2
2
147
69
5
2
65
13
124
21
179
42
1
1
206
10
6
1
89
32
14
45
4
14
3
14
7
1
91
19
108
4
1
33
156
17
3
4
1
1
3
5
125
37
44
17
99
23
33
48
19
1
19
15
103
53
33
112
34
15
55
5
2
130
75
9
8
1
49
79
76
10
1
4
2
1
1
210
7
2
2
2
48
39
43
37
16
25
3
10
2
92
69
31
12
6
11
2
216
1
5
1
28
158
13
8
10
3
2
1
212
5
3
3
125
60
20
15
1
2
93
104
13
8
1
1
3
196
25
1
1
74
33
74
39
3
53
73
57
22
14
4
157
56
6
4
26
60
14
5
7
1
109
1
187
13
22
1
47
14
35
78
14
1
7
25
2
193
2
1
20
6
1
66
112
43
2
101
105
9
3
2
1
2
111
38
49
11
9
4
1
139
32
18
9
17
4
4
144
10
61
1
1
5
1
20
121
62
7
1
11
1
34
162
3
9
10
1
3
1
81
2
101
14
4
7
5
3
3
1
2
122
75
19
7
64
2
9
52
4
45
3
39
3
2
190
3
21
2
4
2
1
123
17
1
52
25
4
1
184
6
11
19
1
2
174
46
1
2
36
72
3
29
72
1
5
2
2
1
26
111
42
42
2
115
32
75
1
92
90
16
20
1
1
2
1
17
66
47
81
3
3
5
1
194
9
19
1
62
61
13
36
4
44
3
5
54
78
4
19
30
12
13
3
1
2
1
1
177
20
19
4
1
1
1
104
17
97
5
127
93
3
5
131
3
71
1
5
5
2
191
4
19
6
1
2
192
5
4
3
13
5
1
54
2
144
2
9
1
1
8
1
1
194
5
12
9
2
1
217
3
2
1
114
50
44
12
1
2
216
7
128
84
9
1
1
89
77
9
2
16
14
16
61
148
4
8
1
1
136
83
3
1
148
4
49
18
4
186
36
1
44
167
8
3
1
27
105
10
7
69
3
2
144
27
32
7
5
7
1
65
44
65
15
29
3
1
1
115
87
21
127
84
4
1
7
33
40
101
43
3
1
1
1
100
72
4
22
14
11
146
74
3
204
7
4
8
117
12
36
29
16
9
3
1
154
49
15
4
1
162
29
8
15
2
7
162
13
10
20
18
143
61
15
1
3
68
117
8
22
2
2
2
2
211
2
3
4
3
86
16
116
4
1
147
22
21
18
11
2
1
1
136
32
2
16
17
8
7
5
178
30
8
5
2
56
43
54
55
1
7
3
1
1
2
148
46
7
3
3
16
169
12
7
21
2
9
2
1
164
34
1
7
9
8
71
105
44
2
1
58
80
72
3
2
4
1
2
1
196
20
4
3
7
214
1
1
2
87
111
8
15
112
69
42
22
131
14
33
17
1
2
1
1
1
117
94
12
157
60
3
2
1
133
40
46
3
1
152
37
14
1
3
9
7
2
54
40
100
2
19
3
1
2
163
45
14
1
171
4
45
3
149
50
17
7
152
34
29
3
2
1
1
1
148
43
3
25
1
1
2
62
36
79
6
28
1
1
2
2
4
2
205
8
5
5
138
74
11
133
62
7
18
3
158
64
1
217
6
45
19
24
131
3
1
180
38
2
2
1
3
149
44
12
13
2
173
17
10
19
1
2
1
118
67
9
12
8
7
1
1
148
36
2
18
1
17
1
99
113
2
9
119
64
31
8
1
35
72
92
3
14
1
6
95
11
36
33
29
18
1
107
110
6
85
19
102
1
8
3
3
1
1
208
4
5
4
2
123
70
27
1
2
101
98
8
1
2
7
4
2
40
62
118
3
15
134
1
63
6
2
1
1
194
3
19
6
1
45
97
8
10
46
7
3
1
2
4
206
3
7
1
2
4
133
90
34
54
73
32
25
3
2
89
29
21
65
9
8
1
1
58
39
119
1
5
1
117
19
64
16
1
1
1
3
1
61
15
89
18
37
3
91
86
24
5
10
1
3
3
86
3
33
95
1
4
1
133
71
1
13
2
3
144
32
36
10
1
1
170
16
9
16
9
1
1
6
138
14
63
2
25
35
55
50
11
32
5
2
1
1
6
13
116
94
193
28
2
201
9
13
114
106
1
2
112
70
20
8
9
2
2
199
7
5
1
10
1
172
23
10
2
3
5
6
1
1
39
84
50
8
42
116
14
48
2
22
7
13
1
130
55
8
25
4
1
5
23
194
1
61
30
73
58
1
68
87
13
17
16
10
4
7
1
216
2
5
14
174
23
2
4
2
4
80
111
13
11
4
3
1
84
115
9
3
2
5
1
2
1
1
42
125
32
20
1
3
59
43
116
5
106
32
18
64
2
1
129
81
13
60
146
14
1
1
1
124
3
40
6
39
2
2
5
2
128
87
2
3
1
1
1
129
84
7
3
36
9
166
12
222
1
32
71
45
18
21
6
19
4
2
1
4
181
7
6
14
15
217
2
4
6
112
54
34
17
47
70
54
7
23
15
7
94
18
55
40
5
11
6
207
6
3
1
54
148
9
9
3
206
6
5
5
1
173
1
34
12
1
2
18
83
31
26
53
4
1
4
2
1
146
12
65
105
95
20
2
1
164
54
1
2
1
1
71
103
34
11
4
193
24
3
1
1
1
71
94
55
1
1
1
28
80
7
60
21
11
6
6
3
1
25
50
79
22
46
1
220
1
2
29
124
51
19
155
63
3
2
91
38
26
8
6
14
9
9
11
3
3
5
24
143
23
29
4
165
38
5
9
5
1
44
54
47
18
27
11
15
7
24
148
40
3
1
5
2
140
38
33
10
1
1
210
13
212
3
1
3
3
1
156
21
32
12
2
49
138
21
14
1
216
7
74
90
57
1
1
101
100
12
6
4
159
36
4
9
14
1
71
40
5
36
12
31
1
24
3
125
7
87
2
2
12
203
8
3
150
26
17
10
13
3
1
194
19
9
1
208
2
7
4
1
1
132
61
4
19
4
1
2
221
2
47
44
117
4
8
1
2
219
4
2
127
11
38
9
15
8
13
171
46
5
1
8
150
22
23
9
8
3
103
18
11
65
15
9
1
1
43
62
17
45
40
15
1
209
3
9
1
1
52
97
20
29
14
4
4
1
1
1
79
121
17
5
1
91
70
5
36
3
11
3
2
1
1
202
20
1
210
5
8
34
177
5
5
1
1
199
14
3
5
1
1
201
21
1
101
85
13
3
12
7
1
1
173
23
19
2
6
26
146
6
4
22
1
14
3
1
26
49
98
5
13
26
5
1
39
168
15
1
98
82
31
7
5
80
95
5
4
20
13
1
3
1
1
192
27
3
1
42
127
9
6
15
18
6
216
5
2
103
68
24
14
12
1
1
25
7
40
91
35
12
6
3
2
1
1
17
111
87
7
1
210
9
4
143
63
7
9
1
129
35
35
21
3
134
65
15
3
1
2
2
1
79
144
173
23
1
26
3
87
111
1
11
6
2
1
1
105
95
19
4
138
85
67
66
25
58
7
22
186
1
8
4
1
1
137
36
21
4
20
1
3
1
207
11
2
1
1
1
111
38
23
43
5
1
1
1
134
36
27
13
6
2
4
1
150
69
3
1
124
99
178
43
2
80
130
3
10
96
62
46
16
1
1
1
199
3
19
1
1
39
14
87
7
73
2
1
160
58
5
61
76
42
39
5
31
36
64
62
2
20
5
2
1
105
67
22
19
5
3
1
1
33
17
27
3
68
4
63
1
4
2
1
89
8
92
2
5
6
9
9
1
2
180
22
7
6
8
217
2
3
1
106
113
1
3
44
174
3
1
1
114
106
3
207
12
1
1
2
160
27
10
12
7
4
2
1
67
12
69
26
18
9
8
8
3
2
1
209
8
4
1
1
25
138
26
18
9
2
4
1
64
58
68
19
1
4
8
1
207
4
8
4
154
35
1
6
3
2
13
3
3
2
1
99
51
25
7
17
24
9
55
13
23
72
51
90
61
71
1
4
160
49
2
5
1
1
1
95
124
4
213
8
2
167
39
2
10
4
1
133
13
39
26
8
4
96
102
9
13
3
200
23
43
162
5
12
1
30
72
99
8
1
4
4
3
2
88
128
6
1
211
2
7
3
92
13
56
1
39
8
12
1
1
83
12
63
59
3
1
1
1
25
189
2
5
1
1
10
84
93
15
8
3
10
84
69
41
28
1
98
3
122
83
7
111
13
1
1
4
1
1
1
83
42
90
5
1
1
1
168
18
32
4
1
9
32
116
52
8
6
127
34
50
7
4
1
78
13
48
67
9
8
42
158
8
13
1
1
201
10
7
3
1
1
1
201
21
204
3
7
4
4
1
140
53
9
8
10
1
1
1
198
23
1
1
196
22
1
3
1
69
75
52
19
4
4
177
12
4
15
9
5
1
161
47
6
7
1
1
205
10
4
3
1
17
48
31
54
42
31
215
7
1
119
100
3
1
188
5
25
4
1
86
93
16
27
1
49
10
149
15
67
85
47
17
3
4
152
34
7
2
8
16
4
13
19
104
61
6
12
4
4
3
69
119
14
15
2
1
162
21
26
3
11
124
97
2
77
5
105
31
4
1
101
62
36
22
2
175
1
6
3
13
3
22
12
185
22
3
1
48
36
121
15
2
1
158
29
20
15
1
45
4
20
16
49
23
65
1
161
17
2
2
15
25
1
169
21
7
23
2
1
152
48
3
10
2
4
3
1
51
100
22
19
19
2
8
2
120
41
57
3
2
149
45
13
6
10
217
2
3
1
90
78
10
6
33
3
2
1
140
16
8
43
10
1
1
2
2
223
114
51
10
46
2
2
12
29
46
47
48
8
22
4
1
1
3
216
3
1
1
1
1
188
32
3
53
159
3
2
1
5
73
90
15
25
18
2
106
75
37
4
1
126
96
1
111
26
58
24
4
63
82
75
3
209
11
1
2
112
72
10
3
16
8
2
102
88
5
19
2
6
1
39
153
9
13
4
2
2
1
122
95
1
5
111
21
52
18
12
7
1
1
193
16
7
2
1
1
2
1
221
1
1
169
5
33
7
3
1
4
1
190
11
10
9
3
76
39
39
15
29
19
5
1
210
7
4
2
106
21
69
9
12
2
4
129
78
5
6
2
3
8
67
123
9
12
4
210
12
1
154
24
39
1
5
39
11
112
11
25
14
8
3
136
14
57
13
3
176
26
16
1
2
2
3
42
83
76
10
9
148
67
1
3
1
2
1
185
32
5
1
36
145
13
16
6
7
175
21
25
1
1
103
6
76
16
8
12
1
1
113
59
47
1
3
80
121
4
13
4
1
155
24
12
11
21
150
7
2
4
26
16
11
4
1
2
97
36
90
4
173
41
2
1
1
1
205
10
7
1
223
128
46
17
30
2
105
111
1
3
3
125
71
17
7
1
2
164
47
11
1
159
13
37
2
5
1
1
2
1
2
132
64
20
2
4
1
149
16
11
30
12
1
3
1
151
29
33
6
1
2
1
188
2
10
20
2
1
213
3
2
1
2
2
150
64
5
4
91
56
11
15
29
10
1
1
3
3
1
2
72
34
54
21
32
1
2
4
3
110
29
11
62
5
2
2
1
1
186
18
17
1
1
193
20
9
1
115
73
7
2
6
17
2
1
48
140
31
1
1
2
113
19
44
9
13
22
1
2
43
3
112
39
4
1
10
5
5
1
173
17
13
11
1
8
103
96
20
2
2
177
37
7
2
1
203
7
3
6
2
1
149
8
56
9
1
122
27
29
39
1
2
3
142
7
58
12
2
1
1
25
113
68
1
9
5
1
1
211
2
2
6
2
Number of elements: 2686
