Bin size: 295
Num of Bins: 352
174
71
41
6
2
1
166
60
38
17
8
3
2
1
114
7
132
42
44
249
1
1
11
27
93
41
109
14
69
6
26
35
5
111
36
5
1
1
21
125
135
11
3
161
89
5
13
11
16
159
83
48
2
1
1
1
229
41
13
2
4
1
4
1
130
138
9
12
3
3
272
8
12
1
1
1
162
46
10
1
25
15
8
1
26
1
148
29
93
21
2
2
125
71
70
29
205
90
153
14
30
55
10
13
15
3
1
1
59
118
2
17
69
6
2
16
6
80
155
49
4
4
2
1
66
115
73
6
6
12
2
7
4
3
1
16
186
2
21
60
2
8
228
42
16
4
3
2
113
68
58
46
9
1
19
96
36
26
50
6
17
11
7
8
8
1
6
1
2
1
200
55
38
2
283
9
1
1
1
227
53
13
2
264
17
3
10
1
237
43
8
2
2
3
254
31
10
137
70
19
67
1
1
254
4
33
2
1
1
286
6
2
1
173
9
106
4
1
2
240
2
29
10
4
6
3
1
288
2
5
283
3
8
1
238
12
6
38
1
192
78
2
5
13
4
1
60
3
207
19
6
233
10
43
9
177
35
33
33
3
2
9
2
1
40
20
39
152
18
9
17
135
107
6
17
30
250
37
5
3
199
95
1
193
80
16
2
2
2
220
22
26
6
8
5
3
5
240
25
2
4
3
19
1
1
56
73
166
273
17
5
176
100
13
6
75
28
134
57
1
33
25
52
111
60
13
1
19
24
53
10
144
38
5
2
110
39
39
35
57
11
4
46
3
42
130
38
18
10
8
73
15
83
27
78
4
14
1
128
59
43
2
55
1
1
2
2
1
1
170
74
31
9
9
2
21
162
93
11
5
1
1
1
183
19
71
6
14
2
102
79
75
39
264
12
17
1
1
271
10
10
2
1
1
168
103
19
5
174
56
45
15
1
3
1
213
25
7
48
1
1
266
8
21
263
25
6
1
269
13
12
1
228
1
42
13
4
4
1
1
1
179
116
213
81
1
108
157
2
15
10
1
1
1
23
135
136
1
220
51
19
1
2
1
1
271
2
4
16
1
1
116
171
8
209
13
43
23
7
202
88
2
3
138
113
30
6
4
1
3
241
6
43
1
1
3
146
45
43
15
13
31
2
131
34
111
2
11
4
2
56
194
13
24
1
2
3
1
1
41
26
171
42
10
1
1
1
1
1
220
28
32
4
11
247
26
12
7
2
1
275
4
6
5
3
2
165
8
43
9
17
38
3
3
5
3
1
45
124
25
68
8
17
3
3
1
1
247
28
20
95
185
10
3
2
133
23
19
70
50
143
137
10
2
3
151
11
110
16
1
2
1
3
104
122
26
1
37
4
1
199
92
2
1
1
97
137
56
4
1
32
257
3
1
1
1
294
1
262
3
9
9
12
224
40
23
1
1
2
4
285
2
3
5
294
1
211
7
47
14
8
6
2
231
27
5
14
11
3
1
1
1
1
89
5
194
3
4
135
86
19
25
23
3
2
2
221
12
49
1
1
3
1
4
1
1
1
86
153
9
30
12
3
1
1
101
85
23
65
15
5
1
246
41
6
2
118
34
99
28
13
1
2
251
13
22
8
1
134
21
98
29
6
1
5
1
231
7
10
45
1
1
254
16
8
8
2
5
2
117
22
19
60
26
41
10
199
58
28
4
6
232
58
5
43
95
154
1
2
262
33
289
1
2
2
1
159
42
58
34
1
1
134
42
11
50
53
3
2
266
18
7
3
1
42
26
73
54
6
79
4
8
2
1
25
86
113
38
26
2
4
1
88
17
67
84
34
2
1
2
23
180
9
65
6
7
3
2
129
31
128
6
1
37
57
150
51
203
28
19
45
13
160
111
7
1
1
2
249
7
38
1
48
108
39
34
10
27
2
21
4
1
1
21
51
87
89
32
12
2
1
159
23
108
5
75
151
52
5
10
2
201
2
35
23
20
5
6
2
1
100
188
1
1
4
1
166
56
38
34
1
101
27
90
16
23
30
8
43
88
82
78
1
2
1
171
118
6
95
112
11
16
36
11
10
2
1
1
242
8
4
41
196
36
29
17
13
1
1
1
1
190
86
7
7
1
4
20
93
51
102
28
1
260
26
8
1
18
4
212
10
25
9
8
1
8
279
13
2
1
107
55
67
39
23
2
2
129
45
97
8
4
9
2
1
152
13
22
102
1
2
3
168
124
2
1
157
109
5
12
3
3
3
2
1
73
113
1
35
44
11
5
12
1
188
33
45
11
16
2
223
3
6
15
27
7
6
6
1
1
133
162
157
95
24
4
13
2
275
20
114
147
17
17
173
2
32
14
65
6
2
1
275
12
5
1
2
105
50
135
2
1
1
1
208
36
13
19
11
3
3
1
1
238
15
18
3
15
6
42
153
5
92
1
2
294
1
77
22
59
26
103
4
2
1
1
135
148
12
272
18
1
2
2
174
13
104
1
1
1
1
92
48
143
11
1
23
81
115
39
12
3
4
5
10
1
2
59
77
77
66
3
12
1
52
239
1
2
1
281
1
4
7
1
1
11
174
102
2
6
49
25
86
34
95
6
239
2
36
1
7
4
1
1
1
3
99
98
40
10
43
3
2
268
8
12
7
53
39
58
57
13
69
1
4
1
16
216
32
27
4
288
1
2
3
1
265
9
21
47
192
8
14
16
6
8
4
273
12
8
1
1
173
8
106
1
1
3
1
2
1
250
39
2
3
291
4
278
6
4
6
1
200
23
38
31
2
1
207
25
44
9
1
1
3
4
1
110
80
26
40
22
11
5
1
285
6
4
120
44
31
30
6
13
40
4
2
2
3
211
45
9
25
4
1
77
160
30
12
1
7
3
4
1
274
1
7
11
2
246
15
19
2
1
1
3
7
1
105
5
66
15
65
34
4
1
259
2
12
22
278
4
4
5
1
3
108
39
16
42
85
2
2
1
30
8
143
65
30
6
8
3
1
1
124
136
16
6
5
1
2
4
1
11
187
35
33
6
17
2
2
1
1
199
16
49
9
3
2
7
5
5
144
59
6
18
61
5
2
264
28
3
35
4
148
32
52
22
1
1
59
192
22
9
5
3
3
1
1
6
169
64
21
31
2
2
240
52
1
2
149
120
14
11
1
47
9
184
2
6
5
4
20
6
3
4
2
1
1
1
48
166
23
34
6
11
6
1
227
22
38
4
2
1
1
3
271
5
14
2
32
201
62
78
74
125
2
5
2
2
3
3
1
77
176
27
9
2
3
1
109
42
50
19
23
10
23
13
4
2
138
14
15
109
11
4
1
3
3
138
60
9
12
19
5
43
4
2
255
15
13
1
2
4
3
2
117
41
51
11
44
29
2
89
89
98
11
8
187
79
3
12
4
2
1
7
290
2
2
1
20
156
96
20
3
238
2
7
4
35
3
2
1
1
2
173
42
35
22
23
224
57
5
9
119
164
8
4
74
173
44
3
1
62
204
9
6
3
9
2
220
37
3
23
3
1
7
1
256
21
12
1
2
3
235
56
1
1
1
1
40
235
5
3
8
1
3
129
149
16
1
155
121
10
6
3
252
10
6
3
23
1
116
117
13
33
15
1
195
33
56
4
4
2
1
75
141
54
5
12
5
1
1
1
106
84
104
1
7
167
66
39
12
4
206
17
68
2
2
95
194
4
2
128
117
44
3
1
2
283
4
6
1
1
74
41
30
95
19
7
8
3
6
3
5
3
1
247
6
21
19
2
73
202
17
3
11
108
112
52
3
9
158
84
17
17
14
5
21
72
172
2
4
24
227
5
19
26
17
1
235
55
4
1
144
34
91
17
1
2
3
3
247
4
12
20
2
10
73
26
159
7
30
169
107
17
1
1
27
51
38
94
6
76
1
1
1
114
130
22
12
10
4
1
2
16
90
148
33
4
1
3
117
115
58
4
1
219
10
5
23
2
20
8
1
1
3
2
1
175
69
12
28
7
1
3
77
197
15
5
1
269
8
2
12
3
1
3
180
84
19
1
6
1
1
275
5
5
3
7
11
154
28
102
295
148
144
2
1
148
69
70
6
2
67
103
42
76
2
1
2
1
1
139
51
41
17
33
8
4
2
11
284
280
8
7
6
151
135
2
1
211
71
10
3
162
39
25
45
2
11
10
1
138
58
60
39
205
85
1
1
2
1
184
4
31
59
3
2
10
1
1
105
136
39
10
2
1
2
148
20
2
118
7
87
173
2
7
19
4
1
1
1
100
38
47
60
39
3
2
6
274
7
3
11
154
37
97
2
5
199
49
2
15
14
10
6
43
156
71
17
8
97
10
174
14
45
28
116
72
31
1
1
1
62
224
5
4
261
2
18
9
2
3
28
147
77
23
1
12
7
246
5
3
35
3
3
100
185
6
3
1
260
1
4
18
6
2
1
1
1
1
176
37
63
4
11
4
66
73
36
43
59
17
1
9
200
7
6
14
10
44
5
286
5
2
1
1
191
36
18
45
2
1
2
109
67
19
33
56
6
4
1
257
38
51
206
22
5
6
4
1
200
48
9
26
11
1
4
276
12
3
50
54
93
68
7
21
2
142
125
22
1
2
2
1
209
56
15
10
3
2
70
49
76
73
25
2
281
14
57
92
56
31
53
4
2
196
31
17
9
3
21
16
2
143
55
73
16
6
2
107
103
13
27
31
8
5
1
196
60
3
15
6
10
4
1
77
78
135
1
1
1
1
1
287
7
1
136
24
26
94
12
1
1
1
160
117
11
2
4
1
227
48
20
285
7
1
1
1
222
67
1
1
3
1
242
23
20
8
2
149
12
45
47
29
3
9
1
136
49
89
7
1
4
5
4
178
16
91
1
6
1
2
138
134
22
1
27
45
46
131
21
13
1
7
4
123
41
33
41
45
2
2
8
49
121
111
3
2
4
5
84
18
160
2
24
7
138
10
65
9
13
8
52
133
133
16
3
7
3
6
138
69
56
23
2
1
204
20
6
51
2
1
11
Number of elements: 2205
