Bin size: 256
Num of Bins: 421
239
13
1
1
2
5
216
11
2
20
1
1
92
22
41
76
25
165
10
47
24
10
8
57
187
1
3
79
140
20
3
1
8
2
2
1
134
102
11
8
1
112
28
64
28
9
12
3
189
67
80
118
44
5
3
2
4
39
165
14
28
4
1
1
2
1
1
86
119
38
13
196
26
24
8
2
234
22
189
25
20
1
4
9
1
1
2
1
3
141
108
1
4
1
1
254
2
159
49
44
4
80
94
48
23
3
2
1
4
1
26
136
20
36
16
18
3
1
223
9
24
167
80
7
1
1
92
36
107
13
5
1
1
1
61
21
8
145
17
1
1
1
1
84
128
8
24
12
47
150
37
15
7
98
94
55
4
1
3
1
93
112
11
23
15
2
1
20
71
112
21
1
23
5
2
184
17
3
1
10
12
16
10
2
1
127
110
16
2
1
100
27
46
79
4
137
68
43
1
6
1
54
88
24
69
6
2
12
1
141
72
24
11
2
5
1
78
173
2
1
2
180
3
59
4
2
7
1
19
223
8
5
1
4
209
12
13
12
5
1
224
5
27
124
45
12
37
16
16
4
2
107
66
11
25
25
1
8
9
1
1
2
83
22
108
18
3
16
1
2
1
1
1
50
155
30
5
1
9
4
2
12
119
36
55
7
7
3
15
1
1
133
82
11
13
16
1
124
101
24
5
2
137
22
77
20
173
39
11
3
5
1
5
13
4
1
1
241
9
5
1
200
2
18
33
3
12
125
35
31
7
33
3
1
7
2
219
1
32
1
3
6
73
144
29
1
3
108
89
24
4
22
2
2
2
1
2
121
62
53
12
6
1
1
189
66
1
133
41
56
10
15
1
8
173
34
40
1
200
15
21
5
1
4
5
2
2
1
26
188
34
7
1
116
38
55
2
25
1
16
2
1
163
15
6
31
30
1
8
2
254
2
160
61
13
6
10
3
1
2
141
39
15
47
14
225
23
4
1
1
1
1
141
86
24
2
2
1
167
64
23
1
1
205
17
20
13
1
248
2
1
1
4
2
62
37
107
39
3
3
1
1
1
85
31
94
38
3
4
1
67
116
17
35
11
2
6
1
1
26
36
181
6
1
4
2
148
98
6
1
2
1
3
109
34
18
20
14
50
5
3
194
33
18
2
8
1
24
180
6
2
8
1
17
14
2
1
1
197
10
35
9
2
1
1
1
79
35
50
13
8
68
2
1
167
62
27
110
36
41
68
1
214
27
4
4
7
69
124
62
1
12
89
124
14
16
1
233
22
1
219
33
4
42
118
89
3
2
1
1
162
15
47
25
5
2
113
27
23
11
19
38
23
1
1
95
58
95
8
93
17
28
59
33
10
15
1
211
20
17
4
2
1
1
84
114
56
1
1
92
48
63
33
3
5
12
225
19
3
8
1
117
58
63
15
3
18
83
36
55
23
28
6
1
3
2
1
144
56
10
7
16
11
7
5
238
16
2
250
2
2
2
80
60
42
68
3
1
1
1
235
6
8
2
5
86
5
154
9
1
1
64
105
10
4
6
50
5
3
1
2
1
5
20
30
125
10
41
7
7
12
2
2
208
11
2
5
24
4
1
1
215
38
2
1
180
53
12
11
208
12
18
13
1
4
152
44
33
14
8
3
1
1
14
194
3
27
15
1
2
101
36
108
11
53
63
56
23
41
10
6
4
40
2
208
5
1
251
1
3
1
110
15
64
66
1
110
7
126
13
156
60
10
1
23
4
2
57
58
65
41
32
3
250
2
3
1
15
128
45
54
11
3
181
14
31
23
5
2
192
59
5
97
25
100
7
19
1
1
4
1
1
233
13
1
5
4
223
19
7
5
1
1
63
150
13
11
8
8
3
219
5
32
123
83
10
35
1
4
220
33
3
5
11
166
15
41
7
6
1
1
3
145
109
1
1
137
15
44
35
14
2
8
1
161
9
33
34
14
5
164
87
5
33
76
50
32
5
33
10
2
8
7
181
4
16
23
2
6
4
16
2
2
75
42
25
32
14
24
19
16
7
2
176
15
23
27
3
6
2
4
104
60
84
1
6
1
181
43
32
74
94
57
28
2
1
111
38
33
52
21
1
112
101
36
5
2
48
203
2
3
171
56
5
3
14
6
1
37
109
109
1
189
60
1
1
2
2
1
200
18
27
5
4
1
1
145
83
16
5
6
1
76
17
134
10
16
2
1
71
136
6
22
10
8
1
2
86
66
44
26
2
19
12
1
62
36
84
63
7
1
2
1
17
60
92
50
8
7
9
7
6
96
141
3
8
6
2
29
89
36
22
45
9
24
2
253
3
125
101
26
2
2
167
18
14
14
31
4
3
3
2
245
9
1
1
188
12
17
18
2
16
2
1
98
48
63
30
11
4
2
27
205
16
6
1
1
214
34
1
7
146
82
9
5
4
8
2
253
1
2
59
108
74
7
7
1
239
12
3
2
242
10
3
1
56
158
9
3
19
7
4
169
11
28
27
12
6
1
1
1
107
57
20
38
18
7
3
6
19
125
81
10
20
1
133
101
3
8
11
231
21
3
1
209
12
28
7
239
5
2
10
97
44
5
84
6
11
2
5
2
113
81
21
26
7
2
6
62
171
3
7
11
1
1
200
49
6
1
34
15
168
5
8
19
5
1
1
139
116
1
52
153
20
8
6
12
3
1
1
26
123
49
5
27
24
1
1
243
7
4
2
103
87
16
5
35
5
5
149
100
3
2
2
256
253
2
1
169
17
4
11
45
9
1
54
7
102
44
3
17
18
4
2
4
1
242
13
1
196
11
32
4
10
3
8
131
53
45
11
6
1
1
249
7
142
106
8
152
82
20
1
1
12
90
107
12
2
20
13
87
136
31
1
1
197
41
10
4
3
1
117
17
106
6
7
3
85
117
37
17
17
68
56
18
70
17
2
5
2
1
110
63
28
15
13
3
5
5
13
1
2
120
125
3
2
2
1
1
105
27
49
8
27
7
19
7
5
1
1
244
2
5
5
249
7
158
69
20
8
1
133
34
55
25
4
1
2
2
85
108
57
2
1
1
2
250
1
5
243
11
2
225
25
1
4
1
245
7
1
2
1
31
207
7
7
2
1
1
85
8
83
42
6
15
12
5
5
141
81
3
22
3
1
246
1
2
3
2
2
79
162
1
14
127
8
113
5
3
231
1
22
1
1
181
32
41
1
1
170
60
15
10
1
67
80
76
30
2
1
22
117
69
24
17
4
3
40
82
91
43
211
26
13
1
3
1
1
120
27
69
28
12
231
17
7
1
110
91
8
40
7
215
10
29
2
94
43
84
22
2
8
2
1
145
48
10
42
1
7
3
28
176
17
34
1
20
177
53
1
4
1
19
152
56
12
6
10
1
52
141
15
23
7
1
16
1
169
23
18
1
7
31
2
1
2
1
1
235
9
11
1
72
48
90
5
33
6
1
1
74
1
76
70
25
6
4
16
173
62
5
155
65
4
30
2
169
1
17
7
11
35
13
1
1
1
140
24
34
52
2
2
1
1
256
43
25
170
3
13
2
232
12
8
2
1
1
221
6
14
11
1
2
1
234
22
71
156
19
7
1
2
141
58
46
9
1
1
195
29
4
23
2
2
1
126
24
99
1
1
2
2
1
195
34
26
1
239
2
2
6
6
1
102
136
15
2
1
18
50
5
182
1
144
22
26
53
1
8
2
231
14
5
5
1
166
45
12
1
12
20
78
177
1
94
134
27
1
38
161
38
19
180
56
15
5
60
185
6
1
2
2
2
128
54
15
56
1
114
125
10
6
1
119
20
38
26
37
15
1
137
75
24
11
2
2
5
176
2
30
21
11
13
3
109
10
109
21
5
1
1
230
13
7
6
82
141
4
27
1
1
240
15
1
77
65
20
25
57
1
9
2
5
185
54
8
1
2
1
159
64
17
14
2
43
150
1
32
23
7
237
5
1
8
4
1
218
4
1
20
5
3
1
3
1
242
5
8
1
70
41
59
86
210
21
11
9
5
136
10
49
51
9
1
150
57
3
46
190
64
1
1
205
32
8
5
2
3
1
149
3
78
8
8
7
1
2
208
26
8
8
2
2
1
1
137
56
7
20
26
10
98
15
6
89
38
5
1
2
2
42
94
72
40
7
1
43
35
178
26
64
61
62
26
3
1
12
1
219
25
11
1
237
2
1
13
2
1
85
22
141
1
5
1
1
95
143
16
2
94
31
32
44
6
4
39
4
2
234
5
8
5
2
2
180
12
30
15
6
6
7
193
21
38
1
2
1
1
163
2
18
29
21
14
3
4
1
237
10
2
1
2
3
1
37
117
51
35
8
3
1
2
2
110
116
26
4
213
10
6
26
1
79
113
30
25
1
6
1
1
148
31
40
17
13
6
1
82
68
31
44
31
189
25
13
24
3
2
235
15
3
2
1
164
88
1
2
1
113
107
21
9
1
1
1
1
1
1
5
49
67
32
66
35
1
1
213
41
1
1
223
19
6
2
4
2
149
11
80
2
7
7
45
146
47
17
1
89
148
11
7
1
91
90
23
23
27
1
1
119
102
8
15
1
10
1
84
137
25
5
2
1
1
1
206
30
20
144
15
49
10
33
1
1
1
1
1
214
30
7
4
1
254
1
1
150
27
44
27
3
3
1
1
201
6
30
11
3
5
59
173
24
142
12
19
50
16
6
11
126
110
8
8
1
2
1
243
2
7
3
1
17
140
26
48
21
4
184
13
3
4
11
5
27
6
2
1
207
35
4
2
8
224
12
7
5
2
6
220
15
5
3
2
3
4
2
2
245
4
2
3
2
156
12
25
51
3
6
1
2
160
47
24
25
24
181
4
11
17
16
1
2
234
18
2
2
65
57
117
1
3
8
3
1
1
74
51
82
16
1
21
6
5
9
43
149
23
1
3
18
3
6
1
91
31
93
2
32
1
5
1
251
5
138
20
8
67
10
2
11
234
20
1
1
97
13
18
14
38
48
17
7
4
99
103
33
20
1
73
104
24
3
26
14
3
3
6
204
51
1
1
16
65
11
158
4
1
34
82
9
30
97
1
2
1
19
113
115
1
1
7
119
125
4
6
2
216
37
3
222
32
2
54
122
12
2
33
1
13
4
13
2
219
30
7
166
7
8
51
9
1
3
10
1
215
5
3
28
4
1
208
17
15
7
8
1
226
19
8
2
1
32
104
115
1
2
2
141
50
49
9
7
132
63
51
1
6
2
1
57
80
63
30
17
2
2
2
3
241
5
4
6
242
9
2
2
1
150
37
11
28
7
23
205
28
5
10
8
8
30
66
9
116
7
5
7
5
3
160
53
24
13
3
1
1
1
200
7
19
20
8
2
190
39
12
1
2
2
9
1
155
55
24
6
1
7
3
1
2
1
1
181
50
24
1
76
105
57
6
8
2
2
210
32
4
2
4
2
1
1
216
16
15
4
5
189
22
26
7
12
80
105
27
21
5
2
3
5
3
5
74
34
28
63
29
11
10
6
1
143
16
95
2
199
47
6
2
1
1
69
129
24
22
10
1
1
107
122
18
3
4
1
1
176
68
7
5
210
46
234
8
12
1
1
228
5
10
11
1
1
187
31
35
2
1
68
83
30
57
4
14
66
186
3
1
252
1
2
1
115
22
67
13
13
5
8
2
8
3
30
127
47
44
1
1
4
1
1
194
2
39
6
9
2
1
2
1
24
181
42
3
4
2
98
23
19
46
2
15
19
31
2
1
146
104
1
1
2
1
1
127
77
43
8
1
39
57
76
9
63
3
1
3
4
1
100
111
27
7
2
2
5
1
1
90
132
32
1
1
140
27
40
2
6
27
14
129
21
4
52
25
17
5
2
1
80
126
33
13
2
1
1
223
27
5
1
62
87
85
11
9
1
1
228
16
1
1
10
23
85
95
16
31
5
1
Number of elements: 2615
