Bin size: 285
Num of Bins: 410
202
68
11
2
1
1
63
183
17
17
5
201
15
28
39
2
181
68
16
11
6
3
203
26
14
24
10
3
5
13
54
146
45
3
11
5
2
2
2
1
1
27
236
8
2
8
1
2
1
271
4
10
116
116
53
261
7
13
4
226
39
17
3
55
217
8
1
1
1
2
149
81
54
1
143
42
18
22
48
11
1
28
9
183
45
14
3
1
2
178
6
72
4
24
1
211
53
21
33
31
20
101
2
55
29
1
9
1
1
2
185
53
4
13
18
1
4
4
1
1
1
22
97
22
24
82
22
3
8
1
1
2
1
255
1
7
19
2
1
276
3
5
1
19
261
1
4
83
78
123
1
262
15
5
2
1
168
28
15
24
43
6
1
108
1
144
17
10
2
3
146
81
21
29
4
3
1
24
208
27
7
3
14
1
1
227
31
25
1
1
188
82
2
2
4
7
70
14
17
82
80
12
5
3
1
1
89
89
101
5
1
121
72
34
50
1
5
1
1
210
22
21
8
11
7
2
3
1
141
2
74
35
30
2
1
254
14
16
1
21
137
122
2
1
2
118
4
146
2
6
7
1
1
28
130
41
12
61
11
2
271
5
1
1
6
1
220
52
3
2
7
1
14
192
35
7
27
9
1
11
240
28
4
2
32
114
118
16
4
1
204
79
1
1
176
91
14
3
1
209
55
13
8
252
13
10
2
8
231
23
10
4
8
1
7
1
186
5
82
1
4
7
221
14
19
26
3
2
65
166
43
5
3
3
229
47
8
1
175
95
1
3
10
1
2
218
5
30
24
1
1
4
214
40
19
1
10
1
214
53
15
3
22
179
54
15
8
4
1
1
1
87
91
25
71
6
2
3
271
14
194
55
12
11
11
1
1
180
20
26
7
31
3
12
6
285
102
90
92
1
70
185
3
21
6
168
41
8
46
16
4
1
1
194
22
18
2
29
19
1
156
25
49
16
3
9
2
19
5
1
254
26
4
1
253
27
5
43
110
27
46
1
33
21
2
1
1
37
99
127
20
1
1
215
61
5
2
1
1
16
188
47
30
2
1
1
44
120
59
9
16
2
16
3
3
8
1
1
2
1
234
34
14
2
1
193
20
1
58
8
3
2
84
70
78
36
12
1
4
231
36
12
6
209
70
2
3
1
249
32
3
1
27
98
89
61
4
5
1
246
4
26
1
2
1
1
4
33
69
176
2
4
1
148
34
49
31
8
10
4
1
82
89
19
5
43
7
22
5
7
4
1
1
212
34
25
3
8
1
2
231
39
9
5
1
120
12
119
30
3
1
193
46
12
33
1
263
20
1
1
20
20
191
5
6
42
1
274
9
2
184
62
30
8
1
54
196
7
6
4
14
3
1
34
47
100
104
80
12
151
40
1
1
8
180
67
26
1
1
1
1
23
42
219
1
249
1
30
3
1
1
272
4
6
2
1
79
142
32
9
18
3
2
209
26
21
19
9
1
112
96
77
276
4
2
3
37
34
22
39
50
35
54
7
7
181
29
56
17
2
214
56
7
4
3
1
136
94
11
38
1
5
103
96
20
29
14
5
5
7
6
157
66
55
7
102
149
15
17
2
240
30
14
1
12
62
139
34
19
14
3
2
51
64
123
44
1
1
1
228
1
10
6
9
9
1
13
1
2
2
2
1
269
14
2
26
186
40
2
1
16
11
1
2
91
95
34
64
1
80
24
102
4
44
25
1
2
2
1
16
115
117
35
2
56
221
5
3
186
62
29
2
2
3
1
36
183
24
33
7
1
1
24
156
12
26
62
5
10
8
126
58
12
28
16
23
3
1
174
50
17
11
11
20
2
261
5
1
17
1
215
47
3
15
1
1
2
1
191
23
65
5
1
178
40
38
3
21
3
2
144
18
75
9
7
26
5
1
50
82
18
131
4
28
81
170
4
1
1
274
1
3
1
1
4
1
72
28
138
4
30
12
1
122
159
4
157
11
70
37
5
3
1
1
23
152
2
57
11
4
23
3
8
1
1
90
170
17
7
1
20
160
87
14
4
136
130
14
3
1
1
171
112
1
1
22
134
61
29
14
1
1
19
1
2
1
216
60
4
3
1
1
63
10
104
52
35
11
1
4
3
2
47
30
63
102
25
18
27
102
75
5
41
21
1
11
2
273
9
3
284
1
230
51
1
2
1
200
24
43
3
4
10
1
219
5
11
18
27
2
2
1
251
29
3
1
1
159
95
13
8
9
1
135
142
4
3
1
132
29
99
13
12
122
56
24
9
71
2
1
142
143
37
7
76
65
94
6
215
7
10
9
31
4
3
1
4
1
221
38
7
3
12
4
181
9
46
32
10
7
244
38
1
2
215
32
37
1
8
45
29
179
21
1
2
131
21
104
6
14
5
3
1
155
69
17
36
3
5
145
43
45
45
4
1
1
1
41
43
69
90
12
16
6
4
1
3
86
184
13
1
1
40
181
14
46
1
1
2
272
4
4
1
1
3
198
42
24
10
6
3
2
24
82
46
91
35
2
4
1
258
13
8
6
268
9
8
21
233
2
19
8
2
261
23
1
125
57
44
2
5
37
5
5
4
1
132
38
82
25
6
1
1
144
131
6
1
2
1
122
155
1
3
4
95
84
67
6
5
26
1
1
217
38
10
8
12
233
13
1
12
10
12
3
1
143
133
8
1
91
111
26
15
6
29
5
2
1
71
118
90
2
2
1
285
130
53
5
51
37
8
1
105
173
3
1
1
1
1
217
28
39
1
179
65
36
4
1
246
21
14
4
242
37
3
2
1
254
26
5
285
164
25
29
5
39
15
3
5
118
115
45
2
5
97
156
20
4
8
51
130
25
20
53
3
1
1
1
148
75
7
15
14
5
18
1
2
117
23
129
1
7
7
1
130
23
46
1
50
21
9
4
1
137
38
26
72
5
2
1
1
2
1
97
150
26
8
2
1
1
51
180
53
1
36
5
221
13
6
2
2
132
130
8
6
5
3
1
117
10
66
6
86
277
4
1
2
1
110
48
24
40
47
15
1
158
72
36
4
9
4
2
83
48
146
6
1
1
55
159
61
7
1
2
154
86
20
22
2
1
32
172
54
26
1
219
64
1
1
163
95
6
15
4
1
1
252
9
23
1
91
3
69
84
24
8
1
1
3
1
264
10
11
164
26
26
13
42
6
4
2
2
2
264
12
3
2
1
1
284
1
187
96
1
1
54
142
79
4
1
3
1
1
85
22
157
21
125
2
33
43
23
21
7
7
7
10
4
2
1
45
184
5
19
21
8
3
150
22
104
8
1
276
9
283
2
63
175
47
33
156
44
29
23
68
129
21
22
15
15
7
4
1
3
222
17
4
32
9
1
209
39
17
15
5
108
124
36
14
2
1
269
1
2
13
102
19
139
5
17
2
1
219
30
5
2
17
9
3
13
154
112
1
3
1
1
178
40
5
47
15
69
111
12
8
69
11
3
1
1
84
15
182
1
1
2
3
215
25
27
12
1
1
1
245
14
16
6
2
1
1
41
182
58
2
1
1
231
12
12
2
3
9
8
8
76
168
40
1
281
2
2
100
26
48
88
12
7
2
2
9
119
25
31
91
9
1
42
75
55
101
3
7
1
1
26
117
16
68
58
266
8
3
4
4
186
82
12
1
1
1
1
1
60
165
40
17
1
1
1
271
11
2
1
136
117
18
9
2
3
58
73
62
87
3
2
14
135
70
65
1
52
175
53
3
2
47
155
16
7
41
7
6
2
2
2
175
67
40
2
1
7
231
43
1
2
1
260
2
19
1
1
2
89
27
60
9
43
22
19
15
1
102
16
103
46
5
8
3
1
1
55
29
33
11
145
6
6
60
8
101
22
91
3
112
98
23
38
11
1
1
1
152
18
9
66
40
187
35
15
43
3
2
14
199
17
38
12
1
1
3
244
20
16
5
62
115
87
12
4
1
4
172
2
74
37
223
11
51
218
29
34
3
1
15
2
120
18
42
83
2
3
82
169
13
18
3
74
74
124
2
3
3
1
2
1
1
203
25
7
15
13
1
3
8
4
4
2
276
9
158
6
108
13
168
85
24
4
3
1
215
17
24
20
3
6
199
62
8
13
2
1
59
73
103
50
239
27
14
3
2
79
13
169
1
14
8
1
106
108
32
5
24
5
3
2
185
70
10
4
13
1
2
242
28
2
3
3
6
1
137
87
27
4
7
15
6
1
1
247
2
5
6
19
4
1
1
171
31
26
44
4
5
2
2
283
1
1
185
24
4
54
12
5
1
140
113
3
17
8
4
10
207
26
30
11
1
165
115
3
1
1
254
15
2
2
7
1
4
125
151
3
1
5
70
97
44
57
17
239
32
11
2
1
42
233
6
3
1
83
59
79
31
23
1
7
2
170
33
6
64
5
3
2
1
1
30
29
62
3
106
14
37
3
1
215
14
35
4
10
2
4
1
98
77
83
15
7
5
36
75
54
14
93
9
4
161
105
3
6
3
5
2
33
163
64
16
4
1
2
2
172
20
80
1
5
7
198
19
24
12
31
1
205
7
47
5
15
4
2
41
89
75
42
34
1
2
1
180
58
27
10
1
4
2
2
1
169
111
4
1
165
58
62
11
256
14
4
134
8
91
36
13
2
1
192
41
32
4
8
4
4
21
63
29
28
31
38
49
23
1
2
164
84
36
1
266
5
6
8
170
32
16
52
12
1
2
44
208
15
7
9
1
1
207
67
4
4
1
2
213
26
3
6
32
1
3
1
2
183
7
69
14
5
3
1
1
26
25
111
12
78
22
2
2
3
1
1
1
1
50
35
73
50
14
39
11
8
5
157
100
6
2
17
1
2
69
5
70
67
17
31
16
6
3
1
123
33
41
32
14
8
5
20
4
3
2
268
3
10
2
1
1
150
133
2
112
167
5
1
91
144
6
38
2
2
1
1
240
37
7
1
184
15
15
68
3
99
65
44
32
16
2
2
14
9
1
1
158
71
45
10
1
183
24
66
11
1
70
140
64
10
1
114
110
28
25
3
3
2
237
9
21
17
1
164
40
54
27
10
242
31
2
152
120
13
150
82
15
9
26
2
1
126
45
46
45
17
6
183
10
67
9
8
5
2
1
102
98
55
5
1
15
6
3
175
88
10
6
5
1
284
1
10
147
48
62
4
14
244
37
1
1
2
148
33
95
5
1
3
191
66
22
3
3
95
154
28
1
6
1
176
72
7
14
12
4
50
221
12
2
64
82
61
18
37
6
8
7
1
1
94
185
1
3
1
1
224
32
7
10
4
6
2
268
1
11
4
1
242
32
9
2
206
27
15
8
17
4
7
1
180
32
56
14
2
1
181
22
32
4
32
10
1
1
2
143
115
8
18
1
41
13
201
6
8
13
3
79
156
24
13
1
6
4
2
52
180
28
13
12
188
90
4
1
2
101
46
1
23
47
28
26
13
251
3
31
234
19
26
1
2
3
13
164
39
22
46
1
254
25
4
1
1
171
16
51
44
2
1
198
37
21
21
1
2
4
1
5
222
17
33
6
1
1
232
44
7
1
1
267
6
8
2
2
151
112
9
9
1
2
1
179
31
13
13
36
7
3
3
15
231
23
5
7
4
70
88
97
10
14
5
1
229
46
10
21
257
7
216
47
11
8
2
1
220
30
25
9
1
183
5
52
6
25
8
5
1
28
130
15
84
6
15
5
2
114
28
94
37
1
4
3
2
2
269
15
1
160
116
9
141
114
1
10
19
202
64
5
11
1
2
48
42
98
97
42
46
177
1
11
1
5
1
1
Number of elements: 2555
