Bin size: 273
Num of Bins: 426
209
36
10
16
1
1
215
25
29
3
1
28
205
12
21
7
22
139
40
72
251
1
7
10
1
3
236
23
8
2
4
106
134
17
15
1
188
19
1
58
7
61
190
21
1
76
148
48
1
185
50
23
15
244
16
9
3
1
20
2
120
52
54
18
3
1
1
1
1
190
46
30
3
2
2
78
164
29
1
1
23
150
65
35
236
21
9
1
5
1
101
64
99
4
4
1
254
11
1
4
1
1
1
64
1
14
32
31
102
11
8
9
1
134
6
14
30
53
28
2
6
98
72
78
19
4
1
1
114
2
124
8
4
14
3
1
2
1
107
140
13
12
1
40
153
74
5
1
9
4
250
9
1
236
14
3
7
11
1
1
263
7
3
121
14
69
12
34
16
1
6
53
185
11
2
12
1
9
32
169
34
33
1
4
134
23
57
8
9
33
3
4
2
114
142
16
1
184
72
12
1
1
2
1
187
77
8
1
260
9
1
1
2
42
64
12
93
28
24
3
6
1
141
39
22
37
6
8
18
2
213
41
1
17
1
153
91
15
2
12
71
84
4
96
18
272
1
24
34
84
80
3
17
26
2
1
2
270
3
193
63
6
9
2
74
66
77
6
6
40
4
17
136
21
21
39
20
1
10
3
4
1
224
38
6
3
1
1
29
195
39
3
4
3
108
127
2
24
9
2
1
55
24
61
110
7
16
12
169
89
1
2
235
36
1
1
191
14
26
1
35
1
1
3
1
148
78
5
40
1
1
218
31
23
1
153
104
1
5
3
6
1
58
46
77
70
2
10
10
144
11
2
56
34
3
5
17
1
59
201
10
2
1
46
29
6
15
92
34
2
14
5
8
5
2
3
12
204
23
44
2
22
28
198
5
9
2
9
30
78
144
12
2
7
234
19
10
1
1
3
5
118
107
10
21
3
1
9
4
218
28
8
17
2
6
117
55
15
54
7
17
1
1
90
169
5
2
7
119
145
2
1
2
4
39
124
20
40
47
1
2
160
95
7
8
1
2
139
126
8
48
97
29
67
20
6
2
4
158
101
9
4
1
14
125
51
3
48
25
1
2
1
2
1
10
145
74
23
4
2
6
1
3
4
1
160
25
40
43
5
120
66
33
51
3
252
5
3
1
7
5
96
51
38
53
29
2
4
252
12
6
3
78
96
74
21
2
1
1
23
13
115
41
35
19
7
6
1
2
2
6
3
159
41
37
24
5
5
1
1
186
1
26
6
14
15
11
7
6
1
237
17
12
3
3
1
30
202
31
2
4
1
2
1
62
97
36
10
29
9
15
7
4
1
1
2
201
51
4
7
2
4
4
214
16
1
17
11
10
3
1
229
9
12
12
7
2
1
1
230
4
20
7
8
1
2
1
101
76
14
43
13
3
11
9
2
1
12
145
40
69
1
2
1
2
1
229
42
2
241
21
5
2
3
1
185
50
19
12
1
5
1
168
52
52
1
251
14
5
1
2
75
187
6
5
25
201
14
7
3
8
1
3
4
3
1
1
2
126
139
4
1
2
1
191
18
57
3
1
3
211
16
46
56
126
50
36
1
2
2
80
168
12
2
5
1
1
1
2
1
164
29
55
9
6
9
1
212
61
115
41
54
28
18
14
3
67
137
10
26
4
9
1
11
2
4
1
1
74
6
155
6
21
10
1
235
4
11
11
7
1
4
121
1
35
20
40
28
3
6
11
1
5
2
206
13
6
36
6
2
1
1
1
1
90
19
133
31
101
124
17
15
6
2
4
2
1
1
31
40
79
108
11
4
239
2
2
5
19
3
2
1
222
22
12
13
1
1
2
273
168
67
33
3
1
1
250
21
2
127
94
32
2
3
13
1
1
167
53
45
1
3
4
216
32
24
1
176
56
38
2
1
109
104
52
5
3
3
212
35
6
16
1
148
79
7
13
14
1
7
1
3
255
9
6
3
80
160
19
3
10
1
187
75
7
4
94
6
19
30
107
17
226
10
30
1
2
4
139
89
11
17
2
6
4
2
3
125
35
89
11
7
5
1
271
2
266
5
1
1
55
73
129
7
1
5
2
1
50
135
20
54
6
1
4
2
1
131
123
11
8
267
6
107
112
52
2
30
210
21
1
8
1
1
1
37
85
87
17
45
1
1
39
157
1
36
16
5
15
1
3
12
175
22
10
3
13
24
14
75
52
7
2
83
6
39
3
5
1
261
12
109
120
14
4
22
3
1
273
24
167
30
47
5
89
105
67
2
8
1
1
260
1
1
6
2
3
195
20
57
1
182
72
17
2
184
65
17
2
2
2
1
72
59
118
20
1
3
99
33
42
12
74
12
1
162
22
41
13
2
32
1
120
143
9
1
268
5
76
40
96
31
20
2
6
2
23
7
27
11
65
10
102
14
11
2
1
84
4
153
21
2
4
5
62
55
75
55
5
17
4
92
115
40
6
2
14
3
1
212
14
3
1
38
1
2
1
1
222
44
7
91
22
66
82
5
3
3
1
50
39
166
12
2
1
1
2
222
22
3
13
1
5
3
1
1
2
164
77
29
2
1
136
13
73
31
13
4
3
169
86
6
7
4
1
158
62
46
2
4
1
254
9
9
1
214
38
10
8
3
15
102
30
28
95
3
116
128
17
12
16
16
105
36
64
18
13
3
1
1
261
4
4
1
3
271
1
1
65
71
29
81
11
15
1
261
6
3
2
1
161
2
52
15
32
4
4
3
47
45
59
116
1
3
2
11
30
100
55
37
22
16
1
1
1
125
83
39
24
1
187
42
20
22
2
189
56
25
1
1
1
252
14
4
2
1
259
8
1
4
1
243
29
1
228
7
31
6
1
45
55
2
169
1
1
12
75
134
31
6
15
85
147
41
6
156
67
41
3
228
22
5
9
7
2
262
8
1
1
1
17
73
164
3
12
3
1
67
97
40
35
25
2
5
1
1
187
49
25
11
1
168
48
22
1
23
8
3
27
4
30
195
14
2
1
188
42
26
12
3
2
104
44
81
3
12
23
1
5
31
21
154
57
5
4
1
3
228
27
13
1
1
11
167
58
23
2
1
4
5
1
1
226
26
5
13
1
1
1
242
24
4
3
220
39
12
1
1
48
24
32
91
55
9
11
3
262
10
1
210
16
4
18
13
6
2
1
2
1
114
20
3
72
23
18
23
124
6
105
10
18
8
1
1
14
210
48
1
123
128
1
6
6
3
1
3
1
1
26
160
77
1
6
3
74
60
77
57
3
2
197
24
4
27
9
9
3
235
15
20
2
1
253
1
12
3
1
3
149
67
6
14
18
6
8
3
1
1
12
21
219
9
6
3
1
2
41
14
86
25
93
1
9
4
164
106
1
2
40
233
82
71
55
42
7
16
140
62
7
63
1
177
4
15
75
1
1
148
92
14
3
7
9
213
20
32
5
1
2
188
63
20
2
244
21
7
1
259
11
1
2
22
234
13
4
1
224
21
1
26
23
14
141
21
62
2
8
1
1
86
123
53
11
15
191
33
26
3
1
3
1
62
24
99
8
5
52
7
1
2
13
173
85
12
2
1
243
23
5
2
222
36
6
1
3
3
1
1
26
17
131
88
11
33
104
62
53
9
2
5
3
2
43
190
35
4
1
170
39
26
2
15
14
5
2
198
33
37
3
2
150
48
21
54
198
4
57
9
3
2
245
1
27
4
91
27
125
17
1
8
198
19
54
1
1
227
46
203
67
3
234
7
1
11
13
5
1
1
235
33
4
1
29
152
28
6
9
5
16
17
4
3
2
1
1
21
170
64
18
239
7
21
4
1
1
166
70
35
2
97
115
17
14
8
11
6
5
61
99
110
1
1
1
175
54
19
16
4
5
76
130
17
24
23
2
1
248
25
188
60
11
5
4
1
3
1
83
18
11
80
75
1
3
2
136
99
37
1
183
60
13
8
6
1
1
1
129
132
10
1
1
101
77
18
63
13
1
76
16
7
117
5
26
9
14
2
1
127
121
10
2
5
8
192
37
1
42
1
114
2
147
3
7
41
219
7
2
4
141
121
11
53
139
45
19
9
8
87
20
87
74
5
26
49
148
18
31
1
198
15
4
30
7
12
2
2
3
145
72
52
4
253
19
1
183
35
49
4
1
1
95
152
13
6
5
2
219
1
40
3
6
1
2
1
271
1
1
166
4
37
59
2
3
1
1
182
88
3
143
102
16
5
6
1
114
57
5
5
4
55
26
1
2
2
2
117
68
41
40
4
2
1
225
22
20
1
1
4
22
164
3
81
1
2
89
57
115
6
5
1
153
69
41
6
2
1
1
263
8
2
211
57
4
1
219
28
22
4
114
73
13
2
50
8
3
5
1
3
1
242
14
13
1
1
1
1
175
9
59
18
12
11
214
29
11
7
1
79
27
138
11
8
4
3
3
114
32
62
60
1
1
1
2
101
48
74
13
1
1
28
4
1
2
83
112
71
1
3
3
215
26
6
23
2
1
228
20
4
16
1
3
1
20
74
53
90
25
3
8
74
18
97
4
41
36
2
1
121
130
20
1
1
225
36
4
6
2
155
57
22
19
12
5
2
1
4
251
10
1
3
3
1
228
34
3
2
6
212
1
16
8
8
7
6
3
7
2
2
1
184
27
29
5
4
14
8
1
1
70
22
100
8
55
12
6
68
185
20
154
56
47
3
1
1
4
4
3
45
74
50
63
19
13
4
3
2
145
47
59
9
5
3
2
1
1
1
173
99
1
226
41
1
2
1
1
1
48
48
134
30
5
8
246
6
14
6
1
262
2
1
6
2
38
131
51
1
11
38
3
250
1
20
2
9
8
201
40
2
1
6
6
142
98
18
7
3
1
2
2
193
52
15
13
247
10
14
1
1
230
6
15
4
5
5
4
1
2
1
118
1
43
83
20
6
1
1
177
60
35
1
11
240
12
1
6
1
1
1
226
6
16
22
3
144
65
63
1
94
68
23
76
6
5
1
218
31
16
4
3
1
188
35
8
40
2
96
59
26
90
2
60
197
2
7
3
4
129
71
43
19
10
1
95
101
52
15
6
1
3
252
10
10
1
116
36
52
60
4
3
1
1
69
122
48
23
11
229
30
7
5
1
1
178
75
10
3
2
2
3
170
20
49
23
3
1
7
53
74
85
4
42
3
9
1
1
1
170
83
3
4
1
9
1
1
1
101
96
47
18
9
2
66
194
1
10
2
106
65
71
11
8
6
4
2
2
60
113
92
2
2
1
1
94
114
7
56
1
1
199
4
26
22
20
2
95
168
5
3
1
1
101
51
100
8
11
1
1
193
42
30
5
1
2
83
32
111
23
8
13
1
2
100
165
5
3
89
79
77
14
3
7
1
1
1
1
18
9
182
34
8
4
6
10
2
56
142
52
2
18
2
1
82
24
96
28
15
9
3
4
6
2
1
1
1
1
21
22
51
1
23
71
42
40
2
116
152
4
1
72
47
8
30
70
5
17
4
17
1
2
12
146
94
13
5
1
1
1
140
59
3
38
29
1
1
2
188
56
3
16
2
4
4
110
72
45
33
5
4
1
2
1
253
16
4
143
90
7
25
4
1
1
2
109
62
78
15
2
6
1
82
110
75
4
2
6
194
15
4
24
18
1
7
1
2
1
86
129
54
1
3
11
32
137
45
30
12
4
2
67
61
110
25
1
3
5
1
120
44
98
9
1
1
194
18
19
2
9
21
4
4
2
182
12
3
56
19
1
90
168
15
25
84
83
14
63
2
1
1
123
57
60
12
14
1
4
1
1
70
56
42
81
10
6
1
3
2
1
1
176
32
50
1
11
3
249
15
7
2
35
121
23
73
17
2
2
231
11
3
11
3
8
5
1
250
3
12
3
3
1
1
118
12
125
6
12
41
185
25
9
1
6
6
143
53
40
2
1
25
5
3
1
51
73
90
16
19
8
6
7
2
1
149
99
16
1
6
1
1
111
112
1
18
10
6
9
3
3
95
74
74
9
19
2
75
45
24
12
109
8
128
104
32
9
237
17
12
2
1
2
2
269
2
2
44
50
171
5
1
1
1
232
6
25
9
1
49
5
156
8
20
20
11
1
2
1
233
6
23
6
5
208
58
4
1
2
53
146
3
4
52
7
7
1
34
181
23
7
27
1
252
7
4
4
3
2
1
103
143
15
1
11
101
64
105
3
239
2
6
9
6
1
1
6
2
1
Number of elements: 2735
