Bin size: 146
Num of Bins: 347
57
23
47
13
3
3
61
76
9
24
29
21
45
17
5
4
1
89
37
4
12
1
2
1
68
70
1
4
2
1
77
57
1
4
5
1
1
133
2
6
3
1
1
121
11
2
12
89
50
4
2
1
56
75
15
126
16
4
69
36
35
3
3
73
42
20
3
6
2
44
24
47
14
1
2
9
1
1
3
87
22
7
1
6
21
1
1
92
49
1
1
3
15
25
80
6
19
1
135
8
1
1
1
71
3
30
36
5
1
76
56
14
100
33
9
4
146
133
3
9
1
85
28
31
2
122
10
11
1
2
88
29
19
3
7
15
50
64
5
10
2
91
35
3
13
1
1
1
1
120
25
1
26
27
72
11
10
117
11
16
1
1
124
11
11
8
114
15
2
1
2
3
1
26
99
17
3
1
31
12
101
2
85
46
1
11
1
1
1
62
32
35
15
1
1
58
55
28
4
1
4
129
5
5
2
1
92
34
20
141
2
2
1
69
55
17
2
3
39
69
4
27
6
1
98
45
1
2
80
38
3
7
17
1
20
89
27
5
4
1
110
35
1
9
51
53
8
4
6
12
2
1
32
87
11
16
104
37
5
101
39
6
110
27
8
1
44
34
47
17
4
143
2
1
58
4
6
31
7
25
7
3
2
3
36
58
51
1
32
77
20
12
4
1
57
6
36
45
2
122
14
8
2
79
59
6
2
60
69
12
4
1
53
45
30
1
5
1
1
8
1
1
65
77
3
1
90
52
4
21
122
2
1
52
79
3
3
6
2
1
44
25
13
56
4
4
94
31
19
1
1
17
117
12
7
88
48
3
84
46
10
2
3
1
5
70
57
9
3
2
142
4
38
9
77
19
3
17
12
81
33
1
1
1
119
4
10
8
4
1
105
4
12
5
6
8
6
87
2
52
3
1
1
31
8
46
20
7
21
3
10
22
121
3
47
90
1
6
1
1
119
14
11
1
1
49
59
18
13
3
2
2
68
34
34
5
5
109
1
4
7
7
11
3
4
19
19
28
57
13
3
3
1
2
1
13
38
49
21
15
5
4
1
146
122
2
9
10
3
9
123
1
13
71
31
31
10
1
2
100
17
15
8
6
62
24
3
20
24
2
4
1
2
1
3
114
23
9
31
67
35
7
4
2
5
137
2
1
1
50
82
9
4
1
57
89
122
18
3
1
1
1
57
57
11
20
1
7
29
89
19
2
72
6
21
25
9
8
1
1
1
2
63
45
10
9
8
10
1
75
66
1
4
107
15
21
1
2
128
2
16
86
55
5
81
57
5
3
62
60
15
4
4
1
54
66
26
1
79
41
4
12
7
2
1
34
105
2
4
123
9
13
1
117
27
2
129
4
5
4
4
51
61
5
24
4
1
67
11
47
18
2
1
68
35
33
5
3
1
1
96
7
26
12
1
2
1
1
91
17
34
3
1
68
40
23
7
6
1
1
141
4
1
47
60
20
11
8
74
1
8
22
39
1
1
21
41
65
12
7
120
1
10
6
7
2
66
48
31
1
69
66
10
1
54
38
29
7
1
8
4
5
34
46
33
26
5
2
12
12
72
1
23
2
18
2
3
1
110
16
13
3
4
85
10
6
27
13
4
1
144
1
1
138
4
3
1
123
7
13
3
110
21
10
4
1
136
6
2
1
1
41
73
25
5
1
1
26
75
23
1
18
3
130
9
6
1
57
31
15
8
33
1
1
107
36
2
1
140
1
5
77
50
14
1
2
1
1
55
68
17
3
2
1
91
48
5
2
12
1
130
1
1
1
26
7
109
2
2
76
37
2
3
8
9
8
1
1
1
143
1
2
59
73
1
3
3
2
5
73
5
13
8
22
5
7
6
2
1
1
2
1
43
16
58
15
11
2
1
72
74
48
44
49
4
1
112
31
3
112
19
11
2
2
77
43
21
4
1
53
93
52
34
51
3
5
1
97
40
7
2
14
63
28
2
13
1
25
63
8
57
1
4
7
2
1
3
89
42
8
5
1
1
55
17
28
27
7
11
1
53
50
25
4
11
2
1
64
6
50
17
6
2
1
91
23
6
15
2
2
2
2
3
105
4
30
2
2
1
2
1
94
23
27
1
51
64
24
5
2
98
17
19
6
3
2
1
115
7
5
15
2
1
1
121
8
10
5
2
49
7
48
18
14
8
1
1
140
5
1
26
102
13
2
1
1
1
1
92
2
24
7
8
1
6
4
1
84
10
19
6
2
1
23
1
81
6
16
37
2
3
1
46
6
51
31
7
1
2
2
110
24
12
120
7
10
1
6
1
1
105
25
9
7
113
1
19
2
10
1
21
12
21
35
33
8
1
14
1
27
5
99
13
2
68
35
34
9
2
103
12
24
5
112
19
8
2
3
2
134
6
4
1
1
117
22
5
2
35
91
11
8
1
46
86
13
1
28
73
29
3
12
1
24
58
31
13
6
9
1
1
3
115
3
11
15
1
1
123
18
5
1
13
30
78
8
10
6
72
63
9
1
1
26
42
64
4
4
2
1
3
112
34
71
33
36
4
2
37
78
8
22
1
123
18
4
1
111
17
16
2
57
25
32
26
2
4
128
6
12
114
16
15
1
67
41
33
4
1
65
13
53
9
5
1
91
6
37
3
6
2
1
42
78
15
10
1
26
7
47
21
19
3
2
10
3
1
2
3
1
1
133
11
1
1
138
1
7
56
61
7
11
4
3
1
3
106
17
22
1
57
67
3
12
4
3
55
29
23
7
8
11
8
1
2
1
1
118
14
7
6
1
102
41
3
73
25
25
14
5
1
2
1
1
126
2
1
4
5
3
4
84
8
35
14
3
2
83
57
1
5
121
2
1
15
3
3
1
109
23
4
3
2
5
75
60
8
1
2
129
12
3
2
40
95
2
7
2
118
15
1
1
11
95
30
20
1
53
50
24
3
2
10
2
2
55
53
21
12
3
2
33
108
4
1
145
1
26
74
46
69
30
19
1
3
5
17
1
1
144
1
1
116
13
15
1
1
11
11
31
82
10
1
9
67
66
4
37
15
13
57
9
12
2
1
79
20
43
2
2
24
7
71
36
5
2
1
145
1
95
2
28
16
4
1
7
74
60
4
1
39
2
42
30
32
1
106
19
13
3
1
2
1
1
50
76
10
7
3
109
14
11
7
2
3
106
1
9
30
85
39
8
11
3
14
85
10
34
3
31
24
39
49
3
7
124
8
6
1
97
47
2
85
42
1
5
6
5
2
122
10
9
5
56
86
2
2
63
63
17
2
1
13
96
34
3
61
65
18
1
1
42
45
54
1
2
2
15
24
10
83
6
8
54
24
52
3
2
8
1
2
107
12
24
2
1
19
94
10
23
76
68
1
1
108
18
11
6
2
1
141
1
4
1
27
94
5
9
9
1
93
22
31
76
40
11
11
3
2
2
1
114
26
2
4
18
48
9
8
22
25
8
7
1
20
112
4
10
22
65
10
19
16
13
1
84
55
2
4
1
12
51
14
22
27
6
4
3
4
3
54
4
30
30
17
7
2
1
1
45
40
51
4
4
2
15
89
2
1
21
14
2
2
50
20
42
20
12
2
74
52
4
5
10
1
143
2
1
27
35
60
1
8
11
3
1
60
23
46
3
5
1
5
2
1
54
10
7
11
43
13
3
4
1
114
1
14
15
2
116
29
1
37
56
24
7
14
8
91
23
31
1
97
39
2
1
4
2
1
61
7
33
35
9
1
102
1
31
11
1
83
34
9
11
9
24
26
34
10
3
2
20
22
4
1
10
70
26
36
4
119
11
15
1
100
7
36
1
2
5
31
47
5
11
24
8
14
1
77
52
5
1
9
1
1
43
61
10
21
3
1
4
1
2
46
99
1
139
5
2
50
27
4
54
3
5
2
1
41
16
18
35
10
13
7
4
1
1
109
33
4
6
74
3
41
15
5
2
10
117
6
13
141
3
1
1
30
112
2
1
1
111
28
1
2
1
2
1
66
20
39
10
5
6
98
4
5
37
1
1
129
16
1
15
55
73
1
2
73
12
35
3
3
10
7
1
2
21
22
25
38
5
17
6
10
2
15
3
109
7
1
3
4
2
2
106
35
5
22
121
2
1
119
15
3
5
1
2
1
140
2
3
1
74
24
32
6
5
4
1
119
26
1
22
22
33
68
1
108
30
3
4
1
108
11
6
4
1
9
5
2
59
44
12
18
8
5
31
15
60
40
145
1
24
11
40
12
41
7
4
1
5
1
140
5
1
95
34
13
2
1
1
33
58
9
8
27
5
4
2
78
48
1
9
3
7
35
94
16
1
36
11
38
55
2
3
1
62
64
16
4
62
23
18
39
2
2
112
30
4
110
21
1
14
Number of elements: 1924
