Bin size: 189
Num of Bins: 324
18
135
9
17
2
3
4
1
38
94
12
23
21
1
6
165
16
2
37
16
44
31
52
9
4
156
9
13
3
4
113
58
4
12
1
1
60
103
9
5
1
11
129
52
6
2
75
111
1
1
1
30
60
14
69
16
120
69
20
5
146
13
4
1
110
50
4
12
3
2
6
2
133
43
12
1
16
51
55
14
34
7
6
2
4
180
3
5
1
129
57
3
89
58
25
7
4
3
2
1
147
4
27
9
2
126
8
35
5
7
6
2
121
41
26
1
52
85
7
21
24
65
67
45
6
3
1
1
1
139
50
42
138
3
3
2
1
56
51
54
17
1
7
3
62
3
17
45
44
12
5
1
159
22
1
3
2
1
1
41
52
36
45
14
1
126
32
18
8
5
76
71
42
122
16
12
6
7
23
1
2
169
6
4
3
5
2
134
2
3
14
13
22
1
71
95
4
17
1
1
143
25
6
2
13
152
22
3
12
40
77
21
46
4
1
78
38
9
46
3
13
1
1
124
12
10
32
9
1
1
37
34
25
75
12
5
1
148
17
8
4
12
155
25
7
1
1
80
96
11
1
1
10
133
38
1
3
2
2
39
142
6
2
101
83
4
1
76
112
1
147
11
29
2
128
15
16
1
2
17
6
2
1
1
49
48
51
16
8
9
7
1
54
18
108
4
2
2
1
11
159
15
4
137
23
16
5
5
1
1
1
144
25
3
1
6
10
82
14
75
11
4
2
1
161
9
6
3
6
4
53
50
59
12
11
4
82
94
13
66
26
53
23
10
1
9
1
29
136
6
5
3
5
2
2
1
19
37
23
39
67
3
1
161
5
6
4
13
113
25
6
41
1
3
176
10
2
1
30
14
120
1
9
13
2
23
113
1
44
8
101
35
23
22
4
2
1
1
55
29
11
33
42
2
4
6
4
1
1
1
144
20
19
6
84
60
38
3
1
1
2
105
22
49
5
7
1
26
151
9
3
160
17
12
43
88
35
12
3
2
5
1
12
123
40
10
1
1
2
50
64
19
20
20
13
1
2
167
4
12
6
128
37
14
3
7
53
15
45
55
16
5
13
31
97
22
22
3
1
162
24
3
59
37
70
12
10
1
153
14
4
11
1
6
87
17
31
33
1
5
2
7
3
1
2
79
54
37
11
8
156
28
3
2
1
111
24
14
32
1
6
109
5
69
2
3
1
54
114
20
1
18
69
102
180
9
13
157
5
2
12
19
85
54
15
6
2
5
3
115
45
23
6
45
130
3
11
173
14
2
31
151
4
3
151
25
3
7
3
189
28
5
1
76
49
3
2
11
1
7
2
2
2
161
8
13
7
84
8
27
57
5
5
3
89
45
26
12
2
2
4
7
2
53
121
5
6
3
1
19
54
111
5
175
7
1
2
3
1
47
31
102
5
3
1
165
19
2
2
1
43
30
95
17
2
1
1
144
20
14
11
107
40
20
2
17
3
74
53
40
13
1
2
2
4
74
90
19
5
1
53
11
104
13
6
2
134
41
5
5
2
2
96
68
7
11
6
1
91
57
33
2
1
5
19
150
18
2
122
31
27
8
1
167
4
3
5
6
1
1
2
143
39
7
37
17
90
18
16
8
2
1
122
10
9
2
1
1
26
5
9
4
83
46
14
18
10
2
9
5
2
132
49
1
4
3
30
3
114
25
3
8
1
1
4
13
141
5
9
5
11
1
4
75
64
6
20
1
6
16
1
42
55
87
3
1
1
107
73
9
31
114
40
1
2
1
156
2
26
4
1
126
30
29
1
2
1
135
14
8
21
4
7
37
115
27
3
5
2
62
121
1
3
2
69
105
12
2
1
44
34
40
67
4
141
30
6
3
1
3
2
3
156
6
24
1
1
1
115
19
27
6
2
5
4
1
1
5
2
2
150
33
2
1
1
2
168
2
1
5
11
1
1
31
23
16
10
53
45
5
2
3
1
187
1
1
110
64
7
1
5
1
1
58
12
41
65
12
1
162
14
8
4
1
178
8
1
1
1
17
141
12
19
13
46
107
22
1
40
142
4
2
1
36
33
99
19
2
35
85
3
26
36
1
2
1
175
1
4
9
71
59
18
20
14
6
1
44
83
25
7
12
2
16
171
10
5
3
153
34
1
1
126
6
21
21
3
10
2
5
40
39
55
47
1
2
76
88
21
2
2
101
28
46
11
1
2
115
45
15
2
4
8
144
20
18
2
2
1
1
1
173
14
2
49
68
26
1
14
19
12
78
29
67
13
2
153
14
5
11
1
5
33
129
8
7
9
3
42
141
2
1
3
128
25
26
3
4
2
1
172
8
4
3
1
1
177
4
7
1
29
69
38
43
1
9
151
18
9
2
4
2
2
1
5
96
71
9
4
1
2
1
67
90
29
2
1
105
10
18
42
9
3
1
1
188
1
74
44
52
6
11
2
100
7
58
5
14
5
47
26
28
69
7
8
1
3
103
42
20
7
15
1
1
44
6
4
42
54
16
16
1
4
2
158
6
4
7
10
3
1
184
3
1
1
118
71
98
82
1
5
1
1
1
180
7
1
1
134
15
26
6
7
1
9
86
38
16
22
5
12
1
14
100
66
4
5
5
156
10
6
1
10
1
149
22
8
9
1
145
35
6
3
13
45
67
48
8
7
1
115
72
1
1
138
38
13
175
1
8
4
1
185
3
1
137
23
4
7
16
2
105
19
16
29
18
2
99
64
1
16
7
1
1
17
171
1
19
112
19
35
2
1
1
166
18
2
1
2
118
17
16
31
5
1
1
12
22
127
26
2
146
31
9
1
2
105
42
15
21
5
1
106
21
59
3
35
9
32
79
20
12
1
1
55
48
32
45
9
152
24
10
3
28
122
16
21
1
1
50
120
16
2
1
2
157
9
11
9
1
12
29
50
86
4
8
12
25
36
108
5
1
1
1
86
42
54
2
2
1
1
1
143
22
17
3
3
1
162
26
1
119
20
33
11
4
2
83
56
22
6
13
1
8
26
60
59
29
9
4
1
1
148
17
18
1
4
1
28
48
36
44
8
18
1
6
145
24
19
1
65
12
86
15
8
3
28
140
10
3
7
1
133
50
4
1
1
92
63
2
7
15
6
4
133
24
18
12
1
1
58
87
12
29
1
1
1
101
45
24
15
2
1
1
102
72
15
14
109
8
35
4
1
13
4
1
124
63
1
1
55
15
38
55
5
7
3
11
70
63
29
18
2
2
5
171
14
4
103
48
35
2
1
23
103
44
12
6
1
152
5
20
8
1
1
1
1
138
1
49
1
59
115
15
182
2
2
1
1
1
28
138
17
3
3
42
104
22
21
45
78
61
1
2
1
1
136
51
2
96
24
1
17
49
1
1
103
50
36
67
25
51
13
11
16
5
1
142
27
2
17
1
46
38
105
131
6
44
7
1
183
5
1
145
44
3
46
128
7
1
3
1
136
42
1
7
1
2
58
52
25
22
13
13
5
1
85
65
20
12
3
3
1
175
11
1
1
1
87
15
61
12
12
1
1
52
102
11
12
6
6
147
17
4
17
4
25
33
14
53
45
11
7
1
13
25
38
61
32
6
7
6
1
159
7
18
5
60
60
48
20
1
16
46
43
20
24
39
1
118
35
10
11
10
3
2
187
1
1
110
22
22
29
3
1
2
101
88
159
1
2
19
2
5
1
16
120
46
6
1
79
76
11
5
3
9
5
1
177
7
4
1
81
56
22
8
6
1
10
4
1
66
34
26
42
3
13
3
1
1
165
13
1
5
5
143
43
1
1
1
179
4
3
1
1
1
98
48
8
9
8
13
2
2
1
2
16
8
2
141
17
2
1
3
76
34
35
20
11
1
1
8
41
69
21
26
22
5
5
78
5
42
56
8
106
7
32
31
11
1
1
109
27
6
13
19
15
163
5
18
2
1
64
35
55
2
10
4
19
8
146
13
18
2
2
71
67
42
8
1
71
92
7
18
1
161
23
3
2
158
14
6
8
3
116
13
34
12
13
1
43
24
54
21
43
1
2
1
164
23
2
101
74
10
1
1
2
55
61
26
35
7
5
178
8
2
1
174
2
12
1
66
49
71
3
9
159
3
9
3
4
2
169
14
4
2
164
24
1
80
51
29
24
1
1
2
1
75
21
35
8
29
5
16
49
98
4
3
11
8
7
7
1
1
14
20
7
75
68
2
2
1
161
22
4
1
1
66
1
34
24
56
2
6
65
112
4
5
1
1
1
35
119
1
3
16
2
13
42
143
3
1
104
60
1
20
2
2
115
13
55
2
4
76
19
32
32
9
14
7
Number of elements: 1900
