Bin size: 215
Num of Bins: 343
157
46
4
5
2
1
42
113
47
1
6
2
2
2
94
38
79
4
96
73
4
18
18
1
2
2
1
48
113
18
7
18
4
6
1
46
112
34
7
9
2
4
1
106
68
31
8
2
98
24
84
3
6
3
166
25
10
5
1
3
1
1
181
33
1
153
4
32
26
152
58
4
1
191
13
10
1
49
131
17
17
1
184
23
8
128
51
13
6
6
2
4
4
1
20
139
53
1
1
1
182
30
1
2
89
89
24
4
5
4
96
60
52
6
1
157
44
6
5
3
215
113
12
21
56
10
3
104
92
1
11
5
2
141
7
62
3
1
1
178
29
4
1
1
2
147
49
10
4
3
1
1
126
41
1
21
4
19
2
1
81
83
36
6
8
1
77
1
46
67
15
9
53
157
4
1
182
19
2
5
6
1
168
42
2
1
2
91
109
1
14
38
43
43
67
19
4
1
180
11
3
18
3
195
8
2
2
4
4
119
89
5
2
101
16
19
56
22
1
116
69
8
13
3
3
3
207
7
1
205
1
6
2
1
126
78
7
1
3
155
58
1
1
20
24
148
14
2
2
5
173
9
30
1
1
1
59
70
33
7
2
33
7
3
1
148
7
23
6
10
14
6
1
129
7
45
7
20
3
2
1
1
199
7
8
1
181
15
18
1
64
137
9
1
2
2
171
30
9
4
1
197
7
3
7
1
19
74
100
7
6
2
2
3
2
86
54
58
13
3
1
110
33
19
11
32
1
7
1
1
146
13
30
15
8
2
1
116
53
38
6
2
73
46
41
39
14
2
27
137
34
9
1
2
3
1
1
168
6
15
15
9
2
79
133
3
49
157
6
2
1
84
106
14
9
1
1
36
171
6
2
193
17
5
31
102
33
49
154
36
13
8
4
97
22
24
25
18
9
7
5
4
2
1
1
189
14
8
1
1
1
1
197
13
3
2
41
73
55
18
19
4
2
1
2
189
20
3
2
1
154
61
121
87
5
1
1
15
184
7
8
1
26
9
94
81
4
1
212
1
2
144
47
18
3
3
178
2
25
8
1
1
55
88
51
15
5
1
12
190
2
4
6
1
130
5
59
20
1
174
31
9
1
118
63
24
6
2
2
56
117
1
29
3
9
192
13
9
1
167
22
18
4
1
3
55
37
99
2
8
10
1
2
1
144
43
4
17
5
1
1
5
140
35
7
8
4
11
4
1
41
136
37
1
122
39
20
6
17
9
2
110
22
46
25
11
1
167
47
1
125
75
2
11
2
22
83
64
5
31
7
2
1
174
19
6
4
1
10
1
124
11
5
22
31
11
1
5
5
45
136
29
4
1
49
29
120
17
44
108
29
9
23
2
109
45
50
2
9
63
132
15
1
4
194
13
5
3
190
4
6
3
3
2
2
2
1
2
166
25
12
8
4
114
44
49
5
2
1
149
57
7
1
1
130
15
8
45
9
3
2
3
131
34
28
1
14
4
1
1
1
182
21
8
2
2
68
127
5
5
7
1
2
186
28
1
146
13
15
20
19
1
1
51
125
20
16
1
2
106
102
5
2
64
119
6
26
95
108
11
1
178
12
11
4
8
2
122
87
3
2
1
179
5
28
1
1
1
183
18
11
2
1
129
21
15
40
9
1
104
77
28
6
182
28
1
3
1
91
88
29
4
3
22
50
17
77
25
17
3
3
1
133
20
16
13
11
2
20
40
40
12
81
40
1
1
129
38
4
17
1
10
6
1
1
3
3
1
1
11
200
4
82
116
1
5
4
3
1
3
126
13
8
12
42
6
8
195
3
4
10
1
2
62
72
51
28
1
1
116
7
72
4
6
8
2
191
15
9
197
14
2
1
1
34
149
21
5
5
1
18
178
7
7
4
1
212
3
37
43
128
4
2
1
47
159
5
2
1
1
133
61
17
2
2
140
6
5
48
6
10
64
94
54
3
88
108
7
7
2
3
74
43
63
29
2
1
3
34
94
75
11
1
141
18
23
22
8
2
1
116
33
57
5
4
3
178
6
15
7
1
2
3
207
8
26
83
65
39
1
1
8
58
70
26
12
14
15
2
4
2
2
1
1
64
143
6
1
1
39
9
71
49
35
11
1
143
33
2
3
3
15
7
1
3
4
1
154
50
4
7
194
11
4
3
2
1
112
89
12
2
142
24
26
9
11
3
24
160
3
27
1
126
82
1
4
1
1
95
32
38
2
45
1
2
172
19
4
13
2
2
2
1
129
19
18
45
2
1
1
130
25
8
22
21
4
2
1
2
153
54
3
3
2
154
37
6
2
4
4
2
3
2
1
156
55
3
1
156
32
2
17
5
2
1
193
22
163
36
12
3
1
136
16
23
39
1
2
193
20
24
152
22
3
9
3
2
194
21
64
142
1
2
6
179
35
1
11
48
89
63
4
49
83
79
2
2
147
29
13
6
6
4
4
1
1
1
1
2
174
25
1
8
7
139
54
17
5
66
52
25
41
10
10
10
1
173
42
2
140
72
1
178
19
14
4
195
16
3
1
108
91
5
7
4
30
62
120
2
1
191
4
20
174
32
2
5
1
1
47
99
20
14
8
10
4
10
1
1
1
136
41
2
12
16
8
88
77
33
3
6
8
48
56
109
2
194
11
7
2
1
16
181
14
3
1
213
2
41
49
78
21
9
3
4
1
1
4
2
2
109
68
1
22
5
2
1
5
2
117
70
26
1
1
144
42
29
2
129
43
17
14
9
1
180
12
9
13
1
77
83
39
1
9
2
1
3
60
22
56
29
12
31
1
4
3
62
78
45
7
19
1
31
28
129
27
187
22
3
1
1
1
202
1
7
2
2
1
35
67
60
37
13
2
1
148
48
19
144
39
7
14
2
6
3
68
35
56
11
7
36
2
65
139
8
1
1
1
180
5
2
14
3
10
1
98
14
74
19
4
1
2
3
152
28
19
8
2
6
27
86
40
22
4
28
3
2
2
1
55
78
36
46
12
99
6
90
4
1
1
1
1
112
21
19
46
5
11
1
151
38
7
4
3
8
1
1
1
1
78
70
36
9
16
2
4
14
134
6
5
46
8
2
121
94
44
5
65
45
8
42
1
2
2
1
169
3
34
7
2
66
23
26
33
60
3
4
194
1
10
4
1
4
1
103
55
24
31
1
1
133
67
8
7
100
53
2
58
1
1
202
9
2
2
113
55
23
10
1
1
3
9
85
4
33
35
14
18
12
6
7
1
32
54
38
40
8
33
7
2
1
168
2
44
1
172
9
27
4
1
1
1
39
126
35
8
5
1
1
20
163
23
2
4
1
2
142
72
1
12
186
17
84
42
20
46
16
3
4
201
2
6
5
1
150
10
41
14
131
66
9
2
6
1
205
10
12
140
39
15
5
2
1
1
113
102
202
8
5
179
25
1
10
128
17
33
8
20
4
1
4
212
2
1
129
39
47
188
16
6
1
2
1
1
182
19
10
1
3
212
2
1
13
51
87
23
3
36
1
1
102
13
100
5
174
1
35
44
112
50
9
98
8
37
58
2
11
1
199
13
3
126
45
37
3
2
2
121
63
14
6
10
1
79
27
95
3
11
186
7
6
6
8
1
1
27
94
79
15
161
29
3
3
7
2
2
8
77
35
3
16
67
10
3
1
3
105
9
6
33
8
27
20
3
4
105
86
15
1
3
2
2
1
81
58
69
4
3
189
26
134
44
27
7
1
2
68
141
3
3
140
3
13
36
17
4
1
1
192
3
20
46
46
106
10
7
48
25
80
51
5
2
2
1
1
21
15
14
108
1
10
9
37
198
1
1
13
2
148
48
7
5
5
1
1
58
141
16
5
203
2
2
3
88
21
25
33
19
25
1
1
1
1
146
67
2
112
89
14
194
18
3
156
22
24
13
188
13
4
8
2
71
73
32
10
23
5
1
145
15
7
23
11
12
1
1
195
3
11
3
1
2
203
5
3
3
1
154
21
22
1
2
5
6
2
2
102
57
14
41
1
7
112
25
42
10
16
2
1
56
47
38
52
6
8
5
2
1
62
142
9
1
1
179
9
3
8
1
15
119
54
38
2
2
206
6
2
1
115
32
17
23
15
3
10
166
6
12
24
3
1
3
51
1
119
2
5
31
5
1
88
27
83
17
66
18
17
54
49
6
5
106
79
28
1
1
84
102
16
9
2
1
1
54
58
81
1
16
4
1
21
166
7
12
7
2
206
8
1
64
88
28
22
8
5
104
70
26
13
1
1
29
147
29
10
110
85
12
8
189
6
13
4
3
176
14
22
2
1
204
10
1
51
84
43
3
27
5
1
1
187
18
6
3
1
163
1
27
19
3
2
101
104
3
6
1
68
11
31
66
21
17
1
96
2
67
37
11
1
1
147
40
19
8
1
177
3
14
20
1
163
2
37
13
100
77
5
19
3
4
2
1
2
1
1
110
74
14
17
79
3
120
11
2
167
42
4
1
1
150
54
2
6
1
2
202
8
3
2
40
126
19
29
1
37
75
15
27
51
6
2
2
Number of elements: 1992
