Bin size: 199
Num of Bins: 387
3
178
14
1
2
1
165
21
11
2
109
6
68
15
1
26
152
2
13
1
5
49
58
21
62
1
8
168
20
5
4
1
1
133
45
21
54
84
16
42
2
1
55
134
2
3
2
3
151
38
10
149
43
1
6
74
58
61
1
3
2
101
30
61
4
1
2
99
20
61
15
1
3
104
77
5
8
1
4
16
89
17
26
23
22
4
1
1
37
145
5
11
1
8
25
21
108
30
5
1
1
44
52
32
8
10
19
21
8
3
1
1
78
62
2
20
14
14
9
123
12
45
7
8
4
112
82
2
2
1
141
30
15
4
3
4
1
1
43
68
33
47
8
177
3
16
3
141
26
20
10
1
1
185
12
2
104
58
13
15
2
3
4
191
7
1
195
3
1
164
5
19
2
5
1
2
1
79
3
51
33
15
17
1
144
25
3
19
6
2
174
19
1
2
1
2
117
8
48
2
22
2
160
38
1
4
166
12
6
2
1
7
1
88
43
22
1
4
7
15
6
2
4
6
1
137
14
46
2
84
31
27
15
20
17
2
2
1
98
27
11
39
14
3
4
3
80
12
58
22
15
2
9
1
145
19
10
22
3
33
70
16
76
4
134
24
15
10
8
2
5
1
37
6
56
93
2
3
2
131
44
4
11
3
2
1
3
162
9
17
2
5
1
3
84
42
33
23
3
10
2
1
1
9
4
113
61
12
76
31
71
14
1
1
3
1
1
8
55
122
9
3
2
153
24
2
18
1
1
70
54
51
19
1
4
125
28
7
29
3
4
3
87
62
15
17
18
83
34
76
5
1
147
24
14
10
3
1
169
3
21
6
198
1
121
6
56
3
1
11
1
79
78
3
16
15
5
1
2
132
2
7
32
23
2
1
158
22
7
10
2
21
90
44
15
18
11
140
22
22
2
7
6
179
6
7
7
72
9
108
4
2
3
1
142
38
1
7
4
7
80
40
15
49
5
5
4
1
91
44
14
44
6
126
65
7
1
102
64
23
4
4
2
7
125
10
40
14
3
117
22
21
34
3
2
178
2
1
5
12
1
102
38
20
14
8
8
2
4
3
103
96
5
85
44
10
28
26
1
37
37
99
26
113
62
24
62
92
42
3
182
11
2
3
1
168
31
170
16
6
7
67
116
1
10
2
1
2
23
100
16
40
20
158
34
3
1
3
168
23
7
1
54
95
14
30
6
185
10
4
83
18
89
7
2
37
116
46
131
38
12
7
5
4
1
1
162
16
9
2
4
4
2
158
23
6
8
1
3
45
113
33
7
1
80
75
21
22
1
156
4
39
111
21
59
8
68
129
2
49
142
1
5
1
1
78
31
44
6
9
9
4
10
2
5
1
47
107
25
16
3
1
119
28
29
21
1
1
37
147
10
4
1
13
163
20
2
1
175
10
8
2
4
199
85
101
6
1
1
4
1
184
11
1
2
1
158
10
24
7
140
48
11
114
73
6
4
2
82
18
8
81
2
4
3
1
166
27
2
3
1
80
20
93
2
3
1
12
17
162
3
2
1
2
114
22
47
10
4
2
115
32
49
3
22
174
2
1
119
42
6
27
2
2
1
191
2
6
137
45
15
2
68
72
28
3
20
8
66
87
8
9
3
21
3
2
81
46
38
32
2
128
34
17
12
3
2
2
1
45
13
29
65
34
6
5
1
1
197
1
1
154
35
3
4
1
2
35
3
1
24
72
37
22
3
1
1
155
26
16
2
152
35
10
1
1
83
73
9
18
15
1
190
7
2
21
56
79
19
12
12
66
37
96
65
93
36
3
1
1
29
95
22
2
18
18
9
1
5
3
38
110
34
6
2
4
2
3
67
73
26
11
3
15
1
193
6
73
97
29
25
174
84
68
28
7
10
1
1
95
27
6
13
34
3
16
1
3
1
129
8
22
23
9
1
2
5
86
77
32
4
113
82
3
1
178
16
3
2
68
32
51
46
1
1
125
67
3
4
176
5
3
8
5
1
1
197
1
1
143
20
4
12
9
11
114
22
24
35
2
2
62
60
9
38
23
7
28
30
64
2
10
49
5
3
4
4
77
9
51
51
8
3
158
20
7
13
1
174
5
12
5
3
141
42
8
5
3
114
39
10
13
18
1
4
128
45
8
13
1
2
2
153
8
21
17
93
19
66
1
8
2
7
2
1
63
98
1
18
16
3
79
56
33
10
5
12
3
1
16
11
28
110
6
19
6
2
1
37
106
20
24
7
4
1
179
20
163
28
5
3
92
41
2
49
12
1
2
74
102
15
4
3
1
90
109
130
14
19
31
2
1
2
130
21
39
9
52
94
45
5
3
143
4
8
25
16
1
1
1
34
121
33
2
4
3
2
116
43
31
2
2
1
2
2
77
83
2
26
4
7
44
51
32
38
12
8
9
1
4
65
53
68
9
4
3
35
32
27
67
22
7
1
1
1
3
82
48
61
4
2
1
1
118
45
14
12
1
6
3
129
3
58
7
1
1
100
71
28
115
57
13
5
6
3
88
63
14
7
17
1
8
1
136
27
5
29
2
36
160
2
1
82
97
18
1
1
27
47
55
65
4
1
21
121
54
3
145
15
26
12
1
49
69
73
3
1
3
1
44
106
34
14
1
158
41
77
103
4
5
4
6
44
27
67
2
58
1
185
2
10
2
6
34
43
68
21
12
7
6
1
1
178
3
8
10
67
109
23
20
4
55
113
6
1
170
23
6
34
97
38
21
9
98
54
26
19
1
1
151
41
4
1
2
122
7
51
17
2
161
28
4
3
1
1
1
128
10
21
26
1
6
2
1
1
3
64
5
3
75
1
35
4
3
9
8
2
11
145
18
3
7
1
4
149
42
5
1
2
115
8
54
19
1
2
14
104
5
49
20
6
1
103
15
18
35
20
7
1
49
23
27
61
30
9
100
44
44
6
1
1
1
1
1
20
107
44
7
2
11
4
4
142
23
15
18
1
115
55
5
1
22
1
52
117
24
6
6
122
4
25
2
18
8
1
1
10
2
55
94
39
6
4
1
199
134
9
49
5
2
65
116
12
1
2
2
1
6
52
85
51
3
2
146
29
14
8
1
1
69
88
39
1
2
28
35
102
1
4
21
8
84
94
1
13
1
3
2
1
189
2
7
1
80
10
46
22
9
18
1
9
4
29
133
10
25
1
1
95
16
40
41
4
1
2
52
129
16
2
188
7
1
1
2
144
3
27
4
10
5
6
191
1
1
5
1
127
52
13
5
1
1
82
64
31
10
4
3
4
1
147
8
16
9
11
3
2
2
1
3
95
4
11
23
28
3
20
2
10
84
113
1
1
42
62
29
60
5
1
5
37
44
80
23
2
6
1
1
1
28
57
70
22
18
1
2
170
21
5
1
1
1
95
104
39
129
4
16
5
4
2
139
27
21
7
5
94
18
46
16
11
2
4
8
196
3
17
107
53
14
8
78
113
6
2
196
2
1
14
97
9
20
34
7
9
1
6
2
135
41
16
7
28
168
2
1
150
5
25
18
1
63
116
18
2
156
27
5
4
7
18
69
23
54
9
4
5
15
1
1
168
11
4
4
10
1
1
62
49
28
24
27
6
3
41
42
77
10
9
18
2
65
51
55
21
7
22
15
82
66
13
1
142
31
18
7
1
177
11
5
4
1
1
42
39
113
4
1
116
54
20
9
47
49
66
33
1
3
148
18
26
4
2
1
188
3
8
37
28
14
16
45
30
15
14
60
92
2
23
1
17
2
1
1
94
97
4
2
2
72
94
8
18
6
1
108
59
15
3
1
1
6
3
1
1
1
27
43
121
3
2
2
1
134
26
8
15
10
2
4
92
50
35
13
2
7
89
64
4
16
8
10
1
7
188
2
7
2
72
47
20
39
18
2
1
128
4
26
32
7
1
1
8
129
2
57
2
1
1
131
46
1
2
8
2
8
127
63
3
4
1
1
31
96
23
29
8
6
3
1
2
112
65
7
8
2
2
2
1
168
28
2
1
63
120
5
9
1
1
171
28
65
26
40
14
39
7
4
3
1
98
74
22
5
124
17
15
15
22
5
1
146
29
8
15
1
19
29
140
6
1
1
1
1
1
12
139
15
16
8
2
5
2
143
24
15
8
2
5
1
1
21
132
30
14
1
1
64
68
3
51
7
3
1
1
1
143
50
1
3
1
1
82
102
13
1
1
140
16
40
1
1
1
95
88
8
4
2
1
1
30
9
89
23
29
10
1
6
1
1
142
10
6
26
5
7
1
2
177
5
2
5
9
1
42
9
147
1
194
2
1
1
1
124
28
43
4
18
2
65
43
24
4
33
4
1
5
23
76
83
11
5
1
81
49
42
6
8
9
3
1
191
5
1
2
198
1
14
142
14
25
2
2
32
46
60
42
16
1
1
1
78
18
85
11
4
3
63
128
8
79
56
43
16
4
1
111
85
3
172
9
18
23
125
15
31
1
4
81
78
16
21
2
1
199
138
45
7
1
1
4
2
1
159
5
17
13
4
1
174
10
4
5
5
1
181
3
1
13
1
55
105
26
13
128
65
4
2
143
22
26
4
1
3
37
137
5
2
16
2
185
12
1
1
149
4
35
2
8
1
23
88
33
38
5
5
6
1
58
59
25
50
1
2
2
1
1
43
54
24
36
7
21
5
3
1
4
1
87
74
24
13
1
90
19
65
24
1
42
136
19
1
1
111
29
41
5
1
2
3
3
4
101
34
17
34
11
1
1
16
105
54
3
16
2
1
2
178
20
1
146
37
4
9
3
189
5
1
4
149
17
28
1
3
1
126
29
23
14
5
2
125
4
51
7
12
83
30
33
39
13
1
193
5
1
124
25
46
1
3
68
1
69
44
7
6
3
1
185
6
2
6
116
66
15
2
99
73
5
16
3
1
2
95
22
33
13
10
12
9
4
1
93
16
14
10
5
42
4
14
1
186
3
8
2
187
3
7
2
46
110
18
4
21
184
9
6
186
4
5
3
1
189
6
3
1
63
109
17
8
2
164
18
1
10
6
49
4
90
14
12
21
7
2
146
28
18
6
1
141
47
2
4
3
1
1
62
134
1
2
137
35
26
1
177
4
4
13
1
29
150
2
11
3
4
85
54
50
10
75
113
2
4
1
1
1
2
91
21
87
Number of elements: 2270
