Bin size: 259
Num of Bins: 310
30
139
9
64
2
3
4
6
2
105
27
8
117
2
174
27
14
18
21
5
239
12
5
3
166
10
9
4
52
15
1
2
21
139
76
12
1
1
6
3
231
4
11
9
1
3
38
199
9
8
4
1
122
28
15
72
20
2
41
217
1
74
110
18
18
3
35
1
75
171
12
1
245
12
1
1
94
136
28
1
16
141
33
67
1
1
29
229
1
206
15
38
193
19
15
25
5
1
1
106
13
136
4
190
14
10
43
1
1
165
13
9
34
20
5
2
9
2
17
200
18
21
2
1
44
91
22
19
25
55
3
67
172
15
3
2
103
13
97
11
28
2
4
1
214
45
159
28
9
34
11
17
1
61
136
45
7
6
4
198
44
13
3
1
43
110
78
24
4
141
50
65
2
1
13
33
39
7
6
76
26
25
9
22
1
1
1
227
19
6
6
1
28
35
4
49
56
37
48
1
1
39
35
51
99
28
4
2
1
173
6
41
8
8
23
122
51
65
14
7
184
62
3
1
1
2
1
3
1
1
198
59
1
1
29
214
6
3
5
1
1
103
142
13
1
189
17
49
2
1
1
102
59
56
26
1
2
6
1
2
1
2
1
163
33
32
5
12
9
1
3
1
65
43
55
65
11
18
1
1
88
65
10
56
10
8
5
15
2
219
7
4
10
2
3
4
8
2
107
43
56
9
22
12
10
186
71
1
1
164
71
12
3
1
5
1
1
1
44
133
32
10
30
3
2
2
1
2
217
41
1
113
20
92
13
20
1
129
67
32
30
1
203
47
2
5
2
13
141
85
10
1
7
2
76
65
92
15
2
6
2
1
241
1
10
6
1
257
2
209
33
17
96
57
79
21
5
1
56
131
17
4
51
259
137
10
42
20
19
23
2
1
4
1
234
12
1
8
4
207
29
11
11
1
127
80
39
8
2
2
1
139
95
21
3
1
108
5
105
17
4
2
2
10
5
1
134
47
22
43
13
28
226
5
193
27
19
4
8
8
151
69
25
8
4
1
1
181
70
1
4
3
241
18
194
33
27
4
1
106
53
39
54
6
1
224
8
5
3
13
4
1
1
252
1
2
1
1
2
181
26
29
23
116
74
64
2
1
2
213
14
25
2
4
1
225
13
13
4
4
46
30
108
32
38
5
217
31
3
4
1
2
1
211
7
12
10
19
117
136
6
25
187
10
10
7
8
12
148
20
64
13
3
3
4
1
2
1
213
36
4
1
3
2
14
170
74
1
64
37
4
131
20
2
1
86
47
68
24
6
22
3
2
1
77
182
235
5
7
12
183
11
19
6
18
7
7
1
5
2
154
39
24
21
3
13
5
7
100
135
3
3
1
3
7
236
15
8
208
29
19
1
1
1
111
116
32
150
98
2
2
5
2
73
182
3
1
44
88
23
96
5
3
21
226
8
4
109
100
42
6
1
1
88
163
8
137
12
105
2
2
1
21
193
36
8
1
247
11
1
81
120
24
4
21
6
3
21
228
10
215
30
9
1
4
19
156
59
2
4
13
5
1
142
62
8
4
38
4
1
63
141
35
12
1
1
6
28
168
13
2
34
9
5
192
65
1
1
45
190
16
7
1
63
19
30
105
25
11
4
1
1
112
105
27
12
2
1
258
1
249
8
1
1
190
37
30
2
155
78
24
1
1
228
31
177
74
1
3
1
1
2
64
92
100
3
221
14
13
4
4
2
1
125
46
84
3
1
12
41
13
101
79
7
5
1
64
81
65
41
5
1
1
1
200
22
19
4
7
1
1
2
3
157
78
1
12
8
3
88
120
20
29
1
1
259
247
10
2
104
152
2
1
33
6
24
88
21
77
8
1
1
82
6
41
60
19
48
2
1
75
41
32
74
34
1
1
1
42
143
17
34
22
1
259
51
113
18
32
3
25
8
1
6
1
1
183
55
13
2
5
1
224
20
14
1
228
1
11
18
1
170
79
6
1
3
1
24
67
37
87
33
3
6
1
50
103
59
38
6
1
2
106
33
115
5
90
63
54
12
13
20
3
2
2
111
89
19
11
18
1
8
2
195
45
7
12
145
113
1
217
34
3
5
187
72
201
6
22
23
3
4
91
100
64
1
3
231
5
4
10
6
2
1
121
44
66
23
2
3
130
39
22
65
3
140
36
73
2
2
1
3
2
160
87
12
82
39
110
21
2
2
1
1
1
246
2
1
8
2
103
81
18
21
10
24
2
30
41
155
28
5
85
31
67
8
52
12
3
1
113
49
77
20
8
156
78
3
10
2
1
1
170
41
37
8
3
141
98
9
7
2
2
199
23
21
7
6
2
1
65
55
92
33
14
95
110
44
5
1
3
1
10
158
91
168
10
17
54
10
135
28
76
16
4
64
130
17
18
24
6
171
65
19
3
1
49
167
43
211
23
22
2
1
150
13
64
19
3
9
1
118
122
9
5
1
1
2
1
49
141
15
44
2
6
1
1
72
58
121
3
1
4
62
67
106
2
12
1
6
2
1
68
51
114
17
8
1
184
51
15
2
4
2
1
135
53
9
8
33
10
4
5
2
104
112
25
12
5
1
213
37
7
2
151
22
47
21
15
1
1
1
207
45
6
1
62
32
142
13
5
2
2
1
157
46
38
18
19
121
91
15
5
7
1
163
12
57
23
1
2
1
157
57
22
11
3
6
1
2
240
4
5
4
2
2
2
239
7
4
7
2
90
92
24
13
35
5
30
227
2
116
57
42
11
24
3
3
2
1
138
4
6
42
20
10
32
7
60
82
49
21
30
13
1
3
121
124
1
3
9
1
216
24
7
2
9
1
197
60
1
1
155
72
29
1
1
1
35
208
2
10
1
1
1
1
202
55
2
192
16
40
9
1
1
157
60
22
3
17
59
113
37
44
4
2
95
30
3
58
42
3
14
13
1
95
116
36
10
2
125
101
19
8
1
3
2
19
25
40
59
27
11
33
39
3
3
40
207
2
5
5
88
49
16
90
1
13
1
1
205
49
1
1
1
1
1
194
12
43
7
1
1
1
39
131
44
35
3
3
1
2
1
176
27
52
2
1
1
58
4
171
16
10
66
193
88
7
164
250
5
2
1
1
246
4
5
3
1
33
139
38
14
6
16
11
1
1
53
66
4
55
76
1
1
3
62
139
40
11
7
42
185
32
165
1
88
1
1
1
2
126
8
49
38
6
8
15
4
2
1
1
1
170
23
46
18
2
87
34
133
3
1
1
54
195
9
1
63
185
11
160
9
4
66
4
2
10
3
1
105
126
13
5
6
2
1
1
163
79
1
2
3
3
6
1
1
41
117
9
56
26
3
5
1
1
84
29
130
10
3
1
2
48
109
63
23
15
1
76
51
129
1
1
1
114
145
118
115
11
3
2
10
214
7
9
7
12
8
2
47
65
143
3
1
143
110
4
1
1
243
4
8
4
82
170
7
207
40
5
5
2
49
123
50
32
1
3
1
121
120
16
2
42
183
12
17
3
1
1
229
17
7
4
1
1
130
10
82
2
2
14
6
8
2
1
1
1
188
3
36
11
12
9
124
126
2
1
2
4
174
77
7
1
179
68
7
5
143
10
78
19
7
1
1
159
38
29
33
8
99
33
45
74
204
11
14
16
4
7
3
125
130
4
52
25
36
121
8
7
7
1
2
177
79
2
1
84
32
70
72
1
221
35
2
1
104
11
79
63
2
208
24
11
9
7
237
3
17
1
1
61
19
119
6
51
2
1
218
27
12
2
121
115
12
8
1
1
1
156
63
26
10
1
3
174
42
23
11
1
3
2
3
168
13
33
26
7
6
1
3
1
1
17
60
82
8
10
50
20
11
1
34
196
25
3
1
108
80
69
1
1
166
82
2
4
1
3
1
109
143
4
2
1
83
40
87
23
21
5
61
122
63
8
3
2
128
122
7
1
1
27
8
90
120
3
10
1
193
30
8
12
9
5
2
191
21
14
23
10
86
121
51
1
8
22
155
5
35
20
6
2
4
2
164
8
84
1
1
1
214
39
2
1
2
1
210
9
24
16
165
52
24
13
4
1
247
11
1
223
20
11
5
146
61
19
17
10
3
2
1
102
156
1
48
129
26
9
18
17
7
3
2
221
1
28
6
1
1
1
228
19
4
2
6
250
6
3
114
94
22
25
4
142
18
54
31
6
1
2
1
2
1
1
Number of elements: 1844
