Bin size: 261
Num of Bins: 448
39
120
1
61
2
10
8
3
17
7
130
37
33
3
31
18
1
1
98
47
11
83
2
11
8
1
222
26
3
9
1
152
85
24
151
49
2
58
1
31
108
58
24
29
8
3
153
23
46
33
6
118
3
68
19
51
1
1
231
5
15
1
1
3
5
8
167
5
9
52
2
15
3
253
1
1
2
4
129
71
2
37
2
16
3
1
108
113
38
2
171
67
16
6
1
254
5
2
228
15
4
8
4
2
182
49
15
11
3
1
191
43
6
5
4
7
2
2
1
114
28
76
29
6
7
1
165
18
56
8
2
7
3
1
1
90
164
6
1
238
3
11
8
1
134
112
6
3
2
1
1
1
1
78
30
43
28
81
1
174
6
18
34
2
9
7
5
3
3
133
127
1
235
14
12
79
16
123
6
34
1
2
43
172
45
1
204
31
7
3
14
1
1
121
79
34
6
11
1
7
1
1
145
36
74
3
3
126
16
24
70
15
4
4
2
119
112
25
2
3
236
24
1
81
25
142
6
4
3
28
127
28
4
3
30
18
14
7
1
1
85
127
38
3
8
12
198
35
9
5
2
14
185
37
14
10
1
242
17
2
141
47
24
1
27
5
4
10
1
1
122
6
97
30
6
66
190
5
51
132
28
7
15
9
5
3
1
6
4
125
104
31
1
111
41
67
8
22
9
2
1
221
30
9
1
77
12
19
22
42
1
16
16
6
28
14
5
3
256
5
195
37
19
5
1
4
246
7
6
1
1
13
181
15
41
8
1
2
98
130
30
2
1
3
185
43
20
6
4
9
91
90
62
8
1
135
25
62
26
12
1
252
4
2
2
1
118
69
66
2
1
1
4
20
162
6
11
16
41
1
4
246
15
33
199
9
7
5
4
1
3
208
37
14
2
248
5
4
4
49
15
94
99
1
2
1
16
48
161
23
1
6
4
1
1
218
19
18
3
3
162
48
19
17
11
4
111
97
36
13
2
2
99
131
24
2
3
1
1
20
166
27
46
2
70
17
158
16
127
117
4
4
8
1
43
138
73
5
1
1
55
112
69
25
187
66
2
2
4
100
141
8
2
7
2
1
224
30
6
1
146
111
3
1
212
6
33
5
3
2
146
24
75
5
10
1
175
33
22
6
23
2
42
45
14
65
61
20
8
5
1
13
119
99
12
6
5
6
1
151
72
10
15
3
2
8
168
26
18
45
1
3
203
20
6
23
3
5
1
121
39
101
175
62
5
12
6
1
39
151
63
4
4
112
4
138
2
4
1
240
20
1
67
173
4
13
1
3
229
1
23
4
4
138
77
43
1
2
208
11
5
21
10
4
2
219
30
11
1
165
82
7
7
91
88
9
46
1
25
1
99
86
11
13
34
16
1
1
239
6
11
1
2
1
1
7
212
5
27
2
7
1
242
10
6
3
197
19
22
22
1
199
34
3
23
2
118
86
4
15
7
5
10
7
9
148
1
45
66
1
40
89
16
23
71
10
5
5
2
184
63
6
1
2
5
176
33
11
27
1
12
1
78
74
63
45
1
28
104
22
71
30
2
3
1
66
86
47
43
16
2
1
218
23
2
18
251
8
2
153
36
70
2
21
55
144
38
2
1
258
3
117
108
17
9
9
1
95
163
2
1
211
5
7
13
6
3
11
4
1
17
211
11
16
5
1
158
61
9
11
12
6
4
91
77
42
51
37
44
139
5
9
17
1
5
2
2
237
20
2
2
25
226
1
5
2
1
1
129
76
15
31
10
215
39
4
2
1
110
62
24
59
2
3
1
227
8
22
1
3
179
12
10
24
14
15
4
1
2
46
52
158
4
1
150
87
1
21
2
169
86
5
1
10
219
7
14
9
2
197
51
5
3
4
1
198
1
52
7
3
98
141
14
8
67
112
52
20
3
6
1
228
4
13
5
4
5
2
66
194
1
119
17
27
94
3
1
226
4
14
13
3
1
196
19
6
36
3
1
217
4
10
18
8
4
255
3
1
2
103
138
2
8
4
1
4
1
22
185
54
153
51
41
6
6
2
1
1
195
50
8
4
2
1
1
174
78
1
7
1
136
16
43
6
15
9
32
2
1
1
35
34
90
85
4
6
2
5
15
214
30
1
1
168
1
22
68
2
160
99
2
207
25
5
24
172
43
23
23
59
57
45
80
7
5
2
2
3
1
231
17
6
5
1
1
30
126
12
55
34
2
1
1
251
4
2
1
2
1
23
230
4
2
1
1
10
94
60
75
22
21
45
116
5
53
10
3
6
2
110
71
69
6
1
1
3
116
43
55
33
13
1
70
115
48
14
11
1
1
1
86
48
44
53
17
2
1
4
5
1
214
24
1
9
11
2
108
37
112
3
1
114
77
17
6
20
27
113
35
30
25
53
2
2
1
52
50
48
80
16
9
4
1
1
64
58
127
11
1
215
42
2
1
1
31
35
176
7
4
5
1
1
1
22
119
18
100
2
258
1
1
1
47
29
67
52
33
26
3
1
3
72
144
38
2
3
1
1
196
43
17
1
1
1
1
1
63
132
19
39
2
5
1
259
1
1
55
117
38
15
5
18
5
8
69
150
39
3
234
19
3
4
1
158
83
2
11
4
3
105
82
8
39
14
1
9
2
1
84
141
5
8
3
2
17
1
90
34
107
17
6
7
161
69
26
1
2
1
1
35
13
189
5
2
13
1
2
1
195
20
34
7
4
1
89
51
79
39
2
1
213
23
13
6
5
1
9
222
26
2
2
24
41
102
20
46
20
2
3
1
1
1
230
18
11
1
1
33
65
19
113
30
1
69
73
82
9
28
96
137
10
17
1
70
171
14
4
1
1
224
24
10
1
1
1
73
145
26
12
2
2
1
153
21
36
26
17
7
1
186
65
4
6
151
42
43
21
1
1
2
219
19
4
13
4
2
79
43
101
20
9
1
6
2
156
67
35
2
1
195
31
27
5
1
1
1
217
37
1
2
1
1
1
1
164
81
10
4
1
1
5
168
30
24
25
4
3
2
68
5
116
5
33
30
3
1
55
54
103
13
34
1
1
37
37
39
14
124
5
4
1
254
7
138
16
4
23
4
60
4
10
2
132
118
1
8
2
1
158
77
16
2
3
4
64
47
32
108
6
2
1
1
129
14
105
4
5
4
215
30
11
2
2
1
24
120
57
32
17
10
1
176
46
1
7
20
6
2
1
1
1
74
177
6
2
2
22
124
9
44
5
7
44
4
2
59
90
87
3
1
15
6
115
110
33
2
1
235
22
3
1
69
41
54
71
1
19
6
134
83
13
16
2
13
152
43
29
25
5
2
3
2
238
13
5
3
1
1
30
40
30
86
44
29
1
1
57
126
4
60
6
2
5
1
161
37
58
3
2
241
19
1
186
52
15
2
4
1
1
62
96
70
17
4
11
1
75
162
7
14
2
1
53
87
19
81
1
4
12
3
1
255
3
2
1
231
5
7
6
2
7
2
1
173
68
10
2
7
1
16
11
52
5
81
77
9
10
252
2
5
2
115
145
1
8
140
44
49
11
4
2
3
106
78
21
53
1
2
62
104
29
18
10
8
17
4
9
76
91
16
52
25
1
222
34
4
1
258
3
188
4
27
15
11
12
4
183
57
15
1
5
230
6
2
7
13
1
2
34
70
95
26
14
3
19
19
94
58
90
30
150
58
13
8
2
128
71
1
40
17
2
2
250
5
5
1
133
111
14
3
41
202
17
1
66
73
107
14
1
104
111
20
12
14
140
73
23
12
12
1
67
147
17
21
3
5
1
241
10
5
2
1
2
135
107
6
1
8
1
1
1
1
61
40
86
57
17
180
43
27
1
7
3
158
40
34
12
15
2
254
5
2
132
29
79
14
2
1
4
6
181
23
37
14
236
9
1
3
11
1
118
141
1
1
108
100
22
29
2
149
66
19
9
16
2
202
4
25
22
3
2
1
2
28
165
5
22
23
3
2
7
5
1
261
54
106
47
30
12
11
1
221
38
2
226
1
7
21
2
2
1
1
148
60
18
15
5
13
1
1
29
124
65
8
19
2
14
251
7
2
1
72
167
21
1
51
38
161
2
8
1
220
41
251
3
4
2
1
49
6
33
60
17
2
6
82
6
106
47
56
40
8
1
1
2
93
72
56
4
20
13
2
1
3
134
51
42
14
7
8
2
76
91
88
5
1
168
92
1
27
18
6
136
8
15
39
6
3
1
1
1
166
22
50
21
2
30
60
130
25
15
1
41
171
40
6
2
1
14
31
202
14
162
37
26
6
24
1
3
1
1
258
1
2
115
32
4
96
5
3
1
5
42
13
193
11
1
1
245
14
1
1
78
54
5
107
13
1
1
1
1
45
102
70
11
28
4
1
69
102
38
29
15
8
141
31
4
84
1
42
51
4
30
37
1
69
14
13
120
131
6
2
2
170
80
9
1
1
234
9
9
8
1
48
110
94
8
1
37
48
98
17
59
1
1
152
55
41
11
1
1
227
20
2
4
4
2
2
135
3
47
38
4
7
1
14
4
1
7
138
109
6
4
2
1
1
160
68
15
4
5
8
1
177
54
6
18
3
3
160
88
13
54
123
6
44
17
7
3
1
3
1
1
1
235
24
1
1
152
33
64
2
1
1
3
2
3
192
13
29
10
6
1
2
1
3
1
2
1
149
47
8
31
10
14
2
80
62
18
20
78
1
1
1
186
74
1
260
1
75
154
3
18
1
1
5
4
49
162
45
3
2
212
31
12
2
1
1
1
1
48
138
72
1
2
72
163
6
16
2
2
172
85
4
52
13
142
10
34
9
1
36
185
2
6
17
8
7
232
25
3
1
34
160
21
43
1
1
1
182
29
5
19
6
7
5
4
2
1
1
14
11
231
1
3
1
42
46
26
91
33
18
3
2
247
11
2
1
82
67
27
45
16
6
2
6
8
1
1
223
12
9
17
108
64
11
53
14
1
1
9
128
1
89
19
3
15
5
1
192
3
60
6
122
23
65
21
3
10
11
1
3
1
1
49
27
35
2
11
26
21
24
36
11
17
2
222
23
12
2
2
187
58
6
8
2
249
6
5
1
19
8
186
27
21
106
121
34
113
117
5
5
6
8
6
1
9
239
13
81
80
23
3
20
1
16
22
7
1
2
2
3
153
102
4
1
1
157
45
41
8
7
3
200
18
24
6
10
3
25
117
1
106
9
3
199
6
49
5
1
1
248
10
2
1
181
4
14
56
5
1
112
111
38
248
12
1
90
43
63
5
27
5
8
19
1
83
154
18
6
182
44
2
24
4
2
2
1
95
102
16
32
8
5
3
81
54
116
10
258
3
75
162
4
19
1
122
28
103
4
2
1
1
132
30
92
2
1
4
128
24
18
63
5
11
11
1
246
12
3
119
82
8
49
1
2
67
9
5
167
7
6
112
87
49
1
4
6
1
1
247
14
26
161
26
34
10
3
1
144
22
8
8
34
39
2
2
2
161
68
18
1
1
4
6
1
1
113
21
103
18
2
3
1
94
110
1
23
16
1
10
1
3
1
1
152
46
63
25
170
15
3
23
12
8
1
2
2
185
32
29
15
112
47
93
1
6
2
72
168
1
11
2
1
6
49
189
11
8
1
3
230
5
19
7
135
60
31
6
17
4
7
1
236
3
22
151
20
52
31
1
1
3
1
1
227
23
1
5
5
46
15
81
113
4
1
1
224
6
26
2
3
174
8
20
58
1
151
82
11
9
2
1
4
1
183
56
10
8
4
20
30
148
50
12
1
44
98
76
38
5
187
62
7
2
1
2
57
200
4
244
15
2
15
15
183
36
1
11
97
79
47
25
10
2
1
113
123
7
7
3
1
5
1
1
83
41
49
1
8
50
17
11
1
11
122
83
22
9
3
6
5
213
14
19
12
3
140
100
7
7
5
1
1
221
8
5
19
3
3
1
1
144
32
63
18
2
1
1
36
47
70
47
18
41
2
185
19
31
10
10
5
1
81
49
49
21
53
7
1
90
144
4
14
1
7
1
60
93
86
6
12
4
257
1
3
209
15
32
5
185
73
2
1
241
10
1
7
2
216
15
8
7
9
1
4
1
128
125
3
2
2
1
62
130
47
22
152
30
50
27
2
178
68
12
2
1
122
54
66
14
3
1
1
103
118
26
5
5
2
1
1
55
188
1
6
6
2
2
1
142
90
25
3
1
210
6
23
16
3
2
1
260
1
38
89
97
11
25
1
162
34
58
7
Number of elements: 2754
