Bin size: 140
Num of Bins: 452
74
28
25
11
2
50
39
26
5
8
9
1
1
1
48
6
82
3
1
93
5
21
20
1
104
4
27
3
2
132
8
131
1
3
1
2
2
71
9
13
19
1
6
16
4
1
85
26
27
2
71
25
4
20
18
2
128
4
3
2
2
1
105
22
11
1
1
129
7
1
2
1
104
14
19
3
119
12
4
4
1
2
77
30
20
11
11
89
27
8
3
2
122
14
3
1
15
32
31
60
2
16
120
4
23
44
39
24
9
1
18
11
22
21
23
7
32
4
2
17
98
10
3
6
1
4
1
52
70
8
8
2
82
50
7
1
45
48
24
7
8
5
1
1
1
46
82
3
5
3
1
30
97
5
4
4
41
64
12
12
5
6
134
4
1
1
138
1
1
109
3
3
23
2
70
28
14
16
4
2
3
2
1
72
52
6
6
1
3
34
88
8
6
2
1
1
74
10
41
4
10
1
129
5
4
1
1
97
13
15
13
1
1
137
3
54
5
23
58
42
98
55
75
7
2
1
37
98
4
1
81
58
1
70
22
5
23
9
10
1
34
95
7
2
2
55
63
13
1
4
3
1
23
54
8
34
16
4
1
133
7
66
43
1
6
12
11
1
113
10
14
3
73
27
37
1
1
1
55
21
1
30
16
4
9
1
1
1
1
77
17
17
17
11
1
109
1
17
5
1
4
3
98
29
1
10
1
1
125
7
1
7
18
71
44
1
1
5
31
4
98
4
3
15
105
20
102
23
6
6
3
3
55
68
14
124
14
1
1
53
69
7
2
1
5
3
68
71
1
139
1
22
67
30
21
92
23
11
14
21
100
14
1
3
1
58
54
12
14
1
1
134
5
1
130
6
1
1
1
1
98
13
17
4
7
1
18
76
45
1
75
22
38
3
1
1
34
81
6
11
8
65
41
22
4
3
5
102
7
19
3
3
4
1
1
56
77
5
2
61
30
41
3
1
4
87
45
2
2
2
1
1
63
22
4
15
15
5
4
6
4
1
1
69
68
1
1
1
98
9
9
9
3
12
97
9
11
14
3
5
1
70
66
1
2
1
74
24
27
14
1
71
64
4
1
14
69
33
6
1
3
9
5
97
25
4
13
1
54
62
2
15
5
2
14
18
38
57
5
3
3
2
139
1
15
12
18
22
73
129
11
84
25
17
4
4
6
107
17
6
1
6
1
2
74
54
2
5
5
3
137
66
57
16
1
50
8
46
12
18
4
1
1
120
1
13
5
1
43
50
23
14
9
1
26
24
10
18
56
5
1
120
14
2
4
36
94
4
5
1
76
41
5
1
13
4
22
35
75
2
6
38
14
44
4
27
13
22
56
60
2
6
79
40
11
1
1
1
1
80
3
28
21
7
1
9
58
21
25
12
10
4
1
84
28
18
9
1
75
4
4
23
2
8
3
21
2
126
3
4
3
1
1
63
54
20
1
1
1
122
1
16
1
124
5
9
2
99
35
3
2
1
31
82
23
1
2
1
97
29
10
4
120
6
1
2
4
4
1
1
1
93
17
28
2
29
47
13
6
38
4
3
109
29
2
128
9
3
85
24
1
15
7
5
1
2
7
38
1
54
21
9
5
2
1
2
71
2
4
36
22
4
1
110
19
3
1
4
1
1
1
87
34
3
8
4
3
1
136
1
2
1
69
21
18
31
1
91
47
2
75
64
1
4
134
1
1
84
15
7
12
11
3
2
6
23
69
10
21
13
2
1
1
42
39
52
3
4
120
4
10
4
1
1
27
54
53
3
3
123
12
1
4
46
65
16
1
10
2
29
31
14
6
50
2
1
2
4
1
33
38
45
22
2
36
61
24
11
2
5
1
75
55
1
6
1
2
132
3
3
1
1
117
16
5
2
112
3
18
6
1
80
32
20
3
1
2
1
1
122
2
3
1
2
6
1
2
1
135
2
3
34
76
8
1
13
7
1
71
29
18
22
56
13
71
59
49
1
23
6
1
1
94
30
15
1
17
40
79
3
1
34
57
46
1
1
1
21
24
24
68
1
1
1
58
37
12
20
7
5
1
101
7
1
12
14
5
41
6
75
18
79
37
12
9
3
32
102
6
18
95
7
15
3
2
8
64
38
22
1
4
1
2
122
3
12
2
1
26
112
2
12
102
10
9
3
4
69
71
102
35
1
2
31
25
67
13
1
3
117
6
9
8
53
66
20
1
135
5
27
10
91
3
8
1
95
19
24
2
1
101
9
18
1
1
6
1
2
78
50
12
134
5
1
7
127
6
131
4
4
1
66
74
17
6
38
65
1
11
2
95
8
34
2
1
67
67
1
3
2
30
69
11
1
13
15
1
46
92
1
1
13
1
45
64
9
3
5
62
42
35
1
39
18
74
6
1
2
58
58
9
5
10
107
28
1
2
1
1
10
90
27
3
4
4
1
1
112
16
9
1
1
1
121
17
1
1
87
9
7
21
7
5
4
131
1
8
120
6
9
3
2
19
9
49
48
12
2
1
35
87
2
4
8
1
3
125
14
1
53
42
6
38
1
124
1
7
2
2
3
1
22
55
25
30
1
2
4
1
127
13
58
82
86
2
37
11
1
1
1
1
71
18
4
39
4
2
1
1
43
36
8
32
13
7
1
3
126
3
7
1
1
25
23
16
49
18
4
2
1
1
108
4
6
7
3
11
1
14
66
20
11
17
12
31
47
29
6
22
1
1
2
1
51
79
2
5
1
1
1
39
46
15
5
11
16
3
3
2
34
85
14
5
1
1
32
23
72
11
1
1
67
40
30
3
45
27
1
30
13
14
4
1
2
3
72
1
42
1
12
3
7
2
105
8
20
5
1
1
67
54
7
11
1
35
72
23
6
3
1
67
51
15
1
4
2
20
1
5
43
58
7
5
1
71
56
13
123
7
7
3
109
19
8
1
2
1
68
71
1
53
37
11
33
3
3
131
9
40
93
6
1
35
89
12
2
2
102
37
1
33
75
25
3
3
1
90
37
4
2
1
5
1
118
20
2
26
50
21
15
17
9
1
1
30
80
22
5
1
2
35
13
72
7
13
137
3
77
4
27
13
17
2
70
17
42
4
5
1
1
133
6
1
25
45
49
2
15
3
1
43
93
2
2
32
81
24
1
1
1
116
13
10
1
71
45
21
3
77
5
56
2
95
35
8
2
84
33
4
12
6
1
22
74
18
2
2
14
4
2
1
1
10
50
6
3
22
34
3
8
4
52
87
1
22
3
60
23
11
21
75
58
2
4
1
134
6
14
111
7
4
1
2
1
27
64
47
2
101
35
1
1
2
56
28
23
3
23
6
1
48
42
44
2
4
80
25
25
7
3
33
35
9
7
47
7
2
10
32
4
55
22
7
1
2
2
3
1
1
20
101
6
11
1
1
92
45
1
2
118
17
1
1
3
95
8
36
1
29
22
72
9
6
2
31
24
68
5
2
3
1
3
2
1
56
68
5
5
4
2
22
49
9
43
9
5
1
2
1
67
23
25
5
12
5
2
134
4
1
1
80
36
3
10
3
4
2
2
55
66
1
3
10
4
1
18
117
5
123
9
5
1
2
13
67
54
4
2
41
65
10
7
16
1
131
9
138
2
66
66
3
5
91
18
17
1
9
3
1
25
53
28
8
18
3
1
3
1
126
2
8
2
2
59
13
1
63
4
58
15
25
21
15
5
1
39
78
14
7
1
1
121
18
1
42
94
3
1
33
86
15
6
43
23
29
40
3
2
90
40
10
102
30
7
1
39
4
48
34
5
6
4
123
4
4
4
5
100
11
14
13
2
56
7
42
19
14
1
1
30
84
25
1
104
23
12
1
71
51
7
8
1
2
51
33
8
3
13
19
11
2
39
37
56
1
5
2
78
57
4
1
119
12
4
5
60
65
11
4
99
39
1
1
107
12
9
8
3
1
59
31
18
10
21
1
75
4
10
50
1
95
43
2
6
35
98
1
14
28
88
8
2
104
33
1
1
1
62
13
61
4
14
27
91
5
3
128
3
4
5
4
114
1
10
4
2
1
3
1
68
11
34
11
10
4
2
49
52
27
8
3
1
89
46
2
1
2
139
1
136
1
3
46
8
3
22
15
39
2
1
4
50
73
8
2
4
2
1
1
2
48
15
34
3
3
5
13
16
5
70
52
2
8
3
90
19
30
1
130
7
3
42
21
30
11
10
1
25
8
103
6
18
5
102
25
3
8
2
32
63
27
15
1
2
70
53
9
3
1
4
21
111
3
5
54
24
17
22
5
1
12
3
2
82
3
11
9
18
15
2
29
79
19
13
9
43
83
4
1
10
118
8
1
3
12
127
1
13
10
104
6
1
6
83
7
47
1
1
1
139
1
137
1
2
46
91
2
1
70
25
12
6
3
20
3
1
96
4
16
21
2
1
125
13
2
47
59
3
27
2
2
126
3
9
1
1
111
20
2
5
1
1
78
3
45
14
62
20
24
8
10
9
2
3
2
2
44
36
57
1
126
13
1
41
76
20
1
2
84
35
13
2
4
1
1
56
64
13
4
2
1
14
86
35
2
1
2
51
52
35
1
1
21
55
27
2
16
19
66
59
4
7
2
2
81
58
1
14
110
1
9
5
1
139
1
15
28
89
2
6
39
53
20
6
13
4
2
3
100
34
3
2
1
73
33
30
1
2
1
27
43
32
5
8
10
4
6
2
3
135
5
107
15
15
1
1
1
123
4
7
6
98
3
30
4
1
4
3
131
2
3
1
115
6
13
3
3
92
45
2
1
82
32
19
7
108
3
26
3
114
23
3
25
7
24
78
4
2
19
33
86
1
1
108
32
88
14
8
11
12
6
1
136
3
1
22
115
1
1
1
62
77
1
139
1
83
54
3
9
71
12
3
44
1
58
18
16
14
34
125
12
3
17
34
30
44
9
6
12
38
2
51
27
5
1
3
1
56
3
4
57
20
62
67
2
6
3
120
1
14
2
2
1
58
56
3
8
12
3
39
21
39
3
7
5
13
10
1
1
1
128
9
2
1
44
32
12
39
11
1
1
22
60
40
15
1
2
10
98
28
2
2
3
99
34
2
1
1
41
10
15
28
29
13
1
1
1
1
132
1
1
2
1
2
1
115
7
12
4
2
107
24
7
2
85
46
3
6
54
34
33
17
1
1
34
13
47
39
2
2
3
110
16
13
1
17
6
95
17
5
64
41
11
15
4
5
42
14
16
29
16
9
9
4
1
38
34
52
9
7
106
4
21
4
1
2
2
65
60
2
11
1
1
21
82
13
2
16
5
1
24
103
2
1
8
2
87
25
25
3
138
1
1
52
34
24
17
9
3
1
79
14
1
15
10
14
3
4
49
55
20
3
9
2
1
1
20
54
24
5
11
12
6
3
4
1
5
33
29
37
32
4
52
68
15
4
1
129
1
7
2
1
51
55
4
18
11
1
9
33
76
10
9
2
1
47
46
9
30
8
8
81
17
8
13
6
6
1
87
3
7
34
8
1
34
96
6
2
1
1
30
7
68
27
7
1
106
4
14
4
1
9
2
2
123
12
3
11
58
58
1
10
1
1
11
126
2
1
22
48
19
48
2
1
70
6
4
30
8
7
9
3
3
75
14
15
19
14
3
Number of elements: 2479
