Bin size: 268
Num of Bins: 304
231
2
23
7
5
130
43
42
5
32
6
1
8
1
127
120
17
2
2
97
4
149
9
7
1
1
36
58
106
9
29
3
21
2
3
1
208
43
9
3
4
1
181
11
64
7
4
1
165
56
5
9
28
5
249
15
1
3
42
103
41
1
55
11
2
11
1
1
187
2
54
16
1
1
3
3
1
107
52
20
70
15
4
160
53
15
9
4
20
6
1
100
23
132
4
1
8
171
86
2
1
1
3
2
2
84
64
118
2
126
94
7
25
13
1
2
95
18
97
10
11
34
1
2
52
42
13
132
15
14
113
121
19
14
1
120
97
49
2
217
42
1
4
1
1
1
1
73
162
26
4
2
1
145
73
27
17
3
1
1
1
210
50
8
52
17
39
70
86
1
2
1
168
70
26
3
1
112
44
45
9
48
7
2
1
80
63
105
4
8
7
1
43
222
1
2
216
18
22
7
3
1
1
247
8
12
1
110
6
115
6
13
5
10
2
1
207
50
3
6
1
1
249
9
1
4
3
2
200
11
38
3
6
6
4
151
8
70
11
2
7
11
7
1
78
147
17
9
12
3
1
1
185
54
2
20
7
137
125
2
2
2
144
31
11
47
23
12
216
40
6
2
4
33
34
194
7
4
244
6
1
1
3
4
5
224
16
28
107
129
9
12
10
1
186
18
1
17
16
14
13
3
107
35
24
93
1
1
7
204
29
13
5
1
2
8
4
2
95
127
26
2
7
2
7
1
1
128
39
89
6
3
3
143
9
110
5
1
11
189
54
2
5
4
1
1
1
18
184
7
30
4
1
7
11
6
31
82
28
97
4
16
6
2
2
265
3
6
49
35
112
19
10
34
3
198
7
57
4
2
117
9
93
19
6
6
18
202
29
22
15
110
136
10
1
1
7
1
1
1
44
116
75
1
2
20
7
1
2
50
54
93
32
5
31
1
1
1
186
56
15
4
3
1
1
2
132
31
48
48
1
7
1
65
103
61
3
2
28
1
1
2
2
57
73
101
25
12
11
203
9
20
25
241
6
7
6
3
4
1
20
114
70
21
8
34
1
120
108
19
4
5
4
7
1
86
29
123
1
29
188
26
8
22
19
3
2
69
68
74
41
4
8
4
56
203
5
3
1
107
103
52
6
156
74
14
10
13
1
206
21
31
1
2
6
1
44
165
3
22
13
9
9
1
2
146
105
6
3
4
4
204
60
4
44
180
37
3
4
106
126
24
12
221
19
10
16
1
1
26
181
28
16
6
3
2
4
2
140
94
10
10
8
3
1
1
1
109
135
4
1
1
5
7
3
3
247
15
6
43
95
48
13
25
42
1
1
163
81
23
1
20
185
51
11
1
234
17
4
6
6
1
134
28
95
1
9
1
183
64
14
3
3
1
111
25
34
44
48
3
1
2
83
4
31
148
2
258
7
1
2
230
20
4
7
4
3
186
22
10
21
21
6
2
206
56
4
1
1
42
15
155
11
19
8
9
4
3
2
64
170
17
16
1
130
99
32
3
4
156
64
48
75
86
54
14
16
1
1
5
10
2
4
242
7
15
3
1
127
4
55
4
54
3
21
260
7
1
214
37
4
1
9
2
1
34
173
59
2
135
19
28
33
18
3
19
10
2
1
170
91
7
268
123
38
82
7
10
1
1
1
2
3
81
173
13
1
223
12
1
2
17
2
7
4
214
16
4
28
2
4
150
22
78
2
12
3
1
199
23
40
3
1
1
1
82
52
35
36
33
7
17
6
211
3
1
15
15
7
6
8
1
1
244
8
11
5
65
154
46
1
1
1
229
9
5
11
14
153
70
25
4
3
8
2
2
1
54
30
126
41
1
2
6
2
5
1
149
22
67
14
14
2
224
13
2
11
9
1
5
2
1
223
19
10
10
2
4
105
4
146
7
6
11
210
24
2
9
10
1
1
158
15
51
15
14
11
1
1
2
173
38
20
34
3
247
9
12
132
79
51
3
2
1
163
102
1
1
1
36
93
96
28
15
212
26
2
15
11
1
1
162
67
26
12
1
255
9
1
3
41
68
108
3
13
23
4
2
6
53
168
46
1
218
5
14
14
7
2
7
1
35
179
52
1
1
213
9
9
32
3
1
1
73
156
16
19
1
1
2
262
5
1
86
109
8
11
43
11
228
34
2
2
1
1
53
154
16
29
3
4
6
2
1
107
22
52
15
24
27
13
6
1
1
87
146
35
138
120
8
2
219
44
5
163
92
8
5
5
115
117
4
12
8
7
104
152
10
1
1
158
59
3
45
1
2
1
134
84
23
23
2
1
107
155
5
1
121
1
10
68
22
8
25
4
5
2
2
49
94
52
45
5
9
14
198
47
2
15
3
2
1
249
13
2
1
3
236
3
1
3
4
1
6
14
176
43
15
31
2
1
162
93
13
215
14
10
9
9
11
105
147
7
5
3
1
174
87
4
3
207
19
29
4
1
3
5
9
206
35
15
1
2
237
24
4
1
2
238
5
5
5
15
27
5
114
105
16
1
106
113
31
12
2
1
2
1
229
14
17
6
1
1
163
65
20
2
14
1
2
1
208
30
18
8
3
1
60
3
39
16
1
46
100
1
1
1
213
35
10
10
228
23
14
3
34
137
29
64
3
1
257
8
2
1
86
37
36
6
41
37
9
8
5
3
238
26
4
199
24
24
7
11
3
3
10
236
7
1
1
1
2
5
2
164
18
86
44
181
21
22
80
28
112
5
12
26
2
1
2
19
132
21
13
57
5
12
4
4
1
257
9
1
1
263
4
1
92
15
6
72
49
32
1
1
105
49
91
21
1
1
211
54
1
2
107
74
79
2
2
2
1
1
203
16
2
21
14
8
1
2
1
217
36
1
4
9
1
146
79
20
3
18
1
1
228
36
4
233
20
15
170
30
51
8
2
5
2
75
128
47
13
2
1
2
67
76
48
17
4
50
4
1
1
129
75
8
34
8
14
179
50
28
2
9
101
48
59
43
8
2
3
3
1
28
70
72
71
9
15
1
1
1
174
93
1
117
8
93
26
22
1
1
174
19
22
14
32
6
1
190
7
64
4
3
38
108
121
1
131
72
29
20
10
5
1
6
40
199
5
2
9
1
1
1
1
2
1
62
2
106
60
4
12
5
16
1
199
19
35
1
1
6
1
6
88
79
69
12
16
4
167
44
20
22
13
2
20
213
15
18
1
1
102
113
8
45
180
6
78
3
1
135
61
5
22
32
4
1
1
7
117
6
38
54
9
10
16
4
13
1
58
73
61
2
23
48
2
1
123
40
6
7
30
17
44
1
263
5
112
146
3
1
5
1
199
41
5
8
9
5
1
236
32
23
241
2
1
1
261
1
5
1
268
12
168
61
27
61
130
33
11
7
24
2
138
61
69
136
131
1
110
62
78
18
252
12
4
253
14
1
195
48
1
18
1
3
1
1
79
78
46
59
4
1
1
178
21
66
1
2
121
98
6
42
1
138
123
5
1
1
128
124
15
1
21
126
67
10
36
4
2
2
37
190
9
9
13
1
4
4
1
26
152
47
26
14
1
2
158
44
5
32
5
24
195
62
1
3
3
1
1
1
1
166
59
9
24
1
9
96
129
14
26
1
1
1
30
205
19
5
7
2
238
30
138
33
33
12
23
13
1
10
5
172
22
14
3
53
2
2
109
105
31
18
1
4
145
77
43
1
1
1
20
217
23
1
4
3
222
45
1
137
61
6
26
35
1
1
1
138
109
2
9
6
3
1
92
168
3
3
1
1
61
74
40
14
67
7
1
4
179
84
5
152
100
6
5
2
1
1
1
39
178
28
9
6
1
2
3
2
228
18
3
13
2
2
1
1
179
86
1
1
1
161
61
41
5
80
109
2
29
35
1
10
1
1
235
8
14
6
4
1
112
34
41
23
8
46
3
1
15
114
32
2
102
3
196
64
1
3
2
2
79
40
106
39
4
240
10
17
1
90
35
100
4
23
12
3
1
191
33
17
26
1
215
4
47
1
1
74
89
78
3
23
1
208
42
15
3
188
70
8
2
175
40
40
5
1
1
4
1
1
256
10
1
1
249
18
1
113
150
3
1
1
56
128
76
8
154
8
71
21
6
3
1
1
2
1
4
258
4
1
1
201
13
22
17
5
7
1
1
1
149
57
51
8
2
1
206
59
2
1
143
65
49
2
4
2
3
62
153
45
7
1
73
81
95
19
35
53
55
13
8
33
31
14
17
2
5
2
62
165
26
9
4
2
263
3
2
110
24
81
19
30
1
1
1
1
33
58
9
79
46
14
2
9
15
3
Number of elements: 1899
