Bin size: 162
Num of Bins: 485
6
73
15
68
96
63
3
63
50
10
9
7
15
5
2
1
17
39
62
22
2
8
6
1
4
1
152
9
1
39
86
29
8
19
59
43
4
13
15
6
1
2
29
81
13
23
1
5
10
76
6
21
8
3
44
3
1
130
24
4
4
42
21
29
9
25
28
4
4
149
4
9
139
17
6
18
36
1
1
13
59
19
8
5
1
1
95
54
9
3
1
34
78
20
10
9
5
6
139
13
6
1
3
15
147
94
1
14
19
28
6
86
26
25
25
60
13
41
6
34
4
2
2
61
52
18
13
12
3
3
121
9
27
5
17
27
58
45
15
142
16
4
141
11
6
3
1
139
20
2
1
18
29
88
19
6
1
1
143
19
156
3
3
22
110
3
19
7
1
24
61
41
7
9
4
16
99
37
2
20
4
135
5
2
4
12
3
1
57
2
35
65
3
86
22
34
2
2
7
8
1
77
38
6
2
6
20
7
5
1
31
84
5
24
15
3
147
6
3
5
1
50
52
5
10
40
4
1
149
9
1
1
2
99
28
22
11
2
65
41
3
38
1
12
2
86
70
5
1
9
115
29
7
2
70
1
50
38
2
1
30
96
13
18
5
72
44
25
15
1
5
103
29
7
6
10
7
8
128
15
6
5
93
11
53
2
2
1
77
58
27
86
60
1
8
5
2
136
17
9
139
7
13
2
1
23
77
7
53
1
1
2
100
19
25
4
9
3
121
41
141
20
1
14
42
64
20
13
7
2
97
38
4
8
13
2
1
129
3
13
6
3
5
1
1
7
22
81
21
26
2
1
1
1
81
55
21
2
3
79
22
33
21
2
5
9
75
37
6
21
11
1
1
1
66
70
9
17
141
14
2
5
79
26
49
1
4
2
1
36
67
35
24
19
24
50
34
19
7
7
1
1
147
11
4
85
12
25
40
6
28
59
10
48
7
2
2
116
31
8
1
1
5
93
55
8
2
1
1
1
1
95
6
34
17
2
4
3
1
33
70
13
34
9
3
46
64
25
24
2
1
77
13
10
56
2
2
2
4
89
46
2
18
2
1
64
62
21
13
2
26
131
2
1
1
1
75
29
5
33
3
3
1
4
4
4
1
105
15
5
24
6
7
49
109
2
2
98
58
6
87
67
8
157
3
1
1
105
19
38
7
124
27
4
90
66
4
1
1
112
5
12
32
1
75
4
6
32
20
4
10
8
3
92
33
13
2
5
12
4
1
39
115
8
138
22
2
90
19
25
5
23
65
10
34
51
2
66
92
1
3
105
11
34
6
6
144
10
2
1
1
4
129
5
23
1
1
1
2
47
8
81
9
5
8
1
1
2
87
58
12
2
3
145
6
9
1
1
28
134
56
19
33
18
19
5
4
2
1
2
1
2
151
8
1
1
1
68
8
21
12
19
29
4
1
35
96
15
6
10
15
34
70
1
18
3
13
4
4
139
19
2
2
158
2
1
1
125
10
27
53
59
22
26
2
139
15
4
3
1
150
10
1
1
26
34
98
1
1
1
1
108
22
26
4
2
77
33
34
3
15
30
21
96
6
9
142
1
7
9
3
60
63
15
2
20
1
1
65
49
44
2
2
51
35
28
43
5
41
109
3
9
121
13
28
90
47
22
2
1
5
60
79
9
5
2
2
157
5
103
36
22
1
26
77
29
3
17
3
1
5
1
17
57
15
3
24
15
6
12
7
1
1
4
127
31
4
67
2
73
15
4
1
23
122
14
2
1
132
28
1
1
101
47
9
1
2
1
1
143
12
7
58
25
55
22
1
1
135
23
2
2
102
50
5
1
3
1
101
43
14
2
1
1
82
18
14
13
27
4
2
2
57
66
35
3
1
102
27
10
8
13
1
1
72
58
21
5
4
2
87
59
2
5
6
2
1
62
21
56
12
4
5
2
123
26
9
4
8
103
34
8
2
2
3
2
60
82
2
2
4
7
4
1
33
116
6
6
1
57
94
6
1
4
145
2
9
1
3
2
71
83
7
1
44
3
8
46
43
2
9
6
1
31
96
19
12
3
1
131
23
3
4
1
87
6
5
44
12
2
4
2
79
18
7
9
15
11
15
4
4
57
22
68
2
4
7
1
1
38
108
8
6
1
1
50
37
27
9
38
1
133
18
9
2
90
3
35
23
4
5
1
1
136
10
13
1
2
114
2
36
3
6
1
80
32
35
6
1
2
6
40
67
22
9
5
7
4
6
1
1
116
7
10
9
7
1
7
2
1
1
1
70
12
31
19
3
9
16
2
66
35
31
15
3
12
129
29
3
1
161
1
132
10
20
74
88
160
1
1
28
114
8
4
2
4
2
160
2
6
138
11
2
1
4
134
9
6
5
6
2
12
134
5
4
6
1
9
42
3
2
68
2
15
17
3
1
120
28
4
10
126
1
10
5
8
3
5
1
2
1
145
11
2
4
113
25
2
15
3
3
1
28
37
7
79
8
1
2
8
6
132
3
7
1
4
1
36
49
72
3
1
1
29
71
30
17
2
13
41
59
31
31
42
3
55
20
22
3
16
1
3
131
11
12
2
2
1
142
4
3
5
7
1
92
17
53
115
37
6
1
2
1
113
45
2
1
1
40
51
13
49
7
2
143
11
8
15
116
14
16
1
22
11
28
37
38
4
15
4
3
21
71
1
63
2
1
3
39
1
72
18
23
9
101
1
58
1
1
143
14
5
5
141
5
10
1
157
4
1
21
129
1
4
3
3
1
8
57
6
42
32
7
1
3
3
3
37
106
9
4
4
1
1
145
17
107
30
8
9
8
44
95
6
4
13
31
109
21
1
34
99
15
11
2
1
157
3
1
1
112
21
23
6
152
9
1
86
11
62
3
135
9
8
3
1
6
121
34
6
1
79
40
6
34
2
1
133
2
1
17
4
4
1
82
38
33
5
1
2
1
26
13
102
4
8
5
3
1
162
121
20
5
5
1
6
4
60
47
43
4
3
3
1
1
26
40
64
16
3
9
1
1
2
30
31
41
31
4
6
6
8
3
2
103
29
28
2
91
3
32
13
19
2
2
145
13
2
2
14
122
13
5
1
3
1
1
1
1
77
58
6
12
2
4
3
19
75
13
24
5
18
7
1
60
12
76
13
1
51
15
41
1
37
3
14
160
1
1
11
118
28
2
1
2
106
3
40
8
4
1
54
76
1
29
1
1
98
1
41
1
13
7
1
106
8
22
16
5
4
1
100
23
33
1
5
130
27
3
2
29
51
5
55
12
3
6
1
145
4
2
8
2
1
34
16
103
5
1
1
2
90
16
37
5
14
156
2
2
1
1
99
25
25
3
2
6
2
80
45
34
3
57
80
5
10
9
1
139
6
14
1
1
1
40
1
63
29
5
21
2
1
69
55
29
8
1
5
134
5
1
14
3
60
40
32
14
16
105
53
1
3
10
79
35
18
12
8
13
105
44
36
37
82
7
2
69
60
12
4
6
8
1
74
7
46
26
1
3
2
2
1
109
37
11
4
1
41
109
2
9
1
12
148
1
1
111
38
6
3
3
1
76
14
29
21
14
5
1
2
74
47
33
4
2
1
1
22
105
23
3
1
7
1
10
105
22
12
2
4
5
2
84
3
64
10
1
37
114
8
1
1
1
152
4
2
3
1
50
35
43
16
16
1
1
124
24
4
6
4
72
23
43
4
17
3
86
60
5
10
1
104
46
2
3
3
1
3
115
8
10
16
9
2
1
1
89
22
34
8
6
2
1
138
3
7
7
4
3
103
5
7
11
32
2
2
42
17
12
72
11
8
1
9
146
2
2
1
1
121
33
6
1
1
105
45
3
1
3
3
2
119
19
22
1
1
113
13
31
3
2
122
24
4
4
8
93
68
1
17
82
49
2
7
1
1
2
1
78
12
26
20
3
1
5
14
1
1
1
135
3
1
3
8
3
5
1
2
1
66
10
72
3
5
6
41
41
15
3
60
2
60
41
48
4
4
5
48
100
2
3
7
1
1
152
6
3
1
51
92
16
2
1
74
75
11
1
1
113
16
17
5
6
1
3
1
48
10
56
25
12
7
4
153
1
4
1
1
2
64
31
62
3
1
1
116
45
1
124
11
21
2
1
2
1
131
6
3
12
7
2
1
150
5
3
3
1
65
93
3
1
72
59
20
11
138
15
9
101
52
8
1
76
39
25
16
5
1
73
28
15
33
3
5
4
1
56
45
13
40
6
2
36
21
12
30
8
41
12
1
1
30
50
38
14
27
2
1
8
113
26
15
57
61
24
2
5
12
1
157
1
4
141
16
5
78
40
26
10
4
1
3
146
7
2
7
153
9
97
7
51
6
1
56
54
26
24
1
1
156
1
4
1
18
41
83
9
2
4
5
148
6
5
3
132
26
2
2
136
12
10
4
55
85
15
2
2
2
1
100
61
1
17
51
16
40
2
12
19
1
3
1
75
62
1
15
9
141
7
4
4
3
2
1
45
90
22
4
1
81
67
5
8
1
118
42
1
1
146
2
13
1
37
105
11
6
3
140
3
14
4
1
120
17
15
10
117
32
3
2
1
4
2
1
142
17
1
2
67
54
10
28
2
1
91
32
25
8
5
1
154
2
2
3
1
162
40
103
14
5
71
24
33
34
124
30
1
1
2
1
1
2
22
43
22
72
3
74
40
47
1
58
64
9
26
5
75
37
37
2
3
1
1
2
4
22
53
36
1
14
35
1
91
40
24
5
1
1
110
11
18
5
5
9
2
2
120
25
8
6
2
1
102
55
4
1
5
49
14
17
48
5
2
3
18
1
161
1
79
63
20
120
14
18
3
6
1
25
119
6
12
23
43
73
23
159
1
2
157
4
1
69
16
48
15
2
2
2
3
1
1
1
1
1
32
129
1
48
58
15
34
7
13
34
78
29
8
62
61
10
20
5
4
96
45
10
6
4
1
36
2
85
27
3
3
4
2
34
76
52
141
8
6
4
2
1
104
5
36
4
10
2
1
50
2
15
42
45
8
3
45
105
3
3
1
1
1
71
83
2
3
2
1
17
65
29
22
8
1
11
3
1
2
2
1
58
1
71
29
3
85
12
51
9
2
3
48
81
5
22
1
4
1
160
2
80
51
21
5
3
1
1
25
81
31
23
2
60
60
21
16
4
1
122
39
1
89
67
3
1
2
147
9
4
1
1
63
61
29
2
3
3
1
153
8
1
59
82
19
2
106
1
5
18
12
14
5
1
77
82
3
5
6
124
11
3
8
4
1
147
5
2
1
2
1
2
2
148
14
118
17
24
1
2
48
93
5
16
131
18
7
3
1
1
1
2
125
17
4
14
17
87
58
160
2
85
46
16
9
2
4
152
8
1
1
52
67
7
24
12
126
23
12
1
90
27
44
1
91
28
39
4
13
53
86
7
3
1
29
128
3
1
41
83
34
2
2
142
7
10
3
120
21
5
6
9
1
125
1
28
3
3
1
1
112
11
22
2
10
5
152
2
8
162
67
87
3
3
1
1
2
40
54
2
11
51
1
1
78
2
26
39
8
8
1
135
13
11
2
1
48
4
15
42
46
3
1
1
1
1
22
88
16
12
20
4
51
14
74
15
2
5
1
54
68
15
2
21
2
103
6
20
13
5
11
2
2
121
34
3
1
2
1
63
52
37
3
7
147
13
2
62
49
7
43
1
71
42
11
5
27
1
1
3
1
150
11
1
21
16
3
15
58
42
4
1
2
90
37
3
22
2
3
4
1
34
65
16
16
8
18
5
129
33
68
80
11
1
1
1
73
52
8
5
13
8
2
1
92
51
2
14
3
3
12
94
29
13
3
1
6
1
98
22
21
21
30
62
43
20
4
1
2
101
16
2
9
24
9
1
138
22
2
75
61
20
6
41
103
16
2
118
37
2
1
3
1
159
2
1
98
54
7
2
1
92
46
2
20
1
1
158
2
2
78
17
9
23
20
8
3
3
1
28
57
15
48
2
10
2
23
12
110
12
2
3
17
52
4
48
29
9
3
56
41
24
8
21
8
4
152
3
7
85
30
46
1
59
53
23
11
14
1
1
39
36
54
16
9
5
3
96
34
21
1
1
3
3
2
1
12
79
1
31
25
8
6
126
4
5
16
6
2
3
26
2
10
3
4
2
28
42
43
2
76
78
7
1
157
2
1
2
84
26
42
6
4
49
65
20
14
5
7
1
1
143
15
2
1
1
92
14
6
46
4
10
54
55
29
1
9
1
3
62
35
36
2
6
4
3
9
1
1
1
2
38
104
1
6
13
19
96
31
15
1
Number of elements: 2775
