Bin size: 127
Num of Bins: 368
65
32
17
4
1
6
1
1
10
61
16
36
1
3
118
8
1
69
3
15
25
10
1
2
2
35
33
44
3
1
10
1
68
54
3
1
1
77
6
4
24
11
3
2
7
53
23
25
15
3
1
64
56
2
1
3
1
105
16
6
39
68
1
5
2
5
5
2
73
8
20
20
5
1
99
20
2
3
1
1
1
28
42
13
42
2
118
9
52
68
3
3
1
83
31
12
1
69
30
5
9
6
2
1
1
3
1
91
30
1
4
1
25
9
26
37
14
11
2
2
1
35
54
29
1
4
4
79
25
8
13
2
2
110
7
3
5
11
65
8
28
4
6
2
2
1
52
57
16
1
1
77
33
13
1
1
2
101
1
13
6
5
1
83
42
1
1
97
15
14
1
64
29
25
7
1
1
73
43
8
2
1
38
40
40
1
4
2
2
64
25
8
25
4
1
116
6
5
119
1
6
1
40
68
3
16
41
18
28
2
17
4
9
3
4
1
34
46
13
6
1
3
14
8
2
71
37
16
2
1
83
4
38
2
42
26
48
4
5
2
45
42
39
1
118
7
2
99
23
4
1
64
20
25
14
2
1
1
125
1
1
108
4
8
1
6
94
24
2
2
5
69
3
25
7
4
4
13
1
1
118
7
1
1
15
49
59
2
1
1
3
41
79
2
1
1
61
23
1
9
9
3
8
2
3
7
1
59
11
36
3
14
2
2
65
51
1
10
33
21
66
6
1
88
37
2
20
94
5
6
2
12
45
61
1
5
2
1
89
37
1
107
2
16
2
1
75
40
11
92
20
8
4
1
1
1
23
74
27
1
1
1
86
20
5
12
2
2
6
107
14
36
17
14
23
26
3
1
4
3
90
15
3
8
3
1
7
55
38
25
6
1
2
29
60
12
8
15
3
98
25
1
1
2
111
8
1
1
4
1
1
80
15
23
8
1
6
13
45
28
9
11
1
10
3
1
7
82
25
8
3
1
1
127
21
4
82
17
3
74
30
14
2
2
2
3
49
62
9
5
2
68
33
25
1
39
70
6
10
1
1
123
2
2
47
42
16
2
9
1
8
2
107
16
4
72
14
31
1
9
40
6
1
69
1
5
5
108
10
4
3
1
1
35
49
30
6
4
3
69
15
18
24
1
49
44
11
15
3
1
1
1
2
51
41
18
14
1
2
118
6
2
1
83
14
27
1
2
47
79
1
76
1
34
13
2
1
16
106
1
3
1
68
2
44
11
1
1
16
21
43
14
2
31
121
6
92
20
13
2
73
14
34
2
3
1
90
21
3
13
22
29
15
18
23
12
1
4
3
69
18
36
2
1
1
41
63
7
3
9
1
1
2
54
34
38
1
47
26
11
5
26
8
1
1
1
1
127
35
61
9
2
20
85
14
16
9
3
17
79
28
1
1
1
8
91
1
13
12
1
1
34
40
25
10
4
11
2
1
127
82
33
12
101
1
16
9
20
70
14
4
7
4
5
2
1
100
4
17
5
1
60
65
2
13
52
9
5
44
2
2
21
67
4
18
12
4
1
22
58
35
7
3
1
1
115
4
6
1
1
17
78
6
11
1
10
1
2
1
74
20
6
13
5
9
102
14
8
1
1
1
37
45
32
12
1
14
11
36
28
26
6
3
1
2
83
32
1
11
4
92
30
1
105
11
2
1
6
1
1
119
6
2
81
41
4
1
61
49
16
1
113
4
5
5
113
14
106
15
2
1
2
1
111
7
4
3
1
1
74
19
1
11
22
48
47
16
5
11
102
2
7
7
7
1
1
80
13
7
17
1
1
8
25
68
20
9
4
1
11
106
10
120
2
3
1
1
11
90
26
62
4
38
20
1
2
14
78
10
18
4
1
1
1
31
78
5
3
9
1
6
83
37
1
77
33
15
1
1
60
61
5
1
122
1
1
1
2
24
24
53
21
5
115
1
7
1
3
22
56
3
16
18
1
10
1
30
11
42
19
4
6
8
6
1
28
11
64
17
1
5
1
125
2
76
27
15
6
3
96
26
4
1
82
30
2
11
2
96
10
10
9
1
1
104
1
17
3
1
1
99
23
1
1
2
1
70
37
4
12
4
48
49
13
12
2
3
4
99
1
23
117
2
1
4
3
20
45
40
17
4
1
22
13
88
4
125
1
1
95
32
33
70
22
1
1
115
12
10
66
44
7
81
8
16
2
12
5
2
1
108
13
6
110
2
12
1
1
1
60
11
22
23
10
1
34
44
13
13
3
12
6
1
1
102
10
9
6
16
53
23
30
1
2
2
39
79
6
2
1
47
49
30
1
94
4
28
1
13
53
28
24
3
2
4
118
4
1
4
17
3
55
3
17
30
2
117
7
3
93
10
1
6
6
11
102
4
18
3
5
41
47
32
2
68
1
26
22
3
7
120
3
1
2
1
127
86
5
12
20
3
1
95
9
8
4
8
1
2
36
69
22
38
4
54
4
12
13
2
52
56
13
5
1
3
122
2
22
62
15
18
8
1
1
27
46
9
22
6
10
1
5
1
58
68
1
88
14
5
7
12
1
90
8
18
10
1
31
86
5
3
1
1
40
22
27
38
88
13
18
8
26
14
30
34
8
5
9
1
18
7
23
31
12
23
13
108
18
1
126
1
119
8
92
17
15
2
1
16
57
23
28
3
9
51
31
31
2
2
1
13
110
2
2
106
13
6
1
1
92
9
7
17
1
1
124
2
1
19
76
14
11
7
120
5
2
112
11
3
1
11
80
18
6
12
58
33
31
3
1
1
14
36
54
23
18
59
2
34
8
3
1
2
90
15
2
2
4
1
10
3
97
23
7
16
10
47
35
8
2
4
1
2
1
1
49
68
9
1
63
39
10
14
1
4
105
18
92
5
18
3
9
20
102
2
1
2
69
20
26
4
7
1
37
14
36
20
15
3
1
1
74
37
15
1
118
7
2
22
53
36
3
4
9
80
1
27
12
7
19
98
3
7
35
41
32
19
54
38
24
2
9
55
24
16
30
2
12
6
40
46
16
4
3
7
16
60
1
26
11
6
122
4
1
90
23
6
6
1
1
122
2
3
3
30
16
52
16
8
2
78
7
29
8
5
31
48
16
24
2
4
1
1
14
84
18
6
1
1
2
1
91
20
10
4
1
1
79
38
1
5
1
3
112
7
6
1
1
123
4
57
61
2
5
2
75
46
1
4
1
120
3
2
2
44
82
1
16
13
33
9
6
23
21
1
2
3
43
72
7
4
1
101
12
1
8
4
1
45
60
14
6
1
1
125
2
50
13
34
12
12
3
1
2
55
61
7
3
1
37
18
45
12
9
2
3
1
32
71
5
8
10
1
3
122
1
1
37
49
9
27
1
4
80
20
4
11
4
2
1
4
1
71
50
4
2
49
5
12
54
4
1
2
56
33
7
4
27
29
50
30
8
9
1
108
14
2
3
101
1
11
10
3
1
84
7
26
4
6
73
32
5
13
4
127
49
54
18
6
15
90
12
8
1
1
69
49
9
26
78
14
6
3
52
26
49
110
8
2
6
1
89
36
2
27
70
26
2
2
34
71
11
10
1
23
61
42
1
76
19
9
13
4
6
29
63
27
4
2
1
1
80
9
33
3
1
1
71
6
42
5
1
2
73
30
5
15
1
2
1
19
73
3
31
1
27
93
5
2
38
73
9
7
22
66
20
12
2
3
1
1
90
29
5
1
1
1
49
32
16
29
1
83
28
8
8
38
55
7
12
8
2
5
77
16
18
8
3
3
2
120
4
2
1
99
17
11
77
19
26
3
1
1
112
9
2
1
2
1
58
28
25
12
3
1
87
13
9
1
15
2
65
30
4
9
12
6
1
35
48
14
9
1
4
6
9
1
109
14
3
1
118
1
5
1
1
1
127
89
13
2
21
2
111
8
3
5
79
28
20
34
64
2
13
5
7
1
1
68
59
2
62
3
34
16
1
2
7
4
116
7
113
9
5
12
76
33
6
113
4
5
3
2
69
35
16
3
3
1
89
35
3
83
36
6
2
64
23
37
3
100
24
1
2
109
4
14
60
31
34
2
80
14
21
9
2
1
71
24
7
14
3
3
5
61
51
15
2
44
71
6
3
1
3
4
59
38
23
103
18
5
1
42
1
37
20
6
8
2
3
8
81
25
16
5
57
64
5
1
111
2
1
1
6
6
94
16
5
9
2
1
18
42
67
72
26
1
6
7
6
6
2
1
120
7
24
2
64
33
4
14
90
8
6
3
1
4
1
38
2
68
10
4
1
2
1
1
45
5
37
25
5
9
1
25
60
42
87
29
2
1
6
1
1
57
3
45
1
18
3
103
24
29
96
2
121
2
1
1
1
1
43
67
3
5
2
4
2
1
96
13
14
1
2
1
85
28
11
3
122
5
104
4
19
76
18
19
10
1
1
1
1
41
83
1
1
1
Number of elements: 1957
