Bin size: 240
Num of Bins: 456
219
7
14
136
97
7
208
24
4
4
186
21
8
1
20
1
2
1
44
30
118
27
1
7
10
3
112
101
1
10
5
3
6
2
172
16
6
27
3
2
7
4
3
150
20
69
1
58
119
63
136
94
3
4
3
136
46
20
35
1
2
116
80
5
8
27
3
1
128
35
55
8
1
8
1
2
1
1
190
35
12
2
1
133
21
11
2
16
32
1
15
8
1
13
149
17
40
13
2
1
2
2
1
171
33
9
4
12
4
3
1
1
2
200
2
18
11
5
3
1
120
97
19
3
1
134
34
11
26
19
12
4
62
31
66
71
1
2
5
2
55
109
58
12
4
2
197
7
17
6
2
2
7
2
46
46
125
13
2
4
2
1
1
104
44
27
38
3
11
9
2
1
1
213
15
12
153
38
14
2
33
8
30
195
3
3
1
238
2
83
124
18
7
3
5
131
44
35
29
1
52
26
118
44
101
64
48
13
12
2
63
85
6
13
39
17
2
2
10
2
1
182
43
5
1
1
5
3
201
38
1
131
21
66
10
1
7
2
1
1
106
11
33
8
42
28
8
1
2
1
80
123
8
10
11
5
3
224
10
6
130
89
10
2
6
3
3
71
117
32
17
169
43
18
2
2
3
1
2
49
191
217
15
7
1
154
9
77
196
9
32
2
1
96
61
15
45
19
4
236
1
1
1
1
139
62
8
25
1
1
4
72
39
65
24
20
15
5
65
46
10
12
48
5
42
5
3
3
1
169
58
11
1
1
165
18
46
7
1
1
1
1
158
23
21
17
3
10
7
1
154
33
37
6
5
1
4
11
206
22
1
162
35
33
3
3
4
160
73
7
55
25
135
13
8
3
1
214
17
2
5
2
164
29
26
7
1
1
1
2
2
4
2
1
239
1
145
41
50
1
1
1
1
5
51
88
47
25
2
1
18
1
1
1
15
23
173
27
1
1
128
68
24
14
2
2
2
45
50
56
29
36
20
2
1
1
140
24
76
22
112
19
63
6
17
1
57
78
95
3
7
34
78
125
3
201
24
8
6
1
60
149
23
6
1
1
227
12
1
29
97
69
10
19
12
4
80
80
22
33
1
23
1
134
98
5
1
1
1
67
92
34
1
2
14
19
7
4
34
134
60
6
6
182
33
24
1
202
20
12
6
179
51
4
5
1
46
79
50
44
1
7
6
5
2
51
2
103
17
13
35
16
2
1
29
46
76
84
4
1
110
47
8
3
50
11
2
7
1
1
104
3
81
28
5
19
72
11
27
11
56
10
23
26
1
2
1
32
200
1
2
4
1
10
40
94
44
23
4
4
12
9
129
99
12
93
20
26
43
26
4
23
3
2
22
17
175
20
1
5
46
143
39
4
3
3
1
1
105
4
3
16
99
1
11
1
174
41
11
12
1
1
25
139
21
53
1
1
190
2
9
23
8
4
3
1
38
14
71
81
23
12
1
203
21
16
88
69
70
3
8
1
1
83
108
37
5
6
1
79
146
3
7
3
2
151
13
37
10
27
1
1
48
50
54
64
14
4
2
4
62
70
59
10
14
16
9
91
56
31
31
30
1
181
31
14
10
2
2
63
91
60
25
1
47
135
20
14
10
9
5
72
108
34
18
6
2
45
106
18
37
26
1
5
2
6
118
50
23
41
2
203
25
5
2
4
1
98
90
34
17
1
233
2
3
2
69
162
2
5
1
1
32
127
63
6
1
7
3
1
215
14
2
7
1
1
213
2
7
10
1
2
5
11
137
42
8
26
6
8
1
1
79
56
88
10
5
2
26
76
32
54
2
13
20
12
1
1
1
2
221
17
1
1
26
98
5
100
11
234
3
1
1
1
82
124
5
27
1
1
59
21
39
61
58
2
186
2
51
1
177
56
4
2
1
225
9
3
2
1
69
155
6
10
213
11
6
9
1
219
1
12
1
3
1
2
1
191
25
10
9
3
1
1
5
158
40
6
4
8
11
7
1
149
75
1
11
3
1
195
23
16
1
4
1
121
69
38
2
1
4
3
2
56
44
76
20
43
1
122
6
112
36
39
46
21
96
1
1
107
44
85
1
1
2
191
25
21
1
1
1
27
70
121
5
12
5
231
9
24
65
35
33
1
13
5
36
20
6
1
1
26
2
170
6
9
18
2
5
2
43
155
26
15
1
225
11
1
1
2
103
28
30
73
3
3
103
50
4
67
4
6
1
5
58
52
74
31
22
2
1
194
46
93
34
60
13
3
31
4
2
82
113
6
33
5
1
166
64
8
2
84
20
53
59
21
1
1
1
30
51
148
2
7
2
137
56
38
3
3
2
1
15
146
66
11
1
1
28
25
89
8
37
19
13
5
2
7
1
1
1
1
3
157
78
5
114
75
36
11
4
113
103
24
240
198
7
1
18
5
10
1
208
14
5
3
1
4
4
1
3
36
85
106
6
2
1
1
123
28
53
15
1
15
3
2
28
197
4
11
202
7
27
2
2
26
97
18
78
5
4
4
4
2
2
67
64
50
1
6
27
15
9
1
120
108
3
3
4
1
1
201
26
10
2
1
75
93
69
3
185
35
9
2
3
2
2
2
182
20
32
3
3
40
15
112
23
20
2
18
9
1
52
150
17
5
5
9
1
1
172
51
15
1
1
233
6
1
147
59
1
1
17
15
199
7
33
1
218
12
9
1
36
54
128
21
1
134
106
103
9
17
30
45
6
25
5
115
77
37
10
1
27
67
28
67
11
1
10
27
1
1
67
110
59
2
2
236
1
2
1
32
64
56
47
18
13
5
2
2
1
115
24
38
61
1
1
134
105
1
142
7
10
7
73
1
58
119
45
10
8
123
13
60
23
7
12
1
1
108
81
35
6
8
2
127
99
5
5
2
1
1
148
10
41
1
33
5
2
8
54
75
56
20
26
1
85
79
22
50
2
1
1
158
7
25
31
7
5
1
4
2
33
84
52
51
13
5
1
1
11
21
14
59
50
77
2
1
2
2
1
231
6
3
120
72
15
26
2
4
1
157
47
11
2
13
3
4
3
238
2
138
24
39
35
3
1
108
20
2
23
65
16
4
1
1
141
38
24
19
18
158
72
3
6
1
192
8
9
24
2
5
211
20
7
1
1
180
28
18
1
4
2
6
1
85
94
48
6
5
2
81
144
8
7
163
61
9
6
1
202
34
3
1
152
52
21
8
1
2
1
1
2
190
47
2
1
129
93
18
132
34
4
21
35
5
7
1
1
77
110
36
3
13
1
203
19
6
7
2
2
1
221
15
3
1
198
11
16
1
13
1
70
87
68
9
4
2
100
27
80
5
18
6
2
2
71
164
2
1
1
1
80
141
9
6
2
1
1
28
183
10
17
1
1
206
32
2
239
1
30
140
55
8
3
2
1
1
97
58
71
2
1
2
7
2
6
102
94
8
12
10
4
3
1
172
34
6
20
4
4
157
22
17
7
14
23
57
44
65
53
4
17
147
75
3
2
1
10
2
223
16
1
19
63
46
65
14
25
7
1
178
60
2
92
62
35
3
13
9
6
9
6
5
68
60
58
32
7
10
3
1
1
184
30
21
2
2
1
169
4
67
27
140
17
33
3
8
7
1
2
1
1
6
190
38
6
27
164
41
6
1
1
53
116
25
22
21
1
2
147
28
40
20
4
1
233
2
3
1
1
196
9
23
7
3
1
1
38
128
29
25
7
4
2
7
153
78
1
5
1
1
1
127
110
3
52
182
5
1
63
56
20
55
2
20
3
6
13
2
229
8
2
1
101
12
108
16
3
222
2
9
5
2
187
51
1
1
113
7
114
5
1
133
32
50
8
9
7
1
151
78
11
91
13
43
48
34
1
8
1
1
234
6
89
106
21
11
7
1
2
3
238
1
1
91
76
43
8
7
1
14
228
6
6
224
2
10
2
1
1
148
50
32
3
5
2
237
3
154
78
5
1
1
1
63
81
69
15
12
186
13
31
6
3
1
129
41
58
8
4
57
103
74
1
4
1
163
29
1
32
11
2
2
232
7
1
237
1
1
1
112
56
3
38
18
4
7
1
1
147
21
14
2
17
32
1
2
1
2
1
32
63
23
57
63
1
1
182
46
1
1
2
2
5
1
27
125
13
53
15
2
2
2
1
150
81
8
1
52
82
88
4
13
1
94
55
33
5
9
22
9
12
1
156
24
24
28
8
51
52
38
33
23
8
21
11
3
133
92
15
40
28
135
20
13
1
3
109
126
3
2
143
87
4
6
135
55
35
13
1
1
21
133
84
1
1
195
40
5
111
45
46
16
14
2
1
2
3
190
49
1
90
53
94
3
183
45
9
2
1
21
109
75
35
223
16
1
156
56
3
9
7
5
1
1
1
1
15
180
32
7
3
3
100
87
52
1
207
18
10
5
214
16
5
2
1
2
119
116
4
1
166
69
4
1
68
118
45
4
1
4
123
15
31
29
36
5
1
102
2
53
40
16
15
4
8
177
28
27
7
1
101
114
1
15
4
5
116
102
6
11
1
3
1
124
67
28
14
3
3
1
72
76
47
25
12
7
1
58
4
50
105
8
14
1
79
87
16
17
40
1
117
39
55
1
20
6
1
1
145
78
4
9
1
3
118
91
16
7
6
2
145
21
73
1
40
7
26
83
59
9
2
13
1
240
176
48
4
12
169
30
21
9
8
2
1
35
205
56
176
2
1
3
1
1
90
110
17
14
6
2
1
176
51
9
3
1
152
66
13
9
229
4
5
1
1
170
36
17
1
6
3
1
5
1
38
18
180
2
2
201
12
22
1
3
1
115
65
16
29
9
3
1
2
93
63
44
20
2
2
4
12
202
3
35
34
172
16
18
185
14
24
1
3
12
1
232
5
1
1
1
19
163
55
2
1
117
68
6
17
22
7
2
1
95
75
43
19
7
1
134
93
13
130
44
49
16
1
208
16
3
12
1
143
82
14
1
53
49
135
1
1
1
37
110
51
18
11
3
6
2
2
35
6
198
1
35
146
30
15
4
8
1
1
177
45
12
1
4
1
130
57
38
10
1
3
1
232
2
6
67
33
17
30
23
19
31
2
9
5
2
2
162
44
15
14
5
146
64
13
14
3
14
118
56
42
2
3
1
2
2
218
14
1
5
2
53
165
17
2
1
1
1
220
15
1
4
119
50
12
44
1
1
7
3
3
191
21
11
1
5
8
2
1
9
198
30
2
1
145
5
1
57
22
1
9
22
207
3
6
2
62
5
61
54
45
7
1
2
1
2
18
186
34
1
1
221
6
7
4
1
1
81
15
103
3
8
22
5
3
86
136
10
3
2
1
1
1
170
65
3
1
1
101
95
16
1
16
8
1
1
1
4
106
12
26
91
1
110
77
35
11
4
2
1
231
2
7
98
123
15
1
3
73
158
3
3
3
121
102
10
1
1
1
4
129
41
21
27
9
12
1
227
11
1
1
186
21
5
5
1
7
13
2
54
152
1
20
11
2
133
81
23
2
1
239
1
192
45
2
1
25
78
81
23
8
12
4
5
2
1
1
184
44
8
4
166
71
2
1
157
6
16
39
22
195
24
5
2
13
1
93
130
6
2
8
1
150
49
28
12
1
107
28
90
2
12
1
132
79
2
1
9
15
2
71
24
82
6
7
2
16
25
7
198
5
36
1
237
3
191
49
194
4
38
3
1
208
9
12
7
3
1
63
72
33
42
22
3
2
2
1
62
85
41
1
43
3
5
213
7
7
6
2
2
3
211
23
6
104
15
87
15
4
10
5
224
3
9
1
3
53
123
19
3
29
3
5
3
2
31
89
69
16
14
20
1
16
129
78
10
4
3
224
9
3
1
1
1
1
94
36
88
16
6
229
4
6
1
171
23
33
3
5
5
104
129
1
5
1
90
46
43
27
13
20
1
107
14
45
73
1
29
170
35
5
1
215
18
6
1
140
87
11
1
1
237
3
75
57
76
26
2
4
131
37
63
1
1
6
1
18
116
60
17
11
12
1
5
152
44
34
10
187
6
37
5
3
1
1
177
30
12
10
7
4
69
149
16
2
1
1
1
1
203
5
11
6
2
3
9
1
84
16
70
11
7
48
4
154
60
7
7
9
3
26
212
2
17
166
46
1
10
67
163
3
6
1
175
1
64
163
15
47
5
10
225
15
199
9
8
17
3
2
2
28
192
14
4
2
161
17
56
3
2
1
10
195
27
5
3
157
22
5
11
3
9
29
4
167
23
3
25
17
5
128
33
21
1
21
9
8
13
6
126
24
33
4
6
20
16
1
8
2
Number of elements: 2775
