Bin size: 142
Num of Bins: 408
58
36
11
32
2
1
1
1
97
35
5
5
28
63
46
2
2
1
19
64
43
6
4
2
4
40
38
13
27
19
3
1
1
81
20
20
16
5
140
2
124
15
2
1
54
75
3
8
1
1
90
25
8
2
5
9
3
122
6
4
7
1
2
18
104
1
6
4
2
5
1
1
49
93
78
8
55
1
107
1
7
26
1
138
3
1
5
103
30
2
2
132
3
5
2
114
24
2
1
1
32
47
13
23
23
4
92
1
27
2
6
9
3
2
69
9
49
12
2
1
3
72
31
16
4
2
5
2
4
1
1
1
56
2
74
5
2
3
3
72
66
1
46
52
39
2
1
1
1
17
25
70
10
14
2
2
2
29
59
44
8
2
139
3
18
57
44
11
9
1
1
1
66
17
16
23
13
1
6
134
2
4
1
1
91
44
1
3
1
1
1
123
6
10
1
2
2
88
28
9
14
1
13
39
76
14
55
84
1
1
1
26
113
3
7
72
3
21
14
14
3
6
1
1
71
40
25
4
1
1
45
79
8
5
1
3
1
90
24
23
2
2
1
70
6
31
21
12
1
1
46
5
87
1
3
5
102
18
11
2
4
7
34
12
76
12
1
81
34
14
5
8
122
7
8
2
1
1
1
124
15
3
47
56
1
1
14
15
8
54
37
15
28
1
7
2
80
20
11
20
3
6
19
41
75
6
1
51
15
33
7
33
3
140
1
1
112
4
5
15
2
4
29
8
94
7
3
1
20
82
30
5
5
71
8
26
14
10
1
3
3
3
1
1
1
93
19
1
25
4
57
32
40
6
1
3
2
1
136
4
2
111
22
4
2
2
1
64
24
4
29
4
3
10
1
2
1
69
38
23
9
1
2
114
5
20
2
1
47
90
5
56
32
53
1
29
81
23
7
1
1
123
2
17
106
4
27
1
1
1
1
1
86
44
4
3
1
3
1
101
33
1
1
3
1
2
61
4
59
5
2
1
7
2
1
80
46
8
3
2
2
1
31
4
101
1
4
1
57
25
58
1
1
71
29
39
1
2
89
3
1
47
1
1
48
77
14
1
2
6
27
8
53
48
91
35
9
5
1
1
13
8
96
12
4
5
2
1
1
88
41
10
3
116
6
13
2
2
2
1
1
68
10
13
29
7
9
5
50
80
7
4
1
100
19
18
1
1
1
1
1
40
84
8
5
4
1
89
26
16
9
1
1
43
5
48
44
2
116
16
6
3
1
69
41
23
2
2
2
2
1
80
36
20
1
1
2
1
1
34
34
10
7
36
14
3
4
24
39
25
53
1
71
42
4
22
3
90
22
9
2
5
1
11
2
92
29
20
1
88
14
21
9
3
5
2
93
31
3
1
2
2
7
2
1
66
53
2
14
6
1
2
69
30
12
15
10
1
2
1
31
105
1
4
1
62
55
9
4
4
7
1
139
1
1
1
6
62
43
9
12
2
8
19
97
4
12
6
4
51
54
10
2
3
19
1
2
125
10
2
5
4
132
3
1
1
1
58
28
41
9
6
60
42
18
4
5
5
7
1
4
70
42
7
6
3
10
23
105
5
6
3
79
34
2
6
21
25
9
99
9
83
49
6
2
2
95
39
4
3
1
29
67
16
3
11
15
1
46
90
4
2
134
4
3
1
101
38
1
2
103
21
13
5
127
4
2
3
2
3
1
69
29
37
3
3
1
122
6
10
2
2
38
81
23
114
26
2
127
2
5
2
2
2
2
73
40
10
14
5
14
116
3
5
3
1
78
21
23
11
9
23
58
39
20
2
27
27
66
19
3
139
1
2
25
18
85
7
5
1
1
91
24
23
2
1
1
91
7
38
1
3
2
74
11
46
5
3
1
2
37
47
18
28
11
1
97
6
19
15
5
110
21
1
9
1
124
18
24
74
32
6
3
1
2
130
10
1
1
25
115
1
1
80
15
22
8
11
1
1
1
3
119
22
1
55
84
2
1
17
106
3
5
8
3
53
6
1
3
25
42
3
3
2
3
1
126
5
5
6
40
99
1
1
1
13
80
42
3
2
2
15
38
40
3
39
1
1
4
1
38
6
61
21
3
8
5
142
46
63
21
12
76
64
1
1
13
115
1
6
3
3
1
3
2
75
16
25
19
2
69
71
2
121
5
3
11
2
72
24
23
16
2
4
1
115
19
5
2
1
123
9
5
1
2
2
67
33
30
11
1
49
15
31
2
25
10
2
5
2
1
86
29
8
12
2
5
99
27
3
7
3
1
1
1
138
3
1
77
32
7
13
9
1
2
1
118
16
2
5
1
34
77
31
22
2
15
16
30
36
12
7
2
7
65
43
5
22
87
9
6
9
10
2
18
1
65
77
49
43
30
14
5
1
4
42
63
19
13
1
142
3
39
3
27
21
1
45
2
1
123
8
1
1
5
4
125
15
1
1
128
11
3
59
6
56
3
7
9
1
1
84
53
3
2
123
14
5
108
18
13
3
139
2
1
128
4
4
6
85
9
38
3
2
3
2
104
35
2
1
127
3
10
1
1
43
67
9
19
2
1
1
52
10
76
4
6
2
106
5
6
8
8
1
142
9
2
32
87
7
4
1
121
19
2
59
31
50
1
1
138
1
2
1
54
50
36
2
14
22
89
14
3
111
4
3
9
7
3
4
1
25
68
13
16
6
6
5
1
2
91
30
4
17
124
17
1
67
24
1
47
2
1
74
27
22
7
9
1
2
53
37
51
1
134
5
2
1
16
55
51
7
2
1
10
101
14
25
2
124
17
1
45
21
65
10
1
129
13
99
31
3
5
3
1
5
109
15
4
7
2
73
46
14
7
2
2
139
1
1
48
21
40
27
3
1
1
43
50
41
7
1
135
7
97
14
9
3
18
1
133
8
1
59
36
19
18
2
3
2
3
5
78
13
33
8
2
3
78
13
8
13
4
12
7
1
1
2
2
1
119
22
1
132
1
5
1
3
92
16
13
16
1
4
78
62
2
78
12
12
36
1
1
1
1
36
89
2
10
1
2
1
1
142
65
13
14
32
8
3
5
2
17
11
106
2
4
1
1
91
12
18
2
4
1
11
2
1
102
3
9
8
3
5
6
6
23
101
18
57
77
7
1
103
14
2
13
5
5
10
41
42
4
44
1
97
13
29
1
1
1
120
6
4
7
3
1
1
22
119
1
50
59
7
18
2
2
2
1
1
138
3
1
35
77
4
21
1
4
90
49
1
1
1
64
7
71
17
108
3
8
1
1
3
1
51
80
4
1
2
1
1
1
1
36
43
26
35
2
114
15
3
4
4
1
1
13
16
29
26
42
5
8
2
1
62
4
71
4
1
80
37
9
1
11
3
1
17
92
19
6
3
3
2
131
10
1
63
23
12
31
8
5
2
72
17
2
47
2
86
5
25
4
6
13
1
2
6
62
24
4
22
10
7
3
4
21
15
10
51
27
11
1
5
1
34
5
84
13
5
1
61
4
58
8
3
7
1
62
62
12
5
1
39
43
3
30
8
8
11
125
11
6
117
20
1
2
1
1
22
92
3
20
2
1
1
1
84
39
15
2
2
65
56
8
9
3
1
6
97
5
10
5
9
4
2
2
1
1
37
47
29
2
2
6
3
16
84
41
11
5
1
2
94
21
6
2
8
3
3
3
121
20
1
27
105
1
3
4
2
102
2
34
3
1
35
86
8
6
7
133
4
5
16
5
16
67
12
23
1
1
1
102
10
10
14
2
4
40
31
37
9
2
5
18
4
99
33
3
3
81
29
4
24
1
2
1
133
4
1
3
1
87
39
14
2
75
65
2
10
93
26
12
1
45
27
46
15
5
1
1
1
1
134
5
2
1
29
66
27
10
5
1
4
61
29
47
4
1
134
3
3
1
1
125
2
4
5
3
3
27
66
9
1
26
10
3
65
44
10
16
6
1
133
9
123
17
1
1
28
35
3
8
3
15
16
1
1
26
2
2
1
1
73
44
24
1
33
30
17
25
1
31
5
128
9
2
1
2
14
117
9
2
40
31
29
29
10
1
2
5
59
4
47
1
23
3
42
20
45
30
5
78
62
1
1
134
6
2
73
6
36
19
8
68
3
26
45
66
28
12
19
14
3
127
11
2
1
1
122
1
6
12
1
5
136
1
13
60
14
35
8
2
10
101
17
17
7
139
2
1
60
44
32
5
1
66
56
2
1
12
1
3
1
108
6
21
6
1
130
9
1
1
1
79
5
58
20
96
2
10
5
3
2
3
1
41
74
18
4
1
1
1
2
85
48
8
1
129
6
1
5
1
98
7
21
10
4
2
100
30
8
3
1
125
7
2
1
3
1
1
2
113
21
3
1
4
89
27
6
17
2
1
31
78
14
8
2
9
87
10
29
12
3
1
110
19
5
4
1
1
1
1
27
6
35
2
33
39
40
60
12
25
2
2
1
62
37
15
23
4
1
70
14
20
14
6
8
4
1
2
2
1
24
99
16
2
1
12
114
6
7
3
97
25
18
2
123
7
5
7
128
8
6
13
38
71
15
2
1
2
31
61
8
28
3
10
1
25
86
8
19
3
1
74
6
24
12
24
1
1
26
60
16
35
1
3
1
68
48
11
1
11
2
1
46
44
13
11
9
10
6
1
1
1
106
12
2
4
1
9
7
1
84
50
8
106
13
13
8
2
52
40
12
18
11
7
2
9
52
55
10
15
1
40
78
7
9
7
1
35
103
4
68
26
19
21
8
78
48
12
3
1
37
101
4
103
28
5
5
1
45
3
3
79
4
3
4
1
107
14
16
4
1
127
9
2
1
2
1
4
9
2
87
18
3
15
2
2
43
61
10
18
2
7
1
103
39
24
64
26
16
2
3
4
3
124
7
10
1
57
71
13
1
81
32
18
7
2
2
122
20
47
12
24
32
19
6
1
1
50
61
19
6
6
1
113
22
4
1
1
29
91
2
10
9
1
75
56
2
6
2
1
79
31
23
6
3
136
1
4
1
45
46
31
4
8
2
4
2
35
58
2
46
1
5
16
45
35
22
17
1
1
136
4
1
1
17
59
56
9
1
92
39
11
92
45
1
2
1
1
100
33
3
6
96
29
15
1
1
104
30
5
2
1
116
24
2
50
75
4
6
6
1
17
101
8
2
5
5
4
78
24
39
1
101
6
18
8
7
1
1
117
6
15
1
3
22
71
45
4
35
36
38
28
2
2
1
130
6
6
88
8
42
4
128
6
8
114
19
7
1
1
99
12
29
2
Number of elements: 2317
