Bin size: 110
Num of Bins: 311
88
20
2
17
19
16
30
16
5
3
2
2
26
22
51
10
1
83
10
7
2
3
5
82
16
2
10
18
2
59
8
6
16
1
99
11
7
103
16
67
19
7
1
95
7
2
4
2
32
16
54
1
4
1
2
89
8
6
1
1
1
4
23
83
2
1
1
7
100
3
48
60
2
61
20
22
3
4
96
12
1
1
32
16
16
43
3
64
29
9
7
1
99
9
2
50
54
3
3
109
1
102
1
5
1
1
74
13
9
3
1
6
4
30
56
5
4
4
2
8
1
106
3
1
17
40
18
25
7
3
4
44
27
9
6
2
8
2
3
5
110
90
7
5
3
2
3
69
18
4
16
1
1
1
1
96
13
37
49
11
8
2
1
1
1
17
4
2
54
16
11
2
4
79
10
4
5
5
4
1
1
1
74
4
19
2
2
8
1
86
7
14
2
1
53
14
19
5
10
9
32
6
61
8
3
80
22
7
1
108
1
1
19
37
27
3
23
1
73
24
9
4
32
48
2
10
12
1
2
2
1
3
68
10
26
1
1
1
93
11
5
1
14
40
56
94
1
11
1
3
90
14
5
1
39
45
25
1
37
16
8
19
29
1
68
34
1
3
4
95
6
4
4
1
33
53
1
14
8
1
45
34
8
20
1
2
62
21
6
4
5
11
1
35
8
18
23
26
3
4
67
36
71
35
3
1
105
2
2
1
50
7
4
3
8
34
2
2
76
32
2
86
11
4
9
18
52
40
33
14
33
27
3
57
41
2
5
2
1
2
39
13
49
6
2
1
103
5
1
1
76
34
55
45
9
1
25
46
17
4
2
7
5
3
1
31
34
9
11
11
1
4
1
4
1
2
1
23
55
24
4
1
2
1
7
75
28
97
1
7
5
68
31
7
1
3
74
33
2
1
91
17
2
74
7
7
21
1
37
63
1
5
4
68
25
11
4
1
1
91
19
78
1
15
12
2
2
48
3
18
38
2
1
65
17
6
19
1
2
21
7
70
11
1
61
27
2
19
1
79
21
1
6
1
1
1
70
32
4
4
91
6
7
1
1
1
1
1
1
52
14
37
3
3
1
98
5
2
1
2
1
1
59
4
5
42
20
78
1
4
4
3
29
67
2
6
1
4
1
65
44
1
25
57
10
16
2
47
28
30
4
1
96
4
1
3
6
17
50
29
11
2
1
59
40
11
84
12
3
2
1
3
2
1
2
32
15
24
10
24
5
66
26
5
1
10
2
83
18
2
1
3
2
1
68
11
28
2
1
3
78
27
2
69
22
5
6
5
1
2
53
3
15
28
4
3
3
1
95
8
7
60
26
21
3
28
37
33
6
2
1
2
1
5
100
4
1
62
48
70
36
3
1
24
31
55
53
28
14
13
1
1
32
70
8
29
6
47
8
7
2
7
1
3
110
75
22
5
8
46
10
22
27
2
2
1
27
21
13
13
36
44
16
32
8
10
108
1
1
17
45
40
8
53
23
29
4
1
67
40
2
1
71
36
1
2
109
1
105
2
2
1
13
45
23
22
2
2
2
1
91
18
1
18
70
16
5
1
86
8
9
3
3
1
77
12
4
7
10
97
7
2
4
73
23
12
2
82
27
1
77
20
12
1
103
6
1
32
63
4
2
9
12
98
104
5
1
7
75
13
5
6
2
1
1
80
30
84
14
10
2
56
31
17
5
1
73
14
5
2
1
9
4
2
97
1
11
1
64
37
8
1
64
7
29
2
8
86
15
3
6
101
9
12
65
29
3
1
10
100
69
15
6
17
2
1
6
54
38
4
2
3
2
1
87
9
1
3
2
3
1
4
29
57
8
4
8
4
98
2
5
4
1
1
39
21
34
7
6
2
17
24
7
44
10
8
89
13
2
6
56
24
22
2
1
4
1
109
1
22
75
4
2
2
3
2
102
7
1
29
69
6
3
1
1
1
76
8
17
3
4
2
65
20
23
2
107
2
1
20
83
7
44
11
41
2
9
3
62
27
2
1
14
3
1
55
33
7
9
5
1
3
19
46
22
14
4
2
15
43
4
10
19
6
5
2
3
3
52
56
2
18
51
33
1
6
1
28
70
6
3
3
53
12
39
5
1
90
19
1
68
10
28
4
27
13
64
5
1
3
78
18
7
4
12
41
22
16
1
5
10
2
1
30
5
38
4
12
5
3
1
2
5
2
3
44
19
32
4
8
3
91
16
3
100
3
7
108
2
48
28
13
7
11
1
2
40
35
16
9
10
25
59
20
1
1
3
1
18
68
13
1
6
1
3
2
2
57
40
6
1
1
1
5
67
26
1
9
2
23
12
56
15
4
45
33
18
2
2
2
7
1
6
90
4
7
3
16
5
16
48
14
11
84
25
1
50
27
30
2
1
2
93
4
2
8
1
6
80
19
5
49
19
12
19
8
3
50
42
8
2
6
2
41
69
74
4
11
10
9
1
1
48
46
16
89
12
3
5
1
45
35
28
1
1
16
34
37
1
14
5
2
1
62
29
11
8
31
2
43
26
8
110
103
2
5
67
3
16
24
27
75
2
6
56
54
67
24
10
5
1
2
1
47
29
16
17
1
18
54
8
16
6
2
4
2
77
25
5
2
1
48
16
14
18
4
6
2
1
1
76
22
4
4
2
1
1
93
14
2
1
60
8
42
54
15
11
30
68
14
27
1
6
34
68
2
97
7
4
1
1
13
28
68
1
96
7
7
87
20
1
2
87
15
5
3
15
22
51
1
4
8
2
5
1
1
34
62
8
3
2
1
85
18
2
3
2
71
18
21
13
90
2
5
90
13
5
1
1
62
45
1
2
47
40
5
12
5
1
20
46
25
4
10
4
1
70
28
2
2
8
51
41
12
6
41
39
20
3
2
5
56
26
4
5
2
15
2
33
33
39
3
1
1
49
42
6
10
2
1
83
14
8
5
62
34
12
1
1
64
10
28
8
69
26
13
1
1
77
29
2
2
98
12
3
29
15
10
36
5
7
5
78
3
9
13
5
1
1
43
6
24
1
21
5
7
3
88
4
12
2
3
1
31
4
67
5
1
1
1
13
54
18
14
2
1
5
2
1
60
46
2
2
14
16
45
27
4
1
2
1
93
5
6
2
4
17
14
5
13
7
16
14
10
3
2
7
2
51
39
6
11
1
1
1
95
10
4
1
72
6
12
19
1
69
1
10
2
21
6
1
5
3
14
38
35
13
2
98
1
10
1
26
76
3
3
1
1
86
10
8
5
1
12
4
18
23
30
15
4
2
2
20
73
8
4
4
1
60
37
6
5
1
1
105
1
1
1
1
1
27
8
23
33
1
17
1
53
21
7
19
1
6
3
31
42
34
1
2
95
7
7
1
19
55
19
13
4
5
8
62
24
4
2
4
1
60
47
1
1
1
78
10
22
25
85
17
21
19
8
12
14
8
4
6
1
37
51
14
7
1
69
12
29
33
54
5
3
1
8
3
2
1
93
5
1
10
1
22
1
33
19
27
4
2
2
27
60
17
4
1
1
92
14
3
1
64
6
12
25
3
11
87
4
5
2
1
59
14
4
8
14
11
18
31
39
19
1
1
1
3
73
13
10
8
1
2
17
34
26
14
15
2
2
41
58
7
3
1
87
20
2
1
74
33
3
27
75
3
2
3
17
45
7
26
1
5
3
6
27
5
37
33
4
4
103
6
1
103
6
1
Number of elements: 1631
