Bin size: 239
Num of Bins: 310
191
4
43
1
127
46
55
9
1
1
33
79
73
47
3
4
238
1
90
24
87
14
19
4
1
66
60
64
41
4
4
148
50
21
14
1
3
2
92
127
6
8
3
3
198
32
2
6
1
6
49
79
99
1
4
1
162
29
42
6
145
32
15
45
2
81
114
24
10
8
1
1
36
59
118
15
1
3
3
4
55
179
1
4
159
38
37
5
82
19
3
134
1
46
145
27
18
2
1
31
202
6
108
75
29
5
20
2
65
50
50
67
3
1
2
1
138
67
28
4
1
1
48
142
22
26
1
236
2
1
128
29
46
8
11
11
2
4
165
63
10
1
108
45
11
67
1
1
3
3
229
5
2
1
2
61
171
3
4
144
72
17
6
22
209
1
2
5
39
20
46
51
14
16
25
19
2
4
3
93
28
82
3
18
14
1
192
3
35
5
3
1
180
53
3
2
1
221
11
4
2
1
172
50
5
5
7
197
18
22
2
19
99
62
47
10
2
122
65
29
15
3
2
3
173
55
4
3
1
2
1
221
10
2
4
2
200
6
21
11
1
97
34
49
47
9
2
1
202
15
14
7
1
239
98
84
8
11
2
16
6
1
10
3
89
66
35
34
4
2
8
1
79
34
71
41
6
7
1
17
44
48
100
9
16
4
1
112
1
80
33
2
5
4
1
1
187
51
1
121
17
19
40
23
10
9
97
100
14
24
4
4
83
3
147
1
1
166
52
19
2
73
35
51
67
5
7
1
21
210
5
1
1
1
234
1
4
174
2
36
16
1
2
1
5
2
178
5
32
5
14
4
1
34
99
27
29
41
4
4
1
152
17
60
7
3
192
47
217
2
9
2
8
1
131
56
49
3
86
105
24
6
12
6
171
68
231
3
5
157
51
2
6
6
2
7
3
3
2
123
49
35
29
1
2
69
163
7
75
161
3
214
12
5
1
1
4
1
1
82
54
85
6
11
1
17
155
46
2
15
1
3
184
6
4
10
34
1
186
42
4
6
1
122
36
32
26
19
2
1
1
178
49
7
3
1
1
197
36
1
2
1
2
37
47
55
84
4
9
1
2
22
145
59
10
3
236
3
6
145
5
75
3
5
231
4
4
160
70
2
3
3
1
149
79
6
1
2
2
14
211
2
8
2
2
52
92
1
68
15
5
4
2
123
96
7
7
4
2
33
166
24
4
11
1
44
92
3
57
12
1
16
4
6
4
119
22
93
2
3
62
158
16
1
1
1
70
43
37
55
31
2
1
99
131
9
47
62
82
25
21
2
138
36
9
40
10
6
53
48
137
1
116
29
12
20
56
4
2
66
45
38
89
1
165
17
6
17
22
2
6
2
1
1
227
11
1
152
14
40
28
1
4
106
30
18
48
30
2
1
4
135
9
57
8
24
6
87
139
8
5
45
73
28
15
12
21
19
5
14
2
1
1
1
2
102
43
62
27
2
1
2
32
9
80
35
12
5
14
42
7
1
2
201
4
1
11
21
1
94
135
9
1
23
80
108
3
5
19
1
35
168
29
3
1
3
41
149
17
31
1
53
115
2
34
14
2
10
5
1
1
1
1
116
19
63
37
3
1
190
8
10
28
2
1
172
38
17
4
8
188
41
10
74
1
128
36
181
31
24
3
177
60
1
1
108
60
41
16
3
6
4
1
42
23
156
16
1
1
98
90
50
1
169
58
5
3
3
1
98
60
45
20
16
118
57
37
8
14
5
202
15
13
8
1
23
149
66
1
166
32
12
26
1
2
130
19
12
4
3
51
8
7
3
2
212
14
10
2
1
103
129
3
1
3
126
110
1
1
1
126
44
58
11
40
40
120
12
7
18
1
1
198
28
11
1
1
61
168
6
2
2
200
8
6
9
4
1
8
3
91
88
5
17
11
27
154
22
61
2
145
62
9
12
4
7
189
38
4
5
1
2
228
4
5
2
138
90
7
1
2
1
239
8
78
66
14
46
9
18
73
108
10
1
14
9
12
12
187
24
16
3
9
139
5
5
66
21
1
1
1
36
1
47
98
36
14
7
70
23
29
37
47
1
9
17
3
3
152
51
23
2
9
2
130
84
3
21
1
40
129
61
4
5
154
53
31
1
111
102
17
4
4
1
182
15
4
34
3
1
223
2
4
2
2
6
42
111
28
53
4
1
37
169
24
8
1
67
77
50
45
86
41
69
18
4
10
4
3
1
3
58
146
21
14
145
65
13
6
5
2
2
1
3
65
161
1
6
1
1
1
185
2
30
16
3
2
1
159
23
21
29
5
2
2
79
128
16
10
4
32
51
71
52
3
5
13
8
3
1
4
58
168
8
1
32
56
144
5
2
227
9
3
154
61
23
1
46
10
120
31
11
19
1
1
40
81
93
15
6
1
2
1
198
13
27
1
3
236
184
35
12
5
2
1
231
1
3
2
2
222
6
8
3
1
60
20
32
76
14
4
4
6
17
3
2
34
202
1
1
1
62
60
5
104
2
3
2
1
153
47
19
2
7
9
1
1
22
180
15
2
15
2
2
1
27
61
102
19
5
7
18
47
165
20
6
1
198
14
25
2
194
36
5
2
2
133
70
14
2
11
4
4
1
42
118
69
10
46
28
117
38
7
3
229
3
6
1
73
104
14
42
1
3
1
1
72
81
66
12
2
2
2
2
16
161
28
3
7
17
4
3
189
4
20
16
7
1
2
25
173
11
8
22
97
130
7
2
2
1
238
1
24
32
131
4
42
2
2
1
1
77
51
1
85
1
9
12
2
1
163
60
16
72
74
15
48
3
23
3
1
77
38
55
43
15
10
1
100
80
57
1
1
169
1
37
30
2
110
85
20
6
14
3
1
7
130
12
35
33
11
5
3
1
2
34
195
9
1
161
56
22
187
12
24
6
7
3
164
47
10
16
2
237
2
121
52
37
10
6
4
4
5
60
140
36
1
2
110
22
81
17
5
4
130
27
33
14
22
11
2
219
9
3
6
2
179
10
43
1
5
1
66
119
35
13
6
53
174
12
125
48
40
25
1
230
9
22
183
17
3
1
11
2
132
93
1
9
1
2
1
113
3
67
6
39
1
4
5
1
119
64
38
15
2
1
190
38
8
1
2
54
13
155
15
1
1
31
195
8
3
1
1
36
14
179
4
1
1
2
2
33
130
40
35
1
26
79
63
50
9
6
1
4
1
165
31
1
7
28
7
23
2
8
89
4
3
86
22
1
1
213
20
1
2
2
1
182
37
10
9
1
14
209
5
2
6
3
173
4
36
16
4
3
3
93
68
73
3
1
1
164
63
12
162
72
4
1
170
59
7
2
1
153
30
6
39
1
2
1
2
5
217
2
17
3
69
1
110
5
20
9
20
4
1
176
1
25
36
1
172
52
2
13
9
189
26
8
2
3
1
1
227
4
1
5
2
42
108
71
6
12
110
72
51
3
1
2
29
55
110
34
5
4
2
56
80
14
81
2
6
236
1
1
1
103
48
41
21
24
1
1
163
31
44
1
234
5
166
23
15
35
103
15
85
8
21
4
1
1
1
10
18
96
26
64
22
3
156
49
7
25
1
1
8
181
37
12
1
101
6
127
1
3
1
15
116
90
3
1
5
5
3
1
54
65
59
9
36
15
1
45
161
22
8
3
84
112
39
2
2
178
5
4
36
12
4
61
155
2
18
1
2
165
16
12
26
5
12
2
1
167
19
45
6
1
1
216
1
19
3
181
44
12
1
1
55
35
40
55
13
21
18
2
64
171
3
1
87
49
11
31
56
5
105
100
7
27
134
90
13
2
149
55
4
18
6
7
96
56
18
15
9
1
33
1
10
127
91
12
7
2
7
96
84
12
35
1
1
2
1
134
50
32
17
5
1
235
1
3
3
72
96
1
12
22
26
4
3
215
4
11
5
3
1
3
163
53
18
1
1
200
35
4
150
23
24
15
12
7
2
1
3
2
86
102
44
3
4
141
10
63
10
4
3
1
6
1
207
27
5
62
130
20
1
8
4
8
1
1
4
108
95
16
20
6
132
18
19
35
3
5
17
3
1
61
10
2
65
42
24
20
3
4
7
1
193
4
41
1
63
30
69
17
53
2
5
230
5
1
2
1
148
42
8
14
4
10
12
1
71
90
21
12
45
92
130
11
5
1
56
50
117
4
8
4
104
111
20
2
1
1
Number of elements: 1842
