Bin size: 164
Num of Bins: 358
5
11
67
21
11
32
14
3
162
2
102
6
44
4
6
2
70
19
22
13
15
12
5
3
5
87
41
21
15
45
95
11
6
3
2
1
1
117
43
1
3
80
25
7
20
30
2
54
14
10
49
13
9
14
1
5
149
8
1
1
158
6
108
51
3
2
99
59
4
1
1
38
7
26
3
51
1
5
26
6
1
106
18
2
9
27
1
1
23
65
21
40
7
2
3
2
1
142
19
1
1
1
143
10
5
6
63
73
25
2
1
140
12
4
2
6
64
1
80
3
10
2
4
106
13
1
19
24
1
103
55
3
2
1
125
2
15
4
2
15
1
44
58
55
4
1
2
112
17
30
1
1
3
138
15
9
2
124
35
5
22
127
5
1
3
4
1
1
113
9
30
12
73
48
42
1
86
1
20
12
9
33
3
38
94
3
25
2
2
4
36
78
2
29
4
9
1
1
74
55
5
21
6
1
1
1
151
4
8
1
118
2
36
4
3
1
93
67
4
84
5
1
41
19
7
4
3
84
47
21
6
2
2
2
34
115
3
7
2
3
53
96
1
2
9
2
1
32
10
44
30
15
32
1
134
24
2
4
28
50
6
73
5
1
1
55
29
41
39
67
63
17
5
3
6
2
1
14
22
17
83
15
6
4
2
1
80
82
1
1
63
39
19
31
8
4
2
111
39
8
1
3
13
43
51
27
5
24
1
65
74
14
10
1
30
71
17
25
9
4
3
1
1
3
98
7
27
15
9
8
121
5
36
2
159
4
1
155
4
4
1
41
103
14
1
1
4
104
40
13
6
1
121
39
1
2
1
145
8
2
2
3
2
1
1
60
35
69
134
6
20
3
1
83
50
2
25
2
1
1
152
5
7
120
33
4
7
164
114
4
29
10
2
4
1
44
48
54
5
10
3
100
42
11
10
1
145
16
2
1
144
17
3
148
1
9
2
1
1
1
1
53
93
14
4
119
2
39
1
3
105
44
4
4
1
6
83
44
32
1
4
99
47
1
13
3
1
124
6
6
15
1
7
5
8
145
9
2
17
29
80
35
1
2
61
31
3
7
12
12
9
23
2
1
1
1
1
117
15
8
6
5
13
131
30
2
1
23
23
68
38
9
1
2
94
31
18
20
1
128
30
2
2
1
1
150
4
8
1
1
72
71
12
2
7
65
23
61
13
1
1
150
6
6
2
72
2
11
16
32
20
4
6
1
148
7
1
6
1
1
37
7
84
29
4
2
1
11
87
1
18
10
23
11
1
2
153
4
7
95
53
3
7
1
1
4
107
27
1
28
1
89
45
11
10
4
5
60
27
63
12
1
1
124
30
9
1
95
35
20
13
1
29
22
11
23
7
71
1
72
32
3
32
14
10
1
76
55
10
22
1
151
13
157
1
1
3
2
6
158
159
5
8
128
25
1
1
1
147
12
3
1
1
111
29
5
4
15
150
14
59
67
25
10
3
133
21
1
1
6
2
72
54
28
3
3
3
1
160
2
1
1
162
1
1
135
26
3
15
92
21
8
1
15
5
6
1
105
54
3
1
1
144
10
10
22
9
59
46
19
5
3
1
72
78
13
1
50
87
9
12
5
1
38
19
56
3
2
25
1
1
8
9
2
49
108
1
4
2
112
46
6
5
113
39
5
2
101
42
11
8
1
1
43
110
6
2
2
1
57
33
55
2
13
4
104
2
57
1
87
16
56
5
161
3
38
107
5
6
7
1
54
53
43
4
3
2
3
1
1
51
46
48
16
1
1
1
5
104
26
1
25
3
26
22
52
29
33
2
56
12
40
33
10
10
1
2
58
72
24
2
7
1
121
32
4
1
3
3
104
4
33
19
3
1
72
1
14
70
5
2
88
48
28
4
88
39
9
2
15
7
148
11
2
2
1
89
13
23
36
1
2
53
73
32
1
1
4
43
24
18
78
1
48
8
7
26
42
14
17
1
1
91
29
28
2
14
68
35
60
1
118
38
8
162
1
1
4
138
10
3
4
4
1
60
33
21
32
10
1
3
4
18
8
77
54
4
2
1
135
25
3
1
1
163
79
37
43
4
1
76
75
6
6
1
116
29
19
69
58
29
8
73
23
12
15
3
18
13
6
1
81
50
19
2
9
3
79
53
27
2
1
2
29
106
28
1
82
40
40
2
20
4
68
1
54
11
2
1
2
1
91
43
16
13
1
15
15
34
46
1
43
6
4
13
98
53
92
58
4
1
3
1
2
2
1
48
16
99
1
93
34
26
7
2
1
1
92
9
43
18
1
1
116
16
14
4
2
2
4
6
98
38
9
9
3
6
1
159
2
2
1
161
1
2
73
4
53
11
20
3
29
94
9
9
22
1
112
13
29
4
3
3
107
12
24
6
4
1
7
3
90
49
14
8
1
2
89
45
4
26
155
2
7
97
17
31
4
12
3
4
115
20
5
4
1
7
7
1
3
139
19
3
138
14
3
7
1
1
138
17
2
5
1
1
64
85
12
3
28
116
10
3
5
2
135
2
12
15
122
1
30
5
3
3
40
12
47
23
39
3
53
96
4
7
1
1
1
1
50
98
12
1
2
1
109
38
6
5
1
5
78
81
4
1
162
1
1
71
20
59
3
8
2
1
80
46
17
15
4
2
148
2
3
10
1
2
66
42
16
14
23
1
66
18
75
4
1
146
5
13
97
26
25
6
10
93
3
28
19
5
14
1
1
24
27
96
14
2
1
20
126
16
2
28
105
23
1
2
2
1
1
1
106
2
11
23
21
1
38
1
108
14
3
102
10
30
5
15
2
138
11
10
5
2
33
91
23
14
1
45
12
101
2
3
1
89
56
17
1
1
21
13
51
3
30
8
25
4
8
1
96
47
15
2
1
1
1
1
149
14
1
72
65
4
7
9
1
6
59
55
50
95
24
27
4
6
1
6
1
145
6
13
16
33
77
13
11
2
1
2
1
8
92
34
19
11
6
1
1
147
4
11
2
70
7
17
24
41
5
141
8
7
6
2
129
14
20
1
152
8
2
1
1
51
2
86
13
7
4
1
19
131
7
3
2
1
1
6
128
7
8
7
1
3
1
1
2
139
10
6
7
2
12
75
23
29
7
15
1
2
57
14
49
4
30
9
1
109
47
7
1
103
55
1
1
3
1
33
107
2
19
2
1
5
140
14
4
1
12
120
23
1
4
3
1
110
23
21
2
3
1
1
3
83
46
8
23
1
1
1
1
156
5
1
1
1
120
4
12
10
6
7
2
1
2
53
83
17
6
5
140
1
10
6
1
6
69
87
1
6
1
29
85
23
3
7
2
7
6
1
1
151
6
6
1
130
8
16
7
2
1
44
21
31
11
56
1
144
3
9
8
130
23
6
5
96
36
2
15
12
1
2
154
2
1
3
4
78
6
17
63
20
92
20
24
7
1
110
5
42
6
1
99
18
32
7
7
1
131
18
10
3
1
1
114
9
1
11
12
16
1
126
32
6
33
90
24
15
1
1
71
76
4
12
1
125
32
1
5
1
63
82
15
4
147
4
11
2
110
16
33
5
43
56
48
12
4
1
127
30
5
1
1
100
49
6
6
3
147
9
5
3
29
34
100
1
52
56
25
11
3
5
1
4
1
5
1
75
22
65
2
7
89
8
53
7
71
28
23
26
8
4
2
1
1
127
17
6
10
3
1
152
2
6
4
163
1
163
1
10
150
4
39
32
68
21
2
1
1
164
45
111
1
4
3
105
6
30
18
1
3
1
133
11
19
1
85
1
59
8
11
30
83
27
5
13
3
3
120
4
14
11
15
133
19
2
7
2
1
142
16
6
130
1
20
12
1
7
79
32
36
8
1
1
127
29
2
4
2
124
26
4
4
1
3
2
113
34
7
6
3
1
20
128
14
1
1
139
19
5
1
155
3
3
2
1
134
26
4
106
21
28
1
8
157
6
1
9
129
21
4
1
22
85
53
4
24
57
65
10
8
87
52
5
16
2
2
95
10
12
23
11
1
10
2
103
44
5
8
1
2
1
46
41
26
18
25
1
5
2
124
28
12
27
48
64
20
2
2
1
112
19
20
5
5
2
1
19
52
17
44
20
12
139
25
59
101
4
61
82
20
1
130
27
4
1
2
151
13
48
94
7
11
4
117
45
2
6
128
18
1
3
4
1
1
1
1
125
11
13
13
2
44
96
18
1
1
1
3
101
60
3
61
45
52
1
1
4
145
5
8
2
1
3
3
101
39
15
3
2
1
69
42
52
1
91
35
20
10
8
114
11
16
2
12
6
2
1
52
6
62
15
26
3
115
5
23
16
4
1
142
15
1
6
39
45
57
8
3
12
36
19
59
50
25
67
51
9
7
3
2
13
141
9
1
138
25
1
5
45
71
29
1
6
3
2
2
160
1
3
105
56
2
1
156
7
1
89
5
65
3
1
1
132
32
33
82
37
4
7
1
157
1
3
1
1
1
5
59
86
14
45
13
22
10
64
2
5
1
2
4
57
56
30
2
4
2
9
Number of elements: 1989
