Bin size: 154
Num of Bins: 439
117
21
12
1
3
12
121
13
2
4
1
1
152
2
110
19
12
9
4
98
38
15
1
2
107
8
26
6
4
3
62
65
13
14
22
126
5
1
99
28
26
1
19
65
34
27
9
91
45
2
14
1
1
33
119
2
22
130
1
1
36
83
30
5
37
28
78
4
3
2
1
1
38
69
37
8
1
1
46
40
48
6
13
1
150
2
2
58
27
7
36
24
2
10
115
21
8
85
52
17
152
1
1
28
42
14
36
2
20
5
6
1
92
21
15
9
1
10
1
2
2
1
43
12
13
23
56
5
1
1
31
84
38
1
87
24
42
1
114
14
3
21
2
11
138
3
1
1
29
120
4
1
1
80
14
5
22
16
9
1
1
2
2
1
49
70
9
12
3
2
6
1
1
1
29
66
4
12
2
3
28
1
6
1
1
1
44
33
12
33
21
4
1
1
5
54
36
23
38
3
56
91
7
1
141
11
1
44
46
12
47
1
2
2
95
59
53
67
21
9
1
2
1
91
36
22
1
1
3
66
54
15
8
10
1
6
21
15
66
2
29
3
11
1
146
6
1
1
121
23
7
3
63
53
24
12
2
57
56
22
11
7
1
137
5
4
8
145
6
2
1
16
84
45
5
4
93
5
22
24
1
4
2
3
44
50
37
18
4
1
102
23
4
2
4
6
10
1
2
132
19
2
1
28
73
26
23
1
2
1
78
51
15
1
1
1
4
3
86
2
28
5
23
6
2
2
21
66
43
19
1
2
1
1
85
13
56
112
4
7
12
13
1
5
135
5
2
9
3
117
2
31
4
87
13
49
5
136
3
5
7
1
2
92
10
7
6
18
5
14
2
144
3
2
1
1
1
2
148
6
110
13
17
11
1
2
15
24
74
4
16
19
1
1
81
55
7
5
4
1
1
85
8
18
14
29
130
11
10
3
82
27
2
19
22
2
142
7
5
65
56
28
2
1
1
1
52
59
24
18
1
120
21
4
4
5
31
114
1
2
3
3
135
11
2
1
5
25
70
5
50
4
42
31
49
11
5
7
1
3
5
153
1
82
5
13
30
19
1
4
32
14
77
22
4
2
3
76
43
3
31
1
75
54
5
1
11
7
1
143
7
4
116
3
7
28
24
126
3
1
64
26
6
34
9
12
2
1
113
10
20
1
7
1
1
1
49
46
12
24
9
4
2
1
3
1
3
103
2
25
23
1
136
11
6
1
20
94
11
22
6
1
110
6
25
13
113
18
15
7
1
56
5
28
64
1
10
49
33
54
8
150
3
1
68
71
15
130
1
1
1
10
10
1
102
12
14
2
12
2
8
1
1
119
35
3
45
18
39
19
17
5
7
1
58
48
23
20
4
1
65
83
1
3
2
125
15
7
6
1
5
128
16
2
1
2
91
16
4
38
5
140
5
7
1
1
41
87
21
1
4
149
3
2
85
41
5
15
6
1
1
105
43
5
1
48
61
20
3
6
12
2
2
104
41
5
3
1
82
38
4
30
31
94
15
14
57
74
19
2
2
87
6
47
10
4
42
10
68
8
6
17
3
8
103
1
3
12
19
1
5
2
79
65
2
8
62
42
37
12
1
125
24
1
1
1
1
1
115
9
12
2
4
5
5
2
85
49
18
1
1
86
50
4
7
2
5
111
13
19
6
3
2
142
11
1
28
7
112
1
5
1
98
27
10
13
1
5
108
40
6
78
45
24
7
27
91
34
2
129
4
3
10
8
105
7
25
5
8
2
2
67
26
7
42
11
1
49
91
8
6
55
73
10
15
1
145
4
5
40
97
13
2
2
55
78
17
1
1
2
108
24
19
3
150
4
120
12
14
8
44
44
13
14
29
3
4
1
2
128
3
21
1
1
109
30
2
12
1
149
1
1
1
1
1
38
7
51
25
20
1
3
5
3
1
92
44
8
2
6
2
31
50
73
78
32
16
11
9
2
5
1
28
23
53
10
21
14
2
2
1
135
8
8
3
12
101
20
1
3
9
7
1
110
21
9
8
1
3
2
107
1
2
37
7
7
58
25
22
19
5
4
14
59
55
14
13
9
1
1
2
16
97
12
23
5
1
106
37
10
1
151
2
1
88
20
45
1
46
82
25
1
78
66
3
7
51
38
49
2
9
1
3
1
63
10
34
26
7
1
5
3
4
1
150
4
42
23
28
6
42
11
2
31
112
4
1
4
2
127
19
6
1
1
94
32
13
1
14
10
71
71
1
1
56
69
27
1
1
34
86
14
3
5
3
3
1
1
4
27
114
11
1
1
104
30
11
1
6
1
1
36
30
26
5
50
1
1
4
1
139
4
2
2
4
3
132
21
1
144
4
2
4
70
9
14
51
10
45
59
1
42
2
3
1
1
11
123
20
148
1
3
1
1
48
21
79
6
65
30
56
2
1
130
21
2
1
43
54
21
26
1
7
1
1
14
97
42
1
47
53
42
4
1
6
1
154
36
110
6
1
1
16
89
21
10
5
6
6
1
107
38
7
2
43
70
20
16
3
1
1
23
102
29
94
51
3
5
1
99
6
5
32
10
2
56
81
10
7
86
31
36
1
50
21
51
22
7
3
27
32
25
41
27
2
31
112
6
1
2
2
133
3
15
1
2
143
8
3
16
81
7
35
12
3
70
37
30
17
19
17
97
17
3
1
22
120
9
3
130
8
6
2
8
146
5
2
1
107
15
21
11
4
83
61
4
2
118
23
11
1
1
68
48
12
13
4
2
6
1
92
23
29
3
7
33
37
73
1
5
1
3
1
32
87
33
1
1
96
35
17
3
1
2
111
24
2
3
4
2
7
1
101
16
28
5
3
1
48
102
4
14
108
6
13
7
2
2
2
32
64
7
20
31
131
6
1
10
4
2
141
2
10
1
89
57
2
2
3
1
78
63
11
2
119
27
8
21
106
27
117
12
3
12
6
2
2
138
11
2
3
18
80
39
13
4
150
4
44
35
51
18
1
1
3
1
76
4
24
28
22
86
60
2
2
3
1
140
10
2
2
22
79
49
1
2
1
82
39
8
19
6
28
16
1
87
8
4
7
3
58
43
38
1
12
2
84
64
5
1
67
60
5
3
8
9
2
78
30
23
6
6
3
7
1
81
32
27
11
1
1
1
46
82
17
9
125
22
2
4
1
17
79
55
3
8
42
14
75
15
75
29
32
17
1
5
21
23
97
7
1
142
1
6
2
1
2
8
36
18
33
24
32
3
29
98
18
1
1
7
64
11
17
33
20
8
1
119
12
6
1
10
6
24
50
29
41
10
32
71
27
22
1
1
40
13
21
12
10
11
22
22
1
2
43
23
44
38
6
98
25
16
11
4
101
29
14
5
2
2
1
31
9
73
35
4
2
117
36
1
52
43
18
14
21
6
28
117
6
2
1
111
25
11
7
49
44
21
25
5
4
2
3
1
91
62
1
12
6
104
3
2
11
14
1
1
137
3
9
1
2
2
74
59
1
2
13
2
3
85
37
5
2
24
1
77
49
22
5
1
136
6
7
2
2
1
147
6
1
105
9
37
1
2
1
63
57
6
8
13
6
93
45
15
1
17
86
3
17
27
1
1
1
1
3
5
69
4
20
19
8
26
14
53
67
2
18
16
91
16
19
12
26
11
91
7
11
3
1
3
1
130
14
6
2
1
1
116
29
8
1
100
28
13
8
4
1
138
14
2
83
37
1
22
5
6
71
27
37
2
13
1
1
1
1
92
16
25
12
6
3
119
30
1
3
1
154
52
19
46
6
1
5
8
3
7
6
1
142
1
2
5
3
1
134
20
65
83
5
1
121
17
6
4
5
1
60
25
51
16
2
90
21
26
5
7
2
2
1
28
28
70
27
1
68
81
3
2
135
12
4
2
1
32
106
4
10
2
117
24
13
13
67
27
44
1
1
1
71
64
2
16
1
65
38
26
5
9
10
1
49
81
18
6
136
11
1
6
47
5
101
1
100
53
1
26
2
61
52
10
3
117
6
4
16
4
5
2
29
20
6
2
91
6
81
61
1
1
2
2
4
2
142
5
3
2
1
1
129
23
2
125
21
2
4
2
10
71
33
2
23
12
2
1
122
25
2
3
2
106
26
10
1
9
2
53
29
39
14
3
13
2
1
70
60
3
4
17
134
18
1
1
37
83
8
10
15
1
88
32
1
30
2
1
53
65
30
5
1
153
1
133
12
1
8
69
46
19
10
3
4
2
1
51
62
9
21
4
3
1
1
1
1
151
3
117
27
5
4
1
44
19
26
27
18
14
1
2
3
30
62
5
33
21
3
41
8
12
88
4
1
127
5
19
2
1
99
16
12
22
2
3
35
42
58
7
5
6
1
87
51
15
1
33
106
11
4
18
68
29
9
26
2
2
38
115
1
114
7
33
75
71
4
1
2
1
58
44
17
20
1
4
8
2
8
6
3
115
19
3
144
4
6
12
60
74
7
1
70
32
47
1
3
1
127
5
10
6
2
2
2
119
31
4
105
21
12
8
1
6
1
9
94
31
7
9
4
145
5
3
1
34
113
6
1
78
66
6
1
1
1
1
93
15
2
6
11
27
52
12
71
9
9
1
60
67
5
20
2
103
13
25
2
1
9
1
146
4
2
1
1
2
71
34
23
18
3
2
1
2
14
58
27
49
2
2
144
10
107
25
14
5
2
1
7
60
77
5
1
2
1
1
132
17
2
3
16
62
26
28
20
2
58
38
18
10
30
84
58
5
3
2
1
1
31
75
34
1
1
2
6
4
72
63
13
3
3
56
70
17
8
1
1
1
128
11
3
8
3
1
58
82
8
2
4
9
138
7
119
29
1
3
2
50
8
20
16
5
3
11
27
5
5
3
1
91
49
2
5
2
4
1
151
2
1
152
1
1
101
2
19
15
15
1
1
3
151
81
39
32
1
1
2
140
3
3
2
3
1
16
68
26
25
4
9
1
4
1
65
6
45
18
20
43
96
15
137
15
1
1
112
24
12
3
2
1
31
119
3
1
112
2
29
11
77
5
38
30
2
1
1
34
95
15
9
1
59
46
49
84
56
4
1
4
2
3
23
121
5
1
1
1
2
126
20
3
2
2
1
6
129
14
1
3
1
59
65
21
1
2
1
4
1
70
69
11
4
108
26
4
6
1
6
3
13
71
30
3
35
2
82
28
28
10
4
1
1
102
7
38
6
1
120
28
5
1
23
121
1
6
3
15
16
110
12
1
29
82
21
7
6
1
3
3
2
6
91
4
37
8
3
4
1
116
12
12
7
5
1
1
28
33
55
16
2
9
2
8
1
143
7
1
2
1
6
47
33
11
40
15
1
1
97
46
2
1
7
1
30
14
58
34
16
2
138
2
6
6
2
112
30
11
1
59
18
60
17
153
1
22
6
8
14
96
8
149
5
30
7
10
52
2
33
6
14
14
6
40
84
3
6
1
117
1
25
6
3
2
88
54
1
4
4
1
2
5
10
85
17
37
42
3
24
44
36
5
36
63
30
11
8
6
20
21
47
11
26
25
2
1
1
35
4
69
10
8
15
1
8
1
1
2
124
28
2
Number of elements: 2455
