Bin size: 243
Num of Bins: 429
202
1
6
1
23
5
5
41
88
62
52
65
171
7
130
65
13
15
18
1
1
53
22
15
137
6
5
5
233
5
4
1
183
53
1
5
1
103
97
39
4
218
13
4
6
1
1
84
147
6
2
3
1
160
42
26
2
2
9
2
208
34
1
140
56
12
23
11
1
103
130
9
1
133
95
11
2
1
1
153
20
48
21
1
15
31
108
6
80
2
1
137
88
2
12
3
1
215
28
58
27
80
13
57
1
2
5
68
23
63
46
27
11
5
104
30
88
15
6
169
45
19
2
7
1
15
9
188
31
93
98
12
37
3
227
4
3
9
86
72
50
15
14
5
1
7
200
8
17
8
3
140
41
24
30
3
5
156
83
2
1
1
57
63
106
14
2
1
220
4
9
3
2
2
3
132
38
67
2
4
162
49
8
21
3
12
11
152
12
20
5
15
1
10
1
4
229
4
1
8
1
38
15
78
42
46
1
14
9
220
3
7
11
1
1
106
33
57
35
11
1
56
151
9
22
2
3
71
58
53
20
3
1
8
22
3
2
2
8
1
33
118
19
41
19
3
1
205
10
3
3
20
2
190
16
12
11
8
2
2
2
92
132
9
10
141
53
17
15
8
9
199
21
4
14
3
2
214
16
5
5
1
1
1
200
4
22
8
3
2
1
1
1
1
36
201
1
3
1
1
130
106
1
6
144
98
1
104
2
41
27
22
15
4
12
2
13
1
25
103
20
33
14
29
10
6
3
80
22
96
40
5
92
104
33
2
4
5
3
60
158
21
1
3
152
69
16
5
1
41
31
67
98
2
3
1
166
58
10
6
1
1
1
234
9
223
14
2
4
77
89
41
13
22
1
210
28
4
1
56
164
5
2
16
153
66
16
5
2
1
8
52
16
121
37
1
8
198
19
8
16
1
1
67
49
21
41
46
7
1
10
1
30
134
74
2
2
1
57
17
133
10
13
5
7
1
143
24
3
57
8
3
5
117
124
1
1
38
9
13
122
4
44
5
6
2
133
3
99
2
3
1
1
1
75
51
21
28
15
21
17
15
164
17
14
33
7
7
1
163
51
10
9
1
1
4
4
92
73
71
6
1
53
42
104
2
30
3
9
197
15
5
1
6
4
15
63
120
26
33
1
233
7
2
1
138
18
84
2
1
131
103
2
5
1
1
229
13
1
69
91
67
1
10
1
4
80
154
2
4
3
209
4
12
11
3
3
1
112
131
202
26
6
6
2
1
150
14
41
38
231
9
2
1
64
71
1
17
8
67
6
8
1
48
190
2
2
1
119
46
2
58
4
2
5
2
5
190
31
4
5
3
8
1
1
8
14
163
52
6
79
114
36
6
2
3
3
24
130
37
23
8
13
3
3
1
1
89
67
85
2
47
121
8
2
51
14
30
107
28
18
8
50
1
1
73
141
18
10
1
239
3
1
214
9
18
1
1
156
33
47
7
15
223
1
1
1
2
25
145
45
18
4
1
3
2
38
187
7
2
8
1
170
19
25
11
16
1
1
233
1
2
7
128
29
70
16
16
116
12
68
27
3
1
115
122
5
1
61
34
12
132
2
2
87
104
23
9
18
2
216
16
9
2
37
107
81
7
10
1
163
6
6
54
6
4
3
1
67
30
76
40
17
10
1
2
63
130
33
4
8
2
3
153
8
24
32
5
9
8
2
2
128
107
4
1
2
1
69
34
112
27
1
10
113
70
16
1
25
8
152
11
36
15
13
1
15
181
42
3
15
1
1
53
144
5
15
13
5
4
4
187
32
12
10
2
215
22
6
66
136
33
2
4
2
6
211
1
7
6
3
8
1
91
128
18
4
1
1
16
173
1
14
28
9
1
1
75
40
14
104
4
5
1
67
133
2
38
1
2
222
11
9
1
218
18
2
4
1
87
42
36
21
13
41
1
1
1
38
20
20
136
1
7
15
4
2
155
20
42
6
14
6
21
215
7
194
5
31
12
1
91
35
94
10
3
3
2
1
1
1
2
234
7
1
1
85
119
20
19
13
80
109
36
4
1
191
20
29
2
1
210
30
1
2
203
28
5
6
1
9
73
62
41
12
18
4
21
1
2
82
153
8
229
9
4
1
197
17
16
7
1
1
4
241
2
158
49
24
6
6
136
96
6
5
160
42
1
21
18
1
232
10
1
230
13
127
87
10
2
10
7
239
2
1
1
161
8
69
1
3
1
231
9
1
1
1
183
18
1
37
3
1
84
159
95
142
6
89
16
107
2
12
3
6
6
2
117
13
86
15
6
2
2
2
205
38
131
40
72
163
19
19
39
1
2
183
22
38
131
76
19
14
2
1
138
34
6
12
31
22
164
68
7
2
1
1
217
4
7
10
2
2
1
28
41
75
72
12
8
4
3
102
63
7
56
2
4
2
7
170
49
5
16
1
2
2
239
2
77
67
17
28
19
3
4
28
51
45
113
12
18
1
2
1
136
66
35
4
1
1
98
71
47
22
4
1
209
20
10
4
207
29
1
2
1
1
2
13
155
14
58
1
1
1
84
86
27
26
8
7
4
1
227
4
7
1
3
1
110
109
18
6
62
149
18
7
5
2
11
94
68
22
37
4
4
2
1
83
24
113
10
7
5
1
182
47
5
6
3
227
16
43
89
111
89
146
6
1
1
104
88
38
6
6
1
167
73
1
2
166
10
46
16
2
1
1
1
38
53
5
128
16
2
1
140
37
27
17
8
9
1
2
2
80
124
33
4
2
229
10
4
200
38
3
1
1
142
9
45
23
2
14
6
1
1
33
180
5
13
4
7
1
25
183
15
5
12
3
74
112
43
14
15
56
9
83
18
59
2
1
164
28
14
18
14
2
1
1
1
18
114
79
25
3
2
2
134
76
28
1
2
2
141
15
3
16
17
5
14
14
3
6
8
1
103
117
5
7
8
3
163
67
1
4
7
1
25
129
35
49
5
152
57
9
8
13
1
2
1
125
80
25
6
2
4
1
22
188
17
12
1
2
1
42
174
6
10
11
132
59
6
42
4
243
166
31
34
1
8
1
1
1
204
21
13
4
1
151
63
15
11
3
157
33
7
42
1
3
49
101
86
6
1
184
2
38
4
7
7
1
208
6
21
3
3
1
1
54
54
124
9
2
101
128
1
5
6
1
1
65
126
51
1
153
65
2
22
1
76
49
46
3
46
2
11
6
1
1
1
1
146
33
28
22
7
4
2
1
228
14
1
216
12
3
6
1
2
2
1
171
8
13
10
5
13
3
11
4
5
192
2
35
9
5
65
87
55
12
7
1
13
1
1
1
95
35
69
20
5
8
6
1
3
1
182
11
19
18
9
3
1
120
118
3
1
1
18
137
53
33
2
95
50
49
26
16
3
1
1
2
160
49
15
10
1
7
1
179
53
2
8
1
60
123
21
1
21
4
4
4
2
1
2
132
40
14
37
13
7
78
6
137
2
6
1
3
9
1
168
41
5
10
17
2
141
99
2
1
165
4
23
18
8
9
15
1
27
102
31
11
41
18
4
3
6
15
115
21
30
23
23
12
4
41
136
61
1
1
1
2
134
13
43
15
20
2
14
1
1
164
28
51
160
65
3
12
3
206
16
18
1
1
1
28
13
59
33
33
46
31
68
163
12
183
43
13
3
1
71
49
75
15
28
4
1
181
1
25
27
3
1
2
2
1
235
8
103
23
20
16
12
61
5
3
155
12
12
2
41
13
1
7
186
23
16
11
2
2
2
1
169
71
2
1
131
79
19
7
1
4
2
228
11
1
3
44
118
69
4
6
1
1
104
66
58
4
9
1
1
121
38
51
26
3
4
135
105
2
1
150
69
13
6
4
1
96
116
13
8
7
3
4
8
72
99
1
47
2
7
3
61
97
48
9
23
4
1
225
14
2
2
175
15
53
178
34
24
6
1
212
6
17
8
125
110
7
1
43
56
101
17
23
3
218
23
1
1
215
22
2
3
1
100
79
32
13
3
12
4
32
22
4
42
71
58
9
1
4
199
37
6
1
217
8
1
6
10
1
54
88
4
96
1
27
56
10
6
2
36
19
22
54
5
2
2
1
1
77
128
4
6
2
9
9
6
1
1
119
73
25
23
3
228
11
1
2
1
119
99
21
2
1
1
197
15
4
27
12
80
151
108
64
56
6
1
5
3
116
87
1
39
24
200
11
1
3
1
1
1
1
79
56
67
2
23
7
8
1
106
70
49
5
4
2
1
2
4
31
73
72
34
19
13
1
157
18
38
9
12
8
1
22
48
22
58
5
21
49
1
5
5
5
2
13
208
8
13
1
138
42
49
9
1
1
1
2
205
5
11
9
13
180
21
36
5
1
113
6
113
2
4
2
1
2
38
91
44
61
4
5
207
3
9
8
3
5
6
2
53
181
7
2
2
122
84
24
9
1
1
121
92
30
28
163
43
9
60
2
88
87
2
2
1
1
88
118
1
11
5
17
3
150
64
27
2
142
58
39
1
3
34
145
17
44
3
30
50
152
2
9
48
60
59
40
18
1
14
1
2
138
24
40
28
7
2
1
1
2
15
11
39
150
14
13
1
213
14
8
5
3
78
48
53
41
7
10
1
1
4
200
3
16
22
2
75
9
58
27
9
61
2
2
212
21
3
6
1
170
51
8
4
5
1
2
1
1
228
2
3
3
4
3
197
14
14
7
8
1
1
1
119
25
29
13
25
25
3
1
1
1
1
157
50
8
15
4
4
1
2
1
1
172
61
1
8
1
151
23
63
2
1
3
125
55
10
36
2
4
4
4
2
1
116
60
21
2
38
3
3
153
78
4
8
223
12
8
94
94
44
8
2
1
144
30
18
20
14
2
5
2
1
4
1
2
149
48
34
11
1
47
5
75
25
27
38
5
13
8
164
7
55
4
12
1
93
24
53
48
18
3
3
1
238
3
1
1
174
5
53
3
4
2
1
1
190
8
38
1
4
2
20
164
15
34
8
2
166
59
11
6
1
150
13
76
3
1
45
79
29
24
50
16
167
49
19
3
2
3
85
61
87
9
1
86
57
52
32
5
9
1
1
8
192
24
7
8
4
155
17
57
11
2
1
89
70
26
17
28
7
5
1
70
101
69
2
1
132
91
6
7
3
2
1
1
136
10
88
8
1
148
57
19
15
4
60
65
49
44
23
2
213
9
19
2
201
12
20
7
2
1
130
49
49
11
4
121
26
25
45
6
2
15
1
1
1
93
119
9
21
1
20
164
23
4
8
19
1
2
2
108
117
9
9
29
104
92
11
3
1
1
1
1
32
132
76
1
1
1
192
31
17
1
2
33
165
5
13
5
14
8
162
7
14
8
12
29
4
4
3
139
25
67
10
2
105
65
4
62
2
1
1
3
82
119
2
11
7
1
5
12
2
2
223
14
2
3
1
170
24
47
2
126
115
2
158
79
2
1
3
18
27
92
95
7
2
1
1
217
16
2
2
1
5
226
13
2
1
1
139
37
5
37
7
13
2
2
1
3
84
151
4
1
194
1
34
11
3
227
13
1
1
1
97
58
19
66
1
2
114
57
35
16
9
5
3
1
3
243
28
194
14
6
1
108
7
93
3
19
9
4
183
49
11
235
6
1
1
168
39
20
9
7
169
7
24
36
6
1
201
33
6
1
1
1
239
2
1
1
50
72
87
26
4
2
2
86
69
65
20
3
195
5
38
3
1
1
2
230
4
2
1
4
139
40
62
2
38
108
5
43
44
4
1
116
50
53
22
2
106
24
50
26
28
1
8
103
140
118
11
79
35
16
207
1
4
2
12
1
36
54
4
101
39
7
1
1
182
31
8
16
1
2
1
2
103
53
56
19
4
6
1
1
196
40
4
2
1
30
172
15
7
7
9
2
1
168
26
31
2
13
3
84
83
54
16
6
84
93
32
31
1
1
1
11
228
2
2
119
106
6
3
5
2
2
Number of elements: 2625
