Bin size: 189
Num of Bins: 442
3
41
14
82
19
2
21
6
1
99
5
34
26
8
7
10
131
27
2
18
9
2
123
6
56
3
1
49
112
10
11
5
2
124
48
17
117
68
4
39
16
78
47
6
3
186
1
2
86
39
37
24
3
109
7
59
5
1
8
100
70
2
16
1
49
87
4
23
22
1
1
1
1
189
178
1
3
3
4
49
61
53
17
9
45
24
87
17
14
2
23
156
7
3
57
98
22
3
1
4
4
98
30
21
1
23
14
2
159
11
4
8
7
83
91
10
4
1
133
17
37
1
1
29
94
56
10
82
93
3
3
3
4
1
71
15
98
3
1
1
151
5
33
115
48
13
10
3
115
16
32
9
5
12
33
40
26
59
11
10
9
1
38
114
30
7
102
53
17
17
172
1
14
1
1
117
8
9
29
8
8
6
3
1
79
36
6
47
14
3
1
2
1
181
1
1
5
1
106
68
7
1
3
3
1
144
44
1
75
50
11
34
6
12
1
67
40
66
8
4
3
1
28
38
19
11
4
68
10
4
4
2
1
70
53
22
17
27
143
24
8
7
6
1
66
119
3
1
138
49
1
1
122
49
3
1
5
2
4
1
1
1
97
70
10
5
7
55
17
20
2
14
19
53
2
1
3
1
2
141
45
3
162
8
12
5
1
1
54
113
4
4
13
1
99
37
30
4
3
7
1
8
40
18
105
23
2
1
188
1
27
41
100
15
2
1
3
43
120
12
1
11
2
145
6
5
11
20
1
1
157
28
2
2
43
5
57
22
17
15
22
6
2
183
1
1
2
1
1
12
177
93
61
27
6
2
77
63
20
1
6
20
2
122
49
5
3
3
4
3
182
4
2
1
129
1
55
1
3
163
4
7
10
3
1
1
5
76
79
6
3
15
3
1
1
183
2
3
1
75
20
90
1
2
1
154
16
17
1
1
30
149
2
2
3
3
130
55
4
97
72
3
13
1
1
2
84
19
69
13
4
129
27
14
19
125
47
2
6
5
4
97
59
21
12
140
27
11
6
1
3
1
172
1
1
7
5
3
189
154
18
9
8
1
18
97
38
26
1
6
1
1
166
16
2
5
177
11
1
123
20
5
15
10
9
4
3
66
44
17
22
36
2
2
53
127
3
5
1
133
41
1
8
6
23
5
7
95
2
28
26
2
1
180
2
1
6
168
16
5
29
120
15
11
14
3
35
8
40
59
16
13
13
1
1
15
130
5
5
9
17
6
1
1
181
2
2
3
1
63
2
122
2
125
43
9
2
5
5
110
22
22
2
3
27
2
1
124
38
20
2
4
1
181
1
3
1
1
1
1
78
110
1
111
74
3
1
117
72
43
129
4
9
4
61
54
15
58
1
36
60
63
27
2
1
130
3
16
3
4
19
6
2
4
1
1
109
55
19
2
2
1
1
30
97
20
2
40
57
21
30
74
3
3
1
167
12
7
2
1
163
9
9
8
93
8
33
46
5
4
187
1
1
82
41
40
12
14
48
16
90
6
3
17
7
2
131
40
3
5
6
1
1
2
95
49
26
17
2
121
46
17
4
1
100
23
17
9
34
1
1
2
2
69
70
48
1
1
63
61
43
15
6
1
171
14
3
1
39
142
1
5
2
34
137
2
6
7
3
169
1
6
13
153
22
10
2
2
119
14
39
9
4
1
3
69
73
36
7
3
1
60
47
1
79
2
131
44
14
33
43
23
3
19
42
17
1
3
2
1
2
159
24
1
5
60
62
15
49
2
1
99
21
67
2
167
9
12
1
56
71
17
7
12
17
8
1
102
82
2
2
1
163
24
2
7
50
73
46
4
9
116
27
6
11
22
5
1
1
64
99
22
1
1
1
1
17
57
5
51
21
20
14
3
1
14
98
1
23
27
6
15
3
2
60
129
16
111
38
5
5
10
1
3
121
25
15
19
5
2
2
28
151
9
1
45
104
14
9
6
11
119
12
21
11
7
18
1
77
43
7
28
33
1
117
58
4
2
1
7
7
12
147
1
9
11
2
4
157
2
16
7
3
67
66
30
13
9
1
3
70
14
33
10
16
27
15
1
3
73
83
11
22
60
13
35
23
58
159
6
3
2
2
10
7
86
10
84
7
1
1
94
34
27
14
17
1
1
1
133
48
6
1
1
53
127
3
3
3
68
117
4
165
1
13
4
4
2
148
40
1
142
17
7
3
15
5
18
18
61
11
29
49
3
95
34
5
7
9
21
6
7
1
1
3
44
132
9
4
43
70
8
12
40
15
1
10
91
20
60
2
5
1
102
81
4
1
1
175
11
3
112
40
18
12
1
2
2
2
77
16
88
7
1
38
142
7
1
1
85
28
32
1
6
24
10
1
1
1
94
58
1
11
7
8
5
3
1
1
37
67
69
13
3
129
4
19
31
3
1
2
32
4
35
36
52
22
3
4
1
105
31
2
11
32
4
1
1
1
1
120
64
1
1
2
1
12
43
132
1
1
136
31
14
4
2
1
1
160
19
1
1
4
1
2
1
116
65
2
5
1
13
131
44
1
24
110
33
7
14
1
75
97
4
4
5
4
12
125
17
25
3
7
1
30
10
128
8
12
169
2
5
9
2
2
61
94
3
18
6
6
1
138
7
4
35
5
45
68
22
6
1
44
2
1
162
16
7
4
179
8
2
157
22
3
7
138
42
4
5
101
34
51
2
1
158
22
6
1
2
24
4
12
35
97
7
6
2
1
1
51
28
37
48
3
14
6
2
124
38
14
10
3
47
25
42
28
41
1
2
1
2
2
75
72
15
16
7
2
117
62
7
3
161
18
10
74
58
49
8
134
40
10
2
3
104
2
37
28
12
1
2
3
70
46
22
35
7
4
1
2
1
1
185
4
32
65
51
17
5
17
1
1
30
64
66
9
14
3
3
130
13
45
1
90
11
48
3
19
3
15
9
84
94
2
10
4
107
4
6
58
183
6
86
53
47
2
1
104
24
30
14
9
8
83
92
14
70
12
66
31
2
3
1
4
47
67
33
14
19
2
4
3
113
35
33
5
2
1
169
5
3
9
1
2
72
69
34
5
1
4
3
1
120
5
18
44
2
40
68
64
17
144
18
5
18
2
2
114
44
7
22
2
178
8
3
171
16
1
1
179
2
4
2
2
38
24
83
11
21
8
2
2
122
46
7
8
5
1
105
39
36
8
1
123
39
24
1
2
93
33
38
7
1
11
5
1
139
45
3
2
166
10
4
6
3
6
68
18
19
9
10
21
4
20
7
5
2
24
36
104
9
15
1
127
11
5
20
10
14
1
1
114
57
13
3
2
11
21
9
91
22
35
16
154
2
2
5
4
6
113
7
56
1
10
1
1
161
11
1
15
1
15
134
17
4
9
8
2
61
64
38
4
12
9
1
63
95
15
1
13
2
30
142
17
85
90
12
1
1
183
3
2
1
15
2
94
44
15
11
2
3
1
2
4
95
10
47
4
8
16
2
1
2
78
50
12
31
8
5
2
2
1
52
106
17
10
4
152
18
4
5
3
3
4
145
22
15
3
2
2
56
85
4
40
1
3
120
32
37
157
2
8
16
1
5
147
21
11
4
2
4
62
34
74
10
7
1
1
11
107
50
2
6
5
2
3
3
78
15
22
10
30
10
21
3
128
32
4
24
1
90
7
15
7
4
17
43
1
5
40
102
41
3
3
69
89
7
9
10
5
72
67
1
47
1
1
174
2
6
2
4
1
114
41
2
6
25
1
93
5
26
7
18
7
18
8
7
149
5
16
3
2
12
2
109
53
9
4
11
3
10
45
70
61
3
27
20
119
4
9
5
3
2
7
40
85
6
15
4
5
15
1
4
7
55
54
29
16
13
14
1
5
1
1
180
7
2
142
14
2
15
9
7
21
6
15
68
49
22
4
1
1
1
1
53
6
117
11
2
7
45
130
7
13
72
28
26
47
2
1
112
21
52
1
2
1
39
119
5
21
2
3
113
51
13
7
5
8
149
1
5
16
8
1
1
65
67
18
14
19
5
1
72
1
17
97
2
117
29
27
4
7
3
1
1
16
37
57
17
55
5
1
1
136
27
20
2
3
1
50
22
39
14
45
11
1
4
1
2
85
53
36
2
6
5
1
1
70
110
2
7
153
27
7
1
1
87
75
5
7
14
1
117
41
2
27
1
1
179
8
2
180
6
3
27
35
43
19
53
4
5
2
1
165
2
20
1
1
54
81
25
11
4
10
4
12
73
17
24
43
9
1
2
5
3
112
65
11
1
2
116
25
3
27
6
6
1
2
1
187
1
1
73
42
35
13
9
9
1
4
1
2
74
97
12
6
62
8
56
16
40
4
1
2
72
19
98
152
3
12
8
8
4
1
1
27
60
45
15
5
35
2
173
14
2
177
12
58
1
35
4
4
76
4
2
3
2
154
11
1
10
12
1
7
46
61
22
14
13
19
4
2
1
173
8
8
120
26
6
22
7
3
2
2
1
119
70
173
13
3
86
76
13
5
5
2
2
164
1
10
11
2
1
72
2
93
21
1
166
12
8
1
1
1
113
51
23
1
1
57
114
12
2
1
2
1
169
9
2
6
3
30
78
21
25
17
12
2
3
1
94
49
21
25
39
78
47
17
1
5
2
107
41
37
4
150
37
1
1
47
97
21
12
12
132
55
1
1
87
69
27
6
162
26
1
134
50
3
1
1
111
2
6
44
13
12
1
92
71
11
9
1
1
3
1
102
74
3
5
5
84
52
40
13
91
88
2
8
83
55
9
15
21
5
1
56
109
2
11
11
30
64
11
48
30
1
5
188
1
39
10
37
62
41
54
115
19
1
127
47
15
119
19
35
9
3
4
89
81
13
3
3
152
21
2
3
2
3
4
2
62
40
43
24
4
15
1
17
141
29
2
174
5
8
1
1
185
3
1
92
57
4
30
5
1
147
40
1
1
102
4
34
45
2
1
1
69
117
1
2
55
25
103
5
1
127
36
3
11
10
2
148
30
9
2
36
2
15
82
8
28
7
3
7
1
61
92
10
23
3
58
119
6
6
93
59
14
5
5
9
3
1
143
38
2
1
2
1
1
1
58
109
16
5
1
2
44
6
5
55
22
48
6
1
89
37
60
2
1
37
103
33
9
1
3
1
2
131
7
46
1
1
3
68
68
29
10
5
2
1
4
1
1
9
166
8
2
4
160
28
1
7
169
2
1
10
185
1
3
67
83
19
13
5
2
32
119
36
1
1
52
44
20
6
36
8
12
8
1
2
72
82
32
2
1
46
6
137
92
90
7
51
104
14
11
9
20
149
4
7
7
2
102
56
7
8
3
4
1
8
139
34
6
7
2
1
20
46
109
9
5
16
16
62
71
18
3
3
30
36
56
52
1
5
9
76
3
90
20
65
14
86
19
2
1
1
1
122
42
13
10
1
1
63
28
64
20
14
18
41
71
16
31
8
1
3
163
4
20
1
1
46
107
11
9
13
1
1
1
81
21
87
66
119
4
9
91
46
37
5
1
50
85
47
5
2
55
47
68
4
15
125
9
14
24
10
4
3
183
3
3
15
68
71
26
6
3
174
3
9
2
1
81
31
76
1
89
66
33
1
75
52
38
14
1
8
1
162
10
7
8
2
99
47
39
3
1
21
36
110
5
8
9
36
148
3
2
112
3
13
7
43
10
1
179
8
1
1
96
5
34
43
10
1
79
64
41
2
2
1
93
2
91
2
1
88
73
25
3
12
162
7
7
1
94
74
14
2
1
1
3
108
1
25
32
17
2
3
1
11
112
65
1
89
15
49
35
1
172
13
1
2
1
122
62
5
30
59
99
1
113
74
2
77
75
32
4
1
170
14
4
1
Number of elements: 2583
