Bin size: 146
Num of Bins: 404
129
2
6
8
1
14
121
9
1
1
8
64
52
2
5
3
10
2
87
27
10
8
12
1
1
94
50
1
1
62
81
3
64
69
4
1
6
1
1
36
23
80
1
1
5
11
14
4
64
42
2
4
2
1
2
87
45
5
5
3
1
21
87
10
15
6
7
91
4
4
13
33
1
65
63
17
1
77
64
2
3
30
24
24
53
15
55
37
52
1
1
57
58
8
6
10
1
5
1
26
55
42
4
8
10
1
49
72
3
1
5
3
6
6
1
21
102
20
2
1
33
23
45
16
20
6
3
23
43
56
11
11
1
1
106
15
11
1
6
6
1
112
18
14
1
1
86
29
31
127
18
1
123
2
1
4
2
13
1
108
19
19
124
8
14
50
61
21
6
3
5
34
30
55
23
4
127
12
6
1
111
8
20
1
6
81
10
20
1
10
8
12
3
1
30
104
3
8
1
71
65
1
3
3
2
1
48
44
9
44
1
61
10
36
6
27
5
1
14
37
53
38
3
1
123
4
9
6
4
77
6
10
25
15
13
118
12
14
1
1
29
86
16
3
5
1
4
1
1
119
23
3
1
127
1
17
1
128
17
1
93
35
10
6
1
1
107
7
2
21
7
1
1
1
20
73
9
33
9
1
126
8
3
6
3
71
2
38
25
3
4
2
1
26
81
19
9
1
9
1
136
2
2
4
2
70
39
12
25
95
51
109
2
7
18
7
3
92
21
17
3
8
3
2
1
89
1
26
5
6
5
10
3
143
2
1
18
96
23
2
5
1
1
82
59
3
2
123
20
2
1
53
62
29
1
1
82
18
22
15
1
3
3
1
1
114
20
10
2
132
13
1
138
6
2
62
19
49
11
4
1
72
42
22
2
1
6
1
3
114
11
8
6
2
2
136
3
3
1
1
2
52
40
38
4
11
1
103
31
6
1
5
77
32
28
2
2
2
1
1
1
127
15
3
1
114
11
4
12
3
2
16
51
75
2
1
1
84
44
8
10
51
24
47
15
1
7
1
72
64
10
8
37
28
16
27
22
1
7
94
21
20
7
4
34
35
36
14
24
1
1
1
70
15
48
13
47
59
1
36
2
1
26
25
66
3
10
5
4
1
6
108
33
1
1
2
1
62
23
41
5
3
2
1
2
6
1
124
18
3
1
5
27
91
4
18
1
39
38
26
4
7
8
6
5
10
2
1
7
69
17
35
7
9
2
61
68
8
6
3
99
43
3
1
115
4
21
3
1
1
1
94
36
13
1
1
1
141
2
2
1
6
104
5
24
7
85
20
1
30
8
2
48
58
35
3
2
113
17
9
7
13
130
2
1
56
35
5
38
2
5
5
18
30
78
2
1
3
9
2
2
1
17
118
7
1
1
1
1
19
82
18
18
7
2
55
69
22
3
139
1
1
2
82
9
27
2
11
8
3
1
3
96
44
3
2
1
80
2
26
17
19
1
1
8
36
101
1
8
19
70
8
23
1
8
4
4
1
142
2
2
143
1
1
1
13
91
29
9
4
88
46
12
23
85
8
3
2
10
7
2
5
1
135
7
2
2
127
12
3
2
1
1
144
1
1
146
110
14
15
6
1
110
33
3
80
66
143
1
1
1
84
52
6
1
2
1
94
43
5
3
1
112
2
11
12
5
3
1
135
5
5
1
61
6
52
27
113
29
2
1
1
144
2
80
32
8
1
18
6
1
4
52
29
59
1
1
99
4
13
16
1
11
1
1
73
65
8
126
7
10
2
1
101
44
1
107
24
2
9
4
132
9
4
1
132
9
2
1
2
108
29
1
3
2
3
68
12
38
27
1
54
65
27
106
5
8
27
92
48
3
3
34
100
1
8
3
7
131
6
2
111
35
114
1
11
12
2
3
2
1
104
42
16
46
36
35
2
9
2
38
100
7
1
50
68
10
8
3
4
2
1
89
36
6
14
1
31
44
43
5
5
12
2
2
1
1
121
8
3
11
2
1
136
9
1
67
27
37
2
2
3
1
3
1
2
1
81
31
14
18
1
1
123
22
1
130
3
12
1
140
2
2
2
66
5
73
1
1
123
9
5
2
6
1
86
21
19
17
2
1
54
87
2
2
1
52
6
73
2
4
3
6
8
116
7
7
8
132
8
6
93
50
2
1
120
7
11
4
3
1
124
15
1
3
2
1
103
21
5
4
1
6
3
3
116
2
10
13
3
1
1
146
11
26
3
18
16
23
30
18
1
93
24
2
1
3
13
4
4
2
63
27
7
1
18
9
16
2
3
129
11
1
2
1
1
1
129
11
5
1
132
1
3
6
2
1
1
99
35
10
1
1
91
21
27
6
1
64
7
8
32
20
4
4
4
2
1
115
7
3
18
2
1
28
110
5
2
1
11
123
12
50
7
63
9
1
1
12
3
135
7
1
2
1
13
39
21
11
47
8
1
1
5
104
3
34
5
99
10
29
2
2
2
2
57
83
6
57
60
4
13
11
1
27
34
35
39
9
2
21
103
18
4
37
63
21
19
5
1
78
5
36
4
13
10
62
14
42
8
7
8
4
1
111
14
14
1
5
1
79
58
2
5
2
138
5
3
135
8
1
1
1
85
54
1
1
1
4
128
18
3
88
35
1
2
5
6
6
15
52
12
30
7
19
10
1
19
24
102
1
138
1
7
95
33
4
7
6
1
63
83
46
91
9
68
1
8
36
12
13
7
1
5
98
7
7
12
16
1
46
25
48
21
6
136
6
1
3
75
62
9
71
25
25
21
2
2
24
117
4
1
29
3
12
51
26
3
22
38
100
2
4
1
1
31
113
1
1
11
44
15
21
42
8
4
1
54
47
16
16
2
7
1
3
108
15
1
2
4
10
6
101
30
15
87
33
4
14
4
2
1
1
41
7
26
6
20
18
11
7
5
5
81
36
29
63
38
17
28
75
4
64
3
58
60
24
3
1
34
54
21
1
7
10
1
9
2
3
4
122
1
14
9
111
33
2
135
2
6
1
2
77
45
16
7
1
5
30
10
20
22
45
6
2
2
1
2
1
78
5
27
17
18
1
64
29
8
37
1
6
1
6
109
25
2
3
1
89
24
6
26
1
133
10
3
73
18
1
35
9
4
1
5
93
43
2
1
1
1
1
2
2
56
88
1
1
69
21
7
46
1
1
1
22
55
38
12
3
10
3
2
1
65
13
38
26
4
136
10
138
3
2
1
2
15
109
5
14
2
1
118
27
1
15
95
26
10
79
35
3
15
8
3
3
89
6
14
31
6
108
24
6
1
5
2
23
54
52
10
4
1
2
10
70
44
1
9
5
4
1
2
112
16
4
2
8
1
1
2
38
79
25
3
1
112
28
6
68
33
1
26
6
7
3
2
34
45
23
26
16
1
1
111
20
13
2
134
12
87
6
3
21
7
18
3
1
56
22
9
56
2
1
35
60
36
1
14
51
71
13
2
5
2
1
1
137
3
4
2
80
17
9
5
10
9
15
1
47
29
62
3
4
1
33
56
37
16
2
2
136
10
87
59
63
37
18
24
3
1
52
12
59
18
2
2
1
132
12
2
14
58
15
41
11
6
1
140
3
2
1
78
17
26
24
1
8
81
51
2
1
2
1
27
52
35
17
5
6
4
104
10
4
25
2
1
57
17
22
31
4
4
7
1
2
1
46
31
52
14
1
1
1
74
16
15
12
1
19
5
2
2
8
18
7
53
15
30
1
13
1
128
13
3
2
88
35
3
5
3
10
2
55
71
7
11
2
24
44
15
23
6
11
15
4
4
86
55
5
21
8
106
11
124
8
14
3
82
34
16
6
5
75
14
56
1
100
44
2
63
50
6
17
4
2
2
1
1
96
48
1
1
136
2
4
4
127
4
2
6
5
1
1
146
131
11
4
139
3
4
68
72
2
1
1
2
37
48
42
5
2
11
1
33
63
1
35
5
2
5
1
1
52
41
25
26
1
1
34
56
26
17
5
6
2
76
57
11
1
1
117
15
6
2
6
126
4
5
3
5
1
2
101
27
17
1
81
6
26
10
5
3
15
65
81
65
20
28
3
12
5
4
2
5
2
93
21
12
11
5
3
1
47
16
49
19
13
2
88
52
5
1
20
52
63
8
3
50
75
8
8
2
2
1
33
52
40
13
7
1
8
76
27
17
2
5
4
1
2
1
3
133
6
3
2
1
1
120
22
2
2
4
101
8
11
15
4
3
143
2
1
32
77
13
15
9
82
51
3
5
1
2
1
1
117
13
2
8
4
2
99
19
25
2
1
117
10
4
2
1
3
8
1
2
72
59
5
6
2
116
18
2
2
4
1
2
1
57
20
58
5
1
1
2
2
5
125
6
1
5
1
2
1
99
8
11
1
7
6
11
3
31
70
27
13
2
1
1
1
88
32
15
11
82
15
8
33
8
127
8
11
5
127
13
1
79
52
2
6
5
1
1
3
103
31
7
1
1
38
63
5
13
13
10
4
28
12
78
19
5
4
78
68
29
77
6
15
9
8
2
30
111
4
1
18
94
30
1
2
1
15
40
82
3
5
1
55
74
2
1
7
1
2
4
46
95
2
1
1
1
34
98
1
4
1
4
2
2
97
46
2
1
101
16
19
6
2
1
1
94
34
8
8
2
73
1
40
16
9
1
3
1
2
129
13
4
116
11
13
6
122
5
14
5
56
51
11
21
6
1
44
81
19
1
1
88
40
7
10
1
50
16
66
13
1
132
14
90
21
26
7
2
53
63
12
8
8
2
11
39
45
32
18
1
47
50
7
41
1
70
52
21
3
122
1
9
1
9
2
2
86
7
10
6
37
103
19
24
104
32
5
1
3
1
110
31
1
2
2
99
14
23
3
1
6
2
132
10
2
98
39
2
1
1
4
1
3
28
15
8
68
9
14
1
75
22
17
9
11
8
4
136
9
1
143
1
2
73
27
34
7
5
33
50
33
8
20
2
48
61
15
8
7
7
15
13
15
7
48
31
1
7
3
5
1
12
54
45
19
1
11
4
81
40
4
8
12
1
88
33
16
4
1
4
90
35
10
5
2
1
3
143
3
48
38
15
34
11
143
3
106
15
9
15
1
115
6
25
139
6
1
137
1
3
1
1
3
77
48
16
3
1
1
116
2
26
2
Number of elements: 2267
