Bin size: 173
Num of Bins: 441
32
124
3
6
7
1
88
38
25
2
4
16
117
16
35
4
1
35
11
113
9
1
3
1
128
37
3
5
81
57
1
33
1
43
86
23
14
7
113
30
7
8
8
5
1
1
110
59
2
2
79
22
31
4
34
2
1
104
62
3
4
122
23
1
18
6
2
1
28
121
10
13
1
31
92
38
4
4
1
2
1
158
12
3
116
37
3
3
3
1
9
1
127
28
17
1
155
11
4
1
2
146
21
6
107
57
5
2
2
171
2
46
98
22
2
5
7
76
78
8
4
118
2
22
21
2
1
7
68
45
60
35
19
60
54
5
31
122
2
15
2
1
82
17
32
24
3
10
2
1
2
95
37
19
9
1
2
5
2
1
1
1
42
117
11
2
1
160
9
1
3
62
38
57
7
5
1
1
1
1
97
2
42
17
2
12
1
119
10
12
7
25
42
45
45
37
1
3
90
31
22
9
4
13
1
3
12
15
123
5
10
5
3
62
67
7
31
5
1
139
1
23
3
1
3
2
1
51
45
72
1
3
1
8
130
27
7
1
3
69
77
16
5
3
48
69
47
7
2
172
1
125
42
2
2
1
1
143
3
8
13
5
1
40
51
40
38
1
1
2
78
70
20
2
2
1
13
123
15
17
2
3
72
60
13
19
2
7
47
95
24
7
162
11
165
3
5
119
26
27
1
105
66
1
1
44
100
2
21
1
5
40
115
2
5
4
4
3
133
8
26
4
1
1
159
11
1
2
153
3
13
4
19
119
23
5
5
2
81
87
1
1
3
87
86
134
4
34
1
52
8
34
9
41
27
1
1
115
46
8
4
65
60
6
32
6
2
2
147
16
10
35
58
36
12
32
42
13
29
88
1
17
94
28
31
2
1
107
23
13
8
8
14
38
61
30
22
8
3
8
2
1
71
94
8
122
29
20
1
1
52
30
13
72
3
2
1
116
37
14
3
3
15
15
28
90
11
13
1
164
6
3
92
4
42
30
1
3
1
7
157
7
1
1
7
127
39
71
92
4
3
1
1
1
169
3
1
9
64
70
24
1
2
2
1
135
10
18
9
1
153
6
9
2
1
2
52
116
2
3
2
43
87
24
8
8
1
83
37
35
10
3
4
1
15
111
43
3
1
38
26
90
9
8
2
58
2
71
4
20
10
4
3
1
52
21
52
11
8
15
1
11
1
1
76
86
5
4
2
25
37
61
36
11
1
1
1
57
91
5
5
13
1
1
20
14
43
61
32
3
144
23
6
112
17
22
6
14
1
1
16
28
102
15
1
10
1
70
15
31
39
18
107
33
14
3
14
2
118
8
43
1
3
33
123
9
4
2
1
1
8
162
1
2
154
5
9
2
3
146
16
7
4
113
51
6
3
45
47
19
20
31
8
1
1
1
64
108
1
81
80
1
10
1
165
2
2
2
1
1
142
31
88
39
19
15
3
9
86
43
37
7
41
118
12
2
131
36
1
4
1
28
141
4
8
107
9
23
26
123
22
24
2
1
1
50
57
17
38
10
1
109
40
20
1
1
2
2
85
71
9
3
2
1
43
70
34
21
4
1
114
39
3
9
1
7
171
1
1
156
17
1
42
59
60
7
3
1
108
10
53
1
1
166
5
2
117
35
1
9
11
81
62
24
1
5
58
4
80
6
14
2
1
5
2
1
70
85
9
4
1
3
1
8
136
20
8
1
59
9
19
50
7
22
5
2
74
31
54
3
5
4
2
164
1
4
4
166
2
2
1
2
30
21
56
19
3
19
25
115
28
6
8
16
53
83
17
5
11
2
1
1
73
69
26
1
2
1
1
130
22
19
1
1
38
131
4
122
45
5
1
142
25
1
1
4
148
3
8
4
5
5
31
52
66
9
8
1
3
2
1
52
89
7
6
15
1
1
1
1
103
57
7
6
169
1
3
20
100
41
3
1
1
7
73
100
157
9
2
1
1
2
1
75
40
58
53
118
2
140
3
28
2
66
28
16
33
18
8
4
159
3
1
2
3
2
3
73
97
1
1
1
1
159
3
5
2
2
1
70
90
3
1
4
1
3
1
96
60
16
1
31
88
34
6
13
1
168
1
3
1
98
14
39
5
2
6
7
2
77
77
5
7
7
18
138
5
7
1
1
1
2
112
27
1
20
1
7
4
1
86
48
14
2
18
4
1
149
2
4
5
2
11
79
39
19
33
3
71
54
16
27
1
4
45
25
52
9
18
7
2
4
2
3
6
79
55
9
11
17
2
1
119
24
8
8
11
1
1
26
59
83
5
59
103
3
8
37
97
39
57
89
17
7
3
106
1
25
6
17
7
8
1
2
24
14
66
64
3
2
98
45
25
5
62
25
2
52
1
7
20
1
3
138
9
20
5
1
159
9
4
1
172
1
169
2
2
168
1
4
114
18
40
1
156
2
7
1
4
3
4
136
3
22
1
2
3
1
1
80
50
13
30
22
93
22
25
4
7
94
71
2
6
80
87
1
4
1
47
51
45
8
7
10
4
1
89
37
31
7
5
4
106
52
11
3
1
12
151
10
105
38
10
6
8
2
3
1
155
9
3
4
1
1
92
58
6
10
4
1
1
1
83
13
34
12
28
1
2
3
107
34
29
165
3
1
4
167
1
5
21
107
19
16
8
2
50
38
1
27
33
23
1
12
126
19
12
1
3
83
77
2
8
2
1
11
162
98
37
14
14
1
4
3
2
154
1
16
2
110
47
11
5
73
88
10
2
38
100
31
2
1
1
173
164
6
1
1
1
87
15
13
38
19
1
96
71
5
1
28
17
15
87
2
1
23
48
121
4
153
15
3
2
118
41
4
4
4
2
76
85
3
3
1
1
3
1
82
1
17
64
9
40
106
9
2
7
9
100
14
25
2
15
11
2
3
1
103
38
9
9
6
5
2
1
28
30
57
15
42
1
21
3
117
27
5
132
5
13
12
10
1
30
124
6
13
148
10
8
7
31
43
38
33
17
4
2
4
1
9
153
7
1
3
34
118
2
4
4
10
1
52
89
18
2
1
2
6
1
1
1
132
12
22
6
1
74
70
13
14
2
147
18
7
1
13
101
34
14
4
4
3
132
41
75
18
25
10
43
2
162
6
3
2
31
22
118
2
124
20
10
10
7
2
1
93
25
7
6
2
27
11
1
100
25
24
5
5
9
1
2
2
90
70
9
4
7
29
31
59
24
5
15
3
62
80
27
1
2
1
8
94
20
6
2
30
2
9
2
156
5
6
4
2
16
67
13
24
29
7
10
4
3
162
6
1
4
39
67
10
12
7
29
4
2
2
1
34
18
75
30
14
2
58
64
10
6
15
7
11
2
158
12
3
157
6
9
1
68
85
15
1
3
1
2
138
7
14
2
7
3
27
73
19
43
8
1
2
172
1
116
36
10
7
2
1
1
106
15
10
30
2
6
3
1
67
89
5
7
3
1
1
24
147
1
1
26
50
94
2
1
149
13
3
4
3
1
88
16
51
10
2
3
1
2
157
10
1
3
1
1
147
5
6
7
1
1
1
4
1
80
92
1
23
69
23
14
5
10
29
46
67
47
8
2
1
2
114
14
40
1
4
138
16
9
8
2
71
88
10
3
1
117
6
23
6
15
4
1
1
151
8
6
5
1
1
1
157
6
8
1
1
124
26
11
12
91
64
15
3
142
8
15
8
145
12
9
1
4
1
1
18
30
27
69
15
7
6
1
78
5
88
1
1
39
126
6
1
1
122
13
20
2
11
1
4
167
3
3
122
51
34
16
81
1
13
8
17
3
151
11
7
4
159
11
1
2
149
14
7
1
1
1
133
11
29
79
68
21
2
2
1
120
40
2
7
4
111
59
2
1
134
22
3
1
4
6
1
2
19
151
2
1
11
135
2
9
10
1
2
3
145
27
1
95
44
27
1
3
3
155
15
2
1
132
23
6
6
5
1
157
11
3
2
101
42
10
14
5
1
161
8
4
127
20
8
15
3
100
45
2
6
13
3
3
1
31
102
4
2
26
4
3
1
122
33
3
8
5
1
1
78
44
19
16
7
5
4
13
68
65
23
1
3
23
23
91
14
16
3
1
1
1
111
60
1
1
70
75
19
7
2
100
72
1
42
18
18
38
38
11
4
3
1
59
1
53
14
35
5
2
4
142
2
18
3
6
1
1
7
70
83
5
3
4
1
55
35
5
56
9
9
2
1
1
21
130
5
7
3
6
1
72
35
27
29
4
3
2
1
33
81
6
44
4
2
1
2
95
2
61
10
5
68
46
7
12
4
19
1
7
4
2
2
1
53
73
26
18
3
40
119
7
4
2
1
150
8
7
5
3
138
31
2
1
1
3
8
148
5
9
65
89
7
7
2
2
1
143
23
5
1
1
33
59
10
68
1
2
170
2
1
148
18
4
3
75
69
9
6
2
8
1
3
81
62
30
58
43
46
2
17
5
2
143
9
15
1
1
2
2
20
56
33
49
7
2
6
125
22
15
2
6
1
1
1
35
28
1
47
46
4
3
3
1
4
1
77
31
9
43
12
1
144
26
1
1
1
55
114
3
1
161
6
6
66
28
77
2
34
68
3
12
5
27
13
2
3
6
113
48
5
1
3
3
168
5
136
1
2
21
1
5
3
2
2
109
29
32
2
1
172
1
33
124
8
4
1
2
1
96
1
65
3
6
2
83
74
4
10
1
1
98
15
39
18
2
1
160
2
6
3
1
1
74
17
15
5
41
15
1
5
9
98
9
26
17
13
1
4
52
42
9
50
12
3
1
147
26
114
53
2
4
137
27
7
1
1
154
6
2
6
1
2
1
1
58
103
3
7
1
1
89
45
20
7
1
9
1
1
115
49
5
2
2
15
127
10
16
5
25
60
81
2
5
119
5
41
4
1
3
105
47
10
11
73
95
3
1
1
158
13
2
89
74
6
2
1
1
119
22
9
9
6
6
1
1
96
61
14
2
95
35
8
3
28
1
3
43
110
3
10
1
6
144
16
6
3
3
1
6
136
9
19
2
1
19
58
11
61
24
3
6
35
72
17
28
9
1
1
1
50
115
8
38
30
55
13
16
13
7
1
114
20
3
19
13
4
86
24
53
4
5
1
86
8
75
4
91
44
12
26
136
19
10
1
4
1
1
1
40
90
11
3
20
9
15
136
16
1
5
44
108
12
7
2
70
96
6
1
25
7
54
55
31
1
89
33
23
23
3
1
1
77
45
11
24
16
130
31
3
5
3
1
128
32
12
1
158
1
1
9
1
1
1
1
138
13
15
1
4
1
1
17
89
24
1
32
6
1
1
2
140
24
5
4
30
79
57
2
4
1
143
22
7
1
129
43
1
54
95
16
7
1
119
17
34
1
1
1
129
36
7
1
145
23
3
1
1
52
100
7
12
2
78
25
51
16
1
2
58
91
9
5
10
160
5
8
129
5
38
1
142
1
13
8
8
1
144
11
2
16
146
12
7
4
2
2
20
143
7
3
109
2
55
1
2
4
125
19
25
4
36
51
61
9
13
1
2
83
76
12
2
17
34
96
23
1
2
158
2
6
3
2
2
97
11
32
30
3
63
99
7
3
1
90
22
31
27
1
2
156
9
6
2
83
60
7
19
4
110
39
5
8
9
1
1
35
3
73
7
37
15
2
1
Number of elements: 2495
