population 0 fitness 1.0039333948707858 years 43.0 length 16
population 1 fitness 1.0040362967024383 years 43.0 length 16
population 2 fitness 1.0046167967328992 years 80.0 length 16
population 3 fitness 1.0046167967328992 years 80.0 length 16
population 4 fitness 1.0044502758514067 years 78.0 length 16
population 5 fitness 1.0044502758514067 years 78.0 length 16
population 6 fitness 1.0051521836954496 years 76.0 length 16
population 7 fitness 1.0051521836954496 years 76.0 length 16
population 8 fitness 1.0050200764212072 years 39.0 length 16
population 9 fitness 1.0038804752816057 years 39.0 length 16
population 10 fitness 1.0045673883738118 years 38.0 length 16
population 11 fitness 1.0051521836954493 years 38.0 length 16
population 12 fitness 1.0051718432882706 years 37.0 length 16
population 13 fitness 1.0052914319034345 years 37.0 length 16
population 14 fitness 1.0051953881053532 years 30.0 length 17
population 15 fitness 1.005936128846094 years 30.0 length 16
population 16 fitness 1.0061408229442352 years 29.0 length 17
population 17 fitness 1.0048695242144208 years 25.0 length 16
population 18 fitness 1.0048695242144208 years 25.0 length 17
population 19 fitness 1.0053413343519042 years 23.0 length 17
population 20 fitness 1.0063075179267833 years 23.0 length 17
population 21 fitness 1.0065942232870917 years 22.0 length 16
population 22 fitness 1.0055841222769908 years 22.0 length 16
population 23 fitness 1.0047918318034081 years 21.0 length 16
population 24 fitness 1.0050314233935786 years 20.0 length 16
population 25 fitness 1.0048718792144995 years 14.0 length 17
population 26 fitness 1.0069394939493947 years 20.0 length 16
population 27 fitness 1.0074495782911626 years 12.0 length 17
population 28 fitness 1.0074495782911626 years 12.0 length 16
population 29 fitness 1.0076767676767675 years 11.0 length 16
population 30 fitness 1.0036363636363637 years 11.0 length 17
population 31 fitness 1.0084444444444443 years 10.0 length 16
population 32 fitness 1.0069135802469136 years 9.0 length 17
population 33 fitness 1.0069135802469136 years 9.0 length 16
population 34 fitness 1.0085185185185184 years 12.0 length 16
population 35 fitness 1.0085185185185184 years 12.0 length 16
population 36 fitness 1.0102222222222221 years 10.0 length 16
population 37 fitness 1.0102222222222221 years 10.0 length 16
population 38 fitness 1.0 years 6.0 length 17
population 39 fitness 1.0 years 6.0 length 17

0.4215291140116241 0.7248486627297417 0.508550014705718 0.895588202395408 0.7989669316032383 6 1
0.26580898883283055 0.35742239160613354 0.7527657605703651 0.7180767970634951 0.2695938120626956 6 8
0.3375092911438803 0.3322844508315549 0.39900318336611773 0.261095962098874 0.2712988016244373 3 5
0.4631102222388348 0.6678467250426626 0.13142363210742725 0.28384191959725014 0.4805801703361615 5 6
0.9370531528058952 0.21453784928156594 0.027007078302670906 0.7836094399071696 0.4519657528837612 5 1
0.610340624563684 0.28751072390218724 0.6662466780840621 0.38149571424466855 0.5588142568744777 5 1
0.4680001289539911 0.9730473273592091 0.3093705397584299 0.14338434565886726 0.6155606195095648 8 1
0.4680001289539911 0.9730473273592091 0.3093705397584299 0.14338434565886726 0.6155606195095648 8 1
0.20289667852457471 0.8833342827134172 0.5283455909332233 0.49557558620259956 0.7237273276021756 2 3
0.331588500340957 0.3524745813865747 0.14663110002334 0.42115712978482456 0.5837965883556021 7 3
0.331588500340957 0.3524745813865747 0.14663110002334 0.42115712978482456 0.5837965883556021 7 3
0.9021016689661664 0.5992553145364661 0.5965191712230443 0.3215439365620131 0.9170616865777552 7 7
0.22281235576760527 0.4921025345757293 0.9676709706827483 0.08603419976138593 0.03464170197103944 1 1
0.13031453479112443 0.9493672119509223 0.7398818675537695 0.7625672219749903 0.06473808165542749 6 6
0.22281235576760527 0.4921025345757293 0.9676709706827483 0.08603419976138593 0.03464170197103944 1 1
0.46109712935133385 0.02116323148815935 0.15573059175409465 0.15739938031554113 0.9211071931629158 3 2
0.4215291140116241 0.7248486627297417 0.508550014705718 0.895588202395408 0.7989669316032383 6 1
0.7786431353130951 0.7792706690805447 0.172921085429535 0.6500312215325192 0.4635274805233073 5 6
0.3375092911438803 0.3322844508315549 0.39900318336611773 0.261095962098874 0.2712988016244373 3 5
0.4631102222388348 0.6678467250426626 0.13142363210742725 0.28384191959725014 0.4805801703361615 5 6
0.9370531528058952 0.21453784928156594 0.027007078302670906 0.7836094399071696 0.4519657528837612 5 1
0.610340624563684 0.28751072390218724 0.6662466780840621 0.38149571424466855 0.5588142568744777 5 1
0.4680001289539911 0.9730473273592091 0.3093705397584299 0.14338434565886726 0.6155606195095648 8 1
0.4680001289539911 0.9730473273592091 0.3093705397584299 0.14338434565886726 0.6155606195095648 8 1
0.20289667852457471 0.8833342827134172 0.5283455909332233 0.49557558620259956 0.7237273276021756 2 3
0.5620187315014167 0.24930645724971057 0.38341820469975707 0.8921671778659931 0.736663754864383 5 5
0.9021016689661664 0.5992553145364661 0.5965191712230443 0.3215439365620131 0.9170616865777552 7 7
0.22281235576760527 0.4921025345757293 0.9676709706827483 0.08603419976138593 0.03464170197103944 1 1
0.22281235576760527 0.4921025345757293 0.9676709706827483 0.08603419976138593 0.03464170197103944 1 1
0.32512999879864035 0.436547553730374 0.01573066211307539 0.4664449347038482 0.4431174956296977 3 3
0.22281235576760527 0.4921025345757293 0.9676709706827483 0.08603419976138593 0.03464170197103944 1 1
0.22281235576760527 0.4921025345757293 0.9676709706827483 0.08603419976138593 0.03464170197103944 1 1
0.4631102222388348 0.6678467250426626 0.13142363210742725 0.28384191959725014 0.4805801703361615 5 6
0.26580898883283055 0.35742239160613354 0.7527657605703651 0.7180767970634951 0.2695938120626956 6 8
0.3375092911438803 0.3322844508315549 0.39900318336611773 0.261095962098874 0.2712988016244373 3 5
0.4631102222388348 0.6678467250426626 0.13142363210742725 0.28384191959725014 0.4805801703361615 5 6
0.4631102222388348 0.6678467250426626 0.13142363210742725 0.28384191959725014 0.4805801703361615 5 6
0.9370531528058952 0.21453784928156594 0.027007078302670906 0.7836094399071696 0.4519657528837612 5 1
0.610340624563684 0.28751072390218724 0.6662466780840621 0.38149571424466855 0.5588142568744777 5 1
0.4680001289539911 0.9730473273592091 0.3093705397584299 0.14338434565886726 0.6155606195095648 8 1
0.20289667852457471 0.8833342827134172 0.5283455909332233 0.49557558620259956 0.7237273276021756 2 3
0.331588500340957 0.3524745813865747 0.14663110002334 0.42115712978482456 0.5837965883556021 7 3
0.10645330671792874 0.6803538109924782 0.8873990867076069 0.9548738594237389 0.762010910977611 8 3
0.9021016689661664 0.5992553145364661 0.5965191712230443 0.3215439365620131 0.9170616865777552 7 7
0.32512999879864035 0.436547553730374 0.01573066211307539 0.4664449347038482 0.4431174956296977 3 3
0.22281235576760527 0.4921025345757293 0.9676709706827483 0.08603419976138593 0.03464170197103944 1 1
0.22281235576760527 0.4921025345757293 0.9676709706827483 0.08603419976138593 0.03464170197103944 1 1
0.7862686500741674 0.5570629097914864 0.7649423367261362 0.8808611367213334 0.08812729561920807 2 4
0.4631102222388348 0.6678467250426626 0.13142363210742725 0.28384191959725014 0.4805801703361615 5 6
0.26580898883283055 0.35742239160613354 0.7527657605703651 0.7180767970634951 0.2695938120626956 6 8
0.3375092911438803 0.3322844508315549 0.39900318336611773 0.261095962098874 0.2712988016244373 3 5
0.4631102222388348 0.6678467250426626 0.13142363210742725 0.28384191959725014 0.4805801703361615 5 6
0.4631102222388348 0.6678467250426626 0.13142363210742725 0.28384191959725014 0.4805801703361615 5 6
0.9370531528058952 0.21453784928156594 0.027007078302670906 0.7836094399071696 0.4519657528837612 5 1
0.610340624563684 0.28751072390218724 0.6662466780840621 0.38149571424466855 0.5588142568744777 5 1
0.4680001289539911 0.9730473273592091 0.3093705397584299 0.14338434565886726 0.6155606195095648 8 1
0.20289667852457471 0.8833342827134172 0.5283455909332233 0.49557558620259956 0.7237273276021756 2 3
0.331588500340957 0.3524745813865747 0.14663110002334 0.42115712978482456 0.5837965883556021 7 3
0.10645330671792874 0.6803538109924782 0.8873990867076069 0.9548738594237389 0.762010910977611 8 3
0.9021016689661664 0.5992553145364661 0.5965191712230443 0.3215439365620131 0.9170616865777552 7 7
0.32512999879864035 0.436547553730374 0.01573066211307539 0.4664449347038482 0.4431174956296977 3 3
0.22281235576760527 0.4921025345757293 0.9676709706827483 0.08603419976138593 0.03464170197103944 1 1
0.22281235576760527 0.4921025345757293 0.9676709706827483 0.08603419976138593 0.03464170197103944 1 1
0.7862686500741674 0.5570629097914864 0.7649423367261362 0.8808611367213334 0.08812729561920807 2 4
0.7786431353130951 0.7792706690805447 0.172921085429535 0.6500312215325192 0.4635274805233073 5 6
0.3375092911438803 0.3322844508315549 0.39900318336611773 0.261095962098874 0.2712988016244373 3 5
0.3375092911438803 0.3322844508315549 0.39900318336611773 0.261095962098874 0.2712988016244373 3 5
0.4631102222388348 0.6678467250426626 0.13142363210742725 0.28384191959725014 0.4805801703361615 5 6
0.610340624563684 0.28751072390218724 0.6662466780840621 0.38149571424466855 0.5588142568744777 5 1
0.610340624563684 0.28751072390218724 0.6662466780840621 0.38149571424466855 0.5588142568744777 5 1
0.4680001289539911 0.9730473273592091 0.3093705397584299 0.14338434565886726 0.6155606195095648 8 1
0.5620187315014167 0.24930645724971057 0.38341820469975707 0.8921671778659931 0.736663754864383 5 5
0.20289667852457471 0.8833342827134172 0.5283455909332233 0.49557558620259956 0.7237273276021756 2 3
0.5620187315014167 0.24930645724971057 0.38341820469975707 0.8921671778659931 0.736663754864383 5 5
0.9021016689661664 0.5992553145364661 0.5965191712230443 0.3215439365620131 0.9170616865777552 7 7
0.9021016689661664 0.5992553145364661 0.5965191712230443 0.3215439365620131 0.9170616865777552 7 7
0.32512999879864035 0.436547553730374 0.01573066211307539 0.4664449347038482 0.4431174956296977 3 3
0.22281235576760527 0.4921025345757293 0.9676709706827483 0.08603419976138593 0.03464170197103944 1 1
0.22281235576760527 0.4921025345757293 0.9676709706827483 0.08603419976138593 0.03464170197103944 1 1
0.6807714450972675 0.42458619507424067 0.22923920403940512 0.5732338137831573 0.9040350357754157 5 6
0.7786431353130951 0.7792706690805447 0.172921085429535 0.6500312215325192 0.4635274805233073 5 6
0.3375092911438803 0.3322844508315549 0.39900318336611773 0.261095962098874 0.2712988016244373 3 5
0.3375092911438803 0.3322844508315549 0.39900318336611773 0.261095962098874 0.2712988016244373 3 5
0.4631102222388348 0.6678467250426626 0.13142363210742725 0.28384191959725014 0.4805801703361615 5 6
0.610340624563684 0.28751072390218724 0.6662466780840621 0.38149571424466855 0.5588142568744777 5 1
0.610340624563684 0.28751072390218724 0.6662466780840621 0.38149571424466855 0.5588142568744777 5 1
0.4680001289539911 0.9730473273592091 0.3093705397584299 0.14338434565886726 0.6155606195095648 8 1
0.5620187315014167 0.24930645724971057 0.38341820469975707 0.8921671778659931 0.736663754864383 5 5
0.20289667852457471 0.8833342827134172 0.5283455909332233 0.49557558620259956 0.7237273276021756 2 3
0.5620187315014167 0.24930645724971057 0.38341820469975707 0.8921671778659931 0.736663754864383 5 5
0.9021016689661664 0.5992553145364661 0.5965191712230443 0.3215439365620131 0.9170616865777552 7 7
0.9021016689661664 0.5992553145364661 0.5965191712230443 0.3215439365620131 0.9170616865777552 7 7
0.32512999879864035 0.436547553730374 0.01573066211307539 0.4664449347038482 0.4431174956296977 3 3
0.22281235576760527 0.4921025345757293 0.9676709706827483 0.08603419976138593 0.03464170197103944 1 1
0.22281235576760527 0.4921025345757293 0.9676709706827483 0.08603419976138593 0.03464170197103944 1 1
0.6807714450972675 0.42458619507424067 0.22923920403940512 0.5732338137831573 0.9040350357754157 5 6
0.7786431353130951 0.7792706690805447 0.172921085429535 0.6500312215325192 0.4635274805233073 5 6
0.26580898883283055 0.35742239160613354 0.7527657605703651 0.7180767970634951 0.2695938120626956 6 8
0.3375092911438803 0.3322844508315549 0.39900318336611773 0.261095962098874 0.2712988016244373 3 5
0.3375092911438803 0.3322844508315549 0.39900318336611773 0.261095962098874 0.2712988016244373 3 5
0.610340624563684 0.28751072390218724 0.6662466780840621 0.38149571424466855 0.5588142568744777 5 1
0.748075289550814 0.760482878946254 0.7049243009216237 0.8175689916069474 0.7624646789943609 6 3
0.4680001289539911 0.9730473273592091 0.3093705397584299 0.14338434565886726 0.6155606195095648 8 1
0.5620187315014167 0.24930645724971057 0.38341820469975707 0.8921671778659931 0.736663754864383 5 5
0.5620187315014167 0.24930645724971057 0.38341820469975707 0.8921671778659931 0.736663754864383 5 5
0.331588500340957 0.3524745813865747 0.14663110002334 0.42115712978482456 0.5837965883556021 7 3
0.10645330671792874 0.6803538109924782 0.8873990867076069 0.9548738594237389 0.762010910977611 8 3
0.9021016689661664 0.5992553145364661 0.5965191712230443 0.3215439365620131 0.9170616865777552 7 7
0.9021016689661664 0.5992553145364661 0.5965191712230443 0.3215439365620131 0.9170616865777552 7 7
0.024467760151840712 0.019466161026441386 0.605024647068066 0.38921638103034684 0.5612404251807236 1 1
0.22281235576760527 0.4921025345757293 0.9676709706827483 0.08603419976138593 0.03464170197103944 1 1
0.46109712935133385 0.02116323148815935 0.15573059175409465 0.15739938031554113 0.9211071931629158 3 2
0.7786431353130951 0.7792706690805447 0.172921085429535 0.6500312215325192 0.4635274805233073 5 6
0.26580898883283055 0.35742239160613354 0.7527657605703651 0.7180767970634951 0.2695938120626956 6 8
0.3375092911438803 0.3322844508315549 0.39900318336611773 0.261095962098874 0.2712988016244373 3 5
0.3375092911438803 0.3322844508315549 0.39900318336611773 0.261095962098874 0.2712988016244373 3 5
0.610340624563684 0.28751072390218724 0.6662466780840621 0.38149571424466855 0.5588142568744777 5 1
0.748075289550814 0.760482878946254 0.7049243009216237 0.8175689916069474 0.7624646789943609 6 3
0.4680001289539911 0.9730473273592091 0.3093705397584299 0.14338434565886726 0.6155606195095648 8 1
0.5620187315014167 0.24930645724971057 0.38341820469975707 0.8921671778659931 0.736663754864383 5 5
0.5620187315014167 0.24930645724971057 0.38341820469975707 0.8921671778659931 0.736663754864383 5 5
0.331588500340957 0.3524745813865747 0.14663110002334 0.42115712978482456 0.5837965883556021 7 3
0.10645330671792874 0.6803538109924782 0.8873990867076069 0.9548738594237389 0.762010910977611 8 3
0.9021016689661664 0.5992553145364661 0.5965191712230443 0.3215439365620131 0.9170616865777552 7 7
0.9021016689661664 0.5992553145364661 0.5965191712230443 0.3215439365620131 0.9170616865777552 7 7
0.024467760151840712 0.019466161026441386 0.605024647068066 0.38921638103034684 0.5612404251807236 1 1
0.22281235576760527 0.4921025345757293 0.9676709706827483 0.08603419976138593 0.03464170197103944 1 1
0.46109712935133385 0.02116323148815935 0.15573059175409465 0.15739938031554113 0.9211071931629158 3 2
0.7786431353130951 0.7792706690805447 0.172921085429535 0.6500312215325192 0.4635274805233073 5 6
0.3375092911438803 0.3322844508315549 0.39900318336611773 0.261095962098874 0.2712988016244373 3 5
0.26580898883283055 0.35742239160613354 0.7527657605703651 0.7180767970634951 0.2695938120626956 6 8
0.3375092911438803 0.3322844508315549 0.39900318336611773 0.261095962098874 0.2712988016244373 3 5
0.610340624563684 0.28751072390218724 0.6662466780840621 0.38149571424466855 0.5588142568744777 5 1
0.610340624563684 0.28751072390218724 0.6662466780840621 0.38149571424466855 0.5588142568744777 5 1
0.4680001289539911 0.9730473273592091 0.3093705397584299 0.14338434565886726 0.6155606195095648 8 1
0.5620187315014167 0.24930645724971057 0.38341820469975707 0.8921671778659931 0.736663754864383 5 5
0.20289667852457471 0.8833342827134172 0.5283455909332233 0.49557558620259956 0.7237273276021756 2 3
0.5620187315014167 0.24930645724971057 0.38341820469975707 0.8921671778659931 0.736663754864383 5 5
0.9021016689661664 0.5992553145364661 0.5965191712230443 0.3215439365620131 0.9170616865777552 7 7
0.9021016689661664 0.5992553145364661 0.5965191712230443 0.3215439365620131 0.9170616865777552 7 7
0.32512999879864035 0.436547553730374 0.01573066211307539 0.4664449347038482 0.4431174956296977 3 3
0.22281235576760527 0.4921025345757293 0.9676709706827483 0.08603419976138593 0.03464170197103944 1 1
0.22281235576760527 0.4921025345757293 0.9676709706827483 0.08603419976138593 0.03464170197103944 1 1
0.6807714450972675 0.42458619507424067 0.22923920403940512 0.5732338137831573 0.9040350357754157 5 6
0.7786431353130951 0.7792706690805447 0.172921085429535 0.6500312215325192 0.4635274805233073 5 6
0.3375092911438803 0.3322844508315549 0.39900318336611773 0.261095962098874 0.2712988016244373 3 5
0.3375092911438803 0.3322844508315549 0.39900318336611773 0.261095962098874 0.2712988016244373 3 5
0.3375092911438803 0.3322844508315549 0.39900318336611773 0.261095962098874 0.2712988016244373 3 5
0.610340624563684 0.28751072390218724 0.6662466780840621 0.38149571424466855 0.5588142568744777 5 1
0.748075289550814 0.760482878946254 0.7049243009216237 0.8175689916069474 0.7624646789943609 6 3
0.4680001289539911 0.9730473273592091 0.3093705397584299 0.14338434565886726 0.6155606195095648 8 1
0.5620187315014167 0.24930645724971057 0.38341820469975707 0.8921671778659931 0.736663754864383 5 5
0.20289667852457471 0.8833342827134172 0.5283455909332233 0.49557558620259956 0.7237273276021756 2 3
0.5620187315014167 0.24930645724971057 0.38341820469975707 0.8921671778659931 0.736663754864383 5 5
0.9021016689661664 0.5992553145364661 0.5965191712230443 0.3215439365620131 0.9170616865777552 7 7
0.9021016689661664 0.5992553145364661 0.5965191712230443 0.3215439365620131 0.9170616865777552 7 7
0.32512999879864035 0.436547553730374 0.01573066211307539 0.4664449347038482 0.4431174956296977 3 3
0.22281235576760527 0.4921025345757293 0.9676709706827483 0.08603419976138593 0.03464170197103944 1 1
0.22281235576760527 0.4921025345757293 0.9676709706827483 0.08603419976138593 0.03464170197103944 1 1
0.6807714450972675 0.42458619507424067 0.22923920403940512 0.5732338137831573 0.9040350357754157 5 6
0.26580898883283055 0.35742239160613354 0.7527657605703651 0.7180767970634951 0.2695938120626956 6 8
0.3375092911438803 0.3322844508315549 0.39900318336611773 0.261095962098874 0.2712988016244373 3 5
0.3375092911438803 0.3322844508315549 0.39900318336611773 0.261095962098874 0.2712988016244373 3 5
0.4631102222388348 0.6678467250426626 0.13142363210742725 0.28384191959725014 0.4805801703361615 5 6
0.610340624563684 0.28751072390218724 0.6662466780840621 0.38149571424466855 0.5588142568744777 5 1
0.9370531528058952 0.21453784928156594 0.027007078302670906 0.7836094399071696 0.4519657528837612 5 1
0.4680001289539911 0.9730473273592091 0.3093705397584299 0.14338434565886726 0.6155606195095648 8 1
0.5620187315014167 0.24930645724971057 0.38341820469975707 0.8921671778659931 0.736663754864383 5 5
0.20289667852457471 0.8833342827134172 0.5283455909332233 0.49557558620259956 0.7237273276021756 2 3
0.5620187315014167 0.24930645724971057 0.38341820469975707 0.8921671778659931 0.736663754864383 5 5
0.9021016689661664 0.5992553145364661 0.5965191712230443 0.3215439365620131 0.9170616865777552 7 7
0.9021016689661664 0.5992553145364661 0.5965191712230443 0.3215439365620131 0.9170616865777552 7 7
0.32512999879864035 0.436547553730374 0.01573066211307539 0.4664449347038482 0.4431174956296977 3 3
0.22281235576760527 0.4921025345757293 0.9676709706827483 0.08603419976138593 0.03464170197103944 1 1
0.22281235576760527 0.4921025345757293 0.9676709706827483 0.08603419976138593 0.03464170197103944 1 1
0.6807714450972675 0.42458619507424067 0.22923920403940512 0.5732338137831573 0.9040350357754157 5 6
0.7786431353130951 0.7792706690805447 0.172921085429535 0.6500312215325192 0.4635274805233073 5 6
0.26580898883283055 0.35742239160613354 0.7527657605703651 0.7180767970634951 0.2695938120626956 6 8
0.3375092911438803 0.3322844508315549 0.39900318336611773 0.261095962098874 0.2712988016244373 3 5
0.4631102222388348 0.6678467250426626 0.13142363210742725 0.28384191959725014 0.4805801703361615 5 6
0.610340624563684 0.28751072390218724 0.6662466780840621 0.38149571424466855 0.5588142568744777 5 1
0.748075289550814 0.760482878946254 0.7049243009216237 0.8175689916069474 0.7624646789943609 6 3
0.4680001289539911 0.9730473273592091 0.3093705397584299 0.14338434565886726 0.6155606195095648 8 1
0.4680001289539911 0.9730473273592091 0.3093705397584299 0.14338434565886726 0.6155606195095648 8 1
0.5620187315014167 0.24930645724971057 0.38341820469975707 0.8921671778659931 0.736663754864383 5 5
0.5620187315014167 0.24930645724971057 0.38341820469975707 0.8921671778659931 0.736663754864383 5 5
0.9021016689661664 0.5992553145364661 0.5965191712230443 0.3215439365620131 0.9170616865777552 7 7
0.9021016689661664 0.5992553145364661 0.5965191712230443 0.3215439365620131 0.9170616865777552 7 7
0.22281235576760527 0.4921025345757293 0.9676709706827483 0.08603419976138593 0.03464170197103944 1 1
0.32512999879864035 0.436547553730374 0.01573066211307539 0.4664449347038482 0.4431174956296977 3 3
0.22281235576760527 0.4921025345757293 0.9676709706827483 0.08603419976138593 0.03464170197103944 1 1
0.46109712935133385 0.02116323148815935 0.15573059175409465 0.15739938031554113 0.9211071931629158 3 2
0.7786431353130951 0.7792706690805447 0.172921085429535 0.6500312215325192 0.4635274805233073 5 6
0.26580898883283055 0.35742239160613354 0.7527657605703651 0.7180767970634951 0.2695938120626956 6 8
0.3375092911438803 0.3322844508315549 0.39900318336611773 0.261095962098874 0.2712988016244373 3 5
0.3375092911438803 0.3322844508315549 0.39900318336611773 0.261095962098874 0.2712988016244373 3 5
0.4631102222388348 0.6678467250426626 0.13142363210742725 0.28384191959725014 0.4805801703361615 5 6
0.748075289550814 0.760482878946254 0.7049243009216237 0.8175689916069474 0.7624646789943609 6 3
0.4680001289539911 0.9730473273592091 0.3093705397584299 0.14338434565886726 0.6155606195095648 8 1
0.4680001289539911 0.9730473273592091 0.3093705397584299 0.14338434565886726 0.6155606195095648 8 1
0.5620187315014167 0.24930645724971057 0.38341820469975707 0.8921671778659931 0.736663754864383 5 5
0.5620187315014167 0.24930645724971057 0.38341820469975707 0.8921671778659931 0.736663754864383 5 5
0.9021016689661664 0.5992553145364661 0.5965191712230443 0.3215439365620131 0.9170616865777552 7 7
0.9021016689661664 0.5992553145364661 0.5965191712230443 0.3215439365620131 0.9170616865777552 7 7
0.22281235576760527 0.4921025345757293 0.9676709706827483 0.08603419976138593 0.03464170197103944 1 1
0.32512999879864035 0.436547553730374 0.01573066211307539 0.4664449347038482 0.4431174956296977 3 3
0.22281235576760527 0.4921025345757293 0.9676709706827483 0.08603419976138593 0.03464170197103944 1 1
0.46109712935133385 0.02116323148815935 0.15573059175409465 0.15739938031554113 0.9211071931629158 3 2
0.7786431353130951 0.7792706690805447 0.172921085429535 0.6500312215325192 0.4635274805233073 5 6
0.26580898883283055 0.35742239160613354 0.7527657605703651 0.7180767970634951 0.2695938120626956 6 8
0.3375092911438803 0.3322844508315549 0.39900318336611773 0.261095962098874 0.2712988016244373 3 5
0.4631102222388348 0.6678467250426626 0.13142363210742725 0.28384191959725014 0.4805801703361615 5 6
0.4631102222388348 0.6678467250426626 0.13142363210742725 0.28384191959725014 0.4805801703361615 5 6
0.9370531528058952 0.21453784928156594 0.027007078302670906 0.7836094399071696 0.4519657528837612 5 1
0.610340624563684 0.28751072390218724 0.6662466780840621 0.38149571424466855 0.5588142568744777 5 1
0.5620187315014167 0.24930645724971057 0.38341820469975707 0.8921671778659931 0.736663754864383 5 5
0.5620187315014167 0.24930645724971057 0.38341820469975707 0.8921671778659931 0.736663754864383 5 5
0.5620187315014167 0.24930645724971057 0.38341820469975707 0.8921671778659931 0.736663754864383 5 5
0.9021016689661664 0.5992553145364661 0.5965191712230443 0.3215439365620131 0.9170616865777552 7 7
0.9021016689661664 0.5992553145364661 0.5965191712230443 0.3215439365620131 0.9170616865777552 7 7
0.22281235576760527 0.4921025345757293 0.9676709706827483 0.08603419976138593 0.03464170197103944 1 1
0.22281235576760527 0.4921025345757293 0.9676709706827483 0.08603419976138593 0.03464170197103944 1 1
0.22281235576760527 0.4921025345757293 0.9676709706827483 0.08603419976138593 0.03464170197103944 1 1
0.7862686500741674 0.5570629097914864 0.7649423367261362 0.8808611367213334 0.08812729561920807 2 4
0.7786431353130951 0.7792706690805447 0.172921085429535 0.6500312215325192 0.4635274805233073 5 6
0.26580898883283055 0.35742239160613354 0.7527657605703651 0.7180767970634951 0.2695938120626956 6 8
0.3375092911438803 0.3322844508315549 0.39900318336611773 0.261095962098874 0.2712988016244373 3 5
0.4631102222388348 0.6678467250426626 0.13142363210742725 0.28384191959725014 0.4805801703361615 5 6
0.9370531528058952 0.21453784928156594 0.027007078302670906 0.7836094399071696 0.4519657528837612 5 1
0.9370531528058952 0.21453784928156594 0.027007078302670906 0.7836094399071696 0.4519657528837612 5 1
0.4680001289539911 0.9730473273592091 0.3093705397584299 0.14338434565886726 0.6155606195095648 8 1
0.4680001289539911 0.9730473273592091 0.3093705397584299 0.14338434565886726 0.6155606195095648 8 1
0.20289667852457471 0.8833342827134172 0.5283455909332233 0.49557558620259956 0.7237273276021756 2 3
0.5620187315014167 0.24930645724971057 0.38341820469975707 0.8921671778659931 0.736663754864383 5 5
0.9021016689661664 0.5992553145364661 0.5965191712230443 0.3215439365620131 0.9170616865777552 7 7
0.9021016689661664 0.5992553145364661 0.5965191712230443 0.3215439365620131 0.9170616865777552 7 7
0.22281235576760527 0.4921025345757293 0.9676709706827483 0.08603419976138593 0.03464170197103944 1 1
0.32512999879864035 0.436547553730374 0.01573066211307539 0.4664449347038482 0.4431174956296977 3 3
0.024467760151840712 0.019466161026441386 0.605024647068066 0.38921638103034684 0.5612404251807236 1 1
0.22281235576760527 0.4921025345757293 0.9676709706827483 0.08603419976138593 0.03464170197103944 1 1
0.120610871066262 0.9010354176664928 0.11609609032142931 0.9075681030275026 0.7088762222506109 8 2
0.7786431353130951 0.7792706690805447 0.172921085429535 0.6500312215325192 0.4635274805233073 5 6
0.26580898883283055 0.35742239160613354 0.7527657605703651 0.7180767970634951 0.2695938120626956 6 8
0.3375092911438803 0.3322844508315549 0.39900318336611773 0.261095962098874 0.2712988016244373 3 5
0.4631102222388348 0.6678467250426626 0.13142363210742725 0.28384191959725014 0.4805801703361615 5 6
0.610340624563684 0.28751072390218724 0.6662466780840621 0.38149571424466855 0.5588142568744777 5 1
0.610340624563684 0.28751072390218724 0.6662466780840621 0.38149571424466855 0.5588142568744777 5 1
0.4680001289539911 0.9730473273592091 0.3093705397584299 0.14338434565886726 0.6155606195095648 8 1
0.4680001289539911 0.9730473273592091 0.3093705397584299 0.14338434565886726 0.6155606195095648 8 1
0.4680001289539911 0.9730473273592091 0.3093705397584299 0.14338434565886726 0.6155606195095648 8 1
0.5620187315014167 0.24930645724971057 0.38341820469975707 0.8921671778659931 0.736663754864383 5 5
0.9021016689661664 0.5992553145364661 0.5965191712230443 0.3215439365620131 0.9170616865777552 7 7
0.9021016689661664 0.5992553145364661 0.5965191712230443 0.3215439365620131 0.9170616865777552 7 7
0.22281235576760527 0.4921025345757293 0.9676709706827483 0.08603419976138593 0.03464170197103944 1 1
0.22281235576760527 0.4921025345757293 0.9676709706827483 0.08603419976138593 0.03464170197103944 1 1
0.22281235576760527 0.4921025345757293 0.9676709706827483 0.08603419976138593 0.03464170197103944 1 1
0.22281235576760527 0.4921025345757293 0.9676709706827483 0.08603419976138593 0.03464170197103944 1 1
0.7786431353130951 0.7792706690805447 0.172921085429535 0.6500312215325192 0.4635274805233073 5 6
0.26580898883283055 0.35742239160613354 0.7527657605703651 0.7180767970634951 0.2695938120626956 6 8
0.3375092911438803 0.3322844508315549 0.39900318336611773 0.261095962098874 0.2712988016244373 3 5
0.4631102222388348 0.6678467250426626 0.13142363210742725 0.28384191959725014 0.4805801703361615 5 6
0.610340624563684 0.28751072390218724 0.6662466780840621 0.38149571424466855 0.5588142568744777 5 1
0.748075289550814 0.760482878946254 0.7049243009216237 0.8175689916069474 0.7624646789943609 6 3
0.4680001289539911 0.9730473273592091 0.3093705397584299 0.14338434565886726 0.6155606195095648 8 1
0.4680001289539911 0.9730473273592091 0.3093705397584299 0.14338434565886726 0.6155606195095648 8 1
0.5620187315014167 0.24930645724971057 0.38341820469975707 0.8921671778659931 0.736663754864383 5 5
0.5620187315014167 0.24930645724971057 0.38341820469975707 0.8921671778659931 0.736663754864383 5 5
0.9021016689661664 0.5992553145364661 0.5965191712230443 0.3215439365620131 0.9170616865777552 7 7
0.9021016689661664 0.5992553145364661 0.5965191712230443 0.3215439365620131 0.9170616865777552 7 7
0.22281235576760527 0.4921025345757293 0.9676709706827483 0.08603419976138593 0.03464170197103944 1 1
0.22281235576760527 0.4921025345757293 0.9676709706827483 0.08603419976138593 0.03464170197103944 1 1
0.22281235576760527 0.4921025345757293 0.9676709706827483 0.08603419976138593 0.03464170197103944 1 1
0.7862686500741674 0.5570629097914864 0.7649423367261362 0.8808611367213334 0.08812729561920807 2 4
0.5030416801255229 0.3012731772432692 0.9157132032972147 0.2820374885443594 0.7190198741438009 4 7
0.7786431353130951 0.7792706690805447 0.172921085429535 0.6500312215325192 0.4635274805233073 5 6
0.3375092911438803 0.3322844508315549 0.39900318336611773 0.261095962098874 0.2712988016244373 3 5
0.3375092911438803 0.3322844508315549 0.39900318336611773 0.261095962098874 0.2712988016244373 3 5
0.4631102222388348 0.6678467250426626 0.13142363210742725 0.28384191959725014 0.4805801703361615 5 6
0.610340624563684 0.28751072390218724 0.6662466780840621 0.38149571424466855 0.5588142568744777 5 1
0.9370531528058952 0.21453784928156594 0.027007078302670906 0.7836094399071696 0.4519657528837612 5 1
0.4680001289539911 0.9730473273592091 0.3093705397584299 0.14338434565886726 0.6155606195095648 8 1
0.4680001289539911 0.9730473273592091 0.3093705397584299 0.14338434565886726 0.6155606195095648 8 1
0.20289667852457471 0.8833342827134172 0.5283455909332233 0.49557558620259956 0.7237273276021756 2 3
0.5620187315014167 0.24930645724971057 0.38341820469975707 0.8921671778659931 0.736663754864383 5 5
0.9021016689661664 0.5992553145364661 0.5965191712230443 0.3215439365620131 0.9170616865777552 7 7
0.9021016689661664 0.5992553145364661 0.5965191712230443 0.3215439365620131 0.9170616865777552 7 7
0.32512999879864035 0.436547553730374 0.01573066211307539 0.4664449347038482 0.4431174956296977 3 3
0.22281235576760527 0.4921025345757293 0.9676709706827483 0.08603419976138593 0.03464170197103944 1 1
0.22281235576760527 0.4921025345757293 0.9676709706827483 0.08603419976138593 0.03464170197103944 1 1
0.6807714450972675 0.42458619507424067 0.22923920403940512 0.5732338137831573 0.9040350357754157 5 6
0.7786431353130951 0.7792706690805447 0.172921085429535 0.6500312215325192 0.4635274805233073 5 6
0.3375092911438803 0.3322844508315549 0.39900318336611773 0.261095962098874 0.2712988016244373 3 5
0.4631102222388348 0.6678467250426626 0.13142363210742725 0.28384191959725014 0.4805801703361615 5 6
0.610340624563684 0.28751072390218724 0.6662466780840621 0.38149571424466855 0.5588142568744777 5 1
0.9370531528058952 0.21453784928156594 0.027007078302670906 0.7836094399071696 0.4519657528837612 5 1
0.748075289550814 0.760482878946254 0.7049243009216237 0.8175689916069474 0.7624646789943609 6 3
0.4680001289539911 0.9730473273592091 0.3093705397584299 0.14338434565886726 0.6155606195095648 8 1
0.5620187315014167 0.24930645724971057 0.38341820469975707 0.8921671778659931 0.736663754864383 5 5
0.5620187315014167 0.24930645724971057 0.38341820469975707 0.8921671778659931 0.736663754864383 5 5
0.5620187315014167 0.24930645724971057 0.38341820469975707 0.8921671778659931 0.736663754864383 5 5
0.9021016689661664 0.5992553145364661 0.5965191712230443 0.3215439365620131 0.9170616865777552 7 7
0.9021016689661664 0.5992553145364661 0.5965191712230443 0.3215439365620131 0.9170616865777552 7 7
0.32512999879864035 0.436547553730374 0.01573066211307539 0.4664449347038482 0.4431174956296977 3 3
0.22281235576760527 0.4921025345757293 0.9676709706827483 0.08603419976138593 0.03464170197103944 1 1
0.22281235576760527 0.4921025345757293 0.9676709706827483 0.08603419976138593 0.03464170197103944 1 1
0.6807714450972675 0.42458619507424067 0.22923920403940512 0.5732338137831573 0.9040350357754157 5 6
0.26580898883283055 0.35742239160613354 0.7527657605703651 0.7180767970634951 0.2695938120626956 6 8
0.7786431353130951 0.7792706690805447 0.172921085429535 0.6500312215325192 0.4635274805233073 5 6
0.3375092911438803 0.3322844508315549 0.39900318336611773 0.261095962098874 0.2712988016244373 3 5
0.4631102222388348 0.6678467250426626 0.13142363210742725 0.28384191959725014 0.4805801703361615 5 6
0.610340624563684 0.28751072390218724 0.6662466780840621 0.38149571424466855 0.5588142568744777 5 1
0.610340624563684 0.28751072390218724 0.6662466780840621 0.38149571424466855 0.5588142568744777 5 1
0.748075289550814 0.760482878946254 0.7049243009216237 0.8175689916069474 0.7624646789943609 6 3
0.4680001289539911 0.9730473273592091 0.3093705397584299 0.14338434565886726 0.6155606195095648 8 1
0.5620187315014167 0.24930645724971057 0.38341820469975707 0.8921671778659931 0.736663754864383 5 5
0.20289667852457471 0.8833342827134172 0.5283455909332233 0.49557558620259956 0.7237273276021756 2 3
0.5620187315014167 0.24930645724971057 0.38341820469975707 0.8921671778659931 0.736663754864383 5 5
0.9021016689661664 0.5992553145364661 0.5965191712230443 0.3215439365620131 0.9170616865777552 7 7
0.9021016689661664 0.5992553145364661 0.5965191712230443 0.3215439365620131 0.9170616865777552 7 7
0.32512999879864035 0.436547553730374 0.01573066211307539 0.4664449347038482 0.4431174956296977 3 3
0.22281235576760527 0.4921025345757293 0.9676709706827483 0.08603419976138593 0.03464170197103944 1 1
0.22281235576760527 0.4921025345757293 0.9676709706827483 0.08603419976138593 0.03464170197103944 1 1
0.6807714450972675 0.42458619507424067 0.22923920403940512 0.5732338137831573 0.9040350357754157 5 6
0.26580898883283055 0.35742239160613354 0.7527657605703651 0.7180767970634951 0.2695938120626956 6 8
0.7786431353130951 0.7792706690805447 0.172921085429535 0.6500312215325192 0.4635274805233073 5 6
0.26580898883283055 0.35742239160613354 0.7527657605703651 0.7180767970634951 0.2695938120626956 6 8
0.26580898883283055 0.35742239160613354 0.7527657605703651 0.7180767970634951 0.2695938120626956 6 8
0.3375092911438803 0.3322844508315549 0.39900318336611773 0.261095962098874 0.2712988016244373 3 5
0.610340624563684 0.28751072390218724 0.6662466780840621 0.38149571424466855 0.5588142568744777 5 1
0.610340624563684 0.28751072390218724 0.6662466780840621 0.38149571424466855 0.5588142568744777 5 1
0.4680001289539911 0.9730473273592091 0.3093705397584299 0.14338434565886726 0.6155606195095648 8 1
0.4680001289539911 0.9730473273592091 0.3093705397584299 0.14338434565886726 0.6155606195095648 8 1
0.5620187315014167 0.24930645724971057 0.38341820469975707 0.8921671778659931 0.736663754864383 5 5
0.5620187315014167 0.24930645724971057 0.38341820469975707 0.8921671778659931 0.736663754864383 5 5
0.9021016689661664 0.5992553145364661 0.5965191712230443 0.3215439365620131 0.9170616865777552 7 7
0.9021016689661664 0.5992553145364661 0.5965191712230443 0.3215439365620131 0.9170616865777552 7 7
0.22281235576760527 0.4921025345757293 0.9676709706827483 0.08603419976138593 0.03464170197103944 1 1
0.22281235576760527 0.4921025345757293 0.9676709706827483 0.08603419976138593 0.03464170197103944 1 1
0.22281235576760527 0.4921025345757293 0.9676709706827483 0.08603419976138593 0.03464170197103944 1 1
0.6807714450972675 0.42458619507424067 0.22923920403940512 0.5732338137831573 0.9040350357754157 5 6
0.5030416801255229 0.3012731772432692 0.9157132032972147 0.2820374885443594 0.7190198741438009 4 7
0.7786431353130951 0.7792706690805447 0.172921085429535 0.6500312215325192 0.4635274805233073 5 6
0.26580898883283055 0.35742239160613354 0.7527657605703651 0.7180767970634951 0.2695938120626956 6 8
0.3375092911438803 0.3322844508315549 0.39900318336611773 0.261095962098874 0.2712988016244373 3 5
0.3375092911438803 0.3322844508315549 0.39900318336611773 0.261095962098874 0.2712988016244373 3 5
0.610340624563684 0.28751072390218724 0.6662466780840621 0.38149571424466855 0.5588142568744777 5 1
0.610340624563684 0.28751072390218724 0.6662466780840621 0.38149571424466855 0.5588142568744777 5 1
0.4680001289539911 0.9730473273592091 0.3093705397584299 0.14338434565886726 0.6155606195095648 8 1
0.4680001289539911 0.9730473273592091 0.3093705397584299 0.14338434565886726 0.6155606195095648 8 1
0.20289667852457471 0.8833342827134172 0.5283455909332233 0.49557558620259956 0.7237273276021756 2 3
0.5620187315014167 0.24930645724971057 0.38341820469975707 0.8921671778659931 0.736663754864383 5 5
0.9021016689661664 0.5992553145364661 0.5965191712230443 0.3215439365620131 0.9170616865777552 7 7
0.9021016689661664 0.5992553145364661 0.5965191712230443 0.3215439365620131 0.9170616865777552 7 7
0.22281235576760527 0.4921025345757293 0.9676709706827483 0.08603419976138593 0.03464170197103944 1 1
0.32512999879864035 0.436547553730374 0.01573066211307539 0.4664449347038482 0.4431174956296977 3 3
0.22281235576760527 0.4921025345757293 0.9676709706827483 0.08603419976138593 0.03464170197103944 1 1
0.22281235576760527 0.4921025345757293 0.9676709706827483 0.08603419976138593 0.03464170197103944 1 1
0.26580898883283055 0.35742239160613354 0.7527657605703651 0.7180767970634951 0.2695938120626956 6 8
0.3375092911438803 0.3322844508315549 0.39900318336611773 0.261095962098874 0.2712988016244373 3 5
0.3375092911438803 0.3322844508315549 0.39900318336611773 0.261095962098874 0.2712988016244373 3 5
0.3375092911438803 0.3322844508315549 0.39900318336611773 0.261095962098874 0.2712988016244373 3 5
0.610340624563684 0.28751072390218724 0.6662466780840621 0.38149571424466855 0.5588142568744777 5 1
0.748075289550814 0.760482878946254 0.7049243009216237 0.8175689916069474 0.7624646789943609 6 3
0.4680001289539911 0.9730473273592091 0.3093705397584299 0.14338434565886726 0.6155606195095648 8 1
0.5620187315014167 0.24930645724971057 0.38341820469975707 0.8921671778659931 0.736663754864383 5 5
0.20289667852457471 0.8833342827134172 0.5283455909332233 0.49557558620259956 0.7237273276021756 2 3
0.5620187315014167 0.24930645724971057 0.38341820469975707 0.8921671778659931 0.736663754864383 5 5
0.9021016689661664 0.5992553145364661 0.5965191712230443 0.3215439365620131 0.9170616865777552 7 7
0.9021016689661664 0.5992553145364661 0.5965191712230443 0.3215439365620131 0.9170616865777552 7 7
0.32512999879864035 0.436547553730374 0.01573066211307539 0.4664449347038482 0.4431174956296977 3 3
0.22281235576760527 0.4921025345757293 0.9676709706827483 0.08603419976138593 0.03464170197103944 1 1
0.22281235576760527 0.4921025345757293 0.9676709706827483 0.08603419976138593 0.03464170197103944 1 1
0.7786431353130951 0.7792706690805447 0.172921085429535 0.6500312215325192 0.4635274805233073 5 6
0.7786431353130951 0.7792706690805447 0.172921085429535 0.6500312215325192 0.4635274805233073 5 6
0.26580898883283055 0.35742239160613354 0.7527657605703651 0.7180767970634951 0.2695938120626956 6 8
0.3375092911438803 0.3322844508315549 0.39900318336611773 0.261095962098874 0.2712988016244373 3 5
0.4631102222388348 0.6678467250426626 0.13142363210742725 0.28384191959725014 0.4805801703361615 5 6
0.610340624563684 0.28751072390218724 0.6662466780840621 0.38149571424466855 0.5588142568744777 5 1
0.9370531528058952 0.21453784928156594 0.027007078302670906 0.7836094399071696 0.4519657528837612 5 1
0.4680001289539911 0.9730473273592091 0.3093705397584299 0.14338434565886726 0.6155606195095648 8 1
0.4680001289539911 0.9730473273592091 0.3093705397584299 0.14338434565886726 0.6155606195095648 8 1
0.5620187315014167 0.24930645724971057 0.38341820469975707 0.8921671778659931 0.736663754864383 5 5
0.5620187315014167 0.24930645724971057 0.38341820469975707 0.8921671778659931 0.736663754864383 5 5
0.9021016689661664 0.5992553145364661 0.5965191712230443 0.3215439365620131 0.9170616865777552 7 7
0.9021016689661664 0.5992553145364661 0.5965191712230443 0.3215439365620131 0.9170616865777552 7 7
0.22281235576760527 0.4921025345757293 0.9676709706827483 0.08603419976138593 0.03464170197103944 1 1
0.32512999879864035 0.436547553730374 0.01573066211307539 0.4664449347038482 0.4431174956296977 3 3
0.22281235576760527 0.4921025345757293 0.9676709706827483 0.08603419976138593 0.03464170197103944 1 1
0.22281235576760527 0.4921025345757293 0.9676709706827483 0.08603419976138593 0.03464170197103944 1 1
0.7786431353130951 0.7792706690805447 0.172921085429535 0.6500312215325192 0.4635274805233073 5 6
0.3375092911438803 0.3322844508315549 0.39900318336611773 0.261095962098874 0.2712988016244373 3 5
0.3375092911438803 0.3322844508315549 0.39900318336611773 0.261095962098874 0.2712988016244373 3 5
0.4631102222388348 0.6678467250426626 0.13142363210742725 0.28384191959725014 0.4805801703361615 5 6
0.610340624563684 0.28751072390218724 0.6662466780840621 0.38149571424466855 0.5588142568744777 5 1
0.748075289550814 0.760482878946254 0.7049243009216237 0.8175689916069474 0.7624646789943609 6 3
0.610340624563684 0.28751072390218724 0.6662466780840621 0.38149571424466855 0.5588142568744777 5 1
0.5620187315014167 0.24930645724971057 0.38341820469975707 0.8921671778659931 0.736663754864383 5 5
0.20289667852457471 0.8833342827134172 0.5283455909332233 0.49557558620259956 0.7237273276021756 2 3
0.5620187315014167 0.24930645724971057 0.38341820469975707 0.8921671778659931 0.736663754864383 5 5
0.9021016689661664 0.5992553145364661 0.5965191712230443 0.3215439365620131 0.9170616865777552 7 7
0.9021016689661664 0.5992553145364661 0.5965191712230443 0.3215439365620131 0.9170616865777552 7 7
0.22281235576760527 0.4921025345757293 0.9676709706827483 0.08603419976138593 0.03464170197103944 1 1
0.32512999879864035 0.436547553730374 0.01573066211307539 0.4664449347038482 0.4431174956296977 3 3
0.22281235576760527 0.4921025345757293 0.9676709706827483 0.08603419976138593 0.03464170197103944 1 1
0.22281235576760527 0.4921025345757293 0.9676709706827483 0.08603419976138593 0.03464170197103944 1 1
0.7786431353130951 0.7792706690805447 0.172921085429535 0.6500312215325192 0.4635274805233073 5 6
0.26580898883283055 0.35742239160613354 0.7527657605703651 0.7180767970634951 0.2695938120626956 6 8
0.3375092911438803 0.3322844508315549 0.39900318336611773 0.261095962098874 0.2712988016244373 3 5
0.4631102222388348 0.6678467250426626 0.13142363210742725 0.28384191959725014 0.4805801703361615 5 6
0.610340624563684 0.28751072390218724 0.6662466780840621 0.38149571424466855 0.5588142568744777 5 1
0.9370531528058952 0.21453784928156594 0.027007078302670906 0.7836094399071696 0.4519657528837612 5 1
0.4680001289539911 0.9730473273592091 0.3093705397584299 0.14338434565886726 0.6155606195095648 8 1
0.4680001289539911 0.9730473273592091 0.3093705397584299 0.14338434565886726 0.6155606195095648 8 1
0.20289667852457471 0.8833342827134172 0.5283455909332233 0.49557558620259956 0.7237273276021756 2 3
0.5620187315014167 0.24930645724971057 0.38341820469975707 0.8921671778659931 0.736663754864383 5 5
0.9021016689661664 0.5992553145364661 0.5965191712230443 0.3215439365620131 0.9170616865777552 7 7
0.9021016689661664 0.5992553145364661 0.5965191712230443 0.3215439365620131 0.9170616865777552 7 7
0.32512999879864035 0.436547553730374 0.01573066211307539 0.4664449347038482 0.4431174956296977 3 3
0.22281235576760527 0.4921025345757293 0.9676709706827483 0.08603419976138593 0.03464170197103944 1 1
0.22281235576760527 0.4921025345757293 0.9676709706827483 0.08603419976138593 0.03464170197103944 1 1
0.7862686500741674 0.5570629097914864 0.7649423367261362 0.8808611367213334 0.08812729561920807 2 4
0.120610871066262 0.9010354176664928 0.11609609032142931 0.9075681030275026 0.7088762222506109 8 2
0.7786431353130951 0.7792706690805447 0.172921085429535 0.6500312215325192 0.4635274805233073 5 6
0.26580898883283055 0.35742239160613354 0.7527657605703651 0.7180767970634951 0.2695938120626956 6 8
0.3375092911438803 0.3322844508315549 0.39900318336611773 0.261095962098874 0.2712988016244373 3 5
0.4631102222388348 0.6678467250426626 0.13142363210742725 0.28384191959725014 0.4805801703361615 5 6
0.610340624563684 0.28751072390218724 0.6662466780840621 0.38149571424466855 0.5588142568744777 5 1
0.9370531528058952 0.21453784928156594 0.027007078302670906 0.7836094399071696 0.4519657528837612 5 1
0.4680001289539911 0.9730473273592091 0.3093705397584299 0.14338434565886726 0.6155606195095648 8 1
0.4680001289539911 0.9730473273592091 0.3093705397584299 0.14338434565886726 0.6155606195095648 8 1
0.4680001289539911 0.9730473273592091 0.3093705397584299 0.14338434565886726 0.6155606195095648 8 1
0.5620187315014167 0.24930645724971057 0.38341820469975707 0.8921671778659931 0.736663754864383 5 5
0.9021016689661664 0.5992553145364661 0.5965191712230443 0.3215439365620131 0.9170616865777552 7 7
0.9021016689661664 0.5992553145364661 0.5965191712230443 0.3215439365620131 0.9170616865777552 7 7
0.22281235576760527 0.4921025345757293 0.9676709706827483 0.08603419976138593 0.03464170197103944 1 1
0.22281235576760527 0.4921025345757293 0.9676709706827483 0.08603419976138593 0.03464170197103944 1 1
0.22281235576760527 0.4921025345757293 0.9676709706827483 0.08603419976138593 0.03464170197103944 1 1
0.22281235576760527 0.4921025345757293 0.9676709706827483 0.08603419976138593 0.03464170197103944 1 1
0.7786431353130951 0.7792706690805447 0.172921085429535 0.6500312215325192 0.4635274805233073 5 6
0.26580898883283055 0.35742239160613354 0.7527657605703651 0.7180767970634951 0.2695938120626956 6 8
0.3375092911438803 0.3322844508315549 0.39900318336611773 0.261095962098874 0.2712988016244373 3 5
0.4631102222388348 0.6678467250426626 0.13142363210742725 0.28384191959725014 0.4805801703361615 5 6
0.610340624563684 0.28751072390218724 0.6662466780840621 0.38149571424466855 0.5588142568744777 5 1
0.9370531528058952 0.21453784928156594 0.027007078302670906 0.7836094399071696 0.4519657528837612 5 1
0.4680001289539911 0.9730473273592091 0.3093705397584299 0.14338434565886726 0.6155606195095648 8 1
0.4680001289539911 0.9730473273592091 0.3093705397584299 0.14338434565886726 0.6155606195095648 8 1
0.20289667852457471 0.8833342827134172 0.5283455909332233 0.49557558620259956 0.7237273276021756 2 3
0.5620187315014167 0.24930645724971057 0.38341820469975707 0.8921671778659931 0.736663754864383 5 5
0.5620187315014167 0.24930645724971057 0.38341820469975707 0.8921671778659931 0.736663754864383 5 5
0.9021016689661664 0.5992553145364661 0.5965191712230443 0.3215439365620131 0.9170616865777552 7 7
0.32512999879864035 0.436547553730374 0.01573066211307539 0.4664449347038482 0.4431174956296977 3 3
0.32512999879864035 0.436547553730374 0.01573066211307539 0.4664449347038482 0.4431174956296977 3 3
0.22281235576760527 0.4921025345757293 0.9676709706827483 0.08603419976138593 0.03464170197103944 1 1
0.7862686500741674 0.5570629097914864 0.7649423367261362 0.8808611367213334 0.08812729561920807 2 4
0.120610871066262 0.9010354176664928 0.11609609032142931 0.9075681030275026 0.7088762222506109 8 2
0.7786431353130951 0.7792706690805447 0.172921085429535 0.6500312215325192 0.4635274805233073 5 6
0.26580898883283055 0.35742239160613354 0.7527657605703651 0.7180767970634951 0.2695938120626956 6 8
0.3375092911438803 0.3322844508315549 0.39900318336611773 0.261095962098874 0.2712988016244373 3 5
0.4631102222388348 0.6678467250426626 0.13142363210742725 0.28384191959725014 0.4805801703361615 5 6
0.610340624563684 0.28751072390218724 0.6662466780840621 0.38149571424466855 0.5588142568744777 5 1
0.748075289550814 0.760482878946254 0.7049243009216237 0.8175689916069474 0.7624646789943609 6 3
0.4680001289539911 0.9730473273592091 0.3093705397584299 0.14338434565886726 0.6155606195095648 8 1
0.4680001289539911 0.9730473273592091 0.3093705397584299 0.14338434565886726 0.6155606195095648 8 1
0.20289667852457471 0.8833342827134172 0.5283455909332233 0.49557558620259956 0.7237273276021756 2 3
0.5620187315014167 0.24930645724971057 0.38341820469975707 0.8921671778659931 0.736663754864383 5 5
0.9021016689661664 0.5992553145364661 0.5965191712230443 0.3215439365620131 0.9170616865777552 7 7
0.9021016689661664 0.5992553145364661 0.5965191712230443 0.3215439365620131 0.9170616865777552 7 7
0.9021016689661664 0.5992553145364661 0.5965191712230443 0.3215439365620131 0.9170616865777552 7 7
0.22281235576760527 0.4921025345757293 0.9676709706827483 0.08603419976138593 0.03464170197103944 1 1
0.22281235576760527 0.4921025345757293 0.9676709706827483 0.08603419976138593 0.03464170197103944 1 1
0.22281235576760527 0.4921025345757293 0.9676709706827483 0.08603419976138593 0.03464170197103944 1 1
0.7786431353130951 0.7792706690805447 0.172921085429535 0.6500312215325192 0.4635274805233073 5 6
0.26580898883283055 0.35742239160613354 0.7527657605703651 0.7180767970634951 0.2695938120626956 6 8
0.3375092911438803 0.3322844508315549 0.39900318336611773 0.261095962098874 0.2712988016244373 3 5
0.4631102222388348 0.6678467250426626 0.13142363210742725 0.28384191959725014 0.4805801703361615 5 6
0.610340624563684 0.28751072390218724 0.6662466780840621 0.38149571424466855 0.5588142568744777 5 1
0.9370531528058952 0.21453784928156594 0.027007078302670906 0.7836094399071696 0.4519657528837612 5 1
0.4680001289539911 0.9730473273592091 0.3093705397584299 0.14338434565886726 0.6155606195095648 8 1
0.4680001289539911 0.9730473273592091 0.3093705397584299 0.14338434565886726 0.6155606195095648 8 1
0.5620187315014167 0.24930645724971057 0.38341820469975707 0.8921671778659931 0.736663754864383 5 5
0.5620187315014167 0.24930645724971057 0.38341820469975707 0.8921671778659931 0.736663754864383 5 5
0.9021016689661664 0.5992553145364661 0.5965191712230443 0.3215439365620131 0.9170616865777552 7 7
0.9021016689661664 0.5992553145364661 0.5965191712230443 0.3215439365620131 0.9170616865777552 7 7
0.32512999879864035 0.436547553730374 0.01573066211307539 0.4664449347038482 0.4431174956296977 3 3
0.32512999879864035 0.436547553730374 0.01573066211307539 0.4664449347038482 0.4431174956296977 3 3
0.22281235576760527 0.4921025345757293 0.9676709706827483 0.08603419976138593 0.03464170197103944 1 1
0.7862686500741674 0.5570629097914864 0.7649423367261362 0.8808611367213334 0.08812729561920807 2 4
0.7786431353130951 0.7792706690805447 0.172921085429535 0.6500312215325192 0.4635274805233073 5 6
0.26580898883283055 0.35742239160613354 0.7527657605703651 0.7180767970634951 0.2695938120626956 6 8
0.26580898883283055 0.35742239160613354 0.7527657605703651 0.7180767970634951 0.2695938120626956 6 8
0.3375092911438803 0.3322844508315549 0.39900318336611773 0.261095962098874 0.2712988016244373 3 5
0.610340624563684 0.28751072390218724 0.6662466780840621 0.38149571424466855 0.5588142568744777 5 1
0.610340624563684 0.28751072390218724 0.6662466780840621 0.38149571424466855 0.5588142568744777 5 1
0.4680001289539911 0.9730473273592091 0.3093705397584299 0.14338434565886726 0.6155606195095648 8 1
0.4680001289539911 0.9730473273592091 0.3093705397584299 0.14338434565886726 0.6155606195095648 8 1
0.5620187315014167 0.24930645724971057 0.38341820469975707 0.8921671778659931 0.736663754864383 5 5
0.5620187315014167 0.24930645724971057 0.38341820469975707 0.8921671778659931 0.736663754864383 5 5
0.9021016689661664 0.5992553145364661 0.5965191712230443 0.3215439365620131 0.9170616865777552 7 7
0.9021016689661664 0.5992553145364661 0.5965191712230443 0.3215439365620131 0.9170616865777552 7 7
0.22281235576760527 0.4921025345757293 0.9676709706827483 0.08603419976138593 0.03464170197103944 1 1
0.22281235576760527 0.4921025345757293 0.9676709706827483 0.08603419976138593 0.03464170197103944 1 1
0.024467760151840712 0.019466161026441386 0.605024647068066 0.38921638103034684 0.5612404251807236 1 1
0.6807714450972675 0.42458619507424067 0.22923920403940512 0.5732338137831573 0.9040350357754157 5 6
0.5030416801255229 0.3012731772432692 0.9157132032972147 0.2820374885443594 0.7190198741438009 4 7
0.7786431353130951 0.7792706690805447 0.172921085429535 0.6500312215325192 0.4635274805233073 5 6
0.26580898883283055 0.35742239160613354 0.7527657605703651 0.7180767970634951 0.2695938120626956 6 8
0.3375092911438803 0.3322844508315549 0.39900318336611773 0.261095962098874 0.2712988016244373 3 5
0.3375092911438803 0.3322844508315549 0.39900318336611773 0.261095962098874 0.2712988016244373 3 5
0.610340624563684 0.28751072390218724 0.6662466780840621 0.38149571424466855 0.5588142568744777 5 1
0.748075289550814 0.760482878946254 0.7049243009216237 0.8175689916069474 0.7624646789943609 6 3
0.4680001289539911 0.9730473273592091 0.3093705397584299 0.14338434565886726 0.6155606195095648 8 1
0.4680001289539911 0.9730473273592091 0.3093705397584299 0.14338434565886726 0.6155606195095648 8 1
0.5620187315014167 0.24930645724971057 0.38341820469975707 0.8921671778659931 0.736663754864383 5 5
0.331588500340957 0.3524745813865747 0.14663110002334 0.42115712978482456 0.5837965883556021 7 3
0.10645330671792874 0.6803538109924782 0.8873990867076069 0.9548738594237389 0.762010910977611 8 3
0.9021016689661664 0.5992553145364661 0.5965191712230443 0.3215439365620131 0.9170616865777552 7 7
0.9021016689661664 0.5992553145364661 0.5965191712230443 0.3215439365620131 0.9170616865777552 7 7
0.024467760151840712 0.019466161026441386 0.605024647068066 0.38921638103034684 0.5612404251807236 1 1
0.22281235576760527 0.4921025345757293 0.9676709706827483 0.08603419976138593 0.03464170197103944 1 1
0.46109712935133385 0.02116323148815935 0.15573059175409465 0.15739938031554113 0.9211071931629158 3 2
0.7786431353130951 0.7792706690805447 0.172921085429535 0.6500312215325192 0.4635274805233073 5 6
0.26580898883283055 0.35742239160613354 0.7527657605703651 0.7180767970634951 0.2695938120626956 6 8
0.3375092911438803 0.3322844508315549 0.39900318336611773 0.261095962098874 0.2712988016244373 3 5
0.3375092911438803 0.3322844508315549 0.39900318336611773 0.261095962098874 0.2712988016244373 3 5
0.610340624563684 0.28751072390218724 0.6662466780840621 0.38149571424466855 0.5588142568744777 5 1
0.610340624563684 0.28751072390218724 0.6662466780840621 0.38149571424466855 0.5588142568744777 5 1
0.4680001289539911 0.9730473273592091 0.3093705397584299 0.14338434565886726 0.6155606195095648 8 1
0.4680001289539911 0.9730473273592091 0.3093705397584299 0.14338434565886726 0.6155606195095648 8 1
0.5620187315014167 0.24930645724971057 0.38341820469975707 0.8921671778659931 0.736663754864383 5 5
0.5620187315014167 0.24930645724971057 0.38341820469975707 0.8921671778659931 0.736663754864383 5 5
0.9021016689661664 0.5992553145364661 0.5965191712230443 0.3215439365620131 0.9170616865777552 7 7
0.9021016689661664 0.5992553145364661 0.5965191712230443 0.3215439365620131 0.9170616865777552 7 7
0.22281235576760527 0.4921025345757293 0.9676709706827483 0.08603419976138593 0.03464170197103944 1 1
0.024467760151840712 0.019466161026441386 0.605024647068066 0.38921638103034684 0.5612404251807236 1 1
0.22281235576760527 0.4921025345757293 0.9676709706827483 0.08603419976138593 0.03464170197103944 1 1
0.6807714450972675 0.42458619507424067 0.22923920403940512 0.5732338137831573 0.9040350357754157 5 6
0.5030416801255229 0.3012731772432692 0.9157132032972147 0.2820374885443594 0.7190198741438009 4 7
0.26580898883283055 0.35742239160613354 0.7527657605703651 0.7180767970634951 0.2695938120626956 6 8
0.3375092911438803 0.3322844508315549 0.39900318336611773 0.261095962098874 0.2712988016244373 3 5
0.3375092911438803 0.3322844508315549 0.39900318336611773 0.261095962098874 0.2712988016244373 3 5
0.4631102222388348 0.6678467250426626 0.13142363210742725 0.28384191959725014 0.4805801703361615 5 6
0.610340624563684 0.28751072390218724 0.6662466780840621 0.38149571424466855 0.5588142568744777 5 1
0.748075289550814 0.760482878946254 0.7049243009216237 0.8175689916069474 0.7624646789943609 6 3
0.4680001289539911 0.9730473273592091 0.3093705397584299 0.14338434565886726 0.6155606195095648 8 1
0.4680001289539911 0.9730473273592091 0.3093705397584299 0.14338434565886726 0.6155606195095648 8 1
0.20289667852457471 0.8833342827134172 0.5283455909332233 0.49557558620259956 0.7237273276021756 2 3
0.5620187315014167 0.24930645724971057 0.38341820469975707 0.8921671778659931 0.736663754864383 5 5
0.9021016689661664 0.5992553145364661 0.5965191712230443 0.3215439365620131 0.9170616865777552 7 7
0.9021016689661664 0.5992553145364661 0.5965191712230443 0.3215439365620131 0.9170616865777552 7 7
0.32512999879864035 0.436547553730374 0.01573066211307539 0.4664449347038482 0.4431174956296977 3 3
0.22281235576760527 0.4921025345757293 0.9676709706827483 0.08603419976138593 0.03464170197103944 1 1
0.22281235576760527 0.4921025345757293 0.9676709706827483 0.08603419976138593 0.03464170197103944 1 1
0.6807714450972675 0.42458619507424067 0.22923920403940512 0.5732338137831573 0.9040350357754157 5 6
0.26580898883283055 0.35742239160613354 0.7527657605703651 0.7180767970634951 0.2695938120626956 6 8
0.3375092911438803 0.3322844508315549 0.39900318336611773 0.261095962098874 0.2712988016244373 3 5
0.3375092911438803 0.3322844508315549 0.39900318336611773 0.261095962098874 0.2712988016244373 3 5
0.3375092911438803 0.3322844508315549 0.39900318336611773 0.261095962098874 0.2712988016244373 3 5
0.610340624563684 0.28751072390218724 0.6662466780840621 0.38149571424466855 0.5588142568744777 5 1
0.748075289550814 0.760482878946254 0.7049243009216237 0.8175689916069474 0.7624646789943609 6 3
0.4680001289539911 0.9730473273592091 0.3093705397584299 0.14338434565886726 0.6155606195095648 8 1
0.5620187315014167 0.24930645724971057 0.38341820469975707 0.8921671778659931 0.736663754864383 5 5
0.20289667852457471 0.8833342827134172 0.5283455909332233 0.49557558620259956 0.7237273276021756 2 3
0.5620187315014167 0.24930645724971057 0.38341820469975707 0.8921671778659931 0.736663754864383 5 5
0.9021016689661664 0.5992553145364661 0.5965191712230443 0.3215439365620131 0.9170616865777552 7 7
0.9021016689661664 0.5992553145364661 0.5965191712230443 0.3215439365620131 0.9170616865777552 7 7
0.32512999879864035 0.436547553730374 0.01573066211307539 0.4664449347038482 0.4431174956296977 3 3
0.22281235576760527 0.4921025345757293 0.9676709706827483 0.08603419976138593 0.03464170197103944 1 1
0.22281235576760527 0.4921025345757293 0.9676709706827483 0.08603419976138593 0.03464170197103944 1 1
0.7786431353130951 0.7792706690805447 0.172921085429535 0.6500312215325192 0.4635274805233073 5 6
0.26580898883283055 0.35742239160613354 0.7527657605703651 0.7180767970634951 0.2695938120626956 6 8
0.3375092911438803 0.3322844508315549 0.39900318336611773 0.261095962098874 0.2712988016244373 3 5
0.3375092911438803 0.3322844508315549 0.39900318336611773 0.261095962098874 0.2712988016244373 3 5
0.3375092911438803 0.3322844508315549 0.39900318336611773 0.261095962098874 0.2712988016244373 3 5
0.610340624563684 0.28751072390218724 0.6662466780840621 0.38149571424466855 0.5588142568744777 5 1
0.748075289550814 0.760482878946254 0.7049243009216237 0.8175689916069474 0.7624646789943609 6 3
0.4680001289539911 0.9730473273592091 0.3093705397584299 0.14338434565886726 0.6155606195095648 8 1
0.5620187315014167 0.24930645724971057 0.38341820469975707 0.8921671778659931 0.736663754864383 5 5
0.20289667852457471 0.8833342827134172 0.5283455909332233 0.49557558620259956 0.7237273276021756 2 3
0.5620187315014167 0.24930645724971057 0.38341820469975707 0.8921671778659931 0.736663754864383 5 5
0.9021016689661664 0.5992553145364661 0.5965191712230443 0.3215439365620131 0.9170616865777552 7 7
0.9021016689661664 0.5992553145364661 0.5965191712230443 0.3215439365620131 0.9170616865777552 7 7
0.32512999879864035 0.436547553730374 0.01573066211307539 0.4664449347038482 0.4431174956296977 3 3
0.22281235576760527 0.4921025345757293 0.9676709706827483 0.08603419976138593 0.03464170197103944 1 1
0.22281235576760527 0.4921025345757293 0.9676709706827483 0.08603419976138593 0.03464170197103944 1 1
0.7786431353130951 0.7792706690805447 0.172921085429535 0.6500312215325192 0.4635274805233073 5 6
0.4215291140116241 0.7248486627297417 0.508550014705718 0.895588202395408 0.7989669316032383 6 1
0.26580898883283055 0.35742239160613354 0.7527657605703651 0.7180767970634951 0.2695938120626956 6 8
0.3375092911438803 0.3322844508315549 0.39900318336611773 0.261095962098874 0.2712988016244373 3 5
0.4631102222388348 0.6678467250426626 0.13142363210742725 0.28384191959725014 0.4805801703361615 5 6
0.9370531528058952 0.21453784928156594 0.027007078302670906 0.7836094399071696 0.4519657528837612 5 1
0.9370531528058952 0.21453784928156594 0.027007078302670906 0.7836094399071696 0.4519657528837612 5 1
0.4680001289539911 0.9730473273592091 0.3093705397584299 0.14338434565886726 0.6155606195095648 8 1
0.4680001289539911 0.9730473273592091 0.3093705397584299 0.14338434565886726 0.6155606195095648 8 1
0.5620187315014167 0.24930645724971057 0.38341820469975707 0.8921671778659931 0.736663754864383 5 5
0.5620187315014167 0.24930645724971057 0.38341820469975707 0.8921671778659931 0.736663754864383 5 5
0.9021016689661664 0.5992553145364661 0.5965191712230443 0.3215439365620131 0.9170616865777552 7 7
0.9021016689661664 0.5992553145364661 0.5965191712230443 0.3215439365620131 0.9170616865777552 7 7
0.22281235576760527 0.4921025345757293 0.9676709706827483 0.08603419976138593 0.03464170197103944 1 1
0.32512999879864035 0.436547553730374 0.01573066211307539 0.4664449347038482 0.4431174956296977 3 3
0.22281235576760527 0.4921025345757293 0.9676709706827483 0.08603419976138593 0.03464170197103944 1 1
0.22281235576760527 0.4921025345757293 0.9676709706827483 0.08603419976138593 0.03464170197103944 1 1
0.4215291140116241 0.7248486627297417 0.508550014705718 0.895588202395408 0.7989669316032383 6 1
0.26580898883283055 0.35742239160613354 0.7527657605703651 0.7180767970634951 0.2695938120626956 6 8
0.3375092911438803 0.3322844508315549 0.39900318336611773 0.261095962098874 0.2712988016244373 3 5
0.4631102222388348 0.6678467250426626 0.13142363210742725 0.28384191959725014 0.4805801703361615 5 6
0.9370531528058952 0.21453784928156594 0.027007078302670906 0.7836094399071696 0.4519657528837612 5 1
0.9370531528058952 0.21453784928156594 0.027007078302670906 0.7836094399071696 0.4519657528837612 5 1
0.4680001289539911 0.9730473273592091 0.3093705397584299 0.14338434565886726 0.6155606195095648 8 1
0.4680001289539911 0.9730473273592091 0.3093705397584299 0.14338434565886726 0.6155606195095648 8 1
0.5620187315014167 0.24930645724971057 0.38341820469975707 0.8921671778659931 0.736663754864383 5 5
0.5620187315014167 0.24930645724971057 0.38341820469975707 0.8921671778659931 0.736663754864383 5 5
0.9021016689661664 0.5992553145364661 0.5965191712230443 0.3215439365620131 0.9170616865777552 7 7
0.9021016689661664 0.5992553145364661 0.5965191712230443 0.3215439365620131 0.9170616865777552 7 7
0.22281235576760527 0.4921025345757293 0.9676709706827483 0.08603419976138593 0.03464170197103944 1 1
0.32512999879864035 0.436547553730374 0.01573066211307539 0.4664449347038482 0.4431174956296977 3 3
0.22281235576760527 0.4921025345757293 0.9676709706827483 0.08603419976138593 0.03464170197103944 1 1
0.22281235576760527 0.4921025345757293 0.9676709706827483 0.08603419976138593 0.03464170197103944 1 1
0.26580898883283055 0.35742239160613354 0.7527657605703651 0.7180767970634951 0.2695938120626956 6 8
0.3375092911438803 0.3322844508315549 0.39900318336611773 0.261095962098874 0.2712988016244373 3 5
0.3375092911438803 0.3322844508315549 0.39900318336611773 0.261095962098874 0.2712988016244373 3 5
0.4631102222388348 0.6678467250426626 0.13142363210742725 0.28384191959725014 0.4805801703361615 5 6
0.610340624563684 0.28751072390218724 0.6662466780840621 0.38149571424466855 0.5588142568744777 5 1
0.610340624563684 0.28751072390218724 0.6662466780840621 0.38149571424466855 0.5588142568744777 5 1
0.4680001289539911 0.9730473273592091 0.3093705397584299 0.14338434565886726 0.6155606195095648 8 1
0.4680001289539911 0.9730473273592091 0.3093705397584299 0.14338434565886726 0.6155606195095648 8 1
0.20289667852457471 0.8833342827134172 0.5283455909332233 0.49557558620259956 0.7237273276021756 2 3
0.5620187315014167 0.24930645724971057 0.38341820469975707 0.8921671778659931 0.736663754864383 5 5
0.9021016689661664 0.5992553145364661 0.5965191712230443 0.3215439365620131 0.9170616865777552 7 7
0.9021016689661664 0.5992553145364661 0.5965191712230443 0.3215439365620131 0.9170616865777552 7 7
0.32512999879864035 0.436547553730374 0.01573066211307539 0.4664449347038482 0.4431174956296977 3 3
0.22281235576760527 0.4921025345757293 0.9676709706827483 0.08603419976138593 0.03464170197103944 1 1
0.22281235576760527 0.4921025345757293 0.9676709706827483 0.08603419976138593 0.03464170197103944 1 1
0.6807714450972675 0.42458619507424067 0.22923920403940512 0.5732338137831573 0.9040350357754157 5 6
0.45039749095756454 0.6499813485043032 0.48614087733726796 0.49465575702630404 0.7096834886215557 1 5
0.26580898883283055 0.35742239160613354 0.7527657605703651 0.7180767970634951 0.2695938120626956 6 8
0.3375092911438803 0.3322844508315549 0.39900318336611773 0.261095962098874 0.2712988016244373 3 5
0.3375092911438803 0.3322844508315549 0.39900318336611773 0.261095962098874 0.2712988016244373 3 5
0.4631102222388348 0.6678467250426626 0.13142363210742725 0.28384191959725014 0.4805801703361615 5 6
0.610340624563684 0.28751072390218724 0.6662466780840621 0.38149571424466855 0.5588142568744777 5 1
0.610340624563684 0.28751072390218724 0.6662466780840621 0.38149571424466855 0.5588142568744777 5 1
0.4680001289539911 0.9730473273592091 0.3093705397584299 0.14338434565886726 0.6155606195095648 8 1
0.4680001289539911 0.9730473273592091 0.3093705397584299 0.14338434565886726 0.6155606195095648 8 1
0.20289667852457471 0.8833342827134172 0.5283455909332233 0.49557558620259956 0.7237273276021756 2 3
0.5620187315014167 0.24930645724971057 0.38341820469975707 0.8921671778659931 0.736663754864383 5 5
0.9021016689661664 0.5992553145364661 0.5965191712230443 0.3215439365620131 0.9170616865777552 7 7
0.9021016689661664 0.5992553145364661 0.5965191712230443 0.3215439365620131 0.9170616865777552 7 7
0.32512999879864035 0.436547553730374 0.01573066211307539 0.4664449347038482 0.4431174956296977 3 3
0.22281235576760527 0.4921025345757293 0.9676709706827483 0.08603419976138593 0.03464170197103944 1 1
0.22281235576760527 0.4921025345757293 0.9676709706827483 0.08603419976138593 0.03464170197103944 1 1
0.6807714450972675 0.42458619507424067 0.22923920403940512 0.5732338137831573 0.9040350357754157 5 6
0.45039749095756454 0.6499813485043032 0.48614087733726796 0.49465575702630404 0.7096834886215557 1 5
