population 0 fitness 1.0051158572125374 years 49.0 length 17
population 1 fitness 1.0051158572125374 years 49.0 length 16
population 2 fitness 1.0052224375711318 years 48.0 length 16
population 3 fitness 1.0052224375711318 years 48.0 length 17
population 4 fitness 1.005175538347479 years 45.0 length 17
population 5 fitness 1.0052931642190126 years 44.0 length 16
population 6 fitness 1.0052931642190126 years 44.0 length 16
population 7 fitness 1.0049871571166982 years 77.0 length 16
population 8 fitness 1.0055452196580132 years 42.0 length 16
population 9 fitness 1.0055452196580132 years 42.0 length 16
population 10 fitness 1.005572547484768 years 41.0 length 16
population 11 fitness 1.0056804689179646 years 41.0 length 16
population 12 fitness 1.0053300134734058 years 29.0 length 17
population 13 fitness 1.0053300134734058 years 29.0 length 16
population 14 fitness 1.0044694861417036 years 28.0 length 17
population 15 fitness 1.0055203710974558 years 28.0 length 15
population 16 fitness 1.0057248292862506 years 27.0 length 16
population 17 fitness 1.0057248292862506 years 27.0 length 16
population 18 fitness 1.0059450150280294 years 26.0 length 17
population 19 fitness 1.0059450150280294 years 26.0 length 16
population 20 fitness 1.0064404329470318 years 24.0 length 16
population 21 fitness 1.0064404329470318 years 24.0 length 16
population 22 fitness 1.006720451770816 years 23.0 length 16
population 23 fitness 1.006720451770816 years 23.0 length 16
population 24 fitness 1.007282107143113 years 15.0 length 16
population 25 fitness 1.007282107143113 years 15.0 length 16
population 26 fitness 1.0078022576533354 years 14.0 length 16
population 27 fitness 1.0078022576533354 years 14.0 length 15
population 28 fitness 1.004731102647648 years 13.0 length 17
population 29 fitness 1.006654179570725 years 13.0 length 16
population 30 fitness 1.0072086945349519 years 12.0 length 17
population 31 fitness 1.0072086945349519 years 12.0 length 16
population 32 fitness 1.0078640304017659 years 11.0 length 15
population 33 fitness 1.0078640304017659 years 11.0 length 16
population 34 fitness 1.0086365404249116 years 10.0 length 16
population 35 fitness 1.0086365404249116 years 10.0 length 16
population 36 fitness 1.0030304503540928 years 6.0 length 16
population 37 fitness 1.0030304503540928 years 6.0 length 16
population 38 fitness 1.0049751243781095 years 6.0 length 16
population 39 fitness 1.0049751243781095 years 6.0 length 16

0.38776120763320154 0.6713783748550627 0.6309864905946845 0.9323019281024942 0.017278014458342095 4 7
0.38776120763320154 0.6713783748550627 0.6309864905946845 0.9323019281024942 0.017278014458342095 4 7
0.5485582614697464 0.3128508540568209 0.8157118301108728 0.4053676711679157 0.9110302624514368 5 5
0.39200351341643325 0.13169303963743462 0.07710336806187945 0.39486977069931684 0.2971946726714281 6 5
0.39200351341643325 0.13169303963743462 0.07710336806187945 0.39486977069931684 0.2971946726714281 6 5
0.8292447256884438 0.5076860545928021 0.1365925571488028 0.0755573918902247 0.22020207623328536 1 1
0.8292447256884438 0.5076860545928021 0.1365925571488028 0.0755573918902247 0.22020207623328536 1 1
0.35245640154855495 0.1634424644193142 0.2793593537802528 0.8097397694676155 0.4872349775468352 7 2
0.35245640154855495 0.1634424644193142 0.2793593537802528 0.8097397694676155 0.4872349775468352 7 2
0.5981563320471811 0.8619388245798604 0.9039597997902747 0.9647628682045216 0.6645967499517077 5 8
0.5981563320471811 0.8619388245798604 0.9039597997902747 0.9647628682045216 0.6645967499517077 5 8
0.45764400803506744 0.12250130598542197 0.9815604566384871 0.6014483040392603 0.5092657258212737 3 6
0.41407346720175386 0.8325592678494224 0.6582618865825706 0.8645539381855971 0.3778627936527216 6 7
0.2865177754020002 0.33042915159563535 0.7567438901020133 0.8310752127980925 0.33687484388129985 8 2
0.8457250946910353 0.9483784570559112 0.9912071515175925 0.8084236832086328 0.5986696731813944 1 2
0.43358681946451283 0.5234337270122605 0.13347247808192964 0.7229247014413075 0.22702644162255858 3 3
0.24051179883035034 0.9003527172565503 0.3228964521772505 0.827738917277697 0.17043572956980024 5 5
0.38776120763320154 0.6713783748550627 0.6309864905946845 0.9323019281024942 0.017278014458342095 4 7
0.38776120763320154 0.6713783748550627 0.6309864905946845 0.9323019281024942 0.017278014458342095 4 7
0.5485582614697464 0.3128508540568209 0.8157118301108728 0.4053676711679157 0.9110302624514368 5 5
0.5485582614697464 0.3128508540568209 0.8157118301108728 0.4053676711679157 0.9110302624514368 5 5
0.39200351341643325 0.13169303963743462 0.07710336806187945 0.39486977069931684 0.2971946726714281 6 5
0.8292447256884438 0.5076860545928021 0.1365925571488028 0.0755573918902247 0.22020207623328536 1 1
0.8292447256884438 0.5076860545928021 0.1365925571488028 0.0755573918902247 0.22020207623328536 1 1
0.35245640154855495 0.1634424644193142 0.2793593537802528 0.8097397694676155 0.4872349775468352 7 2
0.35245640154855495 0.1634424644193142 0.2793593537802528 0.8097397694676155 0.4872349775468352 7 2
0.5981563320471811 0.8619388245798604 0.9039597997902747 0.9647628682045216 0.6645967499517077 5 8
0.5981563320471811 0.8619388245798604 0.9039597997902747 0.9647628682045216 0.6645967499517077 5 8
0.5981563320471811 0.8619388245798604 0.9039597997902747 0.9647628682045216 0.6645967499517077 5 8
0.41407346720175386 0.8325592678494224 0.6582618865825706 0.8645539381855971 0.3778627936527216 6 7
0.8457250946910353 0.9483784570559112 0.9912071515175925 0.8084236832086328 0.5986696731813944 1 2
0.8457250946910353 0.9483784570559112 0.9912071515175925 0.8084236832086328 0.5986696731813944 1 2
0.4769569758313654 0.33099941119244947 0.09578051656304676 0.8390761520016514 0.39867402032324495 2 6
0.38776120763320154 0.6713783748550627 0.6309864905946845 0.9323019281024942 0.017278014458342095 4 7
0.38776120763320154 0.6713783748550627 0.6309864905946845 0.9323019281024942 0.017278014458342095 4 7
0.5485582614697464 0.3128508540568209 0.8157118301108728 0.4053676711679157 0.9110302624514368 5 5
0.39200351341643325 0.13169303963743462 0.07710336806187945 0.39486977069931684 0.2971946726714281 6 5
0.39200351341643325 0.13169303963743462 0.07710336806187945 0.39486977069931684 0.2971946726714281 6 5
0.8292447256884438 0.5076860545928021 0.1365925571488028 0.0755573918902247 0.22020207623328536 1 1
0.8292447256884438 0.5076860545928021 0.1365925571488028 0.0755573918902247 0.22020207623328536 1 1
0.35245640154855495 0.1634424644193142 0.2793593537802528 0.8097397694676155 0.4872349775468352 7 2
0.35245640154855495 0.1634424644193142 0.2793593537802528 0.8097397694676155 0.4872349775468352 7 2
0.5981563320471811 0.8619388245798604 0.9039597997902747 0.9647628682045216 0.6645967499517077 5 8
0.5096932259042601 0.8988240642248668 0.3054090883264694 0.7536770817908081 0.9443641238351281 5 6
0.5096932259042601 0.8988240642248668 0.3054090883264694 0.7536770817908081 0.9443641238351281 5 6
0.45764400803506744 0.12250130598542197 0.9815604566384871 0.6014483040392603 0.5092657258212737 3 6
0.41407346720175386 0.8325592678494224 0.6582618865825706 0.8645539381855971 0.3778627936527216 6 7
0.4769569758313654 0.33099941119244947 0.09578051656304676 0.8390761520016514 0.39867402032324495 2 6
0.28393797821531275 0.4488233081962991 0.34462300358559483 0.022015757418904824 0.590478194943194 4 1
0.38776120763320154 0.6713783748550627 0.6309864905946845 0.9323019281024942 0.017278014458342095 4 7
0.5485582614697464 0.3128508540568209 0.8157118301108728 0.4053676711679157 0.9110302624514368 5 5
0.5485582614697464 0.3128508540568209 0.8157118301108728 0.4053676711679157 0.9110302624514368 5 5
0.39200351341643325 0.13169303963743462 0.07710336806187945 0.39486977069931684 0.2971946726714281 6 5
0.39200351341643325 0.13169303963743462 0.07710336806187945 0.39486977069931684 0.2971946726714281 6 5
0.8292447256884438 0.5076860545928021 0.1365925571488028 0.0755573918902247 0.22020207623328536 1 1
0.8292447256884438 0.5076860545928021 0.1365925571488028 0.0755573918902247 0.22020207623328536 1 1
0.35245640154855495 0.1634424644193142 0.2793593537802528 0.8097397694676155 0.4872349775468352 7 2
0.35245640154855495 0.1634424644193142 0.2793593537802528 0.8097397694676155 0.4872349775468352 7 2
0.5981563320471811 0.8619388245798604 0.9039597997902747 0.9647628682045216 0.6645967499517077 5 8
0.5981563320471811 0.8619388245798604 0.9039597997902747 0.9647628682045216 0.6645967499517077 5 8
0.5096932259042601 0.8988240642248668 0.3054090883264694 0.7536770817908081 0.9443641238351281 5 6
0.41407346720175386 0.8325592678494224 0.6582618865825706 0.8645539381855971 0.3778627936527216 6 7
0.8457250946910353 0.9483784570559112 0.9912071515175925 0.8084236832086328 0.5986696731813944 1 2
0.2865177754020002 0.33042915159563535 0.7567438901020133 0.8310752127980925 0.33687484388129985 8 2
0.6196999369847782 0.9450586160483724 0.2887922879549819 0.4975707194951621 0.486905842737415 5 5
0.38776120763320154 0.6713783748550627 0.6309864905946845 0.9323019281024942 0.017278014458342095 4 7
0.38776120763320154 0.6713783748550627 0.6309864905946845 0.9323019281024942 0.017278014458342095 4 7
0.38776120763320154 0.6713783748550627 0.6309864905946845 0.9323019281024942 0.017278014458342095 4 7
0.5485582614697464 0.3128508540568209 0.8157118301108728 0.4053676711679157 0.9110302624514368 5 5
0.39200351341643325 0.13169303963743462 0.07710336806187945 0.39486977069931684 0.2971946726714281 6 5
0.8377614053497386 0.24668115525180434 0.40079469145782864 0.34040358565187456 0.2615216333456233 4 2
0.8292447256884438 0.5076860545928021 0.1365925571488028 0.0755573918902247 0.22020207623328536 1 1
0.8292447256884438 0.5076860545928021 0.1365925571488028 0.0755573918902247 0.22020207623328536 1 1
0.35245640154855495 0.1634424644193142 0.2793593537802528 0.8097397694676155 0.4872349775468352 7 2
0.35245640154855495 0.1634424644193142 0.2793593537802528 0.8097397694676155 0.4872349775468352 7 2
0.5981563320471811 0.8619388245798604 0.9039597997902747 0.9647628682045216 0.6645967499517077 5 8
0.5981563320471811 0.8619388245798604 0.9039597997902747 0.9647628682045216 0.6645967499517077 5 8
0.5096932259042601 0.8988240642248668 0.3054090883264694 0.7536770817908081 0.9443641238351281 5 6
0.41407346720175386 0.8325592678494224 0.6582618865825706 0.8645539381855971 0.3778627936527216 6 7
0.41407346720175386 0.8325592678494224 0.6582618865825706 0.8645539381855971 0.3778627936527216 6 7
0.8457250946910353 0.9483784570559112 0.9912071515175925 0.8084236832086328 0.5986696731813944 1 2
0.4769569758313654 0.33099941119244947 0.09578051656304676 0.8390761520016514 0.39867402032324495 2 6
0.38776120763320154 0.6713783748550627 0.6309864905946845 0.9323019281024942 0.017278014458342095 4 7
0.38776120763320154 0.6713783748550627 0.6309864905946845 0.9323019281024942 0.017278014458342095 4 7
0.38776120763320154 0.6713783748550627 0.6309864905946845 0.9323019281024942 0.017278014458342095 4 7
0.5485582614697464 0.3128508540568209 0.8157118301108728 0.4053676711679157 0.9110302624514368 5 5
0.39200351341643325 0.13169303963743462 0.07710336806187945 0.39486977069931684 0.2971946726714281 6 5
0.39200351341643325 0.13169303963743462 0.07710336806187945 0.39486977069931684 0.2971946726714281 6 5
0.8292447256884438 0.5076860545928021 0.1365925571488028 0.0755573918902247 0.22020207623328536 1 1
0.8292447256884438 0.5076860545928021 0.1365925571488028 0.0755573918902247 0.22020207623328536 1 1
0.35245640154855495 0.1634424644193142 0.2793593537802528 0.8097397694676155 0.4872349775468352 7 2
0.35245640154855495 0.1634424644193142 0.2793593537802528 0.8097397694676155 0.4872349775468352 7 2
0.5981563320471811 0.8619388245798604 0.9039597997902747 0.9647628682045216 0.6645967499517077 5 8
0.5096932259042601 0.8988240642248668 0.3054090883264694 0.7536770817908081 0.9443641238351281 5 6
0.8457250946910353 0.9483784570559112 0.9912071515175925 0.8084236832086328 0.5986696731813944 1 2
0.41407346720175386 0.8325592678494224 0.6582618865825706 0.8645539381855971 0.3778627936527216 6 7
0.4769569758313654 0.33099941119244947 0.09578051656304676 0.8390761520016514 0.39867402032324495 2 6
0.4769569758313654 0.33099941119244947 0.09578051656304676 0.8390761520016514 0.39867402032324495 2 6
0.10054691782514735 0.610470767603607 0.051728796438664015 0.10127327508800144 0.6622520797249983 7 1
0.38776120763320154 0.6713783748550627 0.6309864905946845 0.9323019281024942 0.017278014458342095 4 7
0.38776120763320154 0.6713783748550627 0.6309864905946845 0.9323019281024942 0.017278014458342095 4 7
0.5485582614697464 0.3128508540568209 0.8157118301108728 0.4053676711679157 0.9110302624514368 5 5
0.39200351341643325 0.13169303963743462 0.07710336806187945 0.39486977069931684 0.2971946726714281 6 5
0.39200351341643325 0.13169303963743462 0.07710336806187945 0.39486977069931684 0.2971946726714281 6 5
0.8292447256884438 0.5076860545928021 0.1365925571488028 0.0755573918902247 0.22020207623328536 1 1
0.8292447256884438 0.5076860545928021 0.1365925571488028 0.0755573918902247 0.22020207623328536 1 1
0.35245640154855495 0.1634424644193142 0.2793593537802528 0.8097397694676155 0.4872349775468352 7 2
0.35245640154855495 0.1634424644193142 0.2793593537802528 0.8097397694676155 0.4872349775468352 7 2
0.5981563320471811 0.8619388245798604 0.9039597997902747 0.9647628682045216 0.6645967499517077 5 8
0.5096932259042601 0.8988240642248668 0.3054090883264694 0.7536770817908081 0.9443641238351281 5 6
0.8457250946910353 0.9483784570559112 0.9912071515175925 0.8084236832086328 0.5986696731813944 1 2
0.41407346720175386 0.8325592678494224 0.6582618865825706 0.8645539381855971 0.3778627936527216 6 7
0.4769569758313654 0.33099941119244947 0.09578051656304676 0.8390761520016514 0.39867402032324495 2 6
0.4769569758313654 0.33099941119244947 0.09578051656304676 0.8390761520016514 0.39867402032324495 2 6
0.10054691782514735 0.610470767603607 0.051728796438664015 0.10127327508800144 0.6622520797249983 7 1
0.38776120763320154 0.6713783748550627 0.6309864905946845 0.9323019281024942 0.017278014458342095 4 7
0.38776120763320154 0.6713783748550627 0.6309864905946845 0.9323019281024942 0.017278014458342095 4 7
0.5485582614697464 0.3128508540568209 0.8157118301108728 0.4053676711679157 0.9110302624514368 5 5
0.39200351341643325 0.13169303963743462 0.07710336806187945 0.39486977069931684 0.2971946726714281 6 5
0.39200351341643325 0.13169303963743462 0.07710336806187945 0.39486977069931684 0.2971946726714281 6 5
0.8292447256884438 0.5076860545928021 0.1365925571488028 0.0755573918902247 0.22020207623328536 1 1
0.8292447256884438 0.5076860545928021 0.1365925571488028 0.0755573918902247 0.22020207623328536 1 1
0.35245640154855495 0.1634424644193142 0.2793593537802528 0.8097397694676155 0.4872349775468352 7 2
0.35245640154855495 0.1634424644193142 0.2793593537802528 0.8097397694676155 0.4872349775468352 7 2
0.5981563320471811 0.8619388245798604 0.9039597997902747 0.9647628682045216 0.6645967499517077 5 8
0.5981563320471811 0.8619388245798604 0.9039597997902747 0.9647628682045216 0.6645967499517077 5 8
0.5096932259042601 0.8988240642248668 0.3054090883264694 0.7536770817908081 0.9443641238351281 5 6
0.41407346720175386 0.8325592678494224 0.6582618865825706 0.8645539381855971 0.3778627936527216 6 7
0.41407346720175386 0.8325592678494224 0.6582618865825706 0.8645539381855971 0.3778627936527216 6 7
0.8457250946910353 0.9483784570559112 0.9912071515175925 0.8084236832086328 0.5986696731813944 1 2
0.4769569758313654 0.33099941119244947 0.09578051656304676 0.8390761520016514 0.39867402032324495 2 6
0.38776120763320154 0.6713783748550627 0.6309864905946845 0.9323019281024942 0.017278014458342095 4 7
0.38776120763320154 0.6713783748550627 0.6309864905946845 0.9323019281024942 0.017278014458342095 4 7
0.5485582614697464 0.3128508540568209 0.8157118301108728 0.4053676711679157 0.9110302624514368 5 5
0.39200351341643325 0.13169303963743462 0.07710336806187945 0.39486977069931684 0.2971946726714281 6 5
0.39200351341643325 0.13169303963743462 0.07710336806187945 0.39486977069931684 0.2971946726714281 6 5
0.8292447256884438 0.5076860545928021 0.1365925571488028 0.0755573918902247 0.22020207623328536 1 1
0.8292447256884438 0.5076860545928021 0.1365925571488028 0.0755573918902247 0.22020207623328536 1 1
0.35245640154855495 0.1634424644193142 0.2793593537802528 0.8097397694676155 0.4872349775468352 7 2
0.35245640154855495 0.1634424644193142 0.2793593537802528 0.8097397694676155 0.4872349775468352 7 2
0.5981563320471811 0.8619388245798604 0.9039597997902747 0.9647628682045216 0.6645967499517077 5 8
0.5981563320471811 0.8619388245798604 0.9039597997902747 0.9647628682045216 0.6645967499517077 5 8
0.5096932259042601 0.8988240642248668 0.3054090883264694 0.7536770817908081 0.9443641238351281 5 6
0.45764400803506744 0.12250130598542197 0.9815604566384871 0.6014483040392603 0.5092657258212737 3 6
0.41407346720175386 0.8325592678494224 0.6582618865825706 0.8645539381855971 0.3778627936527216 6 7
0.4769569758313654 0.33099941119244947 0.09578051656304676 0.8390761520016514 0.39867402032324495 2 6
0.12336431165743511 0.742840931051085 0.07144063065337924 0.18464930626521103 0.9196029803977559 3 3
0.24051179883035034 0.9003527172565503 0.3228964521772505 0.827738917277697 0.17043572956980024 5 5
0.38776120763320154 0.6713783748550627 0.6309864905946845 0.9323019281024942 0.017278014458342095 4 7
0.5485582614697464 0.3128508540568209 0.8157118301108728 0.4053676711679157 0.9110302624514368 5 5
0.39200351341643325 0.13169303963743462 0.07710336806187945 0.39486977069931684 0.2971946726714281 6 5
0.39200351341643325 0.13169303963743462 0.07710336806187945 0.39486977069931684 0.2971946726714281 6 5
0.8292447256884438 0.5076860545928021 0.1365925571488028 0.0755573918902247 0.22020207623328536 1 1
0.8292447256884438 0.5076860545928021 0.1365925571488028 0.0755573918902247 0.22020207623328536 1 1
0.35245640154855495 0.1634424644193142 0.2793593537802528 0.8097397694676155 0.4872349775468352 7 2
0.35245640154855495 0.1634424644193142 0.2793593537802528 0.8097397694676155 0.4872349775468352 7 2
0.5981563320471811 0.8619388245798604 0.9039597997902747 0.9647628682045216 0.6645967499517077 5 8
0.45764400803506744 0.12250130598542197 0.9815604566384871 0.6014483040392603 0.5092657258212737 3 6
0.45764400803506744 0.12250130598542197 0.9815604566384871 0.6014483040392603 0.5092657258212737 3 6
0.41407346720175386 0.8325592678494224 0.6582618865825706 0.8645539381855971 0.3778627936527216 6 7
0.2865177754020002 0.33042915159563535 0.7567438901020133 0.8310752127980925 0.33687484388129985 8 2
0.8457250946910353 0.9483784570559112 0.9912071515175925 0.8084236832086328 0.5986696731813944 1 2
0.4769569758313654 0.33099941119244947 0.09578051656304676 0.8390761520016514 0.39867402032324495 2 6
0.24051179883035034 0.9003527172565503 0.3228964521772505 0.827738917277697 0.17043572956980024 5 5
0.38776120763320154 0.6713783748550627 0.6309864905946845 0.9323019281024942 0.017278014458342095 4 7
0.38776120763320154 0.6713783748550627 0.6309864905946845 0.9323019281024942 0.017278014458342095 4 7
0.39200351341643325 0.13169303963743462 0.07710336806187945 0.39486977069931684 0.2971946726714281 6 5
0.39200351341643325 0.13169303963743462 0.07710336806187945 0.39486977069931684 0.2971946726714281 6 5
0.8292447256884438 0.5076860545928021 0.1365925571488028 0.0755573918902247 0.22020207623328536 1 1
0.8292447256884438 0.5076860545928021 0.1365925571488028 0.0755573918902247 0.22020207623328536 1 1
0.35245640154855495 0.1634424644193142 0.2793593537802528 0.8097397694676155 0.4872349775468352 7 2
0.35245640154855495 0.1634424644193142 0.2793593537802528 0.8097397694676155 0.4872349775468352 7 2
0.5981563320471811 0.8619388245798604 0.9039597997902747 0.9647628682045216 0.6645967499517077 5 8
0.45764400803506744 0.12250130598542197 0.9815604566384871 0.6014483040392603 0.5092657258212737 3 6
0.45764400803506744 0.12250130598542197 0.9815604566384871 0.6014483040392603 0.5092657258212737 3 6
0.41407346720175386 0.8325592678494224 0.6582618865825706 0.8645539381855971 0.3778627936527216 6 7
0.8457250946910353 0.9483784570559112 0.9912071515175925 0.8084236832086328 0.5986696731813944 1 2
0.8457250946910353 0.9483784570559112 0.9912071515175925 0.8084236832086328 0.5986696731813944 1 2
0.4769569758313654 0.33099941119244947 0.09578051656304676 0.8390761520016514 0.39867402032324495 2 6
0.24051179883035034 0.9003527172565503 0.3228964521772505 0.827738917277697 0.17043572956980024 5 5
0.38776120763320154 0.6713783748550627 0.6309864905946845 0.9323019281024942 0.017278014458342095 4 7
0.5485582614697464 0.3128508540568209 0.8157118301108728 0.4053676711679157 0.9110302624514368 5 5
0.39200351341643325 0.13169303963743462 0.07710336806187945 0.39486977069931684 0.2971946726714281 6 5
0.39200351341643325 0.13169303963743462 0.07710336806187945 0.39486977069931684 0.2971946726714281 6 5
0.8292447256884438 0.5076860545928021 0.1365925571488028 0.0755573918902247 0.22020207623328536 1 1
0.8292447256884438 0.5076860545928021 0.1365925571488028 0.0755573918902247 0.22020207623328536 1 1
0.35245640154855495 0.1634424644193142 0.2793593537802528 0.8097397694676155 0.4872349775468352 7 2
0.35245640154855495 0.1634424644193142 0.2793593537802528 0.8097397694676155 0.4872349775468352 7 2
0.5981563320471811 0.8619388245798604 0.9039597997902747 0.9647628682045216 0.6645967499517077 5 8
0.5096932259042601 0.8988240642248668 0.3054090883264694 0.7536770817908081 0.9443641238351281 5 6
0.8457250946910353 0.9483784570559112 0.9912071515175925 0.8084236832086328 0.5986696731813944 1 2
0.41407346720175386 0.8325592678494224 0.6582618865825706 0.8645539381855971 0.3778627936527216 6 7
0.2865177754020002 0.33042915159563535 0.7567438901020133 0.8310752127980925 0.33687484388129985 8 2
0.8457250946910353 0.9483784570559112 0.9912071515175925 0.8084236832086328 0.5986696731813944 1 2
0.4769569758313654 0.33099941119244947 0.09578051656304676 0.8390761520016514 0.39867402032324495 2 6
0.38776120763320154 0.6713783748550627 0.6309864905946845 0.9323019281024942 0.017278014458342095 4 7
0.38776120763320154 0.6713783748550627 0.6309864905946845 0.9323019281024942 0.017278014458342095 4 7
0.5485582614697464 0.3128508540568209 0.8157118301108728 0.4053676711679157 0.9110302624514368 5 5
0.39200351341643325 0.13169303963743462 0.07710336806187945 0.39486977069931684 0.2971946726714281 6 5
0.39200351341643325 0.13169303963743462 0.07710336806187945 0.39486977069931684 0.2971946726714281 6 5
0.8292447256884438 0.5076860545928021 0.1365925571488028 0.0755573918902247 0.22020207623328536 1 1
0.35245640154855495 0.1634424644193142 0.2793593537802528 0.8097397694676155 0.4872349775468352 7 2
0.35245640154855495 0.1634424644193142 0.2793593537802528 0.8097397694676155 0.4872349775468352 7 2
0.35245640154855495 0.1634424644193142 0.2793593537802528 0.8097397694676155 0.4872349775468352 7 2
0.5981563320471811 0.8619388245798604 0.9039597997902747 0.9647628682045216 0.6645967499517077 5 8
0.5981563320471811 0.8619388245798604 0.9039597997902747 0.9647628682045216 0.6645967499517077 5 8
0.8457250946910353 0.9483784570559112 0.9912071515175925 0.8084236832086328 0.5986696731813944 1 2
0.41407346720175386 0.8325592678494224 0.6582618865825706 0.8645539381855971 0.3778627936527216 6 7
0.41407346720175386 0.8325592678494224 0.6582618865825706 0.8645539381855971 0.3778627936527216 6 7
0.8457250946910353 0.9483784570559112 0.9912071515175925 0.8084236832086328 0.5986696731813944 1 2
0.4769569758313654 0.33099941119244947 0.09578051656304676 0.8390761520016514 0.39867402032324495 2 6
0.3639965700526713 0.7845809909605982 0.7448572845045835 0.353598870139584 0.4635501516916005 4 8
0.38776120763320154 0.6713783748550627 0.6309864905946845 0.9323019281024942 0.017278014458342095 4 7
0.38776120763320154 0.6713783748550627 0.6309864905946845 0.9323019281024942 0.017278014458342095 4 7
0.5485582614697464 0.3128508540568209 0.8157118301108728 0.4053676711679157 0.9110302624514368 5 5
0.39200351341643325 0.13169303963743462 0.07710336806187945 0.39486977069931684 0.2971946726714281 6 5
0.39200351341643325 0.13169303963743462 0.07710336806187945 0.39486977069931684 0.2971946726714281 6 5
0.8292447256884438 0.5076860545928021 0.1365925571488028 0.0755573918902247 0.22020207623328536 1 1
0.8292447256884438 0.5076860545928021 0.1365925571488028 0.0755573918902247 0.22020207623328536 1 1
0.35245640154855495 0.1634424644193142 0.2793593537802528 0.8097397694676155 0.4872349775468352 7 2
0.35245640154855495 0.1634424644193142 0.2793593537802528 0.8097397694676155 0.4872349775468352 7 2
0.5981563320471811 0.8619388245798604 0.9039597997902747 0.9647628682045216 0.6645967499517077 5 8
0.5096932259042601 0.8988240642248668 0.3054090883264694 0.7536770817908081 0.9443641238351281 5 6
0.41407346720175386 0.8325592678494224 0.6582618865825706 0.8645539381855971 0.3778627936527216 6 7
0.8457250946910353 0.9483784570559112 0.9912071515175925 0.8084236832086328 0.5986696731813944 1 2
0.8457250946910353 0.9483784570559112 0.9912071515175925 0.8084236832086328 0.5986696731813944 1 2
0.4769569758313654 0.33099941119244947 0.09578051656304676 0.8390761520016514 0.39867402032324495 2 6
0.23949412864453878 0.4169359197911333 0.5726667983584521 0.9143538680195671 0.2672535799997523 5 1
0.24051179883035034 0.9003527172565503 0.3228964521772505 0.827738917277697 0.17043572956980024 5 5
0.38776120763320154 0.6713783748550627 0.6309864905946845 0.9323019281024942 0.017278014458342095 4 7
0.38776120763320154 0.6713783748550627 0.6309864905946845 0.9323019281024942 0.017278014458342095 4 7
0.39200351341643325 0.13169303963743462 0.07710336806187945 0.39486977069931684 0.2971946726714281 6 5
0.39200351341643325 0.13169303963743462 0.07710336806187945 0.39486977069931684 0.2971946726714281 6 5
0.39200351341643325 0.13169303963743462 0.07710336806187945 0.39486977069931684 0.2971946726714281 6 5
0.8292447256884438 0.5076860545928021 0.1365925571488028 0.0755573918902247 0.22020207623328536 1 1
0.35245640154855495 0.1634424644193142 0.2793593537802528 0.8097397694676155 0.4872349775468352 7 2
0.35245640154855495 0.1634424644193142 0.2793593537802528 0.8097397694676155 0.4872349775468352 7 2
0.5981563320471811 0.8619388245798604 0.9039597997902747 0.9647628682045216 0.6645967499517077 5 8
0.45764400803506744 0.12250130598542197 0.9815604566384871 0.6014483040392603 0.5092657258212737 3 6
0.45764400803506744 0.12250130598542197 0.9815604566384871 0.6014483040392603 0.5092657258212737 3 6
0.41407346720175386 0.8325592678494224 0.6582618865825706 0.8645539381855971 0.3778627936527216 6 7
0.2865177754020002 0.33042915159563535 0.7567438901020133 0.8310752127980925 0.33687484388129985 8 2
0.8457250946910353 0.9483784570559112 0.9912071515175925 0.8084236832086328 0.5986696731813944 1 2
0.43358681946451283 0.5234337270122605 0.13347247808192964 0.7229247014413075 0.22702644162255858 3 3
0.3116249392344057 0.7097927676930746 0.4195150077780676 0.9750140464520322 0.32983541913687153 1 1
0.38776120763320154 0.6713783748550627 0.6309864905946845 0.9323019281024942 0.017278014458342095 4 7
0.38776120763320154 0.6713783748550627 0.6309864905946845 0.9323019281024942 0.017278014458342095 4 7
0.5485582614697464 0.3128508540568209 0.8157118301108728 0.4053676711679157 0.9110302624514368 5 5
0.39200351341643325 0.13169303963743462 0.07710336806187945 0.39486977069931684 0.2971946726714281 6 5
0.39200351341643325 0.13169303963743462 0.07710336806187945 0.39486977069931684 0.2971946726714281 6 5
0.8292447256884438 0.5076860545928021 0.1365925571488028 0.0755573918902247 0.22020207623328536 1 1
0.8292447256884438 0.5076860545928021 0.1365925571488028 0.0755573918902247 0.22020207623328536 1 1
0.35245640154855495 0.1634424644193142 0.2793593537802528 0.8097397694676155 0.4872349775468352 7 2
0.35245640154855495 0.1634424644193142 0.2793593537802528 0.8097397694676155 0.4872349775468352 7 2
0.45764400803506744 0.12250130598542197 0.9815604566384871 0.6014483040392603 0.5092657258212737 3 6
0.45764400803506744 0.12250130598542197 0.9815604566384871 0.6014483040392603 0.5092657258212737 3 6
0.41407346720175386 0.8325592678494224 0.6582618865825706 0.8645539381855971 0.3778627936527216 6 7
0.41407346720175386 0.8325592678494224 0.6582618865825706 0.8645539381855971 0.3778627936527216 6 7
0.8457250946910353 0.9483784570559112 0.9912071515175925 0.8084236832086328 0.5986696731813944 1 2
0.38776120763320154 0.6713783748550627 0.6309864905946845 0.9323019281024942 0.017278014458342095 4 7
0.24051179883035034 0.9003527172565503 0.3228964521772505 0.827738917277697 0.17043572956980024 5 5
0.38776120763320154 0.6713783748550627 0.6309864905946845 0.9323019281024942 0.017278014458342095 4 7
0.38776120763320154 0.6713783748550627 0.6309864905946845 0.9323019281024942 0.017278014458342095 4 7
0.39200351341643325 0.13169303963743462 0.07710336806187945 0.39486977069931684 0.2971946726714281 6 5
0.39200351341643325 0.13169303963743462 0.07710336806187945 0.39486977069931684 0.2971946726714281 6 5
0.8292447256884438 0.5076860545928021 0.1365925571488028 0.0755573918902247 0.22020207623328536 1 1
0.8292447256884438 0.5076860545928021 0.1365925571488028 0.0755573918902247 0.22020207623328536 1 1
0.35245640154855495 0.1634424644193142 0.2793593537802528 0.8097397694676155 0.4872349775468352 7 2
0.35245640154855495 0.1634424644193142 0.2793593537802528 0.8097397694676155 0.4872349775468352 7 2
0.35245640154855495 0.1634424644193142 0.2793593537802528 0.8097397694676155 0.4872349775468352 7 2
0.5096932259042601 0.8988240642248668 0.3054090883264694 0.7536770817908081 0.9443641238351281 5 6
0.8457250946910353 0.9483784570559112 0.9912071515175925 0.8084236832086328 0.5986696731813944 1 2
0.41407346720175386 0.8325592678494224 0.6582618865825706 0.8645539381855971 0.3778627936527216 6 7
0.2865177754020002 0.33042915159563535 0.7567438901020133 0.8310752127980925 0.33687484388129985 8 2
0.8457250946910353 0.9483784570559112 0.9912071515175925 0.8084236832086328 0.5986696731813944 1 2
0.4769569758313654 0.33099941119244947 0.09578051656304676 0.8390761520016514 0.39867402032324495 2 6
0.24051179883035034 0.9003527172565503 0.3228964521772505 0.827738917277697 0.17043572956980024 5 5
0.38776120763320154 0.6713783748550627 0.6309864905946845 0.9323019281024942 0.017278014458342095 4 7
0.5485582614697464 0.3128508540568209 0.8157118301108728 0.4053676711679157 0.9110302624514368 5 5
0.39200351341643325 0.13169303963743462 0.07710336806187945 0.39486977069931684 0.2971946726714281 6 5
0.39200351341643325 0.13169303963743462 0.07710336806187945 0.39486977069931684 0.2971946726714281 6 5
0.39200351341643325 0.13169303963743462 0.07710336806187945 0.39486977069931684 0.2971946726714281 6 5
0.8292447256884438 0.5076860545928021 0.1365925571488028 0.0755573918902247 0.22020207623328536 1 1
0.8292447256884438 0.5076860545928021 0.1365925571488028 0.0755573918902247 0.22020207623328536 1 1
0.35245640154855495 0.1634424644193142 0.2793593537802528 0.8097397694676155 0.4872349775468352 7 2
0.5981563320471811 0.8619388245798604 0.9039597997902747 0.9647628682045216 0.6645967499517077 5 8
0.5981563320471811 0.8619388245798604 0.9039597997902747 0.9647628682045216 0.6645967499517077 5 8
0.5981563320471811 0.8619388245798604 0.9039597997902747 0.9647628682045216 0.6645967499517077 5 8
0.41407346720175386 0.8325592678494224 0.6582618865825706 0.8645539381855971 0.3778627936527216 6 7
0.8457250946910353 0.9483784570559112 0.9912071515175925 0.8084236832086328 0.5986696731813944 1 2
0.8457250946910353 0.9483784570559112 0.9912071515175925 0.8084236832086328 0.5986696731813944 1 2
0.4769569758313654 0.33099941119244947 0.09578051656304676 0.8390761520016514 0.39867402032324495 2 6
0.38776120763320154 0.6713783748550627 0.6309864905946845 0.9323019281024942 0.017278014458342095 4 7
0.5485582614697464 0.3128508540568209 0.8157118301108728 0.4053676711679157 0.9110302624514368 5 5
0.5485582614697464 0.3128508540568209 0.8157118301108728 0.4053676711679157 0.9110302624514368 5 5
0.39200351341643325 0.13169303963743462 0.07710336806187945 0.39486977069931684 0.2971946726714281 6 5
0.39200351341643325 0.13169303963743462 0.07710336806187945 0.39486977069931684 0.2971946726714281 6 5
0.8292447256884438 0.5076860545928021 0.1365925571488028 0.0755573918902247 0.22020207623328536 1 1
0.8292447256884438 0.5076860545928021 0.1365925571488028 0.0755573918902247 0.22020207623328536 1 1
0.35245640154855495 0.1634424644193142 0.2793593537802528 0.8097397694676155 0.4872349775468352 7 2
0.35245640154855495 0.1634424644193142 0.2793593537802528 0.8097397694676155 0.4872349775468352 7 2
0.5981563320471811 0.8619388245798604 0.9039597997902747 0.9647628682045216 0.6645967499517077 5 8
0.5981563320471811 0.8619388245798604 0.9039597997902747 0.9647628682045216 0.6645967499517077 5 8
0.5096932259042601 0.8988240642248668 0.3054090883264694 0.7536770817908081 0.9443641238351281 5 6
0.41407346720175386 0.8325592678494224 0.6582618865825706 0.8645539381855971 0.3778627936527216 6 7
0.8457250946910353 0.9483784570559112 0.9912071515175925 0.8084236832086328 0.5986696731813944 1 2
0.2865177754020002 0.33042915159563535 0.7567438901020133 0.8310752127980925 0.33687484388129985 8 2
0.6196999369847782 0.9450586160483724 0.2887922879549819 0.4975707194951621 0.486905842737415 5 5
0.38776120763320154 0.6713783748550627 0.6309864905946845 0.9323019281024942 0.017278014458342095 4 7
0.38776120763320154 0.6713783748550627 0.6309864905946845 0.9323019281024942 0.017278014458342095 4 7
0.38776120763320154 0.6713783748550627 0.6309864905946845 0.9323019281024942 0.017278014458342095 4 7
0.5485582614697464 0.3128508540568209 0.8157118301108728 0.4053676711679157 0.9110302624514368 5 5
0.39200351341643325 0.13169303963743462 0.07710336806187945 0.39486977069931684 0.2971946726714281 6 5
0.39200351341643325 0.13169303963743462 0.07710336806187945 0.39486977069931684 0.2971946726714281 6 5
0.8292447256884438 0.5076860545928021 0.1365925571488028 0.0755573918902247 0.22020207623328536 1 1
0.8292447256884438 0.5076860545928021 0.1365925571488028 0.0755573918902247 0.22020207623328536 1 1
0.35245640154855495 0.1634424644193142 0.2793593537802528 0.8097397694676155 0.4872349775468352 7 2
0.35245640154855495 0.1634424644193142 0.2793593537802528 0.8097397694676155 0.4872349775468352 7 2
0.5981563320471811 0.8619388245798604 0.9039597997902747 0.9647628682045216 0.6645967499517077 5 8
0.5981563320471811 0.8619388245798604 0.9039597997902747 0.9647628682045216 0.6645967499517077 5 8
0.45764400803506744 0.12250130598542197 0.9815604566384871 0.6014483040392603 0.5092657258212737 3 6
0.41407346720175386 0.8325592678494224 0.6582618865825706 0.8645539381855971 0.3778627936527216 6 7
0.2865177754020002 0.33042915159563535 0.7567438901020133 0.8310752127980925 0.33687484388129985 8 2
0.8457250946910353 0.9483784570559112 0.9912071515175925 0.8084236832086328 0.5986696731813944 1 2
0.43358681946451283 0.5234337270122605 0.13347247808192964 0.7229247014413075 0.22702644162255858 3 3
0.24051179883035034 0.9003527172565503 0.3228964521772505 0.827738917277697 0.17043572956980024 5 5
0.38776120763320154 0.6713783748550627 0.6309864905946845 0.9323019281024942 0.017278014458342095 4 7
0.5485582614697464 0.3128508540568209 0.8157118301108728 0.4053676711679157 0.9110302624514368 5 5
0.39200351341643325 0.13169303963743462 0.07710336806187945 0.39486977069931684 0.2971946726714281 6 5
0.39200351341643325 0.13169303963743462 0.07710336806187945 0.39486977069931684 0.2971946726714281 6 5
0.39200351341643325 0.13169303963743462 0.07710336806187945 0.39486977069931684 0.2971946726714281 6 5
0.8292447256884438 0.5076860545928021 0.1365925571488028 0.0755573918902247 0.22020207623328536 1 1
0.35245640154855495 0.1634424644193142 0.2793593537802528 0.8097397694676155 0.4872349775468352 7 2
0.35245640154855495 0.1634424644193142 0.2793593537802528 0.8097397694676155 0.4872349775468352 7 2
0.5981563320471811 0.8619388245798604 0.9039597997902747 0.9647628682045216 0.6645967499517077 5 8
0.5981563320471811 0.8619388245798604 0.9039597997902747 0.9647628682045216 0.6645967499517077 5 8
0.45764400803506744 0.12250130598542197 0.9815604566384871 0.6014483040392603 0.5092657258212737 3 6
0.41407346720175386 0.8325592678494224 0.6582618865825706 0.8645539381855971 0.3778627936527216 6 7
0.2865177754020002 0.33042915159563535 0.7567438901020133 0.8310752127980925 0.33687484388129985 8 2
0.8457250946910353 0.9483784570559112 0.9912071515175925 0.8084236832086328 0.5986696731813944 1 2
0.43358681946451283 0.5234337270122605 0.13347247808192964 0.7229247014413075 0.22702644162255858 3 3
0.24051179883035034 0.9003527172565503 0.3228964521772505 0.827738917277697 0.17043572956980024 5 5
0.38776120763320154 0.6713783748550627 0.6309864905946845 0.9323019281024942 0.017278014458342095 4 7
0.5485582614697464 0.3128508540568209 0.8157118301108728 0.4053676711679157 0.9110302624514368 5 5
0.39200351341643325 0.13169303963743462 0.07710336806187945 0.39486977069931684 0.2971946726714281 6 5
0.39200351341643325 0.13169303963743462 0.07710336806187945 0.39486977069931684 0.2971946726714281 6 5
0.8292447256884438 0.5076860545928021 0.1365925571488028 0.0755573918902247 0.22020207623328536 1 1
0.8292447256884438 0.5076860545928021 0.1365925571488028 0.0755573918902247 0.22020207623328536 1 1
0.35245640154855495 0.1634424644193142 0.2793593537802528 0.8097397694676155 0.4872349775468352 7 2
0.35245640154855495 0.1634424644193142 0.2793593537802528 0.8097397694676155 0.4872349775468352 7 2
0.5981563320471811 0.8619388245798604 0.9039597997902747 0.9647628682045216 0.6645967499517077 5 8
0.5981563320471811 0.8619388245798604 0.9039597997902747 0.9647628682045216 0.6645967499517077 5 8
0.45764400803506744 0.12250130598542197 0.9815604566384871 0.6014483040392603 0.5092657258212737 3 6
0.41407346720175386 0.8325592678494224 0.6582618865825706 0.8645539381855971 0.3778627936527216 6 7
0.2865177754020002 0.33042915159563535 0.7567438901020133 0.8310752127980925 0.33687484388129985 8 2
0.8457250946910353 0.9483784570559112 0.9912071515175925 0.8084236832086328 0.5986696731813944 1 2
0.4769569758313654 0.33099941119244947 0.09578051656304676 0.8390761520016514 0.39867402032324495 2 6
0.38776120763320154 0.6713783748550627 0.6309864905946845 0.9323019281024942 0.017278014458342095 4 7
0.5485582614697464 0.3128508540568209 0.8157118301108728 0.4053676711679157 0.9110302624514368 5 5
0.5485582614697464 0.3128508540568209 0.8157118301108728 0.4053676711679157 0.9110302624514368 5 5
0.39200351341643325 0.13169303963743462 0.07710336806187945 0.39486977069931684 0.2971946726714281 6 5
0.39200351341643325 0.13169303963743462 0.07710336806187945 0.39486977069931684 0.2971946726714281 6 5
0.8292447256884438 0.5076860545928021 0.1365925571488028 0.0755573918902247 0.22020207623328536 1 1
0.8292447256884438 0.5076860545928021 0.1365925571488028 0.0755573918902247 0.22020207623328536 1 1
0.35245640154855495 0.1634424644193142 0.2793593537802528 0.8097397694676155 0.4872349775468352 7 2
0.35245640154855495 0.1634424644193142 0.2793593537802528 0.8097397694676155 0.4872349775468352 7 2
0.5981563320471811 0.8619388245798604 0.9039597997902747 0.9647628682045216 0.6645967499517077 5 8
0.5981563320471811 0.8619388245798604 0.9039597997902747 0.9647628682045216 0.6645967499517077 5 8
0.45764400803506744 0.12250130598542197 0.9815604566384871 0.6014483040392603 0.5092657258212737 3 6
0.41407346720175386 0.8325592678494224 0.6582618865825706 0.8645539381855971 0.3778627936527216 6 7
0.2865177754020002 0.33042915159563535 0.7567438901020133 0.8310752127980925 0.33687484388129985 8 2
0.8457250946910353 0.9483784570559112 0.9912071515175925 0.8084236832086328 0.5986696731813944 1 2
0.4769569758313654 0.33099941119244947 0.09578051656304676 0.8390761520016514 0.39867402032324495 2 6
0.38776120763320154 0.6713783748550627 0.6309864905946845 0.9323019281024942 0.017278014458342095 4 7
0.38776120763320154 0.6713783748550627 0.6309864905946845 0.9323019281024942 0.017278014458342095 4 7
0.5485582614697464 0.3128508540568209 0.8157118301108728 0.4053676711679157 0.9110302624514368 5 5
0.39200351341643325 0.13169303963743462 0.07710336806187945 0.39486977069931684 0.2971946726714281 6 5
0.39200351341643325 0.13169303963743462 0.07710336806187945 0.39486977069931684 0.2971946726714281 6 5
0.39200351341643325 0.13169303963743462 0.07710336806187945 0.39486977069931684 0.2971946726714281 6 5
0.8292447256884438 0.5076860545928021 0.1365925571488028 0.0755573918902247 0.22020207623328536 1 1
0.35245640154855495 0.1634424644193142 0.2793593537802528 0.8097397694676155 0.4872349775468352 7 2
0.35245640154855495 0.1634424644193142 0.2793593537802528 0.8097397694676155 0.4872349775468352 7 2
0.5981563320471811 0.8619388245798604 0.9039597997902747 0.9647628682045216 0.6645967499517077 5 8
0.5096932259042601 0.8988240642248668 0.3054090883264694 0.7536770817908081 0.9443641238351281 5 6
0.5096932259042601 0.8988240642248668 0.3054090883264694 0.7536770817908081 0.9443641238351281 5 6
0.45764400803506744 0.12250130598542197 0.9815604566384871 0.6014483040392603 0.5092657258212737 3 6
0.41407346720175386 0.8325592678494224 0.6582618865825706 0.8645539381855971 0.3778627936527216 6 7
0.4769569758313654 0.33099941119244947 0.09578051656304676 0.8390761520016514 0.39867402032324495 2 6
0.28393797821531275 0.4488233081962991 0.34462300358559483 0.022015757418904824 0.590478194943194 4 1
0.24051179883035034 0.9003527172565503 0.3228964521772505 0.827738917277697 0.17043572956980024 5 5
0.38776120763320154 0.6713783748550627 0.6309864905946845 0.9323019281024942 0.017278014458342095 4 7
0.38776120763320154 0.6713783748550627 0.6309864905946845 0.9323019281024942 0.017278014458342095 4 7
0.39200351341643325 0.13169303963743462 0.07710336806187945 0.39486977069931684 0.2971946726714281 6 5
0.39200351341643325 0.13169303963743462 0.07710336806187945 0.39486977069931684 0.2971946726714281 6 5
0.8292447256884438 0.5076860545928021 0.1365925571488028 0.0755573918902247 0.22020207623328536 1 1
0.8292447256884438 0.5076860545928021 0.1365925571488028 0.0755573918902247 0.22020207623328536 1 1
0.35245640154855495 0.1634424644193142 0.2793593537802528 0.8097397694676155 0.4872349775468352 7 2
0.35245640154855495 0.1634424644193142 0.2793593537802528 0.8097397694676155 0.4872349775468352 7 2
0.5981563320471811 0.8619388245798604 0.9039597997902747 0.9647628682045216 0.6645967499517077 5 8
0.5981563320471811 0.8619388245798604 0.9039597997902747 0.9647628682045216 0.6645967499517077 5 8
0.5096932259042601 0.8988240642248668 0.3054090883264694 0.7536770817908081 0.9443641238351281 5 6
0.45764400803506744 0.12250130598542197 0.9815604566384871 0.6014483040392603 0.5092657258212737 3 6
0.41407346720175386 0.8325592678494224 0.6582618865825706 0.8645539381855971 0.3778627936527216 6 7
0.4769569758313654 0.33099941119244947 0.09578051656304676 0.8390761520016514 0.39867402032324495 2 6
0.12336431165743511 0.742840931051085 0.07144063065337924 0.18464930626521103 0.9196029803977559 3 3
0.38776120763320154 0.6713783748550627 0.6309864905946845 0.9323019281024942 0.017278014458342095 4 7
0.38776120763320154 0.6713783748550627 0.6309864905946845 0.9323019281024942 0.017278014458342095 4 7
0.5485582614697464 0.3128508540568209 0.8157118301108728 0.4053676711679157 0.9110302624514368 5 5
0.39200351341643325 0.13169303963743462 0.07710336806187945 0.39486977069931684 0.2971946726714281 6 5
0.39200351341643325 0.13169303963743462 0.07710336806187945 0.39486977069931684 0.2971946726714281 6 5
0.8292447256884438 0.5076860545928021 0.1365925571488028 0.0755573918902247 0.22020207623328536 1 1
0.8292447256884438 0.5076860545928021 0.1365925571488028 0.0755573918902247 0.22020207623328536 1 1
0.35245640154855495 0.1634424644193142 0.2793593537802528 0.8097397694676155 0.4872349775468352 7 2
0.35245640154855495 0.1634424644193142 0.2793593537802528 0.8097397694676155 0.4872349775468352 7 2
0.5981563320471811 0.8619388245798604 0.9039597997902747 0.9647628682045216 0.6645967499517077 5 8
0.45764400803506744 0.12250130598542197 0.9815604566384871 0.6014483040392603 0.5092657258212737 3 6
0.45764400803506744 0.12250130598542197 0.9815604566384871 0.6014483040392603 0.5092657258212737 3 6
0.41407346720175386 0.8325592678494224 0.6582618865825706 0.8645539381855971 0.3778627936527216 6 7
0.8457250946910353 0.9483784570559112 0.9912071515175925 0.8084236832086328 0.5986696731813944 1 2
0.8457250946910353 0.9483784570559112 0.9912071515175925 0.8084236832086328 0.5986696731813944 1 2
0.4769569758313654 0.33099941119244947 0.09578051656304676 0.8390761520016514 0.39867402032324495 2 6
0.38776120763320154 0.6713783748550627 0.6309864905946845 0.9323019281024942 0.017278014458342095 4 7
0.38776120763320154 0.6713783748550627 0.6309864905946845 0.9323019281024942 0.017278014458342095 4 7
0.5485582614697464 0.3128508540568209 0.8157118301108728 0.4053676711679157 0.9110302624514368 5 5
0.39200351341643325 0.13169303963743462 0.07710336806187945 0.39486977069931684 0.2971946726714281 6 5
0.39200351341643325 0.13169303963743462 0.07710336806187945 0.39486977069931684 0.2971946726714281 6 5
0.8292447256884438 0.5076860545928021 0.1365925571488028 0.0755573918902247 0.22020207623328536 1 1
0.8292447256884438 0.5076860545928021 0.1365925571488028 0.0755573918902247 0.22020207623328536 1 1
0.35245640154855495 0.1634424644193142 0.2793593537802528 0.8097397694676155 0.4872349775468352 7 2
0.35245640154855495 0.1634424644193142 0.2793593537802528 0.8097397694676155 0.4872349775468352 7 2
0.5981563320471811 0.8619388245798604 0.9039597997902747 0.9647628682045216 0.6645967499517077 5 8
0.5096932259042601 0.8988240642248668 0.3054090883264694 0.7536770817908081 0.9443641238351281 5 6
0.5096932259042601 0.8988240642248668 0.3054090883264694 0.7536770817908081 0.9443641238351281 5 6
0.45764400803506744 0.12250130598542197 0.9815604566384871 0.6014483040392603 0.5092657258212737 3 6
0.4769569758313654 0.33099941119244947 0.09578051656304676 0.8390761520016514 0.39867402032324495 2 6
0.4769569758313654 0.33099941119244947 0.09578051656304676 0.8390761520016514 0.39867402032324495 2 6
0.28393797821531275 0.4488233081962991 0.34462300358559483 0.022015757418904824 0.590478194943194 4 1
0.38776120763320154 0.6713783748550627 0.6309864905946845 0.9323019281024942 0.017278014458342095 4 7
0.38776120763320154 0.6713783748550627 0.6309864905946845 0.9323019281024942 0.017278014458342095 4 7
0.5485582614697464 0.3128508540568209 0.8157118301108728 0.4053676711679157 0.9110302624514368 5 5
0.5485582614697464 0.3128508540568209 0.8157118301108728 0.4053676711679157 0.9110302624514368 5 5
0.39200351341643325 0.13169303963743462 0.07710336806187945 0.39486977069931684 0.2971946726714281 6 5
0.8292447256884438 0.5076860545928021 0.1365925571488028 0.0755573918902247 0.22020207623328536 1 1
0.8292447256884438 0.5076860545928021 0.1365925571488028 0.0755573918902247 0.22020207623328536 1 1
0.35245640154855495 0.1634424644193142 0.2793593537802528 0.8097397694676155 0.4872349775468352 7 2
0.35245640154855495 0.1634424644193142 0.2793593537802528 0.8097397694676155 0.4872349775468352 7 2
0.5981563320471811 0.8619388245798604 0.9039597997902747 0.9647628682045216 0.6645967499517077 5 8
0.5096932259042601 0.8988240642248668 0.3054090883264694 0.7536770817908081 0.9443641238351281 5 6
0.5096932259042601 0.8988240642248668 0.3054090883264694 0.7536770817908081 0.9443641238351281 5 6
0.41407346720175386 0.8325592678494224 0.6582618865825706 0.8645539381855971 0.3778627936527216 6 7
0.41407346720175386 0.8325592678494224 0.6582618865825706 0.8645539381855971 0.3778627936527216 6 7
0.4769569758313654 0.33099941119244947 0.09578051656304676 0.8390761520016514 0.39867402032324495 2 6
0.38776120763320154 0.6713783748550627 0.6309864905946845 0.9323019281024942 0.017278014458342095 4 7
0.38776120763320154 0.6713783748550627 0.6309864905946845 0.9323019281024942 0.017278014458342095 4 7
0.38776120763320154 0.6713783748550627 0.6309864905946845 0.9323019281024942 0.017278014458342095 4 7
0.39200351341643325 0.13169303963743462 0.07710336806187945 0.39486977069931684 0.2971946726714281 6 5
0.39200351341643325 0.13169303963743462 0.07710336806187945 0.39486977069931684 0.2971946726714281 6 5
0.8292447256884438 0.5076860545928021 0.1365925571488028 0.0755573918902247 0.22020207623328536 1 1
0.8292447256884438 0.5076860545928021 0.1365925571488028 0.0755573918902247 0.22020207623328536 1 1
0.35245640154855495 0.1634424644193142 0.2793593537802528 0.8097397694676155 0.4872349775468352 7 2
0.35245640154855495 0.1634424644193142 0.2793593537802528 0.8097397694676155 0.4872349775468352 7 2
0.5981563320471811 0.8619388245798604 0.9039597997902747 0.9647628682045216 0.6645967499517077 5 8
0.45764400803506744 0.12250130598542197 0.9815604566384871 0.6014483040392603 0.5092657258212737 3 6
0.45764400803506744 0.12250130598542197 0.9815604566384871 0.6014483040392603 0.5092657258212737 3 6
0.41407346720175386 0.8325592678494224 0.6582618865825706 0.8645539381855971 0.3778627936527216 6 7
0.8457250946910353 0.9483784570559112 0.9912071515175925 0.8084236832086328 0.5986696731813944 1 2
0.8457250946910353 0.9483784570559112 0.9912071515175925 0.8084236832086328 0.5986696731813944 1 2
0.4769569758313654 0.33099941119244947 0.09578051656304676 0.8390761520016514 0.39867402032324495 2 6
0.9036848152584578 0.07653727572517954 0.5766109540630218 0.41800372216952764 0.0014686452110137527 3 2
0.24051179883035034 0.9003527172565503 0.3228964521772505 0.827738917277697 0.17043572956980024 5 5
0.38776120763320154 0.6713783748550627 0.6309864905946845 0.9323019281024942 0.017278014458342095 4 7
0.5485582614697464 0.3128508540568209 0.8157118301108728 0.4053676711679157 0.9110302624514368 5 5
0.5485582614697464 0.3128508540568209 0.8157118301108728 0.4053676711679157 0.9110302624514368 5 5
0.39200351341643325 0.13169303963743462 0.07710336806187945 0.39486977069931684 0.2971946726714281 6 5
0.8292447256884438 0.5076860545928021 0.1365925571488028 0.0755573918902247 0.22020207623328536 1 1
0.8292447256884438 0.5076860545928021 0.1365925571488028 0.0755573918902247 0.22020207623328536 1 1
0.35245640154855495 0.1634424644193142 0.2793593537802528 0.8097397694676155 0.4872349775468352 7 2
0.35245640154855495 0.1634424644193142 0.2793593537802528 0.8097397694676155 0.4872349775468352 7 2
0.5981563320471811 0.8619388245798604 0.9039597997902747 0.9647628682045216 0.6645967499517077 5 8
0.5096932259042601 0.8988240642248668 0.3054090883264694 0.7536770817908081 0.9443641238351281 5 6
0.5096932259042601 0.8988240642248668 0.3054090883264694 0.7536770817908081 0.9443641238351281 5 6
0.41407346720175386 0.8325592678494224 0.6582618865825706 0.8645539381855971 0.3778627936527216 6 7
0.41407346720175386 0.8325592678494224 0.6582618865825706 0.8645539381855971 0.3778627936527216 6 7
0.4769569758313654 0.33099941119244947 0.09578051656304676 0.8390761520016514 0.39867402032324495 2 6
0.4769569758313654 0.33099941119244947 0.09578051656304676 0.8390761520016514 0.39867402032324495 2 6
0.38776120763320154 0.6713783748550627 0.6309864905946845 0.9323019281024942 0.017278014458342095 4 7
0.38776120763320154 0.6713783748550627 0.6309864905946845 0.9323019281024942 0.017278014458342095 4 7
0.5485582614697464 0.3128508540568209 0.8157118301108728 0.4053676711679157 0.9110302624514368 5 5
0.39200351341643325 0.13169303963743462 0.07710336806187945 0.39486977069931684 0.2971946726714281 6 5
0.39200351341643325 0.13169303963743462 0.07710336806187945 0.39486977069931684 0.2971946726714281 6 5
0.8292447256884438 0.5076860545928021 0.1365925571488028 0.0755573918902247 0.22020207623328536 1 1
0.8292447256884438 0.5076860545928021 0.1365925571488028 0.0755573918902247 0.22020207623328536 1 1
0.35245640154855495 0.1634424644193142 0.2793593537802528 0.8097397694676155 0.4872349775468352 7 2
0.35245640154855495 0.1634424644193142 0.2793593537802528 0.8097397694676155 0.4872349775468352 7 2
0.5981563320471811 0.8619388245798604 0.9039597997902747 0.9647628682045216 0.6645967499517077 5 8
0.5981563320471811 0.8619388245798604 0.9039597997902747 0.9647628682045216 0.6645967499517077 5 8
0.45764400803506744 0.12250130598542197 0.9815604566384871 0.6014483040392603 0.5092657258212737 3 6
0.41407346720175386 0.8325592678494224 0.6582618865825706 0.8645539381855971 0.3778627936527216 6 7
0.2865177754020002 0.33042915159563535 0.7567438901020133 0.8310752127980925 0.33687484388129985 8 2
0.8457250946910353 0.9483784570559112 0.9912071515175925 0.8084236832086328 0.5986696731813944 1 2
0.43358681946451283 0.5234337270122605 0.13347247808192964 0.7229247014413075 0.22702644162255858 3 3
0.24051179883035034 0.9003527172565503 0.3228964521772505 0.827738917277697 0.17043572956980024 5 5
0.38776120763320154 0.6713783748550627 0.6309864905946845 0.9323019281024942 0.017278014458342095 4 7
0.38776120763320154 0.6713783748550627 0.6309864905946845 0.9323019281024942 0.017278014458342095 4 7
0.5485582614697464 0.3128508540568209 0.8157118301108728 0.4053676711679157 0.9110302624514368 5 5
0.5485582614697464 0.3128508540568209 0.8157118301108728 0.4053676711679157 0.9110302624514368 5 5
0.39200351341643325 0.13169303963743462 0.07710336806187945 0.39486977069931684 0.2971946726714281 6 5
0.8292447256884438 0.5076860545928021 0.1365925571488028 0.0755573918902247 0.22020207623328536 1 1
0.8292447256884438 0.5076860545928021 0.1365925571488028 0.0755573918902247 0.22020207623328536 1 1
0.35245640154855495 0.1634424644193142 0.2793593537802528 0.8097397694676155 0.4872349775468352 7 2
0.35245640154855495 0.1634424644193142 0.2793593537802528 0.8097397694676155 0.4872349775468352 7 2
0.5981563320471811 0.8619388245798604 0.9039597997902747 0.9647628682045216 0.6645967499517077 5 8
0.5981563320471811 0.8619388245798604 0.9039597997902747 0.9647628682045216 0.6645967499517077 5 8
0.8457250946910353 0.9483784570559112 0.9912071515175925 0.8084236832086328 0.5986696731813944 1 2
0.41407346720175386 0.8325592678494224 0.6582618865825706 0.8645539381855971 0.3778627936527216 6 7
0.4769569758313654 0.33099941119244947 0.09578051656304676 0.8390761520016514 0.39867402032324495 2 6
0.8457250946910353 0.9483784570559112 0.9912071515175925 0.8084236832086328 0.5986696731813944 1 2
0.10054691782514735 0.610470767603607 0.051728796438664015 0.10127327508800144 0.6622520797249983 7 1
0.4769569758313654 0.33099941119244947 0.09578051656304676 0.8390761520016514 0.39867402032324495 2 6
0.38776120763320154 0.6713783748550627 0.6309864905946845 0.9323019281024942 0.017278014458342095 4 7
0.38776120763320154 0.6713783748550627 0.6309864905946845 0.9323019281024942 0.017278014458342095 4 7
0.5485582614697464 0.3128508540568209 0.8157118301108728 0.4053676711679157 0.9110302624514368 5 5
0.5485582614697464 0.3128508540568209 0.8157118301108728 0.4053676711679157 0.9110302624514368 5 5
0.39200351341643325 0.13169303963743462 0.07710336806187945 0.39486977069931684 0.2971946726714281 6 5
0.8292447256884438 0.5076860545928021 0.1365925571488028 0.0755573918902247 0.22020207623328536 1 1
0.35245640154855495 0.1634424644193142 0.2793593537802528 0.8097397694676155 0.4872349775468352 7 2
0.35245640154855495 0.1634424644193142 0.2793593537802528 0.8097397694676155 0.4872349775468352 7 2
0.45764400803506744 0.12250130598542197 0.9815604566384871 0.6014483040392603 0.5092657258212737 3 6
0.5096932259042601 0.8988240642248668 0.3054090883264694 0.7536770817908081 0.9443641238351281 5 6
0.5981563320471811 0.8619388245798604 0.9039597997902747 0.9647628682045216 0.6645967499517077 5 8
0.41407346720175386 0.8325592678494224 0.6582618865825706 0.8645539381855971 0.3778627936527216 6 7
0.8457250946910353 0.9483784570559112 0.9912071515175925 0.8084236832086328 0.5986696731813944 1 2
0.8457250946910353 0.9483784570559112 0.9912071515175925 0.8084236832086328 0.5986696731813944 1 2
0.38776120763320154 0.6713783748550627 0.6309864905946845 0.9323019281024942 0.017278014458342095 4 7
0.38776120763320154 0.6713783748550627 0.6309864905946845 0.9323019281024942 0.017278014458342095 4 7
0.5485582614697464 0.3128508540568209 0.8157118301108728 0.4053676711679157 0.9110302624514368 5 5
0.39200351341643325 0.13169303963743462 0.07710336806187945 0.39486977069931684 0.2971946726714281 6 5
0.8377614053497386 0.24668115525180434 0.40079469145782864 0.34040358565187456 0.2615216333456233 4 2
0.8292447256884438 0.5076860545928021 0.1365925571488028 0.0755573918902247 0.22020207623328536 1 1
0.8292447256884438 0.5076860545928021 0.1365925571488028 0.0755573918902247 0.22020207623328536 1 1
0.35245640154855495 0.1634424644193142 0.2793593537802528 0.8097397694676155 0.4872349775468352 7 2
0.35245640154855495 0.1634424644193142 0.2793593537802528 0.8097397694676155 0.4872349775468352 7 2
0.5981563320471811 0.8619388245798604 0.9039597997902747 0.9647628682045216 0.6645967499517077 5 8
0.5981563320471811 0.8619388245798604 0.9039597997902747 0.9647628682045216 0.6645967499517077 5 8
0.45764400803506744 0.12250130598542197 0.9815604566384871 0.6014483040392603 0.5092657258212737 3 6
0.41407346720175386 0.8325592678494224 0.6582618865825706 0.8645539381855971 0.3778627936527216 6 7
0.2865177754020002 0.33042915159563535 0.7567438901020133 0.8310752127980925 0.33687484388129985 8 2
0.8457250946910353 0.9483784570559112 0.9912071515175925 0.8084236832086328 0.5986696731813944 1 2
0.4769569758313654 0.33099941119244947 0.09578051656304676 0.8390761520016514 0.39867402032324495 2 6
0.24051179883035034 0.9003527172565503 0.3228964521772505 0.827738917277697 0.17043572956980024 5 5
0.38776120763320154 0.6713783748550627 0.6309864905946845 0.9323019281024942 0.017278014458342095 4 7
0.38776120763320154 0.6713783748550627 0.6309864905946845 0.9323019281024942 0.017278014458342095 4 7
0.39200351341643325 0.13169303963743462 0.07710336806187945 0.39486977069931684 0.2971946726714281 6 5
0.39200351341643325 0.13169303963743462 0.07710336806187945 0.39486977069931684 0.2971946726714281 6 5
0.8292447256884438 0.5076860545928021 0.1365925571488028 0.0755573918902247 0.22020207623328536 1 1
0.8292447256884438 0.5076860545928021 0.1365925571488028 0.0755573918902247 0.22020207623328536 1 1
0.35245640154855495 0.1634424644193142 0.2793593537802528 0.8097397694676155 0.4872349775468352 7 2
0.35245640154855495 0.1634424644193142 0.2793593537802528 0.8097397694676155 0.4872349775468352 7 2
0.5981563320471811 0.8619388245798604 0.9039597997902747 0.9647628682045216 0.6645967499517077 5 8
0.5096932259042601 0.8988240642248668 0.3054090883264694 0.7536770817908081 0.9443641238351281 5 6
0.5096932259042601 0.8988240642248668 0.3054090883264694 0.7536770817908081 0.9443641238351281 5 6
0.45764400803506744 0.12250130598542197 0.9815604566384871 0.6014483040392603 0.5092657258212737 3 6
0.2865177754020002 0.33042915159563535 0.7567438901020133 0.8310752127980925 0.33687484388129985 8 2
0.8457250946910353 0.9483784570559112 0.9912071515175925 0.8084236832086328 0.5986696731813944 1 2
0.43358681946451283 0.5234337270122605 0.13347247808192964 0.7229247014413075 0.22702644162255858 3 3
0.24051179883035034 0.9003527172565503 0.3228964521772505 0.827738917277697 0.17043572956980024 5 5
0.38776120763320154 0.6713783748550627 0.6309864905946845 0.9323019281024942 0.017278014458342095 4 7
0.38776120763320154 0.6713783748550627 0.6309864905946845 0.9323019281024942 0.017278014458342095 4 7
0.39200351341643325 0.13169303963743462 0.07710336806187945 0.39486977069931684 0.2971946726714281 6 5
0.39200351341643325 0.13169303963743462 0.07710336806187945 0.39486977069931684 0.2971946726714281 6 5
0.8292447256884438 0.5076860545928021 0.1365925571488028 0.0755573918902247 0.22020207623328536 1 1
0.8292447256884438 0.5076860545928021 0.1365925571488028 0.0755573918902247 0.22020207623328536 1 1
0.35245640154855495 0.1634424644193142 0.2793593537802528 0.8097397694676155 0.4872349775468352 7 2
0.35245640154855495 0.1634424644193142 0.2793593537802528 0.8097397694676155 0.4872349775468352 7 2
0.5981563320471811 0.8619388245798604 0.9039597997902747 0.9647628682045216 0.6645967499517077 5 8
0.5096932259042601 0.8988240642248668 0.3054090883264694 0.7536770817908081 0.9443641238351281 5 6
0.5096932259042601 0.8988240642248668 0.3054090883264694 0.7536770817908081 0.9443641238351281 5 6
0.45764400803506744 0.12250130598542197 0.9815604566384871 0.6014483040392603 0.5092657258212737 3 6
0.2865177754020002 0.33042915159563535 0.7567438901020133 0.8310752127980925 0.33687484388129985 8 2
0.8457250946910353 0.9483784570559112 0.9912071515175925 0.8084236832086328 0.5986696731813944 1 2
0.43358681946451283 0.5234337270122605 0.13347247808192964 0.7229247014413075 0.22702644162255858 3 3
0.38776120763320154 0.6713783748550627 0.6309864905946845 0.9323019281024942 0.017278014458342095 4 7
0.38776120763320154 0.6713783748550627 0.6309864905946845 0.9323019281024942 0.017278014458342095 4 7
0.38776120763320154 0.6713783748550627 0.6309864905946845 0.9323019281024942 0.017278014458342095 4 7
0.39200351341643325 0.13169303963743462 0.07710336806187945 0.39486977069931684 0.2971946726714281 6 5
0.39200351341643325 0.13169303963743462 0.07710336806187945 0.39486977069931684 0.2971946726714281 6 5
0.8292447256884438 0.5076860545928021 0.1365925571488028 0.0755573918902247 0.22020207623328536 1 1
0.8292447256884438 0.5076860545928021 0.1365925571488028 0.0755573918902247 0.22020207623328536 1 1
0.35245640154855495 0.1634424644193142 0.2793593537802528 0.8097397694676155 0.4872349775468352 7 2
0.35245640154855495 0.1634424644193142 0.2793593537802528 0.8097397694676155 0.4872349775468352 7 2
0.5981563320471811 0.8619388245798604 0.9039597997902747 0.9647628682045216 0.6645967499517077 5 8
0.5096932259042601 0.8988240642248668 0.3054090883264694 0.7536770817908081 0.9443641238351281 5 6
0.5096932259042601 0.8988240642248668 0.3054090883264694 0.7536770817908081 0.9443641238351281 5 6
0.45764400803506744 0.12250130598542197 0.9815604566384871 0.6014483040392603 0.5092657258212737 3 6
0.41407346720175386 0.8325592678494224 0.6582618865825706 0.8645539381855971 0.3778627936527216 6 7
0.4769569758313654 0.33099941119244947 0.09578051656304676 0.8390761520016514 0.39867402032324495 2 6
0.28393797821531275 0.4488233081962991 0.34462300358559483 0.022015757418904824 0.590478194943194 4 1
0.38776120763320154 0.6713783748550627 0.6309864905946845 0.9323019281024942 0.017278014458342095 4 7
0.38776120763320154 0.6713783748550627 0.6309864905946845 0.9323019281024942 0.017278014458342095 4 7
0.38776120763320154 0.6713783748550627 0.6309864905946845 0.9323019281024942 0.017278014458342095 4 7
0.39200351341643325 0.13169303963743462 0.07710336806187945 0.39486977069931684 0.2971946726714281 6 5
0.8377614053497386 0.24668115525180434 0.40079469145782864 0.34040358565187456 0.2615216333456233 4 2
0.8292447256884438 0.5076860545928021 0.1365925571488028 0.0755573918902247 0.22020207623328536 1 1
0.8292447256884438 0.5076860545928021 0.1365925571488028 0.0755573918902247 0.22020207623328536 1 1
0.35245640154855495 0.1634424644193142 0.2793593537802528 0.8097397694676155 0.4872349775468352 7 2
0.35245640154855495 0.1634424644193142 0.2793593537802528 0.8097397694676155 0.4872349775468352 7 2
0.5981563320471811 0.8619388245798604 0.9039597997902747 0.9647628682045216 0.6645967499517077 5 8
0.5981563320471811 0.8619388245798604 0.9039597997902747 0.9647628682045216 0.6645967499517077 5 8
0.5096932259042601 0.8988240642248668 0.3054090883264694 0.7536770817908081 0.9443641238351281 5 6
0.41407346720175386 0.8325592678494224 0.6582618865825706 0.8645539381855971 0.3778627936527216 6 7
0.41407346720175386 0.8325592678494224 0.6582618865825706 0.8645539381855971 0.3778627936527216 6 7
0.8457250946910353 0.9483784570559112 0.9912071515175925 0.8084236832086328 0.5986696731813944 1 2
0.4769569758313654 0.33099941119244947 0.09578051656304676 0.8390761520016514 0.39867402032324495 2 6
0.38776120763320154 0.6713783748550627 0.6309864905946845 0.9323019281024942 0.017278014458342095 4 7
0.38776120763320154 0.6713783748550627 0.6309864905946845 0.9323019281024942 0.017278014458342095 4 7
0.5485582614697464 0.3128508540568209 0.8157118301108728 0.4053676711679157 0.9110302624514368 5 5
0.39200351341643325 0.13169303963743462 0.07710336806187945 0.39486977069931684 0.2971946726714281 6 5
0.8377614053497386 0.24668115525180434 0.40079469145782864 0.34040358565187456 0.2615216333456233 4 2
0.8292447256884438 0.5076860545928021 0.1365925571488028 0.0755573918902247 0.22020207623328536 1 1
0.8292447256884438 0.5076860545928021 0.1365925571488028 0.0755573918902247 0.22020207623328536 1 1
0.35245640154855495 0.1634424644193142 0.2793593537802528 0.8097397694676155 0.4872349775468352 7 2
0.35245640154855495 0.1634424644193142 0.2793593537802528 0.8097397694676155 0.4872349775468352 7 2
0.5981563320471811 0.8619388245798604 0.9039597997902747 0.9647628682045216 0.6645967499517077 5 8
0.5981563320471811 0.8619388245798604 0.9039597997902747 0.9647628682045216 0.6645967499517077 5 8
0.45764400803506744 0.12250130598542197 0.9815604566384871 0.6014483040392603 0.5092657258212737 3 6
0.41407346720175386 0.8325592678494224 0.6582618865825706 0.8645539381855971 0.3778627936527216 6 7
0.2865177754020002 0.33042915159563535 0.7567438901020133 0.8310752127980925 0.33687484388129985 8 2
0.8457250946910353 0.9483784570559112 0.9912071515175925 0.8084236832086328 0.5986696731813944 1 2
0.4769569758313654 0.33099941119244947 0.09578051656304676 0.8390761520016514 0.39867402032324495 2 6
0.38776120763320154 0.6713783748550627 0.6309864905946845 0.9323019281024942 0.017278014458342095 4 7
0.38776120763320154 0.6713783748550627 0.6309864905946845 0.9323019281024942 0.017278014458342095 4 7
0.5485582614697464 0.3128508540568209 0.8157118301108728 0.4053676711679157 0.9110302624514368 5 5
0.39200351341643325 0.13169303963743462 0.07710336806187945 0.39486977069931684 0.2971946726714281 6 5
0.8377614053497386 0.24668115525180434 0.40079469145782864 0.34040358565187456 0.2615216333456233 4 2
0.8292447256884438 0.5076860545928021 0.1365925571488028 0.0755573918902247 0.22020207623328536 1 1
0.8292447256884438 0.5076860545928021 0.1365925571488028 0.0755573918902247 0.22020207623328536 1 1
0.35245640154855495 0.1634424644193142 0.2793593537802528 0.8097397694676155 0.4872349775468352 7 2
0.35245640154855495 0.1634424644193142 0.2793593537802528 0.8097397694676155 0.4872349775468352 7 2
0.5981563320471811 0.8619388245798604 0.9039597997902747 0.9647628682045216 0.6645967499517077 5 8
0.5981563320471811 0.8619388245798604 0.9039597997902747 0.9647628682045216 0.6645967499517077 5 8
0.45764400803506744 0.12250130598542197 0.9815604566384871 0.6014483040392603 0.5092657258212737 3 6
0.41407346720175386 0.8325592678494224 0.6582618865825706 0.8645539381855971 0.3778627936527216 6 7
0.2865177754020002 0.33042915159563535 0.7567438901020133 0.8310752127980925 0.33687484388129985 8 2
0.8457250946910353 0.9483784570559112 0.9912071515175925 0.8084236832086328 0.5986696731813944 1 2
0.4769569758313654 0.33099941119244947 0.09578051656304676 0.8390761520016514 0.39867402032324495 2 6
