population 0 fitness 1.002348690153568 years 32.0 length 17
population 1 fitness 1.002734546393083 years 30.0 length 16
population 2 fitness 1.0012291908633373 years 28.0 length 17
population 3 fitness 1.0027172861014324 years 28.0 length 17
population 4 fitness 1.0012747164508682 years 27.0 length 15
population 5 fitness 1.0012747164508682 years 27.0 length 17
population 6 fitness 1.001323744006671 years 26.0 length 15
population 7 fitness 1.001323744006671 years 26.0 length 17
population 8 fitness 1.0014964062684109 years 46.0 length 17
population 9 fitness 1.0014964062684109 years 46.0 length 17
population 10 fitness 1.0014340560072268 years 24.0 length 18
population 11 fitness 1.0014340560072268 years 24.0 length 17
population 12 fitness 1.0016389211511165 years 42.0 length 17
population 13 fitness 1.0016389211511165 years 42.0 length 17
population 14 fitness 1.0015644247351565 years 22.0 length 17
population 15 fitness 1.0015644247351565 years 22.0 length 17
population 16 fitness 1.0018114391670232 years 38.0 length 17
population 17 fitness 1.0018114391670232 years 38.0 length 17
population 18 fitness 1.0018114391670232 years 19.0 length 17
population 19 fitness 1.0014604034929238 years 18.0 length 17
population 20 fitness 1.0017524841915086 years 30.0 length 17
population 21 fitness 1.0017524841915086 years 30.0 length 17
population 22 fitness 1.0016429539295393 years 16.0 length 16
population 23 fitness 1.0017524841915086 years 15.0 length 17
population 24 fitness 1.0018776616337592 years 14.0 length 16
population 25 fitness 1.0023897511702389 years 22.0 length 17
population 26 fitness 1.0023897511702389 years 22.0 length 17
population 27 fitness 1.0021906052393856 years 12.0 length 17
population 28 fitness 1.0021906052393856 years 12.0 length 17
population 29 fitness 1.0026287262872629 years 10.0 length 17
population 30 fitness 1.0004516711833784 years 9.0 length 17
population 31 fitness 1.0004516711833784 years 9.0 length 17
population 32 fitness 1.0005081300813008 years 8.0 length 17
population 33 fitness 1.0005081300813008 years 8.0 length 17
population 34 fitness 1.0 years 10.0 length 17
population 35 fitness 1.0 years 10.0 length 17
population 36 fitness 1.0 years 6.0 length 17
population 37 fitness 1.0 years 6.0 length 17
population 38 fitness 1.0 years 5.0 length 17
population 39 fitness 1.0 years 5.0 length 17

0.14081485716533038 0.4371223984265433 0.606992273333831 0.25240194644582337 0.5610718271260786 5 5
0.14081485716533038 0.4371223984265433 0.606992273333831 0.25240194644582337 0.5610718271260786 5 5
0.9401155762863087 0.19722966368746797 0.8745246031750129 0.11903850859152942 0.8380994621433413 7 3
0.4639293416066217 0.8044645321914045 0.5796223362644382 0.2843088619116291 0.8304170648974813 1 4
0.4639293416066217 0.8044645321914045 0.5796223362644382 0.2843088619116291 0.8304170648974813 1 4
0.4639293416066217 0.8044645321914045 0.5796223362644382 0.2843088619116291 0.8304170648974813 1 4
0.4639293416066217 0.8044645321914045 0.5796223362644382 0.2843088619116291 0.8304170648974813 1 4
0.027150792663715007 0.5257649486722547 0.15864903919694606 0.20787998267359076 0.4589338348377334 2 5
0.2729178791753126 0.704399835337145 0.3908498047150363 0.028083916278976107 0.31327177825056607 4 5
0.37078427522372004 0.2092313615205842 0.2617705410884622 0.33769455157122896 0.9330431013696522 8 8
0.37078427522372004 0.2092313615205842 0.2617705410884622 0.33769455157122896 0.9330431013696522 8 8
0.5850673519188945 0.04634124769565717 0.5899723277550324 0.6951593457948916 0.8967018674369226 4 3
0.5850673519188945 0.04634124769565717 0.5899723277550324 0.6951593457948916 0.8967018674369226 4 3
0.4979092905441177 0.15739636348668629 0.8255310195181012 0.8914772253799702 0.5699309975149701 6 8
0.8993160363999305 0.4061238370272928 0.3320700572236912 0.5370629862437636 0.09453609006874308 6 1
0.23894272362230395 0.983607301793916 0.755794023241691 0.10338955226240043 0.221610673846116 6 3
0.13491091553976875 0.4524212840396302 0.4064557121103213 0.846054443817951 0.5124145499006414 4 1
0.14081485716533038 0.4371223984265433 0.606992273333831 0.25240194644582337 0.5610718271260786 5 5
0.14081485716533038 0.4371223984265433 0.606992273333831 0.25240194644582337 0.5610718271260786 5 5
0.14081485716533038 0.4371223984265433 0.606992273333831 0.25240194644582337 0.5610718271260786 5 5
0.977788533932394 0.30140028481532544 0.5993358011136 0.9413150793581269 0.6118061757325542 1 7
0.14081485716533038 0.4371223984265433 0.606992273333831 0.25240194644582337 0.5610718271260786 5 5
0.14081485716533038 0.4371223984265433 0.606992273333831 0.25240194644582337 0.5610718271260786 5 5
0.4639293416066217 0.8044645321914045 0.5796223362644382 0.2843088619116291 0.8304170648974813 1 4
0.027150792663715007 0.5257649486722547 0.15864903919694606 0.20787998267359076 0.4589338348377334 2 5
0.2729178791753126 0.704399835337145 0.3908498047150363 0.028083916278976107 0.31327177825056607 4 5
0.37078427522372004 0.2092313615205842 0.2617705410884622 0.33769455157122896 0.9330431013696522 8 8
0.5850673519188945 0.04634124769565717 0.5899723277550324 0.6951593457948916 0.8967018674369226 4 3
0.5850673519188945 0.04634124769565717 0.5899723277550324 0.6951593457948916 0.8967018674369226 4 3
0.5850673519188945 0.04634124769565717 0.5899723277550324 0.6951593457948916 0.8967018674369226 4 3
0.4979092905441177 0.15739636348668629 0.8255310195181012 0.8914772253799702 0.5699309975149701 6 8
0.8993160363999305 0.4061238370272928 0.3320700572236912 0.5370629862437636 0.09453609006874308 6 1
0.23894272362230395 0.983607301793916 0.755794023241691 0.10338955226240043 0.221610673846116 6 3
0.14081485716533038 0.4371223984265433 0.606992273333831 0.25240194644582337 0.5610718271260786 5 5
0.14081485716533038 0.4371223984265433 0.606992273333831 0.25240194644582337 0.5610718271260786 5 5
0.9401155762863087 0.19722966368746797 0.8745246031750129 0.11903850859152942 0.8380994621433413 7 3
0.4639293416066217 0.8044645321914045 0.5796223362644382 0.2843088619116291 0.8304170648974813 1 4
0.4639293416066217 0.8044645321914045 0.5796223362644382 0.2843088619116291 0.8304170648974813 1 4
0.2729178791753126 0.704399835337145 0.3908498047150363 0.028083916278976107 0.31327177825056607 4 5
0.2729178791753126 0.704399835337145 0.3908498047150363 0.028083916278976107 0.31327177825056607 4 5
0.027150792663715007 0.5257649486722547 0.15864903919694606 0.20787998267359076 0.4589338348377334 2 5
0.027150792663715007 0.5257649486722547 0.15864903919694606 0.20787998267359076 0.4589338348377334 2 5
0.37078427522372004 0.2092313615205842 0.2617705410884622 0.33769455157122896 0.9330431013696522 8 8
0.4979092905441177 0.15739636348668629 0.8255310195181012 0.8914772253799702 0.5699309975149701 6 8
0.4979092905441177 0.15739636348668629 0.8255310195181012 0.8914772253799702 0.5699309975149701 6 8
0.6916139308331855 0.803451391669902 0.6361042274891912 0.3553173431062566 0.8351843630337332 7 2
0.6916139308331855 0.803451391669902 0.6361042274891912 0.3553173431062566 0.8351843630337332 7 2
0.14081485716533038 0.4371223984265433 0.606992273333831 0.25240194644582337 0.5610718271260786 5 5
0.23894272362230395 0.983607301793916 0.755794023241691 0.10338955226240043 0.221610673846116 6 3
0.13491091553976875 0.4524212840396302 0.4064557121103213 0.846054443817951 0.5124145499006414 4 1
0.14081485716533038 0.4371223984265433 0.606992273333831 0.25240194644582337 0.5610718271260786 5 5
0.14081485716533038 0.4371223984265433 0.606992273333831 0.25240194644582337 0.5610718271260786 5 5
0.14081485716533038 0.4371223984265433 0.606992273333831 0.25240194644582337 0.5610718271260786 5 5
0.14081485716533038 0.4371223984265433 0.606992273333831 0.25240194644582337 0.5610718271260786 5 5
0.9401155762863087 0.19722966368746797 0.8745246031750129 0.11903850859152942 0.8380994621433413 7 3
0.2565206901239331 0.9480171798654734 0.6293087294389927 0.6621645683122039 0.39232694123708167 8 4
0.4639293416066217 0.8044645321914045 0.5796223362644382 0.2843088619116291 0.8304170648974813 1 4
0.027150792663715007 0.5257649486722547 0.15864903919694606 0.20787998267359076 0.4589338348377334 2 5
0.2729178791753126 0.704399835337145 0.3908498047150363 0.028083916278976107 0.31327177825056607 4 5
0.37078427522372004 0.2092313615205842 0.2617705410884622 0.33769455157122896 0.9330431013696522 8 8
0.37078427522372004 0.2092313615205842 0.2617705410884622 0.33769455157122896 0.9330431013696522 8 8
0.5850673519188945 0.04634124769565717 0.5899723277550324 0.6951593457948916 0.8967018674369226 4 3
0.4979092905441177 0.15739636348668629 0.8255310195181012 0.8914772253799702 0.5699309975149701 6 8
0.6916139308331855 0.803451391669902 0.6361042274891912 0.3553173431062566 0.8351843630337332 7 2
0.14081485716533038 0.4371223984265433 0.606992273333831 0.25240194644582337 0.5610718271260786 5 5
0.14081485716533038 0.4371223984265433 0.606992273333831 0.25240194644582337 0.5610718271260786 5 5
0.14081485716533038 0.4371223984265433 0.606992273333831 0.25240194644582337 0.5610718271260786 5 5
0.23894272362230395 0.983607301793916 0.755794023241691 0.10338955226240043 0.221610673846116 6 3
0.13491091553976875 0.4524212840396302 0.4064557121103213 0.846054443817951 0.5124145499006414 4 1
0.14081485716533038 0.4371223984265433 0.606992273333831 0.25240194644582337 0.5610718271260786 5 5
0.14081485716533038 0.4371223984265433 0.606992273333831 0.25240194644582337 0.5610718271260786 5 5
0.14081485716533038 0.4371223984265433 0.606992273333831 0.25240194644582337 0.5610718271260786 5 5
0.2729178791753126 0.704399835337145 0.3908498047150363 0.028083916278976107 0.31327177825056607 4 5
0.4639293416066217 0.8044645321914045 0.5796223362644382 0.2843088619116291 0.8304170648974813 1 4
0.027150792663715007 0.5257649486722547 0.15864903919694606 0.20787998267359076 0.4589338348377334 2 5
0.2729178791753126 0.704399835337145 0.3908498047150363 0.028083916278976107 0.31327177825056607 4 5
0.37078427522372004 0.2092313615205842 0.2617705410884622 0.33769455157122896 0.9330431013696522 8 8
0.4979092905441177 0.15739636348668629 0.8255310195181012 0.8914772253799702 0.5699309975149701 6 8
0.5850673519188945 0.04634124769565717 0.5899723277550324 0.6951593457948916 0.8967018674369226 4 3
0.5850673519188945 0.04634124769565717 0.5899723277550324 0.6951593457948916 0.8967018674369226 4 3
0.6916139308331855 0.803451391669902 0.6361042274891912 0.3553173431062566 0.8351843630337332 7 2
0.8993160363999305 0.4061238370272928 0.3320700572236912 0.5370629862437636 0.09453609006874308 6 1
0.14081485716533038 0.4371223984265433 0.606992273333831 0.25240194644582337 0.5610718271260786 5 5
0.13491091553976875 0.4524212840396302 0.4064557121103213 0.846054443817951 0.5124145499006414 4 1
0.9401155762863087 0.19722966368746797 0.8745246031750129 0.11903850859152942 0.8380994621433413 7 3
0.4639293416066217 0.8044645321914045 0.5796223362644382 0.2843088619116291 0.8304170648974813 1 4
0.14081485716533038 0.4371223984265433 0.606992273333831 0.25240194644582337 0.5610718271260786 5 5
0.4639293416066217 0.8044645321914045 0.5796223362644382 0.2843088619116291 0.8304170648974813 1 4
0.4639293416066217 0.8044645321914045 0.5796223362644382 0.2843088619116291 0.8304170648974813 1 4
0.2729178791753126 0.704399835337145 0.3908498047150363 0.028083916278976107 0.31327177825056607 4 5
0.027150792663715007 0.5257649486722547 0.15864903919694606 0.20787998267359076 0.4589338348377334 2 5
0.37078427522372004 0.2092313615205842 0.2617705410884622 0.33769455157122896 0.9330431013696522 8 8
0.4979092905441177 0.15739636348668629 0.8255310195181012 0.8914772253799702 0.5699309975149701 6 8
0.5850673519188945 0.04634124769565717 0.5899723277550324 0.6951593457948916 0.8967018674369226 4 3
0.5850673519188945 0.04634124769565717 0.5899723277550324 0.6951593457948916 0.8967018674369226 4 3
0.4979092905441177 0.15739636348668629 0.8255310195181012 0.8914772253799702 0.5699309975149701 6 8
0.8993160363999305 0.4061238370272928 0.3320700572236912 0.5370629862437636 0.09453609006874308 6 1
0.23894272362230395 0.983607301793916 0.755794023241691 0.10338955226240043 0.221610673846116 6 3
0.13491091553976875 0.4524212840396302 0.4064557121103213 0.846054443817951 0.5124145499006414 4 1
0.14081485716533038 0.4371223984265433 0.606992273333831 0.25240194644582337 0.5610718271260786 5 5
0.14081485716533038 0.4371223984265433 0.606992273333831 0.25240194644582337 0.5610718271260786 5 5
0.14081485716533038 0.4371223984265433 0.606992273333831 0.25240194644582337 0.5610718271260786 5 5
0.977788533932394 0.30140028481532544 0.5993358011136 0.9413150793581269 0.6118061757325542 1 7
0.4639293416066217 0.8044645321914045 0.5796223362644382 0.2843088619116291 0.8304170648974813 1 4
0.4639293416066217 0.8044645321914045 0.5796223362644382 0.2843088619116291 0.8304170648974813 1 4
0.4639293416066217 0.8044645321914045 0.5796223362644382 0.2843088619116291 0.8304170648974813 1 4
0.2729178791753126 0.704399835337145 0.3908498047150363 0.028083916278976107 0.31327177825056607 4 5
0.027150792663715007 0.5257649486722547 0.15864903919694606 0.20787998267359076 0.4589338348377334 2 5
0.2729178791753126 0.704399835337145 0.3908498047150363 0.028083916278976107 0.31327177825056607 4 5
0.37078427522372004 0.2092313615205842 0.2617705410884622 0.33769455157122896 0.9330431013696522 8 8
0.4979092905441177 0.15739636348668629 0.8255310195181012 0.8914772253799702 0.5699309975149701 6 8
0.6916139308331855 0.803451391669902 0.6361042274891912 0.3553173431062566 0.8351843630337332 7 2
0.5850673519188945 0.04634124769565717 0.5899723277550324 0.6951593457948916 0.8967018674369226 4 3
0.14081485716533038 0.4371223984265433 0.606992273333831 0.25240194644582337 0.5610718271260786 5 5
0.977788533932394 0.30140028481532544 0.5993358011136 0.9413150793581269 0.6118061757325542 1 7
0.14081485716533038 0.4371223984265433 0.606992273333831 0.25240194644582337 0.5610718271260786 5 5
0.13491091553976875 0.4524212840396302 0.4064557121103213 0.846054443817951 0.5124145499006414 4 1
0.14081485716533038 0.4371223984265433 0.606992273333831 0.25240194644582337 0.5610718271260786 5 5
0.14081485716533038 0.4371223984265433 0.606992273333831 0.25240194644582337 0.5610718271260786 5 5
0.2729178791753126 0.704399835337145 0.3908498047150363 0.028083916278976107 0.31327177825056607 4 5
0.2729178791753126 0.704399835337145 0.3908498047150363 0.028083916278976107 0.31327177825056607 4 5
0.4639293416066217 0.8044645321914045 0.5796223362644382 0.2843088619116291 0.8304170648974813 1 4
0.2729178791753126 0.704399835337145 0.3908498047150363 0.028083916278976107 0.31327177825056607 4 5
0.37078427522372004 0.2092313615205842 0.2617705410884622 0.33769455157122896 0.9330431013696522 8 8
0.4979092905441177 0.15739636348668629 0.8255310195181012 0.8914772253799702 0.5699309975149701 6 8
0.5850673519188945 0.04634124769565717 0.5899723277550324 0.6951593457948916 0.8967018674369226 4 3
0.4979092905441177 0.15739636348668629 0.8255310195181012 0.8914772253799702 0.5699309975149701 6 8
0.6916139308331855 0.803451391669902 0.6361042274891912 0.3553173431062566 0.8351843630337332 7 2
0.23894272362230395 0.983607301793916 0.755794023241691 0.10338955226240043 0.221610673846116 6 3
0.23894272362230395 0.983607301793916 0.755794023241691 0.10338955226240043 0.221610673846116 6 3
0.13491091553976875 0.4524212840396302 0.4064557121103213 0.846054443817951 0.5124145499006414 4 1
0.13491091553976875 0.4524212840396302 0.4064557121103213 0.846054443817951 0.5124145499006414 4 1
0.14081485716533038 0.4371223984265433 0.606992273333831 0.25240194644582337 0.5610718271260786 5 5
0.14081485716533038 0.4371223984265433 0.606992273333831 0.25240194644582337 0.5610718271260786 5 5
0.9401155762863087 0.19722966368746797 0.8745246031750129 0.11903850859152942 0.8380994621433413 7 3
0.4639293416066217 0.8044645321914045 0.5796223362644382 0.2843088619116291 0.8304170648974813 1 4
0.4639293416066217 0.8044645321914045 0.5796223362644382 0.2843088619116291 0.8304170648974813 1 4
0.4639293416066217 0.8044645321914045 0.5796223362644382 0.2843088619116291 0.8304170648974813 1 4
0.027150792663715007 0.5257649486722547 0.15864903919694606 0.20787998267359076 0.4589338348377334 2 5
0.027150792663715007 0.5257649486722547 0.15864903919694606 0.20787998267359076 0.4589338348377334 2 5
0.37078427522372004 0.2092313615205842 0.2617705410884622 0.33769455157122896 0.9330431013696522 8 8
0.5850673519188945 0.04634124769565717 0.5899723277550324 0.6951593457948916 0.8967018674369226 4 3
0.5850673519188945 0.04634124769565717 0.5899723277550324 0.6951593457948916 0.8967018674369226 4 3
0.4979092905441177 0.15739636348668629 0.8255310195181012 0.8914772253799702 0.5699309975149701 6 8
0.4979092905441177 0.15739636348668629 0.8255310195181012 0.8914772253799702 0.5699309975149701 6 8
0.6916139308331855 0.803451391669902 0.6361042274891912 0.3553173431062566 0.8351843630337332 7 2
0.8993160363999305 0.4061238370272928 0.3320700572236912 0.5370629862437636 0.09453609006874308 6 1
0.14081485716533038 0.4371223984265433 0.606992273333831 0.25240194644582337 0.5610718271260786 5 5
0.13491091553976875 0.4524212840396302 0.4064557121103213 0.846054443817951 0.5124145499006414 4 1
0.14081485716533038 0.4371223984265433 0.606992273333831 0.25240194644582337 0.5610718271260786 5 5
0.14081485716533038 0.4371223984265433 0.606992273333831 0.25240194644582337 0.5610718271260786 5 5
0.9401155762863087 0.19722966368746797 0.8745246031750129 0.11903850859152942 0.8380994621433413 7 3
0.4639293416066217 0.8044645321914045 0.5796223362644382 0.2843088619116291 0.8304170648974813 1 4
0.4639293416066217 0.8044645321914045 0.5796223362644382 0.2843088619116291 0.8304170648974813 1 4
0.4639293416066217 0.8044645321914045 0.5796223362644382 0.2843088619116291 0.8304170648974813 1 4
0.027150792663715007 0.5257649486722547 0.15864903919694606 0.20787998267359076 0.4589338348377334 2 5
0.027150792663715007 0.5257649486722547 0.15864903919694606 0.20787998267359076 0.4589338348377334 2 5
0.37078427522372004 0.2092313615205842 0.2617705410884622 0.33769455157122896 0.9330431013696522 8 8
0.5850673519188945 0.04634124769565717 0.5899723277550324 0.6951593457948916 0.8967018674369226 4 3
0.5850673519188945 0.04634124769565717 0.5899723277550324 0.6951593457948916 0.8967018674369226 4 3
0.4979092905441177 0.15739636348668629 0.8255310195181012 0.8914772253799702 0.5699309975149701 6 8
0.4979092905441177 0.15739636348668629 0.8255310195181012 0.8914772253799702 0.5699309975149701 6 8
0.6916139308331855 0.803451391669902 0.6361042274891912 0.3553173431062566 0.8351843630337332 7 2
0.8993160363999305 0.4061238370272928 0.3320700572236912 0.5370629862437636 0.09453609006874308 6 1
0.14081485716533038 0.4371223984265433 0.606992273333831 0.25240194644582337 0.5610718271260786 5 5
0.14081485716533038 0.4371223984265433 0.606992273333831 0.25240194644582337 0.5610718271260786 5 5
0.13491091553976875 0.4524212840396302 0.4064557121103213 0.846054443817951 0.5124145499006414 4 1
0.9401155762863087 0.19722966368746797 0.8745246031750129 0.11903850859152942 0.8380994621433413 7 3
0.4639293416066217 0.8044645321914045 0.5796223362644382 0.2843088619116291 0.8304170648974813 1 4
0.14081485716533038 0.4371223984265433 0.606992273333831 0.25240194644582337 0.5610718271260786 5 5
0.4639293416066217 0.8044645321914045 0.5796223362644382 0.2843088619116291 0.8304170648974813 1 4
0.4639293416066217 0.8044645321914045 0.5796223362644382 0.2843088619116291 0.8304170648974813 1 4
0.2729178791753126 0.704399835337145 0.3908498047150363 0.028083916278976107 0.31327177825056607 4 5
0.027150792663715007 0.5257649486722547 0.15864903919694606 0.20787998267359076 0.4589338348377334 2 5
0.37078427522372004 0.2092313615205842 0.2617705410884622 0.33769455157122896 0.9330431013696522 8 8
0.37078427522372004 0.2092313615205842 0.2617705410884622 0.33769455157122896 0.9330431013696522 8 8
0.5850673519188945 0.04634124769565717 0.5899723277550324 0.6951593457948916 0.8967018674369226 4 3
0.5850673519188945 0.04634124769565717 0.5899723277550324 0.6951593457948916 0.8967018674369226 4 3
0.4979092905441177 0.15739636348668629 0.8255310195181012 0.8914772253799702 0.5699309975149701 6 8
0.8993160363999305 0.4061238370272928 0.3320700572236912 0.5370629862437636 0.09453609006874308 6 1
0.23894272362230395 0.983607301793916 0.755794023241691 0.10338955226240043 0.221610673846116 6 3
0.13491091553976875 0.4524212840396302 0.4064557121103213 0.846054443817951 0.5124145499006414 4 1
0.6524106749388495 0.497273715251229 0.641336007073533 0.4186548921996449 0.3290103598569477 6 5
0.14081485716533038 0.4371223984265433 0.606992273333831 0.25240194644582337 0.5610718271260786 5 5
0.14081485716533038 0.4371223984265433 0.606992273333831 0.25240194644582337 0.5610718271260786 5 5
0.9401155762863087 0.19722966368746797 0.8745246031750129 0.11903850859152942 0.8380994621433413 7 3
0.4639293416066217 0.8044645321914045 0.5796223362644382 0.2843088619116291 0.8304170648974813 1 4
0.4639293416066217 0.8044645321914045 0.5796223362644382 0.2843088619116291 0.8304170648974813 1 4
0.4639293416066217 0.8044645321914045 0.5796223362644382 0.2843088619116291 0.8304170648974813 1 4
0.4639293416066217 0.8044645321914045 0.5796223362644382 0.2843088619116291 0.8304170648974813 1 4
0.027150792663715007 0.5257649486722547 0.15864903919694606 0.20787998267359076 0.4589338348377334 2 5
0.2729178791753126 0.704399835337145 0.3908498047150363 0.028083916278976107 0.31327177825056607 4 5
0.37078427522372004 0.2092313615205842 0.2617705410884622 0.33769455157122896 0.9330431013696522 8 8
0.4979092905441177 0.15739636348668629 0.8255310195181012 0.8914772253799702 0.5699309975149701 6 8
0.5850673519188945 0.04634124769565717 0.5899723277550324 0.6951593457948916 0.8967018674369226 4 3
0.4979092905441177 0.15739636348668629 0.8255310195181012 0.8914772253799702 0.5699309975149701 6 8
0.6916139308331855 0.803451391669902 0.6361042274891912 0.3553173431062566 0.8351843630337332 7 2
0.8993160363999305 0.4061238370272928 0.3320700572236912 0.5370629862437636 0.09453609006874308 6 1
0.23894272362230395 0.983607301793916 0.755794023241691 0.10338955226240043 0.221610673846116 6 3
0.13491091553976875 0.4524212840396302 0.4064557121103213 0.846054443817951 0.5124145499006414 4 1
0.14081485716533038 0.4371223984265433 0.606992273333831 0.25240194644582337 0.5610718271260786 5 5
0.14081485716533038 0.4371223984265433 0.606992273333831 0.25240194644582337 0.5610718271260786 5 5
0.9401155762863087 0.19722966368746797 0.8745246031750129 0.11903850859152942 0.8380994621433413 7 3
0.4639293416066217 0.8044645321914045 0.5796223362644382 0.2843088619116291 0.8304170648974813 1 4
0.4639293416066217 0.8044645321914045 0.5796223362644382 0.2843088619116291 0.8304170648974813 1 4
0.4639293416066217 0.8044645321914045 0.5796223362644382 0.2843088619116291 0.8304170648974813 1 4
0.4639293416066217 0.8044645321914045 0.5796223362644382 0.2843088619116291 0.8304170648974813 1 4
0.027150792663715007 0.5257649486722547 0.15864903919694606 0.20787998267359076 0.4589338348377334 2 5
0.027150792663715007 0.5257649486722547 0.15864903919694606 0.20787998267359076 0.4589338348377334 2 5
0.37078427522372004 0.2092313615205842 0.2617705410884622 0.33769455157122896 0.9330431013696522 8 8
0.4979092905441177 0.15739636348668629 0.8255310195181012 0.8914772253799702 0.5699309975149701 6 8
0.5850673519188945 0.04634124769565717 0.5899723277550324 0.6951593457948916 0.8967018674369226 4 3
0.4979092905441177 0.15739636348668629 0.8255310195181012 0.8914772253799702 0.5699309975149701 6 8
0.4979092905441177 0.15739636348668629 0.8255310195181012 0.8914772253799702 0.5699309975149701 6 8
0.8993160363999305 0.4061238370272928 0.3320700572236912 0.5370629862437636 0.09453609006874308 6 1
0.23894272362230395 0.983607301793916 0.755794023241691 0.10338955226240043 0.221610673846116 6 3
0.13491091553976875 0.4524212840396302 0.4064557121103213 0.846054443817951 0.5124145499006414 4 1
0.14081485716533038 0.4371223984265433 0.606992273333831 0.25240194644582337 0.5610718271260786 5 5
0.14081485716533038 0.4371223984265433 0.606992273333831 0.25240194644582337 0.5610718271260786 5 5
0.9401155762863087 0.19722966368746797 0.8745246031750129 0.11903850859152942 0.8380994621433413 7 3
0.4639293416066217 0.8044645321914045 0.5796223362644382 0.2843088619116291 0.8304170648974813 1 4
0.4639293416066217 0.8044645321914045 0.5796223362644382 0.2843088619116291 0.8304170648974813 1 4
0.4639293416066217 0.8044645321914045 0.5796223362644382 0.2843088619116291 0.8304170648974813 1 4
0.4639293416066217 0.8044645321914045 0.5796223362644382 0.2843088619116291 0.8304170648974813 1 4
0.027150792663715007 0.5257649486722547 0.15864903919694606 0.20787998267359076 0.4589338348377334 2 5
0.027150792663715007 0.5257649486722547 0.15864903919694606 0.20787998267359076 0.4589338348377334 2 5
0.37078427522372004 0.2092313615205842 0.2617705410884622 0.33769455157122896 0.9330431013696522 8 8
0.4979092905441177 0.15739636348668629 0.8255310195181012 0.8914772253799702 0.5699309975149701 6 8
0.5850673519188945 0.04634124769565717 0.5899723277550324 0.6951593457948916 0.8967018674369226 4 3
0.4979092905441177 0.15739636348668629 0.8255310195181012 0.8914772253799702 0.5699309975149701 6 8
0.4979092905441177 0.15739636348668629 0.8255310195181012 0.8914772253799702 0.5699309975149701 6 8
0.8993160363999305 0.4061238370272928 0.3320700572236912 0.5370629862437636 0.09453609006874308 6 1
0.23894272362230395 0.983607301793916 0.755794023241691 0.10338955226240043 0.221610673846116 6 3
0.13491091553976875 0.4524212840396302 0.4064557121103213 0.846054443817951 0.5124145499006414 4 1
0.14081485716533038 0.4371223984265433 0.606992273333831 0.25240194644582337 0.5610718271260786 5 5
0.14081485716533038 0.4371223984265433 0.606992273333831 0.25240194644582337 0.5610718271260786 5 5
0.14081485716533038 0.4371223984265433 0.606992273333831 0.25240194644582337 0.5610718271260786 5 5
0.9401155762863087 0.19722966368746797 0.8745246031750129 0.11903850859152942 0.8380994621433413 7 3
0.4639293416066217 0.8044645321914045 0.5796223362644382 0.2843088619116291 0.8304170648974813 1 4
0.4639293416066217 0.8044645321914045 0.5796223362644382 0.2843088619116291 0.8304170648974813 1 4
0.4639293416066217 0.8044645321914045 0.5796223362644382 0.2843088619116291 0.8304170648974813 1 4
0.027150792663715007 0.5257649486722547 0.15864903919694606 0.20787998267359076 0.4589338348377334 2 5
0.027150792663715007 0.5257649486722547 0.15864903919694606 0.20787998267359076 0.4589338348377334 2 5
0.37078427522372004 0.2092313615205842 0.2617705410884622 0.33769455157122896 0.9330431013696522 8 8
0.37078427522372004 0.2092313615205842 0.2617705410884622 0.33769455157122896 0.9330431013696522 8 8
0.4979092905441177 0.15739636348668629 0.8255310195181012 0.8914772253799702 0.5699309975149701 6 8
0.5850673519188945 0.04634124769565717 0.5899723277550324 0.6951593457948916 0.8967018674369226 4 3
0.4979092905441177 0.15739636348668629 0.8255310195181012 0.8914772253799702 0.5699309975149701 6 8
0.6916139308331855 0.803451391669902 0.6361042274891912 0.3553173431062566 0.8351843630337332 7 2
0.14081485716533038 0.4371223984265433 0.606992273333831 0.25240194644582337 0.5610718271260786 5 5
0.14081485716533038 0.4371223984265433 0.606992273333831 0.25240194644582337 0.5610718271260786 5 5
0.14081485716533038 0.4371223984265433 0.606992273333831 0.25240194644582337 0.5610718271260786 5 5
0.14081485716533038 0.4371223984265433 0.606992273333831 0.25240194644582337 0.5610718271260786 5 5
0.14081485716533038 0.4371223984265433 0.606992273333831 0.25240194644582337 0.5610718271260786 5 5
0.14081485716533038 0.4371223984265433 0.606992273333831 0.25240194644582337 0.5610718271260786 5 5
0.14081485716533038 0.4371223984265433 0.606992273333831 0.25240194644582337 0.5610718271260786 5 5
0.14081485716533038 0.4371223984265433 0.606992273333831 0.25240194644582337 0.5610718271260786 5 5
0.4639293416066217 0.8044645321914045 0.5796223362644382 0.2843088619116291 0.8304170648974813 1 4
0.2729178791753126 0.704399835337145 0.3908498047150363 0.028083916278976107 0.31327177825056607 4 5
0.027150792663715007 0.5257649486722547 0.15864903919694606 0.20787998267359076 0.4589338348377334 2 5
0.37078427522372004 0.2092313615205842 0.2617705410884622 0.33769455157122896 0.9330431013696522 8 8
0.4979092905441177 0.15739636348668629 0.8255310195181012 0.8914772253799702 0.5699309975149701 6 8
0.5850673519188945 0.04634124769565717 0.5899723277550324 0.6951593457948916 0.8967018674369226 4 3
0.4979092905441177 0.15739636348668629 0.8255310195181012 0.8914772253799702 0.5699309975149701 6 8
0.4979092905441177 0.15739636348668629 0.8255310195181012 0.8914772253799702 0.5699309975149701 6 8
0.8993160363999305 0.4061238370272928 0.3320700572236912 0.5370629862437636 0.09453609006874308 6 1
0.23894272362230395 0.983607301793916 0.755794023241691 0.10338955226240043 0.221610673846116 6 3
0.13491091553976875 0.4524212840396302 0.4064557121103213 0.846054443817951 0.5124145499006414 4 1
0.14081485716533038 0.4371223984265433 0.606992273333831 0.25240194644582337 0.5610718271260786 5 5
0.14081485716533038 0.4371223984265433 0.606992273333831 0.25240194644582337 0.5610718271260786 5 5
0.14081485716533038 0.4371223984265433 0.606992273333831 0.25240194644582337 0.5610718271260786 5 5
0.2729178791753126 0.704399835337145 0.3908498047150363 0.028083916278976107 0.31327177825056607 4 5
0.4639293416066217 0.8044645321914045 0.5796223362644382 0.2843088619116291 0.8304170648974813 1 4
0.4639293416066217 0.8044645321914045 0.5796223362644382 0.2843088619116291 0.8304170648974813 1 4
0.4639293416066217 0.8044645321914045 0.5796223362644382 0.2843088619116291 0.8304170648974813 1 4
0.027150792663715007 0.5257649486722547 0.15864903919694606 0.20787998267359076 0.4589338348377334 2 5
0.027150792663715007 0.5257649486722547 0.15864903919694606 0.20787998267359076 0.4589338348377334 2 5
0.37078427522372004 0.2092313615205842 0.2617705410884622 0.33769455157122896 0.9330431013696522 8 8
0.5850673519188945 0.04634124769565717 0.5899723277550324 0.6951593457948916 0.8967018674369226 4 3
0.5850673519188945 0.04634124769565717 0.5899723277550324 0.6951593457948916 0.8967018674369226 4 3
0.4979092905441177 0.15739636348668629 0.8255310195181012 0.8914772253799702 0.5699309975149701 6 8
0.6916139308331855 0.803451391669902 0.6361042274891912 0.3553173431062566 0.8351843630337332 7 2
0.8993160363999305 0.4061238370272928 0.3320700572236912 0.5370629862437636 0.09453609006874308 6 1
0.23894272362230395 0.983607301793916 0.755794023241691 0.10338955226240043 0.221610673846116 6 3
0.13491091553976875 0.4524212840396302 0.4064557121103213 0.846054443817951 0.5124145499006414 4 1
0.14081485716533038 0.4371223984265433 0.606992273333831 0.25240194644582337 0.5610718271260786 5 5
0.14081485716533038 0.4371223984265433 0.606992273333831 0.25240194644582337 0.5610718271260786 5 5
0.14081485716533038 0.4371223984265433 0.606992273333831 0.25240194644582337 0.5610718271260786 5 5
0.2729178791753126 0.704399835337145 0.3908498047150363 0.028083916278976107 0.31327177825056607 4 5
0.4639293416066217 0.8044645321914045 0.5796223362644382 0.2843088619116291 0.8304170648974813 1 4
0.4639293416066217 0.8044645321914045 0.5796223362644382 0.2843088619116291 0.8304170648974813 1 4
0.4639293416066217 0.8044645321914045 0.5796223362644382 0.2843088619116291 0.8304170648974813 1 4
0.027150792663715007 0.5257649486722547 0.15864903919694606 0.20787998267359076 0.4589338348377334 2 5
0.027150792663715007 0.5257649486722547 0.15864903919694606 0.20787998267359076 0.4589338348377334 2 5
0.37078427522372004 0.2092313615205842 0.2617705410884622 0.33769455157122896 0.9330431013696522 8 8
0.5850673519188945 0.04634124769565717 0.5899723277550324 0.6951593457948916 0.8967018674369226 4 3
0.5850673519188945 0.04634124769565717 0.5899723277550324 0.6951593457948916 0.8967018674369226 4 3
0.4979092905441177 0.15739636348668629 0.8255310195181012 0.8914772253799702 0.5699309975149701 6 8
0.6916139308331855 0.803451391669902 0.6361042274891912 0.3553173431062566 0.8351843630337332 7 2
0.8993160363999305 0.4061238370272928 0.3320700572236912 0.5370629862437636 0.09453609006874308 6 1
0.23894272362230395 0.983607301793916 0.755794023241691 0.10338955226240043 0.221610673846116 6 3
0.13491091553976875 0.4524212840396302 0.4064557121103213 0.846054443817951 0.5124145499006414 4 1
0.14081485716533038 0.4371223984265433 0.606992273333831 0.25240194644582337 0.5610718271260786 5 5
0.14081485716533038 0.4371223984265433 0.606992273333831 0.25240194644582337 0.5610718271260786 5 5
0.14081485716533038 0.4371223984265433 0.606992273333831 0.25240194644582337 0.5610718271260786 5 5
0.2729178791753126 0.704399835337145 0.3908498047150363 0.028083916278976107 0.31327177825056607 4 5
0.4639293416066217 0.8044645321914045 0.5796223362644382 0.2843088619116291 0.8304170648974813 1 4
0.4639293416066217 0.8044645321914045 0.5796223362644382 0.2843088619116291 0.8304170648974813 1 4
0.4639293416066217 0.8044645321914045 0.5796223362644382 0.2843088619116291 0.8304170648974813 1 4
0.027150792663715007 0.5257649486722547 0.15864903919694606 0.20787998267359076 0.4589338348377334 2 5
0.027150792663715007 0.5257649486722547 0.15864903919694606 0.20787998267359076 0.4589338348377334 2 5
0.37078427522372004 0.2092313615205842 0.2617705410884622 0.33769455157122896 0.9330431013696522 8 8
0.37078427522372004 0.2092313615205842 0.2617705410884622 0.33769455157122896 0.9330431013696522 8 8
0.4979092905441177 0.15739636348668629 0.8255310195181012 0.8914772253799702 0.5699309975149701 6 8
0.5850673519188945 0.04634124769565717 0.5899723277550324 0.6951593457948916 0.8967018674369226 4 3
0.4979092905441177 0.15739636348668629 0.8255310195181012 0.8914772253799702 0.5699309975149701 6 8
0.6916139308331855 0.803451391669902 0.6361042274891912 0.3553173431062566 0.8351843630337332 7 2
0.14081485716533038 0.4371223984265433 0.606992273333831 0.25240194644582337 0.5610718271260786 5 5
0.14081485716533038 0.4371223984265433 0.606992273333831 0.25240194644582337 0.5610718271260786 5 5
0.14081485716533038 0.4371223984265433 0.606992273333831 0.25240194644582337 0.5610718271260786 5 5
0.14081485716533038 0.4371223984265433 0.606992273333831 0.25240194644582337 0.5610718271260786 5 5
0.14081485716533038 0.4371223984265433 0.606992273333831 0.25240194644582337 0.5610718271260786 5 5
0.14081485716533038 0.4371223984265433 0.606992273333831 0.25240194644582337 0.5610718271260786 5 5
0.4639293416066217 0.8044645321914045 0.5796223362644382 0.2843088619116291 0.8304170648974813 1 4
0.2565206901239331 0.9480171798654734 0.6293087294389927 0.6621645683122039 0.39232694123708167 8 4
0.4639293416066217 0.8044645321914045 0.5796223362644382 0.2843088619116291 0.8304170648974813 1 4
0.027150792663715007 0.5257649486722547 0.15864903919694606 0.20787998267359076 0.4589338348377334 2 5
0.027150792663715007 0.5257649486722547 0.15864903919694606 0.20787998267359076 0.4589338348377334 2 5
0.37078427522372004 0.2092313615205842 0.2617705410884622 0.33769455157122896 0.9330431013696522 8 8
0.5850673519188945 0.04634124769565717 0.5899723277550324 0.6951593457948916 0.8967018674369226 4 3
0.5850673519188945 0.04634124769565717 0.5899723277550324 0.6951593457948916 0.8967018674369226 4 3
0.4979092905441177 0.15739636348668629 0.8255310195181012 0.8914772253799702 0.5699309975149701 6 8
0.5850673519188945 0.04634124769565717 0.5899723277550324 0.6951593457948916 0.8967018674369226 4 3
0.8993160363999305 0.4061238370272928 0.3320700572236912 0.5370629862437636 0.09453609006874308 6 1
0.23894272362230395 0.983607301793916 0.755794023241691 0.10338955226240043 0.221610673846116 6 3
0.14081485716533038 0.4371223984265433 0.606992273333831 0.25240194644582337 0.5610718271260786 5 5
0.14081485716533038 0.4371223984265433 0.606992273333831 0.25240194644582337 0.5610718271260786 5 5
0.14081485716533038 0.4371223984265433 0.606992273333831 0.25240194644582337 0.5610718271260786 5 5
0.14081485716533038 0.4371223984265433 0.606992273333831 0.25240194644582337 0.5610718271260786 5 5
0.13491091553976875 0.4524212840396302 0.4064557121103213 0.846054443817951 0.5124145499006414 4 1
0.4639293416066217 0.8044645321914045 0.5796223362644382 0.2843088619116291 0.8304170648974813 1 4
0.2729178791753126 0.704399835337145 0.3908498047150363 0.028083916278976107 0.31327177825056607 4 5
0.4639293416066217 0.8044645321914045 0.5796223362644382 0.2843088619116291 0.8304170648974813 1 4
0.027150792663715007 0.5257649486722547 0.15864903919694606 0.20787998267359076 0.4589338348377334 2 5
0.2729178791753126 0.704399835337145 0.3908498047150363 0.028083916278976107 0.31327177825056607 4 5
0.37078427522372004 0.2092313615205842 0.2617705410884622 0.33769455157122896 0.9330431013696522 8 8
0.37078427522372004 0.2092313615205842 0.2617705410884622 0.33769455157122896 0.9330431013696522 8 8
0.5850673519188945 0.04634124769565717 0.5899723277550324 0.6951593457948916 0.8967018674369226 4 3
0.5850673519188945 0.04634124769565717 0.5899723277550324 0.6951593457948916 0.8967018674369226 4 3
0.6916139308331855 0.803451391669902 0.6361042274891912 0.3553173431062566 0.8351843630337332 7 2
0.8993160363999305 0.4061238370272928 0.3320700572236912 0.5370629862437636 0.09453609006874308 6 1
0.14081485716533038 0.4371223984265433 0.606992273333831 0.25240194644582337 0.5610718271260786 5 5
0.13491091553976875 0.4524212840396302 0.4064557121103213 0.846054443817951 0.5124145499006414 4 1
0.14081485716533038 0.4371223984265433 0.606992273333831 0.25240194644582337 0.5610718271260786 5 5
0.14081485716533038 0.4371223984265433 0.606992273333831 0.25240194644582337 0.5610718271260786 5 5
0.14081485716533038 0.4371223984265433 0.606992273333831 0.25240194644582337 0.5610718271260786 5 5
0.13491091553976875 0.4524212840396302 0.4064557121103213 0.846054443817951 0.5124145499006414 4 1
0.4639293416066217 0.8044645321914045 0.5796223362644382 0.2843088619116291 0.8304170648974813 1 4
0.2729178791753126 0.704399835337145 0.3908498047150363 0.028083916278976107 0.31327177825056607 4 5
0.4639293416066217 0.8044645321914045 0.5796223362644382 0.2843088619116291 0.8304170648974813 1 4
0.027150792663715007 0.5257649486722547 0.15864903919694606 0.20787998267359076 0.4589338348377334 2 5
0.2729178791753126 0.704399835337145 0.3908498047150363 0.028083916278976107 0.31327177825056607 4 5
0.37078427522372004 0.2092313615205842 0.2617705410884622 0.33769455157122896 0.9330431013696522 8 8
0.37078427522372004 0.2092313615205842 0.2617705410884622 0.33769455157122896 0.9330431013696522 8 8
0.5850673519188945 0.04634124769565717 0.5899723277550324 0.6951593457948916 0.8967018674369226 4 3
0.5850673519188945 0.04634124769565717 0.5899723277550324 0.6951593457948916 0.8967018674369226 4 3
0.6916139308331855 0.803451391669902 0.6361042274891912 0.3553173431062566 0.8351843630337332 7 2
0.8993160363999305 0.4061238370272928 0.3320700572236912 0.5370629862437636 0.09453609006874308 6 1
0.14081485716533038 0.4371223984265433 0.606992273333831 0.25240194644582337 0.5610718271260786 5 5
0.13491091553976875 0.4524212840396302 0.4064557121103213 0.846054443817951 0.5124145499006414 4 1
0.8993160363999305 0.4061238370272928 0.3320700572236912 0.5370629862437636 0.09453609006874308 6 1
0.977788533932394 0.30140028481532544 0.5993358011136 0.9413150793581269 0.6118061757325542 1 7
0.13491091553976875 0.4524212840396302 0.4064557121103213 0.846054443817951 0.5124145499006414 4 1
0.14081485716533038 0.4371223984265433 0.606992273333831 0.25240194644582337 0.5610718271260786 5 5
0.14081485716533038 0.4371223984265433 0.606992273333831 0.25240194644582337 0.5610718271260786 5 5
0.14081485716533038 0.4371223984265433 0.606992273333831 0.25240194644582337 0.5610718271260786 5 5
0.4639293416066217 0.8044645321914045 0.5796223362644382 0.2843088619116291 0.8304170648974813 1 4
0.027150792663715007 0.5257649486722547 0.15864903919694606 0.20787998267359076 0.4589338348377334 2 5
0.2729178791753126 0.704399835337145 0.3908498047150363 0.028083916278976107 0.31327177825056607 4 5
0.37078427522372004 0.2092313615205842 0.2617705410884622 0.33769455157122896 0.9330431013696522 8 8
0.5850673519188945 0.04634124769565717 0.5899723277550324 0.6951593457948916 0.8967018674369226 4 3
0.5850673519188945 0.04634124769565717 0.5899723277550324 0.6951593457948916 0.8967018674369226 4 3
0.5850673519188945 0.04634124769565717 0.5899723277550324 0.6951593457948916 0.8967018674369226 4 3
0.4979092905441177 0.15739636348668629 0.8255310195181012 0.8914772253799702 0.5699309975149701 6 8
0.8993160363999305 0.4061238370272928 0.3320700572236912 0.5370629862437636 0.09453609006874308 6 1
0.23894272362230395 0.983607301793916 0.755794023241691 0.10338955226240043 0.221610673846116 6 3
0.14081485716533038 0.4371223984265433 0.606992273333831 0.25240194644582337 0.5610718271260786 5 5
0.14081485716533038 0.4371223984265433 0.606992273333831 0.25240194644582337 0.5610718271260786 5 5
0.9401155762863087 0.19722966368746797 0.8745246031750129 0.11903850859152942 0.8380994621433413 7 3
0.4639293416066217 0.8044645321914045 0.5796223362644382 0.2843088619116291 0.8304170648974813 1 4
0.4639293416066217 0.8044645321914045 0.5796223362644382 0.2843088619116291 0.8304170648974813 1 4
0.4639293416066217 0.8044645321914045 0.5796223362644382 0.2843088619116291 0.8304170648974813 1 4
0.4639293416066217 0.8044645321914045 0.5796223362644382 0.2843088619116291 0.8304170648974813 1 4
0.027150792663715007 0.5257649486722547 0.15864903919694606 0.20787998267359076 0.4589338348377334 2 5
0.2729178791753126 0.704399835337145 0.3908498047150363 0.028083916278976107 0.31327177825056607 4 5
0.37078427522372004 0.2092313615205842 0.2617705410884622 0.33769455157122896 0.9330431013696522 8 8
0.37078427522372004 0.2092313615205842 0.2617705410884622 0.33769455157122896 0.9330431013696522 8 8
0.5850673519188945 0.04634124769565717 0.5899723277550324 0.6951593457948916 0.8967018674369226 4 3
0.5850673519188945 0.04634124769565717 0.5899723277550324 0.6951593457948916 0.8967018674369226 4 3
0.4979092905441177 0.15739636348668629 0.8255310195181012 0.8914772253799702 0.5699309975149701 6 8
0.8993160363999305 0.4061238370272928 0.3320700572236912 0.5370629862437636 0.09453609006874308 6 1
0.23894272362230395 0.983607301793916 0.755794023241691 0.10338955226240043 0.221610673846116 6 3
0.13491091553976875 0.4524212840396302 0.4064557121103213 0.846054443817951 0.5124145499006414 4 1
0.14081485716533038 0.4371223984265433 0.606992273333831 0.25240194644582337 0.5610718271260786 5 5
0.14081485716533038 0.4371223984265433 0.606992273333831 0.25240194644582337 0.5610718271260786 5 5
0.9401155762863087 0.19722966368746797 0.8745246031750129 0.11903850859152942 0.8380994621433413 7 3
0.977788533932394 0.30140028481532544 0.5993358011136 0.9413150793581269 0.6118061757325542 1 7
0.14081485716533038 0.4371223984265433 0.606992273333831 0.25240194644582337 0.5610718271260786 5 5
0.4639293416066217 0.8044645321914045 0.5796223362644382 0.2843088619116291 0.8304170648974813 1 4
0.4639293416066217 0.8044645321914045 0.5796223362644382 0.2843088619116291 0.8304170648974813 1 4
0.027150792663715007 0.5257649486722547 0.15864903919694606 0.20787998267359076 0.4589338348377334 2 5
0.027150792663715007 0.5257649486722547 0.15864903919694606 0.20787998267359076 0.4589338348377334 2 5
0.37078427522372004 0.2092313615205842 0.2617705410884622 0.33769455157122896 0.9330431013696522 8 8
0.37078427522372004 0.2092313615205842 0.2617705410884622 0.33769455157122896 0.9330431013696522 8 8
0.4979092905441177 0.15739636348668629 0.8255310195181012 0.8914772253799702 0.5699309975149701 6 8
0.5850673519188945 0.04634124769565717 0.5899723277550324 0.6951593457948916 0.8967018674369226 4 3
0.4979092905441177 0.15739636348668629 0.8255310195181012 0.8914772253799702 0.5699309975149701 6 8
0.8993160363999305 0.4061238370272928 0.3320700572236912 0.5370629862437636 0.09453609006874308 6 1
0.23894272362230395 0.983607301793916 0.755794023241691 0.10338955226240043 0.221610673846116 6 3
0.14081485716533038 0.4371223984265433 0.606992273333831 0.25240194644582337 0.5610718271260786 5 5
0.14081485716533038 0.4371223984265433 0.606992273333831 0.25240194644582337 0.5610718271260786 5 5
0.14081485716533038 0.4371223984265433 0.606992273333831 0.25240194644582337 0.5610718271260786 5 5
0.9401155762863087 0.19722966368746797 0.8745246031750129 0.11903850859152942 0.8380994621433413 7 3
0.14081485716533038 0.4371223984265433 0.606992273333831 0.25240194644582337 0.5610718271260786 5 5
0.14081485716533038 0.4371223984265433 0.606992273333831 0.25240194644582337 0.5610718271260786 5 5
0.4639293416066217 0.8044645321914045 0.5796223362644382 0.2843088619116291 0.8304170648974813 1 4
0.2729178791753126 0.704399835337145 0.3908498047150363 0.028083916278976107 0.31327177825056607 4 5
0.2729178791753126 0.704399835337145 0.3908498047150363 0.028083916278976107 0.31327177825056607 4 5
0.37078427522372004 0.2092313615205842 0.2617705410884622 0.33769455157122896 0.9330431013696522 8 8
0.37078427522372004 0.2092313615205842 0.2617705410884622 0.33769455157122896 0.9330431013696522 8 8
0.4979092905441177 0.15739636348668629 0.8255310195181012 0.8914772253799702 0.5699309975149701 6 8
0.5850673519188945 0.04634124769565717 0.5899723277550324 0.6951593457948916 0.8967018674369226 4 3
0.5850673519188945 0.04634124769565717 0.5899723277550324 0.6951593457948916 0.8967018674369226 4 3
0.14081485716533038 0.4371223984265433 0.606992273333831 0.25240194644582337 0.5610718271260786 5 5
0.23894272362230395 0.983607301793916 0.755794023241691 0.10338955226240043 0.221610673846116 6 3
0.14081485716533038 0.4371223984265433 0.606992273333831 0.25240194644582337 0.5610718271260786 5 5
0.14081485716533038 0.4371223984265433 0.606992273333831 0.25240194644582337 0.5610718271260786 5 5
0.14081485716533038 0.4371223984265433 0.606992273333831 0.25240194644582337 0.5610718271260786 5 5
0.14081485716533038 0.4371223984265433 0.606992273333831 0.25240194644582337 0.5610718271260786 5 5
0.9401155762863087 0.19722966368746797 0.8745246031750129 0.11903850859152942 0.8380994621433413 7 3
0.14081485716533038 0.4371223984265433 0.606992273333831 0.25240194644582337 0.5610718271260786 5 5
0.14081485716533038 0.4371223984265433 0.606992273333831 0.25240194644582337 0.5610718271260786 5 5
0.4639293416066217 0.8044645321914045 0.5796223362644382 0.2843088619116291 0.8304170648974813 1 4
0.2729178791753126 0.704399835337145 0.3908498047150363 0.028083916278976107 0.31327177825056607 4 5
0.2729178791753126 0.704399835337145 0.3908498047150363 0.028083916278976107 0.31327177825056607 4 5
0.37078427522372004 0.2092313615205842 0.2617705410884622 0.33769455157122896 0.9330431013696522 8 8
0.37078427522372004 0.2092313615205842 0.2617705410884622 0.33769455157122896 0.9330431013696522 8 8
0.4979092905441177 0.15739636348668629 0.8255310195181012 0.8914772253799702 0.5699309975149701 6 8
0.5850673519188945 0.04634124769565717 0.5899723277550324 0.6951593457948916 0.8967018674369226 4 3
0.5850673519188945 0.04634124769565717 0.5899723277550324 0.6951593457948916 0.8967018674369226 4 3
0.14081485716533038 0.4371223984265433 0.606992273333831 0.25240194644582337 0.5610718271260786 5 5
0.23894272362230395 0.983607301793916 0.755794023241691 0.10338955226240043 0.221610673846116 6 3
0.14081485716533038 0.4371223984265433 0.606992273333831 0.25240194644582337 0.5610718271260786 5 5
0.14081485716533038 0.4371223984265433 0.606992273333831 0.25240194644582337 0.5610718271260786 5 5
0.14081485716533038 0.4371223984265433 0.606992273333831 0.25240194644582337 0.5610718271260786 5 5
0.14081485716533038 0.4371223984265433 0.606992273333831 0.25240194644582337 0.5610718271260786 5 5
0.2729178791753126 0.704399835337145 0.3908498047150363 0.028083916278976107 0.31327177825056607 4 5
0.4639293416066217 0.8044645321914045 0.5796223362644382 0.2843088619116291 0.8304170648974813 1 4
0.14081485716533038 0.4371223984265433 0.606992273333831 0.25240194644582337 0.5610718271260786 5 5
0.4639293416066217 0.8044645321914045 0.5796223362644382 0.2843088619116291 0.8304170648974813 1 4
0.2729178791753126 0.704399835337145 0.3908498047150363 0.028083916278976107 0.31327177825056607 4 5
0.027150792663715007 0.5257649486722547 0.15864903919694606 0.20787998267359076 0.4589338348377334 2 5
0.37078427522372004 0.2092313615205842 0.2617705410884622 0.33769455157122896 0.9330431013696522 8 8
0.5850673519188945 0.04634124769565717 0.5899723277550324 0.6951593457948916 0.8967018674369226 4 3
0.5850673519188945 0.04634124769565717 0.5899723277550324 0.6951593457948916 0.8967018674369226 4 3
0.4979092905441177 0.15739636348668629 0.8255310195181012 0.8914772253799702 0.5699309975149701 6 8
0.6916139308331855 0.803451391669902 0.6361042274891912 0.3553173431062566 0.8351843630337332 7 2
0.8993160363999305 0.4061238370272928 0.3320700572236912 0.5370629862437636 0.09453609006874308 6 1
0.23894272362230395 0.983607301793916 0.755794023241691 0.10338955226240043 0.221610673846116 6 3
0.13491091553976875 0.4524212840396302 0.4064557121103213 0.846054443817951 0.5124145499006414 4 1
0.14081485716533038 0.4371223984265433 0.606992273333831 0.25240194644582337 0.5610718271260786 5 5
0.14081485716533038 0.4371223984265433 0.606992273333831 0.25240194644582337 0.5610718271260786 5 5
0.14081485716533038 0.4371223984265433 0.606992273333831 0.25240194644582337 0.5610718271260786 5 5
0.9401155762863087 0.19722966368746797 0.8745246031750129 0.11903850859152942 0.8380994621433413 7 3
0.14081485716533038 0.4371223984265433 0.606992273333831 0.25240194644582337 0.5610718271260786 5 5
0.2729178791753126 0.704399835337145 0.3908498047150363 0.028083916278976107 0.31327177825056607 4 5
0.4639293416066217 0.8044645321914045 0.5796223362644382 0.2843088619116291 0.8304170648974813 1 4
0.2729178791753126 0.704399835337145 0.3908498047150363 0.028083916278976107 0.31327177825056607 4 5
0.2729178791753126 0.704399835337145 0.3908498047150363 0.028083916278976107 0.31327177825056607 4 5
0.37078427522372004 0.2092313615205842 0.2617705410884622 0.33769455157122896 0.9330431013696522 8 8
0.37078427522372004 0.2092313615205842 0.2617705410884622 0.33769455157122896 0.9330431013696522 8 8
0.4979092905441177 0.15739636348668629 0.8255310195181012 0.8914772253799702 0.5699309975149701 6 8
0.5850673519188945 0.04634124769565717 0.5899723277550324 0.6951593457948916 0.8967018674369226 4 3
0.5850673519188945 0.04634124769565717 0.5899723277550324 0.6951593457948916 0.8967018674369226 4 3
0.14081485716533038 0.4371223984265433 0.606992273333831 0.25240194644582337 0.5610718271260786 5 5
0.23894272362230395 0.983607301793916 0.755794023241691 0.10338955226240043 0.221610673846116 6 3
0.46634848000465945 0.1403531458656435 0.8220349573251549 0.3721164281734989 0.9906004443039665 1 7
0.13491091553976875 0.4524212840396302 0.4064557121103213 0.846054443817951 0.5124145499006414 4 1
0.14081485716533038 0.4371223984265433 0.606992273333831 0.25240194644582337 0.5610718271260786 5 5
0.9401155762863087 0.19722966368746797 0.8745246031750129 0.11903850859152942 0.8380994621433413 7 3
0.977788533932394 0.30140028481532544 0.5993358011136 0.9413150793581269 0.6118061757325542 1 7
0.14081485716533038 0.4371223984265433 0.606992273333831 0.25240194644582337 0.5610718271260786 5 5
0.14081485716533038 0.4371223984265433 0.606992273333831 0.25240194644582337 0.5610718271260786 5 5
0.4639293416066217 0.8044645321914045 0.5796223362644382 0.2843088619116291 0.8304170648974813 1 4
0.2729178791753126 0.704399835337145 0.3908498047150363 0.028083916278976107 0.31327177825056607 4 5
0.027150792663715007 0.5257649486722547 0.15864903919694606 0.20787998267359076 0.4589338348377334 2 5
0.37078427522372004 0.2092313615205842 0.2617705410884622 0.33769455157122896 0.9330431013696522 8 8
0.37078427522372004 0.2092313615205842 0.2617705410884622 0.33769455157122896 0.9330431013696522 8 8
0.5850673519188945 0.04634124769565717 0.5899723277550324 0.6951593457948916 0.8967018674369226 4 3
0.5850673519188945 0.04634124769565717 0.5899723277550324 0.6951593457948916 0.8967018674369226 4 3
0.5850673519188945 0.04634124769565717 0.5899723277550324 0.6951593457948916 0.8967018674369226 4 3
0.6916139308331855 0.803451391669902 0.6361042274891912 0.3553173431062566 0.8351843630337332 7 2
0.23894272362230395 0.983607301793916 0.755794023241691 0.10338955226240043 0.221610673846116 6 3
0.46634848000465945 0.1403531458656435 0.8220349573251549 0.3721164281734989 0.9906004443039665 1 7
0.13491091553976875 0.4524212840396302 0.4064557121103213 0.846054443817951 0.5124145499006414 4 1
0.14081485716533038 0.4371223984265433 0.606992273333831 0.25240194644582337 0.5610718271260786 5 5
0.9401155762863087 0.19722966368746797 0.8745246031750129 0.11903850859152942 0.8380994621433413 7 3
0.4639293416066217 0.8044645321914045 0.5796223362644382 0.2843088619116291 0.8304170648974813 1 4
0.14081485716533038 0.4371223984265433 0.606992273333831 0.25240194644582337 0.5610718271260786 5 5
0.4639293416066217 0.8044645321914045 0.5796223362644382 0.2843088619116291 0.8304170648974813 1 4
0.4639293416066217 0.8044645321914045 0.5796223362644382 0.2843088619116291 0.8304170648974813 1 4
0.027150792663715007 0.5257649486722547 0.15864903919694606 0.20787998267359076 0.4589338348377334 2 5
0.027150792663715007 0.5257649486722547 0.15864903919694606 0.20787998267359076 0.4589338348377334 2 5
0.37078427522372004 0.2092313615205842 0.2617705410884622 0.33769455157122896 0.9330431013696522 8 8
0.4979092905441177 0.15739636348668629 0.8255310195181012 0.8914772253799702 0.5699309975149701 6 8
0.5850673519188945 0.04634124769565717 0.5899723277550324 0.6951593457948916 0.8967018674369226 4 3
0.4979092905441177 0.15739636348668629 0.8255310195181012 0.8914772253799702 0.5699309975149701 6 8
0.6916139308331855 0.803451391669902 0.6361042274891912 0.3553173431062566 0.8351843630337332 7 2
0.8993160363999305 0.4061238370272928 0.3320700572236912 0.5370629862437636 0.09453609006874308 6 1
0.23894272362230395 0.983607301793916 0.755794023241691 0.10338955226240043 0.221610673846116 6 3
0.18909528037002798 0.6027671298460527 0.6195755118746494 0.9506943948914789 0.44083715479748975 5 8
0.14081485716533038 0.4371223984265433 0.606992273333831 0.25240194644582337 0.5610718271260786 5 5
0.14081485716533038 0.4371223984265433 0.606992273333831 0.25240194644582337 0.5610718271260786 5 5
0.9401155762863087 0.19722966368746797 0.8745246031750129 0.11903850859152942 0.8380994621433413 7 3
0.4639293416066217 0.8044645321914045 0.5796223362644382 0.2843088619116291 0.8304170648974813 1 4
0.4639293416066217 0.8044645321914045 0.5796223362644382 0.2843088619116291 0.8304170648974813 1 4
0.4639293416066217 0.8044645321914045 0.5796223362644382 0.2843088619116291 0.8304170648974813 1 4
0.4639293416066217 0.8044645321914045 0.5796223362644382 0.2843088619116291 0.8304170648974813 1 4
0.027150792663715007 0.5257649486722547 0.15864903919694606 0.20787998267359076 0.4589338348377334 2 5
0.027150792663715007 0.5257649486722547 0.15864903919694606 0.20787998267359076 0.4589338348377334 2 5
0.37078427522372004 0.2092313615205842 0.2617705410884622 0.33769455157122896 0.9330431013696522 8 8
0.4979092905441177 0.15739636348668629 0.8255310195181012 0.8914772253799702 0.5699309975149701 6 8
0.5850673519188945 0.04634124769565717 0.5899723277550324 0.6951593457948916 0.8967018674369226 4 3
0.4979092905441177 0.15739636348668629 0.8255310195181012 0.8914772253799702 0.5699309975149701 6 8
0.4979092905441177 0.15739636348668629 0.8255310195181012 0.8914772253799702 0.5699309975149701 6 8
0.8993160363999305 0.4061238370272928 0.3320700572236912 0.5370629862437636 0.09453609006874308 6 1
0.23894272362230395 0.983607301793916 0.755794023241691 0.10338955226240043 0.221610673846116 6 3
0.13491091553976875 0.4524212840396302 0.4064557121103213 0.846054443817951 0.5124145499006414 4 1
0.14081485716533038 0.4371223984265433 0.606992273333831 0.25240194644582337 0.5610718271260786 5 5
0.14081485716533038 0.4371223984265433 0.606992273333831 0.25240194644582337 0.5610718271260786 5 5
0.9401155762863087 0.19722966368746797 0.8745246031750129 0.11903850859152942 0.8380994621433413 7 3
0.4639293416066217 0.8044645321914045 0.5796223362644382 0.2843088619116291 0.8304170648974813 1 4
0.4639293416066217 0.8044645321914045 0.5796223362644382 0.2843088619116291 0.8304170648974813 1 4
0.4639293416066217 0.8044645321914045 0.5796223362644382 0.2843088619116291 0.8304170648974813 1 4
0.4639293416066217 0.8044645321914045 0.5796223362644382 0.2843088619116291 0.8304170648974813 1 4
0.027150792663715007 0.5257649486722547 0.15864903919694606 0.20787998267359076 0.4589338348377334 2 5
0.027150792663715007 0.5257649486722547 0.15864903919694606 0.20787998267359076 0.4589338348377334 2 5
0.37078427522372004 0.2092313615205842 0.2617705410884622 0.33769455157122896 0.9330431013696522 8 8
0.37078427522372004 0.2092313615205842 0.2617705410884622 0.33769455157122896 0.9330431013696522 8 8
0.5850673519188945 0.04634124769565717 0.5899723277550324 0.6951593457948916 0.8967018674369226 4 3
0.6916139308331855 0.803451391669902 0.6361042274891912 0.3553173431062566 0.8351843630337332 7 2
0.4979092905441177 0.15739636348668629 0.8255310195181012 0.8914772253799702 0.5699309975149701 6 8
0.8993160363999305 0.4061238370272928 0.3320700572236912 0.5370629862437636 0.09453609006874308 6 1
0.23894272362230395 0.983607301793916 0.755794023241691 0.10338955226240043 0.221610673846116 6 3
0.13491091553976875 0.4524212840396302 0.4064557121103213 0.846054443817951 0.5124145499006414 4 1
0.14081485716533038 0.4371223984265433 0.606992273333831 0.25240194644582337 0.5610718271260786 5 5
0.14081485716533038 0.4371223984265433 0.606992273333831 0.25240194644582337 0.5610718271260786 5 5
0.9401155762863087 0.19722966368746797 0.8745246031750129 0.11903850859152942 0.8380994621433413 7 3
0.4639293416066217 0.8044645321914045 0.5796223362644382 0.2843088619116291 0.8304170648974813 1 4
0.4639293416066217 0.8044645321914045 0.5796223362644382 0.2843088619116291 0.8304170648974813 1 4
0.4639293416066217 0.8044645321914045 0.5796223362644382 0.2843088619116291 0.8304170648974813 1 4
0.4639293416066217 0.8044645321914045 0.5796223362644382 0.2843088619116291 0.8304170648974813 1 4
0.027150792663715007 0.5257649486722547 0.15864903919694606 0.20787998267359076 0.4589338348377334 2 5
0.027150792663715007 0.5257649486722547 0.15864903919694606 0.20787998267359076 0.4589338348377334 2 5
0.37078427522372004 0.2092313615205842 0.2617705410884622 0.33769455157122896 0.9330431013696522 8 8
0.5850673519188945 0.04634124769565717 0.5899723277550324 0.6951593457948916 0.8967018674369226 4 3
0.5850673519188945 0.04634124769565717 0.5899723277550324 0.6951593457948916 0.8967018674369226 4 3
0.4979092905441177 0.15739636348668629 0.8255310195181012 0.8914772253799702 0.5699309975149701 6 8
0.6916139308331855 0.803451391669902 0.6361042274891912 0.3553173431062566 0.8351843630337332 7 2
0.8993160363999305 0.4061238370272928 0.3320700572236912 0.5370629862437636 0.09453609006874308 6 1
0.23894272362230395 0.983607301793916 0.755794023241691 0.10338955226240043 0.221610673846116 6 3
0.13491091553976875 0.4524212840396302 0.4064557121103213 0.846054443817951 0.5124145499006414 4 1
0.13491091553976875 0.4524212840396302 0.4064557121103213 0.846054443817951 0.5124145499006414 4 1
0.14081485716533038 0.4371223984265433 0.606992273333831 0.25240194644582337 0.5610718271260786 5 5
0.9401155762863087 0.19722966368746797 0.8745246031750129 0.11903850859152942 0.8380994621433413 7 3
0.2729178791753126 0.704399835337145 0.3908498047150363 0.028083916278976107 0.31327177825056607 4 5
0.4639293416066217 0.8044645321914045 0.5796223362644382 0.2843088619116291 0.8304170648974813 1 4
0.14081485716533038 0.4371223984265433 0.606992273333831 0.25240194644582337 0.5610718271260786 5 5
0.4639293416066217 0.8044645321914045 0.5796223362644382 0.2843088619116291 0.8304170648974813 1 4
0.027150792663715007 0.5257649486722547 0.15864903919694606 0.20787998267359076 0.4589338348377334 2 5
0.027150792663715007 0.5257649486722547 0.15864903919694606 0.20787998267359076 0.4589338348377334 2 5
0.37078427522372004 0.2092313615205842 0.2617705410884622 0.33769455157122896 0.9330431013696522 8 8
0.37078427522372004 0.2092313615205842 0.2617705410884622 0.33769455157122896 0.9330431013696522 8 8
0.5850673519188945 0.04634124769565717 0.5899723277550324 0.6951593457948916 0.8967018674369226 4 3
0.5850673519188945 0.04634124769565717 0.5899723277550324 0.6951593457948916 0.8967018674369226 4 3
0.5850673519188945 0.04634124769565717 0.5899723277550324 0.6951593457948916 0.8967018674369226 4 3
0.6916139308331855 0.803451391669902 0.6361042274891912 0.3553173431062566 0.8351843630337332 7 2
0.23894272362230395 0.983607301793916 0.755794023241691 0.10338955226240043 0.221610673846116 6 3
0.14081485716533038 0.4371223984265433 0.606992273333831 0.25240194644582337 0.5610718271260786 5 5
0.13491091553976875 0.4524212840396302 0.4064557121103213 0.846054443817951 0.5124145499006414 4 1
0.14081485716533038 0.4371223984265433 0.606992273333831 0.25240194644582337 0.5610718271260786 5 5
0.9401155762863087 0.19722966368746797 0.8745246031750129 0.11903850859152942 0.8380994621433413 7 3
0.2729178791753126 0.704399835337145 0.3908498047150363 0.028083916278976107 0.31327177825056607 4 5
0.4639293416066217 0.8044645321914045 0.5796223362644382 0.2843088619116291 0.8304170648974813 1 4
0.14081485716533038 0.4371223984265433 0.606992273333831 0.25240194644582337 0.5610718271260786 5 5
0.4639293416066217 0.8044645321914045 0.5796223362644382 0.2843088619116291 0.8304170648974813 1 4
0.027150792663715007 0.5257649486722547 0.15864903919694606 0.20787998267359076 0.4589338348377334 2 5
0.027150792663715007 0.5257649486722547 0.15864903919694606 0.20787998267359076 0.4589338348377334 2 5
0.37078427522372004 0.2092313615205842 0.2617705410884622 0.33769455157122896 0.9330431013696522 8 8
0.37078427522372004 0.2092313615205842 0.2617705410884622 0.33769455157122896 0.9330431013696522 8 8
0.5850673519188945 0.04634124769565717 0.5899723277550324 0.6951593457948916 0.8967018674369226 4 3
0.5850673519188945 0.04634124769565717 0.5899723277550324 0.6951593457948916 0.8967018674369226 4 3
0.5850673519188945 0.04634124769565717 0.5899723277550324 0.6951593457948916 0.8967018674369226 4 3
0.6916139308331855 0.803451391669902 0.6361042274891912 0.3553173431062566 0.8351843630337332 7 2
0.23894272362230395 0.983607301793916 0.755794023241691 0.10338955226240043 0.221610673846116 6 3
0.14081485716533038 0.4371223984265433 0.606992273333831 0.25240194644582337 0.5610718271260786 5 5
0.13491091553976875 0.4524212840396302 0.4064557121103213 0.846054443817951 0.5124145499006414 4 1
0.14081485716533038 0.4371223984265433 0.606992273333831 0.25240194644582337 0.5610718271260786 5 5
0.14081485716533038 0.4371223984265433 0.606992273333831 0.25240194644582337 0.5610718271260786 5 5
0.9401155762863087 0.19722966368746797 0.8745246031750129 0.11903850859152942 0.8380994621433413 7 3
0.4639293416066217 0.8044645321914045 0.5796223362644382 0.2843088619116291 0.8304170648974813 1 4
0.4639293416066217 0.8044645321914045 0.5796223362644382 0.2843088619116291 0.8304170648974813 1 4
0.4639293416066217 0.8044645321914045 0.5796223362644382 0.2843088619116291 0.8304170648974813 1 4
0.027150792663715007 0.5257649486722547 0.15864903919694606 0.20787998267359076 0.4589338348377334 2 5
0.027150792663715007 0.5257649486722547 0.15864903919694606 0.20787998267359076 0.4589338348377334 2 5
0.37078427522372004 0.2092313615205842 0.2617705410884622 0.33769455157122896 0.9330431013696522 8 8
0.5850673519188945 0.04634124769565717 0.5899723277550324 0.6951593457948916 0.8967018674369226 4 3
0.5850673519188945 0.04634124769565717 0.5899723277550324 0.6951593457948916 0.8967018674369226 4 3
0.6916139308331855 0.803451391669902 0.6361042274891912 0.3553173431062566 0.8351843630337332 7 2
0.6916139308331855 0.803451391669902 0.6361042274891912 0.3553173431062566 0.8351843630337332 7 2
0.14081485716533038 0.4371223984265433 0.606992273333831 0.25240194644582337 0.5610718271260786 5 5
0.8993160363999305 0.4061238370272928 0.3320700572236912 0.5370629862437636 0.09453609006874308 6 1
0.14081485716533038 0.4371223984265433 0.606992273333831 0.25240194644582337 0.5610718271260786 5 5
0.13491091553976875 0.4524212840396302 0.4064557121103213 0.846054443817951 0.5124145499006414 4 1
0.14081485716533038 0.4371223984265433 0.606992273333831 0.25240194644582337 0.5610718271260786 5 5
0.14081485716533038 0.4371223984265433 0.606992273333831 0.25240194644582337 0.5610718271260786 5 5
0.9401155762863087 0.19722966368746797 0.8745246031750129 0.11903850859152942 0.8380994621433413 7 3
0.4639293416066217 0.8044645321914045 0.5796223362644382 0.2843088619116291 0.8304170648974813 1 4
0.4639293416066217 0.8044645321914045 0.5796223362644382 0.2843088619116291 0.8304170648974813 1 4
0.4639293416066217 0.8044645321914045 0.5796223362644382 0.2843088619116291 0.8304170648974813 1 4
0.2729178791753126 0.704399835337145 0.3908498047150363 0.028083916278976107 0.31327177825056607 4 5
0.027150792663715007 0.5257649486722547 0.15864903919694606 0.20787998267359076 0.4589338348377334 2 5
0.37078427522372004 0.2092313615205842 0.2617705410884622 0.33769455157122896 0.9330431013696522 8 8
0.5850673519188945 0.04634124769565717 0.5899723277550324 0.6951593457948916 0.8967018674369226 4 3
0.4979092905441177 0.15739636348668629 0.8255310195181012 0.8914772253799702 0.5699309975149701 6 8
0.5850673519188945 0.04634124769565717 0.5899723277550324 0.6951593457948916 0.8967018674369226 4 3
0.5850673519188945 0.04634124769565717 0.5899723277550324 0.6951593457948916 0.8967018674369226 4 3
0.6916139308331855 0.803451391669902 0.6361042274891912 0.3553173431062566 0.8351843630337332 7 2
0.23894272362230395 0.983607301793916 0.755794023241691 0.10338955226240043 0.221610673846116 6 3
0.14081485716533038 0.4371223984265433 0.606992273333831 0.25240194644582337 0.5610718271260786 5 5
0.14081485716533038 0.4371223984265433 0.606992273333831 0.25240194644582337 0.5610718271260786 5 5
0.14081485716533038 0.4371223984265433 0.606992273333831 0.25240194644582337 0.5610718271260786 5 5
0.9401155762863087 0.19722966368746797 0.8745246031750129 0.11903850859152942 0.8380994621433413 7 3
0.4639293416066217 0.8044645321914045 0.5796223362644382 0.2843088619116291 0.8304170648974813 1 4
0.4639293416066217 0.8044645321914045 0.5796223362644382 0.2843088619116291 0.8304170648974813 1 4
0.4639293416066217 0.8044645321914045 0.5796223362644382 0.2843088619116291 0.8304170648974813 1 4
0.4639293416066217 0.8044645321914045 0.5796223362644382 0.2843088619116291 0.8304170648974813 1 4
0.027150792663715007 0.5257649486722547 0.15864903919694606 0.20787998267359076 0.4589338348377334 2 5
0.027150792663715007 0.5257649486722547 0.15864903919694606 0.20787998267359076 0.4589338348377334 2 5
0.37078427522372004 0.2092313615205842 0.2617705410884622 0.33769455157122896 0.9330431013696522 8 8
0.5850673519188945 0.04634124769565717 0.5899723277550324 0.6951593457948916 0.8967018674369226 4 3
0.5850673519188945 0.04634124769565717 0.5899723277550324 0.6951593457948916 0.8967018674369226 4 3
0.4979092905441177 0.15739636348668629 0.8255310195181012 0.8914772253799702 0.5699309975149701 6 8
0.6916139308331855 0.803451391669902 0.6361042274891912 0.3553173431062566 0.8351843630337332 7 2
0.8993160363999305 0.4061238370272928 0.3320700572236912 0.5370629862437636 0.09453609006874308 6 1
0.23894272362230395 0.983607301793916 0.755794023241691 0.10338955226240043 0.221610673846116 6 3
0.13491091553976875 0.4524212840396302 0.4064557121103213 0.846054443817951 0.5124145499006414 4 1
0.14081485716533038 0.4371223984265433 0.606992273333831 0.25240194644582337 0.5610718271260786 5 5
0.14081485716533038 0.4371223984265433 0.606992273333831 0.25240194644582337 0.5610718271260786 5 5
0.14081485716533038 0.4371223984265433 0.606992273333831 0.25240194644582337 0.5610718271260786 5 5
0.4639293416066217 0.8044645321914045 0.5796223362644382 0.2843088619116291 0.8304170648974813 1 4
0.4639293416066217 0.8044645321914045 0.5796223362644382 0.2843088619116291 0.8304170648974813 1 4
0.4639293416066217 0.8044645321914045 0.5796223362644382 0.2843088619116291 0.8304170648974813 1 4
0.4639293416066217 0.8044645321914045 0.5796223362644382 0.2843088619116291 0.8304170648974813 1 4
0.027150792663715007 0.5257649486722547 0.15864903919694606 0.20787998267359076 0.4589338348377334 2 5
0.027150792663715007 0.5257649486722547 0.15864903919694606 0.20787998267359076 0.4589338348377334 2 5
0.37078427522372004 0.2092313615205842 0.2617705410884622 0.33769455157122896 0.9330431013696522 8 8
0.4979092905441177 0.15739636348668629 0.8255310195181012 0.8914772253799702 0.5699309975149701 6 8
0.4979092905441177 0.15739636348668629 0.8255310195181012 0.8914772253799702 0.5699309975149701 6 8
0.4979092905441177 0.15739636348668629 0.8255310195181012 0.8914772253799702 0.5699309975149701 6 8
0.4979092905441177 0.15739636348668629 0.8255310195181012 0.8914772253799702 0.5699309975149701 6 8
0.6916139308331855 0.803451391669902 0.6361042274891912 0.3553173431062566 0.8351843630337332 7 2
0.14081485716533038 0.4371223984265433 0.606992273333831 0.25240194644582337 0.5610718271260786 5 5
0.14081485716533038 0.4371223984265433 0.606992273333831 0.25240194644582337 0.5610718271260786 5 5
