population 0 fitness 1.001113586744275 years 29.0 length 15
population 1 fitness 1.001113586744275 years 29.0 length 14
population 2 fitness 1.0011533576994276 years 28.0 length 15
population 3 fitness 1.0011533576994276 years 28.0 length 15
population 4 fitness 1.0011960746512583 years 27.0 length 14
population 5 fitness 1.0011960746512583 years 27.0 length 16
population 6 fitness 1.0011155593038372 years 26.0 length 16
population 7 fitness 1.0011155593038372 years 26.0 length 15
population 8 fitness 1.0011601816759907 years 25.0 length 16
population 9 fitness 1.0011601816759907 years 25.0 length 15
population 10 fitness 1.001208522579157 years 24.0 length 16
population 11 fitness 1.001208522579157 years 24.0 length 15
population 12 fitness 1.0012610670391202 years 23.0 length 16
population 13 fitness 1.0012610670391202 years 23.0 length 16
population 14 fitness 1.001318388268171 years 22.0 length 16
population 15 fitness 1.001318388268171 years 22.0 length 16
population 16 fitness 1.0013811686618936 years 21.0 length 15
population 17 fitness 1.0013811686618936 years 21.0 length 15
population 18 fitness 1.0014502270949883 years 20.0 length 15
population 19 fitness 1.0015265548368297 years 19.0 length 14
population 20 fitness 1.0015265548368297 years 19.0 length 15
population 21 fitness 1.001611363438876 years 18.0 length 16
population 22 fitness 1.001611363438876 years 18.0 length 16
population 23 fitness 1.0017061495235156 years 17.0 length 16
population 24 fitness 1.0015033779281413 years 16.0 length 14
population 25 fitness 1.0016036031233506 years 15.0 length 15
population 26 fitness 1.0016036031233506 years 15.0 length 15
population 27 fitness 1.00171814620359 years 14.0 length 15
population 28 fitness 1.00171814620359 years 14.0 length 15
population 29 fitness 1.0020045039041883 years 12.0 length 15
population 30 fitness 1.0019402884059563 years 10.0 length 16
population 31 fitness 1.0019402884059563 years 10.0 length 15
population 32 fitness 1.0017235370528783 years 9.0 length 16
population 33 fitness 1.0017235370528783 years 9.0 length 15
population 34 fitness 1.0019389791844882 years 8.0 length 16
population 35 fitness 1.0019389791844882 years 8.0 length 15
population 36 fitness 1.0022159762108436 years 7.0 length 16
population 37 fitness 1.0022159762108436 years 7.0 length 15
population 38 fitness 1.0019047619047619 years 5.0 length 16
population 39 fitness 1.0019047619047619 years 5.0 length 16

0.03811437320002631 0.2012813557736659 0.5081332395305369 0.42811164814222746 0.1271721521842637 8 1
0.5013543363235468 0.026453590543180305 0.6510517232831929 0.20590376798011334 0.8937158678811314 8 8
0.7608111508579481 0.02419768272910927 0.5987807465843723 0.8293640684505725 0.8519347360850185 1 1
0.7608111508579481 0.02419768272910927 0.5987807465843723 0.8293640684505725 0.8519347360850185 1 1
0.8680778125824957 0.6626671510015567 0.3468232016406272 0.9575218572197942 0.1668645755439453 1 5
0.6203431797373938 0.5491255071438453 0.23369028712039297 0.48104597542285765 0.6007459880689133 7 8
0.11646902759699373 0.19668807099577879 0.7530093574064342 0.7352061898056782 0.7062592760601266 5 5
0.3583504510235017 0.5227419445543147 0.6509729675668048 0.4863624351810537 0.6165839537881693 6 8
0.03432654437911875 0.015412686280893984 0.9462534638528585 0.08382517899031572 0.19993253379310916 6 5
0.11646902759699373 0.19668807099577879 0.7530093574064342 0.7352061898056782 0.7062592760601266 5 5
0.11646902759699373 0.19668807099577879 0.7530093574064342 0.7352061898056782 0.7062592760601266 5 5
0.1553913724828142 0.711713789273383 0.2513451211628226 0.30446322969684547 0.3393065401630172 2 5
0.03811437320002631 0.2012813557736659 0.5081332395305369 0.42811164814222746 0.1271721521842637 8 1
0.1553913724828142 0.711713789273383 0.2513451211628226 0.30446322969684547 0.3393065401630172 2 5
0.03811437320002631 0.2012813557736659 0.5081332395305369 0.42811164814222746 0.1271721521842637 8 1
0.03811437320002631 0.2012813557736659 0.5081332395305369 0.42811164814222746 0.1271721521842637 8 1
0.7608111508579481 0.02419768272910927 0.5987807465843723 0.8293640684505725 0.8519347360850185 1 1
0.7608111508579481 0.02419768272910927 0.5987807465843723 0.8293640684505725 0.8519347360850185 1 1
0.8680778125824957 0.6626671510015567 0.3468232016406272 0.9575218572197942 0.1668645755439453 1 5
0.6203431797373938 0.5491255071438453 0.23369028712039297 0.48104597542285765 0.6007459880689133 7 8
0.11646902759699373 0.19668807099577879 0.7530093574064342 0.7352061898056782 0.7062592760601266 5 5
0.3583504510235017 0.5227419445543147 0.6509729675668048 0.4863624351810537 0.6165839537881693 6 8
0.03432654437911875 0.015412686280893984 0.9462534638528585 0.08382517899031572 0.19993253379310916 6 5
0.1553913724828142 0.711713789273383 0.2513451211628226 0.30446322969684547 0.3393065401630172 2 5
0.1553913724828142 0.711713789273383 0.2513451211628226 0.30446322969684547 0.3393065401630172 2 5
0.13727597581630047 0.16963258161929584 0.7435412363774906 0.3418795247973049 0.7878514205745405 6 6
0.1553913724828142 0.711713789273383 0.2513451211628226 0.30446322969684547 0.3393065401630172 2 5
0.1553913724828142 0.711713789273383 0.2513451211628226 0.30446322969684547 0.3393065401630172 2 5
0.2428889457244725 0.9967406991747111 0.980433203738042 0.8075992958699736 0.9188995262330804 5 4
0.03811437320002631 0.2012813557736659 0.5081332395305369 0.42811164814222746 0.1271721521842637 8 1
0.5013543363235468 0.026453590543180305 0.6510517232831929 0.20590376798011334 0.8937158678811314 8 8
0.7608111508579481 0.02419768272910927 0.5987807465843723 0.8293640684505725 0.8519347360850185 1 1
0.7608111508579481 0.02419768272910927 0.5987807465843723 0.8293640684505725 0.8519347360850185 1 1
0.8680778125824957 0.6626671510015567 0.3468232016406272 0.9575218572197942 0.1668645755439453 1 5
0.3583504510235017 0.5227419445543147 0.6509729675668048 0.4863624351810537 0.6165839537881693 6 8
0.3583504510235017 0.5227419445543147 0.6509729675668048 0.4863624351810537 0.6165839537881693 6 8
0.3583504510235017 0.5227419445543147 0.6509729675668048 0.4863624351810537 0.6165839537881693 6 8
0.03432654437911875 0.015412686280893984 0.9462534638528585 0.08382517899031572 0.19993253379310916 6 5
0.11646902759699373 0.19668807099577879 0.7530093574064342 0.7352061898056782 0.7062592760601266 5 5
0.11646902759699373 0.19668807099577879 0.7530093574064342 0.7352061898056782 0.7062592760601266 5 5
0.1553913724828142 0.711713789273383 0.2513451211628226 0.30446322969684547 0.3393065401630172 2 5
0.902748001542436 0.12979467302073788 0.1812818365076767 0.20491238480526275 0.3600749482384161 5 5
0.03811437320002631 0.2012813557736659 0.5081332395305369 0.42811164814222746 0.1271721521842637 8 1
0.11508369027025656 0.9783761711828645 0.6698983818884288 0.48684475640756997 0.33918888241310274 6 4
0.5477084577928596 0.70168354152727 0.4147963518494733 0.4607304963955151 0.7657383938046449 1 1
0.5013543363235468 0.026453590543180305 0.6510517232831929 0.20590376798011334 0.8937158678811314 8 8
0.5013543363235468 0.026453590543180305 0.6510517232831929 0.20590376798011334 0.8937158678811314 8 8
0.7608111508579481 0.02419768272910927 0.5987807465843723 0.8293640684505725 0.8519347360850185 1 1
0.8103086028265556 0.8438393933070726 0.7782017754322739 0.629800242830549 0.13073172111105402 4 6
0.6203431797373938 0.5491255071438453 0.23369028712039297 0.48104597542285765 0.6007459880689133 7 8
0.8680778125824957 0.6626671510015567 0.3468232016406272 0.9575218572197942 0.1668645755439453 1 5
0.3583504510235017 0.5227419445543147 0.6509729675668048 0.4863624351810537 0.6165839537881693 6 8
0.3583504510235017 0.5227419445543147 0.6509729675668048 0.4863624351810537 0.6165839537881693 6 8
0.11646902759699373 0.19668807099577879 0.7530093574064342 0.7352061898056782 0.7062592760601266 5 5
0.1553913724828142 0.711713789273383 0.2513451211628226 0.30446322969684547 0.3393065401630172 2 5
0.13727597581630047 0.16963258161929584 0.7435412363774906 0.3418795247973049 0.7878514205745405 6 6
0.03811437320002631 0.2012813557736659 0.5081332395305369 0.42811164814222746 0.1271721521842637 8 1
0.1553913724828142 0.711713789273383 0.2513451211628226 0.30446322969684547 0.3393065401630172 2 5
0.11508369027025656 0.9783761711828645 0.6698983818884288 0.48684475640756997 0.33918888241310274 6 4
0.03811437320002631 0.2012813557736659 0.5081332395305369 0.42811164814222746 0.1271721521842637 8 1
0.7608111508579481 0.02419768272910927 0.5987807465843723 0.8293640684505725 0.8519347360850185 1 1
0.7608111508579481 0.02419768272910927 0.5987807465843723 0.8293640684505725 0.8519347360850185 1 1
0.8680778125824957 0.6626671510015567 0.3468232016406272 0.9575218572197942 0.1668645755439453 1 5
0.3583504510235017 0.5227419445543147 0.6509729675668048 0.4863624351810537 0.6165839537881693 6 8
0.3583504510235017 0.5227419445543147 0.6509729675668048 0.4863624351810537 0.6165839537881693 6 8
0.3583504510235017 0.5227419445543147 0.6509729675668048 0.4863624351810537 0.6165839537881693 6 8
0.11646902759699373 0.19668807099577879 0.7530093574064342 0.7352061898056782 0.7062592760601266 5 5
0.11646902759699373 0.19668807099577879 0.7530093574064342 0.7352061898056782 0.7062592760601266 5 5
0.1553913724828142 0.711713789273383 0.2513451211628226 0.30446322969684547 0.3393065401630172 2 5
0.03811437320002631 0.2012813557736659 0.5081332395305369 0.42811164814222746 0.1271721521842637 8 1
0.03811437320002631 0.2012813557736659 0.5081332395305369 0.42811164814222746 0.1271721521842637 8 1
0.03811437320002631 0.2012813557736659 0.5081332395305369 0.42811164814222746 0.1271721521842637 8 1
0.6278090439786344 0.243807697380918 0.8194799441858979 0.34065937127833745 0.9355996108157971 8 2
0.5477084577928596 0.70168354152727 0.4147963518494733 0.4607304963955151 0.7657383938046449 1 1
0.5013543363235468 0.026453590543180305 0.6510517232831929 0.20590376798011334 0.8937158678811314 8 8
0.7608111508579481 0.02419768272910927 0.5987807465843723 0.8293640684505725 0.8519347360850185 1 1
0.7608111508579481 0.02419768272910927 0.5987807465843723 0.8293640684505725 0.8519347360850185 1 1
0.8680778125824957 0.6626671510015567 0.3468232016406272 0.9575218572197942 0.1668645755439453 1 5
0.6203431797373938 0.5491255071438453 0.23369028712039297 0.48104597542285765 0.6007459880689133 7 8
0.8680778125824957 0.6626671510015567 0.3468232016406272 0.9575218572197942 0.1668645755439453 1 5
0.3583504510235017 0.5227419445543147 0.6509729675668048 0.4863624351810537 0.6165839537881693 6 8
0.03432654437911875 0.015412686280893984 0.9462534638528585 0.08382517899031572 0.19993253379310916 6 5
0.11646902759699373 0.19668807099577879 0.7530093574064342 0.7352061898056782 0.7062592760601266 5 5
0.13727597581630047 0.16963258161929584 0.7435412363774906 0.3418795247973049 0.7878514205745405 6 6
0.13727597581630047 0.16963258161929584 0.7435412363774906 0.3418795247973049 0.7878514205745405 6 6
0.1553913724828142 0.711713789273383 0.2513451211628226 0.30446322969684547 0.3393065401630172 2 5
0.6233137022481237 0.4231870797675764 0.014116398374281247 0.9746537405065698 0.9891884471816949 3 5
0.03811437320002631 0.2012813557736659 0.5081332395305369 0.42811164814222746 0.1271721521842637 8 1
0.24406332696298172 0.756527246018088 0.3491114394329895 0.7572731115934815 0.29745990737247363 1 1
0.03811437320002631 0.2012813557736659 0.5081332395305369 0.42811164814222746 0.1271721521842637 8 1
0.5013543363235468 0.026453590543180305 0.6510517232831929 0.20590376798011334 0.8937158678811314 8 8
0.7608111508579481 0.02419768272910927 0.5987807465843723 0.8293640684505725 0.8519347360850185 1 1
0.7608111508579481 0.02419768272910927 0.5987807465843723 0.8293640684505725 0.8519347360850185 1 1
0.8103086028265556 0.8438393933070726 0.7782017754322739 0.629800242830549 0.13073172111105402 4 6
0.8680778125824957 0.6626671510015567 0.3468232016406272 0.9575218572197942 0.1668645755439453 1 5
0.11646902759699373 0.19668807099577879 0.7530093574064342 0.7352061898056782 0.7062592760601266 5 5
0.3583504510235017 0.5227419445543147 0.6509729675668048 0.4863624351810537 0.6165839537881693 6 8
0.03432654437911875 0.015412686280893984 0.9462534638528585 0.08382517899031572 0.19993253379310916 6 5
0.11646902759699373 0.19668807099577879 0.7530093574064342 0.7352061898056782 0.7062592760601266 5 5
0.11646902759699373 0.19668807099577879 0.7530093574064342 0.7352061898056782 0.7062592760601266 5 5
0.1553913724828142 0.711713789273383 0.2513451211628226 0.30446322969684547 0.3393065401630172 2 5
0.1553913724828142 0.711713789273383 0.2513451211628226 0.30446322969684547 0.3393065401630172 2 5
0.6233137022481237 0.4231870797675764 0.014116398374281247 0.9746537405065698 0.9891884471816949 3 5
0.03811437320002631 0.2012813557736659 0.5081332395305369 0.42811164814222746 0.1271721521842637 8 1
0.24406332696298172 0.756527246018088 0.3491114394329895 0.7572731115934815 0.29745990737247363 1 1
0.03811437320002631 0.2012813557736659 0.5081332395305369 0.42811164814222746 0.1271721521842637 8 1
0.5013543363235468 0.026453590543180305 0.6510517232831929 0.20590376798011334 0.8937158678811314 8 8
0.7608111508579481 0.02419768272910927 0.5987807465843723 0.8293640684505725 0.8519347360850185 1 1
0.8680778125824957 0.6626671510015567 0.3468232016406272 0.9575218572197942 0.1668645755439453 1 5
0.8680778125824957 0.6626671510015567 0.3468232016406272 0.9575218572197942 0.1668645755439453 1 5
0.6203431797373938 0.5491255071438453 0.23369028712039297 0.48104597542285765 0.6007459880689133 7 8
0.8680778125824957 0.6626671510015567 0.3468232016406272 0.9575218572197942 0.1668645755439453 1 5
0.3583504510235017 0.5227419445543147 0.6509729675668048 0.4863624351810537 0.6165839537881693 6 8
0.3583504510235017 0.5227419445543147 0.6509729675668048 0.4863624351810537 0.6165839537881693 6 8
0.11646902759699373 0.19668807099577879 0.7530093574064342 0.7352061898056782 0.7062592760601266 5 5
0.11646902759699373 0.19668807099577879 0.7530093574064342 0.7352061898056782 0.7062592760601266 5 5
0.13727597581630047 0.16963258161929584 0.7435412363774906 0.3418795247973049 0.7878514205745405 6 6
0.13727597581630047 0.16963258161929584 0.7435412363774906 0.3418795247973049 0.7878514205745405 6 6
0.03811437320002631 0.2012813557736659 0.5081332395305369 0.42811164814222746 0.1271721521842637 8 1
0.03811437320002631 0.2012813557736659 0.5081332395305369 0.42811164814222746 0.1271721521842637 8 1
0.5477084577928596 0.70168354152727 0.4147963518494733 0.4607304963955151 0.7657383938046449 1 1
0.5013543363235468 0.026453590543180305 0.6510517232831929 0.20590376798011334 0.8937158678811314 8 8
0.5013543363235468 0.026453590543180305 0.6510517232831929 0.20590376798011334 0.8937158678811314 8 8
0.7608111508579481 0.02419768272910927 0.5987807465843723 0.8293640684505725 0.8519347360850185 1 1
0.8680778125824957 0.6626671510015567 0.3468232016406272 0.9575218572197942 0.1668645755439453 1 5
0.6203431797373938 0.5491255071438453 0.23369028712039297 0.48104597542285765 0.6007459880689133 7 8
0.8680778125824957 0.6626671510015567 0.3468232016406272 0.9575218572197942 0.1668645755439453 1 5
0.3583504510235017 0.5227419445543147 0.6509729675668048 0.4863624351810537 0.6165839537881693 6 8
0.03432654437911875 0.015412686280893984 0.9462534638528585 0.08382517899031572 0.19993253379310916 6 5
0.1553913724828142 0.711713789273383 0.2513451211628226 0.30446322969684547 0.3393065401630172 2 5
0.1553913724828142 0.711713789273383 0.2513451211628226 0.30446322969684547 0.3393065401630172 2 5
0.1553913724828142 0.711713789273383 0.2513451211628226 0.30446322969684547 0.3393065401630172 2 5
0.6233137022481237 0.4231870797675764 0.014116398374281247 0.9746537405065698 0.9891884471816949 3 5
0.1553913724828142 0.711713789273383 0.2513451211628226 0.30446322969684547 0.3393065401630172 2 5
0.35324347304282255 0.08819110646688233 0.8305262947705727 0.5968370138428044 0.18763726898072652 3 1
0.7759566576018679 0.6488656775203577 0.5356357063747429 0.4728152291257751 0.4883240745016779 2 5
0.5477084577928596 0.70168354152727 0.4147963518494733 0.4607304963955151 0.7657383938046449 1 1
0.7608111508579481 0.02419768272910927 0.5987807465843723 0.8293640684505725 0.8519347360850185 1 1
0.7608111508579481 0.02419768272910927 0.5987807465843723 0.8293640684505725 0.8519347360850185 1 1
0.08152217165766384 0.3740555813782629 0.5076395931112991 0.14362741242670496 0.3215332529909153 6 2
0.8103086028265556 0.8438393933070726 0.7782017754322739 0.629800242830549 0.13073172111105402 4 6
0.6203431797373938 0.5491255071438453 0.23369028712039297 0.48104597542285765 0.6007459880689133 7 8
0.8680778125824957 0.6626671510015567 0.3468232016406272 0.9575218572197942 0.1668645755439453 1 5
0.3583504510235017 0.5227419445543147 0.6509729675668048 0.4863624351810537 0.6165839537881693 6 8
0.03432654437911875 0.015412686280893984 0.9462534638528585 0.08382517899031572 0.19993253379310916 6 5
0.1553913724828142 0.711713789273383 0.2513451211628226 0.30446322969684547 0.3393065401630172 2 5
0.11646902759699373 0.19668807099577879 0.7530093574064342 0.7352061898056782 0.7062592760601266 5 5
0.1553913724828142 0.711713789273383 0.2513451211628226 0.30446322969684547 0.3393065401630172 2 5
0.6233137022481237 0.4231870797675764 0.014116398374281247 0.9746537405065698 0.9891884471816949 3 5
0.1553913724828142 0.711713789273383 0.2513451211628226 0.30446322969684547 0.3393065401630172 2 5
0.03811437320002631 0.2012813557736659 0.5081332395305369 0.42811164814222746 0.1271721521842637 8 1
0.03811437320002631 0.2012813557736659 0.5081332395305369 0.42811164814222746 0.1271721521842637 8 1
0.5013543363235468 0.026453590543180305 0.6510517232831929 0.20590376798011334 0.8937158678811314 8 8
0.7608111508579481 0.02419768272910927 0.5987807465843723 0.8293640684505725 0.8519347360850185 1 1
0.8680778125824957 0.6626671510015567 0.3468232016406272 0.9575218572197942 0.1668645755439453 1 5
0.8680778125824957 0.6626671510015567 0.3468232016406272 0.9575218572197942 0.1668645755439453 1 5
0.6203431797373938 0.5491255071438453 0.23369028712039297 0.48104597542285765 0.6007459880689133 7 8
0.8680778125824957 0.6626671510015567 0.3468232016406272 0.9575218572197942 0.1668645755439453 1 5
0.3583504510235017 0.5227419445543147 0.6509729675668048 0.4863624351810537 0.6165839537881693 6 8
0.03432654437911875 0.015412686280893984 0.9462534638528585 0.08382517899031572 0.19993253379310916 6 5
0.1553913724828142 0.711713789273383 0.2513451211628226 0.30446322969684547 0.3393065401630172 2 5
0.11646902759699373 0.19668807099577879 0.7530093574064342 0.7352061898056782 0.7062592760601266 5 5
0.13727597581630047 0.16963258161929584 0.7435412363774906 0.3418795247973049 0.7878514205745405 6 6
0.1553913724828142 0.711713789273383 0.2513451211628226 0.30446322969684547 0.3393065401630172 2 5
0.1553913724828142 0.711713789273383 0.2513451211628226 0.30446322969684547 0.3393065401630172 2 5
0.03811437320002631 0.2012813557736659 0.5081332395305369 0.42811164814222746 0.1271721521842637 8 1
0.03811437320002631 0.2012813557736659 0.5081332395305369 0.42811164814222746 0.1271721521842637 8 1
0.7759566576018679 0.6488656775203577 0.5356357063747429 0.4728152291257751 0.4883240745016779 2 5
0.03811437320002631 0.2012813557736659 0.5081332395305369 0.42811164814222746 0.1271721521842637 8 1
0.7608111508579481 0.02419768272910927 0.5987807465843723 0.8293640684505725 0.8519347360850185 1 1
0.7608111508579481 0.02419768272910927 0.5987807465843723 0.8293640684505725 0.8519347360850185 1 1
0.8680778125824957 0.6626671510015567 0.3468232016406272 0.9575218572197942 0.1668645755439453 1 5
0.6203431797373938 0.5491255071438453 0.23369028712039297 0.48104597542285765 0.6007459880689133 7 8
0.8680778125824957 0.6626671510015567 0.3468232016406272 0.9575218572197942 0.1668645755439453 1 5
0.3583504510235017 0.5227419445543147 0.6509729675668048 0.4863624351810537 0.6165839537881693 6 8
0.03432654437911875 0.015412686280893984 0.9462534638528585 0.08382517899031572 0.19993253379310916 6 5
0.11646902759699373 0.19668807099577879 0.7530093574064342 0.7352061898056782 0.7062592760601266 5 5
0.13727597581630047 0.16963258161929584 0.7435412363774906 0.3418795247973049 0.7878514205745405 6 6
0.13727597581630047 0.16963258161929584 0.7435412363774906 0.3418795247973049 0.7878514205745405 6 6
0.1553913724828142 0.711713789273383 0.2513451211628226 0.30446322969684547 0.3393065401630172 2 5
0.11508369027025656 0.9783761711828645 0.6698983818884288 0.48684475640756997 0.33918888241310274 6 4
0.6278090439786344 0.243807697380918 0.8194799441858979 0.34065937127833745 0.9355996108157971 8 2
0.03811437320002631 0.2012813557736659 0.5081332395305369 0.42811164814222746 0.1271721521842637 8 1
0.7608111508579481 0.02419768272910927 0.5987807465843723 0.8293640684505725 0.8519347360850185 1 1
0.7608111508579481 0.02419768272910927 0.5987807465843723 0.8293640684505725 0.8519347360850185 1 1
0.8680778125824957 0.6626671510015567 0.3468232016406272 0.9575218572197942 0.1668645755439453 1 5
0.8680778125824957 0.6626671510015567 0.3468232016406272 0.9575218572197942 0.1668645755439453 1 5
0.6203431797373938 0.5491255071438453 0.23369028712039297 0.48104597542285765 0.6007459880689133 7 8
0.8680778125824957 0.6626671510015567 0.3468232016406272 0.9575218572197942 0.1668645755439453 1 5
0.3583504510235017 0.5227419445543147 0.6509729675668048 0.4863624351810537 0.6165839537881693 6 8
0.03432654437911875 0.015412686280893984 0.9462534638528585 0.08382517899031572 0.19993253379310916 6 5
0.11646902759699373 0.19668807099577879 0.7530093574064342 0.7352061898056782 0.7062592760601266 5 5
0.13727597581630047 0.16963258161929584 0.7435412363774906 0.3418795247973049 0.7878514205745405 6 6
0.13727597581630047 0.16963258161929584 0.7435412363774906 0.3418795247973049 0.7878514205745405 6 6
0.1553913724828142 0.711713789273383 0.2513451211628226 0.30446322969684547 0.3393065401630172 2 5
0.11508369027025656 0.9783761711828645 0.6698983818884288 0.48684475640756997 0.33918888241310274 6 4
0.6278090439786344 0.243807697380918 0.8194799441858979 0.34065937127833745 0.9355996108157971 8 2
0.7759566576018679 0.6488656775203577 0.5356357063747429 0.4728152291257751 0.4883240745016779 2 5
0.5477084577928596 0.70168354152727 0.4147963518494733 0.4607304963955151 0.7657383938046449 1 1
0.5013543363235468 0.026453590543180305 0.6510517232831929 0.20590376798011334 0.8937158678811314 8 8
0.7608111508579481 0.02419768272910927 0.5987807465843723 0.8293640684505725 0.8519347360850185 1 1
0.7608111508579481 0.02419768272910927 0.5987807465843723 0.8293640684505725 0.8519347360850185 1 1
0.8680778125824957 0.6626671510015567 0.3468232016406272 0.9575218572197942 0.1668645755439453 1 5
0.6203431797373938 0.5491255071438453 0.23369028712039297 0.48104597542285765 0.6007459880689133 7 8
0.8680778125824957 0.6626671510015567 0.3468232016406272 0.9575218572197942 0.1668645755439453 1 5
0.3583504510235017 0.5227419445543147 0.6509729675668048 0.4863624351810537 0.6165839537881693 6 8
0.03432654437911875 0.015412686280893984 0.9462534638528585 0.08382517899031572 0.19993253379310916 6 5
0.11646902759699373 0.19668807099577879 0.7530093574064342 0.7352061898056782 0.7062592760601266 5 5
0.13727597581630047 0.16963258161929584 0.7435412363774906 0.3418795247973049 0.7878514205745405 6 6
0.13727597581630047 0.16963258161929584 0.7435412363774906 0.3418795247973049 0.7878514205745405 6 6
0.1553913724828142 0.711713789273383 0.2513451211628226 0.30446322969684547 0.3393065401630172 2 5
0.6233137022481237 0.4231870797675764 0.014116398374281247 0.9746537405065698 0.9891884471816949 3 5
0.03811437320002631 0.2012813557736659 0.5081332395305369 0.42811164814222746 0.1271721521842637 8 1
0.24406332696298172 0.756527246018088 0.3491114394329895 0.7572731115934815 0.29745990737247363 1 1
0.5477084577928596 0.70168354152727 0.4147963518494733 0.4607304963955151 0.7657383938046449 1 1
0.5013543363235468 0.026453590543180305 0.6510517232831929 0.20590376798011334 0.8937158678811314 8 8
0.7608111508579481 0.02419768272910927 0.5987807465843723 0.8293640684505725 0.8519347360850185 1 1
0.7608111508579481 0.02419768272910927 0.5987807465843723 0.8293640684505725 0.8519347360850185 1 1
0.8680778125824957 0.6626671510015567 0.3468232016406272 0.9575218572197942 0.1668645755439453 1 5
0.6203431797373938 0.5491255071438453 0.23369028712039297 0.48104597542285765 0.6007459880689133 7 8
0.8680778125824957 0.6626671510015567 0.3468232016406272 0.9575218572197942 0.1668645755439453 1 5
0.3583504510235017 0.5227419445543147 0.6509729675668048 0.4863624351810537 0.6165839537881693 6 8
0.03432654437911875 0.015412686280893984 0.9462534638528585 0.08382517899031572 0.19993253379310916 6 5
0.11646902759699373 0.19668807099577879 0.7530093574064342 0.7352061898056782 0.7062592760601266 5 5
0.13727597581630047 0.16963258161929584 0.7435412363774906 0.3418795247973049 0.7878514205745405 6 6
0.1553913724828142 0.711713789273383 0.2513451211628226 0.30446322969684547 0.3393065401630172 2 5
0.902748001542436 0.12979467302073788 0.1812818365076767 0.20491238480526275 0.3600749482384161 5 5
0.6233137022481237 0.4231870797675764 0.014116398374281247 0.9746537405065698 0.9891884471816949 3 5
0.03811437320002631 0.2012813557736659 0.5081332395305369 0.42811164814222746 0.1271721521842637 8 1
0.24406332696298172 0.756527246018088 0.3491114394329895 0.7572731115934815 0.29745990737247363 1 1
0.5013543363235468 0.026453590543180305 0.6510517232831929 0.20590376798011334 0.8937158678811314 8 8
0.7608111508579481 0.02419768272910927 0.5987807465843723 0.8293640684505725 0.8519347360850185 1 1
0.7608111508579481 0.02419768272910927 0.5987807465843723 0.8293640684505725 0.8519347360850185 1 1
0.8680778125824957 0.6626671510015567 0.3468232016406272 0.9575218572197942 0.1668645755439453 1 5
0.8680778125824957 0.6626671510015567 0.3468232016406272 0.9575218572197942 0.1668645755439453 1 5
0.6203431797373938 0.5491255071438453 0.23369028712039297 0.48104597542285765 0.6007459880689133 7 8
0.8680778125824957 0.6626671510015567 0.3468232016406272 0.9575218572197942 0.1668645755439453 1 5
0.3583504510235017 0.5227419445543147 0.6509729675668048 0.4863624351810537 0.6165839537881693 6 8
0.03432654437911875 0.015412686280893984 0.9462534638528585 0.08382517899031572 0.19993253379310916 6 5
0.11646902759699373 0.19668807099577879 0.7530093574064342 0.7352061898056782 0.7062592760601266 5 5
0.13727597581630047 0.16963258161929584 0.7435412363774906 0.3418795247973049 0.7878514205745405 6 6
0.1553913724828142 0.711713789273383 0.2513451211628226 0.30446322969684547 0.3393065401630172 2 5
0.03811437320002631 0.2012813557736659 0.5081332395305369 0.42811164814222746 0.1271721521842637 8 1
0.1553913724828142 0.711713789273383 0.2513451211628226 0.30446322969684547 0.3393065401630172 2 5
0.03811437320002631 0.2012813557736659 0.5081332395305369 0.42811164814222746 0.1271721521842637 8 1
0.03811437320002631 0.2012813557736659 0.5081332395305369 0.42811164814222746 0.1271721521842637 8 1
0.03811437320002631 0.2012813557736659 0.5081332395305369 0.42811164814222746 0.1271721521842637 8 1
0.7608111508579481 0.02419768272910927 0.5987807465843723 0.8293640684505725 0.8519347360850185 1 1
0.7608111508579481 0.02419768272910927 0.5987807465843723 0.8293640684505725 0.8519347360850185 1 1
0.8680778125824957 0.6626671510015567 0.3468232016406272 0.9575218572197942 0.1668645755439453 1 5
0.3583504510235017 0.5227419445543147 0.6509729675668048 0.4863624351810537 0.6165839537881693 6 8
0.3583504510235017 0.5227419445543147 0.6509729675668048 0.4863624351810537 0.6165839537881693 6 8
0.3583504510235017 0.5227419445543147 0.6509729675668048 0.4863624351810537 0.6165839537881693 6 8
0.11646902759699373 0.19668807099577879 0.7530093574064342 0.7352061898056782 0.7062592760601266 5 5
0.03432654437911875 0.015412686280893984 0.9462534638528585 0.08382517899031572 0.19993253379310916 6 5
0.11646902759699373 0.19668807099577879 0.7530093574064342 0.7352061898056782 0.7062592760601266 5 5
0.13727597581630047 0.16963258161929584 0.7435412363774906 0.3418795247973049 0.7878514205745405 6 6
0.03811437320002631 0.2012813557736659 0.5081332395305369 0.42811164814222746 0.1271721521842637 8 1
0.1553913724828142 0.711713789273383 0.2513451211628226 0.30446322969684547 0.3393065401630172 2 5
0.6233137022481237 0.4231870797675764 0.014116398374281247 0.9746537405065698 0.9891884471816949 3 5
0.24406332696298172 0.756527246018088 0.3491114394329895 0.7572731115934815 0.29745990737247363 1 1
0.5477084577928596 0.70168354152727 0.4147963518494733 0.4607304963955151 0.7657383938046449 1 1
0.5013543363235468 0.026453590543180305 0.6510517232831929 0.20590376798011334 0.8937158678811314 8 8
0.7608111508579481 0.02419768272910927 0.5987807465843723 0.8293640684505725 0.8519347360850185 1 1
0.8680778125824957 0.6626671510015567 0.3468232016406272 0.9575218572197942 0.1668645755439453 1 5
0.8680778125824957 0.6626671510015567 0.3468232016406272 0.9575218572197942 0.1668645755439453 1 5
0.6203431797373938 0.5491255071438453 0.23369028712039297 0.48104597542285765 0.6007459880689133 7 8
0.11646902759699373 0.19668807099577879 0.7530093574064342 0.7352061898056782 0.7062592760601266 5 5
0.3583504510235017 0.5227419445543147 0.6509729675668048 0.4863624351810537 0.6165839537881693 6 8
0.03432654437911875 0.015412686280893984 0.9462534638528585 0.08382517899031572 0.19993253379310916 6 5
0.11646902759699373 0.19668807099577879 0.7530093574064342 0.7352061898056782 0.7062592760601266 5 5
0.11646902759699373 0.19668807099577879 0.7530093574064342 0.7352061898056782 0.7062592760601266 5 5
0.1553913724828142 0.711713789273383 0.2513451211628226 0.30446322969684547 0.3393065401630172 2 5
0.6233137022481237 0.4231870797675764 0.014116398374281247 0.9746537405065698 0.9891884471816949 3 5
0.1553913724828142 0.711713789273383 0.2513451211628226 0.30446322969684547 0.3393065401630172 2 5
0.03811437320002631 0.2012813557736659 0.5081332395305369 0.42811164814222746 0.1271721521842637 8 1
0.5477084577928596 0.70168354152727 0.4147963518494733 0.4607304963955151 0.7657383938046449 1 1
0.5013543363235468 0.026453590543180305 0.6510517232831929 0.20590376798011334 0.8937158678811314 8 8
0.7608111508579481 0.02419768272910927 0.5987807465843723 0.8293640684505725 0.8519347360850185 1 1
0.7608111508579481 0.02419768272910927 0.5987807465843723 0.8293640684505725 0.8519347360850185 1 1
0.8680778125824957 0.6626671510015567 0.3468232016406272 0.9575218572197942 0.1668645755439453 1 5
0.6203431797373938 0.5491255071438453 0.23369028712039297 0.48104597542285765 0.6007459880689133 7 8
0.8680778125824957 0.6626671510015567 0.3468232016406272 0.9575218572197942 0.1668645755439453 1 5
0.3583504510235017 0.5227419445543147 0.6509729675668048 0.4863624351810537 0.6165839537881693 6 8
0.3583504510235017 0.5227419445543147 0.6509729675668048 0.4863624351810537 0.6165839537881693 6 8
0.11646902759699373 0.19668807099577879 0.7530093574064342 0.7352061898056782 0.7062592760601266 5 5
0.1553913724828142 0.711713789273383 0.2513451211628226 0.30446322969684547 0.3393065401630172 2 5
0.1553913724828142 0.711713789273383 0.2513451211628226 0.30446322969684547 0.3393065401630172 2 5
0.6233137022481237 0.4231870797675764 0.014116398374281247 0.9746537405065698 0.9891884471816949 3 5
0.1553913724828142 0.711713789273383 0.2513451211628226 0.30446322969684547 0.3393065401630172 2 5
0.11508369027025656 0.9783761711828645 0.6698983818884288 0.48684475640756997 0.33918888241310274 6 4
0.03811437320002631 0.2012813557736659 0.5081332395305369 0.42811164814222746 0.1271721521842637 8 1
0.5013543363235468 0.026453590543180305 0.6510517232831929 0.20590376798011334 0.8937158678811314 8 8
0.7608111508579481 0.02419768272910927 0.5987807465843723 0.8293640684505725 0.8519347360850185 1 1
0.8680778125824957 0.6626671510015567 0.3468232016406272 0.9575218572197942 0.1668645755439453 1 5
0.6203431797373938 0.5491255071438453 0.23369028712039297 0.48104597542285765 0.6007459880689133 7 8
0.8680778125824957 0.6626671510015567 0.3468232016406272 0.9575218572197942 0.1668645755439453 1 5
0.3583504510235017 0.5227419445543147 0.6509729675668048 0.4863624351810537 0.6165839537881693 6 8
0.3583504510235017 0.5227419445543147 0.6509729675668048 0.4863624351810537 0.6165839537881693 6 8
0.11646902759699373 0.19668807099577879 0.7530093574064342 0.7352061898056782 0.7062592760601266 5 5
0.11646902759699373 0.19668807099577879 0.7530093574064342 0.7352061898056782 0.7062592760601266 5 5
0.13727597581630047 0.16963258161929584 0.7435412363774906 0.3418795247973049 0.7878514205745405 6 6
0.6233137022481237 0.4231870797675764 0.014116398374281247 0.9746537405065698 0.9891884471816949 3 5
0.1553913724828142 0.711713789273383 0.2513451211628226 0.30446322969684547 0.3393065401630172 2 5
0.11508369027025656 0.9783761711828645 0.6698983818884288 0.48684475640756997 0.33918888241310274 6 4
0.5477084577928596 0.70168354152727 0.4147963518494733 0.4607304963955151 0.7657383938046449 1 1
0.5013543363235468 0.026453590543180305 0.6510517232831929 0.20590376798011334 0.8937158678811314 8 8
0.5013543363235468 0.026453590543180305 0.6510517232831929 0.20590376798011334 0.8937158678811314 8 8
0.7608111508579481 0.02419768272910927 0.5987807465843723 0.8293640684505725 0.8519347360850185 1 1
0.8103086028265556 0.8438393933070726 0.7782017754322739 0.629800242830549 0.13073172111105402 4 6
0.11646902759699373 0.19668807099577879 0.7530093574064342 0.7352061898056782 0.7062592760601266 5 5
0.3583504510235017 0.5227419445543147 0.6509729675668048 0.4863624351810537 0.6165839537881693 6 8
0.03432654437911875 0.015412686280893984 0.9462534638528585 0.08382517899031572 0.19993253379310916 6 5
0.11646902759699373 0.19668807099577879 0.7530093574064342 0.7352061898056782 0.7062592760601266 5 5
0.1553913724828142 0.711713789273383 0.2513451211628226 0.30446322969684547 0.3393065401630172 2 5
0.1553913724828142 0.711713789273383 0.2513451211628226 0.30446322969684547 0.3393065401630172 2 5
0.1553913724828142 0.711713789273383 0.2513451211628226 0.30446322969684547 0.3393065401630172 2 5
0.6233137022481237 0.4231870797675764 0.014116398374281247 0.9746537405065698 0.9891884471816949 3 5
0.1553913724828142 0.711713789273383 0.2513451211628226 0.30446322969684547 0.3393065401630172 2 5
0.1655341729421087 0.8733439780179595 0.10743239683618233 0.14418657173362392 0.40882581418283814 3 7
0.03811437320002631 0.2012813557736659 0.5081332395305369 0.42811164814222746 0.1271721521842637 8 1
0.5013543363235468 0.026453590543180305 0.6510517232831929 0.20590376798011334 0.8937158678811314 8 8
0.7608111508579481 0.02419768272910927 0.5987807465843723 0.8293640684505725 0.8519347360850185 1 1
0.8680778125824957 0.6626671510015567 0.3468232016406272 0.9575218572197942 0.1668645755439453 1 5
0.6203431797373938 0.5491255071438453 0.23369028712039297 0.48104597542285765 0.6007459880689133 7 8
0.6203431797373938 0.5491255071438453 0.23369028712039297 0.48104597542285765 0.6007459880689133 7 8
0.3583504510235017 0.5227419445543147 0.6509729675668048 0.4863624351810537 0.6165839537881693 6 8
0.3583504510235017 0.5227419445543147 0.6509729675668048 0.4863624351810537 0.6165839537881693 6 8
0.11646902759699373 0.19668807099577879 0.7530093574064342 0.7352061898056782 0.7062592760601266 5 5
0.11646902759699373 0.19668807099577879 0.7530093574064342 0.7352061898056782 0.7062592760601266 5 5
0.1553913724828142 0.711713789273383 0.2513451211628226 0.30446322969684547 0.3393065401630172 2 5
0.13727597581630047 0.16963258161929584 0.7435412363774906 0.3418795247973049 0.7878514205745405 6 6
0.03811437320002631 0.2012813557736659 0.5081332395305369 0.42811164814222746 0.1271721521842637 8 1
0.11508369027025656 0.9783761711828645 0.6698983818884288 0.48684475640756997 0.33918888241310274 6 4
0.11508369027025656 0.9783761711828645 0.6698983818884288 0.48684475640756997 0.33918888241310274 6 4
0.7113379721136379 0.2364830253952963 0.4882742480185578 0.47720857992772037 0.07978851960538891 2 5
0.03811437320002631 0.2012813557736659 0.5081332395305369 0.42811164814222746 0.1271721521842637 8 1
0.5013543363235468 0.026453590543180305 0.6510517232831929 0.20590376798011334 0.8937158678811314 8 8
0.7608111508579481 0.02419768272910927 0.5987807465843723 0.8293640684505725 0.8519347360850185 1 1
0.7608111508579481 0.02419768272910927 0.5987807465843723 0.8293640684505725 0.8519347360850185 1 1
0.8103086028265556 0.8438393933070726 0.7782017754322739 0.629800242830549 0.13073172111105402 4 6
0.6203431797373938 0.5491255071438453 0.23369028712039297 0.48104597542285765 0.6007459880689133 7 8
0.3583504510235017 0.5227419445543147 0.6509729675668048 0.4863624351810537 0.6165839537881693 6 8
0.3583504510235017 0.5227419445543147 0.6509729675668048 0.4863624351810537 0.6165839537881693 6 8
0.11646902759699373 0.19668807099577879 0.7530093574064342 0.7352061898056782 0.7062592760601266 5 5
0.1553913724828142 0.711713789273383 0.2513451211628226 0.30446322969684547 0.3393065401630172 2 5
0.11646902759699373 0.19668807099577879 0.7530093574064342 0.7352061898056782 0.7062592760601266 5 5
0.1553913724828142 0.711713789273383 0.2513451211628226 0.30446322969684547 0.3393065401630172 2 5
0.03811437320002631 0.2012813557736659 0.5081332395305369 0.42811164814222746 0.1271721521842637 8 1
0.1553913724828142 0.711713789273383 0.2513451211628226 0.30446322969684547 0.3393065401630172 2 5
0.03811437320002631 0.2012813557736659 0.5081332395305369 0.42811164814222746 0.1271721521842637 8 1
0.7492305681000367 0.47704828693136025 0.6922062024150534 0.06819882499828511 0.18498154496813468 6 6
0.5477084577928596 0.70168354152727 0.4147963518494733 0.4607304963955151 0.7657383938046449 1 1
0.5013543363235468 0.026453590543180305 0.6510517232831929 0.20590376798011334 0.8937158678811314 8 8
0.5013543363235468 0.026453590543180305 0.6510517232831929 0.20590376798011334 0.8937158678811314 8 8
0.7608111508579481 0.02419768272910927 0.5987807465843723 0.8293640684505725 0.8519347360850185 1 1
0.8680778125824957 0.6626671510015567 0.3468232016406272 0.9575218572197942 0.1668645755439453 1 5
0.6203431797373938 0.5491255071438453 0.23369028712039297 0.48104597542285765 0.6007459880689133 7 8
0.8680778125824957 0.6626671510015567 0.3468232016406272 0.9575218572197942 0.1668645755439453 1 5
0.3583504510235017 0.5227419445543147 0.6509729675668048 0.4863624351810537 0.6165839537881693 6 8
0.03432654437911875 0.015412686280893984 0.9462534638528585 0.08382517899031572 0.19993253379310916 6 5
0.1553913724828142 0.711713789273383 0.2513451211628226 0.30446322969684547 0.3393065401630172 2 5
0.1553913724828142 0.711713789273383 0.2513451211628226 0.30446322969684547 0.3393065401630172 2 5
0.1553913724828142 0.711713789273383 0.2513451211628226 0.30446322969684547 0.3393065401630172 2 5
0.03811437320002631 0.2012813557736659 0.5081332395305369 0.42811164814222746 0.1271721521842637 8 1
0.1553913724828142 0.711713789273383 0.2513451211628226 0.30446322969684547 0.3393065401630172 2 5
0.35324347304282255 0.08819110646688233 0.8305262947705727 0.5968370138428044 0.18763726898072652 3 1
0.7759566576018679 0.6488656775203577 0.5356357063747429 0.4728152291257751 0.4883240745016779 2 5
0.03811437320002631 0.2012813557736659 0.5081332395305369 0.42811164814222746 0.1271721521842637 8 1
0.5013543363235468 0.026453590543180305 0.6510517232831929 0.20590376798011334 0.8937158678811314 8 8
0.7608111508579481 0.02419768272910927 0.5987807465843723 0.8293640684505725 0.8519347360850185 1 1
0.7608111508579481 0.02419768272910927 0.5987807465843723 0.8293640684505725 0.8519347360850185 1 1
0.8680778125824957 0.6626671510015567 0.3468232016406272 0.9575218572197942 0.1668645755439453 1 5
0.6203431797373938 0.5491255071438453 0.23369028712039297 0.48104597542285765 0.6007459880689133 7 8
0.8680778125824957 0.6626671510015567 0.3468232016406272 0.9575218572197942 0.1668645755439453 1 5
0.3583504510235017 0.5227419445543147 0.6509729675668048 0.4863624351810537 0.6165839537881693 6 8
0.03432654437911875 0.015412686280893984 0.9462534638528585 0.08382517899031572 0.19993253379310916 6 5
0.1553913724828142 0.711713789273383 0.2513451211628226 0.30446322969684547 0.3393065401630172 2 5
0.1553913724828142 0.711713789273383 0.2513451211628226 0.30446322969684547 0.3393065401630172 2 5
0.1553913724828142 0.711713789273383 0.2513451211628226 0.30446322969684547 0.3393065401630172 2 5
0.03811437320002631 0.2012813557736659 0.5081332395305369 0.42811164814222746 0.1271721521842637 8 1
0.1553913724828142 0.711713789273383 0.2513451211628226 0.30446322969684547 0.3393065401630172 2 5
0.03811437320002631 0.2012813557736659 0.5081332395305369 0.42811164814222746 0.1271721521842637 8 1
0.5013543363235468 0.026453590543180305 0.6510517232831929 0.20590376798011334 0.8937158678811314 8 8
0.7608111508579481 0.02419768272910927 0.5987807465843723 0.8293640684505725 0.8519347360850185 1 1
0.8680778125824957 0.6626671510015567 0.3468232016406272 0.9575218572197942 0.1668645755439453 1 5
0.6203431797373938 0.5491255071438453 0.23369028712039297 0.48104597542285765 0.6007459880689133 7 8
0.8680778125824957 0.6626671510015567 0.3468232016406272 0.9575218572197942 0.1668645755439453 1 5
0.8680778125824957 0.6626671510015567 0.3468232016406272 0.9575218572197942 0.1668645755439453 1 5
0.3583504510235017 0.5227419445543147 0.6509729675668048 0.4863624351810537 0.6165839537881693 6 8
0.3583504510235017 0.5227419445543147 0.6509729675668048 0.4863624351810537 0.6165839537881693 6 8
0.11646902759699373 0.19668807099577879 0.7530093574064342 0.7352061898056782 0.7062592760601266 5 5
0.13727597581630047 0.16963258161929584 0.7435412363774906 0.3418795247973049 0.7878514205745405 6 6
0.1553913724828142 0.711713789273383 0.2513451211628226 0.30446322969684547 0.3393065401630172 2 5
0.6233137022481237 0.4231870797675764 0.014116398374281247 0.9746537405065698 0.9891884471816949 3 5
0.11508369027025656 0.9783761711828645 0.6698983818884288 0.48684475640756997 0.33918888241310274 6 4
0.11508369027025656 0.9783761711828645 0.6698983818884288 0.48684475640756997 0.33918888241310274 6 4
0.5477084577928596 0.70168354152727 0.4147963518494733 0.4607304963955151 0.7657383938046449 1 1
0.5013543363235468 0.026453590543180305 0.6510517232831929 0.20590376798011334 0.8937158678811314 8 8
0.7608111508579481 0.02419768272910927 0.5987807465843723 0.8293640684505725 0.8519347360850185 1 1
0.7608111508579481 0.02419768272910927 0.5987807465843723 0.8293640684505725 0.8519347360850185 1 1
0.8680778125824957 0.6626671510015567 0.3468232016406272 0.9575218572197942 0.1668645755439453 1 5
0.6203431797373938 0.5491255071438453 0.23369028712039297 0.48104597542285765 0.6007459880689133 7 8
0.8680778125824957 0.6626671510015567 0.3468232016406272 0.9575218572197942 0.1668645755439453 1 5
0.3583504510235017 0.5227419445543147 0.6509729675668048 0.4863624351810537 0.6165839537881693 6 8
0.3583504510235017 0.5227419445543147 0.6509729675668048 0.4863624351810537 0.6165839537881693 6 8
0.11646902759699373 0.19668807099577879 0.7530093574064342 0.7352061898056782 0.7062592760601266 5 5
0.11646902759699373 0.19668807099577879 0.7530093574064342 0.7352061898056782 0.7062592760601266 5 5
0.1553913724828142 0.711713789273383 0.2513451211628226 0.30446322969684547 0.3393065401630172 2 5
0.6233137022481237 0.4231870797675764 0.014116398374281247 0.9746537405065698 0.9891884471816949 3 5
0.1553913724828142 0.711713789273383 0.2513451211628226 0.30446322969684547 0.3393065401630172 2 5
0.03811437320002631 0.2012813557736659 0.5081332395305369 0.42811164814222746 0.1271721521842637 8 1
0.5477084577928596 0.70168354152727 0.4147963518494733 0.4607304963955151 0.7657383938046449 1 1
0.7608111508579481 0.02419768272910927 0.5987807465843723 0.8293640684505725 0.8519347360850185 1 1
0.7608111508579481 0.02419768272910927 0.5987807465843723 0.8293640684505725 0.8519347360850185 1 1
0.08152217165766384 0.3740555813782629 0.5076395931112991 0.14362741242670496 0.3215332529909153 6 2
0.8103086028265556 0.8438393933070726 0.7782017754322739 0.629800242830549 0.13073172111105402 4 6
0.3583504510235017 0.5227419445543147 0.6509729675668048 0.4863624351810537 0.6165839537881693 6 8
0.3583504510235017 0.5227419445543147 0.6509729675668048 0.4863624351810537 0.6165839537881693 6 8
0.3583504510235017 0.5227419445543147 0.6509729675668048 0.4863624351810537 0.6165839537881693 6 8
0.03432654437911875 0.015412686280893984 0.9462534638528585 0.08382517899031572 0.19993253379310916 6 5
0.1553913724828142 0.711713789273383 0.2513451211628226 0.30446322969684547 0.3393065401630172 2 5
0.11646902759699373 0.19668807099577879 0.7530093574064342 0.7352061898056782 0.7062592760601266 5 5
0.1553913724828142 0.711713789273383 0.2513451211628226 0.30446322969684547 0.3393065401630172 2 5
0.6233137022481237 0.4231870797675764 0.014116398374281247 0.9746537405065698 0.9891884471816949 3 5
0.1553913724828142 0.711713789273383 0.2513451211628226 0.30446322969684547 0.3393065401630172 2 5
0.03811437320002631 0.2012813557736659 0.5081332395305369 0.42811164814222746 0.1271721521842637 8 1
0.03811437320002631 0.2012813557736659 0.5081332395305369 0.42811164814222746 0.1271721521842637 8 1
0.7608111508579481 0.02419768272910927 0.5987807465843723 0.8293640684505725 0.8519347360850185 1 1
0.7608111508579481 0.02419768272910927 0.5987807465843723 0.8293640684505725 0.8519347360850185 1 1
0.08152217165766384 0.3740555813782629 0.5076395931112991 0.14362741242670496 0.3215332529909153 6 2
0.8103086028265556 0.8438393933070726 0.7782017754322739 0.629800242830549 0.13073172111105402 4 6
0.6203431797373938 0.5491255071438453 0.23369028712039297 0.48104597542285765 0.6007459880689133 7 8
0.8680778125824957 0.6626671510015567 0.3468232016406272 0.9575218572197942 0.1668645755439453 1 5
0.3583504510235017 0.5227419445543147 0.6509729675668048 0.4863624351810537 0.6165839537881693 6 8
0.11646902759699373 0.19668807099577879 0.7530093574064342 0.7352061898056782 0.7062592760601266 5 5
0.1553913724828142 0.711713789273383 0.2513451211628226 0.30446322969684547 0.3393065401630172 2 5
0.03811437320002631 0.2012813557736659 0.5081332395305369 0.42811164814222746 0.1271721521842637 8 1
0.1553913724828142 0.711713789273383 0.2513451211628226 0.30446322969684547 0.3393065401630172 2 5
0.6233137022481237 0.4231870797675764 0.014116398374281247 0.9746537405065698 0.9891884471816949 3 5
0.1553913724828142 0.711713789273383 0.2513451211628226 0.30446322969684547 0.3393065401630172 2 5
0.03811437320002631 0.2012813557736659 0.5081332395305369 0.42811164814222746 0.1271721521842637 8 1
0.03811437320002631 0.2012813557736659 0.5081332395305369 0.42811164814222746 0.1271721521842637 8 1
0.5013543363235468 0.026453590543180305 0.6510517232831929 0.20590376798011334 0.8937158678811314 8 8
0.7608111508579481 0.02419768272910927 0.5987807465843723 0.8293640684505725 0.8519347360850185 1 1
0.7608111508579481 0.02419768272910927 0.5987807465843723 0.8293640684505725 0.8519347360850185 1 1
0.8680778125824957 0.6626671510015567 0.3468232016406272 0.9575218572197942 0.1668645755439453 1 5
0.6203431797373938 0.5491255071438453 0.23369028712039297 0.48104597542285765 0.6007459880689133 7 8
0.8680778125824957 0.6626671510015567 0.3468232016406272 0.9575218572197942 0.1668645755439453 1 5
0.3583504510235017 0.5227419445543147 0.6509729675668048 0.4863624351810537 0.6165839537881693 6 8
0.11646902759699373 0.19668807099577879 0.7530093574064342 0.7352061898056782 0.7062592760601266 5 5
0.11646902759699373 0.19668807099577879 0.7530093574064342 0.7352061898056782 0.7062592760601266 5 5
0.03811437320002631 0.2012813557736659 0.5081332395305369 0.42811164814222746 0.1271721521842637 8 1
0.1553913724828142 0.711713789273383 0.2513451211628226 0.30446322969684547 0.3393065401630172 2 5
0.6233137022481237 0.4231870797675764 0.014116398374281247 0.9746537405065698 0.9891884471816949 3 5
0.11508369027025656 0.9783761711828645 0.6698983818884288 0.48684475640756997 0.33918888241310274 6 4
0.11508369027025656 0.9783761711828645 0.6698983818884288 0.48684475640756997 0.33918888241310274 6 4
0.03811437320002631 0.2012813557736659 0.5081332395305369 0.42811164814222746 0.1271721521842637 8 1
0.5013543363235468 0.026453590543180305 0.6510517232831929 0.20590376798011334 0.8937158678811314 8 8
0.7608111508579481 0.02419768272910927 0.5987807465843723 0.8293640684505725 0.8519347360850185 1 1
0.7608111508579481 0.02419768272910927 0.5987807465843723 0.8293640684505725 0.8519347360850185 1 1
0.8680778125824957 0.6626671510015567 0.3468232016406272 0.9575218572197942 0.1668645755439453 1 5
0.6203431797373938 0.5491255071438453 0.23369028712039297 0.48104597542285765 0.6007459880689133 7 8
0.8680778125824957 0.6626671510015567 0.3468232016406272 0.9575218572197942 0.1668645755439453 1 5
0.3583504510235017 0.5227419445543147 0.6509729675668048 0.4863624351810537 0.6165839537881693 6 8
0.03432654437911875 0.015412686280893984 0.9462534638528585 0.08382517899031572 0.19993253379310916 6 5
0.11646902759699373 0.19668807099577879 0.7530093574064342 0.7352061898056782 0.7062592760601266 5 5
0.11646902759699373 0.19668807099577879 0.7530093574064342 0.7352061898056782 0.7062592760601266 5 5
0.1553913724828142 0.711713789273383 0.2513451211628226 0.30446322969684547 0.3393065401630172 2 5
0.902748001542436 0.12979467302073788 0.1812818365076767 0.20491238480526275 0.3600749482384161 5 5
0.03811437320002631 0.2012813557736659 0.5081332395305369 0.42811164814222746 0.1271721521842637 8 1
0.11508369027025656 0.9783761711828645 0.6698983818884288 0.48684475640756997 0.33918888241310274 6 4
0.4953848332135744 0.38171219610126494 0.08766493196580538 0.5235971340189646 0.14826263372128878 8 5
0.03811437320002631 0.2012813557736659 0.5081332395305369 0.42811164814222746 0.1271721521842637 8 1
0.5013543363235468 0.026453590543180305 0.6510517232831929 0.20590376798011334 0.8937158678811314 8 8
0.7608111508579481 0.02419768272910927 0.5987807465843723 0.8293640684505725 0.8519347360850185 1 1
0.7608111508579481 0.02419768272910927 0.5987807465843723 0.8293640684505725 0.8519347360850185 1 1
0.8680778125824957 0.6626671510015567 0.3468232016406272 0.9575218572197942 0.1668645755439453 1 5
0.6203431797373938 0.5491255071438453 0.23369028712039297 0.48104597542285765 0.6007459880689133 7 8
0.11646902759699373 0.19668807099577879 0.7530093574064342 0.7352061898056782 0.7062592760601266 5 5
0.3583504510235017 0.5227419445543147 0.6509729675668048 0.4863624351810537 0.6165839537881693 6 8
0.03432654437911875 0.015412686280893984 0.9462534638528585 0.08382517899031572 0.19993253379310916 6 5
0.11646902759699373 0.19668807099577879 0.7530093574064342 0.7352061898056782 0.7062592760601266 5 5
0.11646902759699373 0.19668807099577879 0.7530093574064342 0.7352061898056782 0.7062592760601266 5 5
0.1553913724828142 0.711713789273383 0.2513451211628226 0.30446322969684547 0.3393065401630172 2 5
0.03811437320002631 0.2012813557736659 0.5081332395305369 0.42811164814222746 0.1271721521842637 8 1
0.1553913724828142 0.711713789273383 0.2513451211628226 0.30446322969684547 0.3393065401630172 2 5
0.03811437320002631 0.2012813557736659 0.5081332395305369 0.42811164814222746 0.1271721521842637 8 1
0.03811437320002631 0.2012813557736659 0.5081332395305369 0.42811164814222746 0.1271721521842637 8 1
0.5013543363235468 0.026453590543180305 0.6510517232831929 0.20590376798011334 0.8937158678811314 8 8
0.7608111508579481 0.02419768272910927 0.5987807465843723 0.8293640684505725 0.8519347360850185 1 1
0.7608111508579481 0.02419768272910927 0.5987807465843723 0.8293640684505725 0.8519347360850185 1 1
0.8680778125824957 0.6626671510015567 0.3468232016406272 0.9575218572197942 0.1668645755439453 1 5
0.6203431797373938 0.5491255071438453 0.23369028712039297 0.48104597542285765 0.6007459880689133 7 8
0.8680778125824957 0.6626671510015567 0.3468232016406272 0.9575218572197942 0.1668645755439453 1 5
0.3583504510235017 0.5227419445543147 0.6509729675668048 0.4863624351810537 0.6165839537881693 6 8
0.03432654437911875 0.015412686280893984 0.9462534638528585 0.08382517899031572 0.19993253379310916 6 5
0.11646902759699373 0.19668807099577879 0.7530093574064342 0.7352061898056782 0.7062592760601266 5 5
0.13727597581630047 0.16963258161929584 0.7435412363774906 0.3418795247973049 0.7878514205745405 6 6
0.1553913724828142 0.711713789273383 0.2513451211628226 0.30446322969684547 0.3393065401630172 2 5
0.902748001542436 0.12979467302073788 0.1812818365076767 0.20491238480526275 0.3600749482384161 5 5
0.6233137022481237 0.4231870797675764 0.014116398374281247 0.9746537405065698 0.9891884471816949 3 5
0.11508369027025656 0.9783761711828645 0.6698983818884288 0.48684475640756997 0.33918888241310274 6 4
0.4953848332135744 0.38171219610126494 0.08766493196580538 0.5235971340189646 0.14826263372128878 8 5
0.5477084577928596 0.70168354152727 0.4147963518494733 0.4607304963955151 0.7657383938046449 1 1
0.7608111508579481 0.02419768272910927 0.5987807465843723 0.8293640684505725 0.8519347360850185 1 1
0.7608111508579481 0.02419768272910927 0.5987807465843723 0.8293640684505725 0.8519347360850185 1 1
0.08152217165766384 0.3740555813782629 0.5076395931112991 0.14362741242670496 0.3215332529909153 6 2
0.3583504510235017 0.5227419445543147 0.6509729675668048 0.4863624351810537 0.6165839537881693 6 8
0.3583504510235017 0.5227419445543147 0.6509729675668048 0.4863624351810537 0.6165839537881693 6 8
0.3583504510235017 0.5227419445543147 0.6509729675668048 0.4863624351810537 0.6165839537881693 6 8
0.3583504510235017 0.5227419445543147 0.6509729675668048 0.4863624351810537 0.6165839537881693 6 8
0.03432654437911875 0.015412686280893984 0.9462534638528585 0.08382517899031572 0.19993253379310916 6 5
0.11646902759699373 0.19668807099577879 0.7530093574064342 0.7352061898056782 0.7062592760601266 5 5
0.13727597581630047 0.16963258161929584 0.7435412363774906 0.3418795247973049 0.7878514205745405 6 6
0.03811437320002631 0.2012813557736659 0.5081332395305369 0.42811164814222746 0.1271721521842637 8 1
0.6233137022481237 0.4231870797675764 0.014116398374281247 0.9746537405065698 0.9891884471816949 3 5
0.1553913724828142 0.711713789273383 0.2513451211628226 0.30446322969684547 0.3393065401630172 2 5
0.03811437320002631 0.2012813557736659 0.5081332395305369 0.42811164814222746 0.1271721521842637 8 1
0.7608111508579481 0.02419768272910927 0.5987807465843723 0.8293640684505725 0.8519347360850185 1 1
0.7608111508579481 0.02419768272910927 0.5987807465843723 0.8293640684505725 0.8519347360850185 1 1
0.7608111508579481 0.02419768272910927 0.5987807465843723 0.8293640684505725 0.8519347360850185 1 1
0.8680778125824957 0.6626671510015567 0.3468232016406272 0.9575218572197942 0.1668645755439453 1 5
0.8680778125824957 0.6626671510015567 0.3468232016406272 0.9575218572197942 0.1668645755439453 1 5
0.6203431797373938 0.5491255071438453 0.23369028712039297 0.48104597542285765 0.6007459880689133 7 8
0.8680778125824957 0.6626671510015567 0.3468232016406272 0.9575218572197942 0.1668645755439453 1 5
0.3583504510235017 0.5227419445543147 0.6509729675668048 0.4863624351810537 0.6165839537881693 6 8
0.11646902759699373 0.19668807099577879 0.7530093574064342 0.7352061898056782 0.7062592760601266 5 5
0.1553913724828142 0.711713789273383 0.2513451211628226 0.30446322969684547 0.3393065401630172 2 5
0.03811437320002631 0.2012813557736659 0.5081332395305369 0.42811164814222746 0.1271721521842637 8 1
0.03811437320002631 0.2012813557736659 0.5081332395305369 0.42811164814222746 0.1271721521842637 8 1
0.03811437320002631 0.2012813557736659 0.5081332395305369 0.42811164814222746 0.1271721521842637 8 1
0.6278090439786344 0.243807697380918 0.8194799441858979 0.34065937127833745 0.9355996108157971 8 2
0.03811437320002631 0.2012813557736659 0.5081332395305369 0.42811164814222746 0.1271721521842637 8 1
0.7608111508579481 0.02419768272910927 0.5987807465843723 0.8293640684505725 0.8519347360850185 1 1
0.5013543363235468 0.026453590543180305 0.6510517232831929 0.20590376798011334 0.8937158678811314 8 8
0.5013543363235468 0.026453590543180305 0.6510517232831929 0.20590376798011334 0.8937158678811314 8 8
0.7608111508579481 0.02419768272910927 0.5987807465843723 0.8293640684505725 0.8519347360850185 1 1
0.7608111508579481 0.02419768272910927 0.5987807465843723 0.8293640684505725 0.8519347360850185 1 1
0.8680778125824957 0.6626671510015567 0.3468232016406272 0.9575218572197942 0.1668645755439453 1 5
0.6203431797373938 0.5491255071438453 0.23369028712039297 0.48104597542285765 0.6007459880689133 7 8
0.8680778125824957 0.6626671510015567 0.3468232016406272 0.9575218572197942 0.1668645755439453 1 5
0.3583504510235017 0.5227419445543147 0.6509729675668048 0.4863624351810537 0.6165839537881693 6 8
0.03432654437911875 0.015412686280893984 0.9462534638528585 0.08382517899031572 0.19993253379310916 6 5
0.11646902759699373 0.19668807099577879 0.7530093574064342 0.7352061898056782 0.7062592760601266 5 5
0.1553913724828142 0.711713789273383 0.2513451211628226 0.30446322969684547 0.3393065401630172 2 5
0.1553913724828142 0.711713789273383 0.2513451211628226 0.30446322969684547 0.3393065401630172 2 5
0.03811437320002631 0.2012813557736659 0.5081332395305369 0.42811164814222746 0.1271721521842637 8 1
0.1553913724828142 0.711713789273383 0.2513451211628226 0.30446322969684547 0.3393065401630172 2 5
0.03811437320002631 0.2012813557736659 0.5081332395305369 0.42811164814222746 0.1271721521842637 8 1
0.03811437320002631 0.2012813557736659 0.5081332395305369 0.42811164814222746 0.1271721521842637 8 1
0.7608111508579481 0.02419768272910927 0.5987807465843723 0.8293640684505725 0.8519347360850185 1 1
0.7608111508579481 0.02419768272910927 0.5987807465843723 0.8293640684505725 0.8519347360850185 1 1
0.7608111508579481 0.02419768272910927 0.5987807465843723 0.8293640684505725 0.8519347360850185 1 1
0.8680778125824957 0.6626671510015567 0.3468232016406272 0.9575218572197942 0.1668645755439453 1 5
0.6203431797373938 0.5491255071438453 0.23369028712039297 0.48104597542285765 0.6007459880689133 7 8
0.8680778125824957 0.6626671510015567 0.3468232016406272 0.9575218572197942 0.1668645755439453 1 5
0.3583504510235017 0.5227419445543147 0.6509729675668048 0.4863624351810537 0.6165839537881693 6 8
0.03432654437911875 0.015412686280893984 0.9462534638528585 0.08382517899031572 0.19993253379310916 6 5
0.11646902759699373 0.19668807099577879 0.7530093574064342 0.7352061898056782 0.7062592760601266 5 5
0.13727597581630047 0.16963258161929584 0.7435412363774906 0.3418795247973049 0.7878514205745405 6 6
0.1553913724828142 0.711713789273383 0.2513451211628226 0.30446322969684547 0.3393065401630172 2 5
0.03811437320002631 0.2012813557736659 0.5081332395305369 0.42811164814222746 0.1271721521842637 8 1
0.1553913724828142 0.711713789273383 0.2513451211628226 0.30446322969684547 0.3393065401630172 2 5
0.35324347304282255 0.08819110646688233 0.8305262947705727 0.5968370138428044 0.18763726898072652 3 1
0.7759566576018679 0.6488656775203577 0.5356357063747429 0.4728152291257751 0.4883240745016779 2 5
0.03811437320002631 0.2012813557736659 0.5081332395305369 0.42811164814222746 0.1271721521842637 8 1
0.5013543363235468 0.026453590543180305 0.6510517232831929 0.20590376798011334 0.8937158678811314 8 8
0.7608111508579481 0.02419768272910927 0.5987807465843723 0.8293640684505725 0.8519347360850185 1 1
0.8680778125824957 0.6626671510015567 0.3468232016406272 0.9575218572197942 0.1668645755439453 1 5
0.8680778125824957 0.6626671510015567 0.3468232016406272 0.9575218572197942 0.1668645755439453 1 5
0.6203431797373938 0.5491255071438453 0.23369028712039297 0.48104597542285765 0.6007459880689133 7 8
0.8680778125824957 0.6626671510015567 0.3468232016406272 0.9575218572197942 0.1668645755439453 1 5
0.3583504510235017 0.5227419445543147 0.6509729675668048 0.4863624351810537 0.6165839537881693 6 8
0.3583504510235017 0.5227419445543147 0.6509729675668048 0.4863624351810537 0.6165839537881693 6 8
0.11646902759699373 0.19668807099577879 0.7530093574064342 0.7352061898056782 0.7062592760601266 5 5
0.13727597581630047 0.16963258161929584 0.7435412363774906 0.3418795247973049 0.7878514205745405 6 6
0.1553913724828142 0.711713789273383 0.2513451211628226 0.30446322969684547 0.3393065401630172 2 5
0.6233137022481237 0.4231870797675764 0.014116398374281247 0.9746537405065698 0.9891884471816949 3 5
0.1553913724828142 0.711713789273383 0.2513451211628226 0.30446322969684547 0.3393065401630172 2 5
0.03811437320002631 0.2012813557736659 0.5081332395305369 0.42811164814222746 0.1271721521842637 8 1
0.03811437320002631 0.2012813557736659 0.5081332395305369 0.42811164814222746 0.1271721521842637 8 1
0.5013543363235468 0.026453590543180305 0.6510517232831929 0.20590376798011334 0.8937158678811314 8 8
0.7608111508579481 0.02419768272910927 0.5987807465843723 0.8293640684505725 0.8519347360850185 1 1
0.7608111508579481 0.02419768272910927 0.5987807465843723 0.8293640684505725 0.8519347360850185 1 1
0.8680778125824957 0.6626671510015567 0.3468232016406272 0.9575218572197942 0.1668645755439453 1 5
0.6203431797373938 0.5491255071438453 0.23369028712039297 0.48104597542285765 0.6007459880689133 7 8
0.8680778125824957 0.6626671510015567 0.3468232016406272 0.9575218572197942 0.1668645755439453 1 5
0.3583504510235017 0.5227419445543147 0.6509729675668048 0.4863624351810537 0.6165839537881693 6 8
0.03432654437911875 0.015412686280893984 0.9462534638528585 0.08382517899031572 0.19993253379310916 6 5
0.11646902759699373 0.19668807099577879 0.7530093574064342 0.7352061898056782 0.7062592760601266 5 5
0.11646902759699373 0.19668807099577879 0.7530093574064342 0.7352061898056782 0.7062592760601266 5 5
0.1553913724828142 0.711713789273383 0.2513451211628226 0.30446322969684547 0.3393065401630172 2 5
0.902748001542436 0.12979467302073788 0.1812818365076767 0.20491238480526275 0.3600749482384161 5 5
0.6233137022481237 0.4231870797675764 0.014116398374281247 0.9746537405065698 0.9891884471816949 3 5
0.03811437320002631 0.2012813557736659 0.5081332395305369 0.42811164814222746 0.1271721521842637 8 1
0.24406332696298172 0.756527246018088 0.3491114394329895 0.7572731115934815 0.29745990737247363 1 1
0.03811437320002631 0.2012813557736659 0.5081332395305369 0.42811164814222746 0.1271721521842637 8 1
0.5013543363235468 0.026453590543180305 0.6510517232831929 0.20590376798011334 0.8937158678811314 8 8
0.7608111508579481 0.02419768272910927 0.5987807465843723 0.8293640684505725 0.8519347360850185 1 1
0.8680778125824957 0.6626671510015567 0.3468232016406272 0.9575218572197942 0.1668645755439453 1 5
0.8680778125824957 0.6626671510015567 0.3468232016406272 0.9575218572197942 0.1668645755439453 1 5
0.6203431797373938 0.5491255071438453 0.23369028712039297 0.48104597542285765 0.6007459880689133 7 8
0.3583504510235017 0.5227419445543147 0.6509729675668048 0.4863624351810537 0.6165839537881693 6 8
0.3583504510235017 0.5227419445543147 0.6509729675668048 0.4863624351810537 0.6165839537881693 6 8
0.03432654437911875 0.015412686280893984 0.9462534638528585 0.08382517899031572 0.19993253379310916 6 5
0.11646902759699373 0.19668807099577879 0.7530093574064342 0.7352061898056782 0.7062592760601266 5 5
0.11646902759699373 0.19668807099577879 0.7530093574064342 0.7352061898056782 0.7062592760601266 5 5
0.1553913724828142 0.711713789273383 0.2513451211628226 0.30446322969684547 0.3393065401630172 2 5
0.03811437320002631 0.2012813557736659 0.5081332395305369 0.42811164814222746 0.1271721521842637 8 1
0.11508369027025656 0.9783761711828645 0.6698983818884288 0.48684475640756997 0.33918888241310274 6 4
0.03811437320002631 0.2012813557736659 0.5081332395305369 0.42811164814222746 0.1271721521842637 8 1
0.7113379721136379 0.2364830253952963 0.4882742480185578 0.47720857992772037 0.07978851960538891 2 5
