population 0 fitness 1.0039043363014906 years 42.0 length 16
population 1 fitness 1.0039043363014906 years 42.0 length 15
population 2 fitness 1.0026183791386512 years 68.0 length 16
population 3 fitness 1.0039869405039525 years 40.0 length 16
population 4 fitness 1.004099553116565 years 40.0 length 15
population 5 fitness 1.0045661559427412 years 35.0 length 16
population 6 fitness 1.0045661559427412 years 35.0 length 16
population 7 fitness 1.004994233062373 years 64.0 length 15
population 8 fitness 1.004994233062373 years 64.0 length 15
population 9 fitness 1.0048428926665436 years 33.0 length 16
population 10 fitness 1.0047063925300435 years 33.0 length 15
population 11 fitness 1.0051553373547075 years 31.0 length 15
population 12 fitness 1.0051553373547075 years 31.0 length 15
population 13 fitness 1.0055523876998862 years 27.0 length 16
population 14 fitness 1.0055523876998862 years 27.0 length 16
population 15 fitness 1.0057659410729587 years 26.0 length 16
population 16 fitness 1.0084299437369615 years 26.0 length 15
population 17 fitness 1.0065180203433446 years 46.0 length 16
population 18 fitness 1.0065180203433446 years 46.0 length 16
population 19 fitness 1.006246436162372 years 24.0 length 16
population 20 fitness 1.006246436162372 years 24.0 length 15
population 21 fitness 1.0065180203433446 years 23.0 length 15
population 22 fitness 1.0068142939953146 years 22.0 length 15
population 23 fitness 1.0066095437905644 years 22.0 length 15
population 24 fitness 1.0074957233948463 years 20.0 length 15
population 25 fitness 1.0074957233948463 years 20.0 length 16
population 26 fitness 1.0088438989954143 years 22.0 length 15
population 27 fitness 1.0088438989954143 years 22.0 length 15
population 28 fitness 1.008106907412463 years 12.0 length 15
population 29 fitness 1.008106907412463 years 12.0 length 16
population 30 fitness 1.008843898995414 years 11.0 length 16
population 31 fitness 1.008843898995414 years 11.0 length 16
population 32 fitness 1.008591925258592 years 10.0 length 15
population 33 fitness 1.008591925258592 years 10.0 length 16
population 34 fitness 1.0081748415081748 years 9.0 length 16
population 35 fitness 1.0081748415081748 years 9.0 length 15
population 36 fitness 1.003003003003003 years 6.0 length 15
population 37 fitness 1.003003003003003 years 6.0 length 15
population 38 fitness 1.0036036036036036 years 5.0 length 16
population 39 fitness 1.0036036036036036 years 5.0 length 15

0.07833548161501136 0.04189604753362608 0.33557097719502826 0.5340590516313994 0.020104344733125723 3 8
0.6756852691548644 0.8402999601835397 0.04189657417447057 0.2824705694020353 0.47063015464823454 6 4
6.19157026130468E-5 0.6630654895923541 0.7324688868521011 0.6815918120709553 0.7946144843418197 6 5
0.6756852691548644 0.8402999601835397 0.04189657417447057 0.2824705694020353 0.47063015464823454 6 4
0.1685365674159126 0.9392804709748411 0.3824803799732185 0.2990481379994214 0.7146127948610767 7 8
0.1685365674159126 0.9392804709748411 0.3824803799732185 0.2990481379994214 0.7146127948610767 7 8
0.9341077950077566 0.8490098048855417 0.32225716538568505 0.971298150429036 0.6823604624301838 2 3
0.9341077950077566 0.8490098048855417 0.32225716538568505 0.971298150429036 0.6823604624301838 2 3
0.02058900006311626 0.5015496625669958 0.6355397821520197 0.2062335046391217 0.6676736516802539 6 6
0.02058900006311626 0.5015496625669958 0.6355397821520197 0.2062335046391217 0.6676736516802539 6 6
0.02058900006311626 0.5015496625669958 0.6355397821520197 0.2062335046391217 0.6676736516802539 6 6
0.42100817082848174 0.4805402351915524 0.2522527459292895 0.17683566992000144 0.33009036757759425 7 5
0.72733244585471 0.6162106221362313 0.23329693858861433 0.36307901786831265 0.2560553390723813 2 5
0.3523775653158977 0.4098268914690403 0.7094198138933856 0.04062499824855337 0.8452641395730881 3 7
0.872654443471388 0.974296551150289 0.3976531430689535 0.37104751063913 0.6261844820964689 2 6
0.4929744633420645 0.44294495893092967 0.05714381173550287 0.8041183048787077 0.25103829700137426 8 3
0.4181538047729274 0.9223887345016132 0.8631752256239072 0.10344571245808332 0.4356240427840563 3 2
0.6756852691548644 0.8402999601835397 0.04189657417447057 0.2824705694020353 0.47063015464823454 6 4
0.6756852691548644 0.8402999601835397 0.04189657417447057 0.2824705694020353 0.47063015464823454 6 4
0.6756852691548644 0.8402999601835397 0.04189657417447057 0.2824705694020353 0.47063015464823454 6 4
6.19157026130468E-5 0.6630654895923541 0.7324688868521011 0.6815918120709553 0.7946144843418197 6 5
0.2759672163365784 0.23420360344947666 0.9875426565983205 0.18664296668216662 0.5077757824106603 2 6
0.9341077950077566 0.8490098048855417 0.32225716538568505 0.971298150429036 0.6823604624301838 2 3
0.9341077950077566 0.8490098048855417 0.32225716538568505 0.971298150429036 0.6823604624301838 2 3
0.02058900006311626 0.5015496625669958 0.6355397821520197 0.2062335046391217 0.6676736516802539 6 6
0.02058900006311626 0.5015496625669958 0.6355397821520197 0.2062335046391217 0.6676736516802539 6 6
0.02058900006311626 0.5015496625669958 0.6355397821520197 0.2062335046391217 0.6676736516802539 6 6
0.42100817082848174 0.4805402351915524 0.2522527459292895 0.17683566992000144 0.33009036757759425 7 5
0.72733244585471 0.6162106221362313 0.23329693858861433 0.36307901786831265 0.2560553390723813 2 5
0.06910534492517917 0.6125375542845756 0.31825559080414534 0.7386354744017927 0.12133754967966381 5 6
0.3523775653158977 0.4098268914690403 0.7094198138933856 0.04062499824855337 0.8452641395730881 3 7
0.3523775653158977 0.4098268914690403 0.7094198138933856 0.04062499824855337 0.8452641395730881 3 7
0.6756852691548644 0.8402999601835397 0.04189657417447057 0.2824705694020353 0.47063015464823454 6 4
0.4834885089285297 0.07810499674663651 0.8295789518044624 0.20396813636416622 0.7271703009240393 8 7
0.6756852691548644 0.8402999601835397 0.04189657417447057 0.2824705694020353 0.47063015464823454 6 4
6.19157026130468E-5 0.6630654895923541 0.7324688868521011 0.6815918120709553 0.7946144843418197 6 5
6.19157026130468E-5 0.6630654895923541 0.7324688868521011 0.6815918120709553 0.7946144843418197 6 5
0.9341077950077566 0.8490098048855417 0.32225716538568505 0.971298150429036 0.6823604624301838 2 3
0.02058900006311626 0.5015496625669958 0.6355397821520197 0.2062335046391217 0.6676736516802539 6 6
0.02058900006311626 0.5015496625669958 0.6355397821520197 0.2062335046391217 0.6676736516802539 6 6
0.02058900006311626 0.5015496625669958 0.6355397821520197 0.2062335046391217 0.6676736516802539 6 6
0.02058900006311626 0.5015496625669958 0.6355397821520197 0.2062335046391217 0.6676736516802539 6 6
0.06910534492517917 0.6125375542845756 0.31825559080414534 0.7386354744017927 0.12133754967966381 5 6
0.72733244585471 0.6162106221362313 0.23329693858861433 0.36307901786831265 0.2560553390723813 2 5
0.06910534492517917 0.6125375542845756 0.31825559080414534 0.7386354744017927 0.12133754967966381 5 6
0.06910534492517917 0.6125375542845756 0.31825559080414534 0.7386354744017927 0.12133754967966381 5 6
0.4929744633420645 0.44294495893092967 0.05714381173550287 0.8041183048787077 0.25103829700137426 8 3
0.07833548161501136 0.04189604753362608 0.33557097719502826 0.5340590516313994 0.020104344733125723 3 8
6.19157026130468E-5 0.6630654895923541 0.7324688868521011 0.6815918120709553 0.7946144843418197 6 5
6.19157026130468E-5 0.6630654895923541 0.7324688868521011 0.6815918120709553 0.7946144843418197 6 5
0.1685365674159126 0.9392804709748411 0.3824803799732185 0.2990481379994214 0.7146127948610767 7 8
0.1685365674159126 0.9392804709748411 0.3824803799732185 0.2990481379994214 0.7146127948610767 7 8
0.2759672163365784 0.23420360344947666 0.9875426565983205 0.18664296668216662 0.5077757824106603 2 6
0.1685365674159126 0.9392804709748411 0.3824803799732185 0.2990481379994214 0.7146127948610767 7 8
0.02058900006311626 0.5015496625669958 0.6355397821520197 0.2062335046391217 0.6676736516802539 6 6
0.02058900006311626 0.5015496625669958 0.6355397821520197 0.2062335046391217 0.6676736516802539 6 6
0.02058900006311626 0.5015496625669958 0.6355397821520197 0.2062335046391217 0.6676736516802539 6 6
0.06910534492517917 0.6125375542845756 0.31825559080414534 0.7386354744017927 0.12133754967966381 5 6
0.72733244585471 0.6162106221362313 0.23329693858861433 0.36307901786831265 0.2560553390723813 2 5
0.3523775653158977 0.4098268914690403 0.7094198138933856 0.04062499824855337 0.8452641395730881 3 7
0.906108982798214 0.7051882467500132 0.05173632726775179 0.9001733605114032 0.4955478798911964 1 2
0.7198055452964908 0.7526547701439872 0.30514763199890005 0.2530011060722175 0.8295128071708106 7 3
0.3523775653158977 0.4098268914690403 0.7094198138933856 0.04062499824855337 0.8452641395730881 3 7
0.4181538047729274 0.9223887345016132 0.8631752256239072 0.10344571245808332 0.4356240427840563 3 2
0.4834885089285297 0.07810499674663651 0.8295789518044624 0.20396813636416622 0.7271703009240393 8 7
0.4834885089285297 0.07810499674663651 0.8295789518044624 0.20396813636416622 0.7271703009240393 8 7
6.19157026130468E-5 0.6630654895923541 0.7324688868521011 0.6815918120709553 0.7946144843418197 6 5
6.19157026130468E-5 0.6630654895923541 0.7324688868521011 0.6815918120709553 0.7946144843418197 6 5
6.19157026130468E-5 0.6630654895923541 0.7324688868521011 0.6815918120709553 0.7946144843418197 6 5
0.2759672163365784 0.23420360344947666 0.9875426565983205 0.18664296668216662 0.5077757824106603 2 6
0.02058900006311626 0.5015496625669958 0.6355397821520197 0.2062335046391217 0.6676736516802539 6 6
0.02058900006311626 0.5015496625669958 0.6355397821520197 0.2062335046391217 0.6676736516802539 6 6
0.02058900006311626 0.5015496625669958 0.6355397821520197 0.2062335046391217 0.6676736516802539 6 6
0.42100817082848174 0.4805402351915524 0.2522527459292895 0.17683566992000144 0.33009036757759425 7 5
0.72733244585471 0.6162106221362313 0.23329693858861433 0.36307901786831265 0.2560553390723813 2 5
0.72733244585471 0.6162106221362313 0.23329693858861433 0.36307901786831265 0.2560553390723813 2 5
0.06910534492517917 0.6125375542845756 0.31825559080414534 0.7386354744017927 0.12133754967966381 5 6
0.06910534492517917 0.6125375542845756 0.31825559080414534 0.7386354744017927 0.12133754967966381 5 6
0.6756852691548644 0.8402999601835397 0.04189657417447057 0.2824705694020353 0.47063015464823454 6 4
0.4834885089285297 0.07810499674663651 0.8295789518044624 0.20396813636416622 0.7271703009240393 8 7
6.19157026130468E-5 0.6630654895923541 0.7324688868521011 0.6815918120709553 0.7946144843418197 6 5
6.19157026130468E-5 0.6630654895923541 0.7324688868521011 0.6815918120709553 0.7946144843418197 6 5
6.19157026130468E-5 0.6630654895923541 0.7324688868521011 0.6815918120709553 0.7946144843418197 6 5
0.2759672163365784 0.23420360344947666 0.9875426565983205 0.18664296668216662 0.5077757824106603 2 6
0.1685365674159126 0.9392804709748411 0.3824803799732185 0.2990481379994214 0.7146127948610767 7 8
0.02058900006311626 0.5015496625669958 0.6355397821520197 0.2062335046391217 0.6676736516802539 6 6
0.02058900006311626 0.5015496625669958 0.6355397821520197 0.2062335046391217 0.6676736516802539 6 6
0.42100817082848174 0.4805402351915524 0.2522527459292895 0.17683566992000144 0.33009036757759425 7 5
0.06910534492517917 0.6125375542845756 0.31825559080414534 0.7386354744017927 0.12133754967966381 5 6
0.06910534492517917 0.6125375542845756 0.31825559080414534 0.7386354744017927 0.12133754967966381 5 6
0.3523775653158977 0.4098268914690403 0.7094198138933856 0.04062499824855337 0.8452641395730881 3 7
0.06910534492517917 0.6125375542845756 0.31825559080414534 0.7386354744017927 0.12133754967966381 5 6
0.3523775653158977 0.4098268914690403 0.7094198138933856 0.04062499824855337 0.8452641395730881 3 7
0.3523775653158977 0.4098268914690403 0.7094198138933856 0.04062499824855337 0.8452641395730881 3 7
0.6756852691548644 0.8402999601835397 0.04189657417447057 0.2824705694020353 0.47063015464823454 6 4
0.6756852691548644 0.8402999601835397 0.04189657417447057 0.2824705694020353 0.47063015464823454 6 4
6.19157026130468E-5 0.6630654895923541 0.7324688868521011 0.6815918120709553 0.7946144843418197 6 5
6.19157026130468E-5 0.6630654895923541 0.7324688868521011 0.6815918120709553 0.7946144843418197 6 5
6.19157026130468E-5 0.6630654895923541 0.7324688868521011 0.6815918120709553 0.7946144843418197 6 5
0.2759672163365784 0.23420360344947666 0.9875426565983205 0.18664296668216662 0.5077757824106603 2 6
0.1685365674159126 0.9392804709748411 0.3824803799732185 0.2990481379994214 0.7146127948610767 7 8
0.9341077950077566 0.8490098048855417 0.32225716538568505 0.971298150429036 0.6823604624301838 2 3
0.9341077950077566 0.8490098048855417 0.32225716538568505 0.971298150429036 0.6823604624301838 2 3
0.02058900006311626 0.5015496625669958 0.6355397821520197 0.2062335046391217 0.6676736516802539 6 6
0.02058900006311626 0.5015496625669958 0.6355397821520197 0.2062335046391217 0.6676736516802539 6 6
0.42100817082848174 0.4805402351915524 0.2522527459292895 0.17683566992000144 0.33009036757759425 7 5
0.06910534492517917 0.6125375542845756 0.31825559080414534 0.7386354744017927 0.12133754967966381 5 6
0.3523775653158977 0.4098268914690403 0.7094198138933856 0.04062499824855337 0.8452641395730881 3 7
0.872654443471388 0.974296551150289 0.3976531430689535 0.37104751063913 0.6261844820964689 2 6
0.4181538047729274 0.9223887345016132 0.8631752256239072 0.10344571245808332 0.4356240427840563 3 2
0.6756852691548644 0.8402999601835397 0.04189657417447057 0.2824705694020353 0.47063015464823454 6 4
0.6756852691548644 0.8402999601835397 0.04189657417447057 0.2824705694020353 0.47063015464823454 6 4
6.19157026130468E-5 0.6630654895923541 0.7324688868521011 0.6815918120709553 0.7946144843418197 6 5
6.19157026130468E-5 0.6630654895923541 0.7324688868521011 0.6815918120709553 0.7946144843418197 6 5
0.9072838717899004 0.1432920629774046 0.6159321259148417 0.06274228886499611 0.24794331923355817 4 1
0.2759672163365784 0.23420360344947666 0.9875426565983205 0.18664296668216662 0.5077757824106603 2 6
0.02058900006311626 0.5015496625669958 0.6355397821520197 0.2062335046391217 0.6676736516802539 6 6
0.02058900006311626 0.5015496625669958 0.6355397821520197 0.2062335046391217 0.6676736516802539 6 6
0.02058900006311626 0.5015496625669958 0.6355397821520197 0.2062335046391217 0.6676736516802539 6 6
0.02058900006311626 0.5015496625669958 0.6355397821520197 0.2062335046391217 0.6676736516802539 6 6
0.06910534492517917 0.6125375542845756 0.31825559080414534 0.7386354744017927 0.12133754967966381 5 6
0.72733244585471 0.6162106221362313 0.23329693858861433 0.36307901786831265 0.2560553390723813 2 5
0.06910534492517917 0.6125375542845756 0.31825559080414534 0.7386354744017927 0.12133754967966381 5 6
0.4929744633420645 0.44294495893092967 0.05714381173550287 0.8041183048787077 0.25103829700137426 8 3
0.7676193571828213 0.34279292830723507 0.3201582960286814 0.04113807926005553 0.03933910809509278 1 7
0.6756852691548644 0.8402999601835397 0.04189657417447057 0.2824705694020353 0.47063015464823454 6 4
0.6756852691548644 0.8402999601835397 0.04189657417447057 0.2824705694020353 0.47063015464823454 6 4
6.19157026130468E-5 0.6630654895923541 0.7324688868521011 0.6815918120709553 0.7946144843418197 6 5
6.19157026130468E-5 0.6630654895923541 0.7324688868521011 0.6815918120709553 0.7946144843418197 6 5
0.9072838717899004 0.1432920629774046 0.6159321259148417 0.06274228886499611 0.24794331923355817 4 1
0.2759672163365784 0.23420360344947666 0.9875426565983205 0.18664296668216662 0.5077757824106603 2 6
0.02058900006311626 0.5015496625669958 0.6355397821520197 0.2062335046391217 0.6676736516802539 6 6
0.02058900006311626 0.5015496625669958 0.6355397821520197 0.2062335046391217 0.6676736516802539 6 6
0.02058900006311626 0.5015496625669958 0.6355397821520197 0.2062335046391217 0.6676736516802539 6 6
0.02058900006311626 0.5015496625669958 0.6355397821520197 0.2062335046391217 0.6676736516802539 6 6
0.06910534492517917 0.6125375542845756 0.31825559080414534 0.7386354744017927 0.12133754967966381 5 6
0.72733244585471 0.6162106221362313 0.23329693858861433 0.36307901786831265 0.2560553390723813 2 5
0.06910534492517917 0.6125375542845756 0.31825559080414534 0.7386354744017927 0.12133754967966381 5 6
0.4929744633420645 0.44294495893092967 0.05714381173550287 0.8041183048787077 0.25103829700137426 8 3
0.7676193571828213 0.34279292830723507 0.3201582960286814 0.04113807926005553 0.03933910809509278 1 7
0.4181538047729274 0.9223887345016132 0.8631752256239072 0.10344571245808332 0.4356240427840563 3 2
0.4834885089285297 0.07810499674663651 0.8295789518044624 0.20396813636416622 0.7271703009240393 8 7
6.19157026130468E-5 0.6630654895923541 0.7324688868521011 0.6815918120709553 0.7946144843418197 6 5
0.6756852691548644 0.8402999601835397 0.04189657417447057 0.2824705694020353 0.47063015464823454 6 4
6.19157026130468E-5 0.6630654895923541 0.7324688868521011 0.6815918120709553 0.7946144843418197 6 5
0.2759672163365784 0.23420360344947666 0.9875426565983205 0.18664296668216662 0.5077757824106603 2 6
0.1685365674159126 0.9392804709748411 0.3824803799732185 0.2990481379994214 0.7146127948610767 7 8
0.9341077950077566 0.8490098048855417 0.32225716538568505 0.971298150429036 0.6823604624301838 2 3
0.02058900006311626 0.5015496625669958 0.6355397821520197 0.2062335046391217 0.6676736516802539 6 6
0.42100817082848174 0.4805402351915524 0.2522527459292895 0.17683566992000144 0.33009036757759425 7 5
0.42100817082848174 0.4805402351915524 0.2522527459292895 0.17683566992000144 0.33009036757759425 7 5
0.72733244585471 0.6162106221362313 0.23329693858861433 0.36307901786831265 0.2560553390723813 2 5
0.06910534492517917 0.6125375542845756 0.31825559080414534 0.7386354744017927 0.12133754967966381 5 6
0.3523775653158977 0.4098268914690403 0.7094198138933856 0.04062499824855337 0.8452641395730881 3 7
0.3523775653158977 0.4098268914690403 0.7094198138933856 0.04062499824855337 0.8452641395730881 3 7
0.4181538047729274 0.9223887345016132 0.8631752256239072 0.10344571245808332 0.4356240427840563 3 2
0.6756852691548644 0.8402999601835397 0.04189657417447057 0.2824705694020353 0.47063015464823454 6 4
0.6756852691548644 0.8402999601835397 0.04189657417447057 0.2824705694020353 0.47063015464823454 6 4
0.6756852691548644 0.8402999601835397 0.04189657417447057 0.2824705694020353 0.47063015464823454 6 4
6.19157026130468E-5 0.6630654895923541 0.7324688868521011 0.6815918120709553 0.7946144843418197 6 5
6.19157026130468E-5 0.6630654895923541 0.7324688868521011 0.6815918120709553 0.7946144843418197 6 5
0.2759672163365784 0.23420360344947666 0.9875426565983205 0.18664296668216662 0.5077757824106603 2 6
0.1685365674159126 0.9392804709748411 0.3824803799732185 0.2990481379994214 0.7146127948610767 7 8
0.9341077950077566 0.8490098048855417 0.32225716538568505 0.971298150429036 0.6823604624301838 2 3
0.9341077950077566 0.8490098048855417 0.32225716538568505 0.971298150429036 0.6823604624301838 2 3
0.02058900006311626 0.5015496625669958 0.6355397821520197 0.2062335046391217 0.6676736516802539 6 6
0.02058900006311626 0.5015496625669958 0.6355397821520197 0.2062335046391217 0.6676736516802539 6 6
0.72733244585471 0.6162106221362313 0.23329693858861433 0.36307901786831265 0.2560553390723813 2 5
0.72733244585471 0.6162106221362313 0.23329693858861433 0.36307901786831265 0.2560553390723813 2 5
0.06910534492517917 0.6125375542845756 0.31825559080414534 0.7386354744017927 0.12133754967966381 5 6
0.3523775653158977 0.4098268914690403 0.7094198138933856 0.04062499824855337 0.8452641395730881 3 7
0.4181538047729274 0.9223887345016132 0.8631752256239072 0.10344571245808332 0.4356240427840563 3 2
0.4834885089285297 0.07810499674663651 0.8295789518044624 0.20396813636416622 0.7271703009240393 8 7
0.4834885089285297 0.07810499674663651 0.8295789518044624 0.20396813636416622 0.7271703009240393 8 7
6.19157026130468E-5 0.6630654895923541 0.7324688868521011 0.6815918120709553 0.7946144843418197 6 5
6.19157026130468E-5 0.6630654895923541 0.7324688868521011 0.6815918120709553 0.7946144843418197 6 5
6.19157026130468E-5 0.6630654895923541 0.7324688868521011 0.6815918120709553 0.7946144843418197 6 5
0.2759672163365784 0.23420360344947666 0.9875426565983205 0.18664296668216662 0.5077757824106603 2 6
0.9341077950077566 0.8490098048855417 0.32225716538568505 0.971298150429036 0.6823604624301838 2 3
0.9341077950077566 0.8490098048855417 0.32225716538568505 0.971298150429036 0.6823604624301838 2 3
0.02058900006311626 0.5015496625669958 0.6355397821520197 0.2062335046391217 0.6676736516802539 6 6
0.42100817082848174 0.4805402351915524 0.2522527459292895 0.17683566992000144 0.33009036757759425 7 5
0.72733244585471 0.6162106221362313 0.23329693858861433 0.36307901786831265 0.2560553390723813 2 5
0.72733244585471 0.6162106221362313 0.23329693858861433 0.36307901786831265 0.2560553390723813 2 5
0.06910534492517917 0.6125375542845756 0.31825559080414534 0.7386354744017927 0.12133754967966381 5 6
0.06910534492517917 0.6125375542845756 0.31825559080414534 0.7386354744017927 0.12133754967966381 5 6
0.4181538047729274 0.9223887345016132 0.8631752256239072 0.10344571245808332 0.4356240427840563 3 2
0.6756852691548644 0.8402999601835397 0.04189657417447057 0.2824705694020353 0.47063015464823454 6 4
0.6756852691548644 0.8402999601835397 0.04189657417447057 0.2824705694020353 0.47063015464823454 6 4
0.6756852691548644 0.8402999601835397 0.04189657417447057 0.2824705694020353 0.47063015464823454 6 4
6.19157026130468E-5 0.6630654895923541 0.7324688868521011 0.6815918120709553 0.7946144843418197 6 5
0.2759672163365784 0.23420360344947666 0.9875426565983205 0.18664296668216662 0.5077757824106603 2 6
0.1685365674159126 0.9392804709748411 0.3824803799732185 0.2990481379994214 0.7146127948610767 7 8
0.9341077950077566 0.8490098048855417 0.32225716538568505 0.971298150429036 0.6823604624301838 2 3
0.02058900006311626 0.5015496625669958 0.6355397821520197 0.2062335046391217 0.6676736516802539 6 6
0.42100817082848174 0.4805402351915524 0.2522527459292895 0.17683566992000144 0.33009036757759425 7 5
0.06910534492517917 0.6125375542845756 0.31825559080414534 0.7386354744017927 0.12133754967966381 5 6
0.06910534492517917 0.6125375542845756 0.31825559080414534 0.7386354744017927 0.12133754967966381 5 6
0.3523775653158977 0.4098268914690403 0.7094198138933856 0.04062499824855337 0.8452641395730881 3 7
0.06910534492517917 0.6125375542845756 0.31825559080414534 0.7386354744017927 0.12133754967966381 5 6
0.3523775653158977 0.4098268914690403 0.7094198138933856 0.04062499824855337 0.8452641395730881 3 7
0.6756852691548644 0.8402999601835397 0.04189657417447057 0.2824705694020353 0.47063015464823454 6 4
0.6756852691548644 0.8402999601835397 0.04189657417447057 0.2824705694020353 0.47063015464823454 6 4
6.19157026130468E-5 0.6630654895923541 0.7324688868521011 0.6815918120709553 0.7946144843418197 6 5
0.6756852691548644 0.8402999601835397 0.04189657417447057 0.2824705694020353 0.47063015464823454 6 4
6.19157026130468E-5 0.6630654895923541 0.7324688868521011 0.6815918120709553 0.7946144843418197 6 5
0.2759672163365784 0.23420360344947666 0.9875426565983205 0.18664296668216662 0.5077757824106603 2 6
0.9341077950077566 0.8490098048855417 0.32225716538568505 0.971298150429036 0.6823604624301838 2 3
0.9341077950077566 0.8490098048855417 0.32225716538568505 0.971298150429036 0.6823604624301838 2 3
0.9341077950077566 0.8490098048855417 0.32225716538568505 0.971298150429036 0.6823604624301838 2 3
0.02058900006311626 0.5015496625669958 0.6355397821520197 0.2062335046391217 0.6676736516802539 6 6
0.72733244585471 0.6162106221362313 0.23329693858861433 0.36307901786831265 0.2560553390723813 2 5
0.72733244585471 0.6162106221362313 0.23329693858861433 0.36307901786831265 0.2560553390723813 2 5
0.06910534492517917 0.6125375542845756 0.31825559080414534 0.7386354744017927 0.12133754967966381 5 6
0.3523775653158977 0.4098268914690403 0.7094198138933856 0.04062499824855337 0.8452641395730881 3 7
0.4181538047729274 0.9223887345016132 0.8631752256239072 0.10344571245808332 0.4356240427840563 3 2
0.25708030736982435 0.6247596122442209 0.9420694372761906 0.9147979591597062 0.8263923043979983 8 1
0.6756852691548644 0.8402999601835397 0.04189657417447057 0.2824705694020353 0.47063015464823454 6 4
0.4834885089285297 0.07810499674663651 0.8295789518044624 0.20396813636416622 0.7271703009240393 8 7
0.4834885089285297 0.07810499674663651 0.8295789518044624 0.20396813636416622 0.7271703009240393 8 7
6.19157026130468E-5 0.6630654895923541 0.7324688868521011 0.6815918120709553 0.7946144843418197 6 5
6.19157026130468E-5 0.6630654895923541 0.7324688868521011 0.6815918120709553 0.7946144843418197 6 5
0.2759672163365784 0.23420360344947666 0.9875426565983205 0.18664296668216662 0.5077757824106603 2 6
0.02058900006311626 0.5015496625669958 0.6355397821520197 0.2062335046391217 0.6676736516802539 6 6
0.9341077950077566 0.8490098048855417 0.32225716538568505 0.971298150429036 0.6823604624301838 2 3
0.02058900006311626 0.5015496625669958 0.6355397821520197 0.2062335046391217 0.6676736516802539 6 6
0.02058900006311626 0.5015496625669958 0.6355397821520197 0.2062335046391217 0.6676736516802539 6 6
0.02058900006311626 0.5015496625669958 0.6355397821520197 0.2062335046391217 0.6676736516802539 6 6
0.72733244585471 0.6162106221362313 0.23329693858861433 0.36307901786831265 0.2560553390723813 2 5
0.72733244585471 0.6162106221362313 0.23329693858861433 0.36307901786831265 0.2560553390723813 2 5
0.06910534492517917 0.6125375542845756 0.31825559080414534 0.7386354744017927 0.12133754967966381 5 6
0.3523775653158977 0.4098268914690403 0.7094198138933856 0.04062499824855337 0.8452641395730881 3 7
0.4181538047729274 0.9223887345016132 0.8631752256239072 0.10344571245808332 0.4356240427840563 3 2
0.6756852691548644 0.8402999601835397 0.04189657417447057 0.2824705694020353 0.47063015464823454 6 4
0.4834885089285297 0.07810499674663651 0.8295789518044624 0.20396813636416622 0.7271703009240393 8 7
0.6756852691548644 0.8402999601835397 0.04189657417447057 0.2824705694020353 0.47063015464823454 6 4
6.19157026130468E-5 0.6630654895923541 0.7324688868521011 0.6815918120709553 0.7946144843418197 6 5
6.19157026130468E-5 0.6630654895923541 0.7324688868521011 0.6815918120709553 0.7946144843418197 6 5
0.2759672163365784 0.23420360344947666 0.9875426565983205 0.18664296668216662 0.5077757824106603 2 6
0.1685365674159126 0.9392804709748411 0.3824803799732185 0.2990481379994214 0.7146127948610767 7 8
0.9341077950077566 0.8490098048855417 0.32225716538568505 0.971298150429036 0.6823604624301838 2 3
0.9341077950077566 0.8490098048855417 0.32225716538568505 0.971298150429036 0.6823604624301838 2 3
0.02058900006311626 0.5015496625669958 0.6355397821520197 0.2062335046391217 0.6676736516802539 6 6
0.02058900006311626 0.5015496625669958 0.6355397821520197 0.2062335046391217 0.6676736516802539 6 6
0.72733244585471 0.6162106221362313 0.23329693858861433 0.36307901786831265 0.2560553390723813 2 5
0.06910534492517917 0.6125375542845756 0.31825559080414534 0.7386354744017927 0.12133754967966381 5 6
0.3523775653158977 0.4098268914690403 0.7094198138933856 0.04062499824855337 0.8452641395730881 3 7
0.3523775653158977 0.4098268914690403 0.7094198138933856 0.04062499824855337 0.8452641395730881 3 7
0.4181538047729274 0.9223887345016132 0.8631752256239072 0.10344571245808332 0.4356240427840563 3 2
0.4929744633420645 0.44294495893092967 0.05714381173550287 0.8041183048787077 0.25103829700137426 8 3
0.6756852691548644 0.8402999601835397 0.04189657417447057 0.2824705694020353 0.47063015464823454 6 4
0.6756852691548644 0.8402999601835397 0.04189657417447057 0.2824705694020353 0.47063015464823454 6 4
0.6756852691548644 0.8402999601835397 0.04189657417447057 0.2824705694020353 0.47063015464823454 6 4
6.19157026130468E-5 0.6630654895923541 0.7324688868521011 0.6815918120709553 0.7946144843418197 6 5
0.1685365674159126 0.9392804709748411 0.3824803799732185 0.2990481379994214 0.7146127948610767 7 8
0.1685365674159126 0.9392804709748411 0.3824803799732185 0.2990481379994214 0.7146127948610767 7 8
0.9341077950077566 0.8490098048855417 0.32225716538568505 0.971298150429036 0.6823604624301838 2 3
0.02058900006311626 0.5015496625669958 0.6355397821520197 0.2062335046391217 0.6676736516802539 6 6
0.02058900006311626 0.5015496625669958 0.6355397821520197 0.2062335046391217 0.6676736516802539 6 6
0.72733244585471 0.6162106221362313 0.23329693858861433 0.36307901786831265 0.2560553390723813 2 5
0.06910534492517917 0.6125375542845756 0.31825559080414534 0.7386354744017927 0.12133754967966381 5 6
0.3523775653158977 0.4098268914690403 0.7094198138933856 0.04062499824855337 0.8452641395730881 3 7
0.06910534492517917 0.6125375542845756 0.31825559080414534 0.7386354744017927 0.12133754967966381 5 6
0.06910534492517917 0.6125375542845756 0.31825559080414534 0.7386354744017927 0.12133754967966381 5 6
0.4181538047729274 0.9223887345016132 0.8631752256239072 0.10344571245808332 0.4356240427840563 3 2
6.19157026130468E-5 0.6630654895923541 0.7324688868521011 0.6815918120709553 0.7946144843418197 6 5
6.19157026130468E-5 0.6630654895923541 0.7324688868521011 0.6815918120709553 0.7946144843418197 6 5
6.19157026130468E-5 0.6630654895923541 0.7324688868521011 0.6815918120709553 0.7946144843418197 6 5
0.1685365674159126 0.9392804709748411 0.3824803799732185 0.2990481379994214 0.7146127948610767 7 8
0.2759672163365784 0.23420360344947666 0.9875426565983205 0.18664296668216662 0.5077757824106603 2 6
0.1685365674159126 0.9392804709748411 0.3824803799732185 0.2990481379994214 0.7146127948610767 7 8
0.02058900006311626 0.5015496625669958 0.6355397821520197 0.2062335046391217 0.6676736516802539 6 6
0.02058900006311626 0.5015496625669958 0.6355397821520197 0.2062335046391217 0.6676736516802539 6 6
0.42100817082848174 0.4805402351915524 0.2522527459292895 0.17683566992000144 0.33009036757759425 7 5
0.06910534492517917 0.6125375542845756 0.31825559080414534 0.7386354744017927 0.12133754967966381 5 6
0.06910534492517917 0.6125375542845756 0.31825559080414534 0.7386354744017927 0.12133754967966381 5 6
0.3523775653158977 0.4098268914690403 0.7094198138933856 0.04062499824855337 0.8452641395730881 3 7
0.06910534492517917 0.6125375542845756 0.31825559080414534 0.7386354744017927 0.12133754967966381 5 6
0.3523775653158977 0.4098268914690403 0.7094198138933856 0.04062499824855337 0.8452641395730881 3 7
0.3523775653158977 0.4098268914690403 0.7094198138933856 0.04062499824855337 0.8452641395730881 3 7
0.4181538047729274 0.9223887345016132 0.8631752256239072 0.10344571245808332 0.4356240427840563 3 2
6.19157026130468E-5 0.6630654895923541 0.7324688868521011 0.6815918120709553 0.7946144843418197 6 5
6.19157026130468E-5 0.6630654895923541 0.7324688868521011 0.6815918120709553 0.7946144843418197 6 5
6.19157026130468E-5 0.6630654895923541 0.7324688868521011 0.6815918120709553 0.7946144843418197 6 5
0.1685365674159126 0.9392804709748411 0.3824803799732185 0.2990481379994214 0.7146127948610767 7 8
0.2759672163365784 0.23420360344947666 0.9875426565983205 0.18664296668216662 0.5077757824106603 2 6
0.1685365674159126 0.9392804709748411 0.3824803799732185 0.2990481379994214 0.7146127948610767 7 8
0.02058900006311626 0.5015496625669958 0.6355397821520197 0.2062335046391217 0.6676736516802539 6 6
0.02058900006311626 0.5015496625669958 0.6355397821520197 0.2062335046391217 0.6676736516802539 6 6
0.42100817082848174 0.4805402351915524 0.2522527459292895 0.17683566992000144 0.33009036757759425 7 5
0.06910534492517917 0.6125375542845756 0.31825559080414534 0.7386354744017927 0.12133754967966381 5 6
0.06910534492517917 0.6125375542845756 0.31825559080414534 0.7386354744017927 0.12133754967966381 5 6
0.3523775653158977 0.4098268914690403 0.7094198138933856 0.04062499824855337 0.8452641395730881 3 7
0.06910534492517917 0.6125375542845756 0.31825559080414534 0.7386354744017927 0.12133754967966381 5 6
0.3523775653158977 0.4098268914690403 0.7094198138933856 0.04062499824855337 0.8452641395730881 3 7
0.3523775653158977 0.4098268914690403 0.7094198138933856 0.04062499824855337 0.8452641395730881 3 7
0.6756852691548644 0.8402999601835397 0.04189657417447057 0.2824705694020353 0.47063015464823454 6 4
0.4834885089285297 0.07810499674663651 0.8295789518044624 0.20396813636416622 0.7271703009240393 8 7
0.4834885089285297 0.07810499674663651 0.8295789518044624 0.20396813636416622 0.7271703009240393 8 7
6.19157026130468E-5 0.6630654895923541 0.7324688868521011 0.6815918120709553 0.7946144843418197 6 5
6.19157026130468E-5 0.6630654895923541 0.7324688868521011 0.6815918120709553 0.7946144843418197 6 5
0.2759672163365784 0.23420360344947666 0.9875426565983205 0.18664296668216662 0.5077757824106603 2 6
0.9341077950077566 0.8490098048855417 0.32225716538568505 0.971298150429036 0.6823604624301838 2 3
0.9341077950077566 0.8490098048855417 0.32225716538568505 0.971298150429036 0.6823604624301838 2 3
0.02058900006311626 0.5015496625669958 0.6355397821520197 0.2062335046391217 0.6676736516802539 6 6
0.02058900006311626 0.5015496625669958 0.6355397821520197 0.2062335046391217 0.6676736516802539 6 6
0.02058900006311626 0.5015496625669958 0.6355397821520197 0.2062335046391217 0.6676736516802539 6 6
0.72733244585471 0.6162106221362313 0.23329693858861433 0.36307901786831265 0.2560553390723813 2 5
0.72733244585471 0.6162106221362313 0.23329693858861433 0.36307901786831265 0.2560553390723813 2 5
0.06910534492517917 0.6125375542845756 0.31825559080414534 0.7386354744017927 0.12133754967966381 5 6
0.3523775653158977 0.4098268914690403 0.7094198138933856 0.04062499824855337 0.8452641395730881 3 7
0.4181538047729274 0.9223887345016132 0.8631752256239072 0.10344571245808332 0.4356240427840563 3 2
0.4181538047729274 0.9223887345016132 0.8631752256239072 0.10344571245808332 0.4356240427840563 3 2
0.6756852691548644 0.8402999601835397 0.04189657417447057 0.2824705694020353 0.47063015464823454 6 4
6.19157026130468E-5 0.6630654895923541 0.7324688868521011 0.6815918120709553 0.7946144843418197 6 5
0.6756852691548644 0.8402999601835397 0.04189657417447057 0.2824705694020353 0.47063015464823454 6 4
6.19157026130468E-5 0.6630654895923541 0.7324688868521011 0.6815918120709553 0.7946144843418197 6 5
0.2759672163365784 0.23420360344947666 0.9875426565983205 0.18664296668216662 0.5077757824106603 2 6
0.02058900006311626 0.5015496625669958 0.6355397821520197 0.2062335046391217 0.6676736516802539 6 6
0.02058900006311626 0.5015496625669958 0.6355397821520197 0.2062335046391217 0.6676736516802539 6 6
0.02058900006311626 0.5015496625669958 0.6355397821520197 0.2062335046391217 0.6676736516802539 6 6
0.42100817082848174 0.4805402351915524 0.2522527459292895 0.17683566992000144 0.33009036757759425 7 5
0.06910534492517917 0.6125375542845756 0.31825559080414534 0.7386354744017927 0.12133754967966381 5 6
0.06910534492517917 0.6125375542845756 0.31825559080414534 0.7386354744017927 0.12133754967966381 5 6
0.3523775653158977 0.4098268914690403 0.7094198138933856 0.04062499824855337 0.8452641395730881 3 7
0.06910534492517917 0.6125375542845756 0.31825559080414534 0.7386354744017927 0.12133754967966381 5 6
0.7676193571828213 0.34279292830723507 0.3201582960286814 0.04113807926005553 0.03933910809509278 1 7
0.4181538047729274 0.9223887345016132 0.8631752256239072 0.10344571245808332 0.4356240427840563 3 2
0.6756852691548644 0.8402999601835397 0.04189657417447057 0.2824705694020353 0.47063015464823454 6 4
6.19157026130468E-5 0.6630654895923541 0.7324688868521011 0.6815918120709553 0.7946144843418197 6 5
0.6756852691548644 0.8402999601835397 0.04189657417447057 0.2824705694020353 0.47063015464823454 6 4
6.19157026130468E-5 0.6630654895923541 0.7324688868521011 0.6815918120709553 0.7946144843418197 6 5
0.2759672163365784 0.23420360344947666 0.9875426565983205 0.18664296668216662 0.5077757824106603 2 6
0.02058900006311626 0.5015496625669958 0.6355397821520197 0.2062335046391217 0.6676736516802539 6 6
0.02058900006311626 0.5015496625669958 0.6355397821520197 0.2062335046391217 0.6676736516802539 6 6
0.02058900006311626 0.5015496625669958 0.6355397821520197 0.2062335046391217 0.6676736516802539 6 6
0.42100817082848174 0.4805402351915524 0.2522527459292895 0.17683566992000144 0.33009036757759425 7 5
0.06910534492517917 0.6125375542845756 0.31825559080414534 0.7386354744017927 0.12133754967966381 5 6
0.06910534492517917 0.6125375542845756 0.31825559080414534 0.7386354744017927 0.12133754967966381 5 6
0.3523775653158977 0.4098268914690403 0.7094198138933856 0.04062499824855337 0.8452641395730881 3 7
0.06910534492517917 0.6125375542845756 0.31825559080414534 0.7386354744017927 0.12133754967966381 5 6
0.7676193571828213 0.34279292830723507 0.3201582960286814 0.04113807926005553 0.03933910809509278 1 7
0.4181538047729274 0.9223887345016132 0.8631752256239072 0.10344571245808332 0.4356240427840563 3 2
0.6756852691548644 0.8402999601835397 0.04189657417447057 0.2824705694020353 0.47063015464823454 6 4
6.19157026130468E-5 0.6630654895923541 0.7324688868521011 0.6815918120709553 0.7946144843418197 6 5
0.6756852691548644 0.8402999601835397 0.04189657417447057 0.2824705694020353 0.47063015464823454 6 4
6.19157026130468E-5 0.6630654895923541 0.7324688868521011 0.6815918120709553 0.7946144843418197 6 5
0.2759672163365784 0.23420360344947666 0.9875426565983205 0.18664296668216662 0.5077757824106603 2 6
0.02058900006311626 0.5015496625669958 0.6355397821520197 0.2062335046391217 0.6676736516802539 6 6
0.02058900006311626 0.5015496625669958 0.6355397821520197 0.2062335046391217 0.6676736516802539 6 6
0.9341077950077566 0.8490098048855417 0.32225716538568505 0.971298150429036 0.6823604624301838 2 3
0.42100817082848174 0.4805402351915524 0.2522527459292895 0.17683566992000144 0.33009036757759425 7 5
0.06910534492517917 0.6125375542845756 0.31825559080414534 0.7386354744017927 0.12133754967966381 5 6
0.06910534492517917 0.6125375542845756 0.31825559080414534 0.7386354744017927 0.12133754967966381 5 6
0.3523775653158977 0.4098268914690403 0.7094198138933856 0.04062499824855337 0.8452641395730881 3 7
0.06910534492517917 0.6125375542845756 0.31825559080414534 0.7386354744017927 0.12133754967966381 5 6
0.7676193571828213 0.34279292830723507 0.3201582960286814 0.04113807926005553 0.03933910809509278 1 7
0.07833548161501136 0.04189604753362608 0.33557097719502826 0.5340590516313994 0.020104344733125723 3 8
0.6756852691548644 0.8402999601835397 0.04189657417447057 0.2824705694020353 0.47063015464823454 6 4
0.6756852691548644 0.8402999601835397 0.04189657417447057 0.2824705694020353 0.47063015464823454 6 4
6.19157026130468E-5 0.6630654895923541 0.7324688868521011 0.6815918120709553 0.7946144843418197 6 5
6.19157026130468E-5 0.6630654895923541 0.7324688868521011 0.6815918120709553 0.7946144843418197 6 5
0.2759672163365784 0.23420360344947666 0.9875426565983205 0.18664296668216662 0.5077757824106603 2 6
0.1685365674159126 0.9392804709748411 0.3824803799732185 0.2990481379994214 0.7146127948610767 7 8
0.9341077950077566 0.8490098048855417 0.32225716538568505 0.971298150429036 0.6823604624301838 2 3
0.02058900006311626 0.5015496625669958 0.6355397821520197 0.2062335046391217 0.6676736516802539 6 6
0.02058900006311626 0.5015496625669958 0.6355397821520197 0.2062335046391217 0.6676736516802539 6 6
0.02058900006311626 0.5015496625669958 0.6355397821520197 0.2062335046391217 0.6676736516802539 6 6
0.72733244585471 0.6162106221362313 0.23329693858861433 0.36307901786831265 0.2560553390723813 2 5
0.72733244585471 0.6162106221362313 0.23329693858861433 0.36307901786831265 0.2560553390723813 2 5
0.06910534492517917 0.6125375542845756 0.31825559080414534 0.7386354744017927 0.12133754967966381 5 6
0.3523775653158977 0.4098268914690403 0.7094198138933856 0.04062499824855337 0.8452641395730881 3 7
0.6756852691548644 0.8402999601835397 0.04189657417447057 0.2824705694020353 0.47063015464823454 6 4
0.6756852691548644 0.8402999601835397 0.04189657417447057 0.2824705694020353 0.47063015464823454 6 4
6.19157026130468E-5 0.6630654895923541 0.7324688868521011 0.6815918120709553 0.7946144843418197 6 5
0.6756852691548644 0.8402999601835397 0.04189657417447057 0.2824705694020353 0.47063015464823454 6 4
6.19157026130468E-5 0.6630654895923541 0.7324688868521011 0.6815918120709553 0.7946144843418197 6 5
0.2759672163365784 0.23420360344947666 0.9875426565983205 0.18664296668216662 0.5077757824106603 2 6
0.1685365674159126 0.9392804709748411 0.3824803799732185 0.2990481379994214 0.7146127948610767 7 8
0.02058900006311626 0.5015496625669958 0.6355397821520197 0.2062335046391217 0.6676736516802539 6 6
0.02058900006311626 0.5015496625669958 0.6355397821520197 0.2062335046391217 0.6676736516802539 6 6
0.42100817082848174 0.4805402351915524 0.2522527459292895 0.17683566992000144 0.33009036757759425 7 5
0.06910534492517917 0.6125375542845756 0.31825559080414534 0.7386354744017927 0.12133754967966381 5 6
0.06910534492517917 0.6125375542845756 0.31825559080414534 0.7386354744017927 0.12133754967966381 5 6
0.3523775653158977 0.4098268914690403 0.7094198138933856 0.04062499824855337 0.8452641395730881 3 7
0.06910534492517917 0.6125375542845756 0.31825559080414534 0.7386354744017927 0.12133754967966381 5 6
0.3523775653158977 0.4098268914690403 0.7094198138933856 0.04062499824855337 0.8452641395730881 3 7
0.4181538047729274 0.9223887345016132 0.8631752256239072 0.10344571245808332 0.4356240427840563 3 2
0.6756852691548644 0.8402999601835397 0.04189657417447057 0.2824705694020353 0.47063015464823454 6 4
0.6756852691548644 0.8402999601835397 0.04189657417447057 0.2824705694020353 0.47063015464823454 6 4
6.19157026130468E-5 0.6630654895923541 0.7324688868521011 0.6815918120709553 0.7946144843418197 6 5
0.1685365674159126 0.9392804709748411 0.3824803799732185 0.2990481379994214 0.7146127948610767 7 8
0.2759672163365784 0.23420360344947666 0.9875426565983205 0.18664296668216662 0.5077757824106603 2 6
0.1685365674159126 0.9392804709748411 0.3824803799732185 0.2990481379994214 0.7146127948610767 7 8
0.9341077950077566 0.8490098048855417 0.32225716538568505 0.971298150429036 0.6823604624301838 2 3
0.02058900006311626 0.5015496625669958 0.6355397821520197 0.2062335046391217 0.6676736516802539 6 6
0.42100817082848174 0.4805402351915524 0.2522527459292895 0.17683566992000144 0.33009036757759425 7 5
0.06910534492517917 0.6125375542845756 0.31825559080414534 0.7386354744017927 0.12133754967966381 5 6
0.06910534492517917 0.6125375542845756 0.31825559080414534 0.7386354744017927 0.12133754967966381 5 6
0.3523775653158977 0.4098268914690403 0.7094198138933856 0.04062499824855337 0.8452641395730881 3 7
0.06910534492517917 0.6125375542845756 0.31825559080414534 0.7386354744017927 0.12133754967966381 5 6
0.3523775653158977 0.4098268914690403 0.7094198138933856 0.04062499824855337 0.8452641395730881 3 7
0.3523775653158977 0.4098268914690403 0.7094198138933856 0.04062499824855337 0.8452641395730881 3 7
0.07833548161501136 0.04189604753362608 0.33557097719502826 0.5340590516313994 0.020104344733125723 3 8
0.4834885089285297 0.07810499674663651 0.8295789518044624 0.20396813636416622 0.7271703009240393 8 7
0.4834885089285297 0.07810499674663651 0.8295789518044624 0.20396813636416622 0.7271703009240393 8 7
6.19157026130468E-5 0.6630654895923541 0.7324688868521011 0.6815918120709553 0.7946144843418197 6 5
6.19157026130468E-5 0.6630654895923541 0.7324688868521011 0.6815918120709553 0.7946144843418197 6 5
0.2759672163365784 0.23420360344947666 0.9875426565983205 0.18664296668216662 0.5077757824106603 2 6
0.9341077950077566 0.8490098048855417 0.32225716538568505 0.971298150429036 0.6823604624301838 2 3
0.9341077950077566 0.8490098048855417 0.32225716538568505 0.971298150429036 0.6823604624301838 2 3
0.02058900006311626 0.5015496625669958 0.6355397821520197 0.2062335046391217 0.6676736516802539 6 6
0.02058900006311626 0.5015496625669958 0.6355397821520197 0.2062335046391217 0.6676736516802539 6 6
0.06910534492517917 0.6125375542845756 0.31825559080414534 0.7386354744017927 0.12133754967966381 5 6
0.72733244585471 0.6162106221362313 0.23329693858861433 0.36307901786831265 0.2560553390723813 2 5
0.72733244585471 0.6162106221362313 0.23329693858861433 0.36307901786831265 0.2560553390723813 2 5
0.06910534492517917 0.6125375542845756 0.31825559080414534 0.7386354744017927 0.12133754967966381 5 6
0.3523775653158977 0.4098268914690403 0.7094198138933856 0.04062499824855337 0.8452641395730881 3 7
0.07833548161501136 0.04189604753362608 0.33557097719502826 0.5340590516313994 0.020104344733125723 3 8
0.4834885089285297 0.07810499674663651 0.8295789518044624 0.20396813636416622 0.7271703009240393 8 7
0.4834885089285297 0.07810499674663651 0.8295789518044624 0.20396813636416622 0.7271703009240393 8 7
6.19157026130468E-5 0.6630654895923541 0.7324688868521011 0.6815918120709553 0.7946144843418197 6 5
6.19157026130468E-5 0.6630654895923541 0.7324688868521011 0.6815918120709553 0.7946144843418197 6 5
0.2759672163365784 0.23420360344947666 0.9875426565983205 0.18664296668216662 0.5077757824106603 2 6
0.9341077950077566 0.8490098048855417 0.32225716538568505 0.971298150429036 0.6823604624301838 2 3
0.9341077950077566 0.8490098048855417 0.32225716538568505 0.971298150429036 0.6823604624301838 2 3
0.02058900006311626 0.5015496625669958 0.6355397821520197 0.2062335046391217 0.6676736516802539 6 6
0.02058900006311626 0.5015496625669958 0.6355397821520197 0.2062335046391217 0.6676736516802539 6 6
0.06910534492517917 0.6125375542845756 0.31825559080414534 0.7386354744017927 0.12133754967966381 5 6
0.72733244585471 0.6162106221362313 0.23329693858861433 0.36307901786831265 0.2560553390723813 2 5
0.72733244585471 0.6162106221362313 0.23329693858861433 0.36307901786831265 0.2560553390723813 2 5
0.06910534492517917 0.6125375542845756 0.31825559080414534 0.7386354744017927 0.12133754967966381 5 6
0.3523775653158977 0.4098268914690403 0.7094198138933856 0.04062499824855337 0.8452641395730881 3 7
0.07833548161501136 0.04189604753362608 0.33557097719502826 0.5340590516313994 0.020104344733125723 3 8
0.6756852691548644 0.8402999601835397 0.04189657417447057 0.2824705694020353 0.47063015464823454 6 4
6.19157026130468E-5 0.6630654895923541 0.7324688868521011 0.6815918120709553 0.7946144843418197 6 5
0.6756852691548644 0.8402999601835397 0.04189657417447057 0.2824705694020353 0.47063015464823454 6 4
6.19157026130468E-5 0.6630654895923541 0.7324688868521011 0.6815918120709553 0.7946144843418197 6 5
0.2759672163365784 0.23420360344947666 0.9875426565983205 0.18664296668216662 0.5077757824106603 2 6
0.02058900006311626 0.5015496625669958 0.6355397821520197 0.2062335046391217 0.6676736516802539 6 6
0.02058900006311626 0.5015496625669958 0.6355397821520197 0.2062335046391217 0.6676736516802539 6 6
0.02058900006311626 0.5015496625669958 0.6355397821520197 0.2062335046391217 0.6676736516802539 6 6
0.02058900006311626 0.5015496625669958 0.6355397821520197 0.2062335046391217 0.6676736516802539 6 6
0.02058900006311626 0.5015496625669958 0.6355397821520197 0.2062335046391217 0.6676736516802539 6 6
0.72733244585471 0.6162106221362313 0.23329693858861433 0.36307901786831265 0.2560553390723813 2 5
0.72733244585471 0.6162106221362313 0.23329693858861433 0.36307901786831265 0.2560553390723813 2 5
0.06910534492517917 0.6125375542845756 0.31825559080414534 0.7386354744017927 0.12133754967966381 5 6
0.3523775653158977 0.4098268914690403 0.7094198138933856 0.04062499824855337 0.8452641395730881 3 7
0.6756852691548644 0.8402999601835397 0.04189657417447057 0.2824705694020353 0.47063015464823454 6 4
0.6756852691548644 0.8402999601835397 0.04189657417447057 0.2824705694020353 0.47063015464823454 6 4
6.19157026130468E-5 0.6630654895923541 0.7324688868521011 0.6815918120709553 0.7946144843418197 6 5
0.6756852691548644 0.8402999601835397 0.04189657417447057 0.2824705694020353 0.47063015464823454 6 4
6.19157026130468E-5 0.6630654895923541 0.7324688868521011 0.6815918120709553 0.7946144843418197 6 5
0.2759672163365784 0.23420360344947666 0.9875426565983205 0.18664296668216662 0.5077757824106603 2 6
0.1685365674159126 0.9392804709748411 0.3824803799732185 0.2990481379994214 0.7146127948610767 7 8
0.02058900006311626 0.5015496625669958 0.6355397821520197 0.2062335046391217 0.6676736516802539 6 6
0.02058900006311626 0.5015496625669958 0.6355397821520197 0.2062335046391217 0.6676736516802539 6 6
0.42100817082848174 0.4805402351915524 0.2522527459292895 0.17683566992000144 0.33009036757759425 7 5
0.06910534492517917 0.6125375542845756 0.31825559080414534 0.7386354744017927 0.12133754967966381 5 6
0.06910534492517917 0.6125375542845756 0.31825559080414534 0.7386354744017927 0.12133754967966381 5 6
0.3523775653158977 0.4098268914690403 0.7094198138933856 0.04062499824855337 0.8452641395730881 3 7
0.06910534492517917 0.6125375542845756 0.31825559080414534 0.7386354744017927 0.12133754967966381 5 6
0.3523775653158977 0.4098268914690403 0.7094198138933856 0.04062499824855337 0.8452641395730881 3 7
0.11970994352605036 0.36427565304578413 0.2757627491081699 0.05420821043425117 0.3356657990539056 3 4
0.4181538047729274 0.9223887345016132 0.8631752256239072 0.10344571245808332 0.4356240427840563 3 2
6.19157026130468E-5 0.6630654895923541 0.7324688868521011 0.6815918120709553 0.7946144843418197 6 5
6.19157026130468E-5 0.6630654895923541 0.7324688868521011 0.6815918120709553 0.7946144843418197 6 5
6.19157026130468E-5 0.6630654895923541 0.7324688868521011 0.6815918120709553 0.7946144843418197 6 5
6.19157026130468E-5 0.6630654895923541 0.7324688868521011 0.6815918120709553 0.7946144843418197 6 5
0.2759672163365784 0.23420360344947666 0.9875426565983205 0.18664296668216662 0.5077757824106603 2 6
0.1685365674159126 0.9392804709748411 0.3824803799732185 0.2990481379994214 0.7146127948610767 7 8
0.02058900006311626 0.5015496625669958 0.6355397821520197 0.2062335046391217 0.6676736516802539 6 6
0.02058900006311626 0.5015496625669958 0.6355397821520197 0.2062335046391217 0.6676736516802539 6 6
0.42100817082848174 0.4805402351915524 0.2522527459292895 0.17683566992000144 0.33009036757759425 7 5
0.06910534492517917 0.6125375542845756 0.31825559080414534 0.7386354744017927 0.12133754967966381 5 6
0.06910534492517917 0.6125375542845756 0.31825559080414534 0.7386354744017927 0.12133754967966381 5 6
0.3523775653158977 0.4098268914690403 0.7094198138933856 0.04062499824855337 0.8452641395730881 3 7
0.06910534492517917 0.6125375542845756 0.31825559080414534 0.7386354744017927 0.12133754967966381 5 6
0.3523775653158977 0.4098268914690403 0.7094198138933856 0.04062499824855337 0.8452641395730881 3 7
0.3523775653158977 0.4098268914690403 0.7094198138933856 0.04062499824855337 0.8452641395730881 3 7
0.6756852691548644 0.8402999601835397 0.04189657417447057 0.2824705694020353 0.47063015464823454 6 4
0.4834885089285297 0.07810499674663651 0.8295789518044624 0.20396813636416622 0.7271703009240393 8 7
6.19157026130468E-5 0.6630654895923541 0.7324688868521011 0.6815918120709553 0.7946144843418197 6 5
6.19157026130468E-5 0.6630654895923541 0.7324688868521011 0.6815918120709553 0.7946144843418197 6 5
6.19157026130468E-5 0.6630654895923541 0.7324688868521011 0.6815918120709553 0.7946144843418197 6 5
0.2759672163365784 0.23420360344947666 0.9875426565983205 0.18664296668216662 0.5077757824106603 2 6
0.1685365674159126 0.9392804709748411 0.3824803799732185 0.2990481379994214 0.7146127948610767 7 8
0.9341077950077566 0.8490098048855417 0.32225716538568505 0.971298150429036 0.6823604624301838 2 3
0.02058900006311626 0.5015496625669958 0.6355397821520197 0.2062335046391217 0.6676736516802539 6 6
0.42100817082848174 0.4805402351915524 0.2522527459292895 0.17683566992000144 0.33009036757759425 7 5
0.06910534492517917 0.6125375542845756 0.31825559080414534 0.7386354744017927 0.12133754967966381 5 6
0.06910534492517917 0.6125375542845756 0.31825559080414534 0.7386354744017927 0.12133754967966381 5 6
0.3523775653158977 0.4098268914690403 0.7094198138933856 0.04062499824855337 0.8452641395730881 3 7
0.06910534492517917 0.6125375542845756 0.31825559080414534 0.7386354744017927 0.12133754967966381 5 6
0.3523775653158977 0.4098268914690403 0.7094198138933856 0.04062499824855337 0.8452641395730881 3 7
0.4181538047729274 0.9223887345016132 0.8631752256239072 0.10344571245808332 0.4356240427840563 3 2
0.6756852691548644 0.8402999601835397 0.04189657417447057 0.2824705694020353 0.47063015464823454 6 4
0.6756852691548644 0.8402999601835397 0.04189657417447057 0.2824705694020353 0.47063015464823454 6 4
6.19157026130468E-5 0.6630654895923541 0.7324688868521011 0.6815918120709553 0.7946144843418197 6 5
6.19157026130468E-5 0.6630654895923541 0.7324688868521011 0.6815918120709553 0.7946144843418197 6 5
6.19157026130468E-5 0.6630654895923541 0.7324688868521011 0.6815918120709553 0.7946144843418197 6 5
0.2759672163365784 0.23420360344947666 0.9875426565983205 0.18664296668216662 0.5077757824106603 2 6
0.1685365674159126 0.9392804709748411 0.3824803799732185 0.2990481379994214 0.7146127948610767 7 8
0.9341077950077566 0.8490098048855417 0.32225716538568505 0.971298150429036 0.6823604624301838 2 3
0.02058900006311626 0.5015496625669958 0.6355397821520197 0.2062335046391217 0.6676736516802539 6 6
0.02058900006311626 0.5015496625669958 0.6355397821520197 0.2062335046391217 0.6676736516802539 6 6
0.06910534492517917 0.6125375542845756 0.31825559080414534 0.7386354744017927 0.12133754967966381 5 6
0.72733244585471 0.6162106221362313 0.23329693858861433 0.36307901786831265 0.2560553390723813 2 5
0.06910534492517917 0.6125375542845756 0.31825559080414534 0.7386354744017927 0.12133754967966381 5 6
0.4929744633420645 0.44294495893092967 0.05714381173550287 0.8041183048787077 0.25103829700137426 8 3
0.7676193571828213 0.34279292830723507 0.3201582960286814 0.04113807926005553 0.03933910809509278 1 7
0.6756852691548644 0.8402999601835397 0.04189657417447057 0.2824705694020353 0.47063015464823454 6 4
0.6756852691548644 0.8402999601835397 0.04189657417447057 0.2824705694020353 0.47063015464823454 6 4
0.6756852691548644 0.8402999601835397 0.04189657417447057 0.2824705694020353 0.47063015464823454 6 4
6.19157026130468E-5 0.6630654895923541 0.7324688868521011 0.6815918120709553 0.7946144843418197 6 5
0.2759672163365784 0.23420360344947666 0.9875426565983205 0.18664296668216662 0.5077757824106603 2 6
0.1685365674159126 0.9392804709748411 0.3824803799732185 0.2990481379994214 0.7146127948610767 7 8
0.1685365674159126 0.9392804709748411 0.3824803799732185 0.2990481379994214 0.7146127948610767 7 8
0.02058900006311626 0.5015496625669958 0.6355397821520197 0.2062335046391217 0.6676736516802539 6 6
0.02058900006311626 0.5015496625669958 0.6355397821520197 0.2062335046391217 0.6676736516802539 6 6
0.42100817082848174 0.4805402351915524 0.2522527459292895 0.17683566992000144 0.33009036757759425 7 5
0.06910534492517917 0.6125375542845756 0.31825559080414534 0.7386354744017927 0.12133754967966381 5 6
0.06910534492517917 0.6125375542845756 0.31825559080414534 0.7386354744017927 0.12133754967966381 5 6
0.3523775653158977 0.4098268914690403 0.7094198138933856 0.04062499824855337 0.8452641395730881 3 7
0.06910534492517917 0.6125375542845756 0.31825559080414534 0.7386354744017927 0.12133754967966381 5 6
0.3523775653158977 0.4098268914690403 0.7094198138933856 0.04062499824855337 0.8452641395730881 3 7
0.4181538047729274 0.9223887345016132 0.8631752256239072 0.10344571245808332 0.4356240427840563 3 2
0.6756852691548644 0.8402999601835397 0.04189657417447057 0.2824705694020353 0.47063015464823454 6 4
6.19157026130468E-5 0.6630654895923541 0.7324688868521011 0.6815918120709553 0.7946144843418197 6 5
0.6756852691548644 0.8402999601835397 0.04189657417447057 0.2824705694020353 0.47063015464823454 6 4
6.19157026130468E-5 0.6630654895923541 0.7324688868521011 0.6815918120709553 0.7946144843418197 6 5
6.19157026130468E-5 0.6630654895923541 0.7324688868521011 0.6815918120709553 0.7946144843418197 6 5
0.2759672163365784 0.23420360344947666 0.9875426565983205 0.18664296668216662 0.5077757824106603 2 6
0.1685365674159126 0.9392804709748411 0.3824803799732185 0.2990481379994214 0.7146127948610767 7 8
0.02058900006311626 0.5015496625669958 0.6355397821520197 0.2062335046391217 0.6676736516802539 6 6
0.02058900006311626 0.5015496625669958 0.6355397821520197 0.2062335046391217 0.6676736516802539 6 6
0.42100817082848174 0.4805402351915524 0.2522527459292895 0.17683566992000144 0.33009036757759425 7 5
0.06910534492517917 0.6125375542845756 0.31825559080414534 0.7386354744017927 0.12133754967966381 5 6
0.06910534492517917 0.6125375542845756 0.31825559080414534 0.7386354744017927 0.12133754967966381 5 6
0.3523775653158977 0.4098268914690403 0.7094198138933856 0.04062499824855337 0.8452641395730881 3 7
0.06910534492517917 0.6125375542845756 0.31825559080414534 0.7386354744017927 0.12133754967966381 5 6
0.3523775653158977 0.4098268914690403 0.7094198138933856 0.04062499824855337 0.8452641395730881 3 7
0.6756852691548644 0.8402999601835397 0.04189657417447057 0.2824705694020353 0.47063015464823454 6 4
0.4181538047729274 0.9223887345016132 0.8631752256239072 0.10344571245808332 0.4356240427840563 3 2
0.6756852691548644 0.8402999601835397 0.04189657417447057 0.2824705694020353 0.47063015464823454 6 4
0.4834885089285297 0.07810499674663651 0.8295789518044624 0.20396813636416622 0.7271703009240393 8 7
6.19157026130468E-5 0.6630654895923541 0.7324688868521011 0.6815918120709553 0.7946144843418197 6 5
6.19157026130468E-5 0.6630654895923541 0.7324688868521011 0.6815918120709553 0.7946144843418197 6 5
0.2759672163365784 0.23420360344947666 0.9875426565983205 0.18664296668216662 0.5077757824106603 2 6
0.1685365674159126 0.9392804709748411 0.3824803799732185 0.2990481379994214 0.7146127948610767 7 8
0.9341077950077566 0.8490098048855417 0.32225716538568505 0.971298150429036 0.6823604624301838 2 3
0.02058900006311626 0.5015496625669958 0.6355397821520197 0.2062335046391217 0.6676736516802539 6 6
0.42100817082848174 0.4805402351915524 0.2522527459292895 0.17683566992000144 0.33009036757759425 7 5
0.06910534492517917 0.6125375542845756 0.31825559080414534 0.7386354744017927 0.12133754967966381 5 6
0.06910534492517917 0.6125375542845756 0.31825559080414534 0.7386354744017927 0.12133754967966381 5 6
0.3523775653158977 0.4098268914690403 0.7094198138933856 0.04062499824855337 0.8452641395730881 3 7
0.06910534492517917 0.6125375542845756 0.31825559080414534 0.7386354744017927 0.12133754967966381 5 6
0.3523775653158977 0.4098268914690403 0.7094198138933856 0.04062499824855337 0.8452641395730881 3 7
0.4181538047729274 0.9223887345016132 0.8631752256239072 0.10344571245808332 0.4356240427840563 3 2
0.6756852691548644 0.8402999601835397 0.04189657417447057 0.2824705694020353 0.47063015464823454 6 4
6.19157026130468E-5 0.6630654895923541 0.7324688868521011 0.6815918120709553 0.7946144843418197 6 5
6.19157026130468E-5 0.6630654895923541 0.7324688868521011 0.6815918120709553 0.7946144843418197 6 5
0.1685365674159126 0.9392804709748411 0.3824803799732185 0.2990481379994214 0.7146127948610767 7 8
0.2759672163365784 0.23420360344947666 0.9875426565983205 0.18664296668216662 0.5077757824106603 2 6
0.1685365674159126 0.9392804709748411 0.3824803799732185 0.2990481379994214 0.7146127948610767 7 8
0.02058900006311626 0.5015496625669958 0.6355397821520197 0.2062335046391217 0.6676736516802539 6 6
0.02058900006311626 0.5015496625669958 0.6355397821520197 0.2062335046391217 0.6676736516802539 6 6
0.42100817082848174 0.4805402351915524 0.2522527459292895 0.17683566992000144 0.33009036757759425 7 5
0.06910534492517917 0.6125375542845756 0.31825559080414534 0.7386354744017927 0.12133754967966381 5 6
0.06910534492517917 0.6125375542845756 0.31825559080414534 0.7386354744017927 0.12133754967966381 5 6
0.3523775653158977 0.4098268914690403 0.7094198138933856 0.04062499824855337 0.8452641395730881 3 7
0.06910534492517917 0.6125375542845756 0.31825559080414534 0.7386354744017927 0.12133754967966381 5 6
0.3523775653158977 0.4098268914690403 0.7094198138933856 0.04062499824855337 0.8452641395730881 3 7
0.3523775653158977 0.4098268914690403 0.7094198138933856 0.04062499824855337 0.8452641395730881 3 7
0.4181538047729274 0.9223887345016132 0.8631752256239072 0.10344571245808332 0.4356240427840563 3 2
0.6756852691548644 0.8402999601835397 0.04189657417447057 0.2824705694020353 0.47063015464823454 6 4
0.6756852691548644 0.8402999601835397 0.04189657417447057 0.2824705694020353 0.47063015464823454 6 4
6.19157026130468E-5 0.6630654895923541 0.7324688868521011 0.6815918120709553 0.7946144843418197 6 5
0.1685365674159126 0.9392804709748411 0.3824803799732185 0.2990481379994214 0.7146127948610767 7 8
0.2759672163365784 0.23420360344947666 0.9875426565983205 0.18664296668216662 0.5077757824106603 2 6
0.1685365674159126 0.9392804709748411 0.3824803799732185 0.2990481379994214 0.7146127948610767 7 8
0.02058900006311626 0.5015496625669958 0.6355397821520197 0.2062335046391217 0.6676736516802539 6 6
0.02058900006311626 0.5015496625669958 0.6355397821520197 0.2062335046391217 0.6676736516802539 6 6
0.06910534492517917 0.6125375542845756 0.31825559080414534 0.7386354744017927 0.12133754967966381 5 6
0.72733244585471 0.6162106221362313 0.23329693858861433 0.36307901786831265 0.2560553390723813 2 5
0.06910534492517917 0.6125375542845756 0.31825559080414534 0.7386354744017927 0.12133754967966381 5 6
0.06910534492517917 0.6125375542845756 0.31825559080414534 0.7386354744017927 0.12133754967966381 5 6
0.3523775653158977 0.4098268914690403 0.7094198138933856 0.04062499824855337 0.8452641395730881 3 7
0.6756852691548644 0.8402999601835397 0.04189657417447057 0.2824705694020353 0.47063015464823454 6 4
0.4834885089285297 0.07810499674663651 0.8295789518044624 0.20396813636416622 0.7271703009240393 8 7
0.4834885089285297 0.07810499674663651 0.8295789518044624 0.20396813636416622 0.7271703009240393 8 7
6.19157026130468E-5 0.6630654895923541 0.7324688868521011 0.6815918120709553 0.7946144843418197 6 5
6.19157026130468E-5 0.6630654895923541 0.7324688868521011 0.6815918120709553 0.7946144843418197 6 5
0.2759672163365784 0.23420360344947666 0.9875426565983205 0.18664296668216662 0.5077757824106603 2 6
0.02058900006311626 0.5015496625669958 0.6355397821520197 0.2062335046391217 0.6676736516802539 6 6
0.9341077950077566 0.8490098048855417 0.32225716538568505 0.971298150429036 0.6823604624301838 2 3
0.02058900006311626 0.5015496625669958 0.6355397821520197 0.2062335046391217 0.6676736516802539 6 6
0.02058900006311626 0.5015496625669958 0.6355397821520197 0.2062335046391217 0.6676736516802539 6 6
0.02058900006311626 0.5015496625669958 0.6355397821520197 0.2062335046391217 0.6676736516802539 6 6
0.72733244585471 0.6162106221362313 0.23329693858861433 0.36307901786831265 0.2560553390723813 2 5
0.72733244585471 0.6162106221362313 0.23329693858861433 0.36307901786831265 0.2560553390723813 2 5
0.06910534492517917 0.6125375542845756 0.31825559080414534 0.7386354744017927 0.12133754967966381 5 6
0.3523775653158977 0.4098268914690403 0.7094198138933856 0.04062499824855337 0.8452641395730881 3 7
0.4181538047729274 0.9223887345016132 0.8631752256239072 0.10344571245808332 0.4356240427840563 3 2
0.4181538047729274 0.9223887345016132 0.8631752256239072 0.10344571245808332 0.4356240427840563 3 2
0.6756852691548644 0.8402999601835397 0.04189657417447057 0.2824705694020353 0.47063015464823454 6 4
6.19157026130468E-5 0.6630654895923541 0.7324688868521011 0.6815918120709553 0.7946144843418197 6 5
0.6756852691548644 0.8402999601835397 0.04189657417447057 0.2824705694020353 0.47063015464823454 6 4
6.19157026130468E-5 0.6630654895923541 0.7324688868521011 0.6815918120709553 0.7946144843418197 6 5
0.2759672163365784 0.23420360344947666 0.9875426565983205 0.18664296668216662 0.5077757824106603 2 6
0.02058900006311626 0.5015496625669958 0.6355397821520197 0.2062335046391217 0.6676736516802539 6 6
0.02058900006311626 0.5015496625669958 0.6355397821520197 0.2062335046391217 0.6676736516802539 6 6
0.02058900006311626 0.5015496625669958 0.6355397821520197 0.2062335046391217 0.6676736516802539 6 6
0.42100817082848174 0.4805402351915524 0.2522527459292895 0.17683566992000144 0.33009036757759425 7 5
0.06910534492517917 0.6125375542845756 0.31825559080414534 0.7386354744017927 0.12133754967966381 5 6
0.06910534492517917 0.6125375542845756 0.31825559080414534 0.7386354744017927 0.12133754967966381 5 6
0.3523775653158977 0.4098268914690403 0.7094198138933856 0.04062499824855337 0.8452641395730881 3 7
0.06910534492517917 0.6125375542845756 0.31825559080414534 0.7386354744017927 0.12133754967966381 5 6
0.7676193571828213 0.34279292830723507 0.3201582960286814 0.04113807926005553 0.03933910809509278 1 7
