Bin size: 190
Number of elements: 634
78
38
57
147
158
55
171
102
102
66
154
10
64
67
34
17
181
15
167
106
16
178
69
45
147
174
138
87
25
134
113
112
65
107
18
25
148
145
114
144
22
111
135
181
17
165
53
32
161
85
52
57
99
134
114
185
29
65
5
135
140
126
171
50
131
86
33
88
186
7
22
165
74
107
158
184
131
115
117
57
122
32
36
150
33
165
95
156
49
94
16
37
91
100
133
108
114
22
31
97
169
181
35
37
67
6
62
135
119
130
9
120
117
82
38
185
122
48
70
135
80
84
133
45
125
165
20
162
171
131
9
160
149
138
64
31
101
77
144
172
76
4
135
81
66
67
87
189
30
169
172
187
188
184
105
34
32
165
65
98
181
63
24
120
172
119
117
10
89
171
104
46
51
4
52
177
148
40
130
9
160
143
187
70
165
164
144
60
71
26
28
174
157
107
28
122
174
161
96
8
76
3
137
81
42
102
82
87
86
177
94
103
55
153
141
15
72
91
138
18
37
159
67
126
129
171
135
97
102
129
24
95
46
32
163
94
41
18
124
143
9
160
171
89
68
51
169
52
60
103
52
103
95
184
156
10
74
139
178
47
94
174
125
104
146
126
61
78
128
66
37
115
24
126
20
5
35
27
47
136
57
40
176
189
132
1
97
154
89
80
69
185
133
88
9
154
13
158
139
162
37
148
63
127
32
141
101
102
101
189
116
127
62
72
108
4
112
133
170
12
34
128
23
185
122
55
175
91
51
97
129
61
110
131
168
115
158
107
20
103
58
182
146
15
118
42
46
116
95
36
110
110
180
34
60
172
16
100
154
115
87
129
130
83
3
72
180
77
87
90
149
40
67
7
157
185
135
2
50
125
119
60
29
43
187
86
134
67
185
174
106
120
176
79
85
97
114
121
173
190
165
130
67
183
99
115
150
30
141
34
108
116
124
43
66
136
39
181
114
104
120
81
4
35
111
13
53
72
12
80
131
23
65
98
82
68
181
38
67
18
15
115
55
85
113
38
76
108
64
92
2
78
31
28
190
19
132
132
163
88
143
164
44
75
172
168
149
43
120
99
185
16
21
34
118
166
177
143
127
68
64
147
16
148
24
91
84
144
153
138
32
20
165
83
54
132
163
10
158
12
33
141
38
129
68
117
173
143
184
179
99
33
3
68
136
179
88
92
165
106
186
173
142
23
182
85
71
144
96
118
85
120
170
189
37
68
147
95
189
153
79
189
88
64
182
135
96
73
129
109
12
145
41
95
25
120
119
138
12
2
42
144
185
168
16
35
114
80
64
112
151
109
54
19
94
80
117
110
166
153
45
73
3
98
33
126
112
24
105
117
88
133
126
137
100
15
107
185
105
33
168
74
32
112
185
103
146
83
143
124
94
69
52
177
21
26
26
33
18
153
134
30
185
44
64
109
96
31
95
16
7
62
35
178
