Bin size: 209
Number of elements: 501
155
167
109
72
114
105
103
131
184
97
95
204
195
198
40
49
206
95
177
147
67
24
40
137
82
147
160
19
50
66
86
145
97
122
6
88
171
46
111
55
80
115
13
31
124
167
44
65
160
143
106
145
148
22
162
125
9
128
16
8
37
102
168
171
110
95
25
189
119
3
91
13
95
160
174
103
76
41
53
132
136
128
41
5
164
71
17
153
95
71
197
136
182
17
12
105
7
115
44
86
21
184
171
85
69
89
151
62
170
132
139
7
50
89
106
133
58
125
209
147
144
184
137
71
25
74
99
111
160
37
119
155
87
90
123
166
27
92
132
3
171
171
151
155
48
194
80
103
72
131
157
50
33
117
110
63
158
89
178
182
25
64
78
25
150
30
19
78
179
72
124
15
23
109
172
109
109
39
73
203
36
112
30
179
167
44
34
96
76
50
172
191
70
68
21
152
32
194
101
157
149
134
36
198
19
139
200
2
113
86
204
105
179
99
18
160
91
133
209
142
37
163
81
198
194
7
23
98
166
187
76
8
122
70
28
106
183
139
79
71
177
13
131
94
107
108
75
11
98
56
25
48
56
113
165
190
93
190
105
203
187
79
142
30
174
164
77
123
127
6
115
208
198
51
87
59
136
175
125
20
155
28
54
98
209
54
111
77
81
123
47
183
80
49
175
69
68
152
9
172
5
43
77
193
82
68
95
196
167
21
119
48
147
5
24
170
141
181
155
153
92
132
86
69
123
76
19
1
147
128
6
147
49
141
120
187
25
169
65
99
74
29
143
145
170
196
186
195
100
151
148
164
195
109
1
162
54
104
39
160
189
36
114
197
168
59
100
24
8
97
158
201
149
175
154
164
38
163
15
45
141
16
155
77
116
190
123
198
164
46
48
149
195
45
21
5
8
180
183
16
177
146
150
131
133
64
196
59
99
60
99
94
3
164
41
86
64
25
106
33
146
57
175
204
187
146
136
10
115
10
59
142
32
41
111
49
182
61
30
26
11
47
111
169
87
63
174
27
151
188
42
166
89
13
106
112
57
11
208
167
15
82
74
125
164
161
86
155
2
172
84
69
81
169
176
8
194
179
78
112
69
90
172
21
56
95
53
53
91
150
98
18
103
147
120
180
81
108
34
38
129
