Bin size: 191
Number of elements: 646
46
121
19
176
125
31
59
152
166
92
23
130
145
159
37
166
60
12
12
49
90
114
56
15
79
12
145
129
136
38
93
179
62
30
111
125
117
96
20
11
41
33
22
185
148
60
71
112
78
126
127
121
166
35
16
154
69
11
5
130
32
126
36
184
35
34
66
164
152
131
35
113
118
155
16
92
147
34
77
172
145
98
46
55
34
170
118
188
154
185
86
1
2
31
105
169
131
106
124
186
96
42
33
154
76
161
63
24
11
188
188
5
55
52
117
188
190
120
105
47
142
45
136
126
155
69
191
95
174
45
83
179
126
35
67
150
89
180
158
170
32
96
148
12
112
44
33
132
172
179
30
68
101
110
154
97
9
135
131
190
116
77
117
125
23
73
35
52
80
38
15
79
142
176
90
19
100
101
45
37
170
42
9
72
13
55
190
174
8
139
137
34
191
150
113
143
33
136
23
188
159
97
31
147
115
53
39
102
28
124
137
184
2
53
5
10
48
151
1
129
36
123
118
180
140
57
1
108
66
152
124
22
160
50
13
104
17
31
19
127
152
27
1
53
53
7
63
90
124
81
96
46
82
31
21
182
34
166
147
79
83
167
112
22
176
46
58
25
129
129
37
102
90
113
19
112
158
111
191
181
84
88
147
16
187
108
11
122
168
105
63
9
148
179
121
136
1
152
130
53
151
115
96
191
90
164
4
26
63
77
113
38
116
80
131
83
52
1
136
74
67
166
35
77
149
20
31
37
142
48
82
175
181
167
75
19
50
104
82
157
123
173
13
135
72
115
173
35
39
21
42
3
10
84
122
120
139
50
54
176
19
112
98
35
8
49
39
115
117
138
103
62
137
35
190
79
173
169
65
11
115
149
63
89
124
152
159
54
150
182
23
23
30
61
37
147
190
58
19
167
183
178
45
91
145
191
181
109
40
141
158
14
176
52
75
152
98
100
3
164
57
93
70
167
33
136
171
82
106
106
35
182
7
71
94
164
120
13
38
178
70
105
25
39
45
98
113
68
87
109
7
98
59
68
19
85
172
29
48
158
81
185
160
168
144
79
191
135
98
107
119
25
181
27
18
57
87
127
83
54
145
172
27
13
69
162
154
143
29
161
86
108
112
120
70
58
61
58
8
187
155
163
171
62
136
107
27
55
152
186
92
36
78
57
184
45
99
178
130
31
118
132
155
96
173
131
159
57
119
29
130
149
60
105
169
21
103
25
180
116
92
154
62
26
115
96
155
26
123
77
36
105
173
96
115
58
187
109
36
88
162
32
18
178
114
138
66
128
117
139
75
163
141
190
161
162
92
105
31
7
178
48
165
96
170
72
27
47
41
78
115
49
70
20
50
166
129
83
160
31
165
65
154
143
1
76
129
30
32
70
88
60
135
58
64
173
47
70
21
56
36
141
20
111
160
7
158
143
178
97
171
72
129
161
72
58
76
139
182
141
187
123
18
141
83
21
