Bin size: 278
Number of elements: 684
234
69
185
51
158
257
196
119
248
66
166
128
19
127
202
160
185
160
133
77
229
40
158
64
253
42
227
238
220
272
262
109
75
98
134
233
39
238
137
71
172
273
34
244
267
4
236
61
119
258
184
269
231
88
50
137
108
262
86
85
183
230
219
50
259
251
181
193
159
61
123
23
119
87
209
210
192
242
143
141
34
9
98
157
19
213
30
236
44
124
168
111
49
152
209
227
59
145
245
193
184
78
103
118
166
142
176
134
83
232
142
71
245
78
101
230
93
256
44
148
88
113
31
21
189
52
160
8
192
179
28
256
170
258
259
245
109
100
100
166
265
78
213
219
206
278
155
199
253
272
132
54
259
206
88
154
276
15
109
118
38
241
197
224
211
13
45
243
166
148
216
24
73
161
122
201
207
258
65
205
125
111
49
217
196
10
190
199
246
67
268
113
199
136
15
162
165
27
63
182
87
62
8
248
230
206
66
13
84
249
201
148
25
171
63
181
246
88
238
211
209
116
26
100
129
100
46
1
278
274
124
147
269
11
237
194
16
99
1
109
210
216
70
198
234
9
172
260
113
15
14
29
151
242
103
20
277
258
205
85
214
44
156
101
170
34
33
263
69
204
152
176
68
190
13
262
58
63
201
48
90
116
209
150
268
221
25
120
140
161
106
116
95
266
68
90
127
152
181
31
245
95
199
180
221
114
198
77
17
125
266
45
123
217
174
169
254
233
134
94
262
55
25
118
221
62
244
243
176
261
71
65
52
124
200
112
187
39
227
211
213
96
185
21
66
139
192
78
46
244
42
250
143
276
271
78
36
38
154
2
71
104
6
190
269
14
205
72
266
105
215
67
157
256
73
238
4
250
208
234
87
22
217
239
111
157
76
213
204
95
100
208
187
138
242
53
182
14
197
140
112
42
261
135
53
217
175
223
87
151
13
10
264
45
29
73
197
65
154
194
44
80
244
248
7
254
101
34
172
178
124
51
150
129
271
136
209
171
208
127
156
206
59
132
33
270
23
113
197
167
64
112
28
228
268
1
3
231
204
275
206
276
260
39
276
271
131
23
240
252
166
198
276
85
114
78
277
67
107
5
82
107
76
118
188
15
211
183
256
257
55
71
62
46
260
93
28
269
217
209
2
254
82
53
217
159
220
275
228
177
18
185
198
133
57
132
250
128
265
258
260
135
135
89
180
74
223
105
211
147
44
207
46
254
136
239
134
176
36
195
27
18
151
130
143
76
96
182
124
64
85
36
177
223
185
230
84
244
158
100
136
1
28
109
196
184
277
247
182
243
217
133
8
53
221
278
222
65
76
258
179
242
115
228
221
220
45
47
202
196
72
249
229
190
267
195
136
36
192
216
221
198
230
276
57
69
223
136
184
202
163
224
205
16
202
12
115
244
21
75
149
140
137
120
240
212
229
53
74
131
184
203
134
173
144
118
149
16
74
66
259
19
242
93
107
206
225
225
1
37
201
169
135
68
82
223
40
147
163
271
79
74
162
72
218
103
262
170
125
93
156
86
35
242
262
80
111
136
241
237
30
186
122
136
