Bin size: 122
Number of elements: 548
40
81
37
73
20
84
120
32
72
62
52
93
26
92
83
7
3
85
25
105
112
78
54
88
75
33
48
92
34
65
3
31
97
107
65
52
54
45
75
41
70
120
121
88
64
24
93
67
4
111
24
75
9
95
12
14
22
57
107
4
3
33
121
67
12
18
81
120
47
121
33
109
93
8
13
76
12
84
77
51
11
26
8
50
91
106
41
3
6
75
15
64
1
16
48
74
104
63
24
25
27
53
37
28
71
81
105
82
27
97
119
106
98
35
98
92
53
116
64
121
5
50
52
58
114
105
118
31
4
62
92
14
98
9
13
21
31
93
105
74
22
51
121
51
21
34
74
20
83
63
107
24
9
17
64
72
19
7
65
101
69
16
110
85
118
99
33
49
117
55
71
74
23
108
8
42
31
100
114
11
66
79
86
121
53
94
10
9
100
39
98
86
21
1
35
115
23
30
118
14
28
22
12
55
76
24
92
44
24
50
88
21
44
42
119
75
39
45
65
105
15
86
58
21
56
108
119
26
52
23
76
104
75
36
119
108
49
74
121
68
52
116
101
79
92
19
2
25
74
87
16
23
108
42
69
52
35
34
11
103
34
46
92
79
73
90
55
39
87
45
64
69
14
71
103
16
108
122
72
3
111
23
26
42
47
47
119
108
39
57
79
115
40
54
20
46
88
12
104
83
115
101
74
122
110
90
1
61
113
35
15
119
102
111
94
86
50
21
40
95
113
77
85
59
97
20
36
48
5
107
36
73
104
79
122
18
107
59
59
22
104
34
29
38
63
16
29
121
70
76
6
112
26
44
77
83
48
113
108
46
89
118
68
95
3
51
16
106
95
11
101
67
51
81
64
83
51
101
68
98
104
110
84
95
53
37
105
63
58
54
107
55
5
53
36
82
70
48
70
98
61
102
90
82
49
52
67
36
43
78
55
50
56
46
62
94
64
17
73
78
49
92
64
72
52
62
54
43
5
68
88
97
92
11
2
35
16
117
12
62
93
119
122
92
101
88
37
102
120
93
7
50
16
53
98
22
114
104
112
84
75
111
97
70
12
78
101
117
26
49
92
59
30
47
49
87
122
47
60
28
118
91
90
30
21
9
7
114
112
11
59
89
68
121
121
83
14
30
23
75
66
29
74
29
43
27
7
81
18
27
52
69
76
121
9
26
77
3
109
119
109
63
120
44
111
86
117
80
109
58
81
22
69
20
35
106
76
62
103
29
48
52
120
20
81
92
34
107
