Bin size: 167
Number of elements: 502
162
99
86
125
71
80
148
65
13
11
84
8
53
10
51
161
70
151
95
133
35
78
134
96
66
164
38
115
73
39
98
136
117
34
114
136
13
85
67
12
7
3
102
64
100
127
136
105
96
91
36
95
16
44
23
122
46
121
155
45
78
125
89
92
137
152
60
146
33
132
11
44
139
89
72
33
135
140
107
93
84
159
120
43
6
153
30
52
162
105
88
95
44
58
73
52
162
16
33
11
141
33
45
31
98
84
94
149
50
25
62
153
31
108
127
104
97
162
112
118
142
120
109
110
132
160
165
162
137
52
92
149
18
149
95
116
146
50
29
148
135
62
109
96
101
112
137
18
111
109
36
93
158
69
54
1
3
45
73
116
90
14
40
160
60
26
110
90
123
106
46
70
46
163
130
63
51
93
5
119
163
141
71
14
21
86
72
61
143
133
54
66
87
2
81
153
126
88
113
139
162
120
47
91
146
56
87
118
44
89
47
8
94
53
56
124
83
79
60
157
57
24
69
63
60
8
31
115
162
19
117
138
109
104
133
74
63
30
31
49
164
157
98
117
124
30
3
10
9
151
160
124
17
96
150
51
7
19
64
152
39
39
87
145
155
155
115
152
114
40
162
44
137
162
117
132
35
110
78
129
100
53
112
50
3
128
144
60
74
147
167
110
91
40
107
111
7
99
58
25
106
28
86
75
100
93
163
142
67
3
131
32
150
28
163
84
28
149
163
111
8
145
140
71
33
106
96
130
104
20
44
133
15
118
128
160
73
105
75
144
24
139
87
135
13
13
14
132
4
145
78
166
149
128
131
48
87
71
57
62
36
148
138
31
41
17
4
158
145
86
41
106
86
72
58
31
47
61
136
90
146
154
49
111
137
163
56
69
146
119
39
28
9
140
57
148
28
127
46
118
25
111
26
62
165
111
155
9
101
134
133
115
89
64
105
127
155
78
49
126
152
92
140
124
18
55
62
77
107
30
135
160
149
97
85
84
129
139
16
116
34
102
149
115
43
117
92
89
47
139
132
167
14
12
51
166
59
44
41
84
34
15
164
67
148
3
45
131
80
159
34
90
127
124
144
100
162
127
167
13
153
101
80
135
62
133
143
144
52
84
147
152
83
152
60
88
31
74
72
107
163
36
