Bin size: 223
Number of elements: 515
57
58
119
129
49
41
94
1
77
57
206
128
180
167
80
8
120
43
189
99
54
138
198
195
57
1
185
43
148
223
204
198
96
114
160
37
129
201
100
99
160
132
185
35
154
111
2
77
72
102
46
167
193
219
147
56
218
193
144
99
173
221
100
146
170
116
55
58
40
181
24
77
182
3
126
170
197
212
57
78
49
219
164
176
192
197
114
171
104
88
3
69
19
205
56
19
78
28
156
27
214
127
205
180
61
51
88
100
116
199
14
112
37
125
214
122
167
144
138
138
132
151
165
191
141
45
4
149
166
37
190
96
193
142
41
138
84
178
138
128
66
85
107
132
196
44
104
208
119
82
41
52
7
199
187
117
64
126
13
68
44
218
211
93
86
67
13
96
207
156
97
219
127
190
60
220
60
166
64
16
88
21
143
131
49
2
103
97
219
51
14
152
40
29
48
49
83
211
192
37
67
27
6
102
160
99
177
18
15
169
125
179
135
42
18
161
122
157
34
215
45
91
20
189
33
100
153
126
15
133
141
156
171
116
201
95
171
134
28
11
159
137
101
98
158
3
213
125
184
122
65
124
161
219
183
21
127
48
44
136
90
149
213
167
19
210
110
198
52
199
96
181
113
198
64
172
206
178
220
206
218
96
183
183
130
107
15
7
40
153
151
20
127
221
3
12
77
123
223
138
53
25
135
60
1
215
221
75
189
180
89
183
223
59
50
184
72
66
116
214
111
189
153
160
176
26
202
179
1
104
110
140
195
137
30
172
141
201
158
204
76
165
70
5
37
195
165
152
110
31
167
104
135
83
45
177
83
179
49
61
58
176
55
187
181
197
49
190
138
127
166
68
166
83
105
178
108
49
185
81
78
165
97
61
32
199
142
22
5
182
182
169
135
206
74
9
36
90
39
45
23
219
156
69
58
102
33
2
87
176
199
173
195
187
204
78
133
109
30
8
84
210
209
164
149
29
107
20
128
159
6
200
121
214
199
4
145
197
77
79
159
71
56
19
222
82
198
55
181
92
21
1
178
57
105
62
61
75
34
77
137
170
90
196
77
214
222
68
35
12
57
211
195
153
79
62
14
209
98
162
164
26
213
8
99
149
125
161
179
40
203
85
83
108
148
151
172
48
217
128
148
126
203
15
77
25
58
220
136
117
65
131
105
103
51
