Bin size: 154
Number of elements: 643
11
151
110
50
124
67
131
152
34
73
147
47
4
146
39
62
1
27
28
82
70
81
132
34
83
146
16
12
93
58
6
3
152
39
114
10
151
114
31
147
90
130
119
73
93
2
88
74
134
62
137
53
24
61
91
82
147
128
58
18
106
104
74
137
10
130
129
128
49
36
125
126
111
15
141
71
51
46
33
25
37
1
51
101
84
4
89
64
67
149
94
94
140
8
39
87
111
107
46
130
105
57
39
96
154
121
87
13
108
140
63
33
152
128
86
99
81
13
136
96
143
93
119
129
71
13
107
12
122
32
51
69
130
131
153
57
69
23
17
31
149
139
40
137
62
121
130
128
94
70
119
115
5
87
124
21
9
88
136
94
79
4
107
23
153
30
5
57
119
72
120
51
112
57
81
121
37
116
62
44
94
150
74
107
25
113
74
101
99
115
75
73
120
11
91
145
82
81
131
124
109
99
99
76
118
128
88
2
24
117
67
7
80
51
43
62
151
116
71
52
56
127
135
63
99
124
118
123
11
102
88
88
80
10
120
53
21
133
92
87
42
54
57
116
101
46
114
115
14
2
95
22
118
110
70
12
4
121
147
82
115
65
55
55
132
106
112
83
77
148
20
149
12
44
56
97
12
20
42
121
144
135
88
85
41
6
45
133
115
67
68
124
106
27
13
148
121
58
30
47
111
106
111
29
81
62
12
93
32
43
147
33
4
18
91
43
135
58
146
128
115
12
154
66
132
104
39
134
15
79
152
54
105
5
150
114
63
128
105
117
118
47
80
6
50
104
89
43
22
120
91
8
90
34
1
143
1
18
28
18
131
128
31
144
61
4
110
18
153
52
15
3
137
15
105
86
147
93
68
150
56
76
52
13
29
13
127
52
2
66
56
49
33
79
107
40
49
99
78
61
133
6
82
3
86
46
103
86
19
47
102
113
9
1
137
117
127
58
67
33
56
136
30
6
76
83
119
9
148
142
58
23
7
41
34
53
34
153
1
119
47
151
14
96
104
37
50
29
59
55
51
153
145
132
130
54
66
42
18
70
109
51
118
91
61
116
67
139
107
97
86
86
103
58
8
58
87
16
41
4
127
12
97
77
9
144
68
101
120
49
154
16
140
59
122
148
27
3
116
95
53
36
126
139
116
111
97
98
26
33
29
153
146
145
75
113
109
31
75
123
16
93
113
79
33
85
106
23
150
5
85
54
69
131
71
88
64
150
42
66
76
139
5
99
61
73
108
147
18
124
79
54
129
112
54
104
27
54
90
96
121
22
121
13
133
31
15
93
151
44
92
144
128
74
13
59
134
57
96
149
78
121
154
36
90
86
86
143
10
115
65
84
61
31
151
48
141
100
57
153
108
108
70
64
108
111
4
111
97
115
43
98
16
20
84
79
102
13
145
7
148
118
36
24
152
153
76
115
87
58
30
100
68
24
41
80
14
95
51
125
40
109
113
