Bin size: 226
Number of elements: 505
15
123
7
88
191
216
192
89
140
179
27
87
158
56
74
20
22
90
172
207
105
29
16
84
56
156
191
40
185
86
156
127
90
70
215
163
7
203
48
116
225
149
149
122
110
19
63
93
157
216
209
145
166
53
72
169
106
151
222
115
113
177
88
198
59
78
118
224
114
125
85
220
35
35
219
118
220
101
160
65
24
143
45
167
51
52
196
214
157
109
226
188
164
74
62
176
104
91
13
60
95
169
77
200
168
53
83
156
83
139
178
204
32
2
64
35
196
211
120
55
216
149
137
209
142
101
155
157
60
83
109
136
168
197
118
44
120
218
217
59
92
179
107
154
178
175
102
190
163
210
95
66
202
182
124
1
4
165
204
76
90
53
189
38
115
85
16
187
213
124
154
114
46
141
82
105
67
177
45
2
94
45
75
86
97
176
180
222
74
137
24
8
58
71
5
130
77
112
80
14
201
132
142
30
70
9
172
218
132
93
20
130
174
225
94
213
160
14
218
11
182
60
133
70
92
155
183
112
49
57
176
40
177
138
139
224
11
67
15
102
182
28
206
210
152
211
20
71
56
99
3
97
224
192
53
153
71
209
20
115
110
162
183
72
192
196
223
215
22
63
75
162
54
77
7
197
56
87
41
168
85
196
43
99
93
198
51
167
78
11
82
47
30
107
53
146
155
74
154
20
72
14
27
57
86
111
6
196
51
20
76
147
201
145
46
172
120
210
8
112
219
168
115
123
68
84
165
162
9
218
125
22
186
160
136
160
71
85
128
115
136
4
156
29
1
180
153
3
216
129
140
206
64
185
174
98
13
120
140
25
196
63
206
215
74
77
204
131
72
167
121
57
116
112
173
161
111
170
189
114
200
124
207
171
162
207
3
140
90
129
205
72
142
18
82
183
159
96
156
36
165
27
92
90
88
126
142
88
31
46
97
66
188
45
121
148
8
109
50
170
120
26
129
199
188
112
196
46
188
78
4
166
11
206
197
67
78
134
66
192
87
66
213
110
126
34
170
92
128
218
58
175
87
118
20
172
191
60
8
100
148
45
97
7
67
166
159
194
183
43
89
223
61
222
2
169
64
52
160
133
154
64
192
110
84
200
48
223
210
56
160
59
122
194
67
206
144
226
206
58
98
58
17
154
137
