Bin size: 152
Number of elements: 518
92
95
50
102
147
80
143
104
12
77
11
87
148
7
114
82
36
109
26
76
58
41
94
136
83
39
11
67
148
59
23
55
134
39
105
139
109
139
121
19
132
13
28
75
91
113
144
8
136
139
15
94
117
25
94
45
98
90
133
22
10
101
137
142
69
143
11
30
32
122
79
47
117
124
103
49
42
92
23
38
83
84
59
11
40
37
55
56
73
91
119
62
111
141
50
150
34
73
94
91
151
37
100
81
13
57
134
87
36
68
2
46
131
5
32
116
86
54
58
11
122
103
111
1
135
135
10
136
122
36
97
5
11
75
139
2
52
1
136
78
130
117
39
134
133
82
143
126
59
42
83
76
81
77
41
145
66
35
120
111
59
93
42
18
86
77
16
50
111
151
118
22
136
50
23
96
150
98
144
99
36
54
23
53
46
109
125
81
93
37
122
136
139
120
59
47
91
112
46
2
121
79
148
54
147
144
37
133
35
19
93
13
62
59
24
112
44
117
49
90
86
123
137
134
60
106
103
36
74
16
41
76
56
98
14
53
35
94
57
90
117
16
87
147
48
111
120
29
43
27
152
17
35
90
77
67
85
34
17
53
18
41
19
36
116
100
119
54
59
119
131
92
96
59
41
125
151
110
46
144
149
131
74
6
59
71
150
131
115
112
80
120
93
21
43
19
30
86
148
78
138
141
7
10
113
10
103
138
134
46
7
69
85
132
20
42
6
36
46
86
4
117
86
71
36
98
92
18
78
136
51
15
72
63
146
24
20
54
55
63
133
133
115
26
73
36
91
9
150
89
127
150
81
2
117
74
89
110
127
26
13
115
147
141
107
80
58
8
73
112
109
152
89
72
16
87
89
31
100
70
101
35
82
91
23
84
2
110
141
89
40
54
2
18
55
6
22
122
1
19
126
41
74
72
134
18
76
66
56
90
48
33
42
63
40
45
55
50
17
107
140
36
103
42
88
50
90
95
71
93
151
65
95
32
83
130
104
73
18
53
84
75
15
119
14
91
56
145
55
134
112
110
76
32
74
109
139
142
120
36
145
147
98
58
141
132
137
86
147
111
35
77
140
26
99
98
11
55
93
43
69
48
84
34
4
93
28
80
147
109
128
27
31
91
65
115
142
107
145
147
12
106
110
109
54
35
89
129
107
102
35
138
104
81
90
60
105
51
