Bin size: 211
Number of elements: 587
98
11
29
202
141
205
152
150
64
136
90
109
16
62
18
161
41
152
122
187
200
180
130
180
123
29
92
35
129
10
26
155
97
125
144
94
59
14
209
171
146
117
59
56
5
128
207
125
154
59
34
171
116
59
41
73
11
43
131
142
45
14
160
154
187
20
199
46
193
89
190
150
15
176
47
175
189
184
110
8
6
129
96
123
113
42
87
4
64
191
66
21
146
120
154
106
16
146
44
139
37
39
85
39
130
106
116
177
83
74
99
146
134
101
56
39
53
207
145
14
189
99
17
161
186
203
174
129
142
166
6
116
160
199
88
40
169
50
45
6
47
78
9
95
100
98
186
95
130
202
57
128
7
172
34
125
82
167
189
143
75
36
40
10
200
174
24
82
139
108
84
63
36
106
156
13
152
29
31
30
155
138
132
56
202
173
24
54
158
1
180
6
172
66
202
182
82
185
87
182
67
209
58
199
85
204
90
196
184
108
182
66
162
58
16
18
134
175
159
121
189
108
178
139
201
199
117
162
12
134
160
27
167
31
18
45
6
66
137
36
24
155
77
183
18
89
145
130
133
89
67
35
175
206
152
80
78
183
189
58
113
3
29
78
211
33
91
17
195
66
48
193
189
11
84
86
127
14
89
62
62
86
190
74
119
176
156
60
17
13
123
128
106
77
70
195
13
7
171
51
168
31
20
186
166
207
48
71
94
168
113
13
31
21
23
62
67
128
106
86
100
200
29
192
102
182
98
11
174
1
89
91
101
171
72
33
118
162
208
35
168
58
40
46
115
168
211
85
199
89
40
140
118
5
99
151
181
22
154
188
134
32
47
191
109
163
122
56
116
18
66
27
8
208
79
121
126
122
51
209
132
174
207
3
83
132
134
140
22
197
93
156
83
62
43
51
204
191
105
101
52
206
37
210
27
38
7
164
64
61
117
34
172
169
167
194
179
9
172
92
65
124
57
110
171
23
203
75
99
133
151
75
26
11
3
37
45
31
98
202
207
168
75
202
86
15
42
211
114
173
114
211
191
3
168
113
202
114
103
165
116
75
175
120
160
195
18
11
108
137
201
125
191
109
149
164
44
134
140
208
16
70
41
11
143
102
50
96
10
87
44
39
41
25
163
200
32
198
15
118
94
144
140
130
47
33
101
1
125
117
207
185
108
127
153
154
6
95
105
121
97
68
60
31
140
109
79
163
72
15
199
9
2
92
167
168
25
154
164
194
96
211
206
83
15
80
138
123
96
137
85
61
6
161
37
39
114
182
42
77
49
35
18
64
85
110
200
71
43
174
126
178
87
115
99
135
25
96
64
164
67
94
54
177
119
113
89
