Bin size: 111
Number of elements: 504
69
69
95
79
40
69
109
99
51
88
86
22
10
87
61
23
76
53
5
43
27
31
63
92
49
63
35
73
38
76
15
75
3
17
29
106
87
7
14
107
44
105
8
90
2
18
98
49
72
72
60
47
63
22
109
36
35
9
101
76
77
8
53
94
7
4
87
8
57
16
111
72
9
13
109
100
103
110
77
52
49
1
110
37
89
77
92
81
106
7
40
12
7
73
64
15
63
6
42
102
84
105
26
25
13
54
79
103
29
68
107
69
11
98
97
83
13
70
96
39
87
88
83
111
23
34
81
54
75
67
58
21
33
28
11
2
44
41
79
59
4
45
27
69
32
10
24
4
9
67
32
94
41
37
54
93
98
75
68
93
56
8
37
87
25
16
13
65
97
11
98
57
76
103
24
32
4
49
85
83
57
75
46
54
30
62
58
58
73
65
106
97
3
38
90
42
91
100
103
4
56
17
97
105
108
40
79
51
89
44
47
45
56
38
77
72
18
47
97
73
9
55
74
16
29
77
47
32
91
7
36
80
56
63
81
67
35
17
85
24
84
5
105
44
84
87
97
67
17
49
37
11
8
39
4
36
75
94
102
61
90
91
69
5
88
63
85
69
31
111
6
28
40
33
91
27
19
41
52
51
48
58
56
80
58
66
32
94
96
30
41
31
104
70
26
72
84
50
74
41
37
104
61
71
7
41
58
6
72
37
56
50
8
102
1
50
25
54
39
71
52
89
53
28
97
4
56
82
24
85
98
73
95
92
45
79
51
47
98
25
18
92
48
47
19
57
111
62
106
74
100
26
34
53
14
84
110
93
91
84
69
71
22
11
42
2
11
32
53
66
89
52
10
14
43
69
20
42
100
22
100
102
66
11
91
62
23
76
90
44
102
23
65
54
74
90
16
28
97
10
109
17
17
105
88
9
68
68
59
53
44
17
30
24
70
14
82
102
72
98
79
30
54
92
62
94
74
32
90
93
36
47
61
107
111
91
44
104
22
70
51
80
75
101
22
8
55
60
110
67
83
82
97
9
110
104
93
62
35
62
55
10
38
16
54
20
111
104
101
24
3
110
15
26
102
101
92
3
3
97
94
71
76
4
50
69
88
7
89
17
7
69
111
109
29
93
16
27
11
86
58
6
110
102
