Bin size: 157
Number of elements: 514
116
25
79
14
102
119
96
36
131
102
69
116
8
87
145
17
112
108
40
15
73
132
36
90
20
5
1
1
18
73
139
59
149
116
10
66
15
22
5
69
43
155
62
115
127
14
142
88
143
90
61
23
131
51
106
15
96
115
28
96
140
59
122
56
92
137
93
33
63
13
12
106
30
54
18
145
130
135
51
50
144
67
92
47
133
90
127
107
144
13
78
53
150
134
13
72
127
33
10
110
20
81
33
118
78
61
71
157
94
75
150
39
26
69
141
118
139
45
117
4
118
25
83
63
100
10
67
79
85
26
22
44
143
110
19
107
106
111
37
88
156
57
109
108
122
121
23
91
127
131
103
25
134
152
145
150
92
21
67
24
48
150
61
76
53
76
68
78
109
64
87
118
33
91
61
120
72
116
45
136
150
108
102
59
152
28
134
129
136
16
106
67
55
134
125
46
10
138
123
46
26
150
51
8
157
150
142
10
128
31
3
20
66
15
149
64
27
10
106
69
40
29
145
69
152
108
79
107
38
132
11
87
121
38
13
69
12
72
79
75
118
25
105
151
84
156
40
140
67
112
138
20
131
37
90
64
19
102
127
57
15
53
152
115
145
144
10
105
131
123
63
56
38
114
47
153
105
29
67
5
50
76
41
79
125
81
56
140
47
42
61
134
135
97
116
5
107
150
77
142
43
36
95
136
49
30
14
142
30
122
57
87
26
109
57
37
81
101
53
49
94
110
126
114
136
125
35
76
142
81
20
88
37
127
1
97
36
71
147
9
118
128
25
139
37
93
21
157
139
134
12
109
16
38
40
29
152
95
18
43
109
156
16
61
127
93
114
84
4
101
51
151
125
40
81
93
56
86
138
112
138
73
21
104
71
16
88
126
23
77
79
44
2
55
148
130
7
53
108
2
30
6
71
40
51
14
56
13
101
83
67
153
56
100
120
110
115
63
62
91
64
137
103
144
104
113
141
92
141
54
73
39
103
29
96
136
138
127
120
82
91
121
92
130
26
52
137
102
87
71
125
33
141
113
157
26
61
30
74
79
67
86
54
142
8
46
122
62
128
9
16
9
49
119
122
108
70
88
38
70
63
43
142
99
51
51
69
143
53
147
42
102
37
144
111
151
20
138
77
126
131
85
70
31
21
66
2
92
30
138
152
24
40
57
