Bin size: 258
Number of elements: 688
141
93
222
129
180
131
256
163
47
4
149
222
142
170
254
76
180
60
48
148
92
151
15
164
25
27
55
45
110
179
129
180
128
51
235
142
160
112
210
62
80
235
121
224
210
180
140
125
69
199
252
210
73
176
220
193
156
81
34
205
174
258
247
175
72
108
6
4
102
9
227
66
11
65
125
179
134
202
30
207
194
36
220
199
136
179
53
155
63
18
25
229
141
76
76
238
150
165
176
130
220
133
36
145
167
165
164
102
210
20
50
40
59
153
164
246
143
97
187
223
47
235
41
247
254
160
13
70
79
140
249
216
9
72
101
124
235
61
113
123
38
4
238
211
97
213
152
49
118
176
253
173
19
25
196
94
48
20
147
64
110
48
78
220
27
134
156
96
27
163
194
72
60
112
124
160
133
103
82
157
5
128
248
83
26
147
179
212
176
23
131
83
41
143
130
129
134
12
117
125
45
243
222
153
71
250
175
83
219
104
235
205
252
148
190
70
82
55
84
47
188
236
145
120
82
87
10
30
114
94
34
9
44
48
210
143
120
179
217
77
248
104
90
60
149
193
103
90
57
83
8
100
225
109
119
238
248
257
144
3
104
256
108
147
251
225
2
195
175
5
240
108
156
150
38
3
95
98
59
53
141
91
243
199
213
25
61
63
73
14
171
71
58
15
249
139
56
230
9
160
123
214
232
60
178
48
65
192
59
18
38
16
97
230
226
133
142
81
173
147
186
168
243
219
43
32
225
44
126
152
196
11
85
225
82
92
141
49
53
198
173
156
97
171
110
232
148
112
165
220
21
41
96
84
61
213
96
67
123
137
204
42
168
64
23
102
61
35
110
56
135
148
94
43
99
130
167
51
37
246
228
171
75
45
154
20
40
5
128
96
106
233
56
62
99
239
183
15
81
145
73
185
95
132
244
203
13
74
4
52
201
96
41
229
228
184
240
171
226
203
169
204
237
91
235
199
172
159
64
12
46
107
196
101
111
180
11
12
29
170
164
233
187
94
128
31
176
25
49
36
37
19
146
22
104
153
66
27
86
81
16
127
10
175
116
218
20
63
146
9
218
43
11
29
125
187
119
238
131
101
227
170
144
192
251
41
60
17
84
97
173
93
82
22
148
50
109
141
199
170
69
142
251
127
199
242
74
96
191
153
43
49
211
137
24
36
81
148
206
77
150
27
5
146
179
255
6
150
249
250
179
145
128
142
227
232
48
135
202
155
258
51
176
171
3
129
226
227
164
31
210
125
210
14
154
150
94
252
149
95
154
6
173
156
71
224
1
253
143
9
8
149
255
209
209
211
208
82
53
246
192
169
228
89
87
91
153
137
61
208
256
110
84
190
78
174
145
41
144
156
92
231
178
25
228
11
198
11
66
133
216
1
166
46
77
54
115
215
131
227
108
230
113
158
41
42
95
82
210
26
110
38
225
68
127
152
234
211
58
229
197
121
127
234
46
41
22
94
27
173
189
149
245
42
167
174
224
148
123
114
195
220
95
247
254
202
244
90
42
96
143
25
248
178
165
150
249
33
86
169
229
57
100
105
200
60
67
108
