Bin size: 235
Number of elements: 592
190
117
215
79
127
175
228
9
160
54
48
103
114
35
184
95
171
23
101
100
228
143
134
195
8
62
27
49
103
232
119
16
213
118
77
75
93
202
34
119
144
212
235
187
69
1
76
142
32
226
213
95
154
213
224
156
207
72
56
39
81
132
164
200
84
127
233
45
76
84
212
158
86
28
138
45
84
210
79
109
33
31
100
73
90
201
130
115
117
100
72
15
155
110
220
177
1
116
222
122
192
14
175
153
132
229
224
13
98
173
175
228
25
183
10
72
167
65
48
231
49
32
83
25
150
167
86
127
177
17
33
135
71
41
160
112
23
34
46
159
99
234
89
169
63
101
180
197
124
40
41
204
33
16
197
112
213
147
54
50
167
216
18
131
123
216
146
94
190
11
170
113
108
79
216
52
220
40
73
230
141
106
161
66
14
63
230
177
135
161
225
104
121
218
159
19
48
96
9
83
89
53
161
142
233
132
31
115
231
26
24
12
78
222
164
96
90
163
67
132
129
134
124
65
227
201
100
207
217
174
210
175
128
1
157
153
62
187
81
196
142
22
119
110
178
149
224
88
119
5
93
117
27
108
8
18
208
28
169
193
61
94
179
105
116
95
147
176
13
216
35
230
63
154
87
195
198
34
53
85
78
149
32
69
181
139
130
172
49
218
121
20
43
198
65
15
128
61
18
195
142
53
88
77
230
58
170
68
231
115
212
5
17
218
193
52
69
15
56
19
88
138
46
163
165
92
176
101
16
153
125
44
193
90
75
138
176
161
195
35
180
17
167
17
71
194
197
184
20
213
153
148
213
25
163
46
175
78
24
91
155
124
47
58
173
141
51
128
79
204
94
168
235
215
189
52
59
126
103
140
175
85
85
115
69
4
207
157
74
71
4
184
135
148
212
145
50
14
221
42
55
174
25
91
229
37
235
63
82
143
193
137
209
109
187
133
20
111
41
221
203
209
82
168
89
145
68
88
212
138
233
222
210
117
80
10
229
192
79
117
10
41
102
85
57
196
79
4
63
136
102
15
224
120
180
16
209
113
58
144
103
141
166
87
54
15
48
140
13
175
200
77
191
116
127
220
227
170
153
221
202
234
17
12
31
127
158
60
80
47
144
52
211
67
175
204
79
183
180
208
11
213
144
40
117
170
7
141
54
81
70
77
184
177
101
197
20
153
87
53
189
145
24
219
117
3
183
188
115
89
131
180
195
201
234
135
195
222
116
22
10
97
135
61
227
81
98
124
5
107
105
172
205
143
118
141
133
8
116
193
85
50
77
106
201
111
51
147
55
101
121
6
80
223
141
80
167
17
89
201
74
86
105
197
134
113
22
179
170
97
185
100
