Bin size: 147
Number of elements: 631
99
7
10
98
126
65
19
21
72
136
32
105
47
114
46
123
95
62
138
128
131
96
63
21
134
92
111
114
60
92
105
35
46
94
27
52
46
119
110
106
10
66
129
140
29
122
99
128
56
10
140
125
100
109
73
104
67
41
142
25
139
30
23
133
34
52
24
4
95
71
133
87
109
91
120
45
28
33
22
68
11
100
129
89
71
147
141
136
44
90
26
4
103
1
105
24
138
87
2
3
90
81
109
33
108
98
115
53
91
14
117
94
130
96
135
3
68
6
119
17
137
51
78
74
33
83
38
52
4
90
36
124
38
4
2
1
29
134
40
65
130
144
92
46
127
70
108
51
39
101
42
142
125
10
97
109
95
91
6
28
53
9
45
95
130
67
132
28
139
58
90
24
2
78
143
45
47
64
1
115
28
99
108
92
69
145
128
75
51
139
17
140
83
124
48
131
52
115
142
28
80
111
29
30
70
61
8
100
54
82
48
49
76
96
113
18
42
140
84
21
133
56
12
130
106
23
20
54
78
61
69
3
80
53
15
46
36
68
121
44
119
116
44
125
23
59
97
136
43
105
137
93
40
18
1
131
53
121
68
54
14
90
124
14
3
107
121
87
19
15
3
89
31
70
133
63
77
45
142
126
92
63
118
12
35
36
94
71
100
127
64
22
71
13
74
23
57
13
56
6
47
4
76
103
37
3
16
139
98
16
66
26
69
61
136
46
15
76
128
136
147
47
47
100
26
122
122
87
59
51
84
43
28
12
132
93
49
127
105
135
92
123
25
144
31
24
44
116
88
64
63
103
73
46
72
83
29
34
65
125
66
24
78
99
60
70
41
143
58
96
72
88
11
12
139
117
128
89
131
112
18
73
123
24
23
58
101
38
124
65
108
38
11
50
79
68
28
22
57
90
4
106
74
41
31
65
137
68
107
89
83
98
19
113
91
71
3
12
71
82
106
140
90
140
114
73
9
60
132
70
133
118
122
108
113
135
123
41
81
36
37
106
32
112
125
94
111
124
91
103
3
43
139
70
79
23
5
134
8
76
127
20
4
70
143
102
11
141
114
98
89
30
36
35
34
8
29
133
54
122
107
67
2
40
103
1
113
99
86
97
73
10
61
50
47
121
9
12
14
59
73
94
103
119
38
58
22
63
2
2
106
21
48
109
142
79
139
34
133
91
139
4
30
132
32
27
113
5
35
52
115
24
140
95
127
120
37
133
84
6
64
94
53
76
117
107
96
115
64
11
93
60
35
17
129
134
123
53
16
64
74
88
139
97
111
46
65
55
71
107
53
145
94
69
91
135
60
23
130
14
142
85
110
2
23
106
56
127
79
6
66
107
51
72
17
94
77
57
36
59
99
9
4
29
111
30
46
139
9
67
68
132
129
2
61
68
47
74
45
58
52
9
5
86
80
76
98
39
74
146
138
