Bin size: 272
Number of elements: 581
147
118
222
263
81
13
187
201
39
173
169
182
40
263
89
225
91
210
221
250
187
50
27
20
234
218
3
12
63
242
228
35
204
259
170
141
37
78
32
242
250
73
92
265
221
21
39
190
34
107
47
213
236
255
272
44
114
61
93
137
214
223
212
15
181
94
139
167
195
20
53
223
228
109
78
66
81
181
187
149
45
223
268
258
173
25
47
153
79
157
266
180
220
186
247
241
272
230
62
95
144
114
40
71
81
206
215
24
228
131
134
142
211
175
102
140
263
26
65
116
147
122
69
242
203
128
4
89
71
46
32
66
54
230
144
61
6
156
181
91
41
248
78
25
3
139
3
97
18
55
140
157
80
144
63
184
112
48
192
96
57
192
157
7
61
19
135
226
19
228
68
244
201
213
214
271
69
111
190
23
61
92
98
130
237
266
230
177
104
189
91
66
151
256
212
199
260
267
76
123
30
213
190
250
117
97
213
104
11
64
60
63
250
44
222
131
46
8
93
225
187
268
54
238
249
37
174
2
230
230
259
7
254
168
134
45
49
171
119
65
34
163
117
192
50
113
134
74
85
241
246
31
197
124
263
72
8
71
12
189
248
213
115
185
60
150
68
174
33
226
232
14
225
240
166
132
59
139
180
171
147
219
155
23
118
166
104
94
52
49
85
174
135
124
190
159
152
272
198
129
234
60
240
194
165
145
14
152
65
99
184
105
98
134
110
264
197
263
49
5
264
20
249
211
62
13
100
11
194
28
37
18
7
30
57
193
240
173
245
35
164
131
153
178
250
192
240
253
38
52
82
121
46
33
123
119
75
128
99
230
36
124
174
127
17
32
173
140
34
191
71
15
46
79
246
85
179
37
153
151
215
135
86
158
1
119
236
253
226
226
262
243
197
33
43
272
76
196
179
69
48
201
146
150
241
203
268
200
57
138
268
172
140
83
28
262
158
67
251
100
226
35
9
6
236
228
109
43
43
272
79
175
227
150
5
37
185
41
37
205
141
262
228
39
86
36
222
206
163
87
245
195
260
64
147
32
187
149
36
200
241
190
31
33
183
80
201
220
148
65
105
244
70
184
98
146
5
203
11
12
78
177
164
37
236
27
80
129
152
33
197
55
44
126
159
80
38
74
152
145
250
144
90
237
123
194
269
60
57
153
70
99
172
103
148
148
183
54
258
105
239
96
251
97
67
105
169
158
235
5
142
244
77
246
69
74
103
43
79
92
107
81
141
135
220
268
119
122
187
73
70
2
24
58
241
50
68
213
109
37
67
156
120
21
6
118
136
160
192
131
24
207
116
235
105
140
245
197
247
272
109
