Bin size: 132
Number of elements: 603
80
7
55
2
45
89
1
26
83
99
104
79
105
119
123
114
81
79
32
59
36
55
42
65
43
86
60
19
34
125
40
60
3
111
65
83
104
43
69
117
74
92
107
127
102
47
77
111
112
56
66
7
99
65
130
77
1
126
50
30
49
30
45
119
30
120
107
69
122
30
101
61
17
96
32
4
76
70
100
99
21
44
131
99
36
51
122
6
35
13
88
102
64
70
51
66
1
126
31
87
10
130
103
37
90
127
103
65
15
92
8
30
34
88
32
113
60
75
82
94
19
128
112
91
32
91
61
58
6
70
130
121
105
118
42
63
67
103
82
15
63
113
132
96
118
3
98
108
68
53
60
84
104
49
26
3
117
103
29
121
32
51
130
18
94
128
38
51
29
85
131
53
105
49
70
57
29
91
71
59
30
55
36
77
118
132
40
90
28
125
76
22
24
2
77
62
72
47
56
18
39
38
111
58
47
121
104
62
61
43
131
51
12
101
28
97
56
93
127
66
111
57
83
101
125
63
57
126
56
118
37
62
121
7
109
13
129
81
10
35
109
120
111
102
102
123
101
93
78
128
33
61
92
108
97
26
19
61
89
43
63
126
50
120
14
67
71
50
82
56
24
37
80
119
64
30
103
93
14
99
4
91
119
33
99
84
127
83
18
77
45
18
75
74
91
12
132
49
130
10
36
111
110
119
85
97
67
4
50
53
88
37
39
21
117
130
4
7
87
125
82
129
3
5
54
92
40
48
63
78
43
88
7
101
65
82
122
58
66
82
106
47
125
75
71
44
38
38
109
130
50
14
49
11
107
52
114
124
51
90
131
96
109
57
75
89
44
60
68
84
8
31
86
79
78
100
69
39
48
62
29
44
132
82
35
96
53
11
60
38
53
89
83
80
14
118
73
4
69
84
90
90
16
123
81
112
93
10
101
9
127
19
110
70
14
52
75
56
77
80
31
33
66
7
64
21
80
54
96
123
97
66
41
18
61
96
44
97
58
45
9
72
8
118
101
44
84
99
60
126
110
52
103
25
36
24
29
77
43
10
123
6
117
92
73
58
69
14
89
37
105
91
24
106
86
50
121
111
98
101
102
20
39
53
73
123
88
125
122
92
105
119
62
95
20
76
95
114
55
92
8
76
95
73
103
73
114
71
53
101
125
101
11
132
119
120
54
81
24
118
22
74
37
20
96
57
32
120
59
89
32
30
32
104
51
119
91
123
34
17
47
131
68
20
123
123
106
86
57
98
44
72
50
48
42
3
8
55
117
101
8
79
83
98
21
51
106
97
43
63
63
68
119
46
12
60
48
49
3
13
129
77
44
7
53
75
50
69
120
78
82
91
35
64
64
5
21
76
84
107
55
51
11
