Bin size: 148
Number of elements: 695
45
58
52
84
125
65
98
2
36
10
133
135
3
82
19
126
19
129
60
89
26
146
139
72
80
49
113
85
87
37
103
90
20
56
143
136
119
148
107
96
27
32
9
58
141
86
38
16
77
138
48
79
45
111
15
81
128
125
96
119
142
83
119
1
106
69
60
53
2
86
122
65
38
90
37
69
129
3
27
44
137
26
97
85
55
52
92
80
104
65
29
93
137
82
48
88
17
143
118
17
129
7
82
148
92
72
66
130
104
138
135
137
131
57
26
116
142
18
1
91
148
81
38
108
114
71
118
79
115
107
140
76
79
5
115
121
89
123
21
98
15
129
128
24
70
87
128
33
67
60
106
61
44
84
73
147
119
129
96
53
63
88
142
126
84
71
81
85
14
133
74
16
92
75
56
42
50
93
103
143
121
26
31
86
43
85
105
92
105
32
120
77
24
21
22
79
126
57
48
123
44
4
128
131
33
59
67
57
134
8
90
48
96
141
40
86
94
27
65
59
23
136
86
38
132
97
27
61
110
121
51
140
88
98
62
80
147
12
103
56
136
27
123
52
63
134
79
101
2
111
114
39
93
73
107
101
129
50
66
64
73
22
51
27
117
99
24
17
13
61
91
22
24
72
50
89
8
37
44
37
69
112
60
19
77
2
121
15
98
122
107
72
129
89
65
20
79
125
16
20
145
16
7
10
72
27
100
12
99
132
80
41
135
77
5
134
72
119
135
90
32
128
8
78
15
144
47
56
148
106
108
108
134
86
137
99
5
10
136
79
94
44
41
21
1
8
127
121
7
56
49
136
37
51
131
139
4
100
99
51
123
87
104
18
91
2
41
92
112
96
147
134
125
92
5
93
28
41
69
147
60
97
123
70
131
71
72
27
71
143
123
76
49
125
117
39
45
98
60
142
25
73
22
15
37
16
104
34
145
60
133
30
83
59
138
110
78
46
81
90
144
71
113
113
132
66
16
118
127
68
66
76
50
117
113
145
95
106
84
97
86
91
141
146
97
133
78
127
143
64
17
93
88
144
22
10
105
115
84
32
48
119
6
95
20
41
48
87
104
147
90
87
96
144
118
135
84
138
114
59
115
141
103
9
24
49
130
50
101
93
81
45
91
97
54
29
111
38
106
97
36
35
5
110
56
89
116
22
109
142
23
78
142
111
100
109
93
123
103
96
93
79
130
120
73
123
48
105
63
3
107
53
114
126
14
17
121
10
78
38
44
85
133
42
112
136
140
58
113
99
19
82
106
43
6
58
114
90
14
132
70
63
123
39
40
145
19
77
65
13
35
42
56
26
79
30
124
77
119
115
2
101
96
120
23
110
92
115
121
76
117
46
75
107
27
93
33
63
128
52
135
59
42
1
109
139
116
20
97
81
14
2
105
57
16
34
19
123
148
33
34
61
75
54
142
103
134
128
133
108
140
91
34
144
9
82
86
2
97
51
9
24
88
34
66
34
60
123
146
130
49
23
124
125
79
77
124
1
88
41
129
91
112
33
144
56
4
25
98
140
124
124
29
23
96
61
108
13
62
41
102
21
106
21
137
83
121
106
102
115
12
10
122
83
68
