Bin size: 275
Number of elements: 595
135
13
74
175
110
68
260
166
192
22
149
253
12
46
128
129
161
190
12
181
98
204
38
248
125
124
158
156
204
76
241
188
105
274
212
179
26
263
48
172
85
89
261
99
102
63
135
224
256
249
127
238
46
23
39
47
256
92
214
90
32
20
34
45
134
150
172
51
274
71
79
1
20
223
256
217
225
120
206
172
258
23
113
264
98
70
131
71
238
106
7
76
229
33
113
123
10
75
177
39
209
15
175
211
36
171
173
274
28
213
98
178
264
66
67
50
84
214
203
274
83
20
7
85
240
46
258
161
192
270
145
59
123
120
206
102
109
100
39
206
184
156
215
52
199
31
234
15
63
12
29
149
146
189
28
23
248
197
189
100
141
78
54
123
124
159
49
12
150
90
246
252
194
247
214
10
100
242
20
33
70
78
74
238
46
169
188
82
121
164
123
102
11
114
94
31
192
227
157
120
66
240
69
248
111
77
138
178
199
34
107
247
200
219
184
142
145
231
13
62
62
205
26
81
218
92
59
216
30
16
5
136
163
17
109
83
125
161
252
163
247
3
233
29
220
123
260
168
61
202
84
136
232
70
29
141
243
11
192
191
73
86
175
159
253
155
119
217
225
58
125
68
1
209
66
37
64
112
179
27
274
15
180
35
173
187
94
242
263
43
168
88
106
173
113
230
190
218
214
80
200
138
252
199
67
96
151
210
136
31
60
67
238
58
240
222
217
160
19
223
93
206
71
63
139
44
73
232
214
80
206
108
263
118
167
16
50
129
168
34
15
146
44
108
116
218
13
119
214
88
63
159
128
117
67
50
255
152
118
130
253
106
126
273
86
140
203
181
78
196
13
258
265
173
151
267
133
91
161
241
262
29
270
244
148
176
140
130
251
147
272
1
126
18
252
57
114
269
25
269
197
13
126
266
190
30
196
198
251
85
123
10
120
84
123
189
121
81
183
142
176
214
206
145
84
34
113
145
186
57
247
129
103
141
232
205
47
112
56
62
201
122
179
30
74
268
208
63
250
153
144
194
107
7
87
152
52
157
31
64
165
108
3
212
52
48
80
150
38
248
2
176
131
49
272
32
212
184
90
107
260
256
254
135
273
121
117
243
29
67
262
12
68
126
77
36
177
88
246
163
192
120
3
195
221
132
15
193
55
133
100
59
129
169
211
206
147
56
149
210
19
199
201
9
9
68
60
30
161
256
260
150
39
4
196
1
89
226
126
42
169
98
180
210
71
12
93
96
79
111
188
60
22
127
139
213
193
255
247
141
70
102
99
56
9
225
47
117
200
133
95
189
7
168
163
39
25
205
235
4
253
34
141
196
95
50
50
209
168
187
24
162
158
95
99
