Bin size: 152
Number of elements: 656
66
116
138
20
36
113
70
149
28
37
122
48
144
1
10
39
137
15
125
87
61
127
79
86
88
57
152
84
64
23
126
131
30
29
87
128
77
113
28
55
119
98
77
113
7
42
80
83
118
11
94
129
38
133
124
25
72
122
106
95
99
82
95
87
105
80
34
14
76
102
115
120
146
141
100
65
60
61
149
150
129
25
69
6
12
90
24
42
53
62
22
68
13
92
38
19
37
71
40
3
119
38
12
109
7
28
140
58
148
84
118
148
126
43
34
20
7
22
47
42
11
100
152
149
69
78
78
140
61
54
58
108
128
65
74
134
104
132
40
63
39
22
60
73
13
40
112
129
32
53
137
2
125
61
142
5
77
137
121
57
133
52
134
57
11
115
97
39
131
72
67
124
48
118
60
83
114
21
33
147
98
29
61
134
33
117
27
22
33
138
21
86
124
114
51
111
11
14
98
35
31
78
95
55
19
76
95
152
13
105
4
126
122
95
65
18
116
33
53
95
31
94
87
17
39
111
62
102
14
80
77
6
75
108
58
79
23
46
106
79
13
27
103
17
32
98
38
59
75
129
76
146
71
91
108
42
127
24
2
28
130
79
111
71
77
71
126
138
21
126
106
124
45
56
11
134
42
87
90
87
137
4
61
53
43
124
90
56
123
117
101
74
81
58
34
119
150
81
7
6
32
57
18
30
146
123
151
134
74
89
93
132
15
23
22
90
69
108
114
55
37
83
15
69
152
134
74
139
2
2
123
42
30
18
20
42
53
51
129
3
115
85
34
9
34
122
137
26
108
87
86
116
77
57
21
39
55
34
149
137
71
80
70
7
25
94
148
148
56
127
100
31
10
8
90
16
18
4
151
88
66
22
130
112
152
138
125
43
108
29
115
90
132
104
21
48
44
79
112
121
61
44
47
53
54
103
139
146
36
137
34
143
91
76
104
75
19
113
114
45
17
86
63
83
61
117
29
49
136
88
39
49
65
1
5
100
99
87
67
95
124
65
60
128
146
18
74
139
80
119
111
124
137
126
29
41
31
111
126
79
118
132
58
143
57
22
26
24
69
41
117
67
44
83
21
64
76
44
59
62
84
137
95
126
24
9
61
94
138
52
16
126
119
42
61
133
106
76
22
74
56
105
52
106
141
74
145
111
21
104
118
9
152
124
73
95
71
17
11
76
66
107
9
12
97
35
119
62
40
77
107
138
150
73
36
64
122
56
81
48
100
36
24
152
10
37
135
4
147
5
127
123
4
137
26
112
151
107
14
64
65
77
68
95
4
79
28
64
138
151
46
10
141
39
38
3
92
43
92
113
85
115
14
94
82
149
3
134
118
65
40
15
61
41
78
43
108
115
128
98
91
146
36
46
49
119
45
70
89
7
65
7
68
152
59
96
149
24
34
65
113
59
2
146
129
112
94
116
61
37
50
107
36
147
138
20
66
27
101
52
128
90
47
105
132
72
16
126
48
40
97
88
46
86
88
16
