Bin size: 281
Number of elements: 631
248
46
47
98
73
92
192
80
17
18
196
225
205
193
43
128
276
126
167
25
268
138
201
139
248
167
157
248
123
22
276
106
183
60
75
142
13
169
99
130
127
128
98
101
209
133
203
246
181
271
201
235
158
66
139
4
114
222
172
9
71
216
111
185
183
51
39
258
130
273
255
110
39
147
44
218
91
104
122
89
263
281
215
275
235
74
136
78
150
202
227
155
119
95
116
28
96
105
28
276
152
263
166
138
97
194
83
69
59
98
15
187
37
66
172
17
240
227
251
244
177
96
234
220
236
28
14
69
48
50
85
138
159
264
69
242
227
83
233
35
281
151
44
213
270
36
196
219
15
2
37
89
227
73
75
145
42
144
14
109
9
146
212
69
238
95
26
260
229
37
74
166
138
78
144
18
51
139
44
210
35
4
207
253
31
108
72
220
51
106
98
116
8
161
156
254
206
187
214
86
146
55
105
155
68
120
183
180
132
101
51
125
40
101
143
174
263
230
130
256
194
71
222
239
122
204
113
23
248
34
162
267
133
206
73
229
117
260
205
91
145
7
186
130
271
165
262
133
194
5
70
225
75
42
30
58
265
221
98
199
216
83
26
150
121
142
184
142
240
163
171
50
109
119
17
274
249
28
231
272
207
50
33
130
163
128
35
149
42
127
223
177
130
55
245
23
111
87
140
204
113
42
57
56
40
195
148
129
141
85
69
243
154
251
110
230
227
30
71
67
80
4
207
129
179
128
145
240
258
215
210
134
140
175
24
68
193
7
81
192
246
265
186
58
38
15
50
207
96
11
52
53
59
92
79
190
234
239
267
134
182
90
121
228
279
222
90
67
247
207
74
264
257
212
97
157
206
280
145
89
214
239
247
277
177
5
109
278
278
10
269
94
34
154
275
75
63
13
157
176
255
175
266
139
7
88
8
146
197
254
240
124
4
209
217
163
170
264
242
261
55
149
268
54
231
182
216
145
104
123
110
16
247
150
149
99
276
42
232
140
200
125
201
156
248
194
70
17
75
252
175
198
201
275
9
25
132
67
270
80
280
275
264
94
196
60
78
57
29
37
105
198
48
194
182
199
193
250
106
209
229
169
55
84
69
174
64
133
159
106
150
146
255
59
194
173
47
110
45
189
170
19
69
114
248
70
112
238
65
116
239
138
209
248
129
236
126
15
20
161
58
232
174
226
62
278
172
241
98
33
202
219
76
165
173
129
277
188
106
101
6
49
66
78
94
42
183
50
196
61
99
12
32
165
17
7
193
157
134
143
50
94
56
191
94
72
43
11
32
28
88
240
200
20
116
4
110
29
173
214
32
180
45
236
263
188
63
77
81
237
132
130
88
210
261
178
172
263
52
187
233
48
62
58
226
126
92
175
61
199
89
204
231
262
46
104
228
34
18
9
12
5
8
69
76
246
261
67
257
116
32
