Bin size: 147
Number of elements: 624
1
73
15
119
122
71
4
9
107
115
4
10
112
85
21
19
140
68
105
5
23
121
63
49
129
121
1
84
119
23
43
98
44
97
41
83
109
37
71
53
120
87
61
25
102
70
57
44
12
132
108
30
86
39
79
21
7
66
69
68
10
115
132
137
43
77
57
90
44
102
132
29
138
93
96
12
89
44
19
120
108
81
8
147
110
71
35
13
41
45
19
19
128
9
67
130
75
111
130
62
56
99
111
105
123
134
14
71
42
23
90
18
101
54
57
31
127
8
113
118
32
40
91
58
79
126
90
45
78
116
27
137
66
135
1
21
92
3
54
1
4
33
93
121
133
118
125
71
87
80
41
3
2
118
121
24
118
79
81
132
42
130
84
121
52
119
144
58
14
107
54
15
71
27
75
120
131
146
135
104
144
66
124
41
108
99
135
66
110
69
9
89
73
60
48
16
49
71
85
129
36
120
60
20
110
117
51
103
44
22
111
102
79
50
114
130
5
141
108
84
10
115
132
13
70
53
13
132
46
14
98
87
21
28
101
111
102
117
68
58
121
37
97
17
103
54
25
17
19
36
41
98
69
54
59
73
10
21
75
68
59
61
111
67
136
33
147
76
83
5
23
6
42
134
125
98
69
130
98
99
137
11
87
59
63
16
47
73
136
90
22
77
101
97
131
128
20
50
97
106
118
121
99
21
4
79
71
71
39
65
77
54
74
104
119
146
21
61
137
80
146
52
83
118
34
72
125
83
41
127
101
77
21
86
61
143
79
114
132
121
19
139
129
15
105
10
70
59
105
138
59
54
37
33
109
121
59
59
78
99
89
17
44
49
140
107
66
28
42
18
19
146
15
13
45
11
33
143
18
125
97
89
54
115
102
16
103
141
48
35
93
6
26
113
82
54
119
109
30
109
126
129
96
73
129
10
90
30
87
84
14
79
85
125
119
98
88
144
59
106
107
1
83
125
29
61
50
80
49
92
70
1
51
37
64
72
101
73
126
127
114
18
91
95
21
16
20
37
1
24
125
46
132
144
89
59
77
64
81
90
44
68
93
28
135
119
19
64
70
88
95
119
112
134
15
79
45
89
81
90
67
128
74
66
2
142
50
32
75
13
77
67
138
49
16
142
109
19
94
5
40
98
102
60
75
72
110
44
110
44
95
71
1
147
132
51
94
131
44
55
6
125
110
110
83
62
18
51
9
98
126
57
127
107
86
13
24
23
49
60
87
28
37
32
63
21
77
13
74
91
130
8
124
1
122
119
56
59
96
126
84
142
99
63
100
71
122
3
64
98
45
115
58
114
83
14
112
129
144
20
77
146
79
63
7
75
94
102
83
6
98
132
9
6
34
85
139
74
22
15
45
26
15
143
47
122
67
119
147
46
49
19
13
25
22
98
144
9
120
83
93
16
91
61
