Bin size: 204
Number of elements: 602
67
33
166
79
59
97
22
14
192
90
46
54
142
167
64
168
192
118
1
148
6
53
97
173
62
129
66
65
186
110
67
189
118
145
163
182
55
139
17
19
193
197
148
119
158
11
85
63
198
186
68
123
77
203
118
26
186
34
99
175
184
35
62
121
127
156
81
150
181
3
34
163
100
130
87
125
48
183
93
166
193
187
183
186
57
178
191
177
74
36
122
156
68
37
184
17
112
161
84
124
188
171
82
16
12
187
20
51
22
198
131
42
4
179
80
59
152
156
167
80
50
199
153
176
105
29
204
134
164
184
101
21
16
122
150
182
66
72
41
179
143
153
104
100
136
107
107
116
39
110
63
166
171
109
177
1
9
35
160
136
36
204
108
174
5
47
181
53
44
63
57
11
142
109
185
57
162
59
102
8
121
127
63
18
59
68
59
193
2
11
165
38
3
35
46
194
127
173
104
85
39
182
136
99
92
139
35
116
14
167
154
204
170
161
169
69
2
85
116
85
88
124
66
179
144
68
1
119
92
133
122
53
162
36
83
55
119
23
129
146
110
155
200
106
77
43
101
85
75
153
111
99
200
57
183
23
87
20
25
199
116
22
24
8
89
133
89
70
162
6
58
146
98
152
66
101
24
155
70
143
116
156
125
29
184
3
43
77
17
194
3
104
104
76
188
59
87
188
5
41
188
182
159
139
103
143
188
186
112
111
170
38
175
47
65
28
43
76
36
175
116
126
190
32
112
196
182
7
57
134
89
181
57
140
127
124
183
65
123
79
23
146
25
157
183
58
28
19
33
177
54
72
45
147
163
25
43
140
71
42
48
167
177
39
46
78
131
75
50
176
190
194
175
108
120
173
95
164
110
172
187
123
17
75
117
134
72
157
7
162
138
70
16
18
132
26
197
136
141
194
52
31
80
14
62
123
126
19
72
197
62
3
104
24
47
104
62
151
98
152
116
88
51
107
31
120
129
133
135
194
126
203
181
175
191
192
121
104
124
109
107
14
11
182
7
101
72
26
99
126
176
87
132
59
116
116
132
168
188
131
144
121
98
103
141
202
141
4
179
111
53
181
111
127
16
100
20
148
108
29
9
179
169
111
178
108
136
94
34
182
155
21
69
78
203
178
86
143
197
164
187
160
18
16
50
141
79
188
105
68
164
45
104
195
97
23
84
199
153
9
101
194
151
131
88
54
55
25
177
51
99
174
3
80
45
20
127
88
2
199
49
42
15
24
200
58
8
116
197
104
20
195
131
182
46
40
118
73
151
84
199
67
185
19
21
31
80
8
4
198
113
198
120
149
26
69
69
137
106
41
12
156
45
169
27
65
3
201
86
33
82
159
41
108
109
67
33
56
46
86
110
91
