Bin size: 223
Number of elements: 693
22
125
177
42
25
187
170
156
170
85
137
150
143
31
35
179
202
204
113
93
67
124
42
96
27
199
114
51
48
206
78
200
167
66
92
88
201
125
35
94
189
109
32
15
105
221
65
78
199
40
131
58
146
110
17
10
115
151
158
220
37
11
64
8
204
60
37
98
31
140
142
101
179
149
172
48
123
190
97
193
202
175
122
201
212
116
47
10
105
82
41
146
190
123
77
58
61
51
37
106
134
51
223
27
20
16
196
85
149
206
191
22
131
37
97
150
125
137
105
45
31
88
14
210
191
201
62
114
223
92
65
132
13
64
113
104
193
202
59
213
66
223
133
29
163
55
200
71
1
132
183
198
118
223
172
100
35
11
52
48
25
16
207
83
148
53
34
118
86
109
213
122
11
182
173
51
163
13
11
154
105
4
151
105
13
93
213
196
152
206
50
61
19
54
212
146
129
19
46
210
150
131
59
71
85
148
49
221
77
142
131
140
126
89
132
11
74
76
148
112
30
31
184
73
153
168
218
127
192
156
214
163
93
1
19
133
115
55
58
160
143
38
39
29
74
135
27
76
40
140
176
201
17
4
34
51
21
112
192
185
132
78
174
86
37
86
106
155
149
178
186
7
55
89
9
167
110
118
221
206
213
55
164
202
49
177
13
187
55
216
93
57
62
118
81
34
161
73
93
6
102
97
184
166
180
50
189
60
219
2
113
139
19
110
77
189
7
25
135
218
98
215
100
126
103
219
59
140
182
152
206
100
143
170
146
5
163
142
184
133
152
4
39
54
186
97
24
1
120
171
172
159
42
153
213
86
139
2
152
122
5
34
67
189
6
168
23
158
35
188
31
203
100
16
139
106
81
135
124
73
86
152
93
190
69
210
145
125
68
3
103
192
202
24
163
218
157
187
91
220
41
145
107
22
80
203
168
24
3
219
216
93
43
31
109
149
67
157
155
150
110
66
88
11
103
152
16
130
100
64
133
57
77
26
216
85
50
93
26
100
189
40
64
163
21
63
110
211
206
189
154
184
60
26
161
150
173
16
202
160
100
176
18
51
78
99
56
55
78
176
132
5
98
199
70
15
127
185
45
43
14
39
205
149
147
216
206
46
206
34
190
77
57
77
107
74
9
24
195
131
120
215
58
112
204
137
27
62
116
19
136
36
186
154
189
154
182
33
163
16
34
63
25
43
212
80
160
73
142
61
202
26
81
65
128
204
55
132
167
51
129
32
35
131
207
26
191
166
78
121
91
222
64
86
66
186
138
1
81
43
44
89
177
6
146
102
166
11
173
5
30
9
157
90
40
46
48
145
56
188
1
151
62
117
88
65
102
9
8
186
45
51
82
39
111
200
62
146
89
40
7
111
62
119
217
65
139
222
133
218
106
37
116
3
109
195
158
66
90
84
134
141
19
100
76
138
188
188
30
1
104
218
166
164
154
218
149
53
5
148
25
126
144
81
173
114
12
218
175
4
59
8
124
122
5
47
19
112
33
207
94
52
77
158
32
114
15
6
134
207
154
95
65
31
57
19
36
88
23
177
206
100
64
214
95
94
112
19
188
216
21
185
30
