Bin size: 185
Number of elements: 669
64
21
28
178
124
27
39
116
58
122
81
124
148
183
43
65
151
166
65
126
144
174
121
49
109
12
64
8
44
53
5
82
149
90
26
77
156
23
164
123
114
15
99
77
101
96
69
175
79
30
97
45
41
38
16
11
42
96
104
135
11
153
9
66
91
171
21
169
79
21
21
13
79
108
140
146
5
90
36
161
119
27
87
168
110
177
22
95
84
42
4
148
97
69
183
121
84
131
78
104
4
56
72
55
8
25
168
14
147
36
141
84
3
3
3
103
67
95
159
165
89
166
97
101
77
7
8
21
109
78
94
86
174
108
155
173
174
153
132
75
164
123
14
64
126
102
170
133
131
10
76
73
93
172
23
104
9
23
42
80
38
15
122
107
57
82
3
160
89
104
100
43
177
21
165
45
14
67
134
105
147
126
141
81
90
42
8
62
102
126
57
16
159
95
178
160
84
27
163
126
139
3
91
7
139
120
151
170
167
73
162
38
48
124
169
38
37
48
153
14
79
69
8
79
85
182
100
130
91
23
12
66
140
145
125
49
138
48
108
75
65
128
8
35
174
3
48
85
87
70
143
143
70
106
105
9
109
11
5
92
44
117
71
36
148
159
135
101
20
5
126
96
100
71
140
47
162
40
42
105
137
70
107
102
61
127
26
77
16
139
56
110
51
124
111
180
25
56
119
27
162
112
21
106
47
177
44
72
103
56
30
153
148
59
49
45
144
145
11
129
168
163
84
77
69
23
78
68
159
33
145
122
68
170
97
69
164
134
93
8
77
24
84
182
156
106
67
38
54
75
162
165
35
131
4
156
10
33
143
122
14
138
30
181
162
28
90
83
119
114
135
128
105
163
172
8
137
28
52
75
68
125
154
33
109
150
86
161
96
183
53
111
53
167
4
90
110
178
14
99
8
25
155
107
146
164
89
62
99
49
2
141
85
121
103
99
165
38
165
92
131
103
16
120
9
163
108
96
152
177
132
60
108
119
69
136
148
117
176
144
47
24
6
130
54
170
2
112
151
133
8
158
131
171
141
63
158
29
22
12
65
73
40
79
136
160
106
46
131
9
49
84
169
8
86
2
75
75
129
147
23
118
93
113
67
100
124
184
55
123
38
133
32
33
22
117
25
110
139
144
147
8
150
73
145
128
92
167
182
98
16
116
178
101
38
113
23
179
76
114
87
44
57
165
77
8
48
68
12
139
162
60
89
51
17
116
173
131
10
63
164
92
62
69
76
91
23
143
36
136
109
15
115
50
98
46
95
14
108
84
28
110
81
45
108
40
109
89
1
92
128
117
179
169
39
168
69
61
53
37
163
101
155
103
4
127
127
82
115
70
43
17
60
44
102
94
147
71
166
24
39
55
145
45
117
119
54
150
116
68
182
115
38
119
15
32
29
19
105
7
63
14
159
14
7
74
54
46
83
170
23
72
119
88
174
165
117
162
81
133
31
43
44
183
147
92
2
175
19
55
90
135
111
97
33
57
135
75
61
87
91
64
94
142
143
20
117
161
25
