Bin size: 189
Number of elements: 599
182
151
189
105
76
186
131
166
179
32
162
17
150
164
148
157
94
102
80
140
25
139
114
58
143
45
153
32
116
3
126
10
77
186
110
167
41
36
19
93
139
156
29
69
150
108
61
77
37
49
188
27
69
67
64
178
75
162
141
151
104
79
126
10
108
169
61
159
88
98
53
89
3
154
97
179
101
147
3
152
185
103
144
8
1
116
82
69
8
173
3
34
32
107
1
155
185
149
171
40
93
124
23
144
109
112
126
125
50
24
63
148
184
73
88
79
69
166
148
133
86
130
27
2
63
155
142
182
147
108
86
121
158
181
148
73
86
177
78
59
25
4
159
148
106
156
42
112
47
162
62
25
11
37
179
179
170
183
23
53
113
123
178
123
70
159
156
89
68
167
112
134
167
4
167
4
75
169
189
62
39
14
66
4
97
48
110
148
96
149
67
182
125
189
147
158
135
73
117
91
65
160
47
186
157
111
113
145
115
160
70
35
12
121
187
61
94
140
160
164
128
163
146
5
25
98
132
69
159
43
3
140
139
6
15
20
7
177
17
181
58
118
101
21
132
42
5
35
147
20
142
139
26
120
27
5
142
115
174
130
2
120
46
38
56
18
22
128
149
56
178
189
61
104
102
58
3
57
175
161
90
31
66
14
76
130
53
186
127
1
88
100
166
173
13
81
125
2
129
185
53
51
169
159
31
57
153
60
51
126
21
149
121
21
144
158
113
64
164
113
112
166
157
19
171
5
39
168
187
48
105
50
113
108
161
54
55
22
166
77
102
28
94
13
7
151
100
132
104
80
108
130
16
30
159
112
185
79
182
81
173
36
79
55
167
174
17
111
108
50
75
24
96
115
51
2
38
49
31
132
19
64
72
168
47
25
148
171
63
34
31
11
131
136
104
21
157
44
132
47
4
143
72
36
91
39
174
11
137
91
179
30
132
71
38
111
99
51
148
112
127
77
57
177
121
32
144
21
66
11
67
18
151
56
136
111
125
163
103
174
153
81
3
163
42
50
130
26
159
59
80
26
106
150
177
123
151
88
112
58
104
48
46
116
84
95
172
169
121
5
65
177
14
62
123
84
12
184
70
54
181
118
119
76
15
101
68
137
164
95
136
167
177
173
56
96
65
70
15
176
37
123
81
140
111
34
165
15
85
147
183
170
16
142
148
66
130
77
97
68
68
157
129
185
163
107
128
97
90
184
42
107
54
86
158
22
32
100
43
73
5
103
187
164
138
56
23
7
78
34
21
86
10
98
154
138
42
109
88
92
79
83
134
160
61
75
157
26
179
98
162
111
131
60
114
64
154
182
63
159
36
38
17
164
117
61
76
106
82
159
124
137
102
29
6
64
131
80
81
