Bin size: 187
Number of elements: 642
44
142
104
178
54
174
96
30
61
38
2
88
111
8
8
71
63
179
10
21
154
102
54
63
101
185
73
48
141
89
40
51
118
32
174
53
110
37
57
111
163
87
105
68
85
156
140
94
56
123
89
165
110
100
21
173
34
111
170
78
90
98
76
165
57
27
68
110
137
55
155
135
165
57
127
56
101
105
103
137
20
24
106
6
162
125
80
34
113
86
74
57
157
124
81
140
75
114
71
93
179
42
35
155
19
89
102
95
3
20
176
55
67
138
175
19
176
160
154
116
176
22
21
157
178
166
50
88
160
162
156
173
118
49
158
30
79
176
80
78
180
123
7
108
41
97
63
115
58
87
107
93
51
164
148
106
168
176
72
73
182
138
112
185
77
162
69
12
104
102
90
17
105
29
81
157
18
77
95
13
164
64
101
24
74
117
97
46
10
169
141
86
49
174
104
26
110
158
84
83
169
184
146
178
94
6
47
45
115
149
55
42
88
18
57
78
163
168
171
130
115
6
185
61
98
122
156
106
133
140
29
78
138
181
111
133
129
31
88
6
158
37
180
111
111
120
103
125
52
34
104
157
78
166
155
137
37
97
50
152
88
102
81
46
108
122
180
114
29
20
94
15
139
63
160
44
72
181
128
120
138
92
115
13
185
120
151
17
176
122
26
132
148
93
166
92
158
68
83
154
47
104
187
105
162
62
36
142
169
32
140
155
130
35
152
149
161
129
42
66
87
12
29
84
40
67
143
87
143
94
34
40
15
12
176
186
65
46
40
110
110
139
97
1
177
1
102
57
22
93
58
27
114
53
123
11
97
141
43
165
97
139
37
47
29
6
178
80
18
150
93
91
2
20
173
11
169
79
62
152
38
127
133
16
135
44
24
184
109
156
163
147
120
88
171
43
68
167
159
181
49
74
111
57
167
72
122
185
26
32
83
151
183
68
30
80
34
68
167
187
95
40
85
136
125
92
177
136
24
113
96
91
176
67
160
6
56
84
8
46
23
15
161
116
5
147
78
170
56
187
21
67
181
15
175
33
5
173
31
56
154
71
170
114
29
83
105
4
34
34
44
47
53
26
75
50
40
21
92
162
68
187
187
30
161
123
134
39
39
83
178
81
93
118
81
180
10
109
44
100
17
7
99
39
51
148
30
98
89
103
12
109
184
117
58
3
29
152
29
79
28
125
144
143
141
37
90
121
67
166
53
96
35
148
5
30
88
98
31
45
168
131
37
172
129
122
12
174
186
186
62
22
164
166
175
96
184
154
49
186
22
166
155
105
86
110
99
47
147
122
53
175
3
25
53
28
143
141
95
84
19
69
9
131
81
184
126
38
139
165
167
97
115
12
154
46
47
45
123
61
125
78
75
117
65
46
40
19
61
25
71
6
70
49
14
69
187
115
72
114
90
59
128
32
118
105
71
113
184
136
42
127
72
50
156
168
44
67
163
90
124
73
