Bin size: 130
Number of elements: 642
50
101
34
13
113
110
66
69
95
54
60
15
115
123
86
113
42
31
81
93
115
14
29
32
94
8
17
1
127
30
110
97
10
69
93
27
58
72
19
92
22
128
91
48
83
47
128
32
29
127
87
82
55
34
28
96
114
56
51
108
45
54
5
128
84
2
6
43
45
18
121
38
110
30
7
52
74
100
106
97
88
36
22
68
119
100
125
36
19
93
70
57
10
49
94
50
110
63
107
109
43
38
25
79
106
99
96
118
51
39
31
7
3
100
77
40
125
92
88
92
26
63
69
26
113
2
58
22
12
112
84
38
117
34
128
17
33
6
42
34
101
120
41
100
4
83
24
107
104
39
60
97
47
11
88
47
13
93
17
86
72
75
30
121
83
17
121
127
11
37
45
2
40
110
67
114
15
74
24
47
99
52
35
76
51
78
61
91
110
118
90
126
67
79
92
41
107
58
52
78
115
69
29
85
83
19
50
76
104
117
40
67
4
25
25
94
61
18
72
55
26
106
109
117
117
101
37
41
36
3
106
107
2
9
55
79
118
91
70
44
52
10
57
29
80
22
120
9
63
40
10
34
103
64
13
16
19
42
6
40
67
10
44
2
3
1
115
67
59
41
102
17
128
44
83
17
76
42
71
44
72
123
22
115
78
12
25
76
36
92
8
75
6
66
93
77
37
21
81
96
88
15
79
3
77
82
43
16
75
82
67
77
101
18
95
68
3
52
70
20
25
85
95
9
5
67
54
98
115
24
91
13
33
31
111
123
86
101
102
23
65
95
116
16
33
56
64
110
17
77
17
75
40
60
50
38
20
59
130
54
98
119
43
118
73
87
83
95
100
124
109
52
69
121
116
75
47
46
36
16
32
36
68
81
45
75
14
72
83
113
97
66
11
130
43
27
43
57
74
55
71
41
113
50
47
49
77
35
35
19
71
73
96
99
28
61
52
48
111
49
97
114
69
51
125
100
96
40
73
3
22
102
119
126
129
98
87
71
122
102
90
99
20
129
7
75
24
55
41
27
104
24
36
97
125
80
32
45
97
66
95
123
72
15
66
17
75
130
111
123
3
114
118
11
53
92
6
32
89
102
29
101
118
38
62
92
93
116
92
3
110
19
25
97
51
38
54
73
117
70
6
10
73
67
7
60
45
81
63
42
44
8
50
77
102
10
20
9
30
40
59
114
31
105
109
8
13
4
14
34
24
8
39
82
84
37
79
55
33
85
114
86
57
44
37
109
104
52
130
72
68
106
69
83
66
116
8
9
30
58
83
47
100
8
17
128
99
124
21
88
61
45
67
119
66
125
120
56
51
47
32
112
43
126
110
104
64
42
114
17
28
111
16
48
77
90
24
115
130
44
59
46
49
100
100
48
15
59
57
38
89
25
65
67
66
115
38
130
61
76
50
87
38
102
55
69
121
107
38
55
81
54
81
64
98
82
82
116
122
89
117
121
