Bin size: 163
Number of elements: 564
15
86
72
30
3
133
116
56
151
140
59
146
63
101
90
94
23
98
34
20
133
119
140
114
141
132
43
19
121
104
104
78
77
22
70
119
139
80
29
46
49
102
111
151
120
158
133
24
84
5
118
125
32
123
98
159
24
70
60
123
59
77
95
113
101
2
79
65
3
26
119
97
48
43
104
63
128
89
104
24
129
4
129
120
21
122
90
1
29
163
96
132
42
26
74
158
36
131
25
11
64
104
10
25
58
106
74
157
18
49
19
106
5
15
92
51
79
75
56
61
94
103
82
7
73
91
129
151
129
162
58
36
91
22
101
102
141
63
160
113
152
30
68
14
52
8
63
125
48
65
111
161
20
156
107
120
28
34
9
141
28
68
6
44
132
98
54
15
115
154
68
137
47
13
80
72
74
118
86
128
155
53
32
133
84
64
68
112
14
58
76
7
52
17
11
22
79
45
88
146
17
8
50
10
57
151
20
105
131
141
44
36
103
156
80
139
47
100
8
80
128
41
28
40
53
54
72
11
84
99
34
126
118
46
123
127
10
25
29
45
82
58
26
3
159
156
80
66
9
53
18
10
87
107
102
93
113
155
109
121
40
43
57
30
161
159
145
133
3
53
15
76
131
105
95
66
4
21
160
84
155
45
1
61
45
109
32
78
139
152
72
95
74
91
119
156
111
54
103
53
92
9
107
12
126
71
87
63
65
147
74
121
60
76
145
83
140
114
16
13
157
31
92
53
113
159
137
21
126
129
102
144
28
24
2
20
23
102
106
65
116
8
29
20
144
112
118
149
87
131
76
117
146
106
16
143
136
10
8
7
85
111
82
150
10
3
149
72
83
78
86
53
46
108
80
68
83
42
108
147
115
30
129
117
88
89
130
59
140
82
12
121
130
11
54
55
11
59
38
103
111
16
40
103
6
58
68
97
20
5
104
71
148
159
86
76
52
162
122
77
154
77
110
92
108
145
60
65
121
4
118
33
63
14
21
142
116
122
73
92
31
102
34
21
11
49
159
117
156
133
51
8
119
34
99
160
38
55
3
147
122
33
5
2
18
78
140
61
42
30
103
26
120
158
112
88
162
86
71
16
84
95
44
146
149
145
130
122
121
80
12
88
78
134
153
151
48
156
111
31
90
113
146
62
89
163
76
108
17
130
92
156
107
154
41
140
5
117
133
37
145
27
28
87
143
34
146
126
117
47
1
50
50
35
101
142
103
113
101
112
70
136
5
61
28
30
62
29
83
40
89
5
71
10
91
93
103
159
124
78
21
159
28
16
