Bin size: 214
Number of elements: 668
166
150
83
47
179
189
131
163
114
100
78
9
179
64
1
111
96
6
188
18
87
85
38
50
66
73
75
60
184
213
107
89
25
165
110
3
30
211
76
160
9
184
189
167
61
196
189
91
201
59
86
120
9
145
64
39
136
83
28
86
209
181
140
120
107
7
206
174
133
81
66
44
199
83
132
205
133
151
89
55
186
24
118
182
183
92
29
40
89
2
104
211
204
47
104
137
24
5
124
12
168
117
202
11
134
58
131
165
166
74
67
36
150
78
132
191
26
175
78
157
161
74
183
209
65
192
68
209
89
182
8
113
94
26
45
133
197
94
39
93
74
194
130
123
32
34
134
201
93
111
70
121
144
162
200
128
161
41
10
63
40
35
161
183
164
34
5
198
28
21
201
44
161
143
49
2
84
211
97
37
197
23
147
22
80
107
174
108
113
187
175
148
186
85
28
53
149
143
214
42
101
112
13
158
144
45
166
41
112
19
33
127
153
148
61
19
159
134
85
48
194
88
204
184
25
55
5
111
109
74
102
143
146
23
178
135
145
157
125
87
48
14
115
28
148
178
52
108
21
40
6
187
214
83
30
121
137
95
92
67
145
133
153
131
197
140
83
50
38
139
11
14
159
157
7
7
97
138
75
155
46
136
87
14
170
51
183
74
57
142
97
136
207
197
92
131
191
200
166
154
119
84
36
125
14
48
159
104
114
47
146
198
124
108
157
23
94
39
13
106
55
179
116
122
174
34
112
20
51
103
42
86
133
111
70
95
79
80
171
103
191
57
98
158
192
71
22
96
171
93
23
62
189
126
196
67
190
115
13
27
35
133
119
61
51
4
85
122
157
64
204
207
138
208
33
34
181
177
35
77
47
140
201
93
53
1
65
84
210
117
115
90
69
171
46
191
54
194
1
191
11
60
85
43
6
40
192
152
19
64
2
189
129
144
111
173
77
126
191
43
20
47
74
140
206
26
7
67
143
9
23
47
58
185
186
80
136
167
12
179
115
72
70
212
140
86
106
90
96
111
117
153
166
146
119
206
62
27
137
114
11
47
169
68
171
49
209
110
191
64
27
122
185
152
173
13
99
19
32
134
114
26
56
112
163
189
184
162
23
185
202
212
43
104
69
56
48
167
166
123
169
185
178
96
50
121
169
117
56
157
122
130
55
131
189
13
169
137
186
155
153
40
198
82
12
154
100
3
56
8
138
181
181
64
110
137
75
179
31
196
105
173
18
20
203
15
14
24
155
187
119
28
7
59
139
160
185
103
9
65
199
153
69
120
76
111
157
83
149
197
97
179
14
46
201
68
202
149
104
123
192
36
7
75
208
100
119
160
129
13
150
145
6
22
59
164
181
41
32
138
6
128
82
134
200
101
49
52
33
59
65
94
155
106
115
138
19
62
205
58
136
177
3
190
170
143
63
99
176
131
135
211
35
46
74
199
184
41
16
8
193
198
186
13
115
55
141
40
98
161
179
45
135
171
166
96
190
197
62
210
157
183
133
163
208
19
85
143
