Bin size: 181
Number of elements: 564
112
93
37
23
153
80
43
141
101
92
80
76
112
75
10
1
53
177
165
57
74
141
19
129
96
23
17
158
54
7
137
162
13
71
3
73
155
23
180
7
79
32
150
125
63
20
142
3
131
5
84
51
92
155
74
88
181
82
142
117
81
23
50
108
136
160
143
47
31
106
11
45
61
82
156
162
158
116
3
51
59
120
6
109
4
28
154
43
42
4
143
46
140
80
107
119
7
44
178
110
69
17
44
179
86
125
128
35
101
91
39
114
176
1
55
115
164
35
131
117
135
38
162
10
1
50
149
33
86
124
177
129
121
117
112
113
86
144
19
17
88
143
154
5
56
21
111
9
124
42
174
67
58
91
172
126
158
11
45
114
92
78
15
29
54
13
144
140
113
68
170
79
104
63
41
21
104
36
7
164
8
87
89
125
73
131
104
53
52
121
41
97
79
4
134
15
66
63
82
16
77
22
8
127
154
36
103
7
127
9
140
181
135
110
165
65
136
104
10
146
143
170
75
73
121
168
10
106
144
46
16
39
68
76
39
92
5
39
61
85
121
134
134
82
128
80
69
134
65
66
98
130
41
89
40
166
27
59
85
90
112
30
5
10
1
48
99
73
58
1
147
172
15
106
79
95
75
175
132
27
108
9
82
162
126
132
93
63
20
36
147
57
77
40
131
47
25
68
173
161
94
20
167
74
6
56
10
135
95
95
161
89
115
83
27
140
134
31
100
46
5
114
89
73
30
110
44
174
80
105
178
122
49
72
59
1
35
93
152
36
139
59
91
25
17
149
157
135
140
174
42
71
153
76
179
88
21
41
7
140
39
83
154
42
123
134
136
28
25
69
128
29
8
28
153
1
171
98
162
144
142
122
90
166
78
156
111
59
26
89
177
6
73
39
137
99
16
167
100
154
175
107
15
161
147
64
171
176
124
31
175
74
45
63
12
145
58
150
81
130
40
86
108
54
161
149
74
28
32
146
99
39
25
100
8
136
131
9
175
83
129
124
176
134
64
139
69
94
120
20
115
122
25
41
111
15
4
72
153
73
44
135
19
55
101
147
118
96
87
113
161
58
4
181
155
178
74
6
150
176
85
173
148
163
99
74
131
154
74
153
84
181
140
48
85
30
169
142
105
5
178
84
66
173
16
132
145
5
98
56
28
122
8
167
164
91
34
20
105
49
169
131
60
137
51
173
62
26
68
124
173
163
124
164
156
120
6
31
115
67
118
164
37
35
134
167
7
174
70
178
13
126
8
72
131
116
60
116
127
78
38
130
89
135
