Bin size: 248
Number of elements: 637
243
134
62
194
33
235
228
71
183
137
232
34
50
192
148
86
226
6
77
138
93
16
238
140
159
196
157
57
48
157
126
64
145
216
181
137
15
209
213
120
139
182
151
53
93
243
87
113
40
110
20
73
203
115
101
164
58
164
83
186
209
203
160
39
109
108
188
241
171
171
68
210
93
68
116
76
120
82
59
194
211
246
92
175
56
77
32
193
87
66
165
229
190
95
223
209
216
221
33
225
15
197
204
67
116
56
162
79
68
108
65
90
92
67
179
71
140
153
50
26
113
86
1
223
142
101
150
82
87
106
25
243
3
194
1
32
149
111
33
37
202
2
244
149
141
54
200
75
193
13
87
32
9
202
6
219
162
237
55
210
159
116
62
164
23
86
84
236
173
92
44
221
236
171
61
247
241
245
105
9
201
209
60
97
109
162
66
110
186
2
58
165
42
162
163
163
179
65
196
75
199
19
12
56
11
29
43
28
76
7
192
65
223
216
14
127
234
22
238
17
205
169
53
46
159
21
68
128
145
158
109
233
59
137
239
35
230
61
99
193
57
112
240
6
25
25
63
121
10
3
26
239
36
164
55
69
232
194
142
126
76
106
99
52
19
61
72
207
33
226
137
134
90
155
201
147
19
44
161
46
8
158
200
30
154
224
97
212
51
104
108
180
83
51
1
173
197
214
4
227
89
167
245
100
124
5
197
181
28
83
171
33
205
102
209
152
101
142
198
183
69
76
73
117
32
36
51
33
59
97
106
202
44
212
195
190
37
83
97
43
106
128
4
134
248
45
128
39
188
61
143
178
68
150
130
213
133
75
70
133
200
98
22
120
9
223
240
159
64
205
134
96
167
188
63
144
30
156
173
227
25
89
67
222
116
203
21
171
117
27
180
149
217
142
8
76
109
226
248
31
56
228
111
136
185
208
18
224
76
225
48
137
99
224
109
69
109
127
103
144
201
37
108
93
124
130
55
76
111
123
128
23
35
16
141
196
198
34
113
103
9
141
74
135
181
90
134
152
105
73
142
76
138
35
35
34
87
196
59
135
94
205
77
46
75
208
225
173
132
196
71
75
53
181
157
178
37
229
4
118
240
10
153
112
59
56
15
136
223
42
66
206
196
236
140
246
238
70
124
13
179
15
29
77
121
121
56
22
190
225
165
148
191
93
67
59
144
114
210
15
212
57
64
157
171
99
86
133
77
132
52
204
3
243
55
64
200
145
206
219
25
120
62
114
207
98
195
170
98
140
181
139
215
27
105
67
1
238
82
241
187
159
182
100
230
57
224
203
60
79
132
213
170
146
89
34
209
161
28
236
187
238
240
67
109
139
226
82
79
193
197
137
98
177
213
29
44
68
11
136
10
177
133
215
218
41
127
92
189
90
67
238
94
1
125
221
34
57
192
93
202
169
211
211
198
55
248
237
44
185
219
38
234
232
71
159
1
