Bin size: 163
Number of elements: 650
12
140
15
76
120
83
109
50
98
102
53
130
149
102
78
64
41
15
3
14
99
58
53
88
163
40
127
83
79
50
152
128
116
111
148
103
92
72
123
120
32
10
74
94
106
114
25
36
108
100
96
52
133
16
30
98
138
47
27
105
61
6
39
65
70
35
114
109
161
115
108
27
107
88
5
145
160
104
158
134
25
135
84
30
10
143
65
149
57
102
84
34
138
55
145
71
18
140
63
22
5
40
120
28
65
12
65
111
14
127
69
129
11
142
41
135
119
56
82
12
23
141
7
128
111
2
78
2
33
21
145
154
56
19
5
118
109
148
101
159
83
1
12
44
19
15
30
60
22
79
78
5
1
117
108
152
140
71
72
14
58
71
18
19
134
90
141
114
34
137
86
36
140
61
27
15
13
158
126
123
36
140
67
136
104
76
31
103
59
49
126
113
39
17
26
138
79
45
93
125
30
131
2
143
125
157
69
22
132
38
151
158
100
160
63
83
115
106
123
4
43
97
160
77
109
102
145
122
100
3
86
62
55
115
99
42
11
160
31
159
71
43
98
67
140
161
105
46
19
10
79
62
6
138
49
65
156
29
95
66
23
52
70
23
65
79
46
105
43
22
117
120
136
120
111
89
152
99
159
3
98
145
73
51
20
97
25
130
83
66
1
27
47
99
135
57
125
78
79
96
33
39
127
41
65
82
15
137
1
45
61
146
74
37
132
40
124
22
143
93
109
67
98
23
70
74
145
131
67
156
78
93
6
11
82
63
158
122
30
147
74
99
151
58
98
121
49
21
11
83
107
120
137
8
163
86
39
27
67
143
5
159
139
126
67
77
73
118
15
61
52
143
17
4
160
46
145
108
138
72
54
117
125
22
135
70
127
18
14
89
21
134
82
76
62
39
149
123
157
64
78
103
125
21
123
119
87
73
100
154
91
58
100
40
3
77
72
111
70
8
106
155
33
57
81
87
4
29
126
39
121
36
121
6
132
23
153
134
140
31
53
121
139
42
90
122
75
90
55
158
101
150
130
99
4
70
71
11
47
91
132
28
113
16
62
78
20
107
150
126
74
60
139
20
152
72
72
13
60
123
24
126
110
163
123
22
36
56
104
88
120
161
101
133
1
100
161
105
61
17
154
10
24
89
97
2
71
12
87
81
71
136
133
64
54
129
72
58
152
6
119
20
132
125
3
132
80
150
120
105
17
40
128
20
87
68
14
62
62
72
105
29
38
144
29
116
116
128
23
56
55
104
54
159
147
43
123
127
27
141
20
145
137
15
74
80
94
81
121
120
56
63
154
149
154
98
142
36
98
89
60
119
72
48
153
140
104
80
74
32
18
60
150
43
78
9
42
42
90
15
155
130
145
9
8
21
50
128
61
48
145
153
3
36
13
38
20
153
70
156
130
81
85
8
70
83
142
55
2
118
30
71
51
74
41
138
53
19
133
14
67
111
62
111
118
71
32
13
150
145
