Bin size: 198
Number of elements: 656
11
80
47
25
108
71
18
133
164
145
121
159
114
47
132
187
81
73
131
178
155
113
83
36
68
113
161
55
117
182
119
170
77
177
124
146
185
160
60
125
84
119
34
32
178
161
194
53
75
102
155
67
147
143
53
99
93
107
108
33
148
17
112
168
60
76
36
55
109
150
34
81
143
23
32
87
190
46
184
37
71
124
43
33
80
197
138
99
66
23
124
84
89
15
18
86
107
37
173
73
23
107
56
97
90
28
115
100
179
132
174
164
85
117
172
138
141
194
8
157
171
99
87
178
27
85
102
117
156
30
25
119
155
76
26
65
128
166
138
57
114
34
185
147
86
22
16
82
51
83
24
83
77
189
76
146
89
75
60
46
178
48
69
4
19
195
166
67
80
55
16
65
17
69
55
198
70
72
49
118
73
185
27
194
106
114
9
13
181
123
97
77
71
66
127
163
54
72
40
29
183
65
183
108
122
48
146
90
172
188
133
23
104
194
158
196
79
59
118
169
178
69
80
127
4
63
157
68
139
196
192
13
159
157
112
50
98
105
121
67
44
24
136
110
189
21
148
100
187
26
99
16
153
113
118
161
7
79
101
47
134
19
63
169
106
155
62
87
102
184
153
7
62
37
197
104
105
81
32
196
132
139
80
26
74
124
14
172
25
134
178
191
83
65
130
140
66
73
91
61
93
169
191
31
5
47
59
49
173
52
133
83
97
197
68
89
133
194
143
28
2
190
44
95
62
108
123
97
26
88
122
4
197
66
79
166
167
15
30
83
149
63
98
134
185
69
26
87
144
55
8
141
28
169
169
45
80
193
70
48
176
175
47
148
124
36
117
59
138
84
13
52
137
137
163
30
104
149
12
119
173
121
14
27
135
12
105
62
33
102
4
182
21
177
83
184
20
82
84
127
7
72
175
177
170
97
95
119
85
62
159
187
29
15
123
66
141
189
169
198
98
76
110
74
120
135
190
160
184
179
95
183
36
6
73
178
37
97
154
57
78
9
118
125
196
109
138
161
140
84
194
79
190
186
140
122
115
62
129
38
41
61
124
88
186
113
20
31
148
30
141
68
174
170
133
175
33
150
46
12
50
182
129
88
57
156
57
59
172
170
161
97
136
44
167
60
84
63
106
189
76
164
59
75
94
163
179
23
196
104
5
48
4
155
82
18
28
30
138
89
94
155
24
194
15
117
59
44
31
52
82
57
113
50
48
69
109
138
151
70
141
67
188
27
193
161
19
157
22
90
134
98
73
110
124
68
121
79
134
114
84
145
68
98
113
51
168
136
37
128
92
171
50
28
79
62
169
21
108
41
190
36
69
92
101
110
13
83
173
110
153
143
169
68
132
7
153
149
22
130
57
59
79
15
23
73
1
108
177
21
124
30
24
195
91
102
25
41
80
50
166
15
59
107
53
40
113
127
68
191
31
196
7
190
162
141
115
43
116
103
156
184
89
162
91
4
181
129
49
68
129
69
40
98
191
50
