Bin size: 201
Number of elements: 569
48
117
3
155
90
185
51
20
146
179
102
135
25
107
150
195
143
137
102
33
124
198
4
119
17
88
151
26
44
73
1
148
148
137
114
128
90
5
37
87
133
47
129
110
92
99
108
59
161
83
74
8
197
56
102
184
40
127
139
156
77
68
23
11
32
96
178
129
135
44
138
147
83
49
126
54
116
20
167
101
85
70
65
148
5
53
111
110
87
62
123
40
126
150
140
64
174
12
66
73
2
35
29
174
21
171
111
193
23
1
69
22
180
2
85
147
156
147
40
138
153
47
167
116
43
159
76
23
50
70
45
156
48
21
100
85
186
105
18
114
69
131
171
96
71
96
180
79
187
86
114
129
100
43
101
134
76
130
74
110
76
28
75
165
140
27
65
11
162
165
11
200
187
42
63
144
103
120
164
137
136
98
5
63
33
161
66
21
41
97
144
55
177
85
169
41
33
170
29
15
71
63
54
96
181
132
49
169
140
76
200
15
143
30
124
177
107
67
101
177
142
144
163
157
14
182
197
95
16
25
193
58
17
129
123
39
171
46
67
38
11
137
29
153
107
143
154
162
191
23
190
19
41
110
21
183
67
165
141
66
182
46
17
23
168
182
80
35
92
5
60
14
24
26
51
18
201
147
36
9
184
188
151
193
179
140
23
133
154
198
201
36
165
25
34
181
94
54
190
76
35
183
4
134
105
59
52
49
19
96
8
100
183
161
184
11
148
92
135
41
10
15
145
193
126
14
108
108
168
164
80
23
46
132
183
42
7
21
188
36
197
131
90
151
90
181
54
165
107
187
84
33
120
38
120
42
187
87
146
61
191
134
169
131
170
68
102
73
162
106
8
166
58
63
15
8
81
175
144
62
61
115
105
35
187
132
104
72
105
156
58
190
91
67
124
17
145
194
75
182
177
101
145
103
133
20
23
93
119
50
140
39
171
187
143
127
62
10
11
62
15
37
173
7
57
65
184
95
150
77
41
124
192
17
33
135
105
139
94
94
118
49
175
3
132
135
97
148
125
105
47
48
9
170
90
113
133
5
126
42
1
83
35
89
78
179
99
152
30
100
31
109
158
138
21
136
191
173
123
157
102
67
111
138
169
177
1
154
51
157
82
130
196
46
120
183
94
155
183
89
189
124
2
43
150
57
138
41
16
93
180
137
154
129
56
167
47
84
46
53
127
58
5
198
3
5
152
154
180
145
22
14
191
8
120
51
147
22
155
151
21
24
28
153
194
115
189
16
5
186
124
70
195
36
190
78
21
180
7
182
116
13
185
65
142
22
84
30
111
