Bin size: 207
Number of elements: 510
169
59
172
42
162
16
123
107
59
45
130
6
71
135
78
57
95
168
117
127
52
42
70
2
2
126
40
114
190
112
142
151
146
18
167
105
4
169
115
83
70
181
137
2
93
26
151
125
96
119
4
123
40
40
193
17
52
143
156
177
111
137
153
143
200
37
115
7
41
136
42
131
146
125
17
24
42
158
121
196
90
188
101
130
129
105
193
147
103
65
41
109
105
2
66
70
32
176
196
201
131
87
199
205
152
104
72
164
184
55
129
204
110
2
104
202
90
172
193
132
113
160
112
105
186
46
121
15
120
98
203
66
70
156
102
164
97
45
66
54
141
143
84
18
65
97
68
63
177
133
120
130
8
5
171
80
174
14
92
160
134
149
207
130
79
134
81
85
8
154
118
176
13
116
35
89
36
139
57
115
195
183
90
23
205
126
106
177
16
131
99
204
87
15
34
3
102
40
45
11
60
98
179
113
97
32
185
67
8
77
57
16
61
169
21
18
114
173
29
82
153
165
28
88
90
109
34
80
183
127
149
167
136
99
202
164
48
26
123
166
68
119
155
203
9
39
123
61
205
40
44
42
80
194
31
140
162
128
34
204
83
109
68
188
67
18
143
121
152
63
185
101
29
130
139
164
14
126
198
126
202
6
74
81
64
177
46
34
88
127
7
18
174
95
188
61
120
135
16
159
167
161
167
139
143
125
190
66
99
43
24
147
18
99
149
87
14
4
197
78
160
6
164
11
115
125
152
74
96
128
3
123
86
49
169
136
6
185
174
158
71
105
3
200
114
127
129
163
56
203
5
70
101
72
71
111
66
177
158
206
135
169
204
113
120
114
34
76
200
15
24
26
140
121
204
130
56
187
92
202
127
25
132
67
121
4
85
3
90
12
21
184
121
206
15
81
106
119
86
36
58
2
172
165
132
90
72
42
15
175
164
129
40
115
36
173
149
140
159
110
13
111
156
10
178
133
51
104
12
52
56
1
34
49
169
96
9
135
61
26
48
190
185
203
4
79
30
167
163
132
146
143
174
178
130
117
178
6
185
88
72
193
122
141
190
111
48
44
15
58
207
137
42
156
48
121
170
22
76
19
151
131
147
189
152
175
157
138
129
101
121
142
148
200
154
106
183
173
83
192
53
205
205
16
137
110
96
43
16
75
