Bin size: 298
Number of elements: 693
7
157
238
86
147
170
194
143
161
78
257
44
159
276
76
187
1
167
74
29
214
123
206
151
27
231
125
247
202
189
28
27
52
128
167
29
83
115
220
64
140
50
190
185
221
113
294
142
41
58
209
15
286
263
64
126
107
48
168
168
56
130
18
220
226
228
58
260
168
277
128
97
204
145
160
196
39
206
13
130
59
69
162
225
90
120
155
78
250
237
183
169
294
284
75
195
138
128
237
166
236
170
172
258
214
284
105
239
298
251
3
151
5
43
195
276
77
134
152
25
298
101
123
277
58
224
24
242
268
166
219
209
109
148
43
177
74
156
165
79
73
108
160
105
268
107
112
12
67
21
5
23
82
279
126
179
221
70
189
91
78
14
173
249
20
80
123
266
89
282
224
118
110
285
36
82
124
274
162
255
15
159
37
183
117
268
103
2
151
110
169
139
74
87
79
45
228
179
126
283
212
175
135
117
214
103
34
143
125
103
235
63
254
77
225
165
296
198
292
255
203
194
72
70
60
67
152
113
101
121
204
58
261
149
10
77
297
108
293
162
103
232
29
6
22
289
150
243
137
293
100
76
124
104
35
232
154
162
150
281
261
24
40
291
206
224
290
8
2
97
251
56
216
108
175
169
239
36
209
48
3
112
295
6
202
289
120
104
94
73
243
109
32
14
102
145
235
293
104
60
197
184
62
70
294
262
171
8
99
165
225
78
16
243
210
84
113
296
276
125
101
110
171
272
27
161
282
284
298
70
168
147
67
165
7
266
140
188
256
68
291
123
216
2
232
203
80
94
227
252
90
11
30
3
267
146
48
198
115
19
23
9
101
228
244
143
271
62
215
171
85
207
39
94
47
16
295
284
190
187
4
39
90
134
92
174
162
237
31
194
249
193
197
200
279
74
51
37
210
251
7
208
155
269
176
228
47
188
65
199
80
86
46
29
153
290
152
96
257
217
182
130
121
180
150
250
198
2
184
59
63
13
51
202
37
245
31
242
213
180
18
178
220
159
46
114
65
30
3
14
281
6
283
125
184
26
280
118
176
194
107
76
68
267
152
217
248
202
59
291
89
232
228
62
181
174
93
293
159
262
6
49
17
43
274
156
27
278
178
136
162
86
283
234
239
244
64
229
33
293
72
119
199
131
25
255
157
221
261
141
245
159
18
279
92
139
9
142
148
101
114
215
101
222
16
170
225
89
247
231
282
240
221
82
288
55
112
66
179
216
278
147
93
96
189
293
174
192
279
103
232
241
203
13
80
10
136
88
133
267
10
133
270
89
278
151
11
285
277
8
297
77
155
143
296
196
36
11
209
80
42
104
174
91
251
70
251
13
89
115
236
142
207
20
126
141
168
185
5
106
173
286
240
269
3
187
231
143
279
288
254
230
275
258
293
211
266
50
224
159
174
36
158
210
40
191
106
66
294
279
44
62
161
265
43
45
218
41
253
260
280
5
76
173
156
225
125
144
152
19
41
93
280
292
218
238
199
85
230
176
133
290
261
105
151
88
158
225
254
200
109
278
30
99
28
148
176
260
274
182
70
26
14
215
179
75
174
153
114
256
4
93
199
