Bin size: 174
Number of elements: 556
120
16
101
88
47
82
173
116
17
91
71
122
43
43
92
22
128
38
34
112
40
106
169
84
160
108
40
91
134
173
108
28
73
125
84
157
146
110
51
65
25
144
40
159
163
128
63
42
126
110
163
117
17
150
14
60
104
64
150
61
69
80
130
46
30
57
51
112
148
164
128
173
42
16
72
112
150
134
93
47
138
30
33
47
97
55
56
44
137
159
121
133
112
112
110
6
103
157
163
173
123
65
30
167
22
33
165
88
3
37
163
125
167
16
132
99
51
169
11
121
150
73
100
116
169
5
17
11
97
46
19
27
162
107
114
88
117
152
23
21
134
61
113
123
34
18
84
95
1
161
87
154
146
96
27
66
151
156
14
3
30
58
53
22
85
153
47
103
84
13
31
7
123
119
57
172
99
122
57
2
140
45
105
140
15
159
113
128
142
48
23
132
10
104
15
148
55
157
30
8
120
85
8
167
135
13
148
23
110
139
148
152
156
32
55
84
52
123
140
70
94
27
26
122
149
151
113
102
21
42
162
172
11
57
95
28
106
5
26
4
9
107
142
115
90
82
168
97
114
123
14
78
88
169
72
68
173
48
99
96
78
136
14
90
59
76
119
35
28
55
68
104
90
131
22
46
15
13
171
9
56
67
29
27
108
49
138
66
121
90
149
142
167
89
160
102
134
96
43
149
98
137
54
139
152
107
168
164
111
4
143
71
20
66
116
17
43
132
51
55
48
58
39
72
170
96
105
34
173
154
114
58
38
83
147
143
89
170
38
106
85
104
26
137
85
31
17
83
75
68
135
53
108
47
111
129
52
77
75
141
12
158
11
124
30
164
5
100
3
155
20
52
31
124
52
106
126
3
14
117
66
161
168
89
170
113
14
31
41
111
74
1
148
74
120
109
129
143
17
75
9
134
27
169
108
100
161
60
64
15
144
10
37
108
122
173
169
145
104
173
159
53
23
69
93
153
74
39
58
123
152
32
88
139
43
84
93
99
173
94
169
167
150
19
161
30
80
146
148
123
98
81
142
60
122
138
85
156
115
64
104
36
71
49
155
88
22
150
20
72
160
22
3
46
171
119
113
163
10
84
6
76
41
43
102
113
33
109
63
15
70
12
133
52
141
54
166
115
174
143
169
100
5
165
22
109
84
107
20
69
122
58
148
75
89
8
13
114
21
106
66
21
106
31
44
157
74
124
107
69
84
89
47
154
43
98
92
145
109
91
69
153
38
108
99
106
172
81
111
15
54
112
163
4
134
64
