Bin size: 152
Number of elements: 613
143
126
77
29
57
85
103
102
149
121
32
97
5
142
111
19
80
80
107
142
107
115
101
26
6
70
116
149
121
19
115
125
134
1
70
13
25
126
149
96
89
32
49
55
88
96
147
3
122
30
143
111
8
50
31
18
53
4
133
17
69
38
101
1
136
84
4
99
40
5
10
23
26
63
139
141
38
134
46
45
120
55
72
96
73
86
132
35
151
60
51
18
2
140
38
20
146
82
109
115
5
93
97
65
86
30
43
17
67
64
70
57
81
54
121
38
2
37
80
111
83
28
42
116
112
104
116
53
109
103
141
54
148
128
151
73
60
76
44
143
59
101
6
13
49
21
23
114
144
15
33
80
86
143
33
130
64
107
151
65
115
124
104
151
10
97
44
73
80
81
21
117
87
19
132
93
30
135
54
79
58
113
92
104
19
52
8
62
140
33
106
110
37
108
98
95
66
94
12
46
108
8
66
101
67
150
86
86
103
142
142
9
144
130
86
14
96
99
30
22
1
48
51
70
119
6
47
91
36
59
10
51
76
150
77
143
52
147
63
61
110
132
78
25
126
93
22
63
126
62
4
32
62
135
3
32
76
100
84
150
116
12
23
85
64
36
146
8
111
66
65
2
146
146
61
46
7
47
102
40
19
60
85
22
25
132
112
102
61
21
52
12
131
25
106
129
58
117
69
103
93
117
102
94
28
117
71
44
140
53
23
101
15
128
58
14
25
112
123
94
150
80
114
30
82
76
6
80
52
144
121
8
34
149
135
136
9
10
43
31
133
56
146
109
49
133
129
41
152
37
89
32
14
53
25
107
132
94
44
32
35
14
35
85
2
84
45
52
18
147
69
78
62
105
105
83
55
35
71
108
152
58
65
70
151
137
125
44
17
44
50
127
14
49
150
92
121
85
107
141
146
46
42
78
57
147
52
74
17
29
98
30
90
97
141
151
114
111
81
77
13
45
16
1
82
98
15
104
35
4
126
141
117
46
85
148
76
20
105
82
46
123
85
80
128
75
51
5
127
66
101
86
128
76
22
79
57
40
67
111
77
83
136
14
1
66
120
5
15
84
146
3
46
52
56
142
45
18
45
105
145
101
60
53
76
22
52
33
82
27
10
110
44
20
72
152
62
91
71
59
22
72
108
84
23
148
98
126
4
59
125
64
26
61
31
105
63
57
147
4
39
151
112
79
138
49
84
103
30
72
114
101
73
100
151
30
131
116
6
121
151
16
72
122
38
68
96
140
85
10
143
41
69
3
110
144
124
86
134
77
89
29
43
13
52
51
112
142
145
128
33
116
87
76
129
80
39
35
36
100
19
130
56
39
67
86
134
25
44
122
88
47
70
31
56
62
18
58
63
52
37
132
8
76
63
144
41
99
65
117
132
123
68
