Bin size: 211
Number of elements: 613
172
1
158
88
5
11
146
128
126
10
97
51
202
154
95
192
169
100
50
107
111
122
7
211
197
181
15
142
187
125
12
173
190
36
164
14
31
65
49
8
211
60
42
76
129
29
32
121
18
72
48
180
134
48
170
28
209
171
104
110
95
152
136
163
131
51
122
186
97
129
57
148
87
23
14
24
168
143
34
179
210
52
170
7
43
33
208
205
71
154
48
172
100
20
75
55
136
57
124
118
7
122
26
157
167
79
83
29
83
59
122
202
25
205
109
190
129
8
29
137
163
31
141
25
190
75
75
114
15
48
48
77
11
12
80
74
83
79
139
19
86
115
39
139
147
83
204
33
77
62
41
54
139
95
199
17
170
128
26
26
205
182
25
50
189
157
31
32
78
46
157
62
16
195
157
50
72
86
31
120
62
181
168
78
140
84
64
40
148
161
179
182
46
167
108
32
97
12
110
181
139
110
92
141
65
37
115
146
198
39
209
98
5
36
195
170
162
196
162
178
11
19
24
57
108
179
208
151
164
57
65
32
19
62
41
194
63
6
41
42
177
130
45
98
144
90
151
136
104
36
209
137
4
5
169
22
150
139
84
13
172
184
4
174
160
22
32
197
96
30
135
169
61
8
76
99
182
16
126
105
86
155
84
203
113
50
54
40
79
109
16
194
125
46
15
38
134
102
80
103
114
60
101
80
23
44
33
189
177
124
129
4
182
50
122
145
113
201
149
108
118
96
58
211
105
82
62
142
94
124
83
28
11
164
103
179
133
110
12
31
4
93
9
143
207
21
194
69
107
108
197
111
192
124
181
127
189
66
134
166
165
22
194
81
190
36
89
127
182
102
14
80
141
76
54
162
194
117
101
58
53
36
35
159
194
156
54
99
198
34
32
40
100
83
186
34
61
42
9
51
197
88
177
96
181
181
170
143
71
201
26
79
193
38
57
126
110
50
136
191
142
200
49
26
42
194
144
91
185
202
86
107
163
95
201
41
147
198
165
86
31
61
195
148
55
20
32
92
184
11
89
25
79
91
14
10
77
190
151
30
36
74
92
102
8
154
111
183
163
27
87
73
110
205
161
133
42
69
87
198
89
26
185
181
26
47
83
109
46
43
20
86
35
162
140
15
62
184
4
192
182
153
196
56
27
184
54
24
116
209
62
137
43
199
31
54
138
37
95
72
45
108
147
193
55
6
64
142
94
152
61
194
196
60
137
126
129
124
179
51
16
193
170
174
88
89
87
197
92
209
50
204
131
155
83
127
85
123
112
34
87
59
201
190
60
81
73
203
73
211
46
7
159
1
36
105
43
207
72
82
1
24
201
25
90
139
122
125
102
194
5
13
16
201
193
153
19
131
180
194
92
7
193
105
63
164
100
173
150
185
167
121
120
