Bin size: 281
Number of elements: 655
36
71
157
57
47
124
216
264
72
165
239
62
185
201
208
112
74
214
4
223
156
7
35
187
59
132
266
150
182
250
206
202
92
26
39
15
152
59
113
177
139
154
244
121
8
93
280
225
246
21
215
210
128
103
218
30
114
51
222
258
191
31
95
76
207
44
3
86
167
28
171
43
233
245
205
248
88
177
170
230
109
228
249
270
139
229
269
132
194
133
206
203
109
279
103
198
174
185
63
19
167
12
152
177
254
81
184
144
178
122
77
231
252
197
118
50
215
21
182
40
96
173
279
25
202
76
175
250
8
67
135
86
63
101
125
242
77
43
84
179
151
244
167
61
158
269
256
263
92
55
81
76
243
242
178
69
178
56
198
166
124
182
254
75
210
61
124
18
34
198
174
264
68
103
260
208
113
28
95
38
144
42
204
179
242
229
149
188
135
202
4
253
185
189
31
59
125
101
179
243
61
160
273
218
39
273
147
280
84
280
76
245
134
193
111
216
24
16
172
129
175
242
4
251
271
99
134
97
87
19
119
146
39
140
133
187
147
242
263
76
78
56
78
146
4
121
221
79
224
6
92
279
82
113
206
161
145
108
193
11
268
111
14
116
206
110
167
16
166
39
174
160
11
138
169
18
173
63
33
144
98
35
106
228
201
216
151
6
277
237
146
80
227
173
128
224
228
148
2
102
193
239
235
259
201
198
22
186
211
201
86
102
5
38
195
213
133
57
34
239
137
27
253
105
151
271
91
213
37
20
199
61
224
79
222
259
259
223
80
139
129
58
41
119
24
226
186
106
38
45
220
235
196
281
49
249
207
167
118
131
169
233
97
275
80
135
280
147
1
38
273
233
33
213
214
88
56
210
170
153
32
276
258
247
74
96
185
243
239
224
44
186
208
70
236
146
250
12
260
30
164
28
202
100
150
146
86
90
262
155
142
107
220
218
223
43
132
149
117
81
101
135
115
106
109
188
65
65
272
41
249
212
88
241
238
217
62
92
252
64
179
48
276
101
242
171
152
153
30
147
92
217
58
248
166
264
190
228
220
80
279
232
44
227
259
128
168
166
273
158
232
129
146
155
148
207
2
246
123
85
181
6
97
146
136
151
276
54
66
153
93
46
80
146
105
190
132
32
150
70
185
63
281
114
279
137
273
45
198
279
107
278
176
257
16
145
100
142
83
277
181
250
248
116
5
235
44
241
249
226
58
116
79
82
179
17
70
216
62
162
105
77
193
179
87
269
130
1
68
233
135
259
47
70
136
188
127
168
281
74
208
16
23
160
82
87
59
244
29
154
63
107
209
31
19
47
162
200
7
47
71
75
234
90
195
260
86
258
123
30
114
213
74
4
193
238
37
68
181
236
21
272
62
220
131
103
253
21
21
210
267
31
245
72
78
131
271
244
1
6
41
198
75
266
174
216
13
29
12
155
215
256
208
10
53
134
276
12
210
97
175
16
207
7
243
37
271
27
7
190
92
133
21
148
137
