Bin size: 289
Number of elements: 642
269
220
32
106
148
62
118
99
95
207
254
263
267
16
227
7
101
285
185
251
191
35
205
99
191
214
203
147
121
108
284
50
235
31
284
99
276
35
127
208
177
101
21
26
247
157
209
245
3
149
167
228
204
269
11
189
56
120
17
256
109
133
39
128
264
26
11
183
189
274
89
100
51
45
271
36
125
265
74
62
258
175
261
200
51
250
282
156
30
283
252
189
124
185
32
152
229
15
108
153
146
72
116
168
155
105
246
59
201
159
46
244
120
78
165
217
167
176
263
145
274
107
107
231
86
213
183
10
285
126
229
202
261
120
70
185
241
71
113
249
31
193
69
129
8
262
75
13
4
175
190
89
147
178
8
128
216
35
219
77
56
260
259
238
286
18
36
283
26
229
144
42
240
89
2
197
155
152
167
97
152
161
55
151
50
188
242
50
286
226
198
87
208
195
121
140
32
196
275
278
204
184
248
19
81
146
174
111
195
67
153
12
204
60
187
82
159
101
245
171
99
195
229
98
53
49
233
77
163
148
114
222
67
64
163
81
265
220
285
7
267
278
62
147
159
101
161
101
109
238
268
41
46
78
282
89
130
245
18
44
164
207
65
157
106
65
4
9
79
212
104
127
171
135
234
148
158
28
99
106
185
286
227
49
282
118
49
201
242
91
242
39
140
214
275
238
67
68
17
98
72
62
247
232
35
161
222
287
15
112
19
118
278
97
75
66
273
107
52
190
164
202
218
31
87
279
198
48
249
193
116
126
191
87
133
241
194
168
83
20
253
223
121
218
68
289
241
187
140
59
209
101
126
72
2
282
104
175
74
23
281
273
70
132
5
256
58
78
269
44
4
82
39
118
277
268
145
13
117
101
61
88
215
153
230
58
54
13
98
243
168
49
281
265
55
108
163
96
166
172
57
45
2
30
106
102
178
280
28
7
93
264
24
72
276
114
208
257
109
186
134
63
81
159
62
154
115
55
170
128
63
2
201
278
277
197
249
14
122
284
7
221
187
253
241
249
192
198
137
27
142
284
289
80
160
146
148
219
280
110
270
190
249
180
43
267
187
244
85
32
150
260
171
121
200
90
180
163
233
8
57
194
246
92
284
132
84
109
258
220
178
165
233
147
140
281
171
32
188
99
158
98
112
151
85
223
226
184
278
270
79
152
244
117
10
82
51
70
125
217
174
96
154
139
236
98
221
200
134
84
90
106
240
285
99
235
276
225
82
194
253
159
128
175
116
30
274
159
94
153
178
242
110
155
166
33
74
65
216
150
261
48
273
82
9
77
84
117
27
105
254
279
92
16
4
31
91
285
52
199
176
85
2
43
274
194
186
57
188
61
227
144
97
249
87
186
92
40
203
118
169
137
29
99
241
145
10
186
57
79
167
84
112
136
128
114
227
118
96
251
157
217
206
129
85
192
83
125
283
85
253
122
147
107
24
212
136
265
65
51
220
16
