Bin size: 133
Number of elements: 541
60
103
52
103
30
100
28
70
43
69
91
50
26
73
123
21
16
55
84
92
113
31
31
3
112
44
19
78
27
14
94
66
14
47
6
125
84
74
52
108
117
97
16
15
33
114
44
50
1
25
6
119
7
117
54
100
67
27
126
84
126
50
1
6
115
19
44
89
133
7
105
120
4
69
74
36
96
84
58
61
87
107
18
66
25
72
20
116
112
56
73
120
21
1
63
52
71
129
40
122
84
86
55
125
22
99
56
42
70
112
13
100
43
17
94
17
44
68
69
78
55
56
38
118
122
4
125
58
100
19
60
13
125
56
6
114
59
126
92
33
64
14
10
40
129
80
58
116
104
110
37
7
56
96
1
50
47
56
73
95
103
34
89
86
98
100
27
38
81
104
114
95
88
110
131
34
20
28
126
132
68
122
130
50
90
64
20
97
22
49
128
123
65
29
48
116
106
21
42
82
9
76
19
57
8
79
77
74
20
86
8
115
107
86
40
113
105
26
14
52
46
105
90
98
91
81
120
5
90
50
24
54
35
35
1
102
54
114
35
115
52
102
49
26
32
62
79
56
88
101
110
90
21
18
89
109
77
31
40
88
99
94
90
126
30
65
114
93
45
109
111
93
12
34
132
63
111
124
96
60
22
88
89
99
56
53
42
23
80
122
9
17
69
84
90
20
57
129
5
124
94
81
67
121
19
79
88
90
62
53
17
92
18
68
68
123
128
58
66
86
54
76
59
65
26
84
34
88
116
20
4
36
34
89
22
41
37
31
128
30
80
2
21
67
76
106
10
24
52
61
129
101
20
71
103
76
61
41
23
26
53
8
127
38
61
58
117
83
62
3
121
22
24
120
83
49
12
115
76
119
9
111
6
97
3
14
23
37
73
91
67
23
44
57
41
25
84
28
86
85
74
122
96
88
107
88
82
80
86
25
67
120
48
15
57
104
3
49
64
26
75
115
85
76
35
12
122
131
42
48
56
87
26
119
116
89
27
11
82
49
65
114
109
97
19
42
50
91
128
36
49
52
2
109
60
2
19
79
21
116
119
94
47
17
125
24
47
120
114
14
103
116
52
47
30
18
69
62
8
77
102
120
105
69
81
68
102
24
88
11
63
112
59
21
42
81
94
86
32
4
132
6
64
118
9
68
108
115
110
49
32
129
130
11
87
19
46
31
4
49
104
54
8
85
118
89
86
122
48
68
66
20
93
9
32
61
126
105
119
86
119
