Bin size: 172
Number of elements: 520
15
161
134
99
1
74
110
33
145
50
157
91
51
26
92
70
99
153
56
98
67
45
1
44
145
130
39
76
63
21
53
107
167
159
8
58
58
6
92
162
20
149
95
107
91
146
24
169
145
94
159
28
77
95
129
106
78
64
73
114
65
33
164
3
44
96
105
73
112
151
29
172
89
115
32
85
74
102
150
82
140
47
172
26
162
10
127
17
172
14
122
32
82
166
67
119
5
164
33
59
85
39
155
9
55
105
123
161
113
22
53
12
80
3
59
101
128
88
99
73
65
117
45
77
111
61
166
40
44
72
150
78
157
62
117
61
156
52
144
76
108
88
31
58
64
133
95
33
83
107
113
24
146
44
97
117
68
55
79
13
51
119
2
33
10
12
86
127
60
131
14
171
27
27
165
132
67
150
10
127
44
118
131
117
133
9
85
149
95
6
120
37
122
62
77
95
167
64
20
149
51
84
3
14
57
19
96
103
94
102
80
107
100
76
149
138
101
107
119
145
43
56
82
24
52
104
160
137
115
89
2
126
5
121
133
171
110
108
74
148
38
171
12
121
98
36
44
31
6
38
36
127
32
55
118
4
66
19
133
71
81
37
102
70
150
148
132
64
65
165
133
124
96
164
121
71
66
35
145
48
109
78
56
106
25
68
126
26
59
52
141
61
99
19
118
7
126
72
121
162
42
67
18
4
23
94
131
16
163
33
132
85
74
25
124
70
127
57
32
108
73
136
104
87
147
93
36
20
1
150
140
103
46
95
4
17
150
103
88
103
148
56
38
91
160
88
140
6
74
128
115
50
130
11
133
68
163
85
26
163
111
171
60
113
157
166
36
146
33
88
115
21
109
43
96
171
65
91
64
143
134
129
1
159
115
81
136
28
100
151
137
75
93
65
55
67
81
142
126
8
77
62
31
54
17
83
103
57
34
101
69
37
167
155
109
117
35
67
148
137
22
167
28
13
16
31
88
142
120
14
97
154
99
34
49
104
23
1
41
153
126
63
46
97
95
61
42
132
160
121
17
100
77
31
125
30
13
26
120
129
118
120
58
148
4
115
143
141
100
25
48
56
39
171
6
71
77
47
117
71
164
86
164
142
161
2
67
69
130
153
25
4
3
38
67
121
156
136
140
172
83
113
89
42
8
76
19
141
40
93
17
3
43
5
160
146
148
56
117
85
