Bin size: 231
Number of elements: 607
21
23
181
162
182
82
85
98
231
214
38
210
46
225
17
167
212
72
92
146
90
119
79
96
105
43
59
205
125
203
158
132
92
190
30
124
48
32
101
88
32
229
8
106
185
184
199
227
41
60
182
175
122
206
94
7
98
85
126
223
131
211
157
27
67
182
66
106
144
189
150
60
177
187
4
112
37
149
20
34
230
199
167
119
219
108
88
195
229
199
87
200
177
163
20
28
135
184
113
181
79
9
220
148
165
194
13
93
204
96
64
148
137
164
200
73
190
221
177
199
112
22
121
153
134
161
71
192
227
68
149
220
109
107
78
193
30
100
20
3
23
81
154
15
173
216
48
195
193
147
228
198
177
16
100
56
52
229
92
2
112
164
157
91
99
97
154
124
3
171
101
214
6
58
33
98
84
156
118
15
184
24
91
42
207
89
168
200
82
159
26
63
22
17
29
153
147
183
191
171
219
209
110
60
168
211
94
138
67
190
8
108
114
72
112
176
229
131
229
228
223
106
51
159
181
206
223
187
118
36
16
206
28
107
118
133
42
195
100
11
92
1
115
130
180
190
98
94
86
137
183
73
133
89
15
143
151
51
161
2
161
42
149
67
135
7
216
14
128
50
30
188
208
188
62
151
220
72
179
76
220
160
222
32
149
7
81
190
96
14
159
99
123
61
154
174
176
51
148
225
174
13
62
164
212
72
199
189
77
84
110
214
196
96
24
197
50
176
49
182
14
222
177
85
182
97
54
122
47
190
151
76
45
169
155
184
72
170
143
36
29
107
26
190
69
206
89
190
197
81
121
77
191
198
9
142
147
99
181
100
139
50
7
195
202
143
150
26
170
119
160
72
123
66
92
34
177
96
128
95
182
180
102
107
88
50
229
22
204
51
168
65
9
13
5
25
145
18
154
148
227
111
56
47
20
44
209
13
77
52
49
70
82
77
52
100
63
85
192
170
102
122
72
121
118
40
109
10
159
150
65
119
124
84
209
11
61
229
19
122
79
129
79
17
148
213
64
30
144
29
13
134
16
178
171
40
155
180
102
133
110
119
74
118
91
124
117
133
78
230
111
89
62
216
19
230
93
156
106
147
21
151
71
45
76
45
124
218
198
198
34
137
146
45
74
171
36
225
5
132
110
55
56
137
199
169
172
24
54
172
149
24
7
131
102
60
192
60
36
155
75
198
19
24
71
116
45
150
75
121
181
138
23
5
199
178
121
220
24
117
227
94
122
189
227
69
205
109
164
69
201
221
181
140
96
164
165
173
41
51
203
83
219
1
112
157
39
229
221
68
209
220
97
88
156
132
78
163
50
151
79
91
203
23
31
115
154
63
209
49
229
100
26
168
50
44
139
134
131
184
4
101
149
151
32
94
191
