Bin size: 210
Number of elements: 569
154
165
107
107
85
208
97
28
185
92
190
143
17
191
67
172
186
19
10
17
62
124
39
93
142
204
23
207
121
175
16
33
43
50
76
194
5
92
121
148
80
102
32
132
162
146
207
133
85
178
17
72
19
92
99
179
200
30
50
11
110
58
86
50
154
188
136
99
184
181
15
54
75
30
77
180
197
70
58
167
110
80
185
193
46
75
155
120
191
15
139
94
39
66
39
189
81
104
32
96
135
118
108
156
78
207
105
188
68
197
107
33
89
152
145
51
176
162
194
148
91
146
21
128
107
31
205
84
5
95
104
12
164
52
105
46
202
168
201
66
37
184
64
64
153
114
86
23
13
128
123
77
120
193
130
162
135
33
62
188
136
75
173
178
195
170
188
43
12
139
90
174
141
27
197
97
203
167
95
68
98
50
62
22
14
173
115
44
99
72
11
90
210
160
176
124
111
80
81
44
138
59
197
133
130
193
189
121
68
131
182
129
175
132
61
125
30
27
140
144
96
17
61
44
93
36
4
54
153
132
50
117
155
115
29
209
84
111
158
154
123
103
145
163
40
163
78
122
118
183
136
39
149
26
26
22
3
73
30
71
103
62
69
97
88
83
183
23
38
98
45
159
86
118
126
21
9
82
13
15
190
82
149
185
63
169
199
78
175
167
207
69
207
5
87
67
76
180
208
37
70
164
104
21
159
77
157
2
188
165
206
158
22
106
123
72
177
114
195
143
137
111
74
117
50
77
140
62
99
87
81
161
34
145
185
202
135
143
187
207
210
19
113
147
50
206
140
8
64
121
144
74
157
23
64
39
208
23
89
24
163
115
66
85
172
94
118
140
27
140
161
147
79
135
163
67
123
51
96
2
17
197
56
184
210
190
138
109
180
173
52
30
128
125
199
86
110
91
158
61
109
54
148
95
15
142
120
108
187
65
52
185
68
150
76
134
57
124
151
106
144
134
36
145
4
172
37
1
210
112
207
114
179
172
103
168
138
50
2
28
193
3
9
10
105
103
159
197
203
195
60
114
44
66
49
121
93
154
139
134
36
158
152
183
134
5
103
103
209
78
5
143
54
93
156
37
48
28
11
48
196
166
185
106
195
109
53
198
127
143
33
127
23
9
42
182
172
210
4
125
52
109
68
44
67
139
122
188
70
155
132
135
110
86
56
4
49
84
178
70
147
141
9
184
49
96
102
183
2
151
200
195
28
45
108
116
142
135
168
166
39
185
176
147
205
191
33
2
166
76
154
205
168
96
31
40
157
100
178
180
203
134
127
149
92
210
110
157
118
