Bin size: 292
Number of elements: 567
136
41
106
239
112
99
12
271
189
91
208
186
282
4
79
26
56
185
78
135
81
238
68
51
119
138
274
141
249
132
97
79
221
87
119
131
4
169
231
250
153
116
7
30
206
267
158
142
222
282
15
191
129
44
206
122
55
290
202
221
72
74
17
252
65
192
136
216
217
267
79
215
75
36
227
46
248
82
239
5
260
4
220
235
197
68
256
29
220
266
226
237
166
239
171
229
18
187
58
148
139
175
139
222
37
72
56
14
3
17
285
218
113
254
217
43
259
91
76
177
217
273
61
83
186
210
262
44
59
121
288
74
231
64
2
122
48
290
49
4
259
131
274
188
247
133
77
27
2
277
185
67
191
183
106
11
214
15
62
112
147
183
86
206
200
67
129
84
129
104
196
107
21
290
35
279
5
118
261
254
249
200
159
29
74
238
139
117
153
193
167
203
69
124
76
166
168
214
287
26
170
200
123
236
31
276
38
233
105
55
88
120
72
277
17
102
64
91
137
178
76
173
185
241
227
202
164
157
154
152
95
286
158
138
232
7
233
245
207
8
266
140
57
145
112
60
231
159
11
239
283
146
56
244
224
9
169
164
149
169
224
99
236
30
182
130
290
147
222
103
271
105
101
233
168
43
130
108
43
105
47
43
178
141
71
80
108
92
113
45
119
126
120
127
227
113
225
247
135
181
67
113
188
206
99
109
58
80
138
136
242
142
114
186
164
215
284
268
124
266
200
171
41
113
132
97
71
173
21
10
162
283
32
123
54
236
36
81
87
160
144
154
180
241
161
249
96
191
210
108
98
8
126
64
13
86
9
253
218
178
161
77
126
271
84
31
87
24
104
230
169
165
254
221
103
261
106
149
231
164
15
156
292
239
291
50
291
244
263
136
146
291
51
224
75
148
56
31
102
216
54
10
128
64
273
276
61
147
181
200
140
195
131
177
35
187
113
14
228
11
52
199
224
234
41
20
169
120
171
58
226
41
173
251
127
106
246
30
60
200
162
69
41
78
67
82
226
150
208
279
196
12
102
285
146
170
117
156
7
111
183
178
223
118
287
276
9
198
207
114
277
251
154
147
147
54
211
64
73
254
257
219
89
33
144
217
67
214
126
60
57
223
52
180
61
82
7
58
163
245
281
79
194
78
258
68
97
145
208
226
32
160
170
159
223
269
231
178
52
291
75
246
244
103
107
115
267
70
209
108
131
257
282
265
127
181
42
227
208
139
33
281
146
1
140
130
278
11
76
277
195
87
212
72
75
131
109
29
8
249
221
272
209
251
259
242
210
