Bin size: 105
Number of elements: 600
53
105
10
61
78
90
93
65
77
91
30
37
52
4
55
70
7
21
90
14
95
53
72
57
72
66
27
94
5
32
72
57
58
72
10
39
83
45
6
8
58
93
37
23
57
83
77
82
47
101
19
1
43
80
96
68
63
21
22
79
103
19
100
99
65
83
83
41
102
23
55
60
40
66
54
26
34
35
75
96
11
28
94
65
54
29
103
52
57
69
5
89
29
98
104
99
24
98
86
67
96
44
85
7
51
58
80
49
86
65
11
9
74
39
69
14
8
23
9
32
103
53
77
17
6
104
48
72
12
5
76
40
60
55
76
31
65
10
29
83
87
14
46
39
30
55
54
91
35
33
35
66
31
55
79
62
62
4
38
4
11
90
58
103
96
90
21
8
47
27
71
8
15
51
64
37
27
59
78
32
75
46
85
104
40
41
47
99
60
85
73
24
31
59
79
9
86
35
57
3
29
42
44
21
4
22
67
88
74
84
82
32
86
52
92
61
43
68
62
31
82
97
25
67
37
90
37
96
22
44
84
47
99
28
59
57
105
90
66
87
86
13
60
67
79
66
74
32
98
86
23
53
96
17
76
97
19
13
34
99
50
49
49
45
1
29
67
69
72
29
2
76
71
33
1
70
65
52
8
8
17
88
74
5
67
92
18
37
84
101
21
76
16
16
40
32
25
5
99
22
15
26
5
83
29
70
81
46
35
105
47
34
60
77
11
7
103
72
53
39
49
90
4
4
83
31
99
30
28
26
99
14
29
25
57
90
75
92
32
85
66
12
25
78
71
57
76
69
96
48
41
46
4
19
50
27
13
85
51
38
53
58
103
10
60
55
87
31
81
6
7
3
39
3
39
40
12
45
100
48
19
46
43
14
64
46
21
97
54
1
100
43
41
105
26
14
7
51
3
25
61
22
10
48
4
56
7
89
100
17
32
44
44
82
35
52
41
75
55
72
57
9
91
70
82
52
102
66
60
19
52
105
74
74
77
56
60
71
97
93
26
78
88
93
51
18
84
60
87
45
34
37
103
94
48
34
67
63
91
49
13
18
64
88
34
25
69
5
37
65
18
11
93
34
66
93
4
85
16
32
103
31
17
33
95
98
12
45
1
64
91
49
78
63
73
94
81
89
17
64
51
80
26
6
64
40
71
74
45
63
56
60
15
58
71
12
11
66
3
8
17
84
5
8
39
52
33
41
30
36
68
45
41
19
63
48
36
15
100
71
77
63
28
61
78
46
23
36
81
87
14
80
9
104
88
29
8
38
76
13
104
88
43
28
54
20
74
77
81
23
75
25
17
75
50
40
44
98
83
80
41
59
31
5
12
34
53
83
61
102
62
15
17
69
67
75
41
29
41
86
