Bin size: 291
Number of elements: 577
247
236
210
245
78
158
27
157
111
76
75
282
165
60
166
4
30
131
267
195
64
195
229
127
281
125
267
35
138
258
83
291
218
92
87
2
31
33
8
85
119
132
275
115
251
9
32
11
212
8
11
111
130
191
138
158
250
122
34
282
252
159
278
107
205
258
68
207
39
266
65
277
85
113
270
25
191
192
156
72
157
172
2
200
238
134
100
159
32
122
94
168
156
117
34
19
52
202
15
155
247
237
289
4
116
186
48
275
233
76
26
44
108
117
33
172
51
254
168
27
88
243
255
173
247
142
254
251
239
35
270
74
229
70
149
127
3
28
223
174
10
172
181
96
51
83
19
222
35
281
1
120
262
287
164
185
231
129
73
142
119
291
78
97
1
56
128
124
85
218
183
131
147
171
82
227
27
275
198
41
168
64
237
55
100
11
106
136
182
57
289
29
6
21
156
187
220
139
219
132
161
208
92
285
161
48
121
139
218
171
238
225
187
263
162
213
123
41
134
123
224
264
175
280
138
208
89
131
143
67
251
146
211
155
56
83
210
80
218
67
238
219
176
279
192
202
99
100
263
245
145
20
279
46
179
125
288
262
174
193
15
188
279
175
35
197
238
259
11
68
226
213
237
117
247
171
169
163
97
283
116
217
29
42
189
113
47
37
43
125
129
91
37
288
180
173
123
103
163
229
158
81
131
264
49
83
222
220
151
257
140
29
135
122
178
208
193
169
216
122
13
112
208
80
285
247
188
41
267
154
146
213
18
110
24
142
147
149
260
183
179
241
142
258
288
158
37
179
22
61
80
32
215
252
54
81
114
185
58
290
290
62
162
231
65
87
151
243
67
118
93
159
32
285
10
164
235
98
213
30
113
122
110
114
269
276
249
35
260
95
33
152
262
286
252
45
215
269
158
7
91
175
31
114
198
63
79
18
164
56
8
230
264
134
268
17
251
266
153
48
63
139
152
133
206
227
123
45
270
234
159
52
102
113
291
56
12
243
156
270
242
175
254
241
119
114
233
277
164
206
181
21
291
134
207
270
170
270
280
174
143
286
131
11
256
88
106
286
220
266
95
128
141
87
118
88
8
2
290
194
64
194
72
227
224
286
61
209
76
125
25
83
156
16
250
232
266
284
113
267
101
281
157
5
91
196
86
272
118
9
248
151
258
142
156
218
38
240
43
229
234
141
192
241
246
139
142
51
225
65
153
185
182
229
275
248
259
126
76
286
29
159
177
209
116
129
55
129
69
243
251
11
168
80
128
199
119
41
236
220
35
115
57
250
80
175
265
234
202
147
237
125
67
205
61
250
166
