Bin size: 215
Number of elements: 629
138
92
44
35
85
57
127
103
197
167
92
86
36
156
117
92
86
61
201
215
212
63
10
77
215
118
62
108
41
47
22
138
105
185
128
160
14
196
42
65
90
73
102
37
2
213
180
87
87
169
120
61
12
39
40
108
69
110
44
28
103
133
116
71
57
13
51
53
79
88
133
18
72
139
183
114
84
114
208
9
105
135
26
170
51
102
200
80
39
90
141
18
67
32
213
67
96
135
74
23
164
208
96
23
123
74
66
26
195
32
151
85
150
180
85
54
127
138
145
207
182
13
195
44
25
49
8
202
51
176
86
138
156
144
76
215
207
96
152
163
165
210
69
12
63
55
113
191
14
46
141
104
51
60
57
30
21
66
69
214
29
205
206
70
7
183
40
118
77
165
88
169
146
199
57
211
94
16
210
176
197
58
33
63
43
119
119
175
52
94
67
143
147
6
144
69
74
172
61
156
204
138
188
139
206
92
7
142
18
123
147
149
89
58
206
17
204
171
179
32
121
37
69
173
114
129
133
55
3
140
13
7
192
181
114
158
201
87
68
96
27
27
106
132
164
13
15
61
168
96
89
4
127
134
165
92
148
203
178
49
31
118
180
5
30
173
185
99
118
109
85
40
179
105
176
55
63
43
139
169
14
169
15
101
32
181
152
96
17
87
19
23
197
17
197
30
113
10
173
129
52
124
170
20
103
58
125
64
196
100
46
179
97
110
114
36
71
86
126
139
67
11
213
8
28
198
196
159
27
190
70
194
18
84
27
185
58
154
79
12
169
143
26
50
73
116
47
25
166
56
54
208
154
120
49
47
9
165
70
90
181
80
64
188
30
135
64
8
103
152
185
80
57
143
51
163
128
22
50
136
28
190
52
208
136
72
31
202
89
104
82
120
56
108
131
200
21
22
184
135
190
7
112
169
22
148
196
183
115
13
128
116
183
119
61
124
199
195
114
179
177
114
24
30
156
135
111
145
35
50
138
210
84
186
103
198
183
182
38
117
29
99
152
136
35
1
13
18
169
121
144
92
53
135
143
171
151
44
57
112
32
168
149
192
210
122
162
30
128
203
44
138
105
80
25
87
69
58
50
85
159
47
140
192
183
143
195
23
79
150
203
112
192
175
79
212
174
141
134
94
185
107
1
33
121
207
103
211
30
165
154
107
207
121
191
17
14
185
49
39
96
169
129
98
182
205
161
71
146
19
75
126
175
10
82
208
27
172
176
80
148
146
37
52
169
98
203
172
192
44
140
92
67
177
127
33
210
179
60
61
142
165
13
120
148
145
31
170
212
94
212
192
76
113
170
66
105
112
122
72
106
19
28
137
72
112
43
21
190
179
141
139
215
61
203
32
108
176
116
69
103
50
89
193
10
11
68
94
69
16
213
47
206
52
32
60
102
195
107
56
35
15
209
3
60
204
143
190
205
