Bin size: 179
Number of elements: 601
103
48
58
164
163
29
66
23
121
111
81
93
105
34
76
129
123
21
101
167
48
65
5
62
111
177
12
179
123
46
79
44
17
156
22
142
81
2
114
33
161
5
108
64
153
179
169
171
85
80
174
142
3
25
158
15
45
165
137
152
84
26
161
174
11
106
60
97
100
37
168
16
31
88
175
72
40
158
164
6
98
1
117
58
3
32
106
91
71
65
166
43
90
8
87
94
40
104
144
5
52
159
125
75
142
74
105
61
70
130
151
91
144
46
5
57
123
19
95
71
36
20
41
65
117
166
169
58
69
170
35
75
117
145
98
10
130
33
174
80
68
110
10
35
33
13
131
11
67
40
174
161
171
28
54
80
111
144
95
74
71
36
158
21
114
7
142
161
116
34
22
12
112
18
28
85
140
49
119
68
96
66
116
73
57
146
146
71
26
29
118
156
78
164
19
174
90
167
10
149
53
179
133
68
55
132
146
143
42
72
44
175
24
172
101
109
132
10
150
119
93
101
131
86
91
116
63
123
60
56
41
170
4
160
117
71
176
148
129
87
64
148
169
179
55
62
7
155
31
25
73
69
49
99
53
108
37
20
4
96
146
170
116
3
111
104
100
38
77
83
151
133
3
175
12
149
54
68
6
141
3
83
66
131
33
146
68
66
128
109
58
50
50
43
93
36
70
31
174
89
130
135
167
174
50
167
137
29
108
44
121
16
56
122
82
101
90
98
21
13
13
126
74
66
177
31
109
8
84
80
79
46
115
69
44
49
142
39
56
55
70
98
19
123
33
10
117
53
72
17
115
147
123
23
148
69
123
98
31
119
71
55
2
151
37
64
98
43
73
148
115
138
31
112
86
3
98
13
133
2
132
156
30
82
15
173
13
127
68
70
23
43
168
96
168
33
106
2
64
1
13
96
16
11
127
26
59
122
6
52
33
153
2
83
70
127
163
15
106
85
68
126
87
129
29
137
114
52
33
54
77
87
172
84
83
132
34
163
15
41
38
87
29
117
107
11
13
106
40
141
155
137
106
69
8
145
133
130
163
4
172
53
94
172
156
152
51
135
111
174
158
56
4
172
171
142
39
12
169
13
172
136
150
5
12
81
54
30
99
129
72
12
15
171
66
147
150
18
57
177
94
166
113
175
85
37
91
60
122
179
143
174
129
40
97
140
136
86
118
161
84
65
56
37
133
27
163
109
3
19
64
15
150
92
57
55
105
128
47
73
152
117
156
24
138
65
4
100
111
58
146
47
83
103
64
146
49
166
147
56
152
139
43
88
11
77
100
41
105
23
46
146
156
80
81
147
54
2
87
12
148
11
89
112
161
145
174
109
92
3
42
157
73
150
21
144
126
77
69
112
68
