Bin size: 110
Number of elements: 681
29
86
46
25
71
44
26
105
75
52
99
91
41
67
66
79
86
22
21
82
92
94
109
49
108
16
38
71
4
68
66
10
54
54
49
74
59
70
65
56
43
85
51
3
23
8
59
105
69
108
3
63
21
6
3
94
57
48
109
53
52
94
62
99
8
56
77
27
75
93
106
5
2
78
59
50
12
97
65
87
63
92
19
15
5
100
40
91
23
9
55
77
95
102
42
9
103
40
21
74
52
50
33
59
108
21
48
85
16
34
22
55
81
97
23
11
86
29
44
16
50
9
18
35
5
92
35
58
5
66
7
32
12
50
67
41
98
28
21
55
85
57
110
33
71
20
34
4
26
32
59
45
35
83
110
28
102
63
41
31
25
15
59
27
106
59
2
85
53
3
64
74
25
28
94
39
19
20
35
78
23
89
43
73
54
91
97
17
2
101
43
74
27
100
20
88
20
58
105
58
81
98
50
88
26
96
24
108
90
56
16
65
20
90
13
16
64
78
110
52
26
62
60
73
16
81
41
6
63
4
80
92
32
104
24
13
104
54
74
20
10
104
34
68
35
27
11
35
76
10
51
88
107
49
5
48
95
48
109
86
79
36
26
60
12
75
75
107
8
56
85
36
30
79
91
21
78
2
85
27
10
83
29
48
46
37
6
33
2
25
52
67
38
60
2
58
36
101
8
63
41
31
11
18
41
104
34
54
95
35
89
7
38
68
47
27
7
78
101
84
4
38
104
42
103
7
51
42
51
110
34
104
35
18
67
6
35
46
34
104
51
13
52
87
57
5
46
75
61
89
64
101
52
99
87
91
67
17
41
38
86
25
63
9
108
70
19
50
48
67
104
5
38
109
31
47
80
49
92
21
80
110
31
3
66
3
33
45
24
101
75
50
105
61
8
54
31
94
43
74
16
100
77
33
80
11
92
20
102
7
30
79
101
42
59
44
28
27
78
57
83
47
52
1
104
56
14
88
41
35
79
89
106
15
66
61
81
56
3
7
98
1
59
64
57
67
33
57
100
11
44
92
100
14
28
22
20
46
41
85
36
95
81
2
72
30
55
52
16
80
39
77
59
72
5
61
86
1
46
38
109
2
39
107
110
55
49
5
103
87
45
55
10
96
81
2
82
52
79
39
36
48
66
33
45
13
53
16
96
100
36
109
60
50
104
40
5
106
17
62
109
7
54
93
70
85
61
86
22
36
98
8
60
63
76
6
55
12
78
28
20
24
3
61
107
28
93
48
20
5
20
25
58
55
70
17
44
77
67
58
45
39
6
45
48
68
94
67
24
110
105
101
97
34
25
23
20
31
33
105
23
86
28
64
30
43
97
24
108
57
30
110
42
81
4
61
79
7
107
99
78
13
24
51
79
11
90
68
100
34
65
77
59
40
64
22
99
57
93
50
6
2
44
99
26
38
109
93
27
31
27
21
39
37
101
85
9
42
64
51
34
14
83
37
27
7
62
94
77
87
54
41
60
43
18
72
94
109
37
89
21
54
6
40
60
95
91
100
34
46
13
44
85
99
64
63
54
41
93
104
49
