Bin size: 165
Number of elements: 503
69
155
121
7
143
67
146
32
100
105
136
34
28
56
57
68
112
40
98
101
49
157
35
17
17
52
88
146
25
68
159
67
164
109
77
64
143
116
4
141
20
18
2
127
128
45
29
70
158
52
90
4
17
16
124
93
7
8
84
117
120
144
137
161
60
123
37
8
131
31
95
13
80
50
112
2
35
124
56
52
104
63
142
118
19
28
36
127
160
127
101
112
149
128
42
126
133
72
27
129
80
80
64
70
65
74
115
157
128
126
136
56
102
137
114
151
97
12
91
136
129
3
146
103
77
74
7
66
21
91
4
11
21
22
73
84
156
16
142
108
84
42
122
102
65
162
165
69
114
17
132
23
54
131
88
94
6
78
22
150
126
125
105
59
69
18
147
13
134
154
78
19
70
39
68
124
32
82
27
163
125
104
46
101
116
84
108
123
60
145
134
73
23
17
109
107
158
108
54
52
107
145
23
55
151
22
115
119
86
163
143
5
130
2
162
15
130
29
20
124
153
108
26
54
43
126
95
39
142
47
49
64
127
67
135
108
80
68
98
163
141
156
32
80
38
128
35
6
9
142
132
14
121
75
131
45
94
13
150
124
106
21
14
47
9
20
22
62
111
73
11
147
105
143
1
164
160
4
81
78
95
68
159
133
66
103
133
146
11
130
128
72
61
74
123
145
17
97
153
96
43
98
22
41
82
106
95
51
99
21
117
32
57
64
161
92
80
67
161
71
103
97
92
116
6
75
58
36
111
68
11
43
119
97
35
44
118
31
71
154
150
105
88
26
132
47
37
121
7
70
41
135
105
143
157
147
30
55
92
18
54
96
82
101
146
24
114
104
163
62
78
6
110
76
4
36
100
159
48
165
73
72
71
143
136
121
29
50
131
93
55
155
61
4
92
111
155
133
131
149
60
20
62
105
102
48
94
6
120
62
66
162
75
51
26
130
61
46
83
82
74
76
3
115
161
74
85
24
95
12
102
24
82
136
28
158
123
42
5
48
113
84
13
39
94
42
17
158
45
17
155
132
109
159
95
56
106
69
67
83
76
123
88
131
18
160
21
23
129
143
19
16
16
98
17
79
93
52
75
149
151
11
49
19
93
115
23
52
137
114
7
54
154
89
117
128
120
9
144
17
158
31
9
