Bin size: 208
Number of elements: 554
89
124
136
83
56
15
45
82
36
80
181
169
165
36
68
91
170
92
186
196
45
159
110
81
103
145
146
6
114
39
115
162
21
41
135
129
160
24
60
87
124
19
146
137
152
188
132
169
35
113
164
43
172
32
61
104
43
165
195
7
121
170
33
156
74
139
186
106
104
61
42
21
12
50
65
107
158
69
3
120
69
87
157
53
124
140
90
142
165
149
22
44
96
147
185
90
19
100
20
141
80
152
85
7
54
57
12
114
208
81
86
3
147
48
24
57
44
105
151
178
164
119
88
60
111
76
94
103
49
130
42
36
88
28
138
35
181
206
116
92
66
205
204
108
68
149
100
149
16
24
120
202
168
136
96
125
8
155
26
145
3
58
115
138
208
154
148
153
168
159
187
34
146
111
170
30
48
206
6
120
142
66
170
25
205
167
93
205
126
185
122
117
95
156
60
181
85
109
47
107
176
12
21
196
177
144
202
75
25
121
4
205
64
125
157
179
143
4
180
184
200
175
13
59
29
130
205
57
133
133
206
54
89
27
173
110
5
86
141
24
44
154
119
1
194
149
102
174
89
70
62
153
192
161
139
182
46
43
119
9
90
29
65
93
148
9
75
147
30
39
177
19
84
206
147
145
79
105
98
125
23
187
108
125
129
78
13
120
140
37
95
45
116
190
150
49
192
185
163
7
35
117
175
52
132
190
121
93
154
201
60
149
89
73
167
5
202
103
57
107
169
111
197
32
75
190
186
142
189
56
96
173
136
191
84
129
111
43
12
106
13
125
154
24
122
92
111
39
84
9
177
128
10
155
185
45
113
121
172
48
203
7
159
97
136
99
201
64
61
203
93
173
47
205
30
137
51
184
9
53
178
26
44
157
185
41
119
148
46
122
58
83
195
57
1
172
164
119
20
167
167
60
113
26
28
125
182
7
148
93
143
4
202
90
57
34
44
175
181
13
39
153
94
162
94
114
138
14
125
35
57
105
10
200
188
32
27
188
37
164
81
73
40
161
125
184
67
21
157
26
135
58
102
46
190
50
123
79
178
134
38
127
179
103
150
131
76
67
133
140
49
151
98
177
48
88
110
109
24
152
188
37
85
128
37
11
161
85
137
202
6
109
208
140
74
119
28
4
171
101
24
120
95
98
185
21
56
185
90
137
53
64
137
46
40
111
80
158
27
77
55
44
194
151
208
166
184
114
65
106
53
1
36
206
9
69
106
56
134
148
27
51
172
121
194
49
152
181
119
72
154
139
133
186
