Bin size: 107
Number of elements: 517
72
10
90
47
19
33
40
38
19
31
58
56
78
20
103
93
3
84
32
42
78
27
86
80
83
36
45
40
21
78
62
97
12
41
57
20
7
46
68
62
66
26
10
76
30
31
27
45
66
6
48
75
43
18
43
100
81
60
97
3
40
40
60
105
66
43
46
84
3
33
25
62
29
49
95
18
27
33
43
48
101
42
92
9
11
67
93
100
96
42
52
90
22
97
28
19
32
92
1
38
27
94
28
81
82
50
80
91
40
100
21
21
74
92
85
84
77
92
14
98
73
104
77
71
73
99
6
79
71
59
96
91
32
6
97
86
45
69
44
67
107
86
41
69
82
97
70
8
79
37
86
89
54
8
91
54
100
83
67
19
91
105
43
51
8
32
21
72
12
93
75
83
79
17
103
68
69
3
63
86
35
54
11
53
50
97
3
16
103
38
47
49
9
15
28
48
14
51
4
96
28
42
73
88
21
86
84
12
103
80
41
29
82
72
101
104
67
5
74
7
57
15
48
45
40
66
59
100
13
105
51
107
14
106
36
51
10
24
43
79
41
83
54
31
4
39
40
22
35
85
29
59
40
52
7
51
58
94
1
24
61
4
23
29
37
33
29
105
60
4
11
68
71
54
59
58
74
76
20
92
100
62
9
18
69
18
33
55
41
95
50
31
93
40
38
85
74
57
88
64
72
66
31
54
1
69
85
18
4
23
89
48
73
85
57
36
63
17
35
10
18
93
64
42
57
2
51
68
16
28
33
42
35
5
2
94
73
24
5
62
45
75
59
77
89
84
55
28
52
75
6
94
36
47
97
12
75
43
89
37
17
68
66
27
26
30
89
78
88
82
87
60
102
63
80
27
14
9
11
9
90
59
20
33
55
94
104
58
95
82
97
80
16
78
105
20
33
57
95
22
60
77
67
66
33
32
72
35
44
102
47
31
88
59
40
59
73
79
98
78
104
76
18
94
36
17
3
86
17
104
22
82
38
17
66
59
95
8
30
6
57
13
103
36
101
43
74
70
72
67
15
45
50
5
10
28
83
3
8
13
100
64
34
45
62
83
49
29
19
92
41
80
58
85
84
60
2
78
34
107
93
34
35
107
1
101
47
41
62
104
76
65
42
49
6
35
43
107
43
100
43
64
4
54
4
99
40
36
36
36
56
102
23
6
70
77
11
