Bin size: 154
Number of elements: 524
121
91
129
111
74
40
7
126
138
53
100
33
154
21
63
105
64
95
82
20
134
91
32
110
116
55
67
13
57
141
26
23
13
148
3
120
80
138
99
97
142
140
7
139
101
147
20
29
132
90
150
123
41
2
39
121
37
89
129
107
16
92
36
78
7
5
64
96
136
129
33
90
40
111
53
63
149
30
153
105
53
6
100
36
140
33
143
37
123
3
128
108
116
82
28
124
127
13
87
77
65
152
81
88
82
31
78
146
103
92
48
92
47
74
138
14
47
98
68
74
30
93
138
22
125
36
56
59
77
70
132
64
73
11
70
102
135
142
141
7
91
31
50
93
94
112
108
22
90
7
128
145
148
113
2
31
129
10
153
28
104
18
105
130
111
109
145
134
12
45
13
42
24
81
95
61
50
94
146
14
83
117
148
147
114
6
71
21
2
87
112
103
55
76
124
112
57
121
16
21
3
66
92
55
4
1
134
122
104
143
143
102
134
24
127
139
127
64
140
67
152
150
80
13
9
89
149
108
80
17
104
95
50
49
43
62
15
103
129
4
46
108
11
1
111
65
9
89
142
45
109
33
146
11
108
125
24
41
122
86
121
37
100
27
50
32
100
72
106
7
82
53
109
90
148
39
67
81
114
131
39
24
72
143
147
34
54
23
77
141
138
152
37
96
30
23
30
43
93
57
152
59
110
124
9
93
91
59
89
73
63
81
124
51
133
38
79
101
132
33
43
32
41
82
80
147
123
51
58
77
56
105
121
10
98
58
17
19
132
51
31
125
54
74
140
153
106
36
65
9
121
20
21
35
137
132
32
123
105
44
44
128
99
7
62
44
147
36
72
5
46
52
55
54
22
8
5
71
31
116
127
56
151
79
79
123
95
28
79
71
71
122
31
89
16
112
136
149
1
52
10
36
17
85
133
24
65
104
125
109
99
23
85
124
134
21
41
13
47
6
21
16
9
101
67
10
8
58
76
150
38
40
139
53
64
135
51
128
141
119
55
21
16
22
109
34
17
136
83
60
30
37
62
17
128
105
123
82
53
13
59
82
150
38
5
101
110
14
63
146
113
132
126
92
81
4
75
97
62
146
133
45
79
15
104
109
2
148
34
42
95
103
87
135
48
86
125
54
105
25
52
131
137
146
24
107
11
5
41
154
89
44
79
146
57
141
152
128
55
53
109
10
106
35
