Bin size: 226
Number of elements: 653
59
78
87
193
25
49
100
33
124
147
47
92
21
9
44
152
149
221
70
64
142
122
31
98
188
62
199
117
54
80
50
129
25
175
94
92
7
58
175
95
40
107
186
2
11
142
58
79
183
186
39
211
59
156
162
136
136
176
198
216
214
148
200
219
180
96
39
92
124
53
196
21
93
173
28
69
26
28
187
184
215
92
134
158
223
95
36
201
97
49
194
162
84
18
4
197
121
47
184
64
190
201
61
22
9
53
220
102
8
120
31
15
203
44
154
196
11
168
35
125
136
201
60
186
54
148
52
78
163
166
224
185
113
172
194
95
160
199
33
166
51
36
193
204
90
127
123
204
109
225
24
47
178
150
58
172
27
56
55
26
225
188
99
192
198
60
42
171
124
139
112
70
149
167
4
156
71
108
222
51
131
225
138
142
177
154
217
79
95
178
212
101
123
72
173
32
143
221
16
110
6
13
69
40
1
175
41
84
7
86
97
57
135
107
39
192
117
74
222
185
153
175
147
63
142
8
120
133
138
47
100
194
15
147
209
91
6
44
188
164
34
75
33
158
162
172
38
101
55
97
30
43
10
4
152
136
93
26
125
138
197
181
100
101
91
223
146
136
50
42
5
198
89
93
146
24
50
164
19
34
16
167
103
194
18
139
14
23
221
116
106
185
12
40
172
187
43
88
185
149
161
74
70
11
178
87
91
144
224
211
218
145
152
141
105
101
171
51
147
11
145
174
126
211
210
151
53
123
194
175
54
163
87
219
202
128
18
132
174
26
37
23
35
139
61
10
145
208
164
120
81
92
114
11
181
217
58
9
155
67
55
157
175
91
65
187
6
33
94
15
40
72
28
173
54
30
201
171
46
211
190
1
156
55
54
88
42
131
191
73
9
88
209
163
53
66
61
195
151
82
59
1
127
115
156
46
66
37
186
176
19
95
206
200
123
79
33
61
64
190
198
193
143
94
191
226
111
147
195
93
93
100
129
78
18
54
127
144
76
97
86
22
45
106
167
98
51
29
99
76
13
11
115
134
190
52
39
25
197
90
99
120
138
55
49
161
3
84
10
146
12
102
195
146
211
91
82
94
170
163
185
105
206
216
153
149
205
26
92
28
174
82
134
142
182
123
149
122
223
88
223
193
172
201
184
110
205
33
133
192
81
91
54
2
8
35
45
36
8
57
170
219
120
163
179
77
87
119
196
111
86
209
226
196
146
26
110
69
219
188
171
2
67
48
220
77
213
172
18
53
168
90
158
2
128
171
55
142
107
124
113
19
9
124
200
97
47
4
134
23
101
142
170
147
195
187
207
139
65
70
25
81
101
191
207
197
168
185
17
38
24
33
71
141
45
183
85
200
224
19
63
34
148
198
62
115
156
160
25
182
211
214
154
205
74
138
79
124
226
127
156
214
144
68
192
72
155
120
11
190
128
164
84
53
141
95
80
11
56
109
130
219
61
184
199
216
87
200
128
162
53
95
97
