Bin size: 230
Number of elements: 548
151
72
169
14
167
160
175
222
76
204
192
110
21
156
221
179
29
57
182
136
39
206
142
9
145
119
188
20
144
70
82
113
30
100
27
102
24
214
101
178
215
28
222
194
213
166
219
28
136
199
168
174
99
218
88
59
121
153
201
210
151
28
209
99
3
121
87
170
82
114
211
205
122
174
68
148
124
124
120
21
205
184
65
147
14
11
36
97
157
73
63
34
215
163
108
87
217
128
180
15
79
78
32
80
25
53
87
92
145
11
69
110
140
105
81
7
151
22
156
66
165
104
147
96
74
49
162
230
101
6
114
76
35
132
33
170
152
28
122
212
62
178
1
23
171
206
4
153
23
104
184
166
75
26
149
15
152
105
97
187
15
186
38
18
68
138
32
202
100
131
108
161
37
121
136
230
1
188
41
38
204
35
159
102
155
214
177
152
34
166
191
112
189
50
159
131
34
107
198
152
94
207
37
136
36
76
151
199
86
168
117
62
161
92
64
13
223
208
59
186
226
189
15
95
196
78
70
33
151
107
30
44
230
120
222
162
3
138
18
169
200
101
146
73
53
69
230
62
79
89
93
39
53
84
226
116
73
141
203
186
62
2
165
39
12
14
225
131
91
125
213
213
137
167
127
217
56
194
167
94
211
88
8
170
222
77
35
65
136
152
108
17
36
168
95
113
18
177
156
123
32
196
138
51
9
74
75
14
210
34
229
41
45
9
51
89
151
198
36
37
150
83
28
14
145
197
85
36
164
34
173
99
174
142
56
76
138
21
230
19
86
218
110
148
147
101
74
146
187
67
24
8
177
41
214
194
196
183
159
84
105
195
61
111
47
116
87
123
89
115
183
90
127
70
155
113
122
136
42
158
193
108
93
20
93
175
80
9
182
5
61
212
148
187
227
103
203
42
185
154
57
74
123
11
56
142
200
124
15
164
150
167
44
68
183
194
85
171
169
149
91
40
195
192
157
152
7
12
207
227
177
66
19
132
75
179
99
196
88
108
166
171
75
96
173
119
142
113
62
192
40
38
14
94
94
49
119
78
164
143
132
193
78
25
82
171
111
40
192
6
228
193
195
26
122
167
108
181
79
104
32
36
118
210
73
7
166
87
84
3
156
230
46
99
16
159
207
53
163
40
178
215
149
76
122
171
130
212
55
218
77
40
85
187
156
145
177
77
40
57
159
45
60
162
11
149
208
93
221
12
127
183
48
35
108
58
155
80
48
201
7
134
203
50
201
167
54
76
