Bin size: 137
Number of elements: 619
79
50
60
22
132
93
16
33
33
28
74
72
93
80
112
89
79
118
94
76
17
7
31
11
111
4
32
125
69
47
61
99
77
12
79
46
82
124
98
123
109
95
91
136
2
74
32
19
132
22
133
122
104
125
98
50
63
44
81
3
17
25
56
132
77
100
25
31
54
130
75
2
76
75
132
9
136
80
61
128
90
52
6
27
135
112
103
37
122
127
102
134
17
17
72
55
16
33
96
52
111
25
16
55
118
117
118
48
87
77
24
46
80
34
107
32
64
47
9
100
73
40
95
130
18
50
86
130
64
80
50
125
34
36
9
107
92
135
89
10
98
76
47
59
28
96
36
49
126
52
60
98
42
77
38
66
90
87
33
32
37
85
19
9
49
99
13
88
47
2
66
27
17
3
14
70
57
107
120
20
78
112
106
35
77
17
37
112
84
66
95
18
94
19
119
4
83
115
22
48
106
40
83
114
65
28
9
105
94
117
74
59
113
78
64
89
44
38
105
49
8
106
73
82
83
26
97
5
9
94
131
70
99
48
115
120
1
109
118
22
65
4
39
60
26
101
125
130
99
44
101
62
24
68
18
94
29
83
104
96
68
70
76
77
53
6
40
124
93
117
114
90
120
115
3
38
67
14
51
98
99
103
126
59
73
109
81
119
99
119
1
77
84
45
56
91
34
121
47
40
72
126
15
85
67
30
84
90
33
119
3
134
13
104
123
116
77
32
116
75
60
20
68
129
92
103
71
109
20
96
120
89
42
64
111
64
86
88
17
107
53
81
39
67
83
4
64
137
42
50
14
124
137
81
97
2
37
13
118
15
88
70
102
58
48
76
82
87
90
82
53
85
25
57
55
29
67
94
31
96
56
63
55
124
127
130
37
21
54
98
18
74
80
85
70
109
95
97
55
96
94
38
107
46
57
77
32
5
23
79
61
42
52
81
77
86
53
45
114
64
99
83
89
94
129
6
57
116
59
13
60
118
59
64
38
132
111
3
50
106
26
104
21
131
7
121
40
106
29
37
34
92
27
34
80
124
125
11
86
126
44
127
68
76
57
111
100
55
100
73
55
57
64
38
68
16
49
8
77
70
24
13
1
22
112
96
51
89
32
33
92
39
96
18
55
57
44
24
56
84
9
111
76
77
100
16
47
45
40
28
34
67
73
58
119
43
96
131
61
19
109
44
28
3
77
32
110
61
89
55
110
8
65
137
60
30
32
68
18
32
26
114
4
21
107
2
109
12
51
68
20
21
64
114
135
19
128
73
24
55
89
27
87
55
105
57
25
103
98
48
133
115
25
17
67
37
94
114
16
118
49
26
129
25
22
79
10
2
69
68
12
73
57
46
27
66
83
68
99
17
85
12
1
4
133
70
74
104
74
47
130
67
129
49
120
109
29
75
46
