Bin size: 123
Number of elements: 587
112
10
42
77
81
71
10
100
12
112
51
116
90
98
5
107
105
61
123
8
49
77
116
86
77
7
69
43
55
12
36
12
7
68
16
62
9
91
119
56
110
56
4
40
116
101
63
113
4
68
60
83
106
86
15
24
57
118
16
83
33
90
28
13
33
123
73
9
76
33
17
108
6
80
70
22
30
97
30
111
55
76
10
8
60
34
75
61
68
40
114
81
119
27
122
90
55
48
48
10
54
112
81
63
21
30
96
46
65
4
71
48
90
14
50
39
38
67
78
107
18
67
120
25
63
50
29
15
64
115
66
68
101
93
39
40
74
6
68
26
77
50
62
24
51
45
75
59
5
115
25
41
114
85
106
114
19
77
80
48
93
50
37
24
104
8
34
35
44
38
39
3
67
25
116
115
50
2
43
17
103
12
106
32
7
13
38
98
95
86
28
44
47
91
36
23
31
54
120
17
41
48
94
113
113
44
21
104
92
91
5
35
39
17
92
32
58
15
116
9
53
33
114
57
59
108
109
15
74
16
40
50
79
76
94
104
84
106
65
108
70
31
49
53
102
18
107
43
53
14
51
58
24
43
63
121
6
101
98
32
80
89
7
84
48
60
67
108
10
57
53
122
40
57
17
114
117
109
77
36
40
98
82
68
32
16
73
56
48
3
122
118
2
115
54
8
65
4
21
91
102
68
70
91
41
120
123
75
36
104
74
30
88
83
66
51
28
6
5
50
91
114
100
58
4
99
15
122
4
57
23
77
71
50
45
11
53
96
123
76
58
51
72
81
78
112
64
73
90
6
64
33
8
100
40
105
115
122
45
27
46
14
72
25
76
71
88
62
4
30
115
61
52
56
108
50
14
34
110
28
27
24
48
74
30
111
120
30
27
55
46
7
15
64
120
115
104
70
116
28
36
34
14
71
108
120
96
17
3
55
120
60
8
56
93
61
47
84
55
37
36
32
3
114
115
111
5
76
116
99
3
111
83
103
46
69
18
20
54
118
11
69
90
26
111
89
103
40
54
62
99
120
47
95
86
10
83
91
27
16
107
95
8
44
75
75
42
44
16
75
99
35
23
116
67
107
19
22
67
82
11
48
105
54
78
118
64
78
109
88
77
66
63
56
1
86
65
123
113
28
73
101
121
120
112
20
41
82
116
101
42
58
101
20
94
44
68
4
86
97
52
104
35
40
86
7
74
76
10
39
3
11
85
116
88
91
45
36
99
2
10
30
40
69
39
92
119
39
77
40
26
49
46
109
63
119
44
107
78
119
76
31
75
20
86
95
24
91
24
54
9
20
59
93
74
35
5
96
31
76
24
48
87
84
34
123
79
