Bin size: 243
Number of elements: 511
135
177
87
185
175
167
219
90
239
165
87
214
99
77
211
194
182
135
181
86
116
206
86
127
233
51
167
160
144
115
122
45
196
136
133
130
217
97
126
224
43
170
100
62
208
155
178
25
177
53
134
54
141
231
195
239
90
51
63
146
117
163
154
240
62
218
198
182
166
88
211
153
173
205
129
172
167
107
15
86
201
33
29
4
12
68
206
188
121
10
205
136
30
98
180
17
45
3
37
64
43
195
93
135
183
22
204
205
89
122
91
160
12
241
206
219
99
200
238
197
40
118
75
12
226
16
88
9
116
207
104
234
210
126
42
53
231
125
68
96
71
7
138
62
77
30
160
160
164
123
9
176
13
166
129
25
95
33
156
164
77
137
184
126
221
40
112
159
62
93
16
136
38
124
103
38
82
43
128
152
194
147
190
13
155
87
240
183
131
39
222
170
51
66
38
112
167
200
56
186
233
117
90
154
128
212
76
11
175
7
55
206
66
113
161
172
89
66
131
187
165
6
143
191
52
32
99
115
133
198
36
217
5
179
69
210
164
200
45
100
84
224
83
127
14
99
208
161
21
235
132
157
83
104
54
205
106
143
51
225
206
190
181
157
147
11
242
135
167
122
195
230
240
216
127
160
176
230
141
226
177
175
33
204
116
162
215
123
190
224
133
168
53
235
193
237
215
89
60
105
187
85
49
45
41
99
243
242
206
53
147
179
58
184
204
60
232
146
185
227
226
8
82
44
23
197
3
124
29
18
8
62
207
55
103
97
72
74
82
47
161
160
15
1
184
180
87
231
58
227
2
193
145
111
73
158
117
179
233
33
229
131
130
162
105
194
123
178
4
219
111
57
234
232
115
10
10
117
159
48
88
170
205
134
4
163
24
179
242
57
47
199
222
242
80
77
156
37
170
145
204
108
210
29
59
55
13
119
40
219
68
152
37
4
222
237
168
145
177
65
30
42
173
167
83
151
204
54
148
166
228
76
1
183
47
186
27
114
57
134
106
62
228
187
164
21
214
223
91
101
36
74
182
85
143
89
79
213
1
89
6
52
143
1
145
28
229
48
226
59
113
100
138
151
75
191
232
108
73
75
80
140
37
108
227
76
221
132
17
26
62
137
238
90
97
179
223
111
121
234
173
147
63
238
34
142
28
104
226
114
167
