Bin size: 109
Number of elements: 520
18
60
38
84
30
8
12
38
72
100
63
11
14
95
9
90
66
16
108
77
27
31
18
42
25
22
19
98
51
84
90
40
89
94
81
36
44
17
94
79
19
87
107
14
48
48
75
57
54
87
67
78
26
80
61
35
101
42
62
7
37
68
97
109
62
92
102
15
45
18
102
2
61
41
50
56
36
50
31
37
61
96
25
74
6
16
5
42
85
79
70
39
5
76
78
83
42
36
56
96
77
108
3
78
87
54
109
51
4
80
33
46
40
88
94
102
56
83
12
73
51
65
3
30
89
2
29
59
81
17
60
98
9
10
44
8
36
33
56
83
70
34
83
6
20
52
37
51
55
109
95
46
90
102
65
15
103
28
24
1
3
74
40
79
15
40
18
50
54
35
67
93
58
90
71
60
45
99
21
58
54
50
60
54
40
47
49
38
38
16
56
72
13
61
53
91
98
15
86
95
23
85
73
20
12
9
55
43
39
16
86
65
32
5
9
2
11
1
7
89
42
30
106
2
25
82
102
77
80
55
98
86
91
24
13
88
76
103
22
60
19
42
71
50
9
45
2
37
62
57
82
77
101
8
36
20
3
88
75
9
45
92
31
26
43
31
5
27
86
49
14
18
14
42
15
78
66
69
75
22
13
73
32
42
74
2
45
60
108
39
44
59
62
70
18
6
103
88
103
58
51
15
46
44
6
11
27
38
83
11
67
24
48
29
100
72
83
14
68
91
107
97
52
24
32
57
81
57
31
19
87
67
10
76
70
62
7
62
87
74
34
81
12
57
42
69
49
27
58
78
67
32
15
84
25
99
2
61
103
13
88
92
43
98
29
88
61
56
63
5
80
55
99
45
25
79
107
40
82
54
68
38
30
29
102
55
44
30
73
87
52
69
82
26
94
14
1
26
27
26
54
45
88
58
35
63
96
9
81
23
46
34
34
11
106
94
62
29
104
49
2
9
9
46
58
85
51
54
25
26
47
82
77
90
43
107
2
23
30
107
19
38
76
49
7
4
103
6
61
70
105
83
41
12
5
5
50
26
78
99
45
13
9
27
88
61
69
61
91
3
54
62
66
86
70
102
38
102
8
91
64
73
106
88
42
74
3
109
69
33
66
74
59
15
25
47
8
24
87
63
5
90
53
81
22
12
64
88
81
34
90
85
64
9
44
76
28
32
2
92
