Bin size: 223
Number of elements: 695
125
148
93
18
147
149
91
127
182
122
128
114
148
85
2
2
171
90
199
132
220
104
175
139
59
29
20
142
222
82
139
90
210
97
75
211
40
214
184
163
98
39
81
67
195
112
180
47
27
6
7
139
63
43
12
47
98
17
113
213
221
202
141
80
58
220
112
15
119
30
190
90
189
204
71
68
166
39
194
61
72
89
113
120
199
15
70
40
175
164
118
59
188
200
48
14
94
149
148
62
180
80
198
195
66
89
220
102
79
179
106
76
135
53
64
112
162
23
69
48
140
86
43
180
167
12
77
67
153
143
186
154
172
39
66
136
174
30
187
154
94
31
45
102
163
54
122
158
46
29
128
100
223
84
148
28
35
206
92
125
130
61
166
52
17
107
139
181
118
215
63
128
22
67
159
52
9
134
56
5
132
196
173
28
58
161
86
171
148
222
25
177
19
171
119
101
162
148
12
59
161
176
199
30
214
220
179
162
167
171
212
204
123
60
70
130
206
212
101
61
32
14
142
95
9
18
154
118
173
13
36
87
114
114
208
220
63
222
145
123
112
108
192
139
1
218
35
90
181
34
53
90
35
191
14
139
186
17
51
133
59
140
186
128
48
61
22
146
126
212
85
64
34
18
35
123
42
50
211
202
86
82
55
137
129
200
222
175
69
201
31
59
103
197
121
161
186
198
114
46
63
67
185
22
186
211
124
213
221
190
73
182
80
28
64
174
110
137
113
70
213
148
14
90
62
15
173
25
173
129
219
16
206
126
129
141
54
81
28
189
119
138
126
48
127
72
179
42
78
164
60
139
71
67
56
47
223
131
173
97
185
204
112
41
51
181
56
29
43
109
76
35
1
168
82
165
18
61
115
164
72
196
217
87
151
171
164
102
50
156
109
31
94
13
1
68
163
96
3
186
91
144
89
36
159
171
222
7
122
18
70
98
219
97
217
18
214
87
172
19
18
95
184
218
20
43
79
139
114
21
88
137
127
190
176
30
102
110
134
95
184
43
80
34
40
151
49
152
208
125
120
208
148
168
17
191
49
54
133
142
49
4
66
187
139
129
23
60
16
95
182
202
183
58
103
118
40
30
87
163
134
134
11
187
168
11
152
197
5
190
107
50
73
103
60
117
70
178
20
188
61
52
136
64
138
48
163
58
11
49
66
127
202
208
84
196
171
169
37
157
175
128
41
5
151
99
14
160
1
51
221
141
161
134
84
153
185
135
95
127
74
18
127
191
141
105
14
208
215
69
83
14
78
80
72
223
47
171
91
27
154
198
17
128
86
58
64
42
45
43
19
202
198
160
120
70
128
60
181
108
198
70
210
141
188
52
48
77
3
53
7
219
75
189
106
154
15
71
192
182
110
174
204
211
17
82
89
165
220
95
100
140
19
1
2
18
150
64
80
119
125
38
210
50
86
59
55
52
64
175
189
158
126
66
91
184
29
26
139
63
49
50
19
86
12
197
42
87
167
197
46
158
56
30
220
186
131
147
148
29
74
89
65
132
168
31
49
131
179
169
136
208
151
123
125
54
98
154
177
96
219
23
33
59
37
208
134
111
9
96
181
137
128
154
197
