Bin size: 140
Number of elements: 630
23
26
36
118
106
127
113
35
140
27
62
2
114
83
5
132
12
92
104
82
87
103
119
50
61
80
6
75
102
89
64
28
133
122
9
96
114
88
14
63
44
20
65
86
58
13
38
138
9
55
13
82
21
126
94
77
133
106
38
30
79
70
34
99
132
63
96
68
16
122
106
109
47
59
52
44
130
140
107
113
123
56
116
116
37
107
109
8
130
46
26
133
135
34
19
85
138
58
140
11
31
122
116
15
22
38
28
118
57
135
35
92
48
118
7
38
129
78
105
55
36
15
51
132
30
77
37
46
84
111
27
106
62
81
76
58
121
79
111
79
63
29
106
135
100
54
84
105
3
30
57
121
127
9
56
65
81
26
121
27
18
27
17
19
107
97
6
30
38
130
110
63
92
84
120
120
3
53
79
137
63
70
93
17
107
77
6
139
131
34
100
9
19
6
9
47
9
130
40
35
120
5
119
43
57
7
25
123
77
31
16
115
59
67
86
134
100
101
70
71
95
81
104
23
11
17
83
52
73
82
42
54
1
27
23
27
121
10
24
140
91
139
72
117
2
19
115
53
2
32
14
13
112
82
131
36
31
38
105
110
46
45
87
117
69
22
22
25
30
93
20
117
107
46
64
7
1
43
133
125
121
26
19
111
41
20
65
134
105
66
70
79
87
29
137
77
23
26
70
41
23
58
70
23
98
83
82
133
131
120
78
13
37
50
133
93
110
120
16
55
33
6
52
42
92
138
38
132
131
56
46
99
101
113
40
95
27
28
42
112
55
11
24
58
15
83
49
18
55
75
123
5
37
26
56
77
37
92
106
109
2
45
104
33
21
124
131
130
91
44
112
20
87
48
92
35
73
76
23
79
119
127
123
120
45
101
39
74
74
32
75
52
47
99
73
6
36
11
40
87
29
96
57
80
42
8
105
30
63
84
17
20
128
85
70
94
140
17
114
135
104
108
29
4
47
87
19
80
123
40
120
13
138
113
8
108
84
112
129
99
74
9
137
128
132
57
108
105
52
104
79
43
80
102
120
98
123
105
134
112
90
36
51
4
94
40
24
108
77
103
60
102
23
91
120
17
113
95
5
100
90
50
111
10
70
57
36
132
67
136
107
93
131
25
69
70
33
68
90
67
74
40
93
130
121
18
120
117
2
20
112
88
12
126
85
70
76
114
45
12
111
28
64
113
30
76
123
24
4
58
23
67
19
7
102
128
120
42
132
104
9
115
130
55
25
66
60
69
19
97
112
91
46
59
9
69
62
33
59
114
2
118
109
140
33
135
36
113
129
25
3
38
12
43
138
47
2
85
85
101
54
108
31
7
57
5
135
122
125
123
110
5
46
99
91
37
36
99
71
5
67
63
43
125
102
24
126
13
135
111
56
6
63
49
21
71
56
62
53
58
14
64
20
40
6
101
20
130
108
54
