Bin size: 208
Number of elements: 689
63
10
69
117
140
208
98
57
15
23
38
204
154
15
136
104
201
205
56
97
32
99
90
141
21
178
21
72
51
168
80
111
79
53
69
27
71
174
170
165
194
63
28
156
81
85
165
22
108
61
185
67
183
57
50
169
7
173
88
37
84
36
166
103
174
8
119
41
136
165
208
93
126
97
165
161
148
92
193
102
187
161
27
188
181
104
102
159
123
73
150
37
85
17
188
99
185
75
136
158
5
84
16
134
143
193
190
121
178
162
195
84
63
97
131
72
60
66
196
79
198
64
204
12
205
135
54
29
105
41
72
36
172
66
86
183
77
62
144
133
152
138
76
140
107
144
31
68
101
56
56
9
3
139
75
141
25
83
100
150
129
30
10
126
86
189
99
150
46
16
167
187
115
125
157
45
50
158
35
142
22
3
199
170
59
44
83
157
151
14
142
36
125
41
113
157
70
25
167
12
44
119
153
111
144
66
48
82
144
185
160
44
105
63
92
167
5
112
83
146
129
133
42
130
205
179
204
166
185
117
66
124
4
1
61
1
145
186
68
110
97
91
150
162
70
44
104
155
142
70
27
173
142
136
113
14
91
92
22
130
171
185
169
125
109
189
90
65
132
39
11
154
125
65
181
137
94
126
185
192
112
187
152
148
62
148
117
51
198
133
157
58
74
78
153
185
130
157
58
108
133
105
52
201
194
145
151
22
2
184
50
52
127
177
187
175
12
63
201
183
77
74
120
143
92
160
40
15
53
174
92
110
153
108
30
64
148
204
69
41
181
195
45
135
169
39
63
114
143
168
201
17
11
159
8
127
52
88
48
8
137
87
118
25
189
85
40
116
87
202
77
193
44
81
179
141
77
110
53
25
50
172
57
5
181
135
131
178
193
128
69
149
195
21
26
43
80
66
31
2
180
63
111
112
82
18
61
79
94
129
132
48
111
144
59
187
88
199
81
155
124
34
41
11
173
95
94
77
49
201
84
109
115
39
24
22
22
164
117
88
24
18
16
116
174
56
107
12
106
129
125
170
124
58
160
57
155
193
14
130
35
128
117
172
54
66
187
78
152
37
166
92
90
95
76
149
168
206
75
100
174
135
167
166
2
140
98
72
5
196
42
95
123
43
53
13
183
16
49
178
203
17
127
143
190
87
27
79
144
32
204
92
3
87
3
169
80
187
155
157
104
65
128
19
195
162
53
128
108
207
90
32
154
194
150
181
33
65
158
145
154
95
118
89
155
57
46
175
158
200
172
98
55
179
129
1
44
28
159
28
177
89
71
115
52
108
180
61
157
189
121
195
191
165
157
72
64
68
24
91
186
36
152
44
147
63
83
152
171
157
5
181
145
107
49
179
90
197
191
42
96
84
57
79
175
58
69
193
59
114
16
142
162
50
113
192
165
80
115
176
131
203
27
46
184
77
190
103
111
182
64
89
123
145
113
100
198
115
46
88
107
13
86
84
82
134
195
110
124
55
184
56
56
78
24
109
68
113
12
168
2
206
131
50
139
180
11
54
200
67
135
112
68
154
173
133
146
43
192
191
17
33
93
163
148
100
58
27
79
