Bin size: 130
Number of elements: 625
64
93
34
55
54
53
109
114
105
48
39
7
1
64
40
58
103
110
12
55
68
48
93
93
107
73
33
74
82
59
111
76
107
59
22
78
24
14
77
3
49
12
99
69
112
10
62
9
129
99
59
91
42
84
3
108
37
73
40
29
65
108
111
128
91
128
101
119
6
10
24
37
110
98
82
50
121
51
49
5
107
99
116
54
100
121
73
86
116
44
117
103
51
38
63
89
59
40
112
12
89
34
16
103
38
65
57
37
105
76
99
114
43
87
35
128
20
8
59
25
69
130
69
101
108
13
27
115
80
87
99
128
57
56
35
92
97
15
102
94
55
89
27
90
48
130
41
28
44
4
122
115
103
1
72
76
86
2
86
76
37
128
125
91
26
47
53
93
97
2
124
98
10
53
106
24
23
65
29
85
106
37
9
38
70
40
117
55
23
26
44
98
99
71
113
14
84
43
12
94
125
68
99
1
82
21
3
123
16
129
77
22
2
44
85
122
100
94
6
57
62
52
89
99
63
125
109
70
80
107
89
113
29
46
86
129
7
47
103
5
95
53
80
100
115
83
59
52
88
71
32
12
8
42
36
7
20
42
62
92
107
63
91
99
89
48
9
73
19
122
127
98
128
16
58
91
84
81
81
88
3
60
130
109
97
42
50
7
19
88
22
124
104
51
48
123
43
76
1
93
65
18
124
92
106
67
119
96
117
10
55
105
88
80
103
128
98
37
92
45
19
89
116
88
4
60
61
87
85
51
121
79
103
69
64
10
115
99
51
108
117
98
21
94
63
5
11
110
11
103
51
17
8
72
30
3
55
29
48
109
81
15
108
106
34
41
119
26
81
120
1
110
16
24
47
47
45
34
65
16
18
70
36
107
22
36
89
116
127
96
50
33
117
91
79
109
56
110
61
47
66
33
1
94
9
103
33
4
74
22
45
74
73
127
56
9
64
2
26
10
91
113
42
16
42
98
85
116
16
52
126
105
72
98
63
99
41
29
58
1
56
19
41
112
54
30
112
107
66
106
124
102
107
93
42
100
75
103
90
118
91
29
84
13
17
130
30
28
108
126
112
54
2
60
60
97
64
32
76
112
126
69
54
35
25
45
118
82
22
94
121
103
71
107
44
80
123
23
121
13
68
23
125
41
41
112
58
57
123
28
109
49
16
4
79
109
128
100
41
64
88
81
46
125
107
63
107
48
46
57
78
42
6
98
21
10
76
62
130
32
25
26
78
124
8
82
86
7
77
19
12
125
20
91
47
14
60
6
62
7
113
57
26
122
112
96
74
128
115
121
87
64
129
10
48
95
52
100
81
20
111
35
113
29
114
77
82
27
51
122
20
44
120
18
77
104
70
112
115
16
122
96
98
80
107
87
20
103
21
124
60
101
61
35
60
1
39
109
23
101
7
64
43
53
120
