Bin size: 158
Number of elements: 697
145
140
50
16
120
120
64
58
9
10
36
34
133
96
4
149
70
95
144
141
56
27
153
65
13
76
18
87
117
82
54
90
11
20
31
68
49
151
44
3
131
134
39
151
100
63
100
62
153
20
76
80
9
14
117
2
99
81
66
26
36
81
116
116
89
119
98
58
3
55
54
147
40
60
132
82
44
113
43
135
123
156
142
11
51
18
73
4
60
118
124
84
13
123
137
25
129
12
89
71
40
59
89
144
149
65
34
55
157
31
57
70
29
75
88
21
145
62
26
77
131
92
116
78
70
130
114
92
40
128
152
34
119
82
105
83
80
10
93
86
152
154
137
34
155
64
93
154
31
103
72
85
152
32
9
12
109
67
29
137
47
132
51
37
25
141
134
55
93
27
126
78
147
125
6
14
86
157
95
124
118
133
54
137
64
158
100
36
23
138
138
4
98
36
98
66
119
5
108
96
27
141
44
113
6
56
62
155
32
1
112
11
53
14
40
67
140
55
81
129
8
75
42
74
99
91
66
87
84
152
42
154
22
86
44
156
147
2
150
31
138
32
123
56
157
142
49
60
141
85
37
136
121
48
5
88
32
72
41
17
71
83
103
103
13
110
41
106
8
90
108
11
144
152
149
13
74
93
144
49
99
157
60
157
36
33
101
51
112
43
50
48
150
145
82
113
54
81
101
59
41
74
42
135
38
32
56
125
134
151
77
104
26
122
67
38
108
9
33
84
34
39
36
57
115
84
9
105
53
56
112
120
107
20
9
139
111
83
34
85
74
39
87
74
141
41
122
151
100
35
100
143
1
115
47
14
125
2
27
46
16
98
132
111
117
91
49
143
111
102
157
93
7
50
156
46
31
22
19
14
8
57
143
107
49
111
130
106
110
87
137
115
15
134
145
96
90
54
102
128
10
6
156
48
17
14
95
65
60
100
158
107
132
64
113
53
50
95
119
112
12
74
148
124
42
7
11
9
84
89
129
72
20
131
3
54
96
39
140
49
135
147
94
87
85
127
55
102
62
48
90
82
71
4
135
84
55
46
92
100
14
60
100
131
26
155
81
13
137
22
15
57
90
153
131
54
49
5
115
145
92
70
68
111
32
76
152
19
66
94
15
11
140
87
38
69
149
108
111
44
105
2
80
123
107
54
110
111
20
53
128
82
58
147
84
143
140
65
136
140
111
151
12
91
16
49
89
151
101
1
25
157
111
66
152
130
77
89
125
128
38
118
28
104
102
115
119
142
117
43
15
102
99
119
75
74
157
84
6
19
148
129
85
121
32
143
109
43
101
79
28
14
142
50
139
58
151
141
87
136
72
32
9
47
23
48
114
4
122
13
95
133
59
149
98
9
132
155
47
16
81
22
68
31
47
98
86
127
4
138
11
145
35
17
25
100
42
114
138
95
108
70
145
102
2
89
85
139
137
43
16
70
151
80
153
42
126
84
116
118
71
157
88
154
153
150
40
69
138
2
14
154
52
95
133
42
42
137
46
120
84
154
102
129
24
145
96
61
64
29
84
60
115
45
152
114
146
52
43
127
121
67
52
154
42
27
26
89
3
154
80
141
115
86
78
86
136
