Bin size: 217
Number of elements: 562
146
52
173
144
44
51
211
146
107
2
115
137
114
123
25
27
102
154
180
63
136
121
178
106
62
16
211
113
166
180
113
105
74
95
67
147
41
200
184
85
51
91
155
188
215
113
189
13
159
193
74
89
216
122
107
66
91
204
71
86
214
24
161
145
81
212
96
107
164
53
21
185
121
54
204
70
183
77
41
52
187
79
4
29
194
126
104
78
200
129
145
114
6
62
164
49
26
18
182
97
147
175
119
176
99
54
42
179
152
189
177
49
44
196
190
95
182
93
107
57
97
1
11
193
164
171
163
80
3
1
34
194
46
61
14
61
80
37
27
37
38
194
95
185
89
94
2
128
188
114
82
170
78
125
172
110
17
187
110
61
27
181
59
73
51
4
177
200
170
41
68
170
10
94
1
37
32
215
201
86
163
136
103
83
106
146
186
45
49
192
170
43
203
135
153
163
114
202
155
150
26
122
167
145
138
27
59
146
2
213
22
148
98
182
48
213
26
91
107
151
60
204
2
157
96
157
75
51
85
134
38
158
181
117
151
118
100
203
122
157
153
131
175
4
178
183
215
211
51
155
22
180
200
131
40
89
92
83
80
184
106
161
18
107
173
108
107
66
32
17
183
59
105
130
40
159
127
96
49
105
216
115
87
41
109
7
11
131
4
124
98
158
199
142
217
37
198
82
5
142
124
50
214
179
176
46
122
24
120
56
163
198
110
93
169
186
61
57
107
110
112
24
48
95
117
60
147
64
213
69
25
17
55
202
70
135
69
90
5
197
12
169
90
143
173
79
206
104
206
170
51
112
92
214
203
131
130
45
165
142
177
125
73
208
3
69
92
22
209
79
53
15
148
126
197
40
13
149
178
121
92
75
157
171
165
209
96
162
113
28
167
93
133
150
211
9
189
5
34
132
103
28
118
158
51
182
192
52
33
99
136
216
189
4
65
20
137
90
78
88
7
87
74
126
127
187
68
20
41
83
207
75
6
146
46
92
204
17
69
88
74
206
74
195
208
113
137
189
3
94
120
109
103
209
146
109
173
138
33
178
18
190
81
126
36
11
20
132
196
39
20
184
63
98
59
135
87
165
79
124
179
35
173
206
88
97
64
194
68
174
117
12
14
177
190
19
1
194
85
78
181
133
186
75
64
63
210
16
158
146
7
49
46
86
161
108
91
119
3
199
119
120
176
35
203
58
188
188
136
27
162
85
217
209
29
118
174
28
75
53
66
59
49
64
30
93
23
187
55
144
33
127
196
192
176
155
204
56
213
21
175
201
