Bin size: 289
Number of elements: 503
30
256
277
86
98
188
106
284
85
260
41
31
184
45
196
5
106
222
184
249
60
134
131
43
137
5
96
22
127
257
93
195
282
92
239
288
246
67
255
122
282
151
80
269
156
197
220
162
266
157
70
174
4
248
43
16
156
225
280
217
247
247
49
13
181
8
173
134
238
82
254
225
123
282
33
270
79
173
209
282
179
213
45
191
1
68
215
186
47
21
277
77
280
115
262
223
138
55
287
125
119
125
80
131
222
98
50
199
98
56
281
85
131
150
175
281
135
238
29
68
275
16
82
74
288
235
23
19
105
260
74
190
253
94
26
90
222
236
24
224
114
36
163
81
46
257
187
69
74
162
261
115
77
284
189
188
154
142
257
45
218
28
102
133
19
29
131
87
172
215
103
119
79
270
218
24
159
223
154
178
118
202
225
193
26
93
115
123
212
165
248
27
57
218
132
164
48
22
242
86
241
233
122
94
89
238
238
45
24
87
83
194
289
183
198
154
54
33
180
175
215
241
226
225
8
88
190
52
194
215
169
59
224
163
265
263
250
198
37
123
205
109
160
164
72
286
151
188
140
175
182
155
103
244
265
75
93
94
272
84
181
275
183
87
259
47
63
173
43
107
124
202
270
139
205
150
260
279
8
96
208
30
159
114
270
107
119
81
28
132
115
76
32
113
156
251
191
101
59
139
69
63
129
99
44
209
53
141
233
263
255
80
93
29
82
267
176
4
2
14
224
175
201
184
281
83
206
3
149
204
90
65
115
238
192
52
67
42
20
35
231
49
30
153
166
186
180
136
192
37
278
84
253
101
235
63
235
107
268
225
45
43
234
48
180
21
121
191
98
84
277
276
236
48
189
212
283
274
199
66
71
272
72
159
283
184
285
113
67
26
17
149
18
190
94
210
123
116
54
85
5
288
13
250
68
214
97
169
267
78
164
217
74
285
288
203
267
205
274
197
85
22
32
134
71
85
184
10
260
98
45
82
148
131
134
215
145
212
259
166
158
5
66
205
159
209
48
222
75
82
111
173
83
244
125
174
79
119
200
232
3
76
15
135
104
148
256
136
283
242
124
277
263
37
197
259
98
133
145
272
279
284
192
199
198
222
72
224
154
51
262
138
39
127
53
138
61
68
106
28
19
189
282
