Bin size: 244
Number of elements: 647
38
126
2
6
189
72
165
195
142
191
4
138
179
87
21
140
123
147
237
69
175
162
137
14
178
240
6
147
184
228
145
91
152
215
140
92
2
238
138
165
11
229
152
3
197
17
192
25
137
163
183
41
180
242
162
126
164
22
217
21
177
174
123
39
3
196
128
156
43
3
131
127
184
3
9
156
124
123
26
229
170
3
66
243
176
213
43
209
179
28
146
186
188
54
139
165
172
19
238
44
227
227
145
152
205
106
214
55
110
98
233
30
62
91
1
72
20
125
37
139
62
6
42
9
95
183
179
114
96
63
210
108
206
79
16
90
122
111
50
169
44
170
135
14
44
190
118
111
115
86
116
222
119
221
91
129
214
181
196
98
184
67
125
17
26
178
173
34
189
81
43
196
238
238
154
235
213
67
14
237
151
16
29
227
122
68
115
214
61
86
191
59
98
70
125
70
128
188
21
117
130
181
227
24
215
41
208
152
54
222
199
233
111
203
156
186
71
159
67
198
99
69
101
127
23
194
187
129
178
137
45
121
184
111
184
17
242
128
121
80
234
237
198
214
109
207
222
39
45
72
96
112
128
211
240
148
43
244
208
74
166
82
66
128
5
66
116
151
2
193
91
28
52
118
133
138
52
28
32
63
114
76
190
222
187
96
96
17
64
102
147
79
88
84
6
6
70
39
24
179
1
170
9
57
80
224
154
114
87
101
13
155
65
225
117
9
36
169
109
63
49
180
227
217
192
242
219
183
216
178
178
106
122
152
46
207
231
49
198
34
146
152
117
140
165
4
167
134
180
232
100
39
64
226
229
123
50
58
179
34
189
210
174
232
173
142
89
9
80
229
32
1
26
46
5
143
37
233
241
75
13
195
202
118
140
146
56
187
147
54
158
242
16
159
4
41
29
101
214
240
221
221
99
87
23
226
14
56
37
150
222
220
179
159
138
4
206
152
127
116
98
43
29
90
188
140
223
79
63
59
238
113
33
190
232
146
170
4
6
25
242
164
167
108
113
63
30
50
70
239
111
3
114
134
93
179
198
223
207
225
180
40
71
138
132
29
128
185
14
68
211
37
4
46
65
156
27
138
46
3
198
214
175
241
74
101
10
95
69
105
148
233
136
56
127
158
11
150
133
56
165
167
195
46
231
87
151
27
41
189
107
244
123
25
81
20
136
21
227
27
234
71
174
76
150
153
85
139
132
138
139
189
7
31
75
166
133
146
58
230
101
165
148
167
68
157
71
48
181
10
56
16
13
56
17
116
130
36
151
36
177
149
237
190
96
110
91
191
117
202
222
125
197
55
190
33
210
131
89
203
49
10
209
234
54
239
211
117
164
213
194
220
34
176
227
183
241
166
238
150
113
4
186
131
167
93
230
194
234
244
47
168
83
129
11
113
201
232
177
18
104
37
150
243
128
103
156
17
72
143
206
193
155
240
125
100
36
44
199
147
176
184
153
140
30
65
61
