Bin size: 175
Number of elements: 573
151
143
165
7
27
70
14
127
55
28
119
155
161
23
51
53
174
44
14
99
141
169
50
64
73
113
39
165
151
94
136
132
63
42
102
98
48
53
9
110
18
100
120
52
79
4
29
53
52
63
20
43
99
62
64
78
134
12
41
170
157
56
35
147
115
61
18
130
133
128
173
68
131
80
84
49
123
140
109
39
156
37
168
30
49
87
145
160
156
167
91
10
107
79
78
46
45
112
19
21
94
69
41
31
110
1
5
100
13
89
65
88
149
66
44
21
75
17
114
163
173
129
154
111
153
80
157
56
134
158
80
89
29
171
50
171
22
11
141
68
56
121
93
151
8
5
95
49
167
153
11
117
131
152
104
50
92
83
126
46
146
152
35
59
9
61
102
174
23
157
56
138
58
116
161
127
40
122
76
124
109
167
77
130
170
120
18
37
50
112
50
149
67
28
141
36
169
3
82
37
144
32
161
55
37
8
109
153
59
67
158
1
108
73
71
172
80
88
162
4
164
129
151
22
6
81
113
125
131
149
80
49
121
43
143
156
96
92
144
65
18
144
153
51
77
26
45
66
33
3
136
128
134
21
96
79
145
168
122
93
54
5
131
103
136
95
64
163
168
155
148
126
151
11
22
66
171
162
91
54
117
158
4
175
34
144
83
144
30
1
91
128
152
46
168
112
37
74
102
129
161
50
85
49
115
44
54
37
155
134
157
8
104
120
54
118
130
175
42
68
9
13
84
58
73
46
22
112
173
22
169
23
137
136
98
164
92
125
63
105
35
86
59
79
129
150
81
93
29
96
101
43
84
158
35
24
87
75
169
63
167
175
84
60
13
15
126
2
20
43
7
24
33
102
78
171
18
44
118
49
160
4
58
84
34
172
56
144
24
146
65
40
16
1
154
23
13
109
92
75
89
116
144
67
81
44
16
153
51
115
155
145
137
136
108
81
109
30
71
40
21
74
29
122
8
84
37
31
101
136
133
23
49
109
169
60
61
139
51
121
28
120
79
140
146
62
45
65
15
117
42
165
79
86
17
146
151
15
109
128
167
76
172
130
149
117
151
27
82
30
60
170
125
155
11
47
102
29
87
1
42
35
40
21
20
64
16
30
6
19
64
80
81
128
59
85
9
93
109
4
113
146
33
46
43
23
151
139
70
62
160
141
140
71
27
99
5
71
133
144
131
157
18
108
136
20
111
62
168
125
166
73
170
147
7
58
126
35
158
117
37
170
109
27
83
99
26
7
53
32
25
143
72
113
75
71
138
102
115
87
169
43
35
93
34
26
45
111
74
121
136
74
70
