Bin size: 119
Number of elements: 601
119
10
107
93
71
11
83
51
104
116
20
82
104
69
78
98
50
71
33
49
70
9
12
47
82
61
63
92
102
28
24
31
93
62
70
31
79
35
75
95
76
97
15
111
77
119
34
86
81
30
117
64
90
46
27
38
24
92
39
17
105
88
68
18
8
65
97
106
110
53
51
114
27
81
102
67
19
54
14
94
96
37
52
26
91
79
31
48
11
68
16
8
80
57
55
60
63
81
31
23
49
27
82
48
54
14
31
113
58
37
63
25
48
93
96
12
42
19
4
57
4
48
23
4
17
58
84
6
13
89
8
60
90
46
106
68
1
34
57
111
98
12
85
80
87
53
95
12
88
92
12
15
52
72
15
88
94
43
91
22
103
47
11
54
2
52
15
7
31
116
20
102
53
96
48
31
75
55
117
117
70
110
65
14
49
59
32
31
79
73
78
108
114
89
34
81
89
84
119
23
47
107
1
103
91
49
110
52
81
22
45
27
21
72
13
119
5
91
36
51
80
44
11
1
118
47
45
94
38
58
111
86
88
17
49
49
94
82
54
51
75
27
22
16
101
98
55
118
97
16
15
61
8
38
101
62
61
68
101
69
57
72
64
100
47
1
65
7
86
30
67
88
5
98
108
17
87
15
102
9
48
28
117
14
24
100
57
45
99
76
5
63
24
11
47
54
9
119
65
59
97
101
118
117
25
44
75
51
79
64
111
50
69
87
94
42
65
54
18
48
4
89
79
59
87
24
116
76
22
7
5
99
67
112
75
116
41
32
69
91
45
73
94
116
58
89
96
26
113
57
99
52
37
99
50
83
110
77
102
51
26
16
105
16
6
55
101
115
117
5
110
73
117
99
44
45
13
59
57
32
15
116
79
100
52
95
114
108
96
9
26
98
40
110
14
22
69
103
1
36
74
70
101
55
75
23
118
2
119
18
64
65
55
106
76
14
74
116
7
114
47
95
59
118
25
104
34
64
70
56
24
21
80
99
98
49
56
8
28
58
27
2
49
82
114
62
57
107
62
97
6
55
93
94
49
98
17
57
100
96
88
113
37
84
71
61
23
5
102
40
117
19
78
106
96
47
66
17
96
16
62
102
58
87
50
110
15
78
49
93
114
19
42
19
34
29
43
32
118
58
93
88
95
9
46
89
70
2
69
112
61
58
37
113
13
7
92
52
87
33
104
15
57
16
117
22
75
114
7
118
112
95
68
54
57
10
59
70
108
63
68
28
51
9
73
78
118
19
3
82
113
20
98
26
24
80
43
77
28
74
99
44
97
63
100
2
111
23
2
71
65
78
28
97
27
42
35
118
117
103
31
18
15
3
9
39
38
45
59
26
40
85
7
88
116
67
81
44
25
26
17
