Bin size: 199
Number of elements: 677
9
109
114
18
135
183
12
130
110
72
154
6
175
123
161
142
189
187
111
140
9
129
161
197
74
48
2
69
132
5
91
27
55
199
168
149
137
131
34
59
22
61
83
80
107
77
68
164
170
60
179
166
178
58
18
103
42
170
191
36
5
66
44
68
78
85
86
28
164
94
14
191
148
84
156
155
179
179
23
140
130
127
88
166
48
6
110
147
101
166
40
100
85
57
42
102
121
68
60
178
71
199
94
160
69
59
192
112
185
158
29
188
5
190
67
170
46
72
79
197
27
21
57
193
24
101
34
197
195
120
80
189
46
157
162
113
188
92
25
10
165
46
137
95
163
28
194
31
10
171
14
174
186
168
36
35
89
18
131
81
17
11
48
134
163
41
76
90
83
109
41
18
161
79
82
7
168
138
139
61
150
38
107
50
119
149
3
91
150
42
63
56
197
73
148
46
178
106
135
62
107
141
158
6
27
32
166
176
192
147
155
144
76
76
149
110
157
117
24
195
110
188
91
172
88
31
65
47
167
81
8
6
43
59
57
181
85
14
2
154
83
46
123
84
58
65
78
57
105
5
62
3
186
68
169
44
59
68
46
116
31
85
101
38
199
156
55
179
37
103
87
37
72
90
39
197
159
110
177
168
168
126
75
109
52
151
155
119
47
151
25
124
33
13
187
198
170
186
44
196
115
44
52
153
147
149
163
171
196
53
127
103
128
45
180
10
7
89
70
199
142
3
184
101
1
161
78
79
32
45
64
178
99
183
139
18
61
103
8
161
166
114
98
155
166
74
51
113
19
75
14
7
27
120
176
162
166
105
142
105
192
105
136
63
167
65
143
116
194
87
180
139
112
7
105
166
147
44
174
5
7
60
119
5
63
51
189
89
66
31
89
69
101
4
142
62
9
64
192
157
78
191
78
98
49
82
3
74
140
104
159
159
168
21
170
66
34
113
63
146
83
107
181
110
193
75
153
3
178
88
188
159
148
6
27
97
128
137
135
125
196
191
85
101
167
75
60
192
135
168
58
164
45
122
118
144
94
31
13
112
106
108
93
197
164
18
76
167
62
68
34
129
178
134
113
22
167
48
100
84
10
45
72
61
67
155
152
150
70
104
159
58
157
154
61
199
77
62
40
56
195
169
167
163
35
11
136
37
109
86
184
154
38
5
111
14
50
107
67
96
134
24
116
35
136
156
28
186
135
13
191
30
22
92
140
134
127
161
85
103
51
124
2
5
82
72
199
93
26
79
199
125
193
58
15
102
47
34
147
169
55
134
3
128
156
47
138
178
8
51
87
180
144
199
91
141
67
2
154
128
148
199
111
183
50
91
174
172
100
36
74
89
33
79
137
57
156
52
34
122
46
170
65
42
74
24
157
142
26
101
199
42
145
107
117
102
58
165
137
47
172
135
104
16
12
128
96
143
193
41
125
185
103
5
194
139
137
189
35
79
187
106
33
16
11
71
55
131
20
58
141
104
113
65
159
188
191
98
104
134
170
19
145
142
63
37
12
116
174
43
89
181
115
95
143
122
149
