Bin size: 278
Number of elements: 570
237
21
246
247
15
197
210
131
144
218
174
65
20
147
168
33
105
168
177
272
116
209
13
258
79
119
150
106
269
37
166
138
91
111
219
149
59
11
179
137
168
137
247
70
22
273
150
124
99
102
4
35
174
134
230
90
136
51
136
172
196
11
71
232
208
79
24
24
10
95
164
140
25
272
48
11
89
269
127
1
11
229
30
41
102
54
181
76
25
39
112
204
83
192
189
101
101
189
170
208
95
55
127
35
41
173
260
138
222
137
122
26
13
109
266
170
32
49
167
69
221
253
21
9
73
47
14
127
277
89
143
278
212
256
53
225
106
74
268
81
16
189
189
49
82
76
62
66
47
98
186
165
139
239
128
72
198
239
9
125
160
85
253
255
220
253
151
132
115
97
25
206
91
186
76
9
181
45
268
97
224
209
165
71
3
96
148
166
160
127
175
261
248
249
224
207
30
67
1
95
202
80
55
267
241
218
52
60
236
43
190
162
204
58
256
212
278
68
104
262
30
72
99
94
180
164
76
207
33
142
277
16
204
28
116
73
168
259
155
193
172
270
172
232
211
100
89
132
62
189
149
118
170
194
163
184
195
119
236
71
211
261
93
16
39
75
173
218
274
73
47
220
25
102
75
131
201
233
46
13
271
10
181
45
129
33
58
162
174
154
57
9
157
196
253
46
143
247
44
107
29
21
64
98
126
232
58
218
188
212
99
53
223
57
74
83
90
226
139
201
124
11
18
229
270
151
179
128
34
5
223
219
20
271
103
49
235
149
30
189
89
125
105
178
131
22
266
66
180
83
75
61
194
261
103
55
239
164
188
110
9
93
4
271
174
78
254
185
141
138
8
184
188
106
178
108
48
90
188
53
119
241
62
136
188
170
192
175
105
133
227
38
119
274
112
230
1
192
104
218
49
12
270
1
7
120
10
53
275
99
101
259
49
95
172
87
271
75
250
226
272
190
68
54
59
200
123
2
19
48
62
54
206
136
180
62
22
89
211
75
169
169
219
225
52
35
40
31
73
225
19
73
207
33
125
74
235
76
131
33
182
36
247
195
41
20
151
217
117
100
108
93
75
6
183
3
3
135
11
136
79
239
182
34
259
269
118
103
115
274
251
21
59
228
6
259
148
40
52
9
51
110
56
220
1
223
269
28
57
19
138
16
47
30
252
73
215
223
34
49
275
190
200
212
184
274
2
63
175
171
197
121
270
13
209
66
18
117
168
210
91
195
77
126
259
238
147
165
153
253
41
179
55
221
50
256
141
221
200
236
118
176
171
1
14
46
187
55
184
242
