Bin size: 171
Number of elements: 608
62
115
55
141
66
128
24
1
89
118
101
107
71
147
14
145
11
147
125
85
117
136
72
35
48
74
50
54
95
30
57
91
168
149
28
131
26
8
78
58
170
117
170
114
90
2
129
163
82
101
10
134
49
27
44
95
110
156
14
117
13
122
72
170
101
68
145
52
5
145
6
59
48
133
121
35
16
168
146
36
154
152
36
134
130
100
71
24
17
12
86
138
138
57
125
137
154
32
53
26
141
2
133
121
36
92
86
99
142
108
2
102
54
69
108
138
33
106
49
149
113
17
164
71
96
9
164
105
159
121
138
40
124
38
7
11
28
155
57
32
70
21
103
120
63
92
166
152
90
102
159
29
6
141
28
64
66
34
10
129
54
75
34
128
149
171
109
34
154
129
29
116
95
171
59
163
135
5
76
4
48
136
47
45
97
62
24
170
134
106
171
104
136
104
85
104
25
168
37
70
113
116
22
71
69
92
35
12
4
146
92
119
80
145
95
121
79
10
72
104
30
27
131
31
168
34
109
11
37
79
131
37
82
10
135
29
21
56
86
140
20
54
152
105
126
65
169
36
39
114
90
67
118
62
102
169
67
33
85
95
142
22
81
46
130
66
135
6
132
17
49
169
147
74
77
129
142
157
124
110
66
133
117
75
16
72
87
23
119
9
34
150
66
22
129
83
21
134
117
115
69
140
165
100
33
94
153
101
41
6
7
57
69
87
136
12
10
71
7
116
42
80
109
96
119
53
102
84
78
143
5
123
72
6
34
62
139
35
49
103
21
127
130
107
160
73
112
71
109
129
40
38
143
61
45
85
12
131
16
48
47
108
125
86
37
77
169
86
20
43
163
9
85
29
165
110
42
125
73
40
1
152
157
133
124
16
15
139
99
105
48
23
47
15
108
169
169
131
17
106
51
39
117
169
109
69
155
60
159
116
61
169
74
49
29
148
153
5
3
7
108
169
32
132
32
82
65
163
152
129
108
166
130
164
21
85
133
122
36
142
147
45
127
27
91
108
18
148
100
34
58
76
129
61
27
132
141
45
82
81
62
107
164
163
129
77
69
36
1
152
57
143
67
30
28
139
126
50
148
105
5
59
91
123
111
2
68
43
77
22
118
98
131
101
135
140
44
169
15
14
78
158
35
96
140
160
160
74
8
4
144
46
85
24
46
141
82
147
141
129
54
52
100
34
40
120
101
111
26
87
53
63
124
152
37
121
13
63
144
170
170
164
40
68
95
119
127
24
75
76
14
77
90
20
66
74
131
162
35
100
97
40
32
157
91
20
61
127
118
42
17
44
154
131
125
58
98
50
27
144
89
38
152
86
17
135
18
151
106
98
121
55
94
86
78
111
114
98
122
81
171
42
99
65
59
31
98
139
