Bin size: 206
Number of elements: 601
11
15
165
167
180
38
75
98
23
164
177
184
43
122
8
90
123
22
140
68
168
194
171
108
46
181
11
87
67
73
91
1
154
124
3
117
164
154
194
41
65
197
75
182
18
164
184
190
7
196
198
70
190
75
175
176
144
16
9
163
104
4
141
106
130
30
55
162
184
97
107
126
190
161
48
17
104
185
36
6
134
153
138
31
96
124
77
152
162
100
119
27
132
97
45
55
193
155
186
16
120
16
125
135
12
205
143
86
152
116
113
3
175
194
146
183
130
96
147
204
92
143
192
103
183
48
111
184
118
6
102
54
61
22
146
53
73
186
198
131
63
101
201
2
82
61
201
206
122
32
103
131
176
180
139
137
130
160
46
196
113
26
92
27
96
138
205
70
92
200
185
128
3
159
76
135
203
193
18
27
124
43
81
17
13
99
90
110
139
197
158
129
148
1
174
97
159
102
30
29
163
128
190
204
54
95
115
196
21
157
79
56
80
127
27
109
188
37
201
182
136
151
130
154
145
190
119
67
131
44
106
154
132
65
40
187
125
90
100
76
18
16
24
32
156
55
160
135
32
9
92
59
156
37
122
4
32
38
134
106
198
181
102
189
72
175
206
36
117
102
134
42
100
93
200
182
94
122
46
113
181
203
195
70
122
134
62
102
33
31
171
83
26
157
33
19
185
190
92
111
137
141
164
41
129
175
156
171
64
94
194
175
28
94
64
23
87
58
18
65
1
103
99
189
48
78
32
150
134
198
74
63
154
187
179
81
97
3
82
162
117
69
5
41
178
74
30
172
117
147
13
144
20
143
133
164
123
157
167
170
79
34
92
29
112
159
45
51
143
18
36
70
111
148
82
187
3
56
25
181
23
9
85
37
40
157
91
29
100
2
113
149
119
172
150
32
93
139
5
203
2
100
34
107
94
156
78
179
199
178
107
193
164
10
204
17
182
62
128
28
24
14
103
35
191
192
39
49
127
30
1
45
160
7
5
144
121
38
80
152
34
121
1
100
47
137
26
54
52
144
94
25
186
152
82
122
23
182
143
131
45
94
76
165
171
66
187
148
125
96
205
76
7
126
142
103
63
146
144
20
183
136
169
165
194
206
144
136
170
136
33
162
8
93
206
191
113
73
153
62
44
41
34
92
23
8
82
81
185
171
94
147
14
197
112
167
156
102
205
19
11
16
199
79
54
134
186
109
47
84
139
137
3
162
154
95
95
60
46
47
158
153
123
98
49
84
5
91
61
73
125
138
124
76
127
148
110
120
190
175
131
36
168
92
127
69
55
174
64
177
65
33
158
144
119
148
144
32
17
142
36
42
103
119
175
204
136
51
53
80
135
63
177
23
44
167
206
168
189
84
199
