Bin size: 282
Number of elements: 537
48
70
56
55
208
170
42
14
142
46
128
116
262
225
195
241
125
48
192
189
177
114
30
20
246
46
129
230
1
266
253
183
275
217
273
254
8
38
256
36
87
262
234
63
156
96
231
165
238
35
171
266
55
143
86
69
87
269
120
146
131
107
61
21
78
1
50
106
212
279
145
281
218
13
43
169
20
217
253
146
114
43
60
160
183
211
80
267
79
62
202
220
216
190
186
128
52
260
253
100
140
23
244
185
232
61
109
250
49
161
118
150
21
222
11
192
212
244
111
211
154
41
90
156
127
113
273
228
262
69
238
191
68
142
50
154
256
218
253
61
47
124
262
243
172
167
271
190
146
243
113
221
246
254
173
74
84
125
89
57
231
26
92
183
170
209
207
246
146
121
281
259
223
155
92
150
189
279
79
180
153
92
100
69
188
138
12
84
72
115
205
81
127
264
134
161
91
39
249
68
269
73
205
41
68
27
123
6
40
83
21
15
180
7
204
28
247
245
2
221
171
73
217
26
39
221
203
165
280
171
86
135
95
268
252
209
138
12
229
47
201
13
224
208
190
212
215
20
34
92
8
164
109
65
141
14
185
163
137
209
13
161
138
215
250
84
94
114
230
49
228
92
200
152
28
14
200
110
39
246
25
27
44
158
20
271
183
87
43
260
54
89
281
62
142
269
119
264
133
12
172
98
251
230
47
181
272
92
93
76
231
189
51
61
176
23
137
258
17
73
108
273
127
107
258
260
277
61
40
96
23
119
121
9
56
156
49
241
2
165
78
210
50
233
111
188
212
222
277
3
105
92
43
179
154
178
48
275
112
239
179
22
90
15
79
21
101
275
120
171
29
131
84
10
111
244
133
201
33
166
245
150
273
2
5
1
42
127
118
153
150
115
43
79
7
88
51
206
156
60
21
231
61
120
73
88
15
200
84
154
265
261
19
76
43
47
70
8
83
68
233
250
71
14
30
115
66
236
268
264
233
142
229
197
142
56
143
10
13
42
146
38
217
81
16
263
171
162
6
126
166
276
161
227
140
37
243
63
273
44
74
233
184
239
48
229
183
133
134
150
192
161
130
102
103
273
7
221
14
196
251
275
195
16
158
105
151
20
208
16
75
162
262
147
212
263
39
106
130
239
156
239
17
267
73
105
244
17
86
155
60
206
132
203
10
95
123
247
132
125
78
80
131
84
132
39
41
83
271
232
206
8
51
232
202
13
67
