0.09897085596214861 0.2309489133568461 0.8357629210005499 0.17584827179242202 0.6479829616797744 7 6
0.09897085596214861 0.2309489133568461 0.8357629210005499 0.17584827179242202 0.6479829616797744 7 6
0.5524874560619303 0.6949650567529763 0.6267042249861793 0.7098766426702687 0.9823814237551891 1 5
0.5524874560619303 0.6949650567529763 0.6267042249861793 0.7098766426702687 0.9823814237551891 1 5
0.2091737818392675 0.36290719230728585 0.5881009254401133 0.4332106856968201 0.43156992646741466 6 5
0.7152474458482645 0.5773024611000457 0.4390897422636707 0.7974822337746251 0.7283675666494551 6 4
0.7152474458482645 0.5773024611000457 0.4390897422636707 0.7974822337746251 0.7283675666494551 6 4
0.12177685531109261 0.9400782154930836 0.5853878926831279 0.08439879304018072 0.930253251351537 4 5
0.05820300181191984 0.5319082677688582 0.4251163603749478 0.7311057662317202 0.8722361011846281 6 8
0.9222869057856077 0.0736727288596234 0.2754348137777808 0.8280013558396437 0.9891078628745353 4 6
0.050419313571482216 0.054510750714962364 0.8369007739906573 0.07987039355922942 0.7005282852682535 7 7
0.050419313571482216 0.054510750714962364 0.8369007739906573 0.07987039355922942 0.7005282852682535 7 7
0.9797217945438336 0.5616670150297438 0.7701077322231866 0.2926518727396473 0.18965244271102177 5 1
0.8284524712799399 0.9618405620055289 0.023034757323122212 0.8645665948716823 0.39411651852026897 7 8
0.7544170006557254 0.6460937033158128 0.3383726108610826 0.7147312262408485 0.5886647912983556 3 6
0.09897085596214861 0.2309489133568461 0.8357629210005499 0.17584827179242202 0.6479829616797744 7 6
0.09897085596214861 0.2309489133568461 0.8357629210005499 0.17584827179242202 0.6479829616797744 7 6
0.30422169673656674 0.817815968210757 0.9784422045878608 0.47412657490450016 0.45687264156024066 7 4
0.09897085596214861 0.2309489133568461 0.8357629210005499 0.17584827179242202 0.6479829616797744 7 6
0.2091737818392675 0.36290719230728585 0.5881009254401133 0.4332106856968201 0.43156992646741466 6 5
0.2091737818392675 0.36290719230728585 0.5881009254401133 0.4332106856968201 0.43156992646741466 6 5
0.7152474458482645 0.5773024611000457 0.4390897422636707 0.7974822337746251 0.7283675666494551 6 4
0.7152474458482645 0.5773024611000457 0.4390897422636707 0.7974822337746251 0.7283675666494551 6 4
0.12177685531109261 0.9400782154930836 0.5853878926831279 0.08439879304018072 0.930253251351537 4 5
0.05820300181191984 0.5319082677688582 0.4251163603749478 0.7311057662317202 0.8722361011846281 6 8
0.9222869057856077 0.0736727288596234 0.2754348137777808 0.8280013558396437 0.9891078628745353 4 6
0.050419313571482216 0.054510750714962364 0.8369007739906573 0.07987039355922942 0.7005282852682535 7 7
0.050419313571482216 0.054510750714962364 0.8369007739906573 0.07987039355922942 0.7005282852682535 7 7
0.050419313571482216 0.054510750714962364 0.8369007739906573 0.07987039355922942 0.7005282852682535 7 7
0.8284524712799399 0.9618405620055289 0.023034757323122212 0.8645665948716823 0.39411651852026897 7 8
0.7544170006557254 0.6460937033158128 0.3383726108610826 0.7147312262408485 0.5886647912983556 3 6
0.1454125675119844 0.5983354579249258 0.7091713942828641 0.6443742394012917 0.08046010856649866 5 3
0.09897085596214861 0.2309489133568461 0.8357629210005499 0.17584827179242202 0.6479829616797744 7 6
0.30422169673656674 0.817815968210757 0.9784422045878608 0.47412657490450016 0.45687264156024066 7 4
0.5524874560619303 0.6949650567529763 0.6267042249861793 0.7098766426702687 0.9823814237551891 1 5
0.2091737818392675 0.36290719230728585 0.5881009254401133 0.4332106856968201 0.43156992646741466 6 5
0.2091737818392675 0.36290719230728585 0.5881009254401133 0.4332106856968201 0.43156992646741466 6 5
0.2091737818392675 0.36290719230728585 0.5881009254401133 0.4332106856968201 0.43156992646741466 6 5
0.37960675548401035 0.14535382583015433 0.8007712729416787 0.8623327134951977 0.7572673268490688 1 6
0.05820300181191984 0.5319082677688582 0.4251163603749478 0.7311057662317202 0.8722361011846281 6 8
0.07824458358662945 0.6441439138615837 0.46323842629228906 0.3027786571020338 0.22144125354964428 8 8
0.12177685531109261 0.9400782154930836 0.5853878926831279 0.08439879304018072 0.930253251351537 4 5
0.050419313571482216 0.054510750714962364 0.8369007739906573 0.07987039355922942 0.7005282852682535 7 7
0.692244980510294 0.33492888189777903 0.29116211930753977 0.03399042750632819 0.5565225378872887 7 1
0.050419313571482216 0.054510750714962364 0.8369007739906573 0.07987039355922942 0.7005282852682535 7 7
0.9797217945438336 0.5616670150297438 0.7701077322231866 0.2926518727396473 0.18965244271102177 5 1
0.8284524712799399 0.9618405620055289 0.023034757323122212 0.8645665948716823 0.39411651852026897 7 8
0.2670494864817279 0.012671841993887156 0.8522172824919477 0.6005910399615915 0.7564765905718991 2 8
0.09897085596214861 0.2309489133568461 0.8357629210005499 0.17584827179242202 0.6479829616797744 7 6
0.30422169673656674 0.817815968210757 0.9784422045878608 0.47412657490450016 0.45687264156024066 7 4
0.5524874560619303 0.6949650567529763 0.6267042249861793 0.7098766426702687 0.9823814237551891 1 5
0.5524874560619303 0.6949650567529763 0.6267042249861793 0.7098766426702687 0.9823814237551891 1 5
0.2091737818392675 0.36290719230728585 0.5881009254401133 0.4332106856968201 0.43156992646741466 6 5
0.37960675548401035 0.14535382583015433 0.8007712729416787 0.8623327134951977 0.7572673268490688 1 6
0.7076387170535585 0.051039920943132366 0.08176916970820025 0.10874997750907445 0.023776841728356812 1 7
0.07824458358662945 0.6441439138615837 0.46323842629228906 0.3027786571020338 0.22144125354964428 8 8
0.05820300181191984 0.5319082677688582 0.4251163603749478 0.7311057662317202 0.8722361011846281 6 8
0.9222869057856077 0.0736727288596234 0.2754348137777808 0.8280013558396437 0.9891078628745353 4 6
0.050419313571482216 0.054510750714962364 0.8369007739906573 0.07987039355922942 0.7005282852682535 7 7
0.050419313571482216 0.054510750714962364 0.8369007739906573 0.07987039355922942 0.7005282852682535 7 7
0.050419313571482216 0.054510750714962364 0.8369007739906573 0.07987039355922942 0.7005282852682535 7 7
0.8284524712799399 0.9618405620055289 0.023034757323122212 0.8645665948716823 0.39411651852026897 7 8
0.7544170006557254 0.6460937033158128 0.3383726108610826 0.7147312262408485 0.5886647912983556 3 6
0.1454125675119844 0.5983354579249258 0.7091713942828641 0.6443742394012917 0.08046010856649866 5 3
0.09897085596214861 0.2309489133568461 0.8357629210005499 0.17584827179242202 0.6479829616797744 7 6
0.09897085596214861 0.2309489133568461 0.8357629210005499 0.17584827179242202 0.6479829616797744 7 6
0.5524874560619303 0.6949650567529763 0.6267042249861793 0.7098766426702687 0.9823814237551891 1 5
0.5524874560619303 0.6949650567529763 0.6267042249861793 0.7098766426702687 0.9823814237551891 1 5
0.2091737818392675 0.36290719230728585 0.5881009254401133 0.4332106856968201 0.43156992646741466 6 5
0.7152474458482645 0.5773024611000457 0.4390897422636707 0.7974822337746251 0.7283675666494551 6 4
0.7152474458482645 0.5773024611000457 0.4390897422636707 0.7974822337746251 0.7283675666494551 6 4
0.7152474458482645 0.5773024611000457 0.4390897422636707 0.7974822337746251 0.7283675666494551 6 4
0.12177685531109261 0.9400782154930836 0.5853878926831279 0.08439879304018072 0.930253251351537 4 5
0.05820300181191984 0.5319082677688582 0.4251163603749478 0.7311057662317202 0.8722361011846281 6 8
0.05820300181191984 0.5319082677688582 0.4251163603749478 0.7311057662317202 0.8722361011846281 6 8
0.050419313571482216 0.054510750714962364 0.8369007739906573 0.07987039355922942 0.7005282852682535 7 7
0.692244980510294 0.33492888189777903 0.29116211930753977 0.03399042750632819 0.5565225378872887 7 1
0.8284524712799399 0.9618405620055289 0.023034757323122212 0.8645665948716823 0.39411651852026897 7 8
0.7544170006557254 0.6460937033158128 0.3383726108610826 0.7147312262408485 0.5886647912983556 3 6
0.7485763629144495 0.9463957224212604 0.16319721608031001 0.3297821274396202 0.6883438212914258 1 8
0.09897085596214861 0.2309489133568461 0.8357629210005499 0.17584827179242202 0.6479829616797744 7 6
0.09897085596214861 0.2309489133568461 0.8357629210005499 0.17584827179242202 0.6479829616797744 7 6
0.09897085596214861 0.2309489133568461 0.8357629210005499 0.17584827179242202 0.6479829616797744 7 6
0.30422169673656674 0.817815968210757 0.9784422045878608 0.47412657490450016 0.45687264156024066 7 4
0.5524874560619303 0.6949650567529763 0.6267042249861793 0.7098766426702687 0.9823814237551891 1 5
0.5524874560619303 0.6949650567529763 0.6267042249861793 0.7098766426702687 0.9823814237551891 1 5
0.2091737818392675 0.36290719230728585 0.5881009254401133 0.4332106856968201 0.43156992646741466 6 5
0.2091737818392675 0.36290719230728585 0.5881009254401133 0.4332106856968201 0.43156992646741466 6 5
0.37960675548401035 0.14535382583015433 0.8007712729416787 0.8623327134951977 0.7572673268490688 1 6
0.05820300181191984 0.5319082677688582 0.4251163603749478 0.7311057662317202 0.8722361011846281 6 8
0.07824458358662945 0.6441439138615837 0.46323842629228906 0.3027786571020338 0.22144125354964428 8 8
0.12177685531109261 0.9400782154930836 0.5853878926831279 0.08439879304018072 0.930253251351537 4 5
0.050419313571482216 0.054510750714962364 0.8369007739906573 0.07987039355922942 0.7005282852682535 7 7
0.692244980510294 0.33492888189777903 0.29116211930753977 0.03399042750632819 0.5565225378872887 7 1
0.050419313571482216 0.054510750714962364 0.8369007739906573 0.07987039355922942 0.7005282852682535 7 7
0.9797217945438336 0.5616670150297438 0.7701077322231866 0.2926518727396473 0.18965244271102177 5 1
0.8284524712799399 0.9618405620055289 0.023034757323122212 0.8645665948716823 0.39411651852026897 7 8
0.2670494864817279 0.012671841993887156 0.8522172824919477 0.6005910399615915 0.7564765905718991 2 8
0.09897085596214861 0.2309489133568461 0.8357629210005499 0.17584827179242202 0.6479829616797744 7 6
0.09897085596214861 0.2309489133568461 0.8357629210005499 0.17584827179242202 0.6479829616797744 7 6
0.09897085596214861 0.2309489133568461 0.8357629210005499 0.17584827179242202 0.6479829616797744 7 6
0.5524874560619303 0.6949650567529763 0.6267042249861793 0.7098766426702687 0.9823814237551891 1 5
0.2091737818392675 0.36290719230728585 0.5881009254401133 0.4332106856968201 0.43156992646741466 6 5
0.7152474458482645 0.5773024611000457 0.4390897422636707 0.7974822337746251 0.7283675666494551 6 4
0.7152474458482645 0.5773024611000457 0.4390897422636707 0.7974822337746251 0.7283675666494551 6 4
0.12177685531109261 0.9400782154930836 0.5853878926831279 0.08439879304018072 0.930253251351537 4 5
0.05820300181191984 0.5319082677688582 0.4251163603749478 0.7311057662317202 0.8722361011846281 6 8
0.9222869057856077 0.0736727288596234 0.2754348137777808 0.8280013558396437 0.9891078628745353 4 6
0.050419313571482216 0.054510750714962364 0.8369007739906573 0.07987039355922942 0.7005282852682535 7 7
0.050419313571482216 0.054510750714962364 0.8369007739906573 0.07987039355922942 0.7005282852682535 7 7
0.9797217945438336 0.5616670150297438 0.7701077322231866 0.2926518727396473 0.18965244271102177 5 1
0.8284524712799399 0.9618405620055289 0.023034757323122212 0.8645665948716823 0.39411651852026897 7 8
0.7544170006557254 0.6460937033158128 0.3383726108610826 0.7147312262408485 0.5886647912983556 3 6
0.8522716011113213 0.17103428960137512 0.11739662904031667 0.4903944886975148 0.23952627960861306 2 4
0.09897085596214861 0.2309489133568461 0.8357629210005499 0.17584827179242202 0.6479829616797744 7 6
0.30422169673656674 0.817815968210757 0.9784422045878608 0.47412657490450016 0.45687264156024066 7 4
0.09897085596214861 0.2309489133568461 0.8357629210005499 0.17584827179242202 0.6479829616797744 7 6
0.2091737818392675 0.36290719230728585 0.5881009254401133 0.4332106856968201 0.43156992646741466 6 5
0.2091737818392675 0.36290719230728585 0.5881009254401133 0.4332106856968201 0.43156992646741466 6 5
0.7152474458482645 0.5773024611000457 0.4390897422636707 0.7974822337746251 0.7283675666494551 6 4
0.7152474458482645 0.5773024611000457 0.4390897422636707 0.7974822337746251 0.7283675666494551 6 4
0.12177685531109261 0.9400782154930836 0.5853878926831279 0.08439879304018072 0.930253251351537 4 5
0.05820300181191984 0.5319082677688582 0.4251163603749478 0.7311057662317202 0.8722361011846281 6 8
0.9222869057856077 0.0736727288596234 0.2754348137777808 0.8280013558396437 0.9891078628745353 4 6
0.050419313571482216 0.054510750714962364 0.8369007739906573 0.07987039355922942 0.7005282852682535 7 7
0.050419313571482216 0.054510750714962364 0.8369007739906573 0.07987039355922942 0.7005282852682535 7 7
0.050419313571482216 0.054510750714962364 0.8369007739906573 0.07987039355922942 0.7005282852682535 7 7
0.7544170006557254 0.6460937033158128 0.3383726108610826 0.7147312262408485 0.5886647912983556 3 6
0.7485763629144495 0.9463957224212604 0.16319721608031001 0.3297821274396202 0.6883438212914258 1 8
0.1454125675119844 0.5983354579249258 0.7091713942828641 0.6443742394012917 0.08046010856649866 5 3
0.09897085596214861 0.2309489133568461 0.8357629210005499 0.17584827179242202 0.6479829616797744 7 6
0.30422169673656674 0.817815968210757 0.9784422045878608 0.47412657490450016 0.45687264156024066 7 4
0.5524874560619303 0.6949650567529763 0.6267042249861793 0.7098766426702687 0.9823814237551891 1 5
0.5524874560619303 0.6949650567529763 0.6267042249861793 0.7098766426702687 0.9823814237551891 1 5
0.2091737818392675 0.36290719230728585 0.5881009254401133 0.4332106856968201 0.43156992646741466 6 5
0.7152474458482645 0.5773024611000457 0.4390897422636707 0.7974822337746251 0.7283675666494551 6 4
0.7152474458482645 0.5773024611000457 0.4390897422636707 0.7974822337746251 0.7283675666494551 6 4
0.12177685531109261 0.9400782154930836 0.5853878926831279 0.08439879304018072 0.930253251351537 4 5
0.05820300181191984 0.5319082677688582 0.4251163603749478 0.7311057662317202 0.8722361011846281 6 8
0.05820300181191984 0.5319082677688582 0.4251163603749478 0.7311057662317202 0.8722361011846281 6 8
0.050419313571482216 0.054510750714962364 0.8369007739906573 0.07987039355922942 0.7005282852682535 7 7
0.692244980510294 0.33492888189777903 0.29116211930753977 0.03399042750632819 0.5565225378872887 7 1
0.8284524712799399 0.9618405620055289 0.023034757323122212 0.8645665948716823 0.39411651852026897 7 8
0.7544170006557254 0.6460937033158128 0.3383726108610826 0.7147312262408485 0.5886647912983556 3 6
0.1454125675119844 0.5983354579249258 0.7091713942828641 0.6443742394012917 0.08046010856649866 5 3
0.09897085596214861 0.2309489133568461 0.8357629210005499 0.17584827179242202 0.6479829616797744 7 6
0.2136280113383222 0.7935973047000581 0.6689681781605284 0.42863958971691896 0.2993696239559779 8 8
0.09897085596214861 0.2309489133568461 0.8357629210005499 0.17584827179242202 0.6479829616797744 7 6
0.30422169673656674 0.817815968210757 0.9784422045878608 0.47412657490450016 0.45687264156024066 7 4
0.5524874560619303 0.6949650567529763 0.6267042249861793 0.7098766426702687 0.9823814237551891 1 5
0.2091737818392675 0.36290719230728585 0.5881009254401133 0.4332106856968201 0.43156992646741466 6 5
0.2091737818392675 0.36290719230728585 0.5881009254401133 0.4332106856968201 0.43156992646741466 6 5
0.7152474458482645 0.5773024611000457 0.4390897422636707 0.7974822337746251 0.7283675666494551 6 4
0.7152474458482645 0.5773024611000457 0.4390897422636707 0.7974822337746251 0.7283675666494551 6 4
0.12177685531109261 0.9400782154930836 0.5853878926831279 0.08439879304018072 0.930253251351537 4 5
0.05820300181191984 0.5319082677688582 0.4251163603749478 0.7311057662317202 0.8722361011846281 6 8
0.9222869057856077 0.0736727288596234 0.2754348137777808 0.8280013558396437 0.9891078628745353 4 6
0.050419313571482216 0.054510750714962364 0.8369007739906573 0.07987039355922942 0.7005282852682535 7 7
0.050419313571482216 0.054510750714962364 0.8369007739906573 0.07987039355922942 0.7005282852682535 7 7
0.050419313571482216 0.054510750714962364 0.8369007739906573 0.07987039355922942 0.7005282852682535 7 7
0.8284524712799399 0.9618405620055289 0.023034757323122212 0.8645665948716823 0.39411651852026897 7 8
0.7544170006557254 0.6460937033158128 0.3383726108610826 0.7147312262408485 0.5886647912983556 3 6
0.1454125675119844 0.5983354579249258 0.7091713942828641 0.6443742394012917 0.08046010856649866 5 3
0.09897085596214861 0.2309489133568461 0.8357629210005499 0.17584827179242202 0.6479829616797744 7 6
0.09897085596214861 0.2309489133568461 0.8357629210005499 0.17584827179242202 0.6479829616797744 7 6
0.09897085596214861 0.2309489133568461 0.8357629210005499 0.17584827179242202 0.6479829616797744 7 6
0.30422169673656674 0.817815968210757 0.9784422045878608 0.47412657490450016 0.45687264156024066 7 4
0.5524874560619303 0.6949650567529763 0.6267042249861793 0.7098766426702687 0.9823814237551891 1 5
0.2091737818392675 0.36290719230728585 0.5881009254401133 0.4332106856968201 0.43156992646741466 6 5
0.2091737818392675 0.36290719230728585 0.5881009254401133 0.4332106856968201 0.43156992646741466 6 5
0.37960675548401035 0.14535382583015433 0.8007712729416787 0.8623327134951977 0.7572673268490688 1 6
0.05820300181191984 0.5319082677688582 0.4251163603749478 0.7311057662317202 0.8722361011846281 6 8
0.07824458358662945 0.6441439138615837 0.46323842629228906 0.3027786571020338 0.22144125354964428 8 8
0.12177685531109261 0.9400782154930836 0.5853878926831279 0.08439879304018072 0.930253251351537 4 5
0.05820300181191984 0.5319082677688582 0.4251163603749478 0.7311057662317202 0.8722361011846281 6 8
0.692244980510294 0.33492888189777903 0.29116211930753977 0.03399042750632819 0.5565225378872887 7 1
0.050419313571482216 0.054510750714962364 0.8369007739906573 0.07987039355922942 0.7005282852682535 7 7
0.9797217945438336 0.5616670150297438 0.7701077322231866 0.2926518727396473 0.18965244271102177 5 1
0.8284524712799399 0.9618405620055289 0.023034757323122212 0.8645665948716823 0.39411651852026897 7 8
0.1454125675119844 0.5983354579249258 0.7091713942828641 0.6443742394012917 0.08046010856649866 5 3
0.09897085596214861 0.2309489133568461 0.8357629210005499 0.17584827179242202 0.6479829616797744 7 6
0.5524874560619303 0.6949650567529763 0.6267042249861793 0.7098766426702687 0.9823814237551891 1 5
0.5524874560619303 0.6949650567529763 0.6267042249861793 0.7098766426702687 0.9823814237551891 1 5
0.2091737818392675 0.36290719230728585 0.5881009254401133 0.4332106856968201 0.43156992646741466 6 5
0.7152474458482645 0.5773024611000457 0.4390897422636707 0.7974822337746251 0.7283675666494551 6 4
0.7152474458482645 0.5773024611000457 0.4390897422636707 0.7974822337746251 0.7283675666494551 6 4
0.7152474458482645 0.5773024611000457 0.4390897422636707 0.7974822337746251 0.7283675666494551 6 4
0.33638399932983576 0.23006793304610362 0.4783089102265584 0.1917854637403832 0.8830281968776649 6 5
0.05820300181191984 0.5319082677688582 0.4251163603749478 0.7311057662317202 0.8722361011846281 6 8
0.05820300181191984 0.5319082677688582 0.4251163603749478 0.7311057662317202 0.8722361011846281 6 8
0.050419313571482216 0.054510750714962364 0.8369007739906573 0.07987039355922942 0.7005282852682535 7 7
0.692244980510294 0.33492888189777903 0.29116211930753977 0.03399042750632819 0.5565225378872887 7 1
0.8284524712799399 0.9618405620055289 0.023034757323122212 0.8645665948716823 0.39411651852026897 7 8
0.7544170006557254 0.6460937033158128 0.3383726108610826 0.7147312262408485 0.5886647912983556 3 6
0.7485763629144495 0.9463957224212604 0.16319721608031001 0.3297821274396202 0.6883438212914258 1 8
0.1454125675119844 0.5983354579249258 0.7091713942828641 0.6443742394012917 0.08046010856649866 5 3
0.09897085596214861 0.2309489133568461 0.8357629210005499 0.17584827179242202 0.6479829616797744 7 6
0.09897085596214861 0.2309489133568461 0.8357629210005499 0.17584827179242202 0.6479829616797744 7 6
0.09897085596214861 0.2309489133568461 0.8357629210005499 0.17584827179242202 0.6479829616797744 7 6
0.5524874560619303 0.6949650567529763 0.6267042249861793 0.7098766426702687 0.9823814237551891 1 5
0.5524874560619303 0.6949650567529763 0.6267042249861793 0.7098766426702687 0.9823814237551891 1 5
0.2091737818392675 0.36290719230728585 0.5881009254401133 0.4332106856968201 0.43156992646741466 6 5
0.7152474458482645 0.5773024611000457 0.4390897422636707 0.7974822337746251 0.7283675666494551 6 4
0.12177685531109261 0.9400782154930836 0.5853878926831279 0.08439879304018072 0.930253251351537 4 5
0.33638399932983576 0.23006793304610362 0.4783089102265584 0.1917854637403832 0.8830281968776649 6 5
0.33638399932983576 0.23006793304610362 0.4783089102265584 0.1917854637403832 0.8830281968776649 6 5
0.05820300181191984 0.5319082677688582 0.4251163603749478 0.7311057662317202 0.8722361011846281 6 8
0.050419313571482216 0.054510750714962364 0.8369007739906573 0.07987039355922942 0.7005282852682535 7 7
0.692244980510294 0.33492888189777903 0.29116211930753977 0.03399042750632819 0.5565225378872887 7 1
0.8284524712799399 0.9618405620055289 0.023034757323122212 0.8645665948716823 0.39411651852026897 7 8
0.7544170006557254 0.6460937033158128 0.3383726108610826 0.7147312262408485 0.5886647912983556 3 6
0.7485763629144495 0.9463957224212604 0.16319721608031001 0.3297821274396202 0.6883438212914258 1 8
0.1454125675119844 0.5983354579249258 0.7091713942828641 0.6443742394012917 0.08046010856649866 5 3
0.09897085596214861 0.2309489133568461 0.8357629210005499 0.17584827179242202 0.6479829616797744 7 6
0.09897085596214861 0.2309489133568461 0.8357629210005499 0.17584827179242202 0.6479829616797744 7 6
0.5524874560619303 0.6949650567529763 0.6267042249861793 0.7098766426702687 0.9823814237551891 1 5
0.2091737818392675 0.36290719230728585 0.5881009254401133 0.4332106856968201 0.43156992646741466 6 5
0.7152474458482645 0.5773024611000457 0.4390897422636707 0.7974822337746251 0.7283675666494551 6 4
0.7152474458482645 0.5773024611000457 0.4390897422636707 0.7974822337746251 0.7283675666494551 6 4
0.12177685531109261 0.9400782154930836 0.5853878926831279 0.08439879304018072 0.930253251351537 4 5
0.05820300181191984 0.5319082677688582 0.4251163603749478 0.7311057662317202 0.8722361011846281 6 8
0.33638399932983576 0.23006793304610362 0.4783089102265584 0.1917854637403832 0.8830281968776649 6 5
0.05820300181191984 0.5319082677688582 0.4251163603749478 0.7311057662317202 0.8722361011846281 6 8
0.050419313571482216 0.054510750714962364 0.8369007739906573 0.07987039355922942 0.7005282852682535 7 7
0.692244980510294 0.33492888189777903 0.29116211930753977 0.03399042750632819 0.5565225378872887 7 1
0.8284524712799399 0.9618405620055289 0.023034757323122212 0.8645665948716823 0.39411651852026897 7 8
0.7544170006557254 0.6460937033158128 0.3383726108610826 0.7147312262408485 0.5886647912983556 3 6
0.7485763629144495 0.9463957224212604 0.16319721608031001 0.3297821274396202 0.6883438212914258 1 8
0.09897085596214861 0.2309489133568461 0.8357629210005499 0.17584827179242202 0.6479829616797744 7 6
0.09897085596214861 0.2309489133568461 0.8357629210005499 0.17584827179242202 0.6479829616797744 7 6
0.30422169673656674 0.817815968210757 0.9784422045878608 0.47412657490450016 0.45687264156024066 7 4
0.5524874560619303 0.6949650567529763 0.6267042249861793 0.7098766426702687 0.9823814237551891 1 5
0.2091737818392675 0.36290719230728585 0.5881009254401133 0.4332106856968201 0.43156992646741466 6 5
0.2091737818392675 0.36290719230728585 0.5881009254401133 0.4332106856968201 0.43156992646741466 6 5
0.2091737818392675 0.36290719230728585 0.5881009254401133 0.4332106856968201 0.43156992646741466 6 5
0.7152474458482645 0.5773024611000457 0.4390897422636707 0.7974822337746251 0.7283675666494551 6 4
0.12177685531109261 0.9400782154930836 0.5853878926831279 0.08439879304018072 0.930253251351537 4 5
0.05820300181191984 0.5319082677688582 0.4251163603749478 0.7311057662317202 0.8722361011846281 6 8
0.9222869057856077 0.0736727288596234 0.2754348137777808 0.8280013558396437 0.9891078628745353 4 6
0.050419313571482216 0.054510750714962364 0.8369007739906573 0.07987039355922942 0.7005282852682535 7 7
0.050419313571482216 0.054510750714962364 0.8369007739906573 0.07987039355922942 0.7005282852682535 7 7
0.050419313571482216 0.054510750714962364 0.8369007739906573 0.07987039355922942 0.7005282852682535 7 7
0.7544170006557254 0.6460937033158128 0.3383726108610826 0.7147312262408485 0.5886647912983556 3 6
0.7485763629144495 0.9463957224212604 0.16319721608031001 0.3297821274396202 0.6883438212914258 1 8
0.09897085596214861 0.2309489133568461 0.8357629210005499 0.17584827179242202 0.6479829616797744 7 6
0.09897085596214861 0.2309489133568461 0.8357629210005499 0.17584827179242202 0.6479829616797744 7 6
0.09897085596214861 0.2309489133568461 0.8357629210005499 0.17584827179242202 0.6479829616797744 7 6
0.5524874560619303 0.6949650567529763 0.6267042249861793 0.7098766426702687 0.9823814237551891 1 5
0.5524874560619303 0.6949650567529763 0.6267042249861793 0.7098766426702687 0.9823814237551891 1 5
0.2091737818392675 0.36290719230728585 0.5881009254401133 0.4332106856968201 0.43156992646741466 6 5
0.7152474458482645 0.5773024611000457 0.4390897422636707 0.7974822337746251 0.7283675666494551 6 4
0.7152474458482645 0.5773024611000457 0.4390897422636707 0.7974822337746251 0.7283675666494551 6 4
0.12177685531109261 0.9400782154930836 0.5853878926831279 0.08439879304018072 0.930253251351537 4 5
0.05820300181191984 0.5319082677688582 0.4251163603749478 0.7311057662317202 0.8722361011846281 6 8
0.9222869057856077 0.0736727288596234 0.2754348137777808 0.8280013558396437 0.9891078628745353 4 6
0.050419313571482216 0.054510750714962364 0.8369007739906573 0.07987039355922942 0.7005282852682535 7 7
0.050419313571482216 0.054510750714962364 0.8369007739906573 0.07987039355922942 0.7005282852682535 7 7
0.9797217945438336 0.5616670150297438 0.7701077322231866 0.2926518727396473 0.18965244271102177 5 1
0.8284524712799399 0.9618405620055289 0.023034757323122212 0.8645665948716823 0.39411651852026897 7 8
0.7544170006557254 0.6460937033158128 0.3383726108610826 0.7147312262408485 0.5886647912983556 3 6
0.09897085596214861 0.2309489133568461 0.8357629210005499 0.17584827179242202 0.6479829616797744 7 6
0.09897085596214861 0.2309489133568461 0.8357629210005499 0.17584827179242202 0.6479829616797744 7 6
0.30422169673656674 0.817815968210757 0.9784422045878608 0.47412657490450016 0.45687264156024066 7 4
0.5524874560619303 0.6949650567529763 0.6267042249861793 0.7098766426702687 0.9823814237551891 1 5
0.2091737818392675 0.36290719230728585 0.5881009254401133 0.4332106856968201 0.43156992646741466 6 5
0.2091737818392675 0.36290719230728585 0.5881009254401133 0.4332106856968201 0.43156992646741466 6 5
0.7152474458482645 0.5773024611000457 0.4390897422636707 0.7974822337746251 0.7283675666494551 6 4
0.7152474458482645 0.5773024611000457 0.4390897422636707 0.7974822337746251 0.7283675666494551 6 4
0.33638399932983576 0.23006793304610362 0.4783089102265584 0.1917854637403832 0.8830281968776649 6 5
0.33638399932983576 0.23006793304610362 0.4783089102265584 0.1917854637403832 0.8830281968776649 6 5
0.05820300181191984 0.5319082677688582 0.4251163603749478 0.7311057662317202 0.8722361011846281 6 8
0.05820300181191984 0.5319082677688582 0.4251163603749478 0.7311057662317202 0.8722361011846281 6 8
0.050419313571482216 0.054510750714962364 0.8369007739906573 0.07987039355922942 0.7005282852682535 7 7
0.050419313571482216 0.054510750714962364 0.8369007739906573 0.07987039355922942 0.7005282852682535 7 7
0.8284524712799399 0.9618405620055289 0.023034757323122212 0.8645665948716823 0.39411651852026897 7 8
0.7544170006557254 0.6460937033158128 0.3383726108610826 0.7147312262408485 0.5886647912983556 3 6
0.09897085596214861 0.2309489133568461 0.8357629210005499 0.17584827179242202 0.6479829616797744 7 6
0.09897085596214861 0.2309489133568461 0.8357629210005499 0.17584827179242202 0.6479829616797744 7 6
0.30422169673656674 0.817815968210757 0.9784422045878608 0.47412657490450016 0.45687264156024066 7 4
0.5524874560619303 0.6949650567529763 0.6267042249861793 0.7098766426702687 0.9823814237551891 1 5
0.2091737818392675 0.36290719230728585 0.5881009254401133 0.4332106856968201 0.43156992646741466 6 5
0.2091737818392675 0.36290719230728585 0.5881009254401133 0.4332106856968201 0.43156992646741466 6 5
0.7152474458482645 0.5773024611000457 0.4390897422636707 0.7974822337746251 0.7283675666494551 6 4
0.7152474458482645 0.5773024611000457 0.4390897422636707 0.7974822337746251 0.7283675666494551 6 4
0.12177685531109261 0.9400782154930836 0.5853878926831279 0.08439879304018072 0.930253251351537 4 5
0.05820300181191984 0.5319082677688582 0.4251163603749478 0.7311057662317202 0.8722361011846281 6 8
0.9222869057856077 0.0736727288596234 0.2754348137777808 0.8280013558396437 0.9891078628745353 4 6
0.05820300181191984 0.5319082677688582 0.4251163603749478 0.7311057662317202 0.8722361011846281 6 8
0.050419313571482216 0.054510750714962364 0.8369007739906573 0.07987039355922942 0.7005282852682535 7 7
0.7485763629144495 0.9463957224212604 0.16319721608031001 0.3297821274396202 0.6883438212914258 1 8
0.8284524712799399 0.9618405620055289 0.023034757323122212 0.8645665948716823 0.39411651852026897 7 8
0.7544170006557254 0.6460937033158128 0.3383726108610826 0.7147312262408485 0.5886647912983556 3 6
0.1454125675119844 0.5983354579249258 0.7091713942828641 0.6443742394012917 0.08046010856649866 5 3
0.09897085596214861 0.2309489133568461 0.8357629210005499 0.17584827179242202 0.6479829616797744 7 6
0.2670494864817279 0.012671841993887156 0.8522172824919477 0.6005910399615915 0.7564765905718991 2 8
0.8522716011113213 0.17103428960137512 0.11739662904031667 0.4903944886975148 0.23952627960861306 2 4
0.09897085596214861 0.2309489133568461 0.8357629210005499 0.17584827179242202 0.6479829616797744 7 6
0.2091737818392675 0.36290719230728585 0.5881009254401133 0.4332106856968201 0.43156992646741466 6 5
0.2091737818392675 0.36290719230728585 0.5881009254401133 0.4332106856968201 0.43156992646741466 6 5
0.2091737818392675 0.36290719230728585 0.5881009254401133 0.4332106856968201 0.43156992646741466 6 5
0.37960675548401035 0.14535382583015433 0.8007712729416787 0.8623327134951977 0.7572673268490688 1 6
0.05820300181191984 0.5319082677688582 0.4251163603749478 0.7311057662317202 0.8722361011846281 6 8
0.07824458358662945 0.6441439138615837 0.46323842629228906 0.3027786571020338 0.22144125354964428 8 8
0.12177685531109261 0.9400782154930836 0.5853878926831279 0.08439879304018072 0.930253251351537 4 5
0.050419313571482216 0.054510750714962364 0.8369007739906573 0.07987039355922942 0.7005282852682535 7 7
0.692244980510294 0.33492888189777903 0.29116211930753977 0.03399042750632819 0.5565225378872887 7 1
0.050419313571482216 0.054510750714962364 0.8369007739906573 0.07987039355922942 0.7005282852682535 7 7
0.9797217945438336 0.5616670150297438 0.7701077322231866 0.2926518727396473 0.18965244271102177 5 1
0.8284524712799399 0.9618405620055289 0.023034757323122212 0.8645665948716823 0.39411651852026897 7 8
0.09897085596214861 0.2309489133568461 0.8357629210005499 0.17584827179242202 0.6479829616797744 7 6
0.09897085596214861 0.2309489133568461 0.8357629210005499 0.17584827179242202 0.6479829616797744 7 6
0.5524874560619303 0.6949650567529763 0.6267042249861793 0.7098766426702687 0.9823814237551891 1 5
0.5524874560619303 0.6949650567529763 0.6267042249861793 0.7098766426702687 0.9823814237551891 1 5
0.2091737818392675 0.36290719230728585 0.5881009254401133 0.4332106856968201 0.43156992646741466 6 5
0.7152474458482645 0.5773024611000457 0.4390897422636707 0.7974822337746251 0.7283675666494551 6 4
0.7152474458482645 0.5773024611000457 0.4390897422636707 0.7974822337746251 0.7283675666494551 6 4
0.12177685531109261 0.9400782154930836 0.5853878926831279 0.08439879304018072 0.930253251351537 4 5
0.05820300181191984 0.5319082677688582 0.4251163603749478 0.7311057662317202 0.8722361011846281 6 8
0.05820300181191984 0.5319082677688582 0.4251163603749478 0.7311057662317202 0.8722361011846281 6 8
0.050419313571482216 0.054510750714962364 0.8369007739906573 0.07987039355922942 0.7005282852682535 7 7
0.692244980510294 0.33492888189777903 0.29116211930753977 0.03399042750632819 0.5565225378872887 7 1
0.8284524712799399 0.9618405620055289 0.023034757323122212 0.8645665948716823 0.39411651852026897 7 8
0.7544170006557254 0.6460937033158128 0.3383726108610826 0.7147312262408485 0.5886647912983556 3 6
0.7485763629144495 0.9463957224212604 0.16319721608031001 0.3297821274396202 0.6883438212914258 1 8
0.1454125675119844 0.5983354579249258 0.7091713942828641 0.6443742394012917 0.08046010856649866 5 3
0.09897085596214861 0.2309489133568461 0.8357629210005499 0.17584827179242202 0.6479829616797744 7 6
0.30422169673656674 0.817815968210757 0.9784422045878608 0.47412657490450016 0.45687264156024066 7 4
0.5524874560619303 0.6949650567529763 0.6267042249861793 0.7098766426702687 0.9823814237551891 1 5
0.5524874560619303 0.6949650567529763 0.6267042249861793 0.7098766426702687 0.9823814237551891 1 5
0.2091737818392675 0.36290719230728585 0.5881009254401133 0.4332106856968201 0.43156992646741466 6 5
0.7152474458482645 0.5773024611000457 0.4390897422636707 0.7974822337746251 0.7283675666494551 6 4
0.7152474458482645 0.5773024611000457 0.4390897422636707 0.7974822337746251 0.7283675666494551 6 4
0.12177685531109261 0.9400782154930836 0.5853878926831279 0.08439879304018072 0.930253251351537 4 5
0.05820300181191984 0.5319082677688582 0.4251163603749478 0.7311057662317202 0.8722361011846281 6 8
0.05820300181191984 0.5319082677688582 0.4251163603749478 0.7311057662317202 0.8722361011846281 6 8
0.050419313571482216 0.054510750714962364 0.8369007739906573 0.07987039355922942 0.7005282852682535 7 7
0.692244980510294 0.33492888189777903 0.29116211930753977 0.03399042750632819 0.5565225378872887 7 1
0.8284524712799399 0.9618405620055289 0.023034757323122212 0.8645665948716823 0.39411651852026897 7 8
0.7544170006557254 0.6460937033158128 0.3383726108610826 0.7147312262408485 0.5886647912983556 3 6
0.1454125675119844 0.5983354579249258 0.7091713942828641 0.6443742394012917 0.08046010856649866 5 3
0.09897085596214861 0.2309489133568461 0.8357629210005499 0.17584827179242202 0.6479829616797744 7 6
0.2136280113383222 0.7935973047000581 0.6689681781605284 0.42863958971691896 0.2993696239559779 8 8
0.09897085596214861 0.2309489133568461 0.8357629210005499 0.17584827179242202 0.6479829616797744 7 6
0.5524874560619303 0.6949650567529763 0.6267042249861793 0.7098766426702687 0.9823814237551891 1 5
0.5524874560619303 0.6949650567529763 0.6267042249861793 0.7098766426702687 0.9823814237551891 1 5
0.5524874560619303 0.6949650567529763 0.6267042249861793 0.7098766426702687 0.9823814237551891 1 5
0.2091737818392675 0.36290719230728585 0.5881009254401133 0.4332106856968201 0.43156992646741466 6 5
0.7152474458482645 0.5773024611000457 0.4390897422636707 0.7974822337746251 0.7283675666494551 6 4
0.7152474458482645 0.5773024611000457 0.4390897422636707 0.7974822337746251 0.7283675666494551 6 4
0.12177685531109261 0.9400782154930836 0.5853878926831279 0.08439879304018072 0.930253251351537 4 5
0.05820300181191984 0.5319082677688582 0.4251163603749478 0.7311057662317202 0.8722361011846281 6 8
0.9222869057856077 0.0736727288596234 0.2754348137777808 0.8280013558396437 0.9891078628745353 4 6
0.050419313571482216 0.054510750714962364 0.8369007739906573 0.07987039355922942 0.7005282852682535 7 7
0.050419313571482216 0.054510750714962364 0.8369007739906573 0.07987039355922942 0.7005282852682535 7 7
0.9797217945438336 0.5616670150297438 0.7701077322231866 0.2926518727396473 0.18965244271102177 5 1
0.7544170006557254 0.6460937033158128 0.3383726108610826 0.7147312262408485 0.5886647912983556 3 6
0.7485763629144495 0.9463957224212604 0.16319721608031001 0.3297821274396202 0.6883438212914258 1 8
0.1454125675119844 0.5983354579249258 0.7091713942828641 0.6443742394012917 0.08046010856649866 5 3
0.09897085596214861 0.2309489133568461 0.8357629210005499 0.17584827179242202 0.6479829616797744 7 6
0.09897085596214861 0.2309489133568461 0.8357629210005499 0.17584827179242202 0.6479829616797744 7 6
0.09897085596214861 0.2309489133568461 0.8357629210005499 0.17584827179242202 0.6479829616797744 7 6
0.5524874560619303 0.6949650567529763 0.6267042249861793 0.7098766426702687 0.9823814237551891 1 5
0.2091737818392675 0.36290719230728585 0.5881009254401133 0.4332106856968201 0.43156992646741466 6 5
0.2091737818392675 0.36290719230728585 0.5881009254401133 0.4332106856968201 0.43156992646741466 6 5
0.7152474458482645 0.5773024611000457 0.4390897422636707 0.7974822337746251 0.7283675666494551 6 4
0.12177685531109261 0.9400782154930836 0.5853878926831279 0.08439879304018072 0.930253251351537 4 5
0.33638399932983576 0.23006793304610362 0.4783089102265584 0.1917854637403832 0.8830281968776649 6 5
0.05820300181191984 0.5319082677688582 0.4251163603749478 0.7311057662317202 0.8722361011846281 6 8
0.9222869057856077 0.0736727288596234 0.2754348137777808 0.8280013558396437 0.9891078628745353 4 6
0.050419313571482216 0.054510750714962364 0.8369007739906573 0.07987039355922942 0.7005282852682535 7 7
0.050419313571482216 0.054510750714962364 0.8369007739906573 0.07987039355922942 0.7005282852682535 7 7
0.9797217945438336 0.5616670150297438 0.7701077322231866 0.2926518727396473 0.18965244271102177 5 1
0.8284524712799399 0.9618405620055289 0.023034757323122212 0.8645665948716823 0.39411651852026897 7 8
0.7544170006557254 0.6460937033158128 0.3383726108610826 0.7147312262408485 0.5886647912983556 3 6
0.1454125675119844 0.5983354579249258 0.7091713942828641 0.6443742394012917 0.08046010856649866 5 3
0.09897085596214861 0.2309489133568461 0.8357629210005499 0.17584827179242202 0.6479829616797744 7 6
0.30422169673656674 0.817815968210757 0.9784422045878608 0.47412657490450016 0.45687264156024066 7 4
0.5524874560619303 0.6949650567529763 0.6267042249861793 0.7098766426702687 0.9823814237551891 1 5
0.5524874560619303 0.6949650567529763 0.6267042249861793 0.7098766426702687 0.9823814237551891 1 5
0.2091737818392675 0.36290719230728585 0.5881009254401133 0.4332106856968201 0.43156992646741466 6 5
0.2091737818392675 0.36290719230728585 0.5881009254401133 0.4332106856968201 0.43156992646741466 6 5
0.7152474458482645 0.5773024611000457 0.4390897422636707 0.7974822337746251 0.7283675666494551 6 4
0.12177685531109261 0.9400782154930836 0.5853878926831279 0.08439879304018072 0.930253251351537 4 5
0.05820300181191984 0.5319082677688582 0.4251163603749478 0.7311057662317202 0.8722361011846281 6 8
0.9222869057856077 0.0736727288596234 0.2754348137777808 0.8280013558396437 0.9891078628745353 4 6
0.050419313571482216 0.054510750714962364 0.8369007739906573 0.07987039355922942 0.7005282852682535 7 7
0.692244980510294 0.33492888189777903 0.29116211930753977 0.03399042750632819 0.5565225378872887 7 1
0.050419313571482216 0.054510750714962364 0.8369007739906573 0.07987039355922942 0.7005282852682535 7 7
0.8284524712799399 0.9618405620055289 0.023034757323122212 0.8645665948716823 0.39411651852026897 7 8
0.7544170006557254 0.6460937033158128 0.3383726108610826 0.7147312262408485 0.5886647912983556 3 6
0.1454125675119844 0.5983354579249258 0.7091713942828641 0.6443742394012917 0.08046010856649866 5 3
0.09897085596214861 0.2309489133568461 0.8357629210005499 0.17584827179242202 0.6479829616797744 7 6
0.09897085596214861 0.2309489133568461 0.8357629210005499 0.17584827179242202 0.6479829616797744 7 6
0.5524874560619303 0.6949650567529763 0.6267042249861793 0.7098766426702687 0.9823814237551891 1 5
0.2091737818392675 0.36290719230728585 0.5881009254401133 0.4332106856968201 0.43156992646741466 6 5
0.2091737818392675 0.36290719230728585 0.5881009254401133 0.4332106856968201 0.43156992646741466 6 5
0.7152474458482645 0.5773024611000457 0.4390897422636707 0.7974822337746251 0.7283675666494551 6 4
0.7152474458482645 0.5773024611000457 0.4390897422636707 0.7974822337746251 0.7283675666494551 6 4
0.12177685531109261 0.9400782154930836 0.5853878926831279 0.08439879304018072 0.930253251351537 4 5
0.05820300181191984 0.5319082677688582 0.4251163603749478 0.7311057662317202 0.8722361011846281 6 8
0.9222869057856077 0.0736727288596234 0.2754348137777808 0.8280013558396437 0.9891078628745353 4 6
0.050419313571482216 0.054510750714962364 0.8369007739906573 0.07987039355922942 0.7005282852682535 7 7
0.050419313571482216 0.054510750714962364 0.8369007739906573 0.07987039355922942 0.7005282852682535 7 7
0.9797217945438336 0.5616670150297438 0.7701077322231866 0.2926518727396473 0.18965244271102177 5 1
0.8284524712799399 0.9618405620055289 0.023034757323122212 0.8645665948716823 0.39411651852026897 7 8
0.7544170006557254 0.6460937033158128 0.3383726108610826 0.7147312262408485 0.5886647912983556 3 6
0.09897085596214861 0.2309489133568461 0.8357629210005499 0.17584827179242202 0.6479829616797744 7 6
0.09897085596214861 0.2309489133568461 0.8357629210005499 0.17584827179242202 0.6479829616797744 7 6
0.5524874560619303 0.6949650567529763 0.6267042249861793 0.7098766426702687 0.9823814237551891 1 5
0.5524874560619303 0.6949650567529763 0.6267042249861793 0.7098766426702687 0.9823814237551891 1 5
0.2091737818392675 0.36290719230728585 0.5881009254401133 0.4332106856968201 0.43156992646741466 6 5
0.7152474458482645 0.5773024611000457 0.4390897422636707 0.7974822337746251 0.7283675666494551 6 4
0.7152474458482645 0.5773024611000457 0.4390897422636707 0.7974822337746251 0.7283675666494551 6 4
0.7152474458482645 0.5773024611000457 0.4390897422636707 0.7974822337746251 0.7283675666494551 6 4
0.12177685531109261 0.9400782154930836 0.5853878926831279 0.08439879304018072 0.930253251351537 4 5
0.05820300181191984 0.5319082677688582 0.4251163603749478 0.7311057662317202 0.8722361011846281 6 8
0.05820300181191984 0.5319082677688582 0.4251163603749478 0.7311057662317202 0.8722361011846281 6 8
0.050419313571482216 0.054510750714962364 0.8369007739906573 0.07987039355922942 0.7005282852682535 7 7
0.692244980510294 0.33492888189777903 0.29116211930753977 0.03399042750632819 0.5565225378872887 7 1
0.8284524712799399 0.9618405620055289 0.023034757323122212 0.8645665948716823 0.39411651852026897 7 8
0.7544170006557254 0.6460937033158128 0.3383726108610826 0.7147312262408485 0.5886647912983556 3 6
0.7485763629144495 0.9463957224212604 0.16319721608031001 0.3297821274396202 0.6883438212914258 1 8
0.09897085596214861 0.2309489133568461 0.8357629210005499 0.17584827179242202 0.6479829616797744 7 6
0.09897085596214861 0.2309489133568461 0.8357629210005499 0.17584827179242202 0.6479829616797744 7 6
0.09897085596214861 0.2309489133568461 0.8357629210005499 0.17584827179242202 0.6479829616797744 7 6
0.30422169673656674 0.817815968210757 0.9784422045878608 0.47412657490450016 0.45687264156024066 7 4
0.5524874560619303 0.6949650567529763 0.6267042249861793 0.7098766426702687 0.9823814237551891 1 5
0.5524874560619303 0.6949650567529763 0.6267042249861793 0.7098766426702687 0.9823814237551891 1 5
0.2091737818392675 0.36290719230728585 0.5881009254401133 0.4332106856968201 0.43156992646741466 6 5
0.7152474458482645 0.5773024611000457 0.4390897422636707 0.7974822337746251 0.7283675666494551 6 4
0.12177685531109261 0.9400782154930836 0.5853878926831279 0.08439879304018072 0.930253251351537 4 5
0.12177685531109261 0.9400782154930836 0.5853878926831279 0.08439879304018072 0.930253251351537 4 5
0.33638399932983576 0.23006793304610362 0.4783089102265584 0.1917854637403832 0.8830281968776649 6 5
0.9222869057856077 0.0736727288596234 0.2754348137777808 0.8280013558396437 0.9891078628745353 4 6
0.050419313571482216 0.054510750714962364 0.8369007739906573 0.07987039355922942 0.7005282852682535 7 7
0.692244980510294 0.33492888189777903 0.29116211930753977 0.03399042750632819 0.5565225378872887 7 1
0.8284524712799399 0.9618405620055289 0.023034757323122212 0.8645665948716823 0.39411651852026897 7 8
0.7544170006557254 0.6460937033158128 0.3383726108610826 0.7147312262408485 0.5886647912983556 3 6
0.7485763629144495 0.9463957224212604 0.16319721608031001 0.3297821274396202 0.6883438212914258 1 8
0.1454125675119844 0.5983354579249258 0.7091713942828641 0.6443742394012917 0.08046010856649866 5 3
0.8522716011113213 0.17103428960137512 0.11739662904031667 0.4903944886975148 0.23952627960861306 2 4
0.09897085596214861 0.2309489133568461 0.8357629210005499 0.17584827179242202 0.6479829616797744 7 6
0.2091737818392675 0.36290719230728585 0.5881009254401133 0.4332106856968201 0.43156992646741466 6 5
0.2091737818392675 0.36290719230728585 0.5881009254401133 0.4332106856968201 0.43156992646741466 6 5
0.2091737818392675 0.36290719230728585 0.5881009254401133 0.4332106856968201 0.43156992646741466 6 5
0.7152474458482645 0.5773024611000457 0.4390897422636707 0.7974822337746251 0.7283675666494551 6 4
0.7152474458482645 0.5773024611000457 0.4390897422636707 0.7974822337746251 0.7283675666494551 6 4
0.05820300181191984 0.5319082677688582 0.4251163603749478 0.7311057662317202 0.8722361011846281 6 8
0.07824458358662945 0.6441439138615837 0.46323842629228906 0.3027786571020338 0.22144125354964428 8 8
0.12177685531109261 0.9400782154930836 0.5853878926831279 0.08439879304018072 0.930253251351537 4 5
0.050419313571482216 0.054510750714962364 0.8369007739906573 0.07987039355922942 0.7005282852682535 7 7
0.692244980510294 0.33492888189777903 0.29116211930753977 0.03399042750632819 0.5565225378872887 7 1
0.050419313571482216 0.054510750714962364 0.8369007739906573 0.07987039355922942 0.7005282852682535 7 7
0.9797217945438336 0.5616670150297438 0.7701077322231866 0.2926518727396473 0.18965244271102177 5 1
0.8284524712799399 0.9618405620055289 0.023034757323122212 0.8645665948716823 0.39411651852026897 7 8
0.2670494864817279 0.012671841993887156 0.8522172824919477 0.6005910399615915 0.7564765905718991 2 8
0.09897085596214861 0.2309489133568461 0.8357629210005499 0.17584827179242202 0.6479829616797744 7 6
0.30422169673656674 0.817815968210757 0.9784422045878608 0.47412657490450016 0.45687264156024066 7 4
0.5524874560619303 0.6949650567529763 0.6267042249861793 0.7098766426702687 0.9823814237551891 1 5
0.2091737818392675 0.36290719230728585 0.5881009254401133 0.4332106856968201 0.43156992646741466 6 5
0.2091737818392675 0.36290719230728585 0.5881009254401133 0.4332106856968201 0.43156992646741466 6 5
0.2091737818392675 0.36290719230728585 0.5881009254401133 0.4332106856968201 0.43156992646741466 6 5
0.7152474458482645 0.5773024611000457 0.4390897422636707 0.7974822337746251 0.7283675666494551 6 4
0.12177685531109261 0.9400782154930836 0.5853878926831279 0.08439879304018072 0.930253251351537 4 5
0.05820300181191984 0.5319082677688582 0.4251163603749478 0.7311057662317202 0.8722361011846281 6 8
0.12177685531109261 0.9400782154930836 0.5853878926831279 0.08439879304018072 0.930253251351537 4 5
0.050419313571482216 0.054510750714962364 0.8369007739906573 0.07987039355922942 0.7005282852682535 7 7
0.692244980510294 0.33492888189777903 0.29116211930753977 0.03399042750632819 0.5565225378872887 7 1
0.050419313571482216 0.054510750714962364 0.8369007739906573 0.07987039355922942 0.7005282852682535 7 7
0.7544170006557254 0.6460937033158128 0.3383726108610826 0.7147312262408485 0.5886647912983556 3 6
0.7485763629144495 0.9463957224212604 0.16319721608031001 0.3297821274396202 0.6883438212914258 1 8
0.09897085596214861 0.2309489133568461 0.8357629210005499 0.17584827179242202 0.6479829616797744 7 6
0.09897085596214861 0.2309489133568461 0.8357629210005499 0.17584827179242202 0.6479829616797744 7 6
0.09897085596214861 0.2309489133568461 0.8357629210005499 0.17584827179242202 0.6479829616797744 7 6
0.5524874560619303 0.6949650567529763 0.6267042249861793 0.7098766426702687 0.9823814237551891 1 5
0.5524874560619303 0.6949650567529763 0.6267042249861793 0.7098766426702687 0.9823814237551891 1 5
0.2091737818392675 0.36290719230728585 0.5881009254401133 0.4332106856968201 0.43156992646741466 6 5
0.7152474458482645 0.5773024611000457 0.4390897422636707 0.7974822337746251 0.7283675666494551 6 4
0.7152474458482645 0.5773024611000457 0.4390897422636707 0.7974822337746251 0.7283675666494551 6 4
0.12177685531109261 0.9400782154930836 0.5853878926831279 0.08439879304018072 0.930253251351537 4 5
0.05820300181191984 0.5319082677688582 0.4251163603749478 0.7311057662317202 0.8722361011846281 6 8
0.9222869057856077 0.0736727288596234 0.2754348137777808 0.8280013558396437 0.9891078628745353 4 6
0.050419313571482216 0.054510750714962364 0.8369007739906573 0.07987039355922942 0.7005282852682535 7 7
0.692244980510294 0.33492888189777903 0.29116211930753977 0.03399042750632819 0.5565225378872887 7 1
0.8284524712799399 0.9618405620055289 0.023034757323122212 0.8645665948716823 0.39411651852026897 7 8
0.7544170006557254 0.6460937033158128 0.3383726108610826 0.7147312262408485 0.5886647912983556 3 6
0.7485763629144495 0.9463957224212604 0.16319721608031001 0.3297821274396202 0.6883438212914258 1 8
0.1454125675119844 0.5983354579249258 0.7091713942828641 0.6443742394012917 0.08046010856649866 5 3
0.09897085596214861 0.2309489133568461 0.8357629210005499 0.17584827179242202 0.6479829616797744 7 6
0.09897085596214861 0.2309489133568461 0.8357629210005499 0.17584827179242202 0.6479829616797744 7 6
0.5524874560619303 0.6949650567529763 0.6267042249861793 0.7098766426702687 0.9823814237551891 1 5
0.5524874560619303 0.6949650567529763 0.6267042249861793 0.7098766426702687 0.9823814237551891 1 5
0.2091737818392675 0.36290719230728585 0.5881009254401133 0.4332106856968201 0.43156992646741466 6 5
0.2091737818392675 0.36290719230728585 0.5881009254401133 0.4332106856968201 0.43156992646741466 6 5
0.7152474458482645 0.5773024611000457 0.4390897422636707 0.7974822337746251 0.7283675666494551 6 4
0.12177685531109261 0.9400782154930836 0.5853878926831279 0.08439879304018072 0.930253251351537 4 5
0.05820300181191984 0.5319082677688582 0.4251163603749478 0.7311057662317202 0.8722361011846281 6 8
0.9222869057856077 0.0736727288596234 0.2754348137777808 0.8280013558396437 0.9891078628745353 4 6
0.050419313571482216 0.054510750714962364 0.8369007739906573 0.07987039355922942 0.7005282852682535 7 7
0.050419313571482216 0.054510750714962364 0.8369007739906573 0.07987039355922942 0.7005282852682535 7 7
0.050419313571482216 0.054510750714962364 0.8369007739906573 0.07987039355922942 0.7005282852682535 7 7
0.8284524712799399 0.9618405620055289 0.023034757323122212 0.8645665948716823 0.39411651852026897 7 8
0.8284524712799399 0.9618405620055289 0.023034757323122212 0.8645665948716823 0.39411651852026897 7 8
0.8522716011113213 0.17103428960137512 0.11739662904031667 0.4903944886975148 0.23952627960861306 2 4
0.09897085596214861 0.2309489133568461 0.8357629210005499 0.17584827179242202 0.6479829616797744 7 6
0.5524874560619303 0.6949650567529763 0.6267042249861793 0.7098766426702687 0.9823814237551891 1 5
0.5524874560619303 0.6949650567529763 0.6267042249861793 0.7098766426702687 0.9823814237551891 1 5
0.2091737818392675 0.36290719230728585 0.5881009254401133 0.4332106856968201 0.43156992646741466 6 5
0.7152474458482645 0.5773024611000457 0.4390897422636707 0.7974822337746251 0.7283675666494551 6 4
0.7152474458482645 0.5773024611000457 0.4390897422636707 0.7974822337746251 0.7283675666494551 6 4
0.7152474458482645 0.5773024611000457 0.4390897422636707 0.7974822337746251 0.7283675666494551 6 4
0.33638399932983576 0.23006793304610362 0.4783089102265584 0.1917854637403832 0.8830281968776649 6 5
0.05820300181191984 0.5319082677688582 0.4251163603749478 0.7311057662317202 0.8722361011846281 6 8
0.05820300181191984 0.5319082677688582 0.4251163603749478 0.7311057662317202 0.8722361011846281 6 8
0.050419313571482216 0.054510750714962364 0.8369007739906573 0.07987039355922942 0.7005282852682535 7 7
0.692244980510294 0.33492888189777903 0.29116211930753977 0.03399042750632819 0.5565225378872887 7 1
0.8284524712799399 0.9618405620055289 0.023034757323122212 0.8645665948716823 0.39411651852026897 7 8
0.7544170006557254 0.6460937033158128 0.3383726108610826 0.7147312262408485 0.5886647912983556 3 6
0.7485763629144495 0.9463957224212604 0.16319721608031001 0.3297821274396202 0.6883438212914258 1 8
0.1454125675119844 0.5983354579249258 0.7091713942828641 0.6443742394012917 0.08046010856649866 5 3
0.09897085596214861 0.2309489133568461 0.8357629210005499 0.17584827179242202 0.6479829616797744 7 6
0.09897085596214861 0.2309489133568461 0.8357629210005499 0.17584827179242202 0.6479829616797744 7 6
0.09897085596214861 0.2309489133568461 0.8357629210005499 0.17584827179242202 0.6479829616797744 7 6
0.5524874560619303 0.6949650567529763 0.6267042249861793 0.7098766426702687 0.9823814237551891 1 5
0.2091737818392675 0.36290719230728585 0.5881009254401133 0.4332106856968201 0.43156992646741466 6 5
0.7152474458482645 0.5773024611000457 0.4390897422636707 0.7974822337746251 0.7283675666494551 6 4
0.37960675548401035 0.14535382583015433 0.8007712729416787 0.8623327134951977 0.7572673268490688 1 6
0.12177685531109261 0.9400782154930836 0.5853878926831279 0.08439879304018072 0.930253251351537 4 5
0.05820300181191984 0.5319082677688582 0.4251163603749478 0.7311057662317202 0.8722361011846281 6 8
0.33638399932983576 0.23006793304610362 0.4783089102265584 0.1917854637403832 0.8830281968776649 6 5
0.05820300181191984 0.5319082677688582 0.4251163603749478 0.7311057662317202 0.8722361011846281 6 8
0.050419313571482216 0.054510750714962364 0.8369007739906573 0.07987039355922942 0.7005282852682535 7 7
0.692244980510294 0.33492888189777903 0.29116211930753977 0.03399042750632819 0.5565225378872887 7 1
0.8284524712799399 0.9618405620055289 0.023034757323122212 0.8645665948716823 0.39411651852026897 7 8
0.7544170006557254 0.6460937033158128 0.3383726108610826 0.7147312262408485 0.5886647912983556 3 6
0.7485763629144495 0.9463957224212604 0.16319721608031001 0.3297821274396202 0.6883438212914258 1 8
0.09897085596214861 0.2309489133568461 0.8357629210005499 0.17584827179242202 0.6479829616797744 7 6
0.09897085596214861 0.2309489133568461 0.8357629210005499 0.17584827179242202 0.6479829616797744 7 6
0.09897085596214861 0.2309489133568461 0.8357629210005499 0.17584827179242202 0.6479829616797744 7 6
0.30422169673656674 0.817815968210757 0.9784422045878608 0.47412657490450016 0.45687264156024066 7 4
0.5524874560619303 0.6949650567529763 0.6267042249861793 0.7098766426702687 0.9823814237551891 1 5
0.2091737818392675 0.36290719230728585 0.5881009254401133 0.4332106856968201 0.43156992646741466 6 5
0.7152474458482645 0.5773024611000457 0.4390897422636707 0.7974822337746251 0.7283675666494551 6 4
0.7152474458482645 0.5773024611000457 0.4390897422636707 0.7974822337746251 0.7283675666494551 6 4
0.12177685531109261 0.9400782154930836 0.5853878926831279 0.08439879304018072 0.930253251351537 4 5
0.05820300181191984 0.5319082677688582 0.4251163603749478 0.7311057662317202 0.8722361011846281 6 8
0.9222869057856077 0.0736727288596234 0.2754348137777808 0.8280013558396437 0.9891078628745353 4 6
0.05820300181191984 0.5319082677688582 0.4251163603749478 0.7311057662317202 0.8722361011846281 6 8
0.050419313571482216 0.054510750714962364 0.8369007739906573 0.07987039355922942 0.7005282852682535 7 7
0.7485763629144495 0.9463957224212604 0.16319721608031001 0.3297821274396202 0.6883438212914258 1 8
0.8284524712799399 0.9618405620055289 0.023034757323122212 0.8645665948716823 0.39411651852026897 7 8
0.7544170006557254 0.6460937033158128 0.3383726108610826 0.7147312262408485 0.5886647912983556 3 6
0.1454125675119844 0.5983354579249258 0.7091713942828641 0.6443742394012917 0.08046010856649866 5 3
0.8522716011113213 0.17103428960137512 0.11739662904031667 0.4903944886975148 0.23952627960861306 2 4
0.09897085596214861 0.2309489133568461 0.8357629210005499 0.17584827179242202 0.6479829616797744 7 6
0.2091737818392675 0.36290719230728585 0.5881009254401133 0.4332106856968201 0.43156992646741466 6 5
0.2091737818392675 0.36290719230728585 0.5881009254401133 0.4332106856968201 0.43156992646741466 6 5
0.2091737818392675 0.36290719230728585 0.5881009254401133 0.4332106856968201 0.43156992646741466 6 5
0.7152474458482645 0.5773024611000457 0.4390897422636707 0.7974822337746251 0.7283675666494551 6 4
0.7152474458482645 0.5773024611000457 0.4390897422636707 0.7974822337746251 0.7283675666494551 6 4
0.05820300181191984 0.5319082677688582 0.4251163603749478 0.7311057662317202 0.8722361011846281 6 8
0.07824458358662945 0.6441439138615837 0.46323842629228906 0.3027786571020338 0.22144125354964428 8 8
0.12177685531109261 0.9400782154930836 0.5853878926831279 0.08439879304018072 0.930253251351537 4 5
0.050419313571482216 0.054510750714962364 0.8369007739906573 0.07987039355922942 0.7005282852682535 7 7
0.692244980510294 0.33492888189777903 0.29116211930753977 0.03399042750632819 0.5565225378872887 7 1
0.050419313571482216 0.054510750714962364 0.8369007739906573 0.07987039355922942 0.7005282852682535 7 7
0.9797217945438336 0.5616670150297438 0.7701077322231866 0.2926518727396473 0.18965244271102177 5 1
0.8284524712799399 0.9618405620055289 0.023034757323122212 0.8645665948716823 0.39411651852026897 7 8
0.2670494864817279 0.012671841993887156 0.8522172824919477 0.6005910399615915 0.7564765905718991 2 8
0.09897085596214861 0.2309489133568461 0.8357629210005499 0.17584827179242202 0.6479829616797744 7 6
0.09897085596214861 0.2309489133568461 0.8357629210005499 0.17584827179242202 0.6479829616797744 7 6
0.5524874560619303 0.6949650567529763 0.6267042249861793 0.7098766426702687 0.9823814237551891 1 5
0.2091737818392675 0.36290719230728585 0.5881009254401133 0.4332106856968201 0.43156992646741466 6 5
0.7152474458482645 0.5773024611000457 0.4390897422636707 0.7974822337746251 0.7283675666494551 6 4
0.7152474458482645 0.5773024611000457 0.4390897422636707 0.7974822337746251 0.7283675666494551 6 4
0.12177685531109261 0.9400782154930836 0.5853878926831279 0.08439879304018072 0.930253251351537 4 5
0.12177685531109261 0.9400782154930836 0.5853878926831279 0.08439879304018072 0.930253251351537 4 5
0.05820300181191984 0.5319082677688582 0.4251163603749478 0.7311057662317202 0.8722361011846281 6 8
0.9222869057856077 0.0736727288596234 0.2754348137777808 0.8280013558396437 0.9891078628745353 4 6
0.050419313571482216 0.054510750714962364 0.8369007739906573 0.07987039355922942 0.7005282852682535 7 7
0.050419313571482216 0.054510750714962364 0.8369007739906573 0.07987039355922942 0.7005282852682535 7 7
0.050419313571482216 0.054510750714962364 0.8369007739906573 0.07987039355922942 0.7005282852682535 7 7
0.7544170006557254 0.6460937033158128 0.3383726108610826 0.7147312262408485 0.5886647912983556 3 6
0.7485763629144495 0.9463957224212604 0.16319721608031001 0.3297821274396202 0.6883438212914258 1 8
0.09897085596214861 0.2309489133568461 0.8357629210005499 0.17584827179242202 0.6479829616797744 7 6
0.09897085596214861 0.2309489133568461 0.8357629210005499 0.17584827179242202 0.6479829616797744 7 6
0.09897085596214861 0.2309489133568461 0.8357629210005499 0.17584827179242202 0.6479829616797744 7 6
0.5524874560619303 0.6949650567529763 0.6267042249861793 0.7098766426702687 0.9823814237551891 1 5
0.5524874560619303 0.6949650567529763 0.6267042249861793 0.7098766426702687 0.9823814237551891 1 5
0.2091737818392675 0.36290719230728585 0.5881009254401133 0.4332106856968201 0.43156992646741466 6 5
0.2091737818392675 0.36290719230728585 0.5881009254401133 0.4332106856968201 0.43156992646741466 6 5
0.7152474458482645 0.5773024611000457 0.4390897422636707 0.7974822337746251 0.7283675666494551 6 4
0.12177685531109261 0.9400782154930836 0.5853878926831279 0.08439879304018072 0.930253251351537 4 5
0.05820300181191984 0.5319082677688582 0.4251163603749478 0.7311057662317202 0.8722361011846281 6 8
0.9222869057856077 0.0736727288596234 0.2754348137777808 0.8280013558396437 0.9891078628745353 4 6
0.050419313571482216 0.054510750714962364 0.8369007739906573 0.07987039355922942 0.7005282852682535 7 7
0.050419313571482216 0.054510750714962364 0.8369007739906573 0.07987039355922942 0.7005282852682535 7 7
0.9797217945438336 0.5616670150297438 0.7701077322231866 0.2926518727396473 0.18965244271102177 5 1
0.7544170006557254 0.6460937033158128 0.3383726108610826 0.7147312262408485 0.5886647912983556 3 6
0.7485763629144495 0.9463957224212604 0.16319721608031001 0.3297821274396202 0.6883438212914258 1 8
0.1454125675119844 0.5983354579249258 0.7091713942828641 0.6443742394012917 0.08046010856649866 5 3
0.09897085596214861 0.2309489133568461 0.8357629210005499 0.17584827179242202 0.6479829616797744 7 6
0.30422169673656674 0.817815968210757 0.9784422045878608 0.47412657490450016 0.45687264156024066 7 4
0.5524874560619303 0.6949650567529763 0.6267042249861793 0.7098766426702687 0.9823814237551891 1 5
0.5524874560619303 0.6949650567529763 0.6267042249861793 0.7098766426702687 0.9823814237551891 1 5
0.7152474458482645 0.5773024611000457 0.4390897422636707 0.7974822337746251 0.7283675666494551 6 4
0.2091737818392675 0.36290719230728585 0.5881009254401133 0.4332106856968201 0.43156992646741466 6 5
0.7152474458482645 0.5773024611000457 0.4390897422636707 0.7974822337746251 0.7283675666494551 6 4
0.05820300181191984 0.5319082677688582 0.4251163603749478 0.7311057662317202 0.8722361011846281 6 8
0.05820300181191984 0.5319082677688582 0.4251163603749478 0.7311057662317202 0.8722361011846281 6 8
0.12177685531109261 0.9400782154930836 0.5853878926831279 0.08439879304018072 0.930253251351537 4 5
0.050419313571482216 0.054510750714962364 0.8369007739906573 0.07987039355922942 0.7005282852682535 7 7
0.692244980510294 0.33492888189777903 0.29116211930753977 0.03399042750632819 0.5565225378872887 7 1
0.8284524712799399 0.9618405620055289 0.023034757323122212 0.8645665948716823 0.39411651852026897 7 8
0.9797217945438336 0.5616670150297438 0.7701077322231866 0.2926518727396473 0.18965244271102177 5 1
0.8284524712799399 0.9618405620055289 0.023034757323122212 0.8645665948716823 0.39411651852026897 7 8
0.2670494864817279 0.012671841993887156 0.8522172824919477 0.6005910399615915 0.7564765905718991 2 8
0.09897085596214861 0.2309489133568461 0.8357629210005499 0.17584827179242202 0.6479829616797744 7 6
0.09897085596214861 0.2309489133568461 0.8357629210005499 0.17584827179242202 0.6479829616797744 7 6
0.5524874560619303 0.6949650567529763 0.6267042249861793 0.7098766426702687 0.9823814237551891 1 5
0.2091737818392675 0.36290719230728585 0.5881009254401133 0.4332106856968201 0.43156992646741466 6 5
0.7152474458482645 0.5773024611000457 0.4390897422636707 0.7974822337746251 0.7283675666494551 6 4
0.37960675548401035 0.14535382583015433 0.8007712729416787 0.8623327134951977 0.7572673268490688 1 6
0.12177685531109261 0.9400782154930836 0.5853878926831279 0.08439879304018072 0.930253251351537 4 5
0.05820300181191984 0.5319082677688582 0.4251163603749478 0.7311057662317202 0.8722361011846281 6 8
0.33638399932983576 0.23006793304610362 0.4783089102265584 0.1917854637403832 0.8830281968776649 6 5
0.05820300181191984 0.5319082677688582 0.4251163603749478 0.7311057662317202 0.8722361011846281 6 8
0.050419313571482216 0.054510750714962364 0.8369007739906573 0.07987039355922942 0.7005282852682535 7 7
0.050419313571482216 0.054510750714962364 0.8369007739906573 0.07987039355922942 0.7005282852682535 7 7
0.9797217945438336 0.5616670150297438 0.7701077322231866 0.2926518727396473 0.18965244271102177 5 1
0.7544170006557254 0.6460937033158128 0.3383726108610826 0.7147312262408485 0.5886647912983556 3 6
0.7485763629144495 0.9463957224212604 0.16319721608031001 0.3297821274396202 0.6883438212914258 1 8
0.09897085596214861 0.2309489133568461 0.8357629210005499 0.17584827179242202 0.6479829616797744 7 6
0.09897085596214861 0.2309489133568461 0.8357629210005499 0.17584827179242202 0.6479829616797744 7 6
0.30422169673656674 0.817815968210757 0.9784422045878608 0.47412657490450016 0.45687264156024066 7 4
0.5524874560619303 0.6949650567529763 0.6267042249861793 0.7098766426702687 0.9823814237551891 1 5
0.5524874560619303 0.6949650567529763 0.6267042249861793 0.7098766426702687 0.9823814237551891 1 5
0.2091737818392675 0.36290719230728585 0.5881009254401133 0.4332106856968201 0.43156992646741466 6 5
0.37960675548401035 0.14535382583015433 0.8007712729416787 0.8623327134951977 0.7572673268490688 1 6
0.7076387170535585 0.051039920943132366 0.08176916970820025 0.10874997750907445 0.023776841728356812 1 7
0.07824458358662945 0.6441439138615837 0.46323842629228906 0.3027786571020338 0.22144125354964428 8 8
0.05820300181191984 0.5319082677688582 0.4251163603749478 0.7311057662317202 0.8722361011846281 6 8
0.9222869057856077 0.0736727288596234 0.2754348137777808 0.8280013558396437 0.9891078628745353 4 6
0.050419313571482216 0.054510750714962364 0.8369007739906573 0.07987039355922942 0.7005282852682535 7 7
0.692244980510294 0.33492888189777903 0.29116211930753977 0.03399042750632819 0.5565225378872887 7 1
0.050419313571482216 0.054510750714962364 0.8369007739906573 0.07987039355922942 0.7005282852682535 7 7
0.9797217945438336 0.5616670150297438 0.7701077322231866 0.2926518727396473 0.18965244271102177 5 1
0.8284524712799399 0.9618405620055289 0.023034757323122212 0.8645665948716823 0.39411651852026897 7 8
0.2670494864817279 0.012671841993887156 0.8522172824919477 0.6005910399615915 0.7564765905718991 2 8
0.8522716011113213 0.17103428960137512 0.11739662904031667 0.4903944886975148 0.23952627960861306 2 4
