population 0 fitness 0.5106156260186034 years 35.0 length 15
population 1 fitness 0.5110567833621013 years 35.0 length 16
population 2 fitness 0.5110517388782884 years 34.0 length 16
population 3 fitness 0.5114677973528399 years 32.0 length 15
population 4 fitness 0.510588264851673 years 31.0 length 16
population 5 fitness 0.511774828837593 years 31.0 length 16
population 6 fitness 0.5109249944188324 years 30.0 length 15
population 7 fitness 0.5116217595420296 years 30.0 length 15
population 8 fitness 0.5105821326713328 years 29.0 length 15
population 9 fitness 0.5104824244216787 years 29.0 length 16
population 10 fitness 0.5106997262516865 years 28.0 length 16
population 11 fitness 0.5106540223561085 years 28.0 length 15
population 12 fitness 0.5115596343941792 years 27.0 length 16
population 13 fitness 0.5116071048289488 years 27.0 length 16
population 14 fitness 0.5121824264744288 years 26.0 length 15
population 15 fitness 0.5122684326242568 years 26.0 length 15
population 16 fitness 0.5120353130322287 years 24.0 length 16
population 17 fitness 0.5122377639972368 years 24.0 length 15
population 18 fitness 0.5129628232971262 years 22.0 length 15
population 19 fitness 0.5135883645800453 years 22.0 length 15
population 20 fitness 0.5132767490366549 years 21.0 length 16
population 21 fitness 0.5137217575302083 years 21.0 length 16
population 22 fitness 0.5121866630478832 years 20.0 length 16
population 23 fitness 0.5133341457002053 years 20.0 length 15
population 24 fitness 0.5124385641644069 years 19.0 length 16
population 25 fitness 0.5133971674281685 years 19.0 length 15
population 26 fitness 0.5139785331147274 years 18.0 length 14
population 27 fitness 0.5156910714182046 years 16.0 length 14
population 28 fitness 0.5158373258973101 years 16.0 length 15
population 29 fitness 0.5158164895155873 years 15.0 length 15
population 30 fitness 0.5155544012185395 years 12.0 length 15
population 31 fitness 0.5128961918106909 years 9.0 length 15
population 32 fitness 0.5162220555476993 years 9.0 length 15
population 33 fitness 0.507490404846632 years 8.0 length 16
population 34 fitness 0.5110551035624447 years 8.0 length 16
population 35 fitness 0.5115561408548394 years 7.0 length 15
population 36 fitness 0.5134779338324063 years 7.0 length 15
population 37 fitness 0.50214311583417 years 6.0 length 14
population 38 fitness 0.5093804470675206 years 6.0 length 16
population 39 fitness 0.5006337494397753 years 5.0 length 15
population 40 fitness 0.5024519024705096 years 5.0 length 16

0.9559691761220379 0.25407253965856014 0.8185022457082449 0.8528699558293675 0.31734877197372136 4 1
0.8403914236776354 0.6379802506160184 0.5379839691553373 0.7582860494900556 0.8069585407426841 2 3
0.8403914236776354 0.6379802506160184 0.5379839691553373 0.7582860494900556 0.8069585407426841 2 3
0.7362105589364579 0.5678929183181062 0.00917521024215584 0.3448066713339548 0.9171019539526977 2 1
0.11841909452875732 0.11219895284918524 0.01913666838335981 0.32340602452858114 0.14332738796578037 1 8
0.9874371167207976 0.17392159668246987 0.5745357908887971 0.9173481324490808 0.9344095320319131 7 7
0.31945588794421875 0.7149700353701236 0.5866620034463795 0.7940571781641249 0.5181407113160053 5 6
0.1408457156126045 0.424461651354083 0.494843004393723 0.13342029256184362 0.7038141543188665 2 5
0.3613926253033428 0.2648406110738222 0.9545722442001898 0.13081833983469904 0.28327265489239983 6 6
0.3613926253033428 0.2648406110738222 0.9545722442001898 0.13081833983469904 0.28327265489239983 6 6
0.6853431326558825 0.7718565445116427 0.8248397183782785 0.5972698488699223 0.4966693408055449 6 2
0.8483081184754885 0.18074844396727974 0.12404718530136705 0.00489898271824496 0.2517344757422627 7 7
0.9092010096385593 0.4731015991351747 0.6683980575901681 0.9907581709438136 0.2697490478786936 5 1
0.48493783604062657 0.4542255794927158 0.49893411792026576 0.7910138056229391 0.28712616136119784 8 8
0.34875277286385287 0.7972716982210879 0.7731766595402221 0.6254056509195083 0.17871872841726788 5 3
0.5522780462176147 0.08283586363114326 0.6220459658381391 0.972468498356919 0.7800574084412878 3 3
0.8403914236776354 0.6379802506160184 0.5379839691553373 0.7582860494900556 0.8069585407426841 2 3
0.22348269310724111 0.0551586796158251 0.8189402672342078 0.8629021455601055 0.6786133466042357 7 8
0.11841909452875732 0.11219895284918524 0.01913666838335981 0.32340602452858114 0.14332738796578037 1 8
0.9874371167207976 0.17392159668246987 0.5745357908887971 0.9173481324490808 0.9344095320319131 7 7
0.9874371167207976 0.17392159668246987 0.5745357908887971 0.9173481324490808 0.9344095320319131 7 7
0.31945588794421875 0.7149700353701236 0.5866620034463795 0.7940571781641249 0.5181407113160053 5 6
0.1408457156126045 0.424461651354083 0.494843004393723 0.13342029256184362 0.7038141543188665 2 5
0.3613926253033428 0.2648406110738222 0.9545722442001898 0.13081833983469904 0.28327265489239983 6 6
0.3613926253033428 0.2648406110738222 0.9545722442001898 0.13081833983469904 0.28327265489239983 6 6
0.06483652684945884 0.7642300930935204 0.47351241311829917 0.7541062676495294 0.1983086844393267 6 1
0.6012805887117688 0.4976834180915096 0.2632335326541375 0.6218797664822788 0.837823632549635 5 5
0.03515864054106688 0.5020130798002505 0.12377223193433395 0.8478999232911656 0.3837158632041584 5 8
0.44729599213669813 0.7683435380950823 0.5661822554433527 0.8079203620535008 0.38212512625547157 7 6
0.48501075967031204 0.05619934179659658 0.4806485215371965 0.901345847691863 0.5583355190686066 3 6
0.5522780462176147 0.08283586363114326 0.6220459658381391 0.972468498356919 0.7800574084412878 3 3
0.9559691761220379 0.25407253965856014 0.8185022457082449 0.8528699558293675 0.31734877197372136 4 1
0.5522780462176147 0.08283586363114326 0.6220459658381391 0.972468498356919 0.7800574084412878 3 3
0.8403914236776354 0.6379802506160184 0.5379839691553373 0.7582860494900556 0.8069585407426841 2 3
0.22348269310724111 0.0551586796158251 0.8189402672342078 0.8629021455601055 0.6786133466042357 7 8
0.11841909452875732 0.11219895284918524 0.01913666838335981 0.32340602452858114 0.14332738796578037 1 8
0.9874371167207976 0.17392159668246987 0.5745357908887971 0.9173481324490808 0.9344095320319131 7 7
0.31945588794421875 0.7149700353701236 0.5866620034463795 0.7940571781641249 0.5181407113160053 5 6
0.1408457156126045 0.424461651354083 0.494843004393723 0.13342029256184362 0.7038141543188665 2 5
0.3613926253033428 0.2648406110738222 0.9545722442001898 0.13081833983469904 0.28327265489239983 6 6
0.3613926253033428 0.2648406110738222 0.9545722442001898 0.13081833983469904 0.28327265489239983 6 6
0.6853431326558825 0.7718565445116427 0.8248397183782785 0.5972698488699223 0.4966693408055449 6 2
0.17296575921999224 0.008230087505560979 0.1333877772860378 0.03635572731918546 0.022875269982585822 1 2
0.8483081184754885 0.18074844396727974 0.12404718530136705 0.00489898271824496 0.2517344757422627 7 7
0.9092010096385593 0.4731015991351747 0.6683980575901681 0.9907581709438136 0.2697490478786936 5 1
0.48493783604062657 0.4542255794927158 0.49893411792026576 0.7910138056229391 0.28712616136119784 8 8
0.9559691761220379 0.25407253965856014 0.8185022457082449 0.8528699558293675 0.31734877197372136 4 1
0.9559691761220379 0.25407253965856014 0.8185022457082449 0.8528699558293675 0.31734877197372136 4 1
0.3170401060524817 0.07805779864012896 0.21026879343511096 0.7170695200531285 0.9081588769649925 4 8
0.8403914236776354 0.6379802506160184 0.5379839691553373 0.7582860494900556 0.8069585407426841 2 3
0.7362105589364579 0.5678929183181062 0.00917521024215584 0.3448066713339548 0.9171019539526977 2 1
0.7738342571198225 0.8188593193901157 0.44118682084146077 0.2602817695878581 0.37275670054143895 1 7
0.7738342571198225 0.8188593193901157 0.44118682084146077 0.2602817695878581 0.37275670054143895 1 7
0.31945588794421875 0.7149700353701236 0.5866620034463795 0.7940571781641249 0.5181407113160053 5 6
0.3166262314106434 0.66184562627477 0.5408572345936913 0.7768918353422327 0.019388933483485138 6 2
0.3613926253033428 0.2648406110738222 0.9545722442001898 0.13081833983469904 0.28327265489239983 6 6
0.3613926253033428 0.2648406110738222 0.9545722442001898 0.13081833983469904 0.28327265489239983 6 6
0.40755414953513025 0.06462126646187238 0.6551479498241041 0.6638718431152325 0.11664972678390007 1 8
0.6012805887117688 0.4976834180915096 0.2632335326541375 0.6218797664822788 0.837823632549635 5 5
0.6853431326558825 0.7718565445116427 0.8248397183782785 0.5972698488699223 0.4966693408055449 6 2
0.44729599213669813 0.7683435380950823 0.5661822554433527 0.8079203620535008 0.38212512625547157 7 6
0.9092010096385593 0.4731015991351747 0.6683980575901681 0.9907581709438136 0.2697490478786936 5 1
0.9559691761220379 0.25407253965856014 0.8185022457082449 0.8528699558293675 0.31734877197372136 4 1
0.5522780462176147 0.08283586363114326 0.6220459658381391 0.972468498356919 0.7800574084412878 3 3
0.08522376298074563 0.055558839080462 0.6837070740993015 0.38049650444241534 0.16462569281092132 7 5
0.7362105589364579 0.5678929183181062 0.00917521024215584 0.3448066713339548 0.9171019539526977 2 1
0.7738342571198225 0.8188593193901157 0.44118682084146077 0.2602817695878581 0.37275670054143895 1 7
0.9874371167207976 0.17392159668246987 0.5745357908887971 0.9173481324490808 0.9344095320319131 7 7
0.31945588794421875 0.7149700353701236 0.5866620034463795 0.7940571781641249 0.5181407113160053 5 6
0.3166262314106434 0.66184562627477 0.5408572345936913 0.7768918353422327 0.019388933483485138 6 2
0.1408457156126045 0.424461651354083 0.494843004393723 0.13342029256184362 0.7038141543188665 2 5
0.3613926253033428 0.2648406110738222 0.9545722442001898 0.13081833983469904 0.28327265489239983 6 6
0.06483652684945884 0.7642300930935204 0.47351241311829917 0.7541062676495294 0.1983086844393267 6 1
0.17296575921999224 0.008230087505560979 0.1333877772860378 0.03635572731918546 0.022875269982585822 1 2
0.8483081184754885 0.18074844396727974 0.12404718530136705 0.00489898271824496 0.2517344757422627 7 7
0.44729599213669813 0.7683435380950823 0.5661822554433527 0.8079203620535008 0.38212512625547157 7 6
0.48493783604062657 0.4542255794927158 0.49893411792026576 0.7910138056229391 0.28712616136119784 8 8
0.9559691761220379 0.25407253965856014 0.8185022457082449 0.8528699558293675 0.31734877197372136 4 1
0.5522780462176147 0.08283586363114326 0.6220459658381391 0.972468498356919 0.7800574084412878 3 3
0.5522780462176147 0.08283586363114326 0.6220459658381391 0.972468498356919 0.7800574084412878 3 3
0.8403914236776354 0.6379802506160184 0.5379839691553373 0.7582860494900556 0.8069585407426841 2 3
0.22348269310724111 0.0551586796158251 0.8189402672342078 0.8629021455601055 0.6786133466042357 7 8
0.11841909452875732 0.11219895284918524 0.01913666838335981 0.32340602452858114 0.14332738796578037 1 8
0.9874371167207976 0.17392159668246987 0.5745357908887971 0.9173481324490808 0.9344095320319131 7 7
0.3166262314106434 0.66184562627477 0.5408572345936913 0.7768918353422327 0.019388933483485138 6 2
0.1408457156126045 0.424461651354083 0.494843004393723 0.13342029256184362 0.7038141543188665 2 5
0.1408457156126045 0.424461651354083 0.494843004393723 0.13342029256184362 0.7038141543188665 2 5
0.3613926253033428 0.2648406110738222 0.9545722442001898 0.13081833983469904 0.28327265489239983 6 6
0.06483652684945884 0.7642300930935204 0.47351241311829917 0.7541062676495294 0.1983086844393267 6 1
0.6012805887117688 0.4976834180915096 0.2632335326541375 0.6218797664822788 0.837823632549635 5 5
0.03515864054106688 0.5020130798002505 0.12377223193433395 0.8478999232911656 0.3837158632041584 5 8
0.44729599213669813 0.7683435380950823 0.5661822554433527 0.8079203620535008 0.38212512625547157 7 6
0.48493783604062657 0.4542255794927158 0.49893411792026576 0.7910138056229391 0.28712616136119784 8 8
0.9559691761220379 0.25407253965856014 0.8185022457082449 0.8528699558293675 0.31734877197372136 4 1
0.9559691761220379 0.25407253965856014 0.8185022457082449 0.8528699558293675 0.31734877197372136 4 1
0.3170401060524817 0.07805779864012896 0.21026879343511096 0.7170695200531285 0.9081588769649925 4 8
0.8403914236776354 0.6379802506160184 0.5379839691553373 0.7582860494900556 0.8069585407426841 2 3
0.7362105589364579 0.5678929183181062 0.00917521024215584 0.3448066713339548 0.9171019539526977 2 1
0.7738342571198225 0.8188593193901157 0.44118682084146077 0.2602817695878581 0.37275670054143895 1 7
0.7738342571198225 0.8188593193901157 0.44118682084146077 0.2602817695878581 0.37275670054143895 1 7
0.31945588794421875 0.7149700353701236 0.5866620034463795 0.7940571781641249 0.5181407113160053 5 6
0.3166262314106434 0.66184562627477 0.5408572345936913 0.7768918353422327 0.019388933483485138 6 2
0.3613926253033428 0.2648406110738222 0.9545722442001898 0.13081833983469904 0.28327265489239983 6 6
0.3613926253033428 0.2648406110738222 0.9545722442001898 0.13081833983469904 0.28327265489239983 6 6
0.06483652684945884 0.7642300930935204 0.47351241311829917 0.7541062676495294 0.1983086844393267 6 1
0.6012805887117688 0.4976834180915096 0.2632335326541375 0.6218797664822788 0.837823632549635 5 5
0.8483081184754885 0.18074844396727974 0.12404718530136705 0.00489898271824496 0.2517344757422627 7 7
0.9092010096385593 0.4731015991351747 0.6683980575901681 0.9907581709438136 0.2697490478786936 5 1
0.48493783604062657 0.4542255794927158 0.49893411792026576 0.7910138056229391 0.28712616136119784 8 8
0.9559691761220379 0.25407253965856014 0.8185022457082449 0.8528699558293675 0.31734877197372136 4 1
0.5522780462176147 0.08283586363114326 0.6220459658381391 0.972468498356919 0.7800574084412878 3 3
0.8403914236776354 0.6379802506160184 0.5379839691553373 0.7582860494900556 0.8069585407426841 2 3
0.8403914236776354 0.6379802506160184 0.5379839691553373 0.7582860494900556 0.8069585407426841 2 3
0.11841909452875732 0.11219895284918524 0.01913666838335981 0.32340602452858114 0.14332738796578037 1 8
0.7738342571198225 0.8188593193901157 0.44118682084146077 0.2602817695878581 0.37275670054143895 1 7
0.31945588794421875 0.7149700353701236 0.5866620034463795 0.7940571781641249 0.5181407113160053 5 6
0.1408457156126045 0.424461651354083 0.494843004393723 0.13342029256184362 0.7038141543188665 2 5
0.3613926253033428 0.2648406110738222 0.9545722442001898 0.13081833983469904 0.28327265489239983 6 6
0.3613926253033428 0.2648406110738222 0.9545722442001898 0.13081833983469904 0.28327265489239983 6 6
0.40755414953513025 0.06462126646187238 0.6551479498241041 0.6638718431152325 0.11664972678390007 1 8
0.17296575921999224 0.008230087505560979 0.1333877772860378 0.03635572731918546 0.022875269982585822 1 2
0.27643556551534265 0.9308393732076344 0.20820417293562077 0.353078959948539 0.3343322694961478 5 3
0.44729599213669813 0.7683435380950823 0.5661822554433527 0.8079203620535008 0.38212512625547157 7 6
0.48501075967031204 0.05619934179659658 0.4806485215371965 0.901345847691863 0.5583355190686066 3 6
0.9559691761220379 0.25407253965856014 0.8185022457082449 0.8528699558293675 0.31734877197372136 4 1
0.8403914236776354 0.6379802506160184 0.5379839691553373 0.7582860494900556 0.8069585407426841 2 3
0.8403914236776354 0.6379802506160184 0.5379839691553373 0.7582860494900556 0.8069585407426841 2 3
0.08522376298074563 0.055558839080462 0.6837070740993015 0.38049650444241534 0.16462569281092132 7 5
0.11841909452875732 0.11219895284918524 0.01913666838335981 0.32340602452858114 0.14332738796578037 1 8
0.7738342571198225 0.8188593193901157 0.44118682084146077 0.2602817695878581 0.37275670054143895 1 7
0.9874371167207976 0.17392159668246987 0.5745357908887971 0.9173481324490808 0.9344095320319131 7 7
0.3166262314106434 0.66184562627477 0.5408572345936913 0.7768918353422327 0.019388933483485138 6 2
0.1408457156126045 0.424461651354083 0.494843004393723 0.13342029256184362 0.7038141543188665 2 5
0.3613926253033428 0.2648406110738222 0.9545722442001898 0.13081833983469904 0.28327265489239983 6 6
0.6853431326558825 0.7718565445116427 0.8248397183782785 0.5972698488699223 0.4966693408055449 6 2
0.8483081184754885 0.18074844396727974 0.12404718530136705 0.00489898271824496 0.2517344757422627 7 7
0.6853431326558825 0.7718565445116427 0.8248397183782785 0.5972698488699223 0.4966693408055449 6 2
0.48493783604062657 0.4542255794927158 0.49893411792026576 0.7910138056229391 0.28712616136119784 8 8
0.34875277286385287 0.7972716982210879 0.7731766595402221 0.6254056509195083 0.17871872841726788 5 3
0.9559691761220379 0.25407253965856014 0.8185022457082449 0.8528699558293675 0.31734877197372136 4 1
0.5522780462176147 0.08283586363114326 0.6220459658381391 0.972468498356919 0.7800574084412878 3 3
0.8403914236776354 0.6379802506160184 0.5379839691553373 0.7582860494900556 0.8069585407426841 2 3
0.22348269310724111 0.0551586796158251 0.8189402672342078 0.8629021455601055 0.6786133466042357 7 8
0.11841909452875732 0.11219895284918524 0.01913666838335981 0.32340602452858114 0.14332738796578037 1 8
0.9874371167207976 0.17392159668246987 0.5745357908887971 0.9173481324490808 0.9344095320319131 7 7
0.31945588794421875 0.7149700353701236 0.5866620034463795 0.7940571781641249 0.5181407113160053 5 6
0.1408457156126045 0.424461651354083 0.494843004393723 0.13342029256184362 0.7038141543188665 2 5
0.3613926253033428 0.2648406110738222 0.9545722442001898 0.13081833983469904 0.28327265489239983 6 6
0.3613926253033428 0.2648406110738222 0.9545722442001898 0.13081833983469904 0.28327265489239983 6 6
0.6853431326558825 0.7718565445116427 0.8248397183782785 0.5972698488699223 0.4966693408055449 6 2
0.17296575921999224 0.008230087505560979 0.1333877772860378 0.03635572731918546 0.022875269982585822 1 2
0.8483081184754885 0.18074844396727974 0.12404718530136705 0.00489898271824496 0.2517344757422627 7 7
0.9092010096385593 0.4731015991351747 0.6683980575901681 0.9907581709438136 0.2697490478786936 5 1
0.48493783604062657 0.4542255794927158 0.49893411792026576 0.7910138056229391 0.28712616136119784 8 8
0.9559691761220379 0.25407253965856014 0.8185022457082449 0.8528699558293675 0.31734877197372136 4 1
0.9559691761220379 0.25407253965856014 0.8185022457082449 0.8528699558293675 0.31734877197372136 4 1
0.5522780462176147 0.08283586363114326 0.6220459658381391 0.972468498356919 0.7800574084412878 3 3
0.08522376298074563 0.055558839080462 0.6837070740993015 0.38049650444241534 0.16462569281092132 7 5
0.22348269310724111 0.0551586796158251 0.8189402672342078 0.8629021455601055 0.6786133466042357 7 8
0.11841909452875732 0.11219895284918524 0.01913666838335981 0.32340602452858114 0.14332738796578037 1 8
0.9874371167207976 0.17392159668246987 0.5745357908887971 0.9173481324490808 0.9344095320319131 7 7
0.31945588794421875 0.7149700353701236 0.5866620034463795 0.7940571781641249 0.5181407113160053 5 6
0.3166262314106434 0.66184562627477 0.5408572345936913 0.7768918353422327 0.019388933483485138 6 2
0.3613926253033428 0.2648406110738222 0.9545722442001898 0.13081833983469904 0.28327265489239983 6 6
0.3613926253033428 0.2648406110738222 0.9545722442001898 0.13081833983469904 0.28327265489239983 6 6
0.06483652684945884 0.7642300930935204 0.47351241311829917 0.7541062676495294 0.1983086844393267 6 1
0.17296575921999224 0.008230087505560979 0.1333877772860378 0.03635572731918546 0.022875269982585822 1 2
0.8483081184754885 0.18074844396727974 0.12404718530136705 0.00489898271824496 0.2517344757422627 7 7
0.9092010096385593 0.4731015991351747 0.6683980575901681 0.9907581709438136 0.2697490478786936 5 1
0.48493783604062657 0.4542255794927158 0.49893411792026576 0.7910138056229391 0.28712616136119784 8 8
0.9559691761220379 0.25407253965856014 0.8185022457082449 0.8528699558293675 0.31734877197372136 4 1
0.9559691761220379 0.25407253965856014 0.8185022457082449 0.8528699558293675 0.31734877197372136 4 1
0.5522780462176147 0.08283586363114326 0.6220459658381391 0.972468498356919 0.7800574084412878 3 3
0.8403914236776354 0.6379802506160184 0.5379839691553373 0.7582860494900556 0.8069585407426841 2 3
0.22348269310724111 0.0551586796158251 0.8189402672342078 0.8629021455601055 0.6786133466042357 7 8
0.11841909452875732 0.11219895284918524 0.01913666838335981 0.32340602452858114 0.14332738796578037 1 8
0.9874371167207976 0.17392159668246987 0.5745357908887971 0.9173481324490808 0.9344095320319131 7 7
0.31945588794421875 0.7149700353701236 0.5866620034463795 0.7940571781641249 0.5181407113160053 5 6
0.1408457156126045 0.424461651354083 0.494843004393723 0.13342029256184362 0.7038141543188665 2 5
0.3613926253033428 0.2648406110738222 0.9545722442001898 0.13081833983469904 0.28327265489239983 6 6
0.3613926253033428 0.2648406110738222 0.9545722442001898 0.13081833983469904 0.28327265489239983 6 6
0.40755414953513025 0.06462126646187238 0.6551479498241041 0.6638718431152325 0.11664972678390007 1 8
0.6853431326558825 0.7718565445116427 0.8248397183782785 0.5972698488699223 0.4966693408055449 6 2
0.8483081184754885 0.18074844396727974 0.12404718530136705 0.00489898271824496 0.2517344757422627 7 7
0.9092010096385593 0.4731015991351747 0.6683980575901681 0.9907581709438136 0.2697490478786936 5 1
0.48493783604062657 0.4542255794927158 0.49893411792026576 0.7910138056229391 0.28712616136119784 8 8
0.9559691761220379 0.25407253965856014 0.8185022457082449 0.8528699558293675 0.31734877197372136 4 1
0.8403914236776354 0.6379802506160184 0.5379839691553373 0.7582860494900556 0.8069585407426841 2 3
0.8403914236776354 0.6379802506160184 0.5379839691553373 0.7582860494900556 0.8069585407426841 2 3
0.22348269310724111 0.0551586796158251 0.8189402672342078 0.8629021455601055 0.6786133466042357 7 8
0.11841909452875732 0.11219895284918524 0.01913666838335981 0.32340602452858114 0.14332738796578037 1 8
0.9874371167207976 0.17392159668246987 0.5745357908887971 0.9173481324490808 0.9344095320319131 7 7
0.31945588794421875 0.7149700353701236 0.5866620034463795 0.7940571781641249 0.5181407113160053 5 6
0.1408457156126045 0.424461651354083 0.494843004393723 0.13342029256184362 0.7038141543188665 2 5
0.3613926253033428 0.2648406110738222 0.9545722442001898 0.13081833983469904 0.28327265489239983 6 6
0.40755414953513025 0.06462126646187238 0.6551479498241041 0.6638718431152325 0.11664972678390007 1 8
0.40755414953513025 0.06462126646187238 0.6551479498241041 0.6638718431152325 0.11664972678390007 1 8
0.8483081184754885 0.18074844396727974 0.12404718530136705 0.00489898271824496 0.2517344757422627 7 7
0.6853431326558825 0.7718565445116427 0.8248397183782785 0.5972698488699223 0.4966693408055449 6 2
0.9092010096385593 0.4731015991351747 0.6683980575901681 0.9907581709438136 0.2697490478786936 5 1
0.9559691761220379 0.25407253965856014 0.8185022457082449 0.8528699558293675 0.31734877197372136 4 1
0.48501075967031204 0.05619934179659658 0.4806485215371965 0.901345847691863 0.5583355190686066 3 6
0.3170401060524817 0.07805779864012896 0.21026879343511096 0.7170695200531285 0.9081588769649925 4 8
0.8403914236776354 0.6379802506160184 0.5379839691553373 0.7582860494900556 0.8069585407426841 2 3
0.08522376298074563 0.055558839080462 0.6837070740993015 0.38049650444241534 0.16462569281092132 7 5
0.08522376298074563 0.055558839080462 0.6837070740993015 0.38049650444241534 0.16462569281092132 7 5
0.11841909452875732 0.11219895284918524 0.01913666838335981 0.32340602452858114 0.14332738796578037 1 8
0.7738342571198225 0.8188593193901157 0.44118682084146077 0.2602817695878581 0.37275670054143895 1 7
0.31945588794421875 0.7149700353701236 0.5866620034463795 0.7940571781641249 0.5181407113160053 5 6
0.1408457156126045 0.424461651354083 0.494843004393723 0.13342029256184362 0.7038141543188665 2 5
0.3613926253033428 0.2648406110738222 0.9545722442001898 0.13081833983469904 0.28327265489239983 6 6
0.3613926253033428 0.2648406110738222 0.9545722442001898 0.13081833983469904 0.28327265489239983 6 6
0.6853431326558825 0.7718565445116427 0.8248397183782785 0.5972698488699223 0.4966693408055449 6 2
0.6012805887117688 0.4976834180915096 0.2632335326541375 0.6218797664822788 0.837823632549635 5 5
0.8483081184754885 0.18074844396727974 0.12404718530136705 0.00489898271824496 0.2517344757422627 7 7
0.6853431326558825 0.7718565445116427 0.8248397183782785 0.5972698488699223 0.4966693408055449 6 2
0.48493783604062657 0.4542255794927158 0.49893411792026576 0.7910138056229391 0.28712616136119784 8 8
0.9559691761220379 0.25407253965856014 0.8185022457082449 0.8528699558293675 0.31734877197372136 4 1
0.3170401060524817 0.07805779864012896 0.21026879343511096 0.7170695200531285 0.9081588769649925 4 8
0.9559691761220379 0.25407253965856014 0.8185022457082449 0.8528699558293675 0.31734877197372136 4 1
0.5522780462176147 0.08283586363114326 0.6220459658381391 0.972468498356919 0.7800574084412878 3 3
0.08522376298074563 0.055558839080462 0.6837070740993015 0.38049650444241534 0.16462569281092132 7 5
0.11841909452875732 0.11219895284918524 0.01913666838335981 0.32340602452858114 0.14332738796578037 1 8
0.7738342571198225 0.8188593193901157 0.44118682084146077 0.2602817695878581 0.37275670054143895 1 7
0.31945588794421875 0.7149700353701236 0.5866620034463795 0.7940571781641249 0.5181407113160053 5 6
0.1408457156126045 0.424461651354083 0.494843004393723 0.13342029256184362 0.7038141543188665 2 5
0.3613926253033428 0.2648406110738222 0.9545722442001898 0.13081833983469904 0.28327265489239983 6 6
0.3613926253033428 0.2648406110738222 0.9545722442001898 0.13081833983469904 0.28327265489239983 6 6
0.6853431326558825 0.7718565445116427 0.8248397183782785 0.5972698488699223 0.4966693408055449 6 2
0.6012805887117688 0.4976834180915096 0.2632335326541375 0.6218797664822788 0.837823632549635 5 5
0.8483081184754885 0.18074844396727974 0.12404718530136705 0.00489898271824496 0.2517344757422627 7 7
0.9092010096385593 0.4731015991351747 0.6683980575901681 0.9907581709438136 0.2697490478786936 5 1
0.48493783604062657 0.4542255794927158 0.49893411792026576 0.7910138056229391 0.28712616136119784 8 8
0.9559691761220379 0.25407253965856014 0.8185022457082449 0.8528699558293675 0.31734877197372136 4 1
0.3170401060524817 0.07805779864012896 0.21026879343511096 0.7170695200531285 0.9081588769649925 4 8
0.14665960539853196 0.457560827078768 0.67474617914355 0.7951860051489013 0.8228404391162484 6 1
0.11841909452875732 0.11219895284918524 0.01913666838335981 0.32340602452858114 0.14332738796578037 1 8
0.11841909452875732 0.11219895284918524 0.01913666838335981 0.32340602452858114 0.14332738796578037 1 8
0.9874371167207976 0.17392159668246987 0.5745357908887971 0.9173481324490808 0.9344095320319131 7 7
0.31945588794421875 0.7149700353701236 0.5866620034463795 0.7940571781641249 0.5181407113160053 5 6
0.3166262314106434 0.66184562627477 0.5408572345936913 0.7768918353422327 0.019388933483485138 6 2
0.3613926253033428 0.2648406110738222 0.9545722442001898 0.13081833983469904 0.28327265489239983 6 6
0.3613926253033428 0.2648406110738222 0.9545722442001898 0.13081833983469904 0.28327265489239983 6 6
0.40755414953513025 0.06462126646187238 0.6551479498241041 0.6638718431152325 0.11664972678390007 1 8
0.6853431326558825 0.7718565445116427 0.8248397183782785 0.5972698488699223 0.4966693408055449 6 2
0.6853431326558825 0.7718565445116427 0.8248397183782785 0.5972698488699223 0.4966693408055449 6 2
0.9092010096385593 0.4731015991351747 0.6683980575901681 0.9907581709438136 0.2697490478786936 5 1
0.48493783604062657 0.4542255794927158 0.49893411792026576 0.7910138056229391 0.28712616136119784 8 8
0.9559691761220379 0.25407253965856014 0.8185022457082449 0.8528699558293675 0.31734877197372136 4 1
0.8403914236776354 0.6379802506160184 0.5379839691553373 0.7582860494900556 0.8069585407426841 2 3
0.8403914236776354 0.6379802506160184 0.5379839691553373 0.7582860494900556 0.8069585407426841 2 3
0.22348269310724111 0.0551586796158251 0.8189402672342078 0.8629021455601055 0.6786133466042357 7 8
0.11841909452875732 0.11219895284918524 0.01913666838335981 0.32340602452858114 0.14332738796578037 1 8
0.9874371167207976 0.17392159668246987 0.5745357908887971 0.9173481324490808 0.9344095320319131 7 7
0.31945588794421875 0.7149700353701236 0.5866620034463795 0.7940571781641249 0.5181407113160053 5 6
0.1408457156126045 0.424461651354083 0.494843004393723 0.13342029256184362 0.7038141543188665 2 5
0.3613926253033428 0.2648406110738222 0.9545722442001898 0.13081833983469904 0.28327265489239983 6 6
0.40755414953513025 0.06462126646187238 0.6551479498241041 0.6638718431152325 0.11664972678390007 1 8
0.40755414953513025 0.06462126646187238 0.6551479498241041 0.6638718431152325 0.11664972678390007 1 8
0.8483081184754885 0.18074844396727974 0.12404718530136705 0.00489898271824496 0.2517344757422627 7 7
0.6853431326558825 0.7718565445116427 0.8248397183782785 0.5972698488699223 0.4966693408055449 6 2
0.9092010096385593 0.4731015991351747 0.6683980575901681 0.9907581709438136 0.2697490478786936 5 1
0.9559691761220379 0.25407253965856014 0.8185022457082449 0.8528699558293675 0.31734877197372136 4 1
0.48501075967031204 0.05619934179659658 0.4806485215371965 0.901345847691863 0.5583355190686066 3 6
0.9559691761220379 0.25407253965856014 0.8185022457082449 0.8528699558293675 0.31734877197372136 4 1
0.5522780462176147 0.08283586363114326 0.6220459658381391 0.972468498356919 0.7800574084412878 3 3
0.14665960539853196 0.457560827078768 0.67474617914355 0.7951860051489013 0.8228404391162484 6 1
0.11841909452875732 0.11219895284918524 0.01913666838335981 0.32340602452858114 0.14332738796578037 1 8
0.11841909452875732 0.11219895284918524 0.01913666838335981 0.32340602452858114 0.14332738796578037 1 8
0.9874371167207976 0.17392159668246987 0.5745357908887971 0.9173481324490808 0.9344095320319131 7 7
0.31945588794421875 0.7149700353701236 0.5866620034463795 0.7940571781641249 0.5181407113160053 5 6
0.1408457156126045 0.424461651354083 0.494843004393723 0.13342029256184362 0.7038141543188665 2 5
0.3613926253033428 0.2648406110738222 0.9545722442001898 0.13081833983469904 0.28327265489239983 6 6
0.3613926253033428 0.2648406110738222 0.9545722442001898 0.13081833983469904 0.28327265489239983 6 6
0.40755414953513025 0.06462126646187238 0.6551479498241041 0.6638718431152325 0.11664972678390007 1 8
0.6853431326558825 0.7718565445116427 0.8248397183782785 0.5972698488699223 0.4966693408055449 6 2
0.6853431326558825 0.7718565445116427 0.8248397183782785 0.5972698488699223 0.4966693408055449 6 2
0.9092010096385593 0.4731015991351747 0.6683980575901681 0.9907581709438136 0.2697490478786936 5 1
0.48493783604062657 0.4542255794927158 0.49893411792026576 0.7910138056229391 0.28712616136119784 8 8
0.9559691761220379 0.25407253965856014 0.8185022457082449 0.8528699558293675 0.31734877197372136 4 1
0.5522780462176147 0.08283586363114326 0.6220459658381391 0.972468498356919 0.7800574084412878 3 3
0.14665960539853196 0.457560827078768 0.67474617914355 0.7951860051489013 0.8228404391162484 6 1
0.8403914236776354 0.6379802506160184 0.5379839691553373 0.7582860494900556 0.8069585407426841 2 3
0.7738342571198225 0.8188593193901157 0.44118682084146077 0.2602817695878581 0.37275670054143895 1 7
0.9874371167207976 0.17392159668246987 0.5745357908887971 0.9173481324490808 0.9344095320319131 7 7
0.31945588794421875 0.7149700353701236 0.5866620034463795 0.7940571781641249 0.5181407113160053 5 6
0.1408457156126045 0.424461651354083 0.494843004393723 0.13342029256184362 0.7038141543188665 2 5
0.3613926253033428 0.2648406110738222 0.9545722442001898 0.13081833983469904 0.28327265489239983 6 6
0.3613926253033428 0.2648406110738222 0.9545722442001898 0.13081833983469904 0.28327265489239983 6 6
0.40755414953513025 0.06462126646187238 0.6551479498241041 0.6638718431152325 0.11664972678390007 1 8
0.17296575921999224 0.008230087505560979 0.1333877772860378 0.03635572731918546 0.022875269982585822 1 2
0.6853431326558825 0.7718565445116427 0.8248397183782785 0.5972698488699223 0.4966693408055449 6 2
0.9092010096385593 0.4731015991351747 0.6683980575901681 0.9907581709438136 0.2697490478786936 5 1
0.48501075967031204 0.05619934179659658 0.4806485215371965 0.901345847691863 0.5583355190686066 3 6
0.9559691761220379 0.25407253965856014 0.8185022457082449 0.8528699558293675 0.31734877197372136 4 1
0.5522780462176147 0.08283586363114326 0.6220459658381391 0.972468498356919 0.7800574084412878 3 3
0.8403914236776354 0.6379802506160184 0.5379839691553373 0.7582860494900556 0.8069585407426841 2 3
0.22348269310724111 0.0551586796158251 0.8189402672342078 0.8629021455601055 0.6786133466042357 7 8
0.9874371167207976 0.17392159668246987 0.5745357908887971 0.9173481324490808 0.9344095320319131 7 7
0.9874371167207976 0.17392159668246987 0.5745357908887971 0.9173481324490808 0.9344095320319131 7 7
0.1408457156126045 0.424461651354083 0.494843004393723 0.13342029256184362 0.7038141543188665 2 5
0.1408457156126045 0.424461651354083 0.494843004393723 0.13342029256184362 0.7038141543188665 2 5
0.3613926253033428 0.2648406110738222 0.9545722442001898 0.13081833983469904 0.28327265489239983 6 6
0.3613926253033428 0.2648406110738222 0.9545722442001898 0.13081833983469904 0.28327265489239983 6 6
0.6853431326558825 0.7718565445116427 0.8248397183782785 0.5972698488699223 0.4966693408055449 6 2
0.8483081184754885 0.18074844396727974 0.12404718530136705 0.00489898271824496 0.2517344757422627 7 7
0.8483081184754885 0.18074844396727974 0.12404718530136705 0.00489898271824496 0.2517344757422627 7 7
0.9092010096385593 0.4731015991351747 0.6683980575901681 0.9907581709438136 0.2697490478786936 5 1
0.9349615834619208 0.5421530319367269 0.004739781745030314 0.9569815272723537 0.3027230257015002 3 3
0.3170401060524817 0.07805779864012896 0.21026879343511096 0.7170695200531285 0.9081588769649925 4 8
0.8403914236776354 0.6379802506160184 0.5379839691553373 0.7582860494900556 0.8069585407426841 2 3
0.08522376298074563 0.055558839080462 0.6837070740993015 0.38049650444241534 0.16462569281092132 7 5
0.22348269310724111 0.0551586796158251 0.8189402672342078 0.8629021455601055 0.6786133466042357 7 8
0.11841909452875732 0.11219895284918524 0.01913666838335981 0.32340602452858114 0.14332738796578037 1 8
0.9874371167207976 0.17392159668246987 0.5745357908887971 0.9173481324490808 0.9344095320319131 7 7
0.31945588794421875 0.7149700353701236 0.5866620034463795 0.7940571781641249 0.5181407113160053 5 6
0.3166262314106434 0.66184562627477 0.5408572345936913 0.7768918353422327 0.019388933483485138 6 2
0.3613926253033428 0.2648406110738222 0.9545722442001898 0.13081833983469904 0.28327265489239983 6 6
0.3613926253033428 0.2648406110738222 0.9545722442001898 0.13081833983469904 0.28327265489239983 6 6
0.06483652684945884 0.7642300930935204 0.47351241311829917 0.7541062676495294 0.1983086844393267 6 1
0.17296575921999224 0.008230087505560979 0.1333877772860378 0.03635572731918546 0.022875269982585822 1 2
0.8483081184754885 0.18074844396727974 0.12404718530136705 0.00489898271824496 0.2517344757422627 7 7
0.6853431326558825 0.7718565445116427 0.8248397183782785 0.5972698488699223 0.4966693408055449 6 2
0.48493783604062657 0.4542255794927158 0.49893411792026576 0.7910138056229391 0.28712616136119784 8 8
0.9559691761220379 0.25407253965856014 0.8185022457082449 0.8528699558293675 0.31734877197372136 4 1
0.9559691761220379 0.25407253965856014 0.8185022457082449 0.8528699558293675 0.31734877197372136 4 1
0.5522780462176147 0.08283586363114326 0.6220459658381391 0.972468498356919 0.7800574084412878 3 3
0.08522376298074563 0.055558839080462 0.6837070740993015 0.38049650444241534 0.16462569281092132 7 5
0.08522376298074563 0.055558839080462 0.6837070740993015 0.38049650444241534 0.16462569281092132 7 5
0.11841909452875732 0.11219895284918524 0.01913666838335981 0.32340602452858114 0.14332738796578037 1 8
0.7738342571198225 0.8188593193901157 0.44118682084146077 0.2602817695878581 0.37275670054143895 1 7
0.31945588794421875 0.7149700353701236 0.5866620034463795 0.7940571781641249 0.5181407113160053 5 6
0.1408457156126045 0.424461651354083 0.494843004393723 0.13342029256184362 0.7038141543188665 2 5
0.3613926253033428 0.2648406110738222 0.9545722442001898 0.13081833983469904 0.28327265489239983 6 6
0.3613926253033428 0.2648406110738222 0.9545722442001898 0.13081833983469904 0.28327265489239983 6 6
0.6853431326558825 0.7718565445116427 0.8248397183782785 0.5972698488699223 0.4966693408055449 6 2
0.6012805887117688 0.4976834180915096 0.2632335326541375 0.6218797664822788 0.837823632549635 5 5
0.8483081184754885 0.18074844396727974 0.12404718530136705 0.00489898271824496 0.2517344757422627 7 7
0.9092010096385593 0.4731015991351747 0.6683980575901681 0.9907581709438136 0.2697490478786936 5 1
0.48493783604062657 0.4542255794927158 0.49893411792026576 0.7910138056229391 0.28712616136119784 8 8
0.9559691761220379 0.25407253965856014 0.8185022457082449 0.8528699558293675 0.31734877197372136 4 1
0.9559691761220379 0.25407253965856014 0.8185022457082449 0.8528699558293675 0.31734877197372136 4 1
0.5522780462176147 0.08283586363114326 0.6220459658381391 0.972468498356919 0.7800574084412878 3 3
0.08522376298074563 0.055558839080462 0.6837070740993015 0.38049650444241534 0.16462569281092132 7 5
0.7362105589364579 0.5678929183181062 0.00917521024215584 0.3448066713339548 0.9171019539526977 2 1
0.11841909452875732 0.11219895284918524 0.01913666838335981 0.32340602452858114 0.14332738796578037 1 8
0.9874371167207976 0.17392159668246987 0.5745357908887971 0.9173481324490808 0.9344095320319131 7 7
0.31945588794421875 0.7149700353701236 0.5866620034463795 0.7940571781641249 0.5181407113160053 5 6
0.3166262314106434 0.66184562627477 0.5408572345936913 0.7768918353422327 0.019388933483485138 6 2
0.1408457156126045 0.424461651354083 0.494843004393723 0.13342029256184362 0.7038141543188665 2 5
0.3613926253033428 0.2648406110738222 0.9545722442001898 0.13081833983469904 0.28327265489239983 6 6
0.6853431326558825 0.7718565445116427 0.8248397183782785 0.5972698488699223 0.4966693408055449 6 2
0.9092010096385593 0.4731015991351747 0.6683980575901681 0.9907581709438136 0.2697490478786936 5 1
0.8483081184754885 0.18074844396727974 0.12404718530136705 0.00489898271824496 0.2517344757422627 7 7
0.48493783604062657 0.4542255794927158 0.49893411792026576 0.7910138056229391 0.28712616136119784 8 8
0.48493783604062657 0.4542255794927158 0.49893411792026576 0.7910138056229391 0.28712616136119784 8 8
0.9559691761220379 0.25407253965856014 0.8185022457082449 0.8528699558293675 0.31734877197372136 4 1
0.9559691761220379 0.25407253965856014 0.8185022457082449 0.8528699558293675 0.31734877197372136 4 1
0.3170401060524817 0.07805779864012896 0.21026879343511096 0.7170695200531285 0.9081588769649925 4 8
0.8403914236776354 0.6379802506160184 0.5379839691553373 0.7582860494900556 0.8069585407426841 2 3
0.7362105589364579 0.5678929183181062 0.00917521024215584 0.3448066713339548 0.9171019539526977 2 1
0.7738342571198225 0.8188593193901157 0.44118682084146077 0.2602817695878581 0.37275670054143895 1 7
0.7738342571198225 0.8188593193901157 0.44118682084146077 0.2602817695878581 0.37275670054143895 1 7
0.31945588794421875 0.7149700353701236 0.5866620034463795 0.7940571781641249 0.5181407113160053 5 6
0.3166262314106434 0.66184562627477 0.5408572345936913 0.7768918353422327 0.019388933483485138 6 2
0.3613926253033428 0.2648406110738222 0.9545722442001898 0.13081833983469904 0.28327265489239983 6 6
0.3613926253033428 0.2648406110738222 0.9545722442001898 0.13081833983469904 0.28327265489239983 6 6
0.06483652684945884 0.7642300930935204 0.47351241311829917 0.7541062676495294 0.1983086844393267 6 1
0.6012805887117688 0.4976834180915096 0.2632335326541375 0.6218797664822788 0.837823632549635 5 5
0.8483081184754885 0.18074844396727974 0.12404718530136705 0.00489898271824496 0.2517344757422627 7 7
0.9092010096385593 0.4731015991351747 0.6683980575901681 0.9907581709438136 0.2697490478786936 5 1
0.48493783604062657 0.4542255794927158 0.49893411792026576 0.7910138056229391 0.28712616136119784 8 8
0.9559691761220379 0.25407253965856014 0.8185022457082449 0.8528699558293675 0.31734877197372136 4 1
0.5522780462176147 0.08283586363114326 0.6220459658381391 0.972468498356919 0.7800574084412878 3 3
0.08522376298074563 0.055558839080462 0.6837070740993015 0.38049650444241534 0.16462569281092132 7 5
0.7362105589364579 0.5678929183181062 0.00917521024215584 0.3448066713339548 0.9171019539526977 2 1
0.11841909452875732 0.11219895284918524 0.01913666838335981 0.32340602452858114 0.14332738796578037 1 8
0.9874371167207976 0.17392159668246987 0.5745357908887971 0.9173481324490808 0.9344095320319131 7 7
0.31945588794421875 0.7149700353701236 0.5866620034463795 0.7940571781641249 0.5181407113160053 5 6
0.3166262314106434 0.66184562627477 0.5408572345936913 0.7768918353422327 0.019388933483485138 6 2
0.1408457156126045 0.424461651354083 0.494843004393723 0.13342029256184362 0.7038141543188665 2 5
0.3613926253033428 0.2648406110738222 0.9545722442001898 0.13081833983469904 0.28327265489239983 6 6
0.6853431326558825 0.7718565445116427 0.8248397183782785 0.5972698488699223 0.4966693408055449 6 2
0.9092010096385593 0.4731015991351747 0.6683980575901681 0.9907581709438136 0.2697490478786936 5 1
0.8483081184754885 0.18074844396727974 0.12404718530136705 0.00489898271824496 0.2517344757422627 7 7
0.48493783604062657 0.4542255794927158 0.49893411792026576 0.7910138056229391 0.28712616136119784 8 8
0.48493783604062657 0.4542255794927158 0.49893411792026576 0.7910138056229391 0.28712616136119784 8 8
0.9559691761220379 0.25407253965856014 0.8185022457082449 0.8528699558293675 0.31734877197372136 4 1
0.9559691761220379 0.25407253965856014 0.8185022457082449 0.8528699558293675 0.31734877197372136 4 1
0.5522780462176147 0.08283586363114326 0.6220459658381391 0.972468498356919 0.7800574084412878 3 3
0.8403914236776354 0.6379802506160184 0.5379839691553373 0.7582860494900556 0.8069585407426841 2 3
0.7362105589364579 0.5678929183181062 0.00917521024215584 0.3448066713339548 0.9171019539526977 2 1
0.11841909452875732 0.11219895284918524 0.01913666838335981 0.32340602452858114 0.14332738796578037 1 8
0.9874371167207976 0.17392159668246987 0.5745357908887971 0.9173481324490808 0.9344095320319131 7 7
0.31945588794421875 0.7149700353701236 0.5866620034463795 0.7940571781641249 0.5181407113160053 5 6
0.1408457156126045 0.424461651354083 0.494843004393723 0.13342029256184362 0.7038141543188665 2 5
0.3613926253033428 0.2648406110738222 0.9545722442001898 0.13081833983469904 0.28327265489239983 6 6
0.3613926253033428 0.2648406110738222 0.9545722442001898 0.13081833983469904 0.28327265489239983 6 6
0.6853431326558825 0.7718565445116427 0.8248397183782785 0.5972698488699223 0.4966693408055449 6 2
0.8483081184754885 0.18074844396727974 0.12404718530136705 0.00489898271824496 0.2517344757422627 7 7
0.6853431326558825 0.7718565445116427 0.8248397183782785 0.5972698488699223 0.4966693408055449 6 2
0.48493783604062657 0.4542255794927158 0.49893411792026576 0.7910138056229391 0.28712616136119784 8 8
0.34875277286385287 0.7972716982210879 0.7731766595402221 0.6254056509195083 0.17871872841726788 5 3
0.9559691761220379 0.25407253965856014 0.8185022457082449 0.8528699558293675 0.31734877197372136 4 1
0.5522780462176147 0.08283586363114326 0.6220459658381391 0.972468498356919 0.7800574084412878 3 3
0.8403914236776354 0.6379802506160184 0.5379839691553373 0.7582860494900556 0.8069585407426841 2 3
0.22348269310724111 0.0551586796158251 0.8189402672342078 0.8629021455601055 0.6786133466042357 7 8
0.11841909452875732 0.11219895284918524 0.01913666838335981 0.32340602452858114 0.14332738796578037 1 8
0.31945588794421875 0.7149700353701236 0.5866620034463795 0.7940571781641249 0.5181407113160053 5 6
0.1408457156126045 0.424461651354083 0.494843004393723 0.13342029256184362 0.7038141543188665 2 5
0.3613926253033428 0.2648406110738222 0.9545722442001898 0.13081833983469904 0.28327265489239983 6 6
0.06483652684945884 0.7642300930935204 0.47351241311829917 0.7541062676495294 0.1983086844393267 6 1
0.17296575921999224 0.008230087505560979 0.1333877772860378 0.03635572731918546 0.022875269982585822 1 2
0.8483081184754885 0.18074844396727974 0.12404718530136705 0.00489898271824496 0.2517344757422627 7 7
0.9092010096385593 0.4731015991351747 0.6683980575901681 0.9907581709438136 0.2697490478786936 5 1
0.44729599213669813 0.7683435380950823 0.5661822554433527 0.8079203620535008 0.38212512625547157 7 6
0.48501075967031204 0.05619934179659658 0.4806485215371965 0.901345847691863 0.5583355190686066 3 6
0.3170401060524817 0.07805779864012896 0.21026879343511096 0.7170695200531285 0.9081588769649925 4 8
0.8403914236776354 0.6379802506160184 0.5379839691553373 0.7582860494900556 0.8069585407426841 2 3
0.7362105589364579 0.5678929183181062 0.00917521024215584 0.3448066713339548 0.9171019539526977 2 1
0.7738342571198225 0.8188593193901157 0.44118682084146077 0.2602817695878581 0.37275670054143895 1 7
0.9874371167207976 0.17392159668246987 0.5745357908887971 0.9173481324490808 0.9344095320319131 7 7
0.31945588794421875 0.7149700353701236 0.5866620034463795 0.7940571781641249 0.5181407113160053 5 6
0.1408457156126045 0.424461651354083 0.494843004393723 0.13342029256184362 0.7038141543188665 2 5
0.1408457156126045 0.424461651354083 0.494843004393723 0.13342029256184362 0.7038141543188665 2 5
0.3613926253033428 0.2648406110738222 0.9545722442001898 0.13081833983469904 0.28327265489239983 6 6
0.06483652684945884 0.7642300930935204 0.47351241311829917 0.7541062676495294 0.1983086844393267 6 1
0.6012805887117688 0.4976834180915096 0.2632335326541375 0.6218797664822788 0.837823632549635 5 5
0.8483081184754885 0.18074844396727974 0.12404718530136705 0.00489898271824496 0.2517344757422627 7 7
0.9092010096385593 0.4731015991351747 0.6683980575901681 0.9907581709438136 0.2697490478786936 5 1
0.48493783604062657 0.4542255794927158 0.49893411792026576 0.7910138056229391 0.28712616136119784 8 8
0.9559691761220379 0.25407253965856014 0.8185022457082449 0.8528699558293675 0.31734877197372136 4 1
0.8403914236776354 0.6379802506160184 0.5379839691553373 0.7582860494900556 0.8069585407426841 2 3
0.8403914236776354 0.6379802506160184 0.5379839691553373 0.7582860494900556 0.8069585407426841 2 3
0.7362105589364579 0.5678929183181062 0.00917521024215584 0.3448066713339548 0.9171019539526977 2 1
0.11841909452875732 0.11219895284918524 0.01913666838335981 0.32340602452858114 0.14332738796578037 1 8
0.9874371167207976 0.17392159668246987 0.5745357908887971 0.9173481324490808 0.9344095320319131 7 7
0.31945588794421875 0.7149700353701236 0.5866620034463795 0.7940571781641249 0.5181407113160053 5 6
0.1408457156126045 0.424461651354083 0.494843004393723 0.13342029256184362 0.7038141543188665 2 5
0.3613926253033428 0.2648406110738222 0.9545722442001898 0.13081833983469904 0.28327265489239983 6 6
0.3613926253033428 0.2648406110738222 0.9545722442001898 0.13081833983469904 0.28327265489239983 6 6
0.6853431326558825 0.7718565445116427 0.8248397183782785 0.5972698488699223 0.4966693408055449 6 2
0.6012805887117688 0.4976834180915096 0.2632335326541375 0.6218797664822788 0.837823632549635 5 5
0.8483081184754885 0.18074844396727974 0.12404718530136705 0.00489898271824496 0.2517344757422627 7 7
0.9092010096385593 0.4731015991351747 0.6683980575901681 0.9907581709438136 0.2697490478786936 5 1
0.48493783604062657 0.4542255794927158 0.49893411792026576 0.7910138056229391 0.28712616136119784 8 8
0.9559691761220379 0.25407253965856014 0.8185022457082449 0.8528699558293675 0.31734877197372136 4 1
0.5522780462176147 0.08283586363114326 0.6220459658381391 0.972468498356919 0.7800574084412878 3 3
0.5522780462176147 0.08283586363114326 0.6220459658381391 0.972468498356919 0.7800574084412878 3 3
0.08522376298074563 0.055558839080462 0.6837070740993015 0.38049650444241534 0.16462569281092132 7 5
0.11841909452875732 0.11219895284918524 0.01913666838335981 0.32340602452858114 0.14332738796578037 1 8
0.9874371167207976 0.17392159668246987 0.5745357908887971 0.9173481324490808 0.9344095320319131 7 7
0.31945588794421875 0.7149700353701236 0.5866620034463795 0.7940571781641249 0.5181407113160053 5 6
0.1408457156126045 0.424461651354083 0.494843004393723 0.13342029256184362 0.7038141543188665 2 5
0.3613926253033428 0.2648406110738222 0.9545722442001898 0.13081833983469904 0.28327265489239983 6 6
0.3613926253033428 0.2648406110738222 0.9545722442001898 0.13081833983469904 0.28327265489239983 6 6
0.40755414953513025 0.06462126646187238 0.6551479498241041 0.6638718431152325 0.11664972678390007 1 8
0.17296575921999224 0.008230087505560979 0.1333877772860378 0.03635572731918546 0.022875269982585822 1 2
0.6853431326558825 0.7718565445116427 0.8248397183782785 0.5972698488699223 0.4966693408055449 6 2
0.9092010096385593 0.4731015991351747 0.6683980575901681 0.9907581709438136 0.2697490478786936 5 1
0.48501075967031204 0.05619934179659658 0.4806485215371965 0.901345847691863 0.5583355190686066 3 6
0.9559691761220379 0.25407253965856014 0.8185022457082449 0.8528699558293675 0.31734877197372136 4 1
0.9559691761220379 0.25407253965856014 0.8185022457082449 0.8528699558293675 0.31734877197372136 4 1
0.5522780462176147 0.08283586363114326 0.6220459658381391 0.972468498356919 0.7800574084412878 3 3
0.08522376298074563 0.055558839080462 0.6837070740993015 0.38049650444241534 0.16462569281092132 7 5
0.11841909452875732 0.11219895284918524 0.01913666838335981 0.32340602452858114 0.14332738796578037 1 8
0.9874371167207976 0.17392159668246987 0.5745357908887971 0.9173481324490808 0.9344095320319131 7 7
0.31945588794421875 0.7149700353701236 0.5866620034463795 0.7940571781641249 0.5181407113160053 5 6
0.1408457156126045 0.424461651354083 0.494843004393723 0.13342029256184362 0.7038141543188665 2 5
0.3613926253033428 0.2648406110738222 0.9545722442001898 0.13081833983469904 0.28327265489239983 6 6
0.06483652684945884 0.7642300930935204 0.47351241311829917 0.7541062676495294 0.1983086844393267 6 1
0.6853431326558825 0.7718565445116427 0.8248397183782785 0.5972698488699223 0.4966693408055449 6 2
0.17296575921999224 0.008230087505560979 0.1333877772860378 0.03635572731918546 0.022875269982585822 1 2
0.8483081184754885 0.18074844396727974 0.12404718530136705 0.00489898271824496 0.2517344757422627 7 7
0.9092010096385593 0.4731015991351747 0.6683980575901681 0.9907581709438136 0.2697490478786936 5 1
0.48493783604062657 0.4542255794927158 0.49893411792026576 0.7910138056229391 0.28712616136119784 8 8
0.9559691761220379 0.25407253965856014 0.8185022457082449 0.8528699558293675 0.31734877197372136 4 1
0.8403914236776354 0.6379802506160184 0.5379839691553373 0.7582860494900556 0.8069585407426841 2 3
0.8403914236776354 0.6379802506160184 0.5379839691553373 0.7582860494900556 0.8069585407426841 2 3
0.22348269310724111 0.0551586796158251 0.8189402672342078 0.8629021455601055 0.6786133466042357 7 8
0.7738342571198225 0.8188593193901157 0.44118682084146077 0.2602817695878581 0.37275670054143895 1 7
0.9874371167207976 0.17392159668246987 0.5745357908887971 0.9173481324490808 0.9344095320319131 7 7
0.31945588794421875 0.7149700353701236 0.5866620034463795 0.7940571781641249 0.5181407113160053 5 6
0.1408457156126045 0.424461651354083 0.494843004393723 0.13342029256184362 0.7038141543188665 2 5
0.3613926253033428 0.2648406110738222 0.9545722442001898 0.13081833983469904 0.28327265489239983 6 6
0.3613926253033428 0.2648406110738222 0.9545722442001898 0.13081833983469904 0.28327265489239983 6 6
0.06483652684945884 0.7642300930935204 0.47351241311829917 0.7541062676495294 0.1983086844393267 6 1
0.8483081184754885 0.18074844396727974 0.12404718530136705 0.00489898271824496 0.2517344757422627 7 7
0.6853431326558825 0.7718565445116427 0.8248397183782785 0.5972698488699223 0.4966693408055449 6 2
0.9092010096385593 0.4731015991351747 0.6683980575901681 0.9907581709438136 0.2697490478786936 5 1
0.48493783604062657 0.4542255794927158 0.49893411792026576 0.7910138056229391 0.28712616136119784 8 8
0.9559691761220379 0.25407253965856014 0.8185022457082449 0.8528699558293675 0.31734877197372136 4 1
0.3170401060524817 0.07805779864012896 0.21026879343511096 0.7170695200531285 0.9081588769649925 4 8
0.14665960539853196 0.457560827078768 0.67474617914355 0.7951860051489013 0.8228404391162484 6 1
0.11841909452875732 0.11219895284918524 0.01913666838335981 0.32340602452858114 0.14332738796578037 1 8
0.11841909452875732 0.11219895284918524 0.01913666838335981 0.32340602452858114 0.14332738796578037 1 8
0.31945588794421875 0.7149700353701236 0.5866620034463795 0.7940571781641249 0.5181407113160053 5 6
0.1408457156126045 0.424461651354083 0.494843004393723 0.13342029256184362 0.7038141543188665 2 5
0.1408457156126045 0.424461651354083 0.494843004393723 0.13342029256184362 0.7038141543188665 2 5
0.3613926253033428 0.2648406110738222 0.9545722442001898 0.13081833983469904 0.28327265489239983 6 6
0.3613926253033428 0.2648406110738222 0.9545722442001898 0.13081833983469904 0.28327265489239983 6 6
0.40755414953513025 0.06462126646187238 0.6551479498241041 0.6638718431152325 0.11664972678390007 1 8
0.6853431326558825 0.7718565445116427 0.8248397183782785 0.5972698488699223 0.4966693408055449 6 2
0.6853431326558825 0.7718565445116427 0.8248397183782785 0.5972698488699223 0.4966693408055449 6 2
0.9092010096385593 0.4731015991351747 0.6683980575901681 0.9907581709438136 0.2697490478786936 5 1
0.48493783604062657 0.4542255794927158 0.49893411792026576 0.7910138056229391 0.28712616136119784 8 8
0.3170401060524817 0.07805779864012896 0.21026879343511096 0.7170695200531285 0.9081588769649925 4 8
0.8403914236776354 0.6379802506160184 0.5379839691553373 0.7582860494900556 0.8069585407426841 2 3
0.08522376298074563 0.055558839080462 0.6837070740993015 0.38049650444241534 0.16462569281092132 7 5
0.22348269310724111 0.0551586796158251 0.8189402672342078 0.8629021455601055 0.6786133466042357 7 8
0.11841909452875732 0.11219895284918524 0.01913666838335981 0.32340602452858114 0.14332738796578037 1 8
0.9874371167207976 0.17392159668246987 0.5745357908887971 0.9173481324490808 0.9344095320319131 7 7
0.31945588794421875 0.7149700353701236 0.5866620034463795 0.7940571781641249 0.5181407113160053 5 6
0.3166262314106434 0.66184562627477 0.5408572345936913 0.7768918353422327 0.019388933483485138 6 2
0.3613926253033428 0.2648406110738222 0.9545722442001898 0.13081833983469904 0.28327265489239983 6 6
0.3613926253033428 0.2648406110738222 0.9545722442001898 0.13081833983469904 0.28327265489239983 6 6
0.6853431326558825 0.7718565445116427 0.8248397183782785 0.5972698488699223 0.4966693408055449 6 2
0.17296575921999224 0.008230087505560979 0.1333877772860378 0.03635572731918546 0.022875269982585822 1 2
0.8483081184754885 0.18074844396727974 0.12404718530136705 0.00489898271824496 0.2517344757422627 7 7
0.6853431326558825 0.7718565445116427 0.8248397183782785 0.5972698488699223 0.4966693408055449 6 2
0.48493783604062657 0.4542255794927158 0.49893411792026576 0.7910138056229391 0.28712616136119784 8 8
0.9559691761220379 0.25407253965856014 0.8185022457082449 0.8528699558293675 0.31734877197372136 4 1
0.5522780462176147 0.08283586363114326 0.6220459658381391 0.972468498356919 0.7800574084412878 3 3
0.8403914236776354 0.6379802506160184 0.5379839691553373 0.7582860494900556 0.8069585407426841 2 3
0.22348269310724111 0.0551586796158251 0.8189402672342078 0.8629021455601055 0.6786133466042357 7 8
0.7362105589364579 0.5678929183181062 0.00917521024215584 0.3448066713339548 0.9171019539526977 2 1
0.11841909452875732 0.11219895284918524 0.01913666838335981 0.32340602452858114 0.14332738796578037 1 8
0.9874371167207976 0.17392159668246987 0.5745357908887971 0.9173481324490808 0.9344095320319131 7 7
0.31945588794421875 0.7149700353701236 0.5866620034463795 0.7940571781641249 0.5181407113160053 5 6
0.3166262314106434 0.66184562627477 0.5408572345936913 0.7768918353422327 0.019388933483485138 6 2
0.1408457156126045 0.424461651354083 0.494843004393723 0.13342029256184362 0.7038141543188665 2 5
0.3613926253033428 0.2648406110738222 0.9545722442001898 0.13081833983469904 0.28327265489239983 6 6
0.6853431326558825 0.7718565445116427 0.8248397183782785 0.5972698488699223 0.4966693408055449 6 2
0.9092010096385593 0.4731015991351747 0.6683980575901681 0.9907581709438136 0.2697490478786936 5 1
0.8483081184754885 0.18074844396727974 0.12404718530136705 0.00489898271824496 0.2517344757422627 7 7
0.48493783604062657 0.4542255794927158 0.49893411792026576 0.7910138056229391 0.28712616136119784 8 8
0.48501075967031204 0.05619934179659658 0.4806485215371965 0.901345847691863 0.5583355190686066 3 6
0.5522780462176147 0.08283586363114326 0.6220459658381391 0.972468498356919 0.7800574084412878 3 3
0.3170401060524817 0.07805779864012896 0.21026879343511096 0.7170695200531285 0.9081588769649925 4 8
0.3170401060524817 0.07805779864012896 0.21026879343511096 0.7170695200531285 0.9081588769649925 4 8
0.8403914236776354 0.6379802506160184 0.5379839691553373 0.7582860494900556 0.8069585407426841 2 3
0.7362105589364579 0.5678929183181062 0.00917521024215584 0.3448066713339548 0.9171019539526977 2 1
0.7738342571198225 0.8188593193901157 0.44118682084146077 0.2602817695878581 0.37275670054143895 1 7
0.7738342571198225 0.8188593193901157 0.44118682084146077 0.2602817695878581 0.37275670054143895 1 7
0.31945588794421875 0.7149700353701236 0.5866620034463795 0.7940571781641249 0.5181407113160053 5 6
0.3166262314106434 0.66184562627477 0.5408572345936913 0.7768918353422327 0.019388933483485138 6 2
0.3613926253033428 0.2648406110738222 0.9545722442001898 0.13081833983469904 0.28327265489239983 6 6
0.3613926253033428 0.2648406110738222 0.9545722442001898 0.13081833983469904 0.28327265489239983 6 6
0.06483652684945884 0.7642300930935204 0.47351241311829917 0.7541062676495294 0.1983086844393267 6 1
0.6012805887117688 0.4976834180915096 0.2632335326541375 0.6218797664822788 0.837823632549635 5 5
0.8483081184754885 0.18074844396727974 0.12404718530136705 0.00489898271824496 0.2517344757422627 7 7
0.44729599213669813 0.7683435380950823 0.5661822554433527 0.8079203620535008 0.38212512625547157 7 6
0.48493783604062657 0.4542255794927158 0.49893411792026576 0.7910138056229391 0.28712616136119784 8 8
0.9559691761220379 0.25407253965856014 0.8185022457082449 0.8528699558293675 0.31734877197372136 4 1
0.5522780462176147 0.08283586363114326 0.6220459658381391 0.972468498356919 0.7800574084412878 3 3
0.8403914236776354 0.6379802506160184 0.5379839691553373 0.7582860494900556 0.8069585407426841 2 3
0.8403914236776354 0.6379802506160184 0.5379839691553373 0.7582860494900556 0.8069585407426841 2 3
0.11841909452875732 0.11219895284918524 0.01913666838335981 0.32340602452858114 0.14332738796578037 1 8
0.9874371167207976 0.17392159668246987 0.5745357908887971 0.9173481324490808 0.9344095320319131 7 7
0.31945588794421875 0.7149700353701236 0.5866620034463795 0.7940571781641249 0.5181407113160053 5 6
0.1408457156126045 0.424461651354083 0.494843004393723 0.13342029256184362 0.7038141543188665 2 5
0.3613926253033428 0.2648406110738222 0.9545722442001898 0.13081833983469904 0.28327265489239983 6 6
0.3613926253033428 0.2648406110738222 0.9545722442001898 0.13081833983469904 0.28327265489239983 6 6
0.40755414953513025 0.06462126646187238 0.6551479498241041 0.6638718431152325 0.11664972678390007 1 8
0.17296575921999224 0.008230087505560979 0.1333877772860378 0.03635572731918546 0.022875269982585822 1 2
0.6853431326558825 0.7718565445116427 0.8248397183782785 0.5972698488699223 0.4966693408055449 6 2
0.9092010096385593 0.4731015991351747 0.6683980575901681 0.9907581709438136 0.2697490478786936 5 1
0.9559691761220379 0.25407253965856014 0.8185022457082449 0.8528699558293675 0.31734877197372136 4 1
0.9559691761220379 0.25407253965856014 0.8185022457082449 0.8528699558293675 0.31734877197372136 4 1
0.3170401060524817 0.07805779864012896 0.21026879343511096 0.7170695200531285 0.9081588769649925 4 8
0.8403914236776354 0.6379802506160184 0.5379839691553373 0.7582860494900556 0.8069585407426841 2 3
0.7362105589364579 0.5678929183181062 0.00917521024215584 0.3448066713339548 0.9171019539526977 2 1
0.7738342571198225 0.8188593193901157 0.44118682084146077 0.2602817695878581 0.37275670054143895 1 7
0.31945588794421875 0.7149700353701236 0.5866620034463795 0.7940571781641249 0.5181407113160053 5 6
0.1408457156126045 0.424461651354083 0.494843004393723 0.13342029256184362 0.7038141543188665 2 5
0.3613926253033428 0.2648406110738222 0.9545722442001898 0.13081833983469904 0.28327265489239983 6 6
0.3613926253033428 0.2648406110738222 0.9545722442001898 0.13081833983469904 0.28327265489239983 6 6
0.40755414953513025 0.06462126646187238 0.6551479498241041 0.6638718431152325 0.11664972678390007 1 8
0.17296575921999224 0.008230087505560979 0.1333877772860378 0.03635572731918546 0.022875269982585822 1 2
0.8483081184754885 0.18074844396727974 0.12404718530136705 0.00489898271824496 0.2517344757422627 7 7
0.44729599213669813 0.7683435380950823 0.5661822554433527 0.8079203620535008 0.38212512625547157 7 6
0.48501075967031204 0.05619934179659658 0.4806485215371965 0.901345847691863 0.5583355190686066 3 6
0.3170401060524817 0.07805779864012896 0.21026879343511096 0.7170695200531285 0.9081588769649925 4 8
0.8403914236776354 0.6379802506160184 0.5379839691553373 0.7582860494900556 0.8069585407426841 2 3
0.08522376298074563 0.055558839080462 0.6837070740993015 0.38049650444241534 0.16462569281092132 7 5
0.08522376298074563 0.055558839080462 0.6837070740993015 0.38049650444241534 0.16462569281092132 7 5
0.11841909452875732 0.11219895284918524 0.01913666838335981 0.32340602452858114 0.14332738796578037 1 8
0.7738342571198225 0.8188593193901157 0.44118682084146077 0.2602817695878581 0.37275670054143895 1 7
0.31945588794421875 0.7149700353701236 0.5866620034463795 0.7940571781641249 0.5181407113160053 5 6
0.1408457156126045 0.424461651354083 0.494843004393723 0.13342029256184362 0.7038141543188665 2 5
0.3613926253033428 0.2648406110738222 0.9545722442001898 0.13081833983469904 0.28327265489239983 6 6
0.3613926253033428 0.2648406110738222 0.9545722442001898 0.13081833983469904 0.28327265489239983 6 6
0.6853431326558825 0.7718565445116427 0.8248397183782785 0.5972698488699223 0.4966693408055449 6 2
0.6012805887117688 0.4976834180915096 0.2632335326541375 0.6218797664822788 0.837823632549635 5 5
0.8483081184754885 0.18074844396727974 0.12404718530136705 0.00489898271824496 0.2517344757422627 7 7
0.6853431326558825 0.7718565445116427 0.8248397183782785 0.5972698488699223 0.4966693408055449 6 2
0.48493783604062657 0.4542255794927158 0.49893411792026576 0.7910138056229391 0.28712616136119784 8 8
0.9559691761220379 0.25407253965856014 0.8185022457082449 0.8528699558293675 0.31734877197372136 4 1
0.9559691761220379 0.25407253965856014 0.8185022457082449 0.8528699558293675 0.31734877197372136 4 1
0.5522780462176147 0.08283586363114326 0.6220459658381391 0.972468498356919 0.7800574084412878 3 3
0.08522376298074563 0.055558839080462 0.6837070740993015 0.38049650444241534 0.16462569281092132 7 5
0.7362105589364579 0.5678929183181062 0.00917521024215584 0.3448066713339548 0.9171019539526977 2 1
0.11841909452875732 0.11219895284918524 0.01913666838335981 0.32340602452858114 0.14332738796578037 1 8
0.9874371167207976 0.17392159668246987 0.5745357908887971 0.9173481324490808 0.9344095320319131 7 7
0.31945588794421875 0.7149700353701236 0.5866620034463795 0.7940571781641249 0.5181407113160053 5 6
0.3166262314106434 0.66184562627477 0.5408572345936913 0.7768918353422327 0.019388933483485138 6 2
0.3613926253033428 0.2648406110738222 0.9545722442001898 0.13081833983469904 0.28327265489239983 6 6
0.3613926253033428 0.2648406110738222 0.9545722442001898 0.13081833983469904 0.28327265489239983 6 6
0.6853431326558825 0.7718565445116427 0.8248397183782785 0.5972698488699223 0.4966693408055449 6 2
0.6012805887117688 0.4976834180915096 0.2632335326541375 0.6218797664822788 0.837823632549635 5 5
0.8483081184754885 0.18074844396727974 0.12404718530136705 0.00489898271824496 0.2517344757422627 7 7
0.48493783604062657 0.4542255794927158 0.49893411792026576 0.7910138056229391 0.28712616136119784 8 8
0.48493783604062657 0.4542255794927158 0.49893411792026576 0.7910138056229391 0.28712616136119784 8 8
0.9559691761220379 0.25407253965856014 0.8185022457082449 0.8528699558293675 0.31734877197372136 4 1
0.3170401060524817 0.07805779864012896 0.21026879343511096 0.7170695200531285 0.9081588769649925 4 8
0.8403914236776354 0.6379802506160184 0.5379839691553373 0.7582860494900556 0.8069585407426841 2 3
0.7362105589364579 0.5678929183181062 0.00917521024215584 0.3448066713339548 0.9171019539526977 2 1
0.7738342571198225 0.8188593193901157 0.44118682084146077 0.2602817695878581 0.37275670054143895 1 7
0.7738342571198225 0.8188593193901157 0.44118682084146077 0.2602817695878581 0.37275670054143895 1 7
0.31945588794421875 0.7149700353701236 0.5866620034463795 0.7940571781641249 0.5181407113160053 5 6
0.3166262314106434 0.66184562627477 0.5408572345936913 0.7768918353422327 0.019388933483485138 6 2
0.1408457156126045 0.424461651354083 0.494843004393723 0.13342029256184362 0.7038141543188665 2 5
0.3613926253033428 0.2648406110738222 0.9545722442001898 0.13081833983469904 0.28327265489239983 6 6
0.06483652684945884 0.7642300930935204 0.47351241311829917 0.7541062676495294 0.1983086844393267 6 1
0.9092010096385593 0.4731015991351747 0.6683980575901681 0.9907581709438136 0.2697490478786936 5 1
0.8483081184754885 0.18074844396727974 0.12404718530136705 0.00489898271824496 0.2517344757422627 7 7
0.9092010096385593 0.4731015991351747 0.6683980575901681 0.9907581709438136 0.2697490478786936 5 1
0.48493783604062657 0.4542255794927158 0.49893411792026576 0.7910138056229391 0.28712616136119784 8 8
0.9559691761220379 0.25407253965856014 0.8185022457082449 0.8528699558293675 0.31734877197372136 4 1
