Bin size: 100
Number of elements: 400
44
86
77
7
34
53
75
70
96
79
78
81
97
72
53
59
53
39
20
84
44
34
11
59
33
59
61
83
75
45
5
9
13
98
72
23
73
88
20
65
2
6
58
100
20
8
32
25
55
11
82
63
44
24
29
89
91
7
60
78
96
50
72
59
70
96
20
99
45
91
15
42
51
50
21
89
59
66
53
78
52
4
61
72
25
41
62
91
45
11
26
34
49
93
25
39
9
95
24
50
92
79
25
26
40
21
36
66
46
29
69
12
5
3
25
76
24
92
79
42
41
16
29
63
99
24
44
48
94
73
38
76
46
90
68
93
86
14
59
93
65
57
5
35
11
42
17
22
95
13
39
99
18
33
67
22
3
2
58
12
58
53
61
34
29
74
71
40
22
11
49
89
53
74
89
22
89
72
5
36
84
79
90
52
69
7
23
28
46
91
10
62
12
9
84
22
62
84
70
48
61
75
9
18
58
16
88
94
89
72
86
57
24
41
20
64
78
80
41
70
69
16
96
88
5
21
16
94
90
91
51
68
64
35
49
51
52
33
26
69
35
90
84
86
29
63
37
30
40
46
20
86
25
66
25
25
10
70
78
8
5
13
40
87
68
46
66
18
6
70
2
51
7
35
89
65
3
87
22
15
70
83
31
16
11
88
47
96
45
66
70
86
78
46
39
10
16
58
44
19
18
100
12
76
48
98
95
88
52
99
98
20
89
87
55
32
50
23
5
19
21
15
5
16
9
29
6
32
51
59
75
22
100
27
51
15
14
21
90
33
6
22
67
26
93
87
38
56
37
18
55
41
32
31
14
70
66
6
79
26
15
13
7
34
30
50
25
14
44
92
21
19
45
8
75
54
11
56
65
37
32
98
4
50
69
82
23
55
56
10
49
17
10
86
94
53
46
93
48
2