Bin size: 100
Number of elements: 340
28
67
18
11
74
97
52
78
40
74
100
49
15
37
96
54
30
91
28
7
74
23
14
95
62
13
85
60
28
100
56
5
74
76
26
74
12
58
2
22
3
4
3
36
31
50
2
94
8
70
90
100
14
24
97
42
7
49
77
17
33
27
21
47
23
100
9
47
86
92
92
55
91
10
87
76
85
72
46
35
53
34
6
62
41
63
48
88
62
77
48
61
79
33
90
35
13
32
99
2
37
94
51
7
49
15
100
33
86
24
4
11
68
94
62
73
47
16
35
92
96
18
49
21
18
17
99
37
94
82
81
88
34
28
3
78
15
45
64
81
22
8
26
5
3
4
94
65
44
12
61
8
26
47
2
77
97
45
31
41
13
76
5
34
16
66
62
9
24
43
71
81
48
85
93
51
38
28
30
8
95
89
76
58
83
85
85
98
35
27
68
49
58
62
15
65
71
21
12
16
15
57
31
24
82
12
15
70
56
49
45
7
2
60
67
9
25
44
92
35
72
45
74
15
90
56
89
36
70
83
63
43
67
12
75
27
85
10
42
53
71
98
30
18
26
71
34
26
44
57
42
83
36
37
12
10
28
8
78
75
41
64
100
79
51
44
28
10
42
6
37
74
26
9
60
72
66
69
49
19
11
88
42
9
89
30
88
45
12
95
56
45
85
27
99
80
5
28
16
22
34
14
53
56
69
100
79
24
72
63
2
78
32
14
16
34
81
25
41
14
40
48
82
17
44
34
45
70
25
72
60
40
13
70
63
56
2
87
81
98