Bin size: 100
Number of elements: 300
74
77
83
59
20
49
97
66
21
82
42
4
67
32
44
40
89
34
56
23
21
55
99
51
58
81
63
88
30
14
49
90
62
34
98
73
73
99
24
8
39
14
29
18
54
68
6
35
15
93
29
38
45
41
86
45
69
26
46
72
62
99
53
67
15
78
53
90
69
86
27
97
29
57
92
59
35
20
8
97
91
99
62
88
67
3
54
96
26
52
56
75
75
57
89
39
40
16
91
21
45
37
78
99
75
77
2
39
53
54
90
89
77
57
69
97
27
5
52
69
54
25
89
83
75
44
57
13
68
33
30
41
5
16
70
54
66
96
24
2
72
35
81
68
79
36
27
16
49
90
40
63
71
41
71
57
34
95
60
94
99
86
30
58
75
26
60
90
100
41
12
37
13
72
27
77
60
60
13
47
7
81
40
82
30
41
73
76
96
34
10
24
17
31
48
60
19
38
73
99
18
79
6
19
90
57
16
64
15
50
2
78
27
92
25
69
86
39
50
38
99
72
13
15
86
27
36
67
83
55
27
83
55
81
52
2
58
74
86
9
34
20
32
2
51
93
43
20
97
58
87
91
88
100
56
33
23
87
18
75
21
13
7
72
35
84
35
59
47
9
29
83
37
38
34
35
46
96
83
50
42
65
68
31
34
45
72
76
41
94
19
3
46
7
71
17
69
55
16
62