Bin size: 100
Number of elements: 300
91
10
88
46
87
75
50
78
51
51
6
16
97
84
95
20
69
72
8
53
3
85
65
57
76
63
47
80
34
69
35
62
52
54
35
62
69
50
35
55
15
45
98
3
56
63
51
98
8
55
13
89
85
69
6
63
95
21
80
40
80
11
61
29
95
100
65
72
35
77
78
12
68
6
31
65
92
83
2
71
85
85
14
85
48
57
48
59
84
4
11
21
83
77
28
95
57
54
84
20
68
55
21
60
93
43
39
82
28
63
13
66
51
39
9
71
18
56
4
79
17
45
15
57
22
17
46
94
82
20
34
83
9
63
30
28
23
86
86
82
90
26
6
51
86
2
37
92
81
68
16
89
70
71
15
60
91
100
76
35
17
89
51
30
29
46
15
25
31
77
87
84
26
80
2
40
55
58
7
25
72
59
62
10
65
70
40
5
80
67
46
44
64
80
97
54
65
15
74
90
65
71
40
82
4
78
48
22
30
34
70
94
88
51
3
26
31
67
86
66
57
46
44
36
33
30
47
20
93
93
90
98
98
40
76
77
30
59
38
7
97
98
77
91
81
65
60
53
93
12
2
94
59
70
9
89
48
60
39
95
62
91
51
47
9
86
25
54
58
74
17
95
35
29
79
70
82
77
49
84
98
72
84
44
76
68
8
55
46
81
100
79
72
8
27
5
83
71
93
7