Bin size: 211
Number of elements: 10013
25
88
84
75
79
28
71
178
174
155
68
93
175
109
147
35
59
140
179
124
33
170
200
147
70
117
61
62
23
20
180
152
33
120
134
149
190
121
31
28
144
153
181
55
172
107
78
181
51
27
196
32
122
42
29
64
59
66
173
74
204
114
148
40
67
198
176
36
94
192
164
83
103
31
20
124
171
94
31
140
85
77
15
182
39
18
91
58
26
86
78
29
169
173
209
20
94
29
53
8
84
6
211
117
194
205
121
109
51
195
4
92
39
15
32
86
207
87
134
136
110
5
137
88
211
190
9
44
178
49
126
129
175
186
129
53
87
98
23
115
180
72
166
145
210
34
73
122
88
56
189
176
77
116
191
24
200
171
151
56
41
125
117
151
166
203
181
110
186
69
21
79
181
146
65
115
173
43
57
88
67
201
151
204
21
71
178
157
166
3
50
126
151
190
107
94
195
209
17
148
152
12
26
2
70
124
205
210
208
19
73
125
20
77
53
84
81
143
179
26
91
19
69
206
129
106
122
44
61
192
133
131
11
121
153
15
180
112
86
79
50
211
92
10
46
117
180
109
191
18
86
67
179
129
110
152
156
199
178
200
94
20
10
207
40
16
106
77
83
99
99
17
5
117
154
183
193
120
175
163
115
157
170
178
119
68
168
12
113
166
187
146
164
168
91
15
83
41
87
153
103
113
96
119
13
56
184
95
27
118
108
1
149
63
15
22
96
111
83
153
41
143
105
62
17
189
32
137
182
70
76
14
127
23
122
119
27
49
69
182
152
22
110
201
197
176
36
25
158
154
197
176
20
134
155
95
86
175
153
29
205
65
207
155
169
15
150
124
25
11
7
106
199
173
66
13
167
25
93
95
64
122
162
202
99
133
28
205
28
176
207
5
158
46
155
13
130
74
67
132
74
4
55
204
30
38
200
112
206
21
61
85
29
205
117
109
73
83
48
59
63
85
103
112
135
118
47
42
47
145
152
35
21
115
159
42
147
130
33
126
140
142
30
105
36
106
27
75
152
96
69
40
40
209
42
117
97
128
154
41
172
142
117
83
90
185
25
186
53
183
128
20
29
137
131
29
59
18
127
132
204
101
100
191
38
2
79
171
143
6
17
66
56
5
102
144
44
208
90
11
37
116
90
49
137
4
211
125
115
181
147
184
113
173
158
60
167
2
153
56
182
162
142
129
210
21
38
72
94
167
25
6
50
4
6
136
114
94
188
36
166
75
73
84
185
65
156
78
10
34
181
169
97
31
172
162
33
148
120
121
172
120
26
107
128
95
23
147
125
5
38
145
68
191
119
183
126
70
66
25
11
206
187
29
157
54
59
34
210
18
55
152
101
138
52
207
6
38
201
2
138
52
51
32
210
55
108
36
194
33
129
97
172
56
83
210
20
122
28
37
107
54
66
157
26
75
166
73
64
61
203
53
104
60
73
155
92
114
185
110
68
94
66
106
73
75
118
110
98
178
168
170
74
97
39
201
56
34
90
175
207
99
95
45
194
99
83
201
126
73
93
173
105
24
29
21
207
117
123
201
23
35
77
97
203
3
203
206
172
35
76
19
68
18
141
14
33
8
173
25
108
41
204
52
108
74
126
122
203
185
73
114
128
85
36
8
206
63
176
5
180
158
142
132
108
111
22
195
92
28
170
13
68
31
54
28
51
202
2
161
58
209
67
150
15
167
128
56
182
8
173
70
149
108
204
87
25
169
1
136
184
10
154
10
115
154
111
14
9
188
154
51
156
94
152
106
137
172
42
56
170
177
155
193
52
99
51
163
165
79
35
179
124
154
175
211
124
18
1
51
143
15
146
184
68
31
198
43
56
68
190
78
187
206
88
116
90
100
9
114
42
54
206
49
12
110
37
200
112
77
160
13
103
98
27
116
156
11
38
65
128
189
146
48
94
85
42
209
20
192
169
90
67
74
147
24
154
35
180
152
29
82
174
3
178
75
127
46
61
33
83
136
75
103
76
19
155
7
137
99
9
131
107
140
167
8
210
45
191
7
83
189
30
118
112
159
167
199
49
26
192
144
88
178
146
59
129
86
175
58
108
87
65
21
119
190
147
4
156
149
173
135
101
2
155
208
22
100
210
25
51
73
116
121
84
201
5
170
73
141
159
173
203
91
154
195
194
71
102
85
4
110
10
83
186
1
78
196
110
106
193
118
139
115
152
43
96
84
206
70
53
92
187
135
11
115
157
89
98
20
39
12
97
183
17
120
138
193
163
88
130
38
47
211
79
208
72
68
123
30
134
101
129
151
129
63
100
141
91
135
133
187
187
38
151
9
47
124
123
177
42
35
86
198
106
175
75
165
175
63
173
17
8
15
79
104
42
97
102
74
178
106
65
185
87
36
66
102
142
102
182
26
204
155
150
142
29
183
37
91
87
120
139
156
189
63
100
123
201
142
34
156
109
53
198
175
63
144
131
8
193
142
9
173
49
195
207
72
112
95
160
120
156
75
147
40
130
10
81
148
133
84
184
173
65
27
196
105
211
211
42
110
68
198
50
82
210
89
91
177
105
152
81
205
145
135
119
42
107
118
202
166
11
62
209
191
89
70
52
55
74
128
60
110
5
144
115
133
81
154
72
15
205
43
199
177
97
78
15
140
61
58
98
121
5
153
186
75
155
34
71
211
53
6
130
87
1
87
159
194
34
60
148
73
189
128
96
61
194
197
132
60
173
203
199
87
98
119
22
118
68
104
47
55
140
199
94
144
106
109
60
131
107
189
5
202
92
184
168
26
33
183
190
97
21
24
157
78
173
45
191
39
60
90
189
131
165
104
174
96
123
48
78
170
8
78
99
9
82
109
154
179
72
174
153
103
103
111
75
109
146
182
198
132
165
54
200
69
109
189
34
63
7
187
108
45
15
90
36
148
180
30
32
198
168
167
57
203
48
42
98
113
156
11
49
163
72
133
95
42
40
58
208
53
99
92
37
88
30
181
181
74
35
63
124
71
71
119
92
95
30
99
59
112
175
89
87
203
87
209
17
158
103
161
210
28
144
38
150
67
168
194
145
66
19
106
203
48
176
92
113
85
138
72
23
21
90
159
40
47
33
55
107
122
146
173
71
16
60
158
120
169
121
209
72
147
46
119
124
8
16
40
40
71
4
31
32
143
50
53
15
161
109
166
3
5
24
180
31
70
114
83
153
152
69
100
81
101
138
32
94
153
176
65
104
52
169
87
124
17
22
13
69
144
108
106
80
5
172
7
71
64
107
91
83
19
145
201
183
188
202
124
137
54
42
91
90
57
134
201
187
77
36
12
49
206
163
82
2
59
118
85
131
180
82
6
198
109
187
125
33
210
64
195
52
84
33
18
111
130
41
59
79
186
52
180
113
158
79
28
71
130
5
43
173
173
31
41
22
194
155
168
11
117
193
48
39
151
93
132
162
153
94
43
11
129
100
23
36
149
182
18
84
138
54
100
81
180
76
2
88
102
195
21
25
32
156
34
125
177
124
101
162
147
27
148
141
152
44
7
51
186
118
90
164
141
80
188
36
87
77
28
194
176
111
70
65
109
79
169
57
205
64
127
33
199
103
13
6
89
40
39
51
130
29
132
145
154
119
181
107
21
124
119
15
109
164
6
164
34
52
139
96
140
4
37
56
26
63
48
118
3
191
99
112
168
80
18
80
24
44
178
96
38
37
128
207
143
20
12
3
47
6
6
170
171
153
128
3
66
10
93
30
48
55
97
12
70
59
25
159
193
92
207
74
80
181
32
172
4
70
116
37
118
71
113
145
197
17
150
22
87
102
23
36
168
97
185
70
188
63
23
53
199
159
189
125
199
14
32
108
2
71
8
142
28
135
195
137
141
150
44
85
172
66
193
180
57
33
87
135
182
202
200
207
182
13
171
145
192
61
79
151
66
142
181
10
125
93
33
42
116
174
85
129
73
42
44
171
24
180
154
115
132
126
153
19
122
174
186
108
140
143
84
204
109
143
174
11
31
147
145
168
3
2
40
38
86
5
129
185
2
113
156
122
209
99
140
87
184
114
165
185
153
200
181
32
10
154
21
210
137
110
10
24
141
74
50
99
84
71
191
34
95
124
34
48
202
3
62
71
63
97
115
62
172
94
202
39
85
156
78
75
208
16
134
112
166
157
100
33
88
28
28
78
115
194
53
35
144
89
190
196
65
110
140
5
23
116
39
204
125
202
52
130
138
162
167
191
20
103
167
189
27
174
209
82
24
75
186
152
151
90
43
71
135
122
91
74
174
54
72
119
173
204
192
79
132
143
19
120
162
23
4
51
206
100
95
16
211
66
165
125
104
77
61
82
207
180
107
26
207
16
164
136
98
206
7
144
98
48
194
122
148
94
27
168
122
63
127
73
138
140
18
177
10
100
167
104
171
136
169
117
98
25
184
40
53
67
191
137
143
23
60
48
4
208
151
131
86
84
172
100
200
189
21
16
210
96
71
164
122
58
110
48
66
99
173
91
153
49
181
61
65
99
181
169
175
95
148
191
149
158
19
145
56
109
71
208
164
53
48
91
15
66
116
88
54
169
123
5
196
188
192
130
171
68
62
123
56
131
66
187
138
92
143
200
171
141
169
3
30
25
78
80
13
6
210
126
111
52
35
109
79
137
141
211
31
51
166
19
148
90
59
206
164
35
202
10
41
13
107
74
181
196
95
28
38
21
18
51
186
106
23
7
49
126
105
160
32
59
190
129
66
59
66
46
135
205
119
195
54
20
52
34
150
149
85
196
15
117
42
180
192
41
48
41
165
63
189
4
26
28
124
197
171
136
174
190
159
47
158
43
30
54
136
8
156
92
11
25
162
4
55
55
123
105
131
74
23
173
36
167
147
127
114
77
96
189
186
109
155
182
2
11
131
162
89
161
147
28
17
163
70
26
61
30
5
211
190
209
14
5
71
73
198
46
151
206
72
79
90
187
155
190
203
45
142
106
194
50
169
23
40
123
159
53
57
173
122
170
151
96
98
12
55
166
150
48
38
24
185
155
157
123
23
29
96
72
65
17
187
155
150
117
117
211
13
103
47
61
19
193
98
180
111
30
16
194
57
152
28
32
121
113
39
127
70
36
202
122
132
68
106
77
158
71
103
121
159
171
116
108
97
175
69
61
122
125
175
71
28
17
52
107
11
11
24
55
36
131
32
71
38
180
138
168
84
5
85
134
80
120
135
200
90
88
101
59
5
14
82
165
37
140
42
182
62
79
28
74
21
133
179
85
109
3
101
50
4
48
203
26
102
37
146
73
129
6
132
96
108
27
123
154
209
149
107
153
35
155
119
122
205
127
14
51
1
1
23
136
178
26
114
162
149
16
172
162
174
182
149
105
86
205
134
52
106
112
122
25
38
19
30
43
196
37
92
118
196
62
158
46
40
57
189
89
38
202
75
189
125
120
196
71
105
101
165
18
170
199
1
136
107
204
207
199
124
104
168
24
170
47
192
22
204
137
24
152
37
41
107
114
205
28
1
126
194
96
41
7
61
196
32
147
51
111
170
35
93
138
18
172
201
203
203
79
80
206
165
202
207
119
31
97
121
205
131
59
79
39
27
108
209
120
199
209
188
190
88
57
116
102
97
210
68
126
189
57
197
53
89
43
8
45
194
77
182
65
50
150
122
38
71
90
39
48
195
64
40
167
81
74
91
107
138
4
120
119
79
135
139
116
40
148
72
180
120
47
150
165
7
155
203
44
147
57
55
205
125
103
10
60
8
27
53
40
131
16
79
58
210
146
123
20
168
99
14
45
118
167
39
66
40
32
130
117
32
97
174
50
195
153
183
199
142
21
49
93
82
53
10
7
171
201
98
113
149
48
96
162
187
84
124
47
78
88
105
118
174
197
10
165
45
5
6
29
3
198
70
69
39
179
64
31
26
107
166
109
116
99
204
145
38
209
158
122
97
122
184
77
95
6
59
177
23
208
139
133
197
36
31
17
173
203
80
75
108
93
207
99
174
189
137
6
10
85
124
177
126
99
4
203
4
113
189
117
200
169
134
85
90
17
22
72
64
58
72
98
22
128
192
143
176
2
165
47
141
191
185
145
79
32
39
94
142
18
88
139
60
107
183
159
168
185
180
132
148
31
140
50
21
117
123
118
181
1
164
161
129
209
68
35
79
128
164
111
183
152
181
86
154
104
168
128
35
19
202
19
59
195
12
112
119
166
36
48
124
190
62
33
201
85
172
7
188
144
173
68
165
162
72
154
210
54
34
25
33
52
168
106
185
106
111
153
92
47
44
64
174
196
136
35
128
90
5
81
199
59
137
79
201
194
198
145
42
85
211
105
182
165
158
103
104
31
152
70
177
193
17
200
87
29
91
46
194
91
30
106
107
168
183
188
40
123
167
27
92
193
198
20
17
40
127
4
45
119
106
192
118
6
164
39
83
63
89
34
104
136
204
207
6
175
114
67
155
103
97
132
123
132
143
153
161
93
48
33
59
45
159
43
187
15
176
90
104
5
145
40
64
41
37
18
34
20
137
11
137
112
113
136
77
3
162
57
155
134
105
6
106
186
100
115
122
74
127
63
160
31
3
14
4
82
182
80
161
136
166
108
101
183
103
207
136
39
131
104
139
197
93
19
180
103
21
103
39
152
150
146
108
74
107
121
127
57
77
121
31
61
25
79
34
60
166
91
211
26
163
25
54
148
145
124
75
36
13
152
119
110
168
7
115
13
107
48
33
79
56
135
122
66
119
23
34
159
50
151
114
44
84
40
164
194
25
67
42
122
136
39
138
179
105
186
112
116
149
48
210
169
153
39
3
83
57
159
188
71
128
141
197
205
12
132
146
180
167
127
26
98
5
108
105
207
141
148
156
72
116
145
1
97
208
14
24
168
63
193
75
50
100
135
161
17
155
17
147
201
22
113
2
102
132
131
113
30
185
192
196
175
184
11
47
135
44
52
100
176
119
13
13
35
69
44
7
132
18
208
187
8
48
102
167
57
142
136
27
93
28
44
120
34
164
178
144
164
103
191
27
115
13
8
34
201
196
14
7
125
200
198
54
144
159
168
116
160
7
17
69
27
180
22
57
77
165
128
108
106
32
174
65
137
62
173
184
80
194
51
73
135
24
48
82
185
132
173
190
155
58
32
193
8
25
152
92
154
42
23
54
193
64
207
86
150
209
118
21
57
145
102
44
21
70
151
95
205
68
27
126
141
4
103
141
72
29
181
52
91
165
170
102
26
134
87
58
130
8
175
82
183
94
202
3
46
122
186
78
167
52
3
91
165
100
1
192
103
207
62
168
89
129
115
130
9
93
73
140
52
146
37
4
87
130
37
39
144
121
39
72
18
87
47
69
75
63
12
55
97
120
67
120
118
48
114
8
88
196
116
3
90
5
180
98
208
90
37
36
75
110
134
108
35
77
201
155
63
140
172
145
49
189
117
17
205
3
117
88
22
163
201
92
24
132
184
2
133
160
196
171
63
33
130
204
175
72
17
49
205
119
197
161
104
109
1
182
148
182
78
63
133
185
107
201
176
119
53
138
143
57
7
179
2
205
209
197
109
146
139
88
53
90
92
47
132
58
73
126
124
2
106
201
200
98
65
3
83
117
117
61
76
156
135
166
199
162
86
53
151
118
139
4
180
188
183
150
193
61
104
126
82
50
31
100
106
67
198
46
169
94
138
17
138
142
132
190
53
80
193
18
134
164
200
56
187
195
142
174
10
36
82
94
32
43
83
19
103
78
24
71
100
190
155
29
79
37
2
122
169
149
162
188
21
13
113
110
143
26
182
84
173
111
12
204
184
25
144
167
88
99
110
113
142
74
127
84
113
6
138
184
88
208
108
137
156
87
16
29
178
64
190
4
22
142
194
84
72
129
109
32
183
93
199
188
42
41
34
166
198
16
36
66
85
60
72
61
77
167
121
127
128
67
177
172
19
132
70
174
63
187
87
87
118
76
132
27
69
52
45
135
5
172
22
201
58
58
138
97
139
9
86
185
74
25
155
100
158
69
80
179
169
17
24
177
127
26
186
132
3
95
101
69
204
55
76
146
166
51
191
93
12
11
117
13
96
24
58
113
117
28
202
118
181
199
10
64
15
46
204
136
69
171
179
37
8
8
187
177
36
73
140
85
200
36
16
46
73
149
144
189
97
114
8
143
63
143
6
26
160
165
40
181
29
126
193
129
38
160
122
191
137
29
208
178
11
188
182
114
176
34
184
131
26
35
54
5
196
26
48
36
47
187
58
11
15
171
156
123
187
127
103
143
39
68
201
68
18
160
131
145
140
133
172
198
80
207
142
38
185
23
76
37
17
19
204
37
147
182
187
38
57
43
48
110
105
163
113
88
147
114
24
91
70
109
47
114
203
168
183
91
54
21
37
76
114
48
194
114
204
114
142
120
90
155
137
199
64
164
143
196
126
135
138
109
36
10
85
21
103
208
45
203
3
23
26
52
37
94
167
74
193
41
148
27
8
56
165
84
173
123
126
81
210
166
176
166
135
14
93
13
139
100
90
56
19
166
76
161
207
110
128
90
123
42
133
184
43
80
1
74
115
26
87
148
49
195
111
116
195
31
122
138
159
205
83
181
163
182
191
123
136
78
81
48
49
138
39
14
118
6
96
126
49
12
197
43
154
87
23
45
153
190
179
36
74
92
41
39
74
157
32
152
19
185
210
16
166
69
94
36
129
133
154
166
34
4
166
168
23
86
203
30
72
116
210
110
60
175
90
175
205
88
110
73
55
194
57
140
105
179
74
205
73
90
172
60
133
29
149
96
135
120
47
167
208
159
126
205
188
19
156
196
166
125
99
194
33
138
80
167
194
38
101
209
15
20
49
38
155
167
33
200
185
203
157
14
73
146
103
44
101
74
136
184
68
14
140
105
23
19
91
82
18
63
12
28
106
130
104
134
75
131
27
162
122
46
74
204
86
81
77
125
7
94
121
47
24
85
96
70
73
178
72
155
201
34
52
128
31
74
162
89
84
171
52
82
184
204
70
91
109
55
152
146
43
131
34
194
126
163
121
151
158
47
202
202
19
186
137
9
182
88
170
157
72
122
22
148
138
106
37
101
150
211
205
17
113
109
172
145
43
26
22
16
191
103
84
171
133
43
19
200
157
63
26
60
198
198
173
158
56
147
118
121
56
124
179
72
196
87
109
159
165
118
144
65
80
88
149
132
97
43
133
64
37
145
88
111
59
156
192
141
83
36
122
52
112
138
13
73
77
149
181
157
42
206
201
76
56
18
141
126
136
45
177
107
49
129
54
65
208
189
69
199
49
153
54
204
206
10
36
169
188
132
76
192
50
200
59
21
204
194
203
55
32
8
67
110
51
160
210
133
163
195
175
177
191
209
56
59
113
138
160
3
175
50
2
110
150
182
148
78
50
209
108
52
162
89
97
55
134
26
203
152
32
146
117
25
22
76
196
30
33
102
167
195
54
139
16
123
180
67
32
76
94
117
20
56
65
151
103
53
13
173
186
72
102
92
176
8
5
30
94
125
130
205
64
80
155
117
32
160
199
160
189
38
30
177
45
80
7
180
150
115
156
49
114
72
42
5
63
110
108
1
84
121
129
125
56
141
56
178
97
114
40
76
55
148
175
22
43
98
81
111
9
181
6
71
154
101
65
99
44
140
102
132
100
21
8
135
155
60
115
150
86
150
183
33
122
139
209
196
128
210
185
142
168
207
64
67
88
100
38
144
3
89
120
128
99
125
124
73
55
208
84
174
79
1
141
94
83
206
84
157
165
3
69
29
140
93
9
93
35
68
108
106
47
124
11
140
110
113
120
35
111
8
114
171
164
13
77
89
196
78
131
135
162
82
61
135
6
82
37
28
175
177
129
201
97
3
211
7
124
65
199
82
49
161
111
209
81
126
144
11
169
40
177
87
81
67
154
207
97
160
146
76
97
105
189
156
170
13
148
28
45
72
142
198
54
66
206
78
174
176
86
50
200
104
181
178
132
11
209
103
103
142
100
47
102
96
133
7
79
70
65
105
102
101
59
96
9
147
14
182
93
43
167
37
184
86
87
54
53
195
205
147
134
21
85
172
33
188
202
100
34
132
160
197
63
126
137
132
53
13
49
162
63
57
37
1
17
151
144
64
140
120
121
70
142
157
151
69
41
117
28
91
24
32
198
200
176
98
25
160
136
45
31
108
110
194
182
149
167
143
20
2
1
92
83
103
30
46
125
87
157
119
8
111
98
1
16
88
64
189
164
126
52
86
203
130
172
164
54
47
191
30
77
16
114
113
139
18
31
89
2
165
114
104
198
81
67
186
89
105
195
20
10
87
154
78
159
201
61
194
48
183
40
189
159
87
57
89
92
121
71
47
175
14
70
137
101
136
103
7
33
169
39
61
105
66
12
121
56
41
105
167
162
198
161
45
136
196
163
97
12
183
45
71
37
196
115
138
201
50
121
104
115
170
64
125
189
175
82
163
187
119
158
84
176
129
167
158
61
127
75
66
172
120
133
104
210
86
54
53
167
187
60
114
73
115
209
31
115
156
45
163
179
175
138
153
111
22
92
124
184
157
80
143
193
83
119
176
197
111
65
75
69
185
10
87
103
105
90
100
180
28
159
99
152
104
193
94
87
5
18
128
166
116
190
64
139
188
31
122
89
35
166
78
168
13
172
58
204
166
108
22
26
159
131
24
31
68
85
177
44
6
166
14
36
192
111
49
188
83
196
190
7
32
141
157
126
27
35
91
1
120
71
97
139
118
143
180
163
10
92
206
132
151
206
92
147
91
111
60
144
40
84
23
14
129
160
166
166
24
133
168
100
154
198
201
11
116
48
108
109
75
75
35
107
159
88
106
125
158
43
172
61
3
157
8
89
126
182
153
179
33
57
129
116
166
61
81
160
181
78
126
5
24
62
132
46
55
91
146
202
12
107
151
70
151
190
149
141
196
48
211
144
112
108
84
131
13
111
114
194
10
142
126
82
184
55
88
57
98
71
145
57
193
186
138
50
48
168
43
87
64
40
179
185
187
51
41
97
23
93
18
90
150
12
108
25
120
89
137
41
121
34
51
39
58
85
119
198
161
186
183
187
136
28
20
41
161
27
211
131
76
49
144
51
61
199
131
82
110
140
187
143
194
128
59
121
166
28
87
172
52
188
144
171
154
136
47
73
80
43
106
22
15
101
72
203
28
137
107
103
140
81
180
200
71
52
53
170
75
156
38
187
10
186
192
100
5
201
143
206
130
149
10
59
100
83
14
133
180
7
74
115
6
118
74
83
172
211
147
59
191
73
24
52
191
104
5
21
168
127
89
197
60
31
178
6
44
63
154
173
184
82
94
109
98
5
99
93
81
172
24
46
93
138
48
161
29
97
178
90
101
77
161
162
138
141
93
37
206
78
37
197
56
125
209
84
132
10
207
148
50
138
5
149
72
68
8
5
19
85
197
122
55
94
83
103
42
126
91
27
98
134
125
165
175
105
20
150
46
26
16
72
28
144
71
203
190
116
122
108
177
173
59
29
204
187
148
120
131
63
90
170
110
43
33
83
84
125
17
41
95
2
53
148
6
155
194
187
27
205
132
16
28
83
36
111
30
52
73
42
23
54
57
166
121
159
187
20
94
182
211
175
167
11
110
41
204
5
97
179
165
159
45
125
129
100
77
119
88
115
13
168
178
84
106
156
60
58
162
172
185
205
86
4
199
153
178
90
46
19
113
151
141
203
81
196
48
186
101
75
25
87
147
157
163
145
17
12
104
13
27
137
28
136
86
16
14
91
168
121
139
5
203
31
39
37
32
28
205
190
139
78
25
113
117
89
131
199
71
165
76
202
55
149
103
65
191
201
57
119
114
4
90
191
83
25
25
76
169
183
173
121
99
165
198
70
196
92
31
199
42
165
169
173
61
26
138
209
35
44
72
166
204
48
164
111
33
151
145
203
70
21
193
42
11
18
27
184
197
31
138
156
138
28
33
59
62
94
123
98
119
51
152
131
34
186
54
73
70
38
174
63
52
13
8
26
112
199
176
11
113
84
163
51
100
167
21
156
144
29
116
136
133
157
156
45
14
54
14
148
22
37
155
32
110
91
62
159
141
58
145
7
190
115
92
14
34
109
172
122
175
92
102
49
69
94
21
83
92
177
151
52
77
71
147
136
184
162
15
170
160
128
191
193
191
148
41
128
40
5
88
144
192
86
112
131
122
17
130
1
1
51
188
146
111
12
15
71
51
45
50
184
165
143
132
136
1
50
141
76
94
81
130
32
12
55
189
4
6
126
36
87
197
61
130
155
133
107
135
132
114
93
125
30
173
59
114
48
50
113
76
112
202
148
133
64
153
193
189
183
21
139
205
73
102
90
131
58
146
201
25
66
138
175
120
97
148
78
157
24
120
4
137
179
183
5
78
192
62
176
66
101
53
73
4
193
202
74
208
189
59
54
202
108
146
194
36
121
191
83
176
192
92
77
9
136
134
103
179
147
203
12
197
193
109
29
179
199
187
183
7
111
74
145
84
155
101
23
40
142
149
195
56
60
120
9
150
44
106
158
179
12
184
119
87
36
59
29
104
105
96
8
97
94
78
201
158
56
62
122
138
27
125
97
204
33
8
14
47
73
46
132
178
15
96
168
68
111
61
112
155
147
42
120
154
96
130
99
197
164
188
105
109
118
194
119
41
23
121
205
125
49
211
7
35
151
16
108
101
48
205
72
123
162
196
87
149
77
169
194
64
40
152
98
128
12
167
42
134
18
22
22
107
101
160
25
92
81
191
173
113
77
193
78
209
73
193
142
114
144
186
6
139
167
93
42
178
155
52
67
160
63
128
23
183
101
113
145
44
127
5
113
167
3
144
93
179
2
70
153
172
121
39
127
116
126
139
102
144
104
131
154
93
87
27
145
113
207
56
181
193
5
174
148
57
136
176
182
47
25
196
125
195
16
153
171
173
203
198
74
168
6
53
39
168
205
22
126
73
196
146
209
3
143
125
96
10
160
38
33
172
174
207
124
151
119
167
151
86
96
7
113
12
26
70
151
65
16
197
193
81
114
130
173
91
93
89
12
175
166
72
8
152
87
96
37
81
92
172
18
81
201
81
34
148
30
20
55
35
66
163
113
102
136
75
185
43
168
64
46
160
50
108
132
81
171
97
25
124
18
89
85
51
8
187
143
173
175
42
106
187
196
127
196
207
54
96
36
89
172
109
145
111
17
104
194
178
90
196
179
183
25
172
32
94
123
182
14
3
65
85
200
33
52
111
32
161
87
137
14
80
81
52
7
139
86
203
114
47
40
113
22
53
166
71
80
49
129
67
57
82
75
94
63
201
77
75
19
105
58
21
99
211
152
94
158
24
69
3
142
93
177
192
169
35
150
64
96
135
95
93
190
151
197
45
11
188
13
82
205
31
90
175
48
108
16
206
115
22
19
195
68
43
104
10
35
122
180
29
25
170
12
74
33
192
200
29
69
175
209
103
25
159
102
98
167
77
161
203
193
36
107
40
160
51
93
211
24
73
146
139
161
111
134
19
9
151
58
179
207
154
20
82
200
92
194
38
28
81
77
90
206
107
125
171
56
165
41
174
188
192
149
150
206
6
112
185
168
140
7
18
203
162
61
52
52
138
29
198
191
45
53
32
107
110
93
168
20
59
170
157
197
26
15
206
68
5
66
125
122
57
18
177
187
145
80
99
135
151
174
196
177
203
61
170
63
146
84
205
148
86
81
125
3
95
132
20
78
2
32
114
91
102
179
162
192
82
52
158
82
116
109
66
88
30
180
69
144
131
92
208
44
59
199
109
129
62
13
206
211
169
91
90
95
81
57
175
172
173
60
85
76
152
93
33
167
174
12
109
81
76
169
126
30
198
87
185
116
143
85
86
194
69
129
134
51
29
27
45
76
12
10
189
62
144
125
144
197
12
50
199
119
209
197
42
84
18
203
98
185
25
150
190
98
144
76
147
129
43
114
101
185
139
43
145
68
61
17
147
9
116
151
9
32
95
121
129
97
10
115
191
207
160
7
160
130
87
185
10
106
161
155
198
26
62
147
56
146
119
146
73
45
122
158
107
85
127
40
18
186
9
150
80
208
159
127
92
66
12
117
6
40
94
15
76
81
123
38
98
171
152
155
9
74
31
171
186
155
118
128
126
2
131
135
111
79
196
69
28
203
202
170
26
154
54
68
174
171
44
147
6
98
86
27
152
69
91
10
99
160
60
192
80
202
90
95
134
185
135
98
129
53
60
43
100
136
167
37
189
6
55
124
87
73
48
152
55
81
91
8
91
134
78
124
145
173
35
161
20
122
196
128
66
32
73
175
126
182
143
1
7
207
182
147
179
167
107
185
52
171
188
163
32
130
31
195
177
33
176
105
13
68
192
181
146
50
23
188
88
194
59
194
48
5
4
162
138
169
64
70
188
177
97
190
188
185
2
137
102
153
46
190
85
72
85
69
166
42
5
126
103
82
139
210
194
60
151
31
167
63
140
49
59
173
30
44
132
121
206
174
28
88
127
187
185
23
171
170
21
135
10
54
105
124
158
174
30
54
61
146
143
129
32
108
177
132
195
78
40
35
108
1
200
112
161
118
120
105
59
159
136
24
198
136
3
109
174
57
198
136
3
202
49
51
124
95
6
64
152
195
135
207
133
132
158
44
41
7
122
31
17
102
68
85
171
133
103
7
42
104
208
99
206
131
46
186
17
107
67
211
115
111
186
8
38
135
67
37
128
98
200
22
47
132
104
12
194
6
104
69
37
47
112
84
39
34
161
135
61
88
88
26
191
92
112
22
97
92
191
151
133
79
181
144
81
178
171
39
149
151
47
124
50
58
113
79
189
162
40
121
195
107
152
156
106
50
10
5
3
200
5
185
174
39
9
130
211
166
73
102
21
1
51
200
108
69
14
94
55
116
18
91
109
63
8
52
25
182
21
58
152
19
97
206
185
8
105
87
147
61
188
112
11
50
103
145
97
196
202
182
33
198
122
139
91
67
115
61
174
169
42
169
23
81
120
61
27
173
84
3
191
180
119
67
68
142
107
142
175
166
150
90
62
77
198
136
26
42
4
189
74
125
117
13
201
177
167
11
55
104
61
138
156
69
139
6
117
123
201
8
182
56
139
22
123
41
73
54
142
2
61
193
170
125
43
76
14
26
95
141
64
132
111
210
33
186
153
18
113
134
72
31
155
39
76
181
154
191
209
115
109
173
201
143
116
196
82
85
87
202
159
38
183
43
198
107
72
45
191
93
160
103
9
163
55
172
51
159
22
108
73
169
100
120
76
186
84
158
35
29
85
156
17
2
127
146
167
21
68
2
114
20
43
139
111
111
177
34
111
64
178
50
158
165
4
24
170
163
6
155
63
166
100
95
112
194
201
64
201
211
188
134
1
189
86
138
183
124
141
101
78
14
40
93
45
46
165
122
211
120
134
169
76
42
198
172
140
50
29
125
70
186
149
25
165
121
153
66
101
128
38
9
56
108
27
170
99
121
66
197
168
17
185
25
22
83
5
143
120
68
76
46
121
54
149
72
176
5
188
93
26
196
156
39
149
19
46
158
62
10
20
177
32
141
5
70
22
80
49
137
25
67
66
7
204
15
158
104
34
178
172
137
32
2
129
111
15
127
151
25
12
175
173
148
70
77
80
13
130
52
186
4
105
17
191
75
140
134
101
169
142
24
131
106
1
26
30
115
168
166
193
19
112
129
185
10
84
66
202
136
148
94
202
185
208
95
47
112
18
150
99
98
52
96
198
179
200
65
48
66
162
40
163
81
204
69
28
13
191
88
82
22
124
82
39
112
209
144
167
156
132
193
133
186
22
59
96
96
18
116
208
110
208
47
157
139
81
37
197
96
183
54
24
87
66
51
72
29
68
44
7
8
120
70
175
18
79
76
147
182
128
46
158
162
95
118
191
41
28
183
82
111
209
48
163
203
124
4
175
128
152
121
5
142
63
87
163
101
198
126
18
108
56
165
46
12
69
147
65
176
152
24
180
107
25
210
187
69
190
183
112
155
133
147
92
132
147
20
35
163
114
14
49
21
30
154
199
124
76
174
121
30
180
89
150
30
203
24
165
48
194
139
178
131
50
67
170
85
183
37
16
41
22
61
100
37
134
162
5
161
103
192
162
180
157
9
81
110
13
203
159
164
20
170
7
62
156
152
211
25
10
202
124
202
70
166
140
10
152
56
8
96
169
14
104
109
147
62
124
32
210
190
101
208
113
65
170
128
185
154
201
161
165
24
144
205
116
180
48
181
88
201
55
115
136
26
53
97
186
210
180
67
182
140
150
101
27
22
24
85
152
192
132
164
83
175
80
163
169
126
96
204
122
179
21
144
11
107
9
197
89
58
61
133
206
12
32
105
194
126
54
187
144
12
60
177
134
36
27
162
36
48
6
117
179
99
173
62
84
65
50
117
146
118
123
189
180
176
142
30
154
109
40
61
169
193
195
196
135
153
90
141
84
126
177
107
198
53
99
184
58
139
141
210
185
171
59
35
86
185
146
179
4
200
22
157
60
29
10
131
20
98
154
44
147
204
3
106
20
56
18
106
143
65
209
184
165
12
58
19
90
126
184
29
7
141
53
97
56
112
132
134
147
192
124
21
183
14
48
84
187
30
32
125
83
102
62
202
190
27
128
104
63
128
5
126
30
152
4
17
177
110
67
137
169
97
2
50
129
77
46
175
35
59
61
200
138
208
199
127
150
144
93
44
202
131
58
27
103
43
53
77
74
185
209
73
85
16
28
35
31
130
129
17
68
57
47
1
9
113
151
81
50
91
71
34
23
131
105
92
179
80
178
13
192
143
85
149
57
25
17
163
8
134
199
44
168
126
202
75
134
82
25
16
185
142
164
149
146
58
206
160
160
201
113
12
37
114
47
119
90
104
28
57
61
73
204
81
172
123
52
112
92
31
6
167
93
6
194
42
128
122
67
182
186
138
4
165
80
22
50
89
169
9
16
78
143
12
40
111
81
123
60
4
207
190
111
88
97
95
128
177
141
166
131
60
134
15
49
177
130
155
181
103
38
33
183
164
75
211
140
34
116
89
140
110
62
115
3
65
162
103
134
158
173
119
193
171
13
144
202
194
76
107
173
206
81
139
111
184
145
27
10
112
185
16
120
104
1
85
121
40
62
165
56
66
129
85
168
49
198
45
136
197
52
94
40
142
150
199
52
143
70
28
185
203
45
135
47
190
159
10
118
73
24
173
206
157
192
56
80
68
38
36
101
84
21
204
123
153
129
73
169
14
126
157
25
101
143
106
126
50
184
90
99
11
166
199
105
199
180
111
93
15
90
143
148
24
46
131
139
147
132
165
39
48
4
53
205
142
191
167
76
171
53
40
10
51
187
128
13
116
20
22
180
42
197
115
41
5
187
14
176
183
120
129
103
74
45
67
191
172
118
15
14
54
111
64
134
91
176
184
190
65
48
189
54
180
147
122
66
82
38
60
58
168
206
168
8
130
202
207
199
43
11
58
130
64
96
188
166
192
197
36
8
133
116
88
201
138
171
28
197
34
202
13
27
22
162
51
169
79
113
204
47
169
121
191
204
167
123
70
23
32
149
66
59
90
207
154
23
185
21
205
170
137
37
151
1
115
40
97
211
132
68
46
166
21
64
101
13
201
31
130
83
108
92
154
104
42
67
126
31
208
210
61
26
82
84
12
148
62
4
93
2
149
136
139
130
43
198
44
6
197
48
197
200
26
206
210
22
78
142
188
93
72
135
10
71
65
120
130
41
105
202
162
106
57
177
58
198
49
90
202
139
115
32
111
46
23
174
117
182
184
44
54
42
45
60
118
49
28
11
26
182
20
76
4
173
100
132
76
159
193
204
88
17
66
30
168
134
205
87
161
184
204
19
5
142
1
187
56
56
209
193
48
205
178
29
80
132
98
143
15
137
95
53
119
151
153
48
134
155
65
144
24
175
71
149
79
114
157
210
178
28
75
92
101
85
136
202
112
165
11
99
43
176
134
203
74
103
159
84
10
104
149
187
160
116
89
31
156
128
175
184
107
125
32
190
112
136
16
143
164
106
146
77
52
89
46
112
135
55
134
208
205
202
198
137
53
153
210
188
98
147
5
181
118
115
40
133
136
1
43
4
90
152
145
204
135
210
109
26
83
117
190
75
84
17
79
59
118
201
211
169
156
177
141
1
51
75
161
50
80
24
133
109
89
156
134
147
72
82
61
187
28
98
128
164
151
178
143
68
68
203
133
67
153
144
42
198
164
89
126
41
125
135
170
145
45
23
34
134
125
154
176
95
130
192
191
126
63
127
151
82
72
35
140
200
211
34
186
206
146
4
201
119
138
60
119
100
192
167
179
132
202
157
77
144
166
8
165
131
80
148
157
39
75
84
10
200
42
88
164
111
82
76
8
16
193
210
196
199
132
107
97
127
130
58
131
140
202
201
17
168
25
68
174
179
6
200
154
69
194
205
3
140
203
194
139
76
91
97
38
39
29
85
85
40
189
25
154
202
56
136
165
19
203
126
109
102
46
167
158
8
193
28
55
12
56
2
23
107
202
178
28
113
159
198
90
114
12
6
71
19
77
45
112
138
54
202
168
211
99
28
115
94
98
143
97
8
48
132
66
177
28
160
151
208
94
210
120
87
69
6
197
65
73
62
80
49
16
159
48
32
162
34
121
11
14
162
176
3
87
102
46
195
210
104
156
183
47
66
84
114
41
201
109
122
203
166
178
169
72
20
84
178
118
10
25
96
70
22
21
14
181
79
95
185
143
108
208
171
164
15
92
42
198
51
89
173
9
163
28
101
30
205
124
150
209
47
79
121
33
79
209
176
25
156
45
182
82
34
99
191
72
175
187
10
87
207
94
88
42
156
151
144
78
125
148
192
90
189
167
20
26
189
205
132
127
101
88
189
135
143
6
29
177
132
124
51
21
42
46
201
164
5
10
111
111
3
96
38
41
167
136
44
33
115
47
169
25
6
17
181
153
83
21
19
54
82
47
158
76
89
168
46
4
107
132
103
181
207
163
37
124
40
187
119
97
195
191
83
153
149
207
166
89
51
165
180
56
118
163
200
2
92
117
96
113
120
50
59
145
8
105
207
27
36
44
103
138
166
134
207
160
55
117
81
210
98
28
49
23
209
46
101
17
78
60
178
208
62
104
10
2
186
62
206
16
30
80
94
39
148
46
166
37
152
5
170
82
132
153
37
157
16
110
68
183
203
118
57
4
193
124
153
74
206
177
178
34
123
177
162
3
204
136
20
26
93
171
149
153
169
94
94
42
29
171
30
42
24
72
64
100
106
67
155
182
85
51
192
131
15
111
128
104
165
69
175
156
97
36
103
5
20
114
121
45
16
179
187
1
144
184
94
172
199
81
181
140
204
152
148
91
116
202
33
116
142
127
96
49
11
21
178
33
76
197
4
27
53
155
128
13
111
159
137
172
24
181
82
94
117
112
157
172
173
117
24
19
33
93
17
40
118
98
114
22
35
161
135
209
127
184
122
13
169
72
7
111
72
211
120
70
156
32
132
211
68
52
85
139
139
98
178
33
100
88
93
83
12
40
73
203
15
36
129
188
104
70
192
93
23
55
43
200
136
146
66
48
30
61
27
74
144
38
112
95
159
3
162
178
1
95
8
196
43
104
140
30
49
138
211
201
210
115
122
169
7
122
148
2
58
73
169
207
49
97
94
44
83
31
141
114
34
31
171
82
14
82
142
200
65
118
204
10
185
157
133
180
145
104
91
130
28
174
171
101
100
59
112
157
58
138
203
11
176
174
78
124
77
7
135
203
210
211
28
50
82
106
68
83
210
111
200
178
66
100
25
119
140
153
156
16
43
154
36
189
150
156
153
186
177
93
209
146
16
51
103
160
129
50
65
24
174
132
170
6
129
39
51
138
65
43
140
162
57
124
172
61
75
198
24
81
191
193
30
211
134
153
198
3
5
86
180
101
127
55
49
59
59
23
99
4
125
203
84
209
85
67
194
17
194
116
43
176
112
162
77
195
24
39
170
57
150
8
201
64
149
75
197
1
114
203
68
43
8
172
142
174
43
14
174
4
28
69
108
156
82
60
179
143
128
211
119
124
172
104
161
130
9
95
33
137
75
134
54
143
91
26
44
182
4
88
35
42
117
100
19
156
48
191
17
202
82
175
179
5
46
102
54
161
194
33
1
149
91
210
140
158
209
10
77
210
55
7
42
165
5
141
101
52
111
149
82
102
151
97
146
14
107
74
19
154
30
170
207
206
102
210
10
154
165
6
206
101
210
118
65
210
84
81
180
70
77
21
176
162
186
195
6
71
38
123
170
163
81
84
173
16
159
211
109
74
81
112
108
59
160
162
164
70
116
90
107
175
123
166
53
34
103
183
93
110
16
123
43
51
162
160
110
35
160
76
105
87
173
9
89
130
132
201
175
5
125
160
104
157
30
208
133
30
3
35
34
122
20
146
211
147
159
208
145
211
69
53
142
147
152
60
162
165
115
120
192
167
73
111
124
185
166
181
144
178
126
163
63
34
28
98
155
52
47
22
12
28
176
162
52
28
155
154
20
46
194
30
40
165
19
79
97
144
193
51
145
179
15
182
77
69
62
35
195
31
177
3
71
99
156
48
76
45
45
71
118
176
88
82
79
175
113
211
22
90
154
127
126
46
57
34
210
99
69
123
98
139
140
139
51
205
70
167
177
136
22
109
60
117
11
137
152
187
10
198
114
116
131
51
75
164
120
125
204
109
74
1
60
28
210
92
173
151
160
56
32
56
34
86
211
36
108
106
65
167
30
135
154
64
167
157
105
142
143
25
91
77
162
110
52
78
106
192
1
22
55
41
130
43
66
70
192
78
155
139
119
45
46
157
164
132
34
148
211
25
146
183
88
124
105
111
63
45
115
149
88
83
152
44
186
61
81
117
169
17
153
30
13
187
109
139
74
60
107
142
76
100
78
102
120
76
86
104
188
86
172
147
94
93
84
123
133
152
204
56
93
6
136
136
113
15
79
72
80
48
176
77
196
104
146
162
36
141
5
1
129
142
36
93
114
151
201
19
116
201
131
175
36
119
24
41
34
64
149
74
205
52
5
26
113
190
137
106
76
153
100
2
21
19
158
176
164
114
151
14
115
190
59
52
170
149
172
8
16
73
151
37
129
177
151
131
62
28
61
129
134
148
145
73
42
139
68
15
138
130
37
161
44
66
195
197
153
103
62
171
37
86
189
158
127
71
97
173
147
86
211
103
131
132
180
111
74
39
193
167
39
160
163
191
115
93
105
142
59
106
12
188
26
137
54
57
152
62
18
40
207
2
16
131
8
131
24
155
55
72
135
110
35
193
189
118
191
204
17
185
81
156
183
20
134
184
168
54
39
24
73
30
147
168
103
99
205
63
108
24
170
12
173
72
162
87
30
38
51
30
64
15
87
134
74
111
5
106
52
179
174
195
172
162
116
5
198
119
74
105
42
58
33
16
71
175
70
98
176
204
115
46
3
134
63
83
170
158
200
175
11
72
106
150
3
163
105
73
33
182
152
40
188
19
47
177
52
45
92
195
166
93
123
19
44
164
195
119
57
38
98
98
124
3
174
149
168
145
21
28
93
85
42
148
114
144
59
117
132
174
39
64
67
56
177
47
39
169
154
179
183
153
61
12
138
35
13
210
1
73
17
207
95
24
163
28
68
150
185
120
144
159
169
210
105
74
159
170
205
119
127
37
76
145
73
63
43
87
68
90
70
120
44
110
53
205
159
12
172
190
208
203
23
166
86
173
144
37
37
34
211
52
207
2
211
189
109
23
70
53
3
151
101
27
73
93
129
74
116
100
92
167
89
78
148
122
22
158
57
79
18
85
2
65
50
195
122
25
148
28
104
180
106
177
113
205
173
161
114
133
137
209
40
166
102
28
41
19
56
193
149
117
117
78
48
162
61
88
161
145
16
99
208
27
14
140
130
138
2
86
18
13
186
57
117
82
181
124
83
51
23
186
157
84
203
157
166
138
103
207
142
90
130
130
146
1
14
173
160
14
36
201
80
189
188
149
157
159
161
150
106
184
107
28
205
210
99
108
83
161
154
89
148
161
190
154
13
1
81
177
8
81
113
146
197
154
193
84
23
93
79
199
159
185
5
177
119
88
154
125
50
138
174
88
126
29
24
14
67
7
24
110
207
59
139
189
35
28
158
67
183
92
98
63
55
142
54
179
65
114
177
158
38
183
27
71
165
138
71
154
206
89
103
122
40
79
1
77
48
105
5
159
9
91
65
150
23
180
79
202
177
34
124
162
33
92
87
68
196
204
16
133
116
53
15
110
48
201
167
48
3
38
144
4
139
70
176
132
153
24
198
86
39
63
187
182
180
130
205
124
166
91
6
151
112
187
37
159
162
194
14
198
100
175
153
79
44
9
5
181
104
93
201
133
107
166
109
68
131
183
5
210
54
106
28
93
135
166
121
210
203
211
14
128
33
5
47
51
71
100
122
145
123
112
37
57
25
23
14
93
138
22
65
184
151
77
175
105
61
117
87
187
23
45
169
105
210
30
118
132
169
173
172
43
18
98
146
93
160
104
35
140
83
38
203
17
125
180
125
164
70
51
85
183
106
119
188
178
78
97
192
172
139
16
