Bin size: 225
Number of elements: 10105
12
77
27
198
224
45
29
83
14
75
77
23
126
117
8
172
151
82
148
49
13
63
140
110
140
114
204
224
60
161
103
216
69
114
212
118
192
31
88
116
222
144
144
198
35
6
69
89
95
94
62
162
140
145
47
153
142
99
152
132
8
69
198
92
116
21
194
182
27
107
49
128
127
214
11
50
38
62
216
153
216
19
56
42
171
31
112
41
154
127
185
141
169
147
199
183
121
214
171
214
17
192
68
155
26
114
110
47
3
101
126
189
40
96
112
179
9
187
95
71
219
76
31
118
81
181
183
40
90
191
68
212
160
82
43
216
26
207
202
39
30
1
151
106
217
68
65
144
155
76
146
211
73
84
33
115
92
14
7
204
55
6
82
154
205
120
76
98
108
121
222
144
99
99
51
92
177
119
65
116
73
87
59
25
30
92
111
47
25
85
219
65
132
221
165
81
183
114
105
91
26
14
53
117
8
72
50
183
128
69
198
204
2
147
173
225
117
129
126
98
154
222
91
44
175
121
6
14
100
115
35
215
161
92
32
127
32
119
132
117
175
202
160
54
108
193
64
10
171
190
74
64
205
71
219
16
168
31
198
156
141
130
151
166
181
185
161
7
70
185
81
143
179
128
119
92
150
16
1
84
212
185
117
96
218
29
215
35
221
88
91
14
24
108
18
1
5
54
51
148
197
127
19
89
118
165
46
113
107
72
209
99
204
157
216
158
116
205
71
215
170
202
186
66
211
215
126
206
154
204
45
186
143
174
103
58
52
93
17
186
173
95
188
220
86
108
43
205
1
117
217
215
137
60
105
101
28
35
4
10
125
54
151
7
188
85
52
56
150
203
108
37
149
10
104
26
97
117
79
202
56
20
65
141
20
100
201
88
113
82
206
43
206
213
151
124
75
166
87
127
94
153
132
58
1
15
2
185
27
50
69
195
62
35
214
138
163
57
86
211
199
212
81
90
186
86
220
89
18
98
114
96
113
139
97
131
38
32
188
123
93
10
1
212
84
18
200
49
56
46
130
52
102
123
102
57
160
36
29
114
179
58
102
35
57
82
58
78
10
121
96
31
82
165
26
222
99
149
136
31
24
119
99
80
85
130
197
93
26
8
142
45
209
113
59
125
90
17
10
169
70
49
141
3
121
184
198
154
120
16
157
96
34
113
96
55
163
203
164
89
173
224
114
189
196
108
65
110
96
64
76
109
214
41
15
124
147
77
59
187
161
215
145
160
148
222
211
177
130
178
142
139
197
145
223
182
84
65
143
163
44
28
68
107
2
10
209
172
119
195
67
209
29
195
184
154
120
53
219
48
98
34
11
151
147
180
128
152
64
189
173
12
177
163
5
206
133
192
196
50
53
155
161
220
67
201
174
184
183
209
23
164
192
216
202
196
32
83
45
146
106
27
102
139
138
205
18
114
37
45
60
40
120
80
187
129
166
122
172
74
84
115
140
89
71
224
84
7
50
104
185
61
9
160
201
118
174
26
79
213
6
120
150
5
115
85
145
43
170
207
123
93
211
156
225
58
87
173
12
116
211
169
24
81
173
129
32
153
149
124
16
160
23
167
112
203
121
55
53
176
120
22
85
164
65
70
126
162
22
172
50
114
4
20
97
43
184
11
165
203
185
149
31
11
210
225
14
152
93
142
81
127
101
171
69
21
169
73
94
41
128
195
109
125
154
82
35
215
155
33
138
60
11
173
153
52
214
189
162
7
176
209
78
27
149
25
161
106
209
35
150
205
209
20
130
79
153
143
22
101
90
12
65
157
171
5
193
13
224
111
84
208
185
213
44
155
208
4
17
48
157
49
181
43
92
116
112
176
132
107
67
224
215
206
47
184
130
126
210
141
15
103
38
53
33
208
219
167
151
91
221
113
93
166
95
151
175
120
180
44
77
132
224
150
11
190
100
13
48
214
126
70
75
80
111
152
220
171
94
180
74
201
101
21
91
177
32
5
211
58
51
215
15
155
202
159
225
43
128
223
124
192
84
10
94
223
33
213
128
112
185
114
204
157
93
63
159
136
181
181
189
60
117
48
14
135
149
52
214
19
187
212
6
216
174
181
199
157
188
37
196
19
32
211
183
177
119
29
10
28
200
137
138
125
120
213
35
140
145
38
76
38
124
187
45
36
224
83
4
209
201
112
103
75
88
39
209
58
43
212
10
179
46
93
213
164
126
59
46
35
203
102
130
147
173
62
147
219
93
77
185
14
51
23
151
42
52
24
212
224
184
221
169
142
190
54
165
106
209
202
204
124
100
105
4
130
35
209
13
52
26
85
69
116
121
62
18
43
198
119
204
127
82
101
73
115
75
4
216
58
188
12
190
52
160
163
31
71
34
21
128
223
155
160
218
13
179
192
25
54
47
96
20
78
26
160
10
160
20
161
189
67
102
86
177
12
77
187
224
82
89
126
89
162
68
202
130
91
215
201
223
126
25
127
6
214
162
170
119
169
25
165
46
173
57
70
46
211
35
149
212
79
80
160
154
163
1
186
41
8
205
127
203
215
33
65
193
192
100
212
50
90
198
114
28
54
137
125
23
158
94
182
125
71
54
195
137
186
63
217
83
68
162
74
93
69
90
138
203
64
163
215
27
225
134
95
188
92
141
205
6
44
69
62
190
50
34
198
166
63
195
198
175
166
15
75
33
63
135
116
108
86
211
7
171
5
124
205
187
11
55
68
88
151
157
94
160
167
110
224
142
217
185
220
197
146
220
20
152
79
112
117
222
134
93
98
100
192
197
191
63
47
129
12
225
85
29
30
141
56
137
210
159
179
181
116
212
213
178
84
165
5
110
115
49
70
169
44
165
193
96
43
148
154
108
96
190
99
14
68
137
27
159
57
76
93
151
192
80
55
82
85
132
70
108
180
216
171
68
11
35
155
222
188
141
164
99
92
34
217
86
111
91
52
225
213
49
23
57
217
24
36
124
34
168
114
4
97
177
38
220
156
48
182
161
172
41
222
137
171
154
93
32
198
213
168
24
64
216
219
100
42
122
210
205
51
194
33
148
174
35
31
63
56
134
73
182
94
8
165
41
64
60
47
124
106
12
28
159
204
215
87
108
50
89
52
152
126
200
57
130
72
165
68
124
220
151
4
100
74
57
70
221
82
135
136
53
116
83
91
104
43
108
141
118
90
8
55
216
151
117
188
106
170
215
51
121
59
49
150
217
1
32
190
66
172
65
178
163
48
132
158
31
189
12
189
106
41
224
5
53
16
192
139
147
63
195
122
31
188
90
128
73
9
88
44
214
147
33
61
47
147
197
3
7
164
10
43
223
204
162
11
10
203
67
7
96
40
44
77
102
54
224
84
170
118
104
40
156
199
164
105
117
4
132
45
137
225
117
70
194
182
132
18
218
197
171
101
163
141
150
188
13
127
202
26
158
147
48
3
168
126
31
132
91
1
50
65
97
96
83
217
113
60
38
50
187
94
10
156
216
173
132
54
118
92
184
115
6
136
182
7
148
176
13
165
222
119
135
218
63
225
143
220
183
67
166
61
40
16
123
169
40
9
149
207
44
26
66
120
96
154
186
142
88
159
14
63
123
151
77
87
130
176
32
92
48
76
10
67
223
41
33
174
87
159
21
180
53
53
203
45
26
156
152
114
155
189
31
107
113
195
122
33
8
223
78
221
215
48
71
103
146
178
88
73
49
162
196
221
199
58
168
137
175
129
51
16
139
122
111
70
147
75
167
131
126
84
99
174
155
97
117
25
31
178
205
192
174
170
83
151
225
130
43
63
164
57
153
44
103
193
136
142
155
177
24
67
92
176
157
24
58
148
200
29
121
81
21
100
171
124
38
68
187
163
189
149
82
186
164
34
170
114
111
115
209
83
203
204
130
11
25
174
177
108
151
109
160
136
222
181
194
102
32
210
11
189
175
218
191
199
209
184
155
47
64
191
72
191
38
19
107
11
49
95
215
95
32
19
65
107
112
113
79
57
168
204
6
86
5
47
9
42
79
35
146
42
1
56
154
12
157
182
184
18
49
56
133
40
197
193
198
209
174
103
219
54
142
165
78
30
65
114
151
113
102
200
18
221
137
29
49
128
45
205
174
99
75
210
102
33
58
16
122
77
202
151
13
121
103
55
140
85
217
143
178
175
52
109
128
105
64
19
53
153
178
184
86
66
92
180
69
34
55
213
108
36
182
52
204
144
215
220
109
96
72
187
104
110
135
81
44
34
225
113
38
126
149
132
44
171
174
58
50
107
83
101
7
187
100
122
89
59
61
187
199
67
2
189
150
62
7
72
24
157
65
95
183
163
11
41
42
59
77
104
35
23
2
93
198
212
44
184
194
87
119
215
135
161
180
49
115
189
100
66
84
164
66
149
185
160
95
221
203
28
219
58
163
49
204
190
114
146
123
183
48
132
148
202
10
73
124
199
148
10
77
60
18
190
18
38
104
5
212
124
195
97
19
79
67
219
208
115
207
72
1
184
73
136
106
2
60
37
100
209
2
75
45
114
146
207
33
144
135
73
36
152
52
24
111
162
67
111
14
179
139
106
61
205
139
32
223
15
56
88
104
149
142
70
21
4
102
143
55
88
216
201
215
139
153
65
120
73
167
24
158
169
179
203
149
93
221
216
5
43
96
58
28
204
216
152
136
53
144
62
95
102
137
65
170
142
132
203
91
224
18
200
34
100
187
28
173
151
195
38
219
221
103
76
107
125
49
70
214
2
52
166
66
218
161
73
221
171
94
118
179
144
51
87
85
121
221
3
86
3
145
183
211
206
60
222
67
85
22
152
82
176
104
192
139
172
120
51
165
186
85
107
161
148
202
142
10
31
79
162
149
223
62
153
4
222
72
16
137
16
161
100
166
17
83
201
15
58
151
24
170
164
72
40
139
137
34
91
168
192
28
190
126
203
28
83
202
139
33
216
88
125
175
84
115
39
143
84
62
120
126
144
141
211
201
165
170
37
44
164
126
32
225
187
105
107
30
139
152
176
28
162
128
120
5
98
185
24
153
19
31
165
49
2
51
63
215
179
177
57
105
140
172
200
214
142
38
206
35
191
207
93
112
136
54
61
201
48
194
187
224
85
81
151
58
20
93
217
50
147
139
115
207
28
199
56
32
141
220
22
136
2
6
13
152
176
34
156
113
113
122
160
166
158
52
151
23
205
223
188
35
134
118
214
134
117
212
161
41
175
42
20
68
142
171
168
164
67
102
143
175
47
85
47
131
86
155
159
115
75
203
206
35
108
116
200
97
195
217
105
130
10
158
195
142
30
22
38
47
68
147
97
209
109
136
193
178
151
137
172
71
223
154
34
205
139
205
26
73
168
171
211
99
9
223
70
195
94
69
11
30
118
194
156
25
18
134
102
129
5
76
99
93
110
35
102
22
189
52
76
96
58
207
149
104
212
53
103
189
148
59
180
67
224
61
86
83
3
108
121
148
143
112
185
4
191
88
215
59
196
63
187
163
64
18
78
31
150
171
219
176
87
4
91
177
8
200
20
185
94
8
17
35
53
6
133
38
43
200
123
220
207
114
90
186
225
100
48
47
58
156
202
103
181
146
133
170
100
115
135
21
154
186
97
144
25
108
90
101
155
12
139
53
116
140
118
9
137
122
130
91
127
200
144
120
79
67
44
106
2
219
158
1
189
133
130
106
89
126
104
3
168
197
28
29
140
99
179
153
84
51
152
86
34
24
47
46
115
122
186
126
47
137
50
112
41
199
123
96
139
206
102
183
103
198
181
163
222
225
135
138
189
218
172
220
101
90
158
14
204
207
170
128
46
223
76
185
34
215
32
111
106
43
133
24
65
78
168
53
162
205
9
19
84
76
98
141
40
185
13
47
131
179
14
163
7
205
27
221
105
201
202
225
195
73
4
44
3
166
28
92
39
216
27
174
201
177
47
27
225
73
6
147
134
94
9
218
25
139
77
91
111
3
61
211
45
16
92
99
209
93
55
45
2
218
34
20
198
147
80
123
98
209
95
205
188
54
183
53
214
66
122
198
202
109
29
124
202
184
190
107
62
129
180
147
128
206
101
170
144
94
1
118
6
32
137
198
16
115
61
220
27
176
66
170
113
55
97
41
48
140
203
169
210
104
89
17
104
58
57
135
180
54
101
145
164
143
54
217
64
18
40
214
109
130
178
79
97
22
46
82
55
111
12
52
85
183
70
96
95
129
204
137
16
155
167
47
136
35
56
104
52
112
135
51
149
11
143
151
106
32
165
36
52
215
57
96
192
126
123
217
90
90
63
60
55
176
118
43
160
158
17
35
59
70
117
111
174
207
198
68
165
86
10
169
18
187
183
141
187
175
14
41
204
76
98
20
100
54
26
98
59
209
41
48
88
150
171
128
85
4
78
142
112
139
131
62
40
64
116
91
156
197
70
207
141
94
133
97
147
222
189
35
12
188
172
67
137
25
25
40
167
51
37
60
83
135
43
209
87
27
220
79
153
15
5
180
57
159
56
128
99
210
137
139
24
149
171
209
100
156
163
223
61
168
132
163
145
90
71
67
84
72
58
19
17
13
44
193
135
33
148
222
222
218
172
27
134
20
17
30
180
60
176
202
58
126
6
79
213
12
103
214
23
192
166
111
148
223
90
103
210
155
107
215
73
57
34
47
224
140
20
65
1
16
81
119
192
36
82
119
22
100
199
63
149
156
49
51
86
150
61
102
133
140
159
73
192
154
100
33
113
64
83
58
29
126
135
10
63
122
115
21
59
102
133
134
63
30
67
104
75
217
67
128
180
45
192
132
22
161
169
141
156
119
155
173
126
108
19
34
72
96
42
8
71
76
112
104
135
74
220
198
205
129
185
15
185
111
84
46
156
72
97
165
96
92
55
4
187
42
113
91
5
170
223
94
108
82
207
65
54
19
118
204
63
205
77
148
56
109
76
32
148
63
41
36
5
222
35
124
148
52
118
157
156
91
158
127
45
159
60
38
129
201
133
56
11
80
1
142
145
99
82
156
202
156
83
152
147
3
46
90
62
37
217
17
23
39
186
112
61
131
3
221
167
55
131
134
52
152
85
65
82
113
179
121
215
167
139
192
4
193
184
97
4
145
38
168
220
3
89
143
51
142
201
163
221
37
60
145
93
164
112
128
152
126
27
11
2
155
142
2
59
144
71
220
23
164
148
82
159
119
4
157
217
125
80
22
27
224
142
75
50
95
23
217
21
78
145
192
31
34
67
100
23
157
87
160
163
106
7
125
73
151
44
205
142
6
65
81
87
104
1
80
2
205
39
154
219
178
100
143
188
140
222
201
64
48
191
172
83
166
23
157
165
169
193
101
165
179
218
91
100
214
98
199
174
11
161
8
87
145
114
49
165
48
39
55
48
34
139
25
84
66
68
214
41
150
38
20
122
19
58
25
151
11
61
130
87
18
168
22
41
71
43
187
143
155
55
116
195
98
214
38
166
23
71
119
219
82
132
41
160
57
21
210
157
81
13
189
2
134
134
135
82
221
198
163
172
158
133
13
219
79
215
156
47
209
224
53
102
134
35
181
35
147
33
165
42
119
142
69
181
166
93
25
153
214
205
209
60
75
209
5
92
50
66
197
133
35
109
54
53
199
15
48
42
174
188
200
201
120
111
130
192
144
212
93
105
62
173
77
215
190
203
18
193
75
47
166
70
191
141
22
148
170
99
120
197
145
111
137
208
56
96
55
85
31
122
36
170
131
112
8
76
155
204
89
165
20
165
168
52
21
136
10
118
52
91
150
162
103
188
124
62
51
78
25
36
159
100
179
138
47
85
183
191
172
38
184
75
100
44
152
163
128
190
115
16
123
86
115
108
103
154
144
145
166
96
161
54
153
66
154
169
121
193
2
82
214
19
85
54
126
215
167
225
81
34
205
43
32
146
83
76
20
204
40
98
14
104
10
195
154
205
121
82
140
163
127
218
192
178
220
3
166
89
220
144
13
25
148
203
200
26
143
60
84
140
37
16
14
107
127
155
76
70
10
50
6
124
74
211
183
4
84
14
129
34
188
102
13
164
101
19
128
92
170
150
123
155
206
112
210
133
100
41
49
217
181
12
211
76
138
225
42
37
86
188
88
138
17
117
35
76
182
98
138
35
83
52
215
84
196
3
63
34
15
81
8
77
99
21
117
105
3
193
191
138
80
49
202
149
199
116
81
164
187
160
19
120
177
21
43
75
160
59
89
14
173
158
26
149
10
220
120
196
104
207
214
77
198
44
24
144
55
64
219
125
56
44
200
20
144
44
106
185
153
122
183
98
188
82
17
209
179
183
38
105
121
71
212
167
172
173
116
141
127
144
206
220
154
91
65
173
189
207
64
30
45
79
22
95
170
134
175
40
202
120
40
181
7
35
184
157
54
25
116
201
122
102
66
125
41
20
137
51
170
221
63
74
154
33
199
79
161
102
121
7
155
114
47
9
165
7
149
210
96
221
14
149
64
213
54
91
1
101
50
88
144
120
90
41
144
89
39
19
77
167
127
99
21
84
97
15
120
171
84
129
15
87
133
19
154
67
220
129
143
132
181
54
71
127
59
88
4
195
199
142
159
43
153
162
54
34
84
218
155
94
158
1
104
109
45
111
12
91
33
158
16
60
174
199
29
120
183
9
177
36
144
3
127
204
53
181
83
129
9
156
92
124
115
209
159
170
11
197
219
2
86
205
79
192
14
190
24
52
45
67
178
109
182
84
194
16
80
178
3
157
62
220
148
164
61
164
37
92
11
141
96
217
31
216
76
127
15
136
92
208
207
87
186
160
184
78
106
196
78
155
83
172
80
115
47
60
190
3
35
10
171
120
42
190
171
139
163
207
204
96
2
163
46
176
223
146
150
154
44
160
94
103
216
61
191
88
218
54
110
110
212
127
129
1
90
165
182
76
77
108
200
90
140
54
146
151
60
131
167
19
4
140
143
58
122
74
165
172
117
165
26
3
213
74
32
130
112
67
147
31
152
186
53
164
204
94
26
151
84
13
194
79
133
222
26
223
60
63
164
177
210
82
184
212
46
130
3
146
66
25
61
165
141
171
18
68
197
162
191
175
190
206
124
162
222
106
105
12
15
117
211
176
191
3
135
159
19
20
131
102
84
51
74
215
129
180
157
108
134
103
201
128
86
133
138
111
156
46
114
84
72
137
150
150
169
190
99
147
60
16
57
74
157
220
119
90
140
200
216
38
28
103
158
152
98
142
203
203
196
55
46
149
168
141
126
144
124
126
114
28
211
80
190
41
109
11
35
64
33
87
26
18
155
207
11
107
12
110
83
49
189
55
197
216
128
171
211
20
90
201
156
176
61
178
61
51
77
182
206
145
128
60
161
76
26
125
32
17
217
127
83
25
184
94
143
85
206
34
92
180
164
86
87
46
32
201
103
224
138
193
4
155
86
140
200
51
117
219
8
108
207
110
44
61
212
161
24
31
103
2
166
78
129
80
103
159
18
176
114
127
6
195
110
104
96
80
181
65
55
66
55
19
67
147
197
62
111
62
83
189
77
211
209
178
29
44
122
100
114
74
29
8
124
138
167
168
95
41
90
133
10
8
148
85
207
224
46
157
93
27
31
219
71
125
136
136
126
191
125
161
41
124
67
66
117
76
96
44
170
189
86
67
115
58
146
198
38
12
13
107
5
19
55
158
33
76
135
190
14
129
99
128
210
71
39
219
3
62
106
164
111
124
96
105
172
208
109
82
68
51
210
115
12
3
71
198
61
159
184
129
37
213
42
142
137
45
60
162
104
112
100
43
149
174
156
21
88
120
213
74
15
74
162
125
196
49
166
68
158
86
77
125
67
26
23
40
69
157
197
151
122
218
22
51
178
35
119
96
139
3
53
151
118
85
174
71
220
33
191
58
37
223
179
36
136
70
69
108
186
135
165
43
62
194
47
102
152
171
107
114
169
187
22
154
35
136
43
183
172
77
85
63
119
205
210
124
221
134
116
88
91
150
212
193
93
31
147
187
90
121
108
220
198
88
48
51
40
174
83
225
114
142
39
39
98
80
116
25
95
194
9
36
149
121
28
162
15
78
163
71
146
16
86
31
173
147
189
48
37
157
174
143
134
126
29
62
50
167
91
28
121
25
12
119
184
201
196
173
124
159
162
172
44
115
147
52
21
5
156
68
196
7
4
85
16
21
89
223
12
65
206
155
88
209
23
16
41
197
85
153
120
94
170
15
158
189
82
2
185
104
20
195
72
68
29
37
73
126
185
124
77
189
100
205
126
58
195
170
188
163
87
182
91
51
190
126
167
70
99
119
214
201
75
43
35
46
21
187
30
188
150
10
89
225
66
71
95
91
41
179
141
161
77
95
199
57
50
145
19
44
23
48
90
183
79
211
50
28
151
215
200
179
122
152
73
101
183
121
167
61
65
164
83
68
184
44
202
10
208
160
49
168
145
30
49
40
131
190
94
212
95
223
20
222
138
66
41
128
163
53
104
203
82
167
68
122
43
214
161
204
137
59
26
95
87
132
2
120
26
158
175
13
2
140
22
137
10
36
88
60
168
63
174
43
57
60
189
167
121
144
69
101
143
71
67
83
206
194
140
87
18
121
180
150
164
85
34
148
162
219
82
22
102
37
94
208
118
181
110
87
186
132
215
99
87
15
16
29
124
77
20
192
62
20
17
72
71
113
128
93
38
29
100
133
83
159
55
2
156
2
23
63
74
220
36
187
188
170
19
140
25
169
177
118
17
116
21
155
225
14
65
22
173
56
8
195
73
214
8
224
170
4
76
220
65
135
165
23
88
186
21
85
193
169
203
134
121
76
75
140
172
70
134
189
48
215
224
107
17
80
124
186
212
11
79
96
188
189
40
187
214
73
224
224
168
160
22
57
184
150
144
92
209
71
26
193
46
199
74
113
35
51
188
189
167
48
179
203
36
202
70
110
56
122
23
197
204
175
102
68
180
145
174
74
206
180
18
202
88
214
10
202
218
86
180
6
35
139
3
32
209
69
32
116
92
204
152
43
84
39
146
10
220
37
60
99
67
63
181
211
130
198
78
25
38
18
225
120
46
153
114
173
216
147
220
149
176
31
157
23
13
168
88
91
135
185
118
135
27
92
98
28
42
221
1
204
56
47
163
92
158
163
148
216
31
127
185
117
5
141
204
58
224
174
27
72
10
29
35
174
89
137
219
215
209
35
9
106
89
155
64
144
59
183
157
78
130
218
218
81
91
23
16
108
184
1
206
83
108
216
126
125
213
208
108
166
178
37
136
174
138
41
132
81
129
185
206
40
11
125
199
44
92
113
115
174
108
219
158
145
165
63
175
213
93
31
139
62
46
38
31
33
15
224
209
89
200
175
26
165
146
122
77
23
121
32
202
117
57
125
152
198
97
18
130
96
128
30
81
182
114
109
176
34
154
56
16
224
180
100
82
222
160
145
176
177
89
23
57
222
214
168
222
189
88
136
177
42
192
118
2
47
147
138
6
151
7
77
123
191
60
35
206
115
221
71
209
87
2
193
58
225
91
166
155
215
59
178
204
162
41
110
99
92
32
110
139
56
89
131
48
75
191
200
103
144
9
58
153
128
94
45
170
219
46
47
201
40
91
224
208
128
216
206
132
27
54
9
156
158
37
35
14
5
54
138
127
201
215
30
46
184
106
82
123
20
153
198
54
31
8
211
97
84
90
169
49
170
95
205
47
216
92
59
65
100
6
193
93
138
51
128
76
4
211
99
90
180
26
68
125
114
136
206
210
38
17
137
200
141
14
120
132
38
171
129
131
16
156
125
170
202
209
88
44
62
179
223
80
120
59
209
179
143
103
61
107
204
153
147
53
87
91
79
137
8
115
204
162
134
200
26
29
168
34
26
10
217
189
221
51
152
9
94
53
97
154
16
103
53
22
156
98
164
165
82
128
96
216
30
74
96
215
173
72
109
146
157
95
16
108
203
90
178
121
35
201
108
66
21
165
128
157
126
219
70
195
204
157
52
8
83
224
97
148
31
19
93
175
113
114
166
188
38
192
22
51
19
51
100
131
6
214
74
193
161
145
218
181
145
177
97
30
89
119
216
51
20
25
164
145
123
170
23
13
173
97
45
104
170
14
153
174
208
34
117
176
27
173
34
164
194
26
107
56
77
127
22
137
178
55
152
125
2
169
76
200
38
84
8
47
138
174
26
204
205
132
110
120
77
166
136
38
221
134
195
69
139
74
35
219
15
212
218
147
211
80
225
114
96
25
29
3
125
163
87
220
33
190
218
71
207
161
73
104
72
37
4
176
14
167
98
110
217
221
98
193
63
11
130
134
143
61
12
53
166
215
48
75
7
36
84
10
223
147
167
103
29
104
75
124
92
157
53
73
136
102
214
3
16
129
70
148
118
216
33
124
142
24
8
64
150
3
73
28
31
125
39
106
193
159
130
1
210
142
23
207
54
216
132
76
218
180
58
136
86
69
111
147
67
138
200
4
125
221
99
110
117
213
113
106
149
195
106
90
87
76
77
111
138
15
3
14
218
191
139
131
42
51
34
58
221
31
118
164
129
186
83
203
49
141
31
119
43
15
118
105
43
2
170
181
120
11
41
85
90
104
67
7
3
101
139
73
197
56
182
1
36
185
19
115
194
154
42
123
137
50
33
58
187
130
151
40
156
190
48
129
36
140
163
5
151
183
125
121
43
81
77
102
179
80
92
138
113
162
206
38
190
215
1
60
128
55
41
167
175
56
132
107
48
98
206
189
134
173
173
8
102
207
75
138
155
174
181
165
156
83
95
1
30
170
133
177
76
69
148
218
172
95
115
27
72
53
180
177
2
41
95
91
15
188
168
17
168
103
94
201
202
5
134
19
175
82
26
112
213
45
109
93
123
127
141
148
8
221
175
63
68
77
118
202
20
37
148
196
178
40
79
37
16
190
70
120
37
100
126
77
109
189
23
168
165
206
201
119
210
191
121
35
154
57
143
206
70
11
205
27
225
154
48
103
121
1
190
124
12
106
13
141
2
32
49
2
167
211
170
198
27
30
31
60
19
36
192
169
123
202
220
203
139
121
200
130
25
42
136
133
17
202
109
81
106
195
78
24
33
183
126
54
214
76
69
64
64
71
9
125
39
184
20
93
208
47
134
114
98
74
9
186
116
123
67
202
201
145
122
138
51
30
47
98
5
132
4
180
73
8
62
130
217
71
142
77
98
93
34
214
142
140
192
187
73
62
146
171
179
73
95
168
190
201
15
169
97
46
71
139
31
211
138
146
23
45
170
113
80
159
116
32
30
171
97
123
92
196
160
172
194
112
89
145
111
151
33
81
54
139
80
83
106
115
5
204
116
181
61
165
68
73
132
193
184
98
123
108
27
45
70
82
200
73
46
197
143
28
109
224
51
106
171
66
224
194
140
176
90
89
174
8
56
62
51
169
82
17
68
34
13
140
168
61
212
135
145
49
69
157
187
191
197
222
34
80
163
172
38
49
12
193
4
214
165
151
122
194
196
194
68
176
16
144
202
67
179
11
131
143
208
131
123
172
137
137
222
123
149
208
171
40
201
146
125
45
74
76
98
98
160
216
28
61
118
180
131
106
135
202
51
132
87
209
173
145
66
191
142
102
153
116
185
78
177
217
137
131
76
142
86
214
148
4
223
83
189
190
30
88
182
150
135
111
87
75
184
25
213
97
147
24
154
214
73
31
129
39
46
24
169
124
106
93
57
207
161
33
57
27
62
187
83
56
72
120
7
119
195
102
173
145
93
10
221
207
59
201
203
116
125
82
107
14
153
205
89
176
204
155
185
51
46
134
29
49
137
145
141
83
190
171
77
223
196
143
218
149
82
93
58
7
155
44
172
158
96
92
52
42
88
8
164
208
211
142
121
83
115
175
180
8
135
81
35
6
146
145
221
112
20
142
60
165
70
125
212
94
79
173
60
159
207
89
173
64
207
86
122
124
99
96
183
111
71
110
71
115
82
19
107
135
187
144
57
13
219
149
80
144
75
17
160
141
26
135
33
20
194
86
178
159
206
86
34
54
35
48
122
169
41
61
90
6
90
203
8
123
93
85
132
145
183
36
25
213
145
176
105
112
193
32
10
45
126
166
82
52
45
131
96
59
144
34
191
225
168
165
224
174
47
190
204
32
67
90
48
144
152
76
10
209
159
51
194
82
84
37
27
29
132
13
202
133
160
198
217
99
209
9
78
119
145
87
223
22
35
171
15
30
129
33
87
53
120
140
117
70
48
93
131
167
211
41
217
110
29
146
17
164
78
66
163
60
193
143
195
192
149
22
90
16
185
220
222
22
142
76
44
1
129
20
213
172
223
114
163
54
213
170
21
170
47
172
215
174
44
205
28
99
63
156
51
68
56
53
75
152
124
64
88
123
131
147
71
162
126
167
130
71
79
210
35
39
57
2
29
26
194
200
86
42
41
9
160
29
98
198
43
116
104
77
137
170
54
156
170
45
144
43
165
50
169
208
120
216
164
132
202
185
181
99
222
124
13
206
65
179
96
143
26
156
169
169
61
218
214
96
141
68
195
91
212
143
15
67
169
35
137
14
3
68
183
185
220
49
33
144
5
58
150
101
49
54
193
158
208
25
58
107
44
85
34
28
109
176
71
122
4
208
19
50
33
126
210
7
64
97
114
145
51
35
46
40
44
174
87
45
142
221
193
197
97
219
132
94
94
10
97
86
188
186
59
126
209
23
17
99
45
134
127
58
72
18
26
122
135
92
100
34
150
190
191
72
25
13
142
30
13
186
70
77
208
72
34
225
60
30
205
161
16
25
204
168
212
11
47
76
77
206
57
170
99
47
56
160
35
107
115
121
160
160
36
132
80
132
200
202
196
223
221
206
62
103
69
141
73
64
218
196
112
27
221
18
151
205
165
199
43
155
193
58
155
179
7
223
213
114
47
56
17
187
22
205
92
124
2
39
204
38
165
149
65
125
195
208
187
93
145
145
92
160
150
98
115
73
151
105
202
221
40
45
200
127
216
2
172
72
60
55
41
120
37
91
86
81
120
212
177
82
58
3
140
78
92
36
98
129
127
120
160
100
31
165
65
7
8
187
6
126
32
72
188
29
203
35
89
99
138
219
171
91
61
171
140
146
107
26
37
216
59
33
71
141
219
159
176
99
157
107
51
2
116
177
21
85
122
178
150
197
133
151
111
53
130
33
168
142
185
117
191
95
213
174
107
136
122
8
43
13
135
197
218
156
90
109
77
85
183
158
65
127
202
79
149
208
57
214
161
53
201
66
73
5
55
162
96
17
97
46
164
34
69
105
195
119
103
113
222
33
4
167
83
29
59
19
130
105
183
164
163
126
174
104
135
192
69
158
173
198
206
219
63
31
38
11
60
35
177
51
131
26
162
101
123
14
71
19
21
133
165
71
170
67
133
189
136
28
25
151
142
175
42
88
217
15
105
212
44
4
221
141
38
197
160
103
175
35
94
64
178
183
41
136
40
108
46
211
36
125
9
200
9
108
183
225
209
60
175
82
130
161
85
182
206
41
37
53
74
27
178
46
91
173
12
125
133
99
19
33
54
225
156
57
132
209
110
73
92
68
135
16
154
134
142
180
218
43
27
4
19
114
187
14
112
167
42
99
195
224
113
32
101
67
214
198
72
188
221
138
8
31
57
56
191
135
106
133
128
218
32
225
9
194
168
28
88
112
204
87
121
217
205
128
169
95
69
208
196
98
85
182
81
134
224
144
95
75
169
100
94
52
63
180
17
30
81
71
75
74
168
25
73
190
143
210
109
187
94
144
198
118
122
174
156
8
91
214
221
95
166
96
66
75
57
36
222
67
57
16
212
86
108
214
4
176
173
182
130
22
209
165
139
172
188
179
27
59
1
104
175
23
144
46
202
122
204
199
169
67
19
100
195
43
81
28
118
183
74
49
11
177
121
205
201
36
26
65
186
169
34
213
105
14
90
19
224
113
197
11
10
41
44
106
161
116
141
51
49
67
155
74
169
129
73
165
44
200
210
180
147
11
36
175
10
117
161
72
174
1
126
102
2
112
105
172
55
84
61
3
119
147
48
81
78
137
67
149
18
67
3
52
197
109
156
77
15
132
80
145
99
218
67
69
66
215
92
85
174
84
4
92
170
73
42
170
125
34
52
89
188
42
224
70
62
18
83
149
24
188
150
14
21
159
182
44
66
76
115
204
194
58
138
170
36
222
218
136
145
97
163
103
81
78
84
77
95
170
149
64
102
36
84
204
191
91
201
62
156
143
192
192
55
163
66
78
71
2
92
67
38
176
114
225
72
75
169
40
58
168
7
97
19
190
137
27
45
198
82
164
53
104
209
51
1
107
129
38
146
42
113
104
213
1
7
202
120
109
69
101
194
67
64
84
194
210
48
181
138
129
58
100
164
162
173
90
223
120
50
210
72
158
68
29
73
222
60
12
140
48
114
10
119
137
51
14
1
179
55
3
94
178
59
222
75
105
62
49
115
180
123
73
63
73
19
31
144
132
177
224
204
121
19
192
12
222
119
10
174
219
178
179
204
49
89
181
15
23
185
79
56
196
194
117
134
203
171
185
220
168
16
155
125
190
62
164
69
70
193
129
100
65
1
112
157
147
223
145
134
173
25
204
99
18
63
213
13
10
119
206
35
194
18
137
218
207
60
167
224
160
59
1
119
34
81
65
82
224
191
66
50
221
59
62
67
185
158
68
225
29
178
164
214
94
14
17
100
56
214
146
171
110
180
100
46
42
52
219
63
118
154
112
44
125
39
58
159
26
14
184
84
108
71
129
138
189
144
185
10
116
196
138
101
72
93
141
7
11
143
6
166
80
192
42
45
168
21
88
26
87
189
171
23
193
147
92
132
144
26
186
174
90
104
47
152
151
16
8
210
119
70
201
74
51
55
203
32
149
115
133
168
129
187
46
145
37
177
178
112
173
8
85
212
134
117
146
139
113
30
76
83
198
217
116
122
104
116
115
36
204
48
219
3
87
28
9
187
92
10
4
93
55
3
91
189
21
208
54
20
42
222
218
184
95
189
35
141
55
115
34
205
111
149
222
42
205
85
53
217
209
60
125
69
6
180
13
138
161
138
33
181
157
210
14
107
85
108
92
161
21
216
98
16
222
130
169
74
85
70
80
30
192
49
162
181
32
134
117
95
198
181
80
218
13
68
124
50
216
176
119
43
141
95
203
28
207
178
153
107
58
105
72
179
184
54
129
42
11
138
23
185
143
106
207
12
2
191
133
183
162
59
211
64
124
106
158
83
98
79
72
11
122
50
94
141
209
38
25
139
58
203
123
95
213
15
93
193
212
86
39
79
28
139
11
215
204
36
127
44
44
194
107
125
75
4
128
131
221
113
149
142
49
95
140
175
48
111
157
183
23
139
4
222
93
111
65
1
128
152
225
137
118
17
124
110
140
203
186
57
210
177
132
197
94
78
210
120
11
74
197
118
225
78
161
201
154
116
94
95
223
71
164
223
189
173
36
118
81
55
38
97
136
70
38
22
174
144
224
183
71
70
121
134
26
179
27
99
51
134
10
6
47
150
91
29
61
182
222
210
177
175
108
213
147
224
179
88
56
196
131
199
89
7
54
144
185
56
218
156
27
104
97
69
18
10
124
108
131
119
201
61
215
184
185
172
177
125
84
153
162
61
62
6
163
214
52
142
128
213
177
19
17
96
124
124
177
43
172
157
74
67
59
67
130
181
218
64
53
208
225
102
24
18
67
159
128
131
100
93
74
45
4
90
115
100
81
47
128
49
38
89
53
91
141
35
11
6
30
218
104
202
199
172
166
18
133
213
11
223
160
118
60
176
92
218
208
88
81
111
169
179
25
40
201
28
112
179
177
144
2
30
29
13
116
105
219
97
34
222
96
115
59
56
153
124
149
28
102
133
84
58
214
132
25
200
139
19
113
146
174
208
3
14
71
210
16
156
19
167
130
40
141
161
101
205
43
74
67
208
163
141
138
26
138
217
15
38
141
193
161
128
85
175
184
72
219
89
23
138
81
83
206
27
2
143
162
96
40
8
183
21
216
77
212
176
164
208
157
42
100
185
60
223
90
110
22
77
149
79
100
92
111
1
167
15
93
58
195
25
100
16
16
54
64
36
101
159
190
68
56
155
123
52
51
83
88
162
124
62
113
138
85
115
46
109
104
128
97
49
111
163
39
209
207
70
82
132
52
212
71
44
100
56
59
135
151
192
48
177
34
11
86
21
15
23
22
190
205
82
208
177
169
176
25
25
22
68
45
9
96
52
176
152
153
181
210
61
15
47
189
30
152
159
101
45
47
192
180
150
37
118
183
23
73
22
221
47
79
48
55
188
118
92
212
161
107
94
73
65
197
224
97
25
103
1
181
112
219
203
72
139
137
193
25
142
148
133
44
76
192
57
167
116
204
222
120
86
42
68
56
107
87
1
142
222
91
52
107
142
33
21
154
63
67
123
40
202
96
75
173
160
183
70
70
81
142
5
131
64
210
19
115
180
193
206
27
38
57
67
142
106
127
111
178
50
108
12
63
102
66
192
116
127
84
146
176
42
109
55
201
62
184
76
7
216
191
55
102
166
20
13
11
119
179
19
123
67
105
55
77
25
195
156
108
61
169
196
69
84
61
94
183
84
83
76
56
54
187
114
19
43
24
205
186
142
5
179
54
54
154
184
225
92
215
44
138
159
141
28
154
35
83
211
51
218
54
21
179
136
11
146
158
104
141
140
81
181
56
163
34
104
225
205
191
73
4
130
163
203
173
126
213
36
114
161
175
59
36
139
86
14
141
162
175
32
78
91
121
104
157
140
96
28
69
8
225
63
208
49
147
205
211
8
49
43
183
64
90
214
32
100
216
54
207
182
84
5
195
57
52
183
109
143
48
102
76
43
190
74
207
45
159
211
3
20
177
57
28
36
10
42
207
88
26
55
27
47
49
187
101
121
224
112
122
70
4
72
172
62
18
148
195
30
77
165
88
28
104
196
114
104
153
170
148
135
165
173
29
193
221
52
5
186
7
119
174
183
75
8
108
164
2
67
160
45
24
45
136
200
34
131
14
176
123
118
202
176
203
95
143
225
199
21
103
218
93
98
111
94
115
98
49
96
6
21
53
100
185
65
53
39
160
171
221
61
143
29
170
172
9
77
111
28
102
222
15
97
125
154
18
60
200
46
78
187
102
212
6
77
2
30
5
171
7
140
182
10
104
208
86
54
78
10
75
32
141
211
87
196
205
73
202
76
33
93
218
86
114
55
159
132
131
92
64
147
86
122
5
172
9
38
146
180
91
116
88
179
8
100
35
224
215
209
107
156
213
83
50
30
140
146
93
35
177
221
118
117
224
127
180
117
31
108
25
45
28
125
144
80
129
160
139
139
90
161
204
220
179
149
196
150
217
6
122
133
83
177
76
90
207
45
18
209
177
112
46
197
196
89
32
123
46
39
3
223
145
223
120
31
38
110
29
51
47
150
161
131
5
213
122
151
22
103
190
117
224
195
154
164
197
118
146
159
7
54
74
92
114
180
196
95
197
49
165
27
127
178
6
165
18
35
128
56
159
32
149
75
178
89
78
29
203
181
102
51
131
68
78
8
42
188
171
141
158
50
60
78
12
53
115
145
95
72
22
12
173
85
113
175
96
117
216
44
28
182
114
54
90
224
197
218
106
134
176
128
59
207
166
118
11
104
196
44
155
95
213
158
217
90
169
174
203
221
106
71
68
97
175
115
186
156
60
134
49
181
217
190
27
25
88
1
11
171
108
23
157
149
47
111
168
130
118
19
158
176
104
205
38
163
191
148
17
59
45
37
12
17
146
180
40
122
184
64
156
160
135
162
31
188
144
132
149
165
46
214
180
81
188
105
23
224
173
121
122
17
151
139
79
180
157
176
66
161
53
148
12
213
193
22
111
215
65
108
217
145
52
213
200
11
178
179
225
39
41
215
79
59
59
152
99
76
203
141
29
217
23
19
38
19
221
61
54
32
91
158
96
189
37
24
204
171
222
126
106
87
148
130
42
49
149
40
16
92
145
88
70
172
205
81
180
222
178
185
63
169
124
179
103
146
212
60
168
211
6
8
46
187
70
24
75
79
93
148
33
172
186
80
175
71
65
116
108
44
94
154
137
167
3
110
97
106
103
157
65
165
32
34
143
191
149
158
223
19
214
38
149
20
6
57
90
76
70
97
176
155
177
39
60
74
96
42
63
71
79
216
142
101
33
165
194
65
164
153
189
30
187
87
212
38
211
169
195
35
16
172
192
190
80
72
118
188
149
149
75
135
5
7
130
58
140
11
175
23
89
92
189
220
61
208
21
68
4
47
180
225
118
18
41
147
20
89
70
193
217
4
91
39
217
147
91
24
90
126
107
45
5
118
69
147
203
209
163
216
94
149
28
134
121
57
146
47
156
165
201
135
79
202
33
134
64
213
192
211
53
216
208
119
63
70
45
161
174
201
208
154
32
11
157
217
54
24
175
93
23
171
184
124
53
210
142
156
111
67
80
27
171
97
191
102
66
95
158
119
143
174
103
64
109
161
39
110
129
69
62
218
44
72
22
73
71
106
40
77
130
100
127
31
156
36
201
71
214
173
3
172
98
65
54
45
154
32
28
55
32
116
186
134
178
46
146
184
165
113
108
110
58
194
17
123
64
30
3
73
124
165
94
29
20
118
12
46
189
213
95
126
61
177
19
112
197
218
214
130
97
205
205
99
126
82
98
33
4
30
34
138
144
127
136
92
107
168
116
65
21
24
193
186
75
46
222
20
19
222
5
96
181
199
29
94
134
220
88
99
126
4
26
140
29
15
45
158
166
116
66
188
10
104
224
130
76
175
61
219
97
165
128
81
134
149
207
73
136
8
84
72
214
53
170
153
141
120
135
206
168
222
126
7
90
102
72
180
166
134
53
39
65
80
98
147
5
107
64
176
59
129
59
3
18
137
79
193
17
207
5
124
205
114
163
117
210
24
137
113
114
49
179
131
140
106
65
60
37
169
175
98
48
207
82
60
79
79
58
14
134
58
184
151
35
102
89
70
136
60
117
121
110
71
168
160
109
45
125
100
138
130
24
105
194
127
153
179
150
71
189
89
132
78
6
43
43
69
132
215
6
23
114
147
210
128
66
144
160
114
133
142
77
93
216
87
95
64
87
219
136
124
132
166
19
153
42
79
11
223
42
213
21
187
205
187
80
186
186
61
212
158
29
128
195
10
25
19
48
110
133
174
197
9
124
137
84
138
90
111
183
102
153
86
210
161
79
191
134
107
216
173
187
66
218
157
134
177
170
22
46
192
72
218
6
167
220
59
192
180
144
15
146
111
26
198
11
69
75
17
33
23
179
70
118
223
202
175
117
213
20
36
179
39
175
128
88
193
48
8
26
192
68
193
16
192
71
163
170
206
30
129
163
90
105
9
93
13
197
172
11
120
38
218
198
106
189
113
63
77
195
212
73
67
7
119
99
124
74
68
190
84
204
88
24
64
204
70
21
184
110
215
42
48
222
58
28
84
178
130
101
152
46
121
184
161
170
79
166
102
41
168
112
3
16
31
42
69
197
31
136
107
135
78
203
117
185
7
118
164
77
149
175
203
180
222
217
47
7
48
129
26
182
189
104
204
209
181
74
71
57
213
205
40
74
63
170
70
186
35
41
102
191
30
53
197
104
101
59
8
128
197
101
197
64
46
106
78
119
185
204
69
122
116
144
67
43
72
185
105
196
23
83
149
187
128
17
178
78
147
158
129
13
109
62
36
65
154
202
136
181
88
37
140
152
53
12
1
126
86
178
196
140
1
180
5
163
151
64
219
91
169
85
107
51
72
30
22
186
5
157
204
207
8
59
68
3
123
64
9
78
23
85
134
203
211
46
85
190
112
65
192
224
95
75
23
33
178
62
74
40
171
125
152
208
99
140
171
147
157
183
180
210
111
212
84
60
105
21
136
152
196
202
64
184
47
152
44
180
161
90
23
30
94
71
4
135
111
111
149
210
155
47
139
78
178
91
67
190
91
182
164
76
17
114
9
12
29
208
183
199
180
38
134
100
198
148
105
134
138
176
16
52
116
24
69
160
137
80
177
101
198
188
64
78
183
122
131
175
118
141
112
195
91
215
115
123
19
225
219
178
75
26
194
217
142
96
224
208
70
103
177
198
137
72
213
136
87
41
20
132
34
48
159
68
124
196
205
118
205
152
31
209
20
41
76
205
153
197
33
133
144
17
52
126
96
200
83
148
33
60
164
122
117
22
111
89
39
2
62
75
77
79
160
108
70
70
35
154
104
151
197
46
135
39
169
76
18
150
73
42
39
123
38
64
119
8
94
178
140
221
197
57
203
157
71
171
164
59
99
127
36
114
112
134
130
100
141
136
60
134
10
167
54
20
80
105
61
165
168
150
96
150
70
136
65
68
102
72
210
79
48
109
182
184
73
134
166
159
2
137
206
218
193
171
219
4
121
88
36
158
194
1
64
51
87
164
64
193
166
123
50
165
3
76
8
50
164
223
143
118
82
19
162
47
7
182
74
95
118
205
60
84
213
39
76
81
36
44
212
122
86
123
140
224
180
111
3
65
97
156
26
28
41
11
210
211
203
16
60
135
47
135
208
98
204
168
148
188
66
59
220
166
210
61
58
224
24
127
156
111
16
41
95
111
212
209
90
57
54
22
156
106
79
31
128
104
123
121
2
52
144
135
98
203
61
197
196
203
93
105
61
104
222
42
132
183
73
199
188
65
189
183
148
68
132
219
191
169
2
207
193
217
14
57
133
174
190
80
152
125
186
148
210
100
63
140
17
12
145
90
85
221
95
169
178
144
158
51
217
100
97
89
140
124
117
192
30
174
