Bin size: 271
Number of elements: 10079
152
21
219
209
75
51
146
136
97
67
44
202
122
127
238
6
79
73
242
119
137
98
62
123
234
145
37
86
152
97
77
28
4
15
163
82
81
71
239
258
141
46
79
75
134
225
134
123
137
4
119
12
81
32
195
34
58
260
23
192
17
94
236
148
104
102
9
193
195
73
12
157
255
130
35
19
261
120
44
1
223
33
23
124
217
233
249
227
46
200
70
55
53
213
167
15
54
230
48
110
232
240
84
126
122
227
179
176
108
231
207
261
75
238
232
21
126
47
34
114
204
55
147
219
135
214
94
248
94
47
138
245
66
195
190
26
15
209
234
117
63
247
265
230
233
132
153
85
204
256
54
156
178
202
162
258
21
83
249
204
17
85
129
249
4
91
120
161
200
96
22
34
265
38
156
252
31
21
271
73
39
270
181
193
181
32
234
142
128
20
38
188
47
33
84
187
154
148
190
53
140
43
178
95
187
87
255
12
3
255
99
191
111
270
20
21
95
270
220
28
188
233
252
214
156
55
29
147
117
250
146
267
198
111
224
147
186
85
236
169
18
7
261
61
38
167
151
27
263
211
124
139
160
247
193
184
268
11
34
198
121
156
41
240
166
123
223
23
133
46
163
271
189
189
42
201
137
251
199
268
182
179
29
146
116
181
29
140
253
101
101
134
34
55
91
236
21
112
75
186
16
129
26
255
228
195
149
46
79
15
208
166
245
255
101
266
190
201
220
38
265
218
112
110
89
92
58
125
211
39
227
9
57
248
159
123
221
138
118
100
40
24
199
157
26
155
111
241
65
32
212
131
60
188
118
249
37
245
57
124
110
110
13
185
97
39
96
222
118
174
129
96
34
60
57
166
160
265
118
25
143
172
173
67
10
71
154
61
2
265
75
246
66
82
134
46
124
233
209
240
104
156
180
203
119
47
36
41
220
31
133
256
81
185
86
222
17
261
124
80
48
224
95
95
261
260
44
115
60
40
155
170
219
183
134
127
135
224
240
56
189
209
114
98
96
53
1
120
117
34
18
64
77
48
27
79
186
129
21
110
155
19
112
248
57
120
115
187
44
37
178
125
100
38
41
16
178
226
71
175
76
217
207
228
80
203
239
255
74
25
52
264
92
141
174
158
144
4
151
10
75
76
8
175
20
167
51
21
180
129
129
240
125
244
170
116
169
10
265
51
241
169
136
10
67
79
92
192
146
248
158
11
114
21
230
31
92
235
100
148
243
250
135
133
150
152
3
248
145
90
15
224
217
44
119
257
24
117
162
43
118
14
266
226
261
165
79
198
116
36
235
188
216
236
150
222
26
208
99
36
217
271
244
17
112
269
130
35
57
226
20
106
194
260
121
27
82
44
64
260
266
216
122
30
213
32
112
186
19
64
85
116
156
6
105
58
163
213
16
260
54
19
204
131
79
82
162
77
106
96
234
62
264
48
267
68
167
10
216
5
177
139
259
121
154
205
189
192
62
9
181
250
234
134
2
121
227
168
247
7
142
146
131
143
237
165
52
60
255
78
12
211
50
99
119
68
110
264
219
86
265
199
68
268
113
153
235
203
117
84
247
236
92
128
178
73
23
198
174
208
42
214
4
41
119
110
212
167
83
37
55
170
104
87
225
68
257
123
152
35
109
244
168
62
28
58
146
108
164
19
8
150
129
249
67
253
21
257
252
167
260
253
228
210
39
231
104
221
38
239
81
169
121
144
68
149
60
72
124
203
260
224
178
178
74
2
105
62
113
38
24
124
185
11
109
119
180
120
268
254
54
54
86
236
267
191
36
216
3
268
216
174
106
258
55
97
179
5
227
93
109
90
75
144
218
44
200
15
236
257
48
110
27
200
43
176
217
75
252
37
197
69
18
203
72
120
197
34
86
148
178
265
231
191
41
206
84
85
164
83
66
246
160
54
271
108
57
183
237
194
17
242
222
94
72
54
208
248
248
243
158
4
203
170
258
37
20
46
205
91
174
232
39
194
227
92
270
135
130
175
142
159
110
199
128
31
128
253
219
110
160
159
211
39
69
72
266
87
115
189
107
185
158
86
92
18
176
18
11
230
176
145
201
84
65
41
98
101
191
83
59
118
127
228
216
184
56
68
85
40
46
79
157
122
202
138
224
170
62
53
46
27
95
37
227
42
117
34
183
153
271
259
46
86
45
16
254
89
127
136
176
87
187
60
109
175
201
246
236
269
248
210
262
92
189
229
78
128
238
28
107
176
213
241
231
192
121
180
267
3
234
248
140
62
226
177
163
198
123
108
84
230
7
262
68
252
24
197
228
59
57
49
215
75
126
234
106
117
198
159
146
83
164
10
269
20
64
131
190
103
72
69
31
113
5
49
13
160
60
213
245
185
195
153
66
45
72
263
12
145
231
18
165
46
261
265
190
63
243
108
109
145
142
98
48
38
232
128
218
205
108
144
38
133
151
73
52
213
92
138
164
160
16
170
117
244
39
158
17
241
267
60
64
177
75
190
100
167
174
45
225
40
12
204
90
230
50
16
127
62
32
23
27
70
74
101
154
96
135
231
207
243
249
127
122
71
63
23
230
209
131
205
3
170
138
156
140
12
14
180
214
105
243
261
190
27
159
127
62
115
240
165
139
248
182
50
46
196
270
37
162
86
177
10
212
77
27
203
86
50
148
58
142
96
190
184
247
174
9
253
233
198
100
113
5
206
94
5
209
70
145
142
66
113
255
134
83
210
97
52
159
59
52
257
196
17
102
243
266
181
155
172
264
166
29
204
64
13
268
146
149
67
244
117
24
169
79
254
262
248
163
215
70
38
21
45
107
55
251
139
164
216
96
149
63
88
144
113
231
15
179
221
161
196
56
83
118
18
187
108
11
141
194
120
123
146
152
113
2
98
36
3
224
76
63
78
212
139
199
58
8
228
203
68
258
51
233
223
32
241
79
70
185
135
50
91
236
80
55
262
75
122
104
21
59
20
136
230
227
252
43
236
104
171
147
175
4
167
5
36
85
252
215
173
34
50
102
138
99
166
263
132
48
88
216
119
89
36
250
174
137
107
132
51
66
112
10
143
42
198
88
88
162
178
19
10
37
254
20
176
228
70
180
1
58
195
145
268
89
267
259
197
241
6
218
131
31
229
4
197
174
150
238
50
64
96
14
60
195
267
75
31
97
13
169
28
258
103
118
37
262
142
77
97
107
181
7
66
120
95
98
53
209
44
124
39
200
149
232
98
23
135
61
67
133
162
181
103
210
130
228
110
197
23
151
196
89
180
146
13
159
132
168
26
73
199
270
146
183
192
46
113
229
259
186
247
255
91
74
39
244
71
190
84
71
204
108
261
199
208
35
201
18
163
223
31
253
219
82
20
191
46
235
213
134
193
134
78
113
196
12
96
184
257
251
117
20
246
179
120
126
108
35
230
12
180
150
11
142
225
10
153
241
86
246
45
22
231
93
247
197
211
101
225
22
243
266
218
116
14
254
67
141
21
227
66
20
112
72
160
251
249
253
246
70
6
123
198
55
74
216
264
43
218
111
192
132
270
202
139
148
230
82
261
174
46
47
20
23
195
228
132
140
244
74
89
157
91
68
129
51
10
167
234
24
106
63
35
190
90
158
144
6
125
91
183
32
224
163
249
166
57
115
211
230
158
165
229
119
111
71
241
155
258
68
261
231
182
84
52
62
19
196
232
137
23
95
64
242
61
75
59
85
37
130
114
138
78
201
3
143
186
147
223
214
113
179
187
228
218
49
42
214
170
230
229
168
208
252
212
241
1
126
254
181
137
27
24
77
170
255
242
54
91
103
172
39
138
91
212
241
198
108
242
23
20
252
225
40
127
179
134
162
4
53
131
1
121
161
74
150
145
113
83
73
255
179
157
4
88
157
234
236
46
195
159
225
209
93
265
122
102
37
163
241
69
50
241
193
224
78
158
254
146
12
76
19
115
138
117
81
157
16
59
154
233
152
184
4
80
58
102
41
122
61
177
35
29
269
55
204
35
164
93
48
79
92
222
203
66
44
108
41
118
155
228
215
18
183
19
118
156
2
115
17
67
156
11
131
216
114
51
102
159
100
109
81
96
185
232
222
221
29
63
246
163
27
199
203
86
28
155
120
82
103
110
96
263
95
199
142
26
54
61
37
144
103
56
1
58
214
134
262
56
122
171
86
182
24
122
172
110
97
166
268
158
79
100
268
213
70
87
11
85
236
130
28
8
63
40
83
155
119
135
27
19
150
239
268
194
266
238
141
176
239
48
240
230
91
57
106
101
214
68
36
134
264
91
100
204
103
29
119
235
120
1
175
223
248
199
28
31
1
81
124
96
196
3
86
270
93
18
103
203
198
97
150
239
119
11
213
27
122
84
269
16
236
141
30
24
81
147
100
179
55
183
229
163
132
20
171
215
64
237
96
84
248
168
73
177
68
177
258
155
224
101
85
176
142
42
238
100
30
180
64
242
201
52
10
58
141
64
91
147
36
73
187
43
62
47
87
232
102
51
122
104
119
179
39
261
178
23
69
271
8
22
92
188
114
15
59
6
99
63
104
266
182
181
123
176
234
156
239
178
244
13
91
94
233
223
145
184
259
82
213
85
240
81
61
32
128
143
137
93
121
232
189
115
173
172
82
55
224
86
163
212
124
186
241
267
162
179
261
164
206
160
215
24
218
130
82
134
160
64
89
204
3
113
250
49
214
128
184
101
189
157
52
66
239
145
157
248
186
46
205
192
144
204
50
59
153
226
11
207
61
190
5
17
86
117
127
53
265
28
58
39
168
68
68
83
34
43
90
122
130
238
194
106
158
27
135
182
66
68
119
17
33
40
191
154
25
160
206
260
128
44
118
135
153
54
98
190
110
187
271
136
200
115
6
9
15
48
60
177
23
53
200
157
24
142
109
151
57
252
209
182
158
94
182
60
229
208
110
23
174
131
27
181
253
101
105
200
34
200
86
12
176
226
98
171
13
225
106
13
172
86
214
168
131
9
62
262
231
149
42
209
24
14
224
172
225
83
118
106
137
270
14
25
46
118
38
2
88
169
222
214
168
33
120
231
92
36
225
152
19
107
30
185
70
57
69
210
76
35
95
254
37
24
6
93
53
1
208
154
46
228
157
137
40
50
260
20
171
54
78
153
91
184
157
154
26
142
235
11
86
177
215
240
52
220
130
225
127
42
133
21
150
226
111
106
169
270
188
219
208
208
115
23
90
218
271
129
99
259
71
18
122
117
3
29
75
166
236
133
15
74
25
79
57
179
75
237
220
49
246
212
249
269
68
223
94
265
148
127
89
214
43
150
68
222
73
233
247
217
171
238
195
241
24
85
245
172
262
161
9
45
207
162
38
129
110
111
77
57
254
157
174
221
173
242
41
82
127
18
71
14
69
20
155
86
50
46
267
29
263
175
165
38
171
171
190
105
219
251
249
159
146
9
146
195
168
7
143
22
15
227
27
33
158
240
248
145
265
177
44
143
157
28
149
71
156
48
185
221
166
205
104
212
185
195
60
210
168
157
4
239
44
70
11
226
98
72
112
95
252
114
148
196
72
201
134
29
39
234
229
104
97
166
258
219
70
244
143
205
195
62
17
14
3
111
271
86
13
6
120
202
154
90
252
123
78
11
249
98
105
80
190
25
114
233
5
13
147
47
229
29
221
88
208
233
149
176
252
129
229
197
199
151
255
9
92
55
152
118
149
211
33
261
239
118
180
23
99
136
75
190
73
97
30
207
251
23
93
38
215
199
5
247
68
90
88
219
215
57
205
221
25
101
125
109
199
204
107
237
182
83
5
178
5
214
231
29
100
230
200
171
212
271
121
138
86
132
52
180
99
213
186
72
37
240
156
157
45
227
139
248
69
135
190
261
23
98
86
260
138
183
64
131
215
248
113
140
271
185
109
180
124
227
245
16
102
124
193
153
200
216
260
74
24
7
132
64
44
241
13
159
49
223
43
256
39
87
185
261
200
126
184
146
91
182
156
250
13
165
131
114
8
40
101
261
12
1
224
3
214
117
97
214
186
235
143
185
152
2
207
16
60
43
83
136
249
10
159
139
163
115
98
99
59
50
9
206
112
67
224
60
210
270
14
7
33
139
58
152
108
184
134
177
143
270
23
100
223
113
247
48
184
270
128
45
255
158
10
69
176
1
216
241
232
117
116
211
257
182
93
182
26
50
224
247
131
138
150
236
169
155
62
256
72
38
162
219
106
67
193
47
100
271
27
28
161
166
139
50
220
215
253
165
253
4
241
67
86
46
116
70
114
94
212
209
45
93
125
101
178
116
82
249
169
183
66
65
153
230
148
242
162
121
213
271
263
7
76
140
142
73
88
40
165
186
136
13
186
256
63
61
92
21
244
108
106
193
53
115
200
152
197
59
204
34
173
74
81
111
168
120
1
18
193
163
246
260
95
89
153
167
85
103
104
121
165
20
91
214
263
65
45
54
55
127
234
92
151
193
134
256
96
81
117
46
32
128
181
131
261
95
49
11
94
51
49
259
266
72
217
162
130
192
236
108
82
164
124
252
159
190
96
126
221
230
243
46
161
269
105
91
134
72
266
235
136
58
251
76
188
199
25
30
160
133
7
114
9
25
23
178
173
75
235
160
137
147
211
147
113
169
138
101
198
36
52
248
264
110
56
200
127
126
258
22
128
97
97
220
219
10
169
3
173
244
118
194
179
249
239
208
13
36
124
148
127
185
201
167
208
135
232
233
70
199
89
222
48
249
218
83
123
146
232
81
252
130
94
65
14
89
217
198
91
256
248
118
31
83
126
198
194
175
13
75
181
118
104
52
130
152
115
8
118
90
76
261
246
179
135
12
10
227
156
96
268
199
98
13
153
80
149
75
206
95
177
219
169
167
200
245
255
189
156
238
93
175
50
41
249
93
103
62
232
116
147
132
74
69
237
232
81
94
56
203
120
166
225
222
87
81
268
266
73
55
84
62
175
91
259
151
112
124
77
22
52
117
131
13
262
118
40
27
207
85
173
151
192
85
238
229
103
147
122
154
236
40
7
222
181
67
177
132
90
2
214
90
260
56
271
107
156
197
211
87
265
51
60
196
247
240
89
114
76
201
45
248
194
206
112
255
228
227
223
50
205
92
129
165
101
22
40
266
216
188
221
45
107
100
253
231
21
60
84
55
12
54
45
176
106
173
157
232
47
15
153
107
215
181
246
52
66
144
83
67
55
226
146
115
6
36
22
85
120
219
34
91
41
252
262
79
125
60
128
125
2
124
231
59
201
234
230
264
140
168
86
198
62
189
132
88
213
111
54
185
58
40
33
7
195
193
90
4
7
135
151
53
271
159
28
43
128
126
201
192
24
185
233
132
97
58
208
21
37
205
76
130
158
107
207
119
255
113
72
176
154
265
191
65
101
157
268
124
19
264
117
131
235
68
24
190
161
76
151
181
251
166
53
19
2
75
5
210
203
148
77
260
11
248
97
245
104
15
136
184
202
103
36
123
11
69
135
159
45
165
251
246
139
218
107
245
199
64
247
172
202
14
245
42
50
204
260
85
21
63
77
140
263
252
179
224
181
119
20
145
129
220
228
194
33
76
230
257
151
227
111
171
103
109
112
173
33
233
159
88
74
79
49
238
235
45
244
22
121
17
176
128
88
204
130
182
130
32
64
106
228
113
136
65
101
238
233
9
51
130
240
187
218
3
18
60
235
54
145
126
215
224
150
143
95
33
201
220
176
206
105
160
217
268
150
247
108
38
86
120
2
262
59
131
2
170
247
29
161
64
4
195
33
14
131
247
205
77
15
180
47
142
269
73
5
109
245
114
4
12
105
259
228
62
22
207
125
264
25
11
7
99
211
14
112
36
171
10
68
104
108
148
112
93
140
267
56
201
195
128
222
185
258
116
43
125
207
134
264
226
264
146
237
157
200
105
2
55
20
254
72
178
163
31
49
205
113
219
64
263
22
155
244
193
49
125
128
29
69
194
223
153
192
127
62
12
268
225
178
21
106
236
113
12
232
39
162
45
153
74
110
231
93
31
137
245
215
192
113
17
112
261
67
268
85
162
129
177
214
109
224
117
150
66
55
8
145
162
55
91
258
163
259
25
199
202
260
259
148
95
25
43
101
253
51
134
270
121
112
210
215
10
69
70
14
193
262
194
55
240
90
35
172
34
229
200
50
266
232
151
271
237
175
236
56
109
73
114
189
94
180
83
137
213
200
139
73
162
29
52
248
120
193
138
246
2
212
231
125
11
126
186
143
24
25
77
225
109
11
182
255
207
89
254
5
86
55
22
34
139
145
24
201
135
93
215
209
47
127
104
130
264
119
47
151
104
110
83
48
170
129
161
235
243
231
185
266
178
268
259
255
67
102
124
155
38
162
37
164
142
39
95
250
4
190
142
23
63
234
37
160
32
189
25
157
126
55
178
223
37
113
179
156
246
255
226
36
158
164
78
32
106
94
63
25
45
179
260
118
264
164
266
137
45
266
3
187
222
67
29
64
178
157
257
220
84
247
158
78
200
227
160
146
59
252
167
269
25
165
201
67
221
130
6
95
134
266
204
43
67
107
190
239
42
107
196
263
167
226
137
153
269
1
60
17
143
93
31
187
51
114
195
204
23
37
172
189
181
61
37
91
149
139
7
102
93
248
63
220
57
213
178
257
71
39
187
144
31
40
136
246
263
124
40
71
207
92
226
188
208
232
149
81
239
14
108
139
184
234
137
173
230
98
124
245
74
270
158
107
134
212
37
238
177
207
202
252
64
154
5
193
83
168
79
112
217
119
239
200
165
124
7
191
14
239
5
185
31
167
155
240
166
159
163
118
6
131
1
205
82
225
249
70
109
26
56
38
166
204
148
234
9
119
184
224
195
224
201
229
9
67
175
128
211
22
163
100
148
146
200
229
122
209
221
37
51
57
151
34
255
156
9
14
17
106
250
71
13
154
43
13
129
113
169
149
240
127
38
5
193
151
248
243
96
265
4
235
135
255
40
134
151
49
81
10
265
78
65
231
175
87
6
22
103
85
241
102
229
116
244
36
176
14
189
266
178
159
147
92
206
92
187
119
120
244
181
162
127
75
219
107
251
95
172
42
196
109
104
72
81
29
245
257
267
227
207
144
261
28
38
195
53
203
117
6
35
212
25
75
32
208
117
73
204
113
126
119
83
76
237
13
149
115
115
151
254
197
230
162
29
132
124
168
57
82
7
66
70
129
188
97
35
190
202
89
86
139
261
229
223
216
118
199
216
153
34
134
187
117
158
99
182
131
140
138
22
178
176
99
114
108
146
26
84
30
171
5
77
215
181
16
31
114
52
129
147
205
129
163
265
207
143
239
205
59
123
101
237
268
103
130
62
28
179
49
80
252
246
205
48
215
145
228
203
228
90
205
89
82
108
26
263
11
134
27
261
3
123
167
163
62
221
87
172
258
93
125
14
13
73
155
3
244
148
146
216
231
90
224
180
226
47
258
96
212
28
26
188
129
268
64
177
149
259
90
138
266
176
251
158
159
125
266
52
9
142
244
238
122
130
109
66
229
160
130
188
170
160
163
173
227
74
63
124
32
83
268
126
21
54
250
250
132
198
31
172
171
67
24
127
56
164
165
102
122
95
49
13
135
236
202
148
146
264
70
109
17
71
97
257
96
53
171
99
77
134
27
47
225
211
265
112
236
20
46
190
115
198
229
224
16
231
15
64
11
54
147
4
198
198
251
144
217
191
213
257
46
74
185
50
258
16
186
206
71
14
228
37
123
127
244
238
98
264
196
234
255
185
12
97
46
271
177
140
49
50
179
51
79
242
33
130
53
203
100
208
92
265
33
19
179
254
3
236
212
13
29
116
76
76
235
195
235
234
84
204
47
70
74
12
84
247
86
119
159
85
66
61
167
92
50
225
104
142
251
237
58
80
131
148
35
180
248
141
202
268
5
191
210
205
236
47
51
77
46
111
56
102
240
266
198
175
19
95
50
84
155
66
127
178
13
122
119
80
221
132
105
146
25
213
256
264
177
107
72
91
64
89
174
80
205
203
93
185
33
45
37
257
112
190
261
100
48
69
28
174
18
20
147
15
25
252
131
60
203
117
143
247
160
168
186
3
270
36
61
5
191
153
88
228
12
192
179
203
254
129
83
174
123
34
233
151
41
112
57
159
118
238
52
224
264
90
80
38
123
257
173
199
29
22
170
142
10
17
59
78
224
214
25
114
195
217
236
256
144
253
88
262
162
122
130
150
41
141
221
83
267
201
257
119
208
45
200
88
12
207
121
249
214
12
57
70
124
199
63
161
122
255
19
94
132
124
187
39
150
241
115
203
263
162
131
135
191
41
118
74
38
29
260
165
127
143
52
216
78
126
61
66
40
56
173
93
179
142
134
117
43
185
227
37
31
46
176
149
56
122
25
67
115
15
30
44
192
126
186
142
71
27
128
29
55
173
79
257
60
161
131
122
169
221
76
188
131
271
81
63
210
270
125
105
238
225
49
72
86
218
10
126
141
64
259
70
23
102
210
162
80
39
262
32
177
70
185
135
211
9
93
56
87
261
188
196
120
211
213
220
15
57
34
46
59
34
63
65
2
28
257
112
201
180
11
52
173
186
38
32
240
116
165
100
165
186
162
31
106
130
153
124
247
91
121
249
181
26
253
255
259
169
192
207
36
110
237
117
145
99
170
113
178
163
261
104
254
243
46
101
247
25
30
115
162
91
120
50
206
59
136
197
8
188
27
3
267
93
72
12
268
75
259
178
254
138
183
108
25
38
98
184
259
264
34
155
80
169
23
98
170
63
50
215
271
25
198
154
60
114
121
97
198
139
263
229
235
58
9
20
146
137
29
65
95
142
239
189
182
240
194
193
149
190
72
218
37
254
113
43
244
8
36
209
49
251
5
87
111
176
51
216
233
149
156
48
36
81
234
25
37
94
33
165
32
123
152
206
70
76
22
95
51
197
223
254
97
270
179
159
36
185
82
54
122
139
194
189
42
99
196
98
91
78
235
262
175
61
43
31
18
248
238
90
159
66
96
48
265
266
167
114
70
111
240
246
123
208
2
132
254
246
117
131
248
214
238
270
222
162
109
41
192
125
168
256
110
185
189
52
234
83
266
52
253
188
116
142
263
138
132
98
203
24
198
29
143
209
77
38
172
43
35
165
158
186
106
261
128
9
6
265
151
50
184
127
210
258
65
239
130
195
7
48
265
40
213
33
20
62
132
80
144
252
46
147
116
23
128
167
35
238
267
6
55
144
49
232
177
58
163
148
148
98
228
266
196
205
36
127
60
208
138
80
223
5
22
124
169
188
126
98
118
105
78
197
184
22
122
22
199
111
25
149
205
222
73
112
172
173
227
52
41
95
152
163
92
151
35
184
207
49
189
254
180
148
129
29
264
211
42
93
205
247
63
111
248
168
214
97
6
112
255
204
156
87
239
78
98
232
147
260
127
43
234
164
271
171
270
192
224
116
35
242
154
87
88
96
131
98
80
232
54
191
33
159
263
177
223
68
206
225
267
103
125
209
252
194
143
260
132
221
159
153
21
239
249
144
158
223
74
252
163
68
21
136
169
250
28
131
51
181
114
181
85
120
239
136
71
123
124
229
94
233
100
163
144
122
135
3
135
63
105
254
62
158
8
207
118
224
210
232
215
198
244
203
150
124
230
72
11
242
160
230
142
33
112
59
19
18
56
92
120
256
114
117
116
73
263
74
198
142
223
201
90
158
91
219
37
44
77
198
244
69
13
70
153
179
197
270
205
34
193
5
146
147
240
226
118
265
194
202
140
257
104
81
115
155
167
100
110
163
264
239
219
122
66
217
252
135
258
83
234
211
59
135
209
83
251
44
1
217
159
50
159
155
109
108
265
185
210
107
91
63
242
235
66
231
29
179
145
14
138
120
223
9
139
133
97
262
64
122
44
175
65
133
184
118
100
98
205
74
182
58
144
83
208
13
151
86
150
180
151
224
263
6
119
22
66
134
97
192
76
129
70
243
211
84
248
130
91
270
59
8
239
190
129
136
242
92
173
130
59
220
130
91
187
165
93
247
128
162
145
110
190
187
55
86
30
41
129
26
49
231
160
52
240
183
270
209
55
214
220
74
112
260
110
82
184
165
190
35
117
142
129
35
13
118
2
53
141
201
141
256
24
196
59
2
121
159
8
131
157
107
262
188
101
229
161
22
202
108
47
15
159
250
260
242
187
104
148
206
147
167
100
270
89
116
36
124
80
113
161
215
119
46
262
232
191
76
77
95
235
200
32
19
250
249
150
173
8
63
159
223
14
271
251
234
67
218
240
60
11
237
8
69
144
135
81
67
35
182
195
10
223
101
17
54
122
243
135
136
253
183
12
184
164
243
98
94
144
270
175
238
86
214
135
189
1
182
256
73
122
192
129
139
21
257
106
261
7
148
220
80
115
157
141
77
14
122
9
66
188
252
140
109
55
214
193
95
201
203
151
5
208
105
269
7
244
37
86
121
102
45
175
69
170
122
16
168
101
148
182
113
233
32
33
228
239
61
252
59
248
164
226
80
262
57
104
102
205
7
26
181
102
55
249
13
261
33
47
106
213
184
215
26
202
174
122
87
153
90
51
186
218
76
46
246
119
186
135
234
252
207
126
41
161
11
46
4
160
196
32
240
24
15
104
120
249
115
250
62
169
177
219
114
234
143
151
50
10
14
53
126
110
117
98
209
19
12
182
179
25
231
110
44
70
254
226
96
85
202
199
189
8
193
28
126
12
181
196
204
90
69
252
71
271
53
240
229
100
233
215
112
116
16
157
117
85
74
29
143
265
1
119
85
1
247
109
166
97
172
144
156
13
52
143
39
200
186
136
128
229
261
169
164
30
138
63
196
104
142
42
208
20
197
210
24
250
199
74
16
187
90
169
60
223
50
68
197
132
174
135
35
51
119
224
200
183
261
75
212
25
216
168
150
38
226
205
183
133
37
271
63
239
48
85
108
42
192
25
147
228
216
187
137
59
8
206
261
92
263
128
59
34
51
201
224
162
40
271
222
37
60
96
257
8
258
202
198
173
103
92
128
63
1
105
161
243
118
226
229
262
84
50
250
28
107
148
23
136
44
83
26
189
47
149
207
16
233
72
211
117
50
97
119
89
175
163
10
176
233
37
94
70
187
112
192
179
152
70
177
146
14
136
234
82
111
137
165
148
234
26
92
270
260
177
89
180
69
133
193
234
214
79
21
51
195
18
61
220
107
270
74
81
252
139
130
151
1
87
177
214
69
56
256
12
35
50
51
136
111
22
156
191
14
152
215
187
22
128
26
145
143
184
245
206
101
192
209
255
96
8
115
29
128
128
181
212
182
240
174
267
236
61
203
36
29
63
39
168
269
40
92
171
30
61
210
18
47
126
203
127
31
155
51
116
53
18
36
103
101
136
164
135
261
216
237
55
157
60
182
253
249
226
2
222
181
260
189
139
95
7
153
165
93
11
157
26
178
30
217
188
78
166
50
83
60
44
184
159
20
251
15
33
136
203
28
22
60
81
171
218
114
151
202
120
254
49
120
252
56
150
135
63
131
259
241
121
74
240
229
101
54
98
163
251
210
33
195
73
171
184
134
155
247
137
174
20
81
31
268
154
46
92
51
107
4
261
15
224
265
185
20
25
236
137
2
70
163
259
122
256
57
199
56
31
32
44
42
77
66
91
39
2
239
214
3
253
45
155
143
172
223
171
123
3
232
252
93
111
104
14
13
129
154
193
7
112
30
136
188
124
50
257
51
116
14
69
149
184
247
72
163
259
146
169
6
180
153
175
83
129
6
74
86
110
201
46
20
103
4
74
108
196
146
43
165
75
84
269
101
142
181
106
53
177
2
24
172
174
25
65
194
19
24
21
74
7
142
238
50
98
138
86
163
105
110
3
65
153
12
95
217
170
73
191
81
137
108
255
10
169
141
57
70
67
82
76
148
65
24
4
251
244
160
45
147
158
132
104
170
120
127
31
251
246
52
43
178
154
147
211
55
181
123
167
134
192
59
20
9
177
228
159
254
199
159
234
92
48
64
58
175
5
263
53
250
204
13
265
187
224
159
99
255
203
221
246
24
64
47
79
216
253
142
29
130
16
117
14
55
255
83
1
105
114
175
135
148
1
82
256
188
15
236
85
199
144
241
17
87
106
136
258
61
108
156
140
65
5
44
86
244
258
53
148
70
35
45
22
247
45
71
260
71
261
18
16
220
116
170
257
225
122
264
2
119
235
200
100
106
130
184
202
126
73
48
251
101
141
225
148
149
244
85
226
267
154
155
17
137
234
46
249
166
164
133
98
253
207
245
68
249
4
211
213
47
224
128
202
44
190
240
184
177
199
107
94
100
223
36
73
229
224
180
190
70
107
13
44
131
125
64
126
41
49
107
83
206
164
178
171
71
156
33
98
168
8
196
150
9
135
204
221
103
176
77
136
126
112
254
83
83
238
139
257
163
270
34
257
237
13
91
259
167
43
185
188
226
60
216
88
36
87
222
268
78
10
149
98
208
63
47
56
124
91
202
123
270
197
269
189
219
191
18
227
232
36
40
113
186
79
164
41
16
89
131
118
193
101
229
211
150
166
60
224
132
173
7
267
167
234
120
195
121
44
142
101
251
187
230
142
234
128
31
57
96
145
84
165
93
64
65
157
81
254
253
254
92
123
173
123
222
107
171
122
134
53
249
36
259
157
124
54
232
66
1
173
247
212
46
136
73
52
137
4
16
243
203
175
139
237
109
170
241
83
248
247
257
46
180
245
101
116
216
249
206
146
178
32
110
239
96
155
16
226
117
38
63
122
42
44
122
80
83
78
17
88
170
85
216
197
84
180
79
84
252
238
80
62
100
176
265
268
267
267
32
18
96
116
148
271
99
224
57
136
90
182
234
256
24
238
269
183
184
226
31
155
130
169
21
231
229
168
43
65
175
11
71
174
259
168
82
228
81
100
97
3
161
39
174
181
235
249
183
40
89
207
114
241
52
258
42
152
252
27
21
170
72
244
151
256
87
231
240
233
204
118
33
186
180
32
108
138
77
49
169
10
50
127
23
157
212
15
214
102
159
107
237
37
70
145
116
8
56
6
136
125
235
97
215
153
54
65
226
206
53
113
267
173
128
169
172
52
1
247
128
176
36
229
106
30
248
256
268
244
163
106
45
209
225
48
105
267
214
219
182
266
268
64
63
150
243
216
244
81
259
255
58
210
191
238
29
241
10
165
170
17
140
124
265
24
221
248
147
245
19
124
55
72
229
43
106
237
11
256
234
158
184
242
19
49
4
87
91
189
222
50
233
80
9
18
159
151
51
22
183
141
18
25
27
201
71
266
130
157
13
40
212
37
267
268
247
147
86
254
171
207
271
133
109
185
160
212
261
31
258
126
101
29
221
9
131
91
221
90
70
53
147
162
157
13
136
89
126
70
174
63
136
189
65
185
146
251
145
132
101
188
124
37
18
33
58
131
61
204
43
142
46
193
213
229
120
55
7
143
159
49
75
138
87
35
206
202
186
231
244
72
176
178
93
197
250
148
33
48
138
208
82
170
155
202
30
74
194
99
27
166
214
156
134
45
145
159
63
47
67
56
130
135
182
134
202
257
267
132
197
87
174
187
32
218
51
254
157
233
1
131
219
48
3
96
148
71
21
168
249
254
190
189
25
65
32
206
199
99
164
10
38
205
29
43
27
243
227
172
245
39
151
71
239
205
181
149
238
79
17
51
14
191
256
77
37
226
128
71
8
111
21
94
73
110
240
30
103
67
105
212
169
129
242
266
5
134
246
9
169
71
195
78
130
75
238
190
105
206
67
140
254
179
146
1
247
254
1
17
268
216
267
27
139
139
178
153
118
9
42
135
90
266
158
223
148
84
68
65
10
211
137
117
152
94
37
164
28
186
95
163
103
111
136
129
69
255
206
240
198
175
237
181
256
167
246
204
66
74
204
220
270
71
161
67
67
39
115
170
205
230
199
40
47
125
75
176
99
130
200
95
250
177
167
213
9
132
103
124
158
176
93
56
114
225
39
200
76
46
3
137
128
241
52
258
48
179
15
29
94
31
104
192
219
12
76
89
76
36
9
101
63
110
234
175
143
57
88
174
228
73
127
1
188
63
149
95
178
40
59
65
35
160
164
33
136
108
176
266
56
161
118
236
116
185
233
150
167
93
88
99
57
146
132
214
5
50
62
77
227
221
69
210
195
39
152
127
80
2
47
235
43
265
35
105
22
208
185
164
103
205
31
250
54
20
76
82
228
29
86
9
181
243
125
111
36
135
10
255
194
80
268
4
143
71
85
218
50
82
223
5
122
50
118
31
237
5
62
228
51
229
233
64
229
216
249
202
149
27
11
224
230
119
54
22
69
91
212
22
120
197
136
17
46
112
13
270
133
220
215
249
224
112
118
38
17
49
191
120
204
165
193
164
249
74
110
90
144
83
27
35
46
3
141
239
179
111
63
148
190
198
179
233
171
245
259
28
142
81
99
168
210
175
110
67
32
120
132
233
219
16
11
255
111
160
92
136
30
184
144
168
1
173
41
173
49
184
199
96
195
155
166
145
227
206
27
215
182
216
168
15
3
10
74
265
93
156
117
34
83
241
203
39
116
5
237
271
168
217
211
269
114
118
86
129
135
187
268
42
45
6
154
93
7
88
82
216
246
63
234
182
120
196
53
148
141
66
169
212
207
185
103
67
261
108
191
254
25
228
101
57
37
150
54
37
118
249
173
252
189
181
36
153
42
270
52
127
137
25
148
146
122
13
240
267
199
109
225
8
105
10
211
26
237
192
76
22
132
81
66
2
27
214
74
206
224
6
218
186
205
141
142
101
41
23
214
123
260
105
76
34
138
133
86
211
138
24
130
140
93
60
59
40
183
144
50
10
32
64
231
85
135
186
229
9
227
239
6
80
190
35
45
214
28
16
88
239
93
60
182
52
149
211
194
158
218
78
62
144
207
9
43
69
203
59
26
75
16
29
143
218
34
89
84
253
206
196
61
203
111
125
123
72
209
188
43
147
154
174
17
143
169
248
7
236
139
198
87
124
91
250
14
114
4
253
199
60
185
90
176
206
84
36
248
137
207
236
176
101
242
84
200
132
264
226
2
257
70
162
115
103
199
49
59
134
145
200
96
199
163
161
222
243
77
250
186
209
169
54
178
251
251
97
12
94
13
218
241
236
158
266
223
106
201
224
226
79
64
51
262
242
258
84
40
153
145
142
55
199
70
167
260
52
188
177
23
10
226
212
256
21
51
25
95
199
99
163
122
66
88
136
122
160
77
234
38
178
222
147
62
234
32
105
225
46
262
156
35
76
31
210
117
203
21
192
111
40
134
257
44
122
48
261
66
173
255
261
133
235
64
171
178
169
48
184
126
1
112
265
191
170
207
52
90
201
268
258
102
192
136
52
185
119
26
146
13
108
262
172
128
74
94
240
138
266
44
92
179
97
264
106
253
200
80
128
96
217
32
86
68
254
25
266
173
48
89
188
216
192
77
123
147
38
127
137
64
29
14
265
208
15
140
129
33
251
174
258
49
264
15
249
153
40
118
257
40
85
90
126
239
13
29
9
62
267
69
180
66
94
212
64
235
257
193
202
165
252
60
263
262
90
266
10
144
10
132
173
164
184
73
223
165
254
167
210
68
246
146
184
177
125
65
97
53
13
45
139
228
261
57
61
22
243
36
234
121
146
170
189
207
19
215
61
247
162
238
229
239
41
104
105
95
24
136
270
228
250
223
26
199
269
25
112
29
226
133
150
95
252
135
79
9
59
13
129
89
239
271
115
157
247
115
219
70
127
83
66
183
79
161
79
68
77
127
19
26
242
200
124
251
43
31
209
11
18
252
211
55
110
155
50
230
113
119
6
231
114
212
258
145
257
66
17
65
47
20
188
13
30
122
184
177
127
59
170
119
75
165
28
44
268
86
11
102
68
45
91
260
153
120
76
178
230
144
139
145
33
27
30
182
201
150
221
55
61
242
172
265
261
78
199
227
81
3
37
108
241
106
178
210
216
109
134
100
144
164
23
79
264
193
25
104
124
7
1
29
8
112
84
215
196
55
38
218
206
182
21
87
150
73
41
37
3
236
5
5
192
167
6
156
144
235
55
148
213
227
45
177
17
95
153
266
237
245
5
225
197
257
116
158
70
242
37
16
17
237
199
41
47
173
21
58
82
91
253
261
220
44
149
8
184
254
174
111
261
208
179
87
240
219
121
216
35
35
64
142
6
67
147
261
250
212
127
236
154
4
18
174
26
223
133
203
70
180
80
207
142
200
141
9
249
126
21
29
265
184
203
129
165
231
41
262
145
159
26
107
174
125
71
209
244
268
117
76
84
37
56
236
23
98
12
17
113
140
50
222
32
114
90
38
258
19
38
253
214
182
264
114
116
186
261
268
164
36
53
262
219
53
183
68
111
13
207
9
11
108
13
72
114
262
232
140
145
144
70
24
155
164
265
51
52
56
128
233
111
61
138
48
220
68
144
252
7
152
168
157
251
7
27
253
177
139
159
49
118
24
263
142
265
15
208
176
166
87
94
171
76
51
207
189
79
247
88
133
258
221
149
16
95
199
247
226
8
238
151
83
215
16
70
243
193
46
3
219
12
185
267
62
37
160
13
107
63
224
202
108
198
233
87
139
174
116
118
32
6
236
60
253
147
190
186
100
192
59
231
83
21
17
139
138
77
163
110
35
1
214
81
150
178
41
167
243
95
3
135
263
125
225
94
139
100
256
187
209
3
129
160
72
85
114
240
204
36
54
100
240
249
30
63
24
83
20
97
141
171
17
142
190
220
126
47
183
256
101
35
16
244
102
181
102
108
46
70
109
31
162
196
51
35
57
197
122
72
188
82
214
256
199
150
37
208
255
211
69
109
124
26
269
78
235
232
66
86
204
163
20
241
266
140
205
185
129
81
185
45
208
232
43
254
256
120
67
18
49
207
157
15
9
259
16
89
23
199
264
250
113
149
217
210
112
96
111
243
102
134
6
247
5
51
94
166
211
107
271
146
124
30
269
102
10
181
181
83
59
102
5
196
68
146
141
123
21
244
58
257
221
219
180
56
172
142
220
201
45
181
134
123
57
95
171
57
132
85
160
209
175
88
72
250
135
42
226
248
190
176
238
197
196
235
233
77
12
208
121
143
215
157
89
15
36
259
124
70
191
248
169
246
93
213
100
190
25
204
270
170
70
259
117
252
255
231
56
256
250
82
156
141
77
199
61
111
129
266
143
217
220
130
150
49
136
27
98
204
121
87
45
2
253
81
28
109
82
48
57
211
122
26
39
205
165
145
245
122
177
261
146
178
123
84
85
53
115
120
129
21
137
161
245
24
83
219
133
205
3
111
26
187
226
6
53
55
205
242
55
82
8
15
158
117
212
147
117
228
177
212
65
3
8
115
247
132
222
6
257
55
59
124
236
175
16
122
157
104
175
65
120
234
9
120
54
264
184
259
195
180
103
25
223
137
40
102
11
155
124
250
71
177
248
269
170
186
249
19
253
87
85
206
16
160
123
264
172
28
69
8
53
136
17
219
169
186
41
167
143
249
192
53
142
22
2
32
29
46
71
266
238
185
86
236
128
162
8
14
103
156
153
62
75
99
86
142
31
166
143
4
138
2
208
206
87
25
189
84
139
76
138
7
137
49
109
266
56
261
75
216
258
90
160
157
57
152
16
263
251
90
73
136
200
39
267
143
27
220
17
157
150
215
113
100
19
72
119
124
72
78
148
115
247
253
133
120
205
19
242
58
50
41
110
189
168
186
151
117
232
256
257
248
212
19
27
91
263
271
153
239
203
140
100
246
39
89
15
161
36
54
202
28
32
53
218
209
115
121
132
190
2
40
9
256
34
83
72
132
264
66
171
145
198
7
8
230
108
213
123
137
52
115
204
270
240
45
55
147
218
113
213
99
155
170
59
237
192
16
206
261
177
18
230
36
102
245
100
178
16
41
59
245
229
150
110
192
180
108
142
236
146
188
247
12
149
265
60
178
248
265
86
15
35
105
197
221
87
149
240
247
44
81
125
156
208
24
251
194
1
38
107
66
140
184
130
258
162
77
116
113
186
224
152
12
7
247
61
106
76
129
15
8
189
234
101
111
87
235
246
170
111
22
263
178
1
139
57
47
246
129
3
38
28
197
76
77
186
74
50
223
256
103
243
42
31
58
255
192
200
250
59
238
49
43
256
198
36
211
35
53
105
249
73
159
45
181
256
145
173
122
268
263
18
125
215
80
31
184
254
201
153
172
32
189
135
153
234
15
173
118
3
179
11
73
69
129
237
72
123
148
85
119
131
154
234
268
161
200
184
3
40
144
90
30
176
84
213
16
183
224
236
3
25
106
172
153
165
246
144
205
43
241
2
39
42
132
172
31
246
181
90
34
231
251
136
213
79
109
75
135
136
190
9
14
3
183
163
158
186
12
83
73
36
10
29
151
145
54
167
256
190
24
188
17
153
240
176
92
224
222
233
163
191
246
186
218
2
206
48
118
243
9
9
83
179
189
146
41
239
144
32
233
30
258
63
58
271
10
242
218
134
144
51
6
45
168
131
46
104
177
226
111
88
50
78
142
7
110
135
154
24
176
244
20
141
152
87
214
87
131
158
258
101
228
269
163
226
151
50
241
53
32
243
22
156
109
184
194
138
93
112
134
234
81
209
125
241
58
131
153
164
229
64
250
3
227
189
251
144
235
240
265
55
259
131
176
241
232
115
23
176
118
42
231
38
82
134
167
90
26
257
222
159
154
193
26
87
29
66
29
263
59
143
120
20
142
170
148
132
245
39
199
210
182
139
54
203
75
238
48
253
116
114
161
172
130
180
66
197
187
51
218
21
49
173
53
224
138
191
75
52
76
254
118
202
188
244
105
91
175
44
104
225
235
27
37
266
155
57
239
143
79
12
146
139
229
91
71
148
256
19
143
74
141
184
167
262
171
87
129
144
236
177
247
144
38
264
176
58
22
236
250
152
199
235
55
131
179
152
60
85
130
263
136
150
169
157
173
182
49
161
241
101
252
152
249
134
257
92
67
269
208
206
147
21
182
28
234
210
156
160
244
115
245
187
143
212
270
2
75
110
255
220
228
263
22
43
102
261
31
155
49
9
128
1
85
235
147
183
214
12
107
211
83
224
248
261
246
58
168
144
134
222
270
18
266
114
223
37
172
5
262
47
88
96
251
122
159
184
212
86
200
102
103
150
225
224
37
169
2
132
132
66
119
178
201
106
85
268
42
58
64
252
270
9
240
201
215
155
33
224
76
50
135
18
38
178
188
12
110
136
169
195
70
86
189
8
267
1
96
140
17
11
269
192
203
262
104
133
264
185
261
26
21
182
180
182
193
179
167
161
71
159
150
236
58
217
218
250
69
207
146
24
66
77
77
256
262
133
236
101
46
95
155
235
94
141
187
79
260
187
214
152
202
116
129
94
113
190
270
263
109
237
244
261
31
9
176
240
269
228
112
240
177
24
55
141
157
41
42
35
44
119
12
184
111
213
7
232
36
76
57
123
116
236
260
200
11
108
157
203
110
76
218
196
98
79
147
17
13
69
86
75
243
110
84
80
159
145
40
138
143
165
94
155
154
221
244
207
226
106
165
83
248
159
149
139
46
114
158
3
144
173
240
206
36
108
80
153
247
221
192
52
156
106
208
258
167
211
263
219
129
14
165
192
143
234
22
214
119
117
203
148
66
85
17
224
168
75
119
244
25
121
89
41
64
3
16
113
141
148
41
268
32
220
104
151
247
150
62
65
229
127
78
238
19
226
228
138
129
259
26
182
252
153
131
236
245
232
8
267
57
160
19
255
88
33
123
62
17
197
261
44
111
215
239
246
1
242
140
106
21
172
267
44
160
148
236
44
15
232
264
40
182
75
40
60
152
86
41
123
54
159
93
59
217
261
150
25
235
41
133
182
42
87
238
206
34
37
264
144
51
84
42
102
82
95
7
268
247
205
251
40
244
76
205
112
242
78
209
164
72
94
83
124
44
152
146
112
64
237
258
211
3
257
162
239
127
168
59
252
29
46
246
127
136
245
106
85
156
131
228
190
215
169
252
80
244
116
251
89
84
199
190
234
228
60
14
172
97
259
6
111
197
81
201
44
201
212
257
146
211
172
144
101
134
33
77
265
99
216
170
252
181
10
61
271
85
239
75
166
13
130
187
245
194
206
171
32
182
3
173
132
219
97
262
62
154
222
12
158
236
222
149
11
30
159
64
6
77
211
145
90
229
15
222
180
30
48
183
59
209
61
102
90
236
69
200
170
89
170
178
207
114
181
236
95
179
28
268
266
4
251
93
164
239
265
11
172
5
146
115
103
102
169
76
61
242
157
79
21
114
198
177
82
84
150
60
30
167
228
103
5
162
219
132
146
249
261
247
171
240
225
191
249
80
70
103
219
150
50
153
234
69
47
43
242
267
260
38
20
212
142
86
123
175
255
73
222
123
94
19
201
259
244
185
25
198
149
160
250
166
189
230
255
202
190
187
52
50
36
203
194
10
129
78
40
52
185
4
57
12
151
183
4
10
160
49
256
110
21
257
165
120
264
256
20
66
232
53
32
74
230
193
181
14
9
65
31
241
77
226
85
244
226
10
99
125
27
67
99
263
164
20
85
225
203
139
59
206
86
91
102
236
104
113
113
98
54
176
101
118
59
164
162
188
52
147
202
95
165
263
119
174
95
243
108
12
163
198
41
113
131
4
73
194
215
116
72
161
149
241
13
64
193
72
173
181
170
221
