Bin size: 275
Number of elements: 10031
201
91
46
48
1
209
54
263
212
252
127
65
27
226
234
113
86
48
188
188
27
180
126
74
42
101
92
190
212
243
210
173
43
45
46
238
177
235
33
60
47
184
150
214
180
262
15
124
225
47
85
137
47
209
194
227
145
178
77
181
118
225
269
219
109
145
223
186
153
8
124
106
215
85
32
45
202
258
90
38
194
252
71
182
53
133
1
79
121
262
267
63
16
237
8
48
252
77
214
142
71
185
145
66
210
133
15
99
275
138
104
64
42
59
262
9
152
139
193
111
209
133
105
181
88
216
121
222
139
93
135
132
118
142
32
1
246
147
72
251
99
45
13
219
22
44
57
178
84
70
153
220
8
69
89
56
78
134
1
250
114
255
198
185
66
70
190
12
8
155
160
164
171
200
244
202
256
270
128
52
35
45
176
90
165
209
271
100
192
24
3
3
216
20
125
74
254
122
263
236
231
197
3
76
98
263
7
155
198
50
83
183
141
57
134
186
266
257
211
114
141
67
188
109
90
90
11
233
165
182
175
79
220
204
31
16
17
151
63
133
88
239
48
97
63
182
141
58
107
82
88
35
169
204
255
201
62
212
149
256
98
245
135
272
112
217
195
178
148
95
73
170
7
110
113
272
5
35
179
20
200
109
238
220
238
93
76
274
86
70
100
229
157
44
167
48
188
130
224
272
143
214
136
163
89
64
125
60
146
217
72
145
160
132
210
137
98
227
29
179
136
238
33
192
131
125
251
156
243
43
227
42
158
163
189
81
259
10
104
76
150
265
79
155
170
116
82
158
253
105
33
7
113
191
212
232
2
234
265
176
134
142
258
125
66
216
39
252
46
17
169
260
115
231
182
207
52
247
208
111
243
38
12
273
99
224
269
86
237
252
268
20
119
94
235
229
111
230
3
69
96
210
264
201
210
143
261
89
51
226
204
110
29
7
166
245
127
142
200
189
224
96
25
136
164
161
195
136
259
41
245
57
200
175
225
88
118
76
69
147
42
2
195
76
58
234
200
182
21
218
60
49
89
243
252
120
144
181
68
214
168
210
185
170
128
101
194
73
185
24
103
72
173
31
220
147
33
173
11
77
135
27
267
251
90
117
83
159
111
274
72
80
53
87
171
73
258
46
272
253
175
108
60
232
212
218
245
65
224
47
148
111
222
87
54
143
91
125
99
54
87
233
79
81
238
68
201
45
76
112
244
177
6
34
118
52
53
42
248
272
93
250
165
80
37
3
117
263
202
185
206
253
193
91
144
88
235
72
83
28
47
128
196
66
17
265
86
34
26
111
98
62
17
272
45
264
2
251
107
150
108
242
59
184
25
204
7
18
85
7
215
118
250
236
104
179
195
242
271
270
162
222
54
188
56
165
59
165
11
182
33
89
129
41
92
248
26
27
36
139
125
38
239
25
185
162
38
244
25
245
210
126
93
231
230
50
161
151
136
63
237
217
92
161
133
55
161
22
173
257
44
81
265
92
232
250
20
215
161
66
55
23
231
197
107
169
131
167
179
29
129
169
74
263
18
198
177
15
165
109
111
102
91
103
168
258
44
36
262
143
247
195
237
243
47
197
79
159
181
50
199
23
148
116
182
125
142
73
118
254
190
205
177
112
264
239
40
159
79
55
119
269
94
192
252
159
172
232
120
116
21
266
141
46
142
175
194
259
53
63
114
100
178
260
21
128
245
59
120
38
220
220
54
216
2
264
188
25
113
199
192
70
175
168
245
136
90
59
65
115
76
180
93
183
205
59
46
58
47
144
237
269
198
39
11
175
224
217
180
273
194
94
71
14
213
98
247
137
271
1
126
133
66
121
119
138
11
246
161
162
274
65
259
104
31
138
184
41
209
126
123
214
155
109
196
83
274
82
3
272
223
248
93
224
199
115
273
225
244
118
265
34
248
270
62
68
251
275
201
274
114
253
273
105
22
240
125
265
195
245
177
129
244
72
77
249
181
177
58
270
196
157
232
133
49
198
121
25
9
176
33
69
181
203
3
264
217
252
70
169
73
192
253
204
215
155
16
18
174
272
68
52
19
241
259
77
156
32
236
58
189
165
143
3
192
81
189
247
85
254
36
248
77
108
187
202
142
85
264
179
145
260
153
24
240
115
166
30
53
48
263
48
1
209
54
71
81
59
175
23
70
244
123
55
51
7
207
156
211
57
64
152
101
194
126
188
268
208
152
236
207
32
80
139
231
135
9
269
76
19
24
119
109
272
77
153
13
143
126
250
99
154
202
259
127
127
266
136
250
46
238
73
260
139
175
179
246
193
231
145
76
89
99
181
11
130
3
233
171
118
103
150
260
259
235
69
210
270
239
257
256
33
55
196
43
174
104
53
10
30
243
65
199
142
148
79
196
195
54
60
180
258
96
59
1
27
190
117
139
121
11
265
81
273
78
77
107
41
40
84
246
215
192
76
31
193
120
258
9
158
184
209
126
36
211
192
10
32
128
111
15
126
8
269
217
12
176
13
128
258
193
126
197
254
30
214
131
44
217
227
245
7
245
118
196
131
16
40
12
229
51
235
14
122
240
266
138
180
158
178
120
68
22
101
118
252
147
56
40
88
195
151
231
268
155
65
144
165
125
180
63
135
158
46
210
42
51
246
236
213
110
18
79
21
268
62
2
164
150
259
205
263
108
31
205
97
133
180
202
76
5
31
269
180
64
194
202
136
130
99
246
185
255
190
237
219
103
39
15
220
173
52
120
178
13
49
192
136
179
86
132
190
245
77
19
104
16
75
171
171
196
131
218
245
49
170
12
9
125
234
174
39
71
13
115
121
34
165
45
196
171
252
2
261
223
30
37
164
253
239
97
63
47
9
179
131
108
57
56
220
195
187
104
14
49
250
186
225
201
54
103
44
31
117
201
225
241
96
105
223
157
186
129
35
135
242
142
125
66
241
240
241
93
206
223
20
260
15
268
240
102
210
4
251
240
130
147
204
153
100
152
270
226
81
210
16
4
158
181
152
85
41
188
119
248
119
262
103
198
144
28
211
238
95
22
94
211
16
93
26
264
57
43
191
261
63
42
212
94
77
30
47
231
268
151
254
50
18
43
157
90
62
104
113
154
209
18
189
41
126
250
187
92
272
251
160
106
175
217
89
49
251
116
167
193
70
27
55
92
250
53
198
144
86
108
113
216
100
99
254
127
113
252
137
234
114
133
266
169
85
123
183
111
147
199
149
172
184
102
247
79
92
165
175
157
216
274
71
150
24
243
235
26
150
68
202
161
180
117
217
99
254
36
123
106
272
267
203
188
195
202
21
96
89
75
115
275
96
156
214
130
186
5
126
135
13
151
8
224
112
116
206
271
141
264
25
155
226
136
8
8
274
23
22
36
35
80
65
188
153
136
225
6
66
202
133
139
166
20
268
139
64
204
204
51
59
75
28
78
109
211
153
238
225
75
186
180
72
10
102
31
38
253
52
257
4
5
86
1
152
189
238
25
41
260
137
243
74
5
178
234
88
120
57
190
258
216
124
209
194
138
132
258
177
207
236
255
103
138
11
200
95
65
196
131
124
239
140
113
67
103
98
242
15
167
102
211
178
190
114
201
93
249
48
213
79
247
109
177
30
105
231
108
53
17
139
82
220
226
49
255
146
166
111
233
233
99
249
237
16
225
244
53
189
143
208
68
19
211
181
236
260
158
150
18
1
227
190
124
153
17
65
25
24
54
227
256
234
147
95
60
185
50
176
66
232
214
82
74
40
5
205
254
87
29
144
201
154
159
261
228
100
143
110
265
115
64
19
24
145
210
108
220
48
188
74
230
193
161
246
166
120
153
47
129
103
213
203
53
263
14
54
100
267
205
81
55
225
1
232
99
83
204
173
209
128
10
226
119
111
260
63
176
134
213
91
97
78
16
38
40
70
65
229
73
92
38
163
123
238
243
39
130
121
209
138
51
1
263
186
243
12
212
91
127
162
18
48
240
196
70
61
152
115
49
70
151
259
112
123
8
44
125
167
178
58
131
148
18
88
160
188
151
176
273
175
30
38
150
43
53
172
246
249
67
138
11
165
217
105
78
39
236
82
243
17
186
76
263
225
146
229
48
144
198
89
246
70
43
71
21
118
17
78
108
171
211
18
113
209
37
54
139
1
167
38
146
94
69
91
259
194
91
251
15
100
63
225
194
142
132
180
135
79
210
149
262
180
141
235
242
176
157
266
275
155
33
73
229
101
149
275
107
223
158
45
210
197
95
36
119
209
85
202
31
233
84
95
198
207
12
197
225
178
122
170
105
266
25
205
116
124
3
275
62
62
191
271
146
160
252
143
267
99
147
266
132
2
241
140
48
267
200
221
127
128
56
10
179
178
269
31
137
238
137
139
112
273
191
101
255
225
207
190
115
5
62
139
96
172
151
205
222
210
159
267
59
12
117
241
46
59
50
166
124
183
151
225
48
228
172
264
227
216
73
76
191
83
125
11
264
267
62
253
274
97
100
129
57
235
21
181
235
173
121
176
200
209
266
71
163
25
87
97
154
56
98
143
97
117
86
254
141
115
231
160
50
82
265
240
28
114
8
27
188
169
145
163
266
60
186
83
89
6
98
174
107
83
151
68
192
78
62
145
250
103
220
202
72
102
270
67
43
4
223
188
101
88
41
204
97
232
210
269
181
53
88
56
43
55
108
21
30
206
131
236
215
134
195
235
66
178
164
156
148
203
175
142
95
61
35
148
70
272
223
144
219
70
71
223
65
142
19
237
175
55
7
118
194
24
79
43
36
230
182
120
241
199
178
109
274
81
223
22
24
172
136
74
100
246
119
236
196
73
88
115
231
84
146
99
197
239
165
34
36
250
22
265
20
180
124
39
23
113
206
235
121
180
102
216
56
19
77
265
226
273
151
131
243
18
180
207
13
230
133
73
271
255
107
264
100
141
236
50
140
6
165
200
124
136
270
79
111
130
181
205
174
38
65
240
241
26
166
83
38
138
72
44
188
40
176
102
174
167
251
108
65
11
87
52
113
237
48
74
155
72
89
246
268
184
153
10
127
44
255
43
238
92
190
191
91
102
131
260
264
220
42
47
148
9
152
230
181
243
183
112
92
10
182
126
175
269
75
185
179
266
152
13
14
117
44
168
86
149
142
48
121
7
30
213
124
166
91
29
191
102
240
191
53
12
185
109
217
271
244
202
256
54
23
172
58
127
38
74
194
164
260
122
68
13
24
249
134
21
269
78
149
115
274
234
129
185
52
107
185
149
3
173
162
217
96
29
150
246
241
180
251
152
104
134
254
127
46
146
168
108
76
197
107
58
91
266
172
47
105
244
147
14
2
182
85
130
52
29
52
111
101
185
160
241
265
12
264
258
129
271
120
77
242
91
122
23
235
104
216
170
129
112
222
93
242
211
4
158
139
214
194
156
145
178
210
18
203
220
165
207
184
80
198
179
3
96
16
233
12
232
141
39
194
25
154
219
115
126
264
6
152
48
230
226
182
28
80
138
63
152
247
140
208
204
14
78
94
80
33
99
263
251
229
111
169
138
42
209
157
4
19
182
131
230
139
177
43
216
125
152
92
177
5
49
15
202
228
199
53
56
177
90
150
161
145
87
131
187
56
38
26
269
143
213
33
190
13
273
120
255
247
253
107
175
223
88
131
238
132
119
259
44
183
109
69
59
177
6
11
122
206
77
120
227
166
239
16
41
200
6
43
212
212
65
155
66
171
169
10
67
253
62
187
275
99
122
222
171
77
27
146
257
191
35
241
261
219
197
245
127
129
271
180
93
38
251
120
134
92
165
171
25
76
248
43
83
112
45
92
147
172
17
236
120
136
157
248
235
28
175
220
99
239
128
180
124
170
65
239
45
192
190
273
154
230
52
255
177
169
242
179
52
59
20
31
111
20
29
239
170
181
11
88
244
115
218
61
2
83
200
31
132
240
115
17
230
79
239
214
22
221
168
235
73
132
247
80
215
9
188
239
167
154
54
112
147
10
207
259
134
249
201
44
274
69
261
106
123
45
60
110
244
250
106
42
1
142
47
75
152
20
238
239
114
266
82
198
168
214
141
111
203
44
71
94
224
140
228
260
238
157
181
83
148
101
224
253
167
30
225
19
145
185
52
32
26
118
199
44
228
237
229
237
275
132
28
56
270
254
273
42
92
43
182
270
265
203
250
12
248
6
228
77
116
11
221
208
166
131
159
185
54
248
134
62
40
234
49
164
52
254
8
31
260
84
252
96
7
155
40
136
59
142
53
234
35
79
95
200
139
132
135
81
33
112
269
62
65
1
31
11
188
249
181
36
270
174
204
105
73
140
213
37
144
35
39
8
80
235
22
247
259
199
174
120
212
147
128
244
75
219
31
92
124
79
142
136
136
188
204
18
243
197
113
224
235
194
171
170
26
60
71
127
229
206
6
120
190
20
264
59
61
244
12
109
176
228
39
125
37
246
201
147
273
120
227
191
256
188
4
121
89
221
212
156
92
261
14
96
186
194
210
42
78
169
219
107
67
49
68
144
68
227
240
144
25
248
8
220
18
167
30
23
181
52
4
55
153
114
73
272
240
135
47
216
114
47
237
19
5
188
54
263
51
168
30
3
222
124
161
242
83
252
90
239
64
143
7
92
138
2
114
64
40
174
111
214
28
1
58
108
185
130
217
149
250
189
224
40
249
244
47
123
224
267
55
27
118
57
237
86
80
198
200
151
191
125
223
23
102
125
101
100
77
200
69
161
224
205
194
116
136
32
113
36
153
90
23
143
257
237
63
134
169
70
124
221
255
178
82
246
18
187
211
43
266
74
134
54
223
265
3
25
149
2
254
65
41
74
39
18
11
129
98
27
120
240
176
83
153
219
9
232
104
217
98
127
228
101
162
218
183
125
238
227
167
142
180
160
9
162
157
231
54
230
40
118
265
131
52
22
269
22
105
121
163
71
121
27
32
217
164
237
156
273
274
182
226
20
121
152
235
168
15
92
224
75
143
47
231
263
33
123
240
87
27
218
38
159
214
237
182
29
135
267
270
271
166
38
39
50
226
126
36
130
142
256
85
140
24
23
170
214
32
215
24
48
213
149
229
45
257
177
150
74
128
10
199
185
153
202
226
83
30
21
33
179
18
168
114
250
272
240
124
228
87
160
202
189
146
18
114
138
242
212
11
112
112
228
78
165
210
146
47
269
195
137
270
203
67
263
200
244
17
87
20
138
93
204
154
274
261
257
87
152
230
173
211
244
186
204
118
95
241
37
147
54
189
53
47
132
131
101
139
163
51
185
270
10
158
33
154
95
76
166
186
113
104
140
38
173
26
222
3
129
46
231
145
6
160
95
24
12
227
151
202
234
257
85
252
32
200
86
233
92
239
101
171
55
215
196
7
182
58
261
21
201
194
17
146
127
133
112
263
151
255
67
112
95
125
162
152
195
162
193
208
113
238
155
213
64
168
251
191
255
218
138
48
158
213
270
119
162
90
263
272
235
67
58
27
13
160
2
130
41
24
210
61
169
43
2
9
113
163
211
267
97
163
266
266
225
140
135
167
252
136
204
214
157
145
127
206
250
66
160
99
133
154
163
104
161
152
198
160
243
189
208
186
40
98
11
10
174
231
95
46
4
165
6
255
97
150
201
201
218
14
135
129
19
83
194
119
219
68
233
50
258
124
85
83
102
17
235
268
210
172
161
122
107
157
39
266
115
13
60
36
181
62
264
89
109
95
24
213
18
136
242
181
46
177
39
257
203
121
140
201
271
22
57
201
166
269
98
132
91
275
158
89
274
193
109
189
56
136
132
95
79
151
28
196
239
14
243
119
188
197
228
49
226
116
24
75
175
158
245
143
9
13
30
211
138
139
218
207
219
172
255
68
121
242
79
249
191
168
252
234
184
173
100
262
140
220
37
136
146
38
83
65
30
68
83
12
11
108
91
170
178
54
157
170
231
161
176
260
152
206
134
36
202
184
184
149
60
122
202
140
65
144
2
215
93
11
142
46
217
199
86
272
66
15
190
199
169
31
4
59
212
266
18
3
88
167
222
165
143
23
108
232
208
272
42
122
122
129
269
40
196
166
72
36
43
130
2
95
130
47
98
143
134
197
263
56
89
60
34
153
26
163
185
119
138
209
180
19
40
180
6
210
59
67
90
21
114
116
60
105
189
262
108
38
87
131
39
231
110
87
64
118
191
255
96
236
254
232
150
184
116
145
155
180
26
167
254
28
18
31
216
198
99
151
166
17
65
32
108
35
146
272
87
250
104
71
232
229
106
28
150
97
14
216
228
162
200
81
169
113
9
218
275
94
245
185
110
147
211
131
176
77
230
30
166
195
263
111
243
261
75
156
241
124
104
37
93
7
133
176
68
29
55
210
70
189
206
155
162
227
94
65
153
194
171
26
42
34
196
132
114
182
107
1
97
251
96
206
39
254
119
37
94
107
205
188
164
79
127
60
19
64
271
1
120
118
194
247
237
243
106
225
217
145
150
202
192
263
218
1
81
215
75
8
202
10
208
26
146
166
238
221
216
101
58
181
77
207
262
79
200
62
99
33
45
192
127
193
32
267
258
122
162
261
140
59
126
23
12
58
11
43
161
100
250
186
44
266
46
56
32
89
97
63
39
240
51
180
241
217
35
177
56
2
149
49
245
101
244
220
66
263
250
243
223
210
89
53
10
115
237
195
240
37
199
110
24
275
247
55
252
105
175
102
60
138
172
114
27
86
33
243
43
67
65
211
73
239
81
162
198
86
180
1
38
248
58
138
97
219
252
192
200
54
71
249
31
91
202
237
187
183
167
257
97
144
72
185
132
1
117
113
193
38
134
92
174
39
229
177
30
18
234
153
91
91
247
64
6
125
258
77
63
195
19
41
270
155
104
135
72
174
239
173
62
41
82
98
187
51
213
167
6
148
266
271
211
165
156
203
244
174
124
146
226
141
165
80
246
130
124
134
127
83
213
108
189
60
174
93
79
260
41
117
264
148
29
263
123
25
128
163
133
241
236
106
194
91
20
243
266
5
94
251
265
233
269
14
81
257
137
157
117
252
275
65
261
245
236
129
218
271
84
108
186
53
168
158
64
61
214
188
191
34
199
241
259
223
263
118
267
264
128
15
169
121
158
94
114
23
269
8
26
172
244
20
269
149
207
26
9
254
83
104
8
188
30
128
93
45
11
96
137
170
11
113
197
52
232
151
170
184
16
105
176
227
255
9
83
21
246
207
128
273
185
150
133
162
39
25
171
59
232
107
258
206
68
22
1
260
67
209
109
260
121
140
22
125
32
149
2
164
123
265
83
51
205
238
126
4
42
31
217
230
269
254
74
220
142
201
129
164
192
220
32
234
108
241
18
66
131
105
48
80
33
227
176
21
232
159
229
262
262
196
166
243
1
102
81
52
208
261
104
103
247
136
243
35
144
247
27
231
248
206
34
192
172
108
31
260
174
51
225
1
238
272
28
245
171
201
219
244
202
41
23
107
215
5
9
204
123
194
187
43
2
109
55
258
187
66
86
251
76
114
9
113
9
92
89
8
34
97
262
76
185
212
25
100
90
126
223
147
197
30
179
251
53
4
223
49
63
74
131
84
224
118
237
93
261
15
91
75
27
261
264
68
30
191
96
177
149
182
102
37
268
236
231
127
269
248
189
101
255
207
116
83
219
77
7
116
73
58
119
239
106
240
265
150
275
250
229
124
206
85
268
35
105
35
255
235
155
233
116
54
241
178
198
220
50
169
120
151
226
210
194
1
73
172
56
101
23
127
92
110
20
70
125
125
80
65
154
44
185
74
67
94
163
33
43
152
129
176
78
243
264
249
198
212
249
179
112
61
130
169
148
63
63
29
259
24
43
184
202
9
166
173
15
250
70
106
106
152
22
89
104
48
11
195
151
93
23
92
127
3
144
77
88
228
141
17
226
255
194
79
114
145
161
16
191
51
49
200
245
178
2
235
204
75
71
264
3
115
31
77
83
108
259
190
84
134
22
271
264
267
98
230
109
47
90
73
132
164
150
225
42
120
191
99
120
254
188
79
46
255
16
229
19
102
37
95
188
108
124
205
42
199
247
186
122
74
235
186
269
259
106
71
23
106
49
233
187
222
150
147
20
264
48
234
140
42
223
44
75
107
76
218
236
235
108
213
179
136
161
229
11
235
222
108
200
61
130
116
44
224
214
97
211
265
169
199
177
64
236
250
225
271
95
1
43
33
98
259
18
188
177
10
19
148
135
96
48
152
59
206
179
164
229
22
146
48
106
175
177
209
116
247
154
167
235
206
264
141
45
89
156
249
126
67
153
200
110
95
210
205
147
204
227
93
191
236
100
93
146
27
5
33
78
248
9
29
250
67
133
184
205
39
270
220
154
58
236
254
215
67
137
18
59
152
102
222
54
272
208
171
164
198
269
219
126
87
38
137
85
32
268
151
131
187
125
31
187
246
62
238
106
95
207
14
17
207
88
172
152
150
186
224
89
59
36
126
15
169
125
274
148
67
177
90
97
144
20
151
17
25
22
68
261
124
52
38
151
218
176
224
43
67
220
217
165
188
96
88
102
274
214
67
8
230
252
157
118
14
205
223
10
92
150
191
256
43
262
153
196
200
19
160
174
154
11
45
182
35
260
202
75
93
261
227
191
214
244
176
128
47
87
254
235
12
60
274
135
110
25
119
75
45
62
98
29
24
73
73
150
63
17
9
212
97
250
6
184
54
5
95
235
86
258
225
209
250
57
155
198
78
73
56
10
127
255
19
214
40
88
89
214
100
92
175
249
8
3
224
92
85
37
241
218
182
190
33
86
153
109
45
34
27
181
59
143
58
219
191
192
183
67
246
94
239
219
113
229
82
157
39
158
135
170
259
190
181
129
68
264
117
274
246
97
177
48
171
236
251
25
11
223
76
221
156
238
156
5
65
54
266
189
113
83
171
241
54
236
199
22
193
240
252
83
110
50
215
238
140
254
265
222
212
71
190
56
251
20
151
143
245
196
245
79
63
54
182
20
246
111
72
175
181
2
220
199
97
208
61
171
77
197
234
2
194
253
86
32
180
135
46
119
33
16
110
126
121
203
134
19
221
115
245
48
209
122
232
21
46
12
160
30
74
3
168
115
97
55
27
248
36
107
91
106
2
259
271
270
98
129
268
184
101
108
258
140
57
262
198
28
272
164
193
258
176
65
148
75
189
23
185
35
268
274
5
184
153
136
59
47
73
135
89
16
30
240
46
106
16
225
42
66
248
140
48
33
139
170
38
109
56
115
193
80
19
256
12
175
153
232
250
247
57
67
180
147
83
109
217
227
222
254
84
184
113
185
44
201
87
154
97
151
49
129
133
233
200
252
21
100
181
274
159
256
260
140
229
128
241
179
185
208
56
19
118
159
45
63
120
238
131
80
274
4
63
193
232
117
36
197
253
146
206
256
25
131
67
188
154
144
158
247
238
246
82
150
207
191
254
90
190
220
65
203
131
125
25
230
62
95
13
99
9
166
145
263
167
2
102
74
189
32
103
175
83
234
217
265
179
17
219
26
27
125
224
189
206
269
178
38
19
100
205
155
78
61
101
89
204
81
233
184
227
39
41
145
226
142
157
90
1
21
192
237
23
13
216
41
146
135
61
263
112
180
55
124
272
233
114
18
4
205
124
45
43
255
154
155
106
185
154
100
240
207
24
181
113
15
192
275
205
83
34
143
207
22
146
134
49
187
255
37
138
260
132
56
146
125
67
131
159
241
207
25
106
71
254
255
127
103
268
244
67
257
112
274
54
183
192
193
30
221
242
200
214
130
69
250
216
227
55
117
94
156
155
177
241
191
250
146
220
214
3
95
207
67
259
208
215
101
123
30
11
164
226
249
24
264
234
228
94
267
131
247
265
126
99
97
79
34
263
261
263
161
162
53
27
204
184
260
30
13
134
120
72
102
261
125
213
110
41
265
9
176
14
244
90
37
85
21
223
232
247
217
139
167
133
47
175
54
44
73
57
205
263
17
96
80
133
270
265
195
14
5
51
159
7
86
107
261
119
208
219
252
134
140
95
87
97
230
272
128
105
5
176
41
24
56
191
141
71
79
128
145
275
254
261
8
2
187
251
34
254
72
241
262
163
107
71
81
237
187
273
164
209
110
243
100
48
108
77
167
153
260
271
83
201
162
244
117
217
5
133
39
197
126
103
38
191
213
198
250
19
147
246
42
119
13
255
247
206
43
189
53
62
53
145
155
78
256
221
101
70
6
197
97
84
143
262
137
164
153
256
71
15
57
227
228
223
228
40
252
9
270
103
231
5
1
21
140
67
32
230
231
148
136
212
234
222
147
137
123
110
247
40
94
220
100
139
72
98
248
112
199
170
136
54
69
54
130
144
222
73
24
212
183
119
1
20
165
78
82
76
154
201
59
52
140
84
182
53
39
171
268
123
147
117
256
49
171
103
111
234
180
222
89
178
65
18
223
86
221
84
112
88
161
59
113
83
35
275
41
249
151
143
245
131
122
244
229
144
93
168
47
151
23
42
233
157
129
218
6
189
144
212
159
22
207
54
101
41
148
91
247
238
149
245
108
11
193
105
272
249
231
215
228
82
144
181
137
222
5
99
7
102
154
268
62
89
74
196
179
43
60
188
243
59
274
71
48
39
51
260
177
265
220
40
130
247
171
71
120
32
208
93
44
79
154
255
79
73
33
200
144
10
64
133
39
269
194
243
51
165
45
55
259
27
145
62
227
120
76
59
248
91
132
205
168
17
112
250
80
271
24
160
41
167
251
161
37
69
194
10
44
186
79
152
174
129
167
242
33
197
270
36
67
53
239
275
167
80
229
84
192
14
11
205
26
231
215
250
111
189
242
153
115
251
228
172
7
77
220
185
52
261
97
58
46
118
199
12
228
3
78
183
125
118
121
212
13
42
209
85
122
51
220
167
250
77
54
267
46
82
62
124
225
180
262
205
69
27
110
216
19
123
16
4
230
172
38
143
222
267
159
194
235
232
221
205
140
141
183
273
90
169
202
59
102
237
99
244
195
43
153
202
45
2
183
120
142
21
112
179
138
146
131
131
200
53
96
47
154
202
107
40
184
186
156
57
173
144
127
175
113
83
26
256
44
139
125
241
246
221
53
89
26
253
36
20
75
171
164
82
180
92
173
105
57
151
76
68
248
54
5
32
36
16
110
28
198
183
132
58
180
83
185
50
25
107
231
249
194
32
71
142
195
16
74
231
6
123
235
100
107
264
130
17
20
28
214
17
225
236
176
158
171
191
7
159
145
248
264
130
113
53
186
68
60
107
152
217
189
136
45
166
215
167
5
159
172
233
55
110
173
24
6
253
222
30
122
14
59
258
163
205
79
33
49
56
231
44
22
223
271
205
154
45
33
18
248
43
105
78
67
98
197
60
151
227
207
94
119
9
54
147
143
216
118
103
181
262
41
112
16
72
237
126
226
199
246
18
268
250
109
14
89
2
123
136
232
161
25
207
90
232
139
165
102
177
270
95
115
189
196
137
220
261
165
170
79
10
115
22
143
25
191
213
44
186
180
69
93
141
106
109
20
247
35
128
24
129
81
81
72
74
102
135
127
21
85
196
74
221
113
137
81
234
12
180
132
160
157
252
183
138
55
118
70
52
66
187
160
249
84
157
231
139
215
205
16
122
161
200
191
204
241
10
235
63
265
81
274
209
270
68
76
238
116
208
105
3
191
17
189
195
50
13
63
191
59
216
188
242
135
123
6
263
54
122
29
116
271
215
168
59
179
225
82
102
228
251
109
254
204
2
91
174
54
235
215
112
164
116
10
258
205
265
108
146
133
111
30
78
46
6
247
94
271
212
186
164
258
64
130
274
5
10
270
156
242
90
58
146
221
32
40
232
47
119
4
103
57
198
42
19
236
91
221
161
267
214
145
128
16
59
11
69
213
164
88
249
111
58
259
148
57
160
103
188
109
35
234
87
8
206
14
127
193
68
170
94
88
87
214
22
171
55
15
114
101
32
50
47
58
34
190
11
129
183
188
231
222
184
134
129
253
19
196
223
253
176
55
36
245
36
7
215
211
67
145
241
267
84
205
250
251
70
85
156
158
122
25
191
204
159
85
222
142
112
258
177
219
6
115
274
105
269
183
131
43
74
88
254
159
194
263
226
115
94
242
165
41
168
125
157
263
9
247
11
197
226
135
114
127
39
247
49
61
172
73
55
14
127
39
55
61
136
62
34
92
236
14
237
267
17
126
252
83
246
187
188
153
33
110
142
249
225
266
6
206
22
50
255
175
252
237
120
126
147
94
54
162
132
174
235
221
217
234
206
192
265
230
117
81
149
146
146
61
6
239
36
177
24
117
177
168
146
5
118
26
186
189
123
89
221
117
175
109
268
260
99
86
143
125
201
217
190
103
204
38
55
67
215
157
236
223
185
270
44
162
73
48
86
175
129
11
77
93
241
224
98
104
65
7
23
254
184
22
193
35
240
212
239
231
164
33
20
80
62
47
272
13
214
61
48
77
104
269
124
190
32
266
237
26
76
35
119
166
7
76
182
272
31
175
124
128
118
265
28
168
65
89
57
169
81
190
108
88
134
207
105
232
90
110
121
164
58
71
242
197
180
174
86
199
97
255
94
62
154
79
143
43
114
243
244
219
162
200
215
77
43
69
106
2
188
95
57
122
85
172
217
138
19
254
261
130
194
2
71
267
19
122
225
27
157
118
34
46
34
38
115
259
256
208
269
97
166
2
218
275
87
121
97
171
79
13
169
224
68
50
223
6
147
241
113
205
50
201
124
108
140
171
114
2
254
95
21
94
10
33
262
118
178
172
163
224
260
239
140
20
9
196
95
37
252
84
240
48
57
27
128
140
64
70
273
15
122
147
131
90
275
201
123
259
227
210
183
219
174
98
191
240
96
21
7
197
199
32
117
29
46
257
204
124
175
60
211
196
241
39
147
106
99
66
40
80
49
79
94
113
135
248
272
262
59
131
42
77
121
14
185
3
119
158
264
228
37
213
88
26
225
124
41
112
238
195
107
145
215
262
223
13
21
262
48
63
38
170
211
50
46
34
164
141
227
99
86
264
189
141
268
136
120
160
263
122
125
109
167
270
180
141
188
75
120
236
108
26
33
193
129
158
149
215
219
268
115
261
40
41
146
227
239
83
36
37
219
82
208
150
51
145
51
189
72
208
133
269
233
273
251
193
140
168
248
91
267
109
164
253
236
57
39
173
70
57
107
23
113
98
251
122
159
18
231
97
21
110
158
11
199
60
144
238
30
258
190
167
183
143
109
156
11
66
128
99
11
171
253
247
110
190
163
192
183
77
30
1
174
211
100
204
96
266
266
136
17
107
33
244
71
60
13
274
241
185
109
54
162
101
12
262
125
109
77
219
105
174
186
118
124
197
249
169
179
184
75
257
151
264
25
17
55
28
222
120
217
144
134
149
218
168
87
39
214
47
224
245
156
166
244
191
89
84
275
33
220
146
203
235
66
7
91
15
136
110
8
226
89
259
258
209
97
14
111
215
225
48
51
232
23
54
116
88
234
266
219
4
45
95
119
208
167
218
229
135
126
22
128
171
87
268
222
42
93
96
60
206
63
29
150
145
52
190
70
201
52
241
174
263
129
154
264
202
143
11
137
170
190
60
233
249
74
166
134
54
272
224
82
237
17
152
144
97
38
170
229
267
28
177
41
98
63
161
124
134
22
17
15
131
89
173
192
186
275
7
121
4
210
93
120
142
61
157
203
24
15
9
143
178
53
48
168
134
118
95
228
161
189
246
60
84
138
198
111
119
151
46
42
32
179
160
155
160
56
150
165
240
13
273
81
33
127
239
147
230
122
25
85
269
110
213
26
63
35
176
143
5
86
133
104
104
194
112
239
146
5
69
92
149
155
85
190
265
15
272
145
200
59
129
42
211
136
239
236
47
237
171
98
184
120
266
164
74
239
156
51
231
114
62
78
39
6
153
273
185
79
90
104
42
188
224
186
55
85
62
178
4
92
172
214
99
130
119
204
93
2
173
173
166
93
93
118
206
179
83
184
162
252
30
112
246
130
202
139
261
89
274
201
7
182
57
78
101
75
15
50
260
58
49
126
124
177
175
49
136
174
168
20
36
184
40
22
243
216
244
21
172
136
247
254
145
47
175
86
28
33
37
256
66
100
61
61
180
9
122
112
240
122
219
104
62
275
65
230
219
171
18
107
145
230
259
65
225
109
72
227
50
41
35
37
107
253
251
37
150
79
190
207
75
131
113
214
1
31
225
56
253
48
138
8
182
71
105
219
90
85
41
30
205
265
256
215
21
271
124
192
36
196
141
35
214
250
137
255
211
67
242
38
70
142
115
108
3
175
258
4
17
226
260
235
16
151
113
192
57
162
77
164
272
234
22
145
59
223
23
172
50
48
28
170
238
147
231
60
10
45
72
269
65
139
274
127
81
116
47
203
250
71
146
222
112
119
194
15
121
143
255
212
199
273
74
139
137
24
184
91
124
253
181
34
64
166
199
172
180
3
162
80
208
222
191
274
212
162
49
57
243
66
144
151
105
36
255
177
118
127
266
177
60
194
12
41
202
70
68
34
182
85
26
270
72
108
152
41
55
88
94
116
97
251
92
239
169
171
74
53
159
4
149
116
229
36
44
46
48
272
71
254
205
212
191
182
160
225
105
118
118
50
262
234
18
94
84
17
146
174
85
65
234
35
203
214
224
260
12
37
104
127
37
128
21
127
206
168
146
22
101
93
264
71
211
110
259
147
164
228
102
59
73
174
210
101
140
120
133
172
207
132
140
124
89
68
171
122
3
11
218
49
82
20
121
102
239
6
45
94
163
114
48
96
66
31
80
253
196
199
268
53
85
15
57
24
262
173
136
116
246
216
111
42
138
44
81
144
79
65
262
84
37
21
208
55
25
172
266
74
188
232
133
87
257
72
10
96
195
254
138
178
275
83
134
112
6
95
174
173
220
259
172
213
9
205
244
177
169
257
70
32
12
100
222
175
140
133
37
220
264
190
274
18
250
242
65
67
18
198
100
124
17
116
240
74
222
275
209
8
253
129
36
155
206
270
20
95
78
203
40
160
34
85
257
191
52
34
40
182
184
23
164
224
252
180
90
31
188
65
187
59
31
119
267
146
112
144
214
6
235
164
104
177
80
221
56
79
191
182
134
117
180
165
78
22
3
231
91
73
229
33
4
226
49
38
175
122
232
57
13
198
101
91
62
68
28
249
57
60
22
36
14
98
219
183
24
226
170
49
275
126
245
77
110
210
37
166
230
45
246
36
35
81
275
92
232
190
237
102
186
174
162
113
31
245
72
8
149
226
202
255
139
153
187
65
51
5
123
116
200
39
132
14
47
272
180
217
16
83
252
151
208
232
18
19
187
238
83
53
117
68
116
182
172
46
61
170
39
176
185
228
215
240
251
100
68
72
260
154
150
189
75
54
89
267
71
31
267
163
49
6
111
33
109
229
146
141
270
160
110
11
103
24
244
153
123
104
163
243
111
103
66
57
131
149
155
232
90
259
36
39
95
175
251
8
239
148
231
147
99
142
180
138
70
15
195
7
29
222
37
68
260
58
2
200
199
172
220
39
171
162
64
248
247
149
85
24
177
156
248
71
122
271
173
261
160
12
77
255
197
148
65
269
163
272
157
163
66
228
157
217
202
50
137
106
67
274
65
35
123
189
96
116
2
250
206
268
225
256
242
39
69
170
205
205
117
126
184
245
249
200
258
168
205
184
215
75
10
181
78
48
143
46
242
88
206
7
32
27
153
133
34
132
96
145
59
98
223
99
132
251
32
36
23
58
212
220
84
197
102
124
238
43
129
160
89
258
219
154
191
84
175
270
91
158
46
185
123
22
238
235
80
252
253
118
34
37
205
93
175
244
59
194
96
230
96
231
250
81
124
52
210
219
159
14
34
25
111
40
65
68
46
46
115
27
103
35
49
70
118
150
250
219
24
145
128
15
2
127
226
22
53
59
174
6
59
210
76
38
173
200
108
17
199
139
101
233
49
190
197
114
194
246
91
88
273
119
255
44
184
35
275
137
250
5
154
261
168
273
234
259
230
40
275
193
54
61
73
61
150
163
29
92
29
15
244
144
170
65
87
204
216
128
48
109
113
208
271
160
56
1
142
216
70
157
258
177
95
60
143
190
86
177
127
205
159
29
94
52
207
45
65
153
33
20
44
172
45
79
265
202
60
85
49
47
112
107
173
66
212
168
204
38
91
152
193
217
145
4
126
179
271
68
189
210
24
223
112
178
83
103
237
11
83
211
229
72
118
51
16
156
235
178
253
21
21
208
243
186
24
101
134
224
171
261
197
104
96
96
216
111
237
35
88
66
125
254
183
147
167
4
12
138
274
236
225
43
143
127
215
151
179
89
246
132
244
12
77
266
181
257
176
121
78
193
125
190
43
171
114
204
57
248
203
12
19
129
186
248
70
273
194
183
177
237
93
242
99
202
114
169
257
122
21
69
43
60
77
38
218
229
268
16
146
161
108
252
37
21
29
191
239
91
157
213
154
64
250
134
175
17
165
37
170
180
138
251
61
270
124
202
79
214
69
143
59
151
105
105
113
146
73
2
156
264
66
207
65
194
168
20
79
138
113
142
73
219
118
257
169
251
50
88
4
70
75
193
221
68
123
94
134
36
77
252
10
249
22
143
105
142
23
273
10
238
109
180
102
90
143
104
98
64
125
256
265
70
148
175
152
172
62
182
219
1
251
225
160
20
222
49
98
31
162
208
50
118
59
75
131
266
237
60
33
115
130
159
34
219
175
275
134
240
2
205
89
216
131
115
131
223
149
111
54
170
69
225
82
83
10
48
137
275
149
267
55
106
100
71
41
9
25
148
197
119
204
105
156
147
3
274
168
196
39
23
245
152
144
173
47
16
45
180
91
216
112
147
216
257
32
66
69
166
129
203
270
68
86
228
212
240
192
237
93
194
217
65
254
224
255
259
264
175
256
70
186
156
37
89
121
122
218
155
100
60
204
208
134
72
11
36
102
114
146
33
172
100
218
36
9
246
9
100
182
120
232
187
38
138
141
171
236
225
271
229
151
144
244
164
257
52
124
196
201
118
63
176
107
126
188
194
70
100
191
41
213
202
261
9
158
258
273
56
235
182
135
61
175
51
207
148
234
141
77
59
24
202
115
86
43
218
146
51
52
160
144
74
65
78
135
71
183
265
130
53
170
204
79
205
35
69
41
222
38
203
207
158
216
241
9
145
249
75
141
2
148
185
172
192
171
57
217
238
213
49
96
50
57
185
197
217
101
203
61
140
245
245
21
96
199
145
275
252
56
55
207
262
242
211
160
265
153
37
107
238
7
204
221
162
80
233
262
240
256
135
13
222
123
79
58
87
25
43
43
95
160
239
107
146
192
122
186
264
115
156
118
274
181
183
100
78
44
180
186
185
75
75
134
95
194
145
246
79
87
258
112
40
39
100
246
177
180
134
106
275
73
142
81
49
166
89
186
121
264
246
15
79
178
33
86
251
187
207
242
57
82
249
42
168
123
173
184
131
37
230
28
27
7
105
137
59
91
72
154
179
52
136
251
211
70
257
147
111
85
42
131
133
236
103
263
202
173
221
231
175
274
224
32
152
251
23
226
207
261
63
83
84
125
118
57
241
176
92
9
262
145
199
78
154
126
163
128
54
210
209
98
153
174
168
235
195
39
121
193
136
143
126
55
52
128
258
195
34
95
208
110
109
150
72
63
210
49
182
157
166
137
259
85
34
61
1
97
15
230
217
237
181
188
55
96
97
76
258
267
5
226
220
14
257
124
173
224
102
252
189
232
271
255
119
138
167
74
86
274
132
63
245
60
185
130
144
194
63
217
205
140
165
159
230
160
14
270
68
177
264
239
56
52
142
191
71
78
211
106
180
136
237
24
9
272
42
115
93
98
273
136
273
73
60
160
229
102
193
166
240
44
268
64
225
209
144
106
265
169
77
86
109
30
233
111
116
30
24
243
188
20
50
130
232
85
145
252
133
121
204
225
159
190
159
50
38
42
198
39
119
110
100
56
242
41
249
89
224
235
89
179
74
31
151
179
116
214
215
188
145
154
162
198
5
188
197
21
252
220
189
147
262
18
188
40
111
189
178
95
109
201
68
213
69
71
54
74
137
22
96
42
103
167
47
222
257
65
126
257
133
177
171
189
144
102
136
259
121
152
97
201
249
169
209
183
80
28
251
184
125
96
129
48
256
47
23
10
251
233
162
39
107
20
89
175
122
137
10
39
30
152
217
59
5
37
131
118
222
165
224
71
124
41
80
225
196
111
6
39
106
121
117
116
87
17
120
269
29
102
49
89
250
265
71
251
271
87
53
126
149
239
53
212
243
113
37
80
52
36
128
51
241
168
250
14
69
171
254
195
23
64
89
167
187
72
246
148
137
128
160
76
91
61
174
210
22
176
4
22
105
59
165
102
145
45
258
87
247
122
230
105
119
128
149
124
230
25
60
222
225
86
44
172
40
127
105
99
63
100
112
99
196
43
133
30
229
233
262
69
87
229
74
124
76
184
267
182
229
140
262
38
49
106
137
221
104
119
261
70
158
231
75
180
29
258
137
86
181
106
209
158
236
239
170
247
165
273
126
190
247
129
11
161
107
184
183
75
103
223
273
261
240
275
89
197
91
42
275
265
132
203
173
257
87
228
21
35
94
192
129
42
273
148
272
6
201
128
263
130
63
39
116
72
18
177
153
196
165
96
72
258
250
164
167
97
93
236
98
14
190
272
59
165
14
245
106
156
20
155
228
257
221
41
206
15
64
249
2
165
119
175
178
8
119
49
34
260
24
244
189
135
183
27
17
155
121
147
197
80
76
166
35
167
11
71
200
73
218
257
213
218
201
148
9
83
117
57
222
247
41
220
15
219
257
164
46
225
190
220
116
34
217
196
148
127
128
114
55
30
253
237
83
17
40
32
134
168
110
54
156
184
193
233
190
191
238
265
104
252
130
15
52
16
155
113
80
87
2
28
61
170
73
274
243
190
183
83
56
120
141
263
260
129
254
90
222
121
239
122
107
267
223
194
138
159
42
204
34
260
3
180
114
99
242
73
123
241
132
144
184
258
88
96
187
263
178
137
163
47
258
23
30
187
156
112
125
94
33
179
133
109
145
220
162
123
114
255
154
105
13
152
25
72
216
88
149
64
78
205
124
148
135
23
94
165
43
158
219
32
175
174
272
166
235
121
168
216
155
142
197
121
133
167
21
26
146
37
118
6
266
3
131
156
116
100
178
187
145
22
62
267
110
168
41
61
90
195
138
154
206
10
234
251
35
198
157
133
93
251
189
48
270
121
61
219
115
106
142
11
104
71
264
192
200
25
81
196
95
72
226
273
21
119
27
189
112
92
1
247
251
106
193
96
115
90
180
175
149
63
205
275
176
36
143
139
263
146
223
188
182
224
75
93
140
71
229
91
257
47
206
142
244
249
196
1
20
73
116
272
10
256
27
95
53
242
217
262
19
272
161
134
252
259
154
36
92
182
254
272
234
86
215
226
18
192
256
164
173
158
89
38
107
10
51
242
231
165
88
35
159
1
197
17
118
34
142
184
228
152
73
153
118
164
169
103
259
112
231
16
16
265
16
235
181
121
172
49
147
69
241
25
177
204
130
2
64
10
126
216
62
21
149
17
254
50
128
247
121
224
216
140
74
126
60
211
12
128
116
176
236
253
66
153
128
103
138
261
99
26
221
228
244
85
68
90
182
119
190
158
259
246
228
60
13
156
142
1
191
47
173
204
199
77
72
225
249
200
77
30
101
69
257
249
210
54
266
239
111
5
127
170
141
13
221
226
50
191
77
11
212
259
65
160
104
89
46
261
102
43
229
43
41
8
86
110
18
211
243
18
254
73
191
19
120
170
181
219
251
223
54
229
215
86
87
180
166
99
28
62
260
191
189
82
258
229
234
190
65
158
151
148
243
211
60
235
258
184
14
46
153
106
82
55
38
9
113
242
55
64
256
224
211
120
22
170
173
131
138
47
29
110
252
226
250
64
55
32
60
270
44
129
123
146
53
117
267
113
55
243
195
221
84
194
179
46
114
183
76
272
44
137
103
59
166
71
261
167
232
205
191
92
216
267
21
122
157
38
55
237
101
140
106
189
261
250
272
74
266
81
251
179
204
17
73
96
113
42
238
117
78
59
137
272
187
41
143
18
255
123
234
209
212
173
116
63
59
238
235
232
233
212
156
80
158
209
138
269
27
51
83
110
217
169
69
131
31
105
24
1
156
81
175
137
227
38
117
203
245
42
111
28
59
23
155
228
272
273
130
220
109
12
208
84
49
273
14
167
203
255
64
189
228
22
203
225
41
69
35
266
66
113
136
3
198
157
10
19
57
246
190
273
78
97
261
18
137
242
200
199
175
40
202
222
161
151
253
107
128
9
105
234
89
146
156
46
62
199
203
207
121
229
132
114
141
222
114
30
260
36
101
59
188
262
21
267
267
247
221
169
203
44
101
131
146
22
213
261
207
86
18
230
68
50
253
13
101
160
94
273
16
262
11
79
32
149
38
172
106
42
129
203
160
268
18
90
107
275
100
246
194
192
97
14
48
77
9
197
190
272
190
67
33
67
227
267
98
97
23
64
200
217
69
39
245
201
273
206
171
146
86
94
87
122
