Bin size: 235
Number of elements: 10077
140
166
55
3
37
88
124
109
202
32
13
91
29
64
127
158
207
144
189
220
175
37
40
163
103
93
44
74
83
34
54
147
196
179
3
121
186
66
147
165
86
191
196
58
172
31
233
217
106
204
106
183
130
48
79
165
22
58
70
156
20
122
52
160
126
56
209
54
172
196
75
11
61
131
180
151
165
89
107
231
180
146
165
223
104
23
103
29
163
78
16
108
116
179
64
19
62
88
140
69
62
99
140
112
32
18
233
6
136
19
91
7
25
86
28
160
216
141
81
142
55
107
155
145
166
26
99
72
89
36
122
219
19
132
105
233
53
11
99
116
5
30
198
200
44
218
82
172
176
127
193
194
214
30
201
186
173
167
140
25
37
177
96
151
189
24
110
222
77
221
59
69
31
162
208
116
218
129
109
50
26
143
178
111
159
7
47
120
100
165
154
193
32
78
69
154
181
134
166
156
233
14
166
139
8
222
58
49
94
66
120
151
231
86
149
110
8
160
85
136
153
126
164
212
176
235
164
149
5
206
179
69
221
207
15
112
170
9
59
141
22
143
80
74
188
123
58
110
21
91
183
161
184
142
130
166
38
17
15
146
141
42
30
217
173
136
207
52
30
71
226
12
96
74
157
195
82
114
164
135
200
96
123
75
93
12
144
133
100
136
109
58
15
15
189
216
170
202
126
191
108
169
140
94
87
140
95
223
210
28
138
77
186
95
104
211
55
204
199
10
190
232
124
38
60
220
30
129
48
3
223
164
185
149
45
198
151
107
46
154
142
182
122
219
150
29
127
36
93
59
19
122
100
54
150
180
75
156
208
195
200
51
142
186
205
171
118
27
177
71
65
113
41
135
188
174
103
77
141
179
194
40
129
221
22
216
89
29
228
118
154
149
92
27
188
179
59
55
43
214
141
197
118
21
171
222
101
233
198
228
15
58
233
54
158
212
107
205
52
46
6
57
97
13
130
141
38
123
133
92
44
126
38
41
162
22
225
88
74
184
157
154
40
27
201
175
23
216
81
197
111
64
40
139
85
1
46
208
90
3
36
40
100
200
121
48
43
31
127
111
176
70
166
70
76
53
20
19
230
230
89
119
107
157
227
202
15
14
186
196
57
43
206
57
158
100
14
53
155
46
178
51
30
70
179
18
173
106
119
61
121
80
202
177
228
162
34
197
177
142
14
112
200
68
48
44
177
225
1
191
48
46
95
118
220
201
224
140
70
130
192
186
174
131
201
31
228
194
24
227
226
32
215
203
38
92
128
226
218
221
29
219
146
191
219
214
224
77
67
83
167
75
125
178
132
188
135
147
120
46
162
172
81
217
150
22
169
24
194
144
130
140
170
78
5
127
198
176
176
136
100
90
204
226
48
39
7
88
233
151
221
61
53
74
188
193
72
150
158
148
81
59
5
7
212
35
142
6
80
72
90
116
180
56
113
172
207
125
210
126
165
61
81
176
182
119
190
94
107
213
5
2
193
61
209
151
6
182
178
153
52
94
94
157
173
29
228
198
190
169
89
121
5
171
57
210
152
200
7
69
7
8
30
151
179
180
71
195
111
1
86
80
4
38
10
99
80
88
136
133
90
11
53
196
91
51
122
199
45
14
35
191
129
225
109
10
5
82
155
203
146
88
87
156
92
9
169
5
224
29
179
155
90
141
227
193
221
188
146
95
189
151
233
186
123
173
149
201
151
2
122
21
22
193
137
29
187
22
175
35
94
51
193
228
92
199
112
102
92
171
2
221
50
199
200
165
34
17
141
26
222
91
180
78
55
121
181
180
82
124
70
153
52
103
181
83
126
111
175
67
37
208
195
144
228
182
23
1
50
39
49
179
200
54
3
133
202
3
227
231
233
107
153
119
62
214
112
183
101
107
218
222
167
137
207
194
59
188
6
180
70
175
223
96
108
24
63
197
58
144
6
141
209
218
153
18
104
187
9
175
91
103
145
111
43
123
185
213
203
57
224
116
46
91
220
81
214
83
200
102
86
233
106
46
13
56
100
132
195
53
98
212
204
67
91
55
60
15
107
17
120
53
136
65
132
17
45
189
102
78
126
69
88
13
110
159
64
96
88
176
217
113
72
223
50
223
136
215
59
164
177
149
78
207
130
22
208
235
28
112
164
201
231
161
83
18
78
25
51
1
90
233
52
103
66
178
134
127
79
199
119
192
108
99
153
167
84
112
147
150
70
64
91
219
93
30
71
16
210
181
204
34
71
102
5
59
36
182
28
163
209
124
233
167
109
120
2
62
93
74
157
12
105
78
11
165
98
129
87
93
101
123
34
183
155
119
109
63
146
153
126
30
22
98
38
186
44
40
101
7
77
233
233
101
166
68
37
162
72
167
84
154
164
79
191
52
154
150
195
56
34
32
161
122
50
234
19
28
69
11
222
140
159
174
135
221
31
184
107
54
82
207
102
187
58
34
145
221
85
60
26
175
15
47
138
132
226
11
186
29
149
145
86
12
163
56
144
176
108
53
129
52
119
175
36
115
4
214
160
131
49
1
188
205
235
104
146
79
185
49
215
146
100
214
70
150
100
110
214
80
22
191
167
15
79
136
159
177
28
224
37
36
168
54
220
36
110
169
234
204
95
176
121
12
163
102
97
154
22
193
135
23
87
183
233
209
38
159
61
193
217
122
27
185
105
168
99
178
179
7
103
2
136
151
55
229
230
91
227
142
157
111
218
19
18
217
129
6
107
235
1
63
88
144
165
63
57
155
131
215
18
155
37
116
40
195
148
193
63
23
136
145
171
223
167
26
43
84
48
164
126
25
198
89
129
18
120
44
164
214
204
143
215
131
18
68
98
184
189
209
46
173
59
17
134
8
113
16
201
126
75
6
105
79
181
183
114
211
60
48
209
104
28
118
160
231
58
48
111
69
65
138
110
63
146
125
125
196
72
105
169
117
197
48
33
46
79
69
58
189
152
134
77
22
153
31
137
93
139
164
43
122
17
222
135
149
119
206
144
36
160
43
81
94
152
233
206
13
92
17
55
18
128
210
49
125
217
80
178
138
200
1
34
63
26
79
171
53
157
168
75
23
169
164
8
62
33
98
208
14
19
229
179
148
84
46
203
121
69
224
154
16
186
105
224
130
190
118
11
132
192
8
174
219
130
48
184
235
15
177
69
67
13
42
204
79
160
38
118
82
25
170
155
166
156
9
184
91
221
181
234
60
212
24
221
44
11
67
137
155
142
170
59
44
235
12
89
140
46
160
39
145
226
119
227
146
213
77
34
191
181
138
25
49
147
149
121
2
162
162
208
226
164
227
91
54
79
67
55
41
190
148
229
42
68
167
171
73
27
114
217
51
91
53
205
15
48
41
108
182
186
93
88
9
149
180
101
198
57
59
15
62
14
211
136
93
33
224
100
13
54
152
160
201
84
192
233
211
96
179
63
221
213
213
231
108
210
1
33
132
204
150
229
192
178
153
212
142
55
8
116
124
6
115
41
154
130
136
181
43
191
197
66
36
119
198
29
117
48
89
112
111
197
75
153
29
207
207
22
200
64
19
47
168
185
23
36
61
66
72
195
229
78
91
64
144
213
170
48
146
212
205
232
201
234
108
152
145
169
41
183
206
115
3
187
8
67
8
91
77
153
34
15
87
230
82
75
156
105
5
93
68
117
109
116
27
88
216
229
232
62
174
117
83
102
49
201
169
231
162
227
14
45
132
188
50
210
64
207
157
217
120
145
220
121
26
229
225
104
198
211
109
206
163
111
83
14
106
225
110
114
206
191
3
163
141
62
7
144
51
37
21
59
183
187
56
135
219
177
187
144
129
6
98
35
134
126
20
231
24
121
78
62
155
117
30
84
91
63
55
138
212
162
207
92
16
89
152
171
166
211
100
224
154
145
42
19
28
91
207
15
128
222
198
139
105
60
7
31
205
36
139
226
26
47
15
131
77
20
30
9
134
206
223
45
103
31
27
108
78
13
98
47
204
4
94
182
81
63
137
77
191
230
212
135
82
165
138
140
122
213
44
95
233
114
217
223
108
21
223
118
167
145
50
89
187
119
218
139
173
51
155
118
11
225
225
58
177
196
109
165
40
87
29
156
230
232
189
57
105
20
79
180
187
43
79
229
205
16
175
3
30
15
50
130
228
41
173
72
52
111
19
76
49
7
130
214
131
127
143
48
96
37
164
66
225
24
97
72
213
83
164
35
55
18
128
24
69
117
204
79
199
135
199
81
231
56
39
19
110
200
192
18
234
74
68
223
98
108
196
102
149
96
133
112
75
31
203
21
6
185
73
50
128
64
5
123
145
32
173
187
35
21
134
110
35
88
124
44
120
183
61
51
162
68
162
64
189
55
20
151
175
78
78
88
227
54
195
34
126
217
92
99
224
12
14
194
223
7
130
195
60
2
79
144
175
224
202
80
18
74
201
49
15
131
158
81
156
55
196
228
66
82
27
102
139
132
51
39
175
38
21
64
18
175
157
53
232
91
105
226
144
61
204
210
98
222
6
112
111
13
119
94
138
110
123
228
206
33
146
21
124
94
111
202
207
164
19
26
179
228
190
22
70
49
91
21
3
54
171
5
42
123
30
213
158
154
203
162
158
216
159
1
131
225
4
127
73
98
16
195
130
30
214
201
6
15
13
80
28
202
165
83
97
214
200
168
190
201
68
194
26
186
7
145
53
161
133
177
66
64
128
175
30
48
49
48
126
74
220
107
126
158
157
120
191
115
23
168
29
20
85
131
15
195
54
158
43
91
76
138
177
158
194
135
232
137
192
214
120
10
187
203
84
197
139
229
99
97
30
154
157
45
193
131
200
223
154
222
166
95
219
36
180
126
200
46
14
16
202
181
214
51
157
56
224
14
88
156
82
189
217
132
170
201
140
198
52
191
161
112
77
96
189
62
167
6
155
166
145
126
30
10
131
56
149
84
54
2
192
55
153
23
67
95
83
200
16
202
129
235
24
13
165
116
158
67
204
117
36
163
111
183
227
43
234
168
201
53
30
4
190
135
122
153
44
12
54
127
135
188
71
97
187
232
172
111
105
78
41
179
7
194
97
158
97
183
132
118
212
99
82
7
185
141
153
135
90
97
158
150
45
49
184
219
150
9
221
108
63
144
60
123
15
149
206
122
134
183
175
233
62
172
91
183
101
58
216
200
64
211
230
49
170
185
13
79
160
169
19
159
197
28
168
29
130
132
212
166
62
219
179
150
37
234
174
58
144
181
66
159
232
15
226
218
231
121
45
108
134
174
7
125
1
116
150
118
14
64
68
137
217
118
93
179
134
56
101
81
141
57
214
10
180
133
183
139
70
221
172
144
50
182
209
217
134
43
95
101
94
46
14
133
168
55
26
133
130
6
174
201
120
79
147
145
132
76
231
199
63
187
90
52
162
101
89
193
89
198
159
231
204
82
31
130
218
129
85
103
180
16
52
149
235
79
124
192
207
222
196
55
185
190
235
178
101
117
102
17
151
225
167
62
169
83
56
123
146
2
49
112
62
26
217
10
51
100
212
39
213
94
200
95
71
189
190
212
150
104
24
113
118
181
205
85
212
180
33
104
120
7
35
67
131
4
214
151
2
42
90
209
199
228
148
154
75
6
199
219
223
32
151
26
205
96
97
143
7
147
9
87
21
194
47
233
210
39
233
36
88
86
82
182
127
94
214
156
44
168
166
96
82
199
215
203
118
64
118
3
149
56
65
200
11
148
61
132
186
9
171
144
34
222
135
59
75
77
202
119
19
224
113
18
83
115
235
68
71
163
117
5
147
60
60
130
206
34
159
74
204
21
160
200
224
81
35
177
25
229
156
212
66
176
232
6
99
23
13
156
219
197
115
107
7
223
149
31
182
61
25
166
197
205
212
38
102
233
141
75
185
16
74
170
163
83
55
23
147
135
108
68
142
195
16
180
232
184
177
84
185
233
139
90
201
92
159
61
156
15
77
100
187
235
160
176
140
203
33
131
131
162
41
20
42
38
82
117
223
47
78
123
42
168
214
108
3
169
128
108
202
124
57
24
232
67
189
159
154
8
115
235
124
67
85
90
112
77
60
235
45
162
92
10
21
141
37
11
39
205
121
31
80
92
157
64
172
49
112
85
47
90
36
118
223
191
62
2
203
175
14
98
124
18
103
81
96
78
141
11
228
212
138
90
170
58
117
84
69
181
10
80
169
118
131
12
7
7
74
137
17
203
30
212
73
18
214
1
217
16
177
44
39
65
114
2
86
4
142
26
95
201
107
134
150
156
95
46
160
4
125
27
62
139
231
22
147
23
202
27
163
150
172
74
29
117
156
156
20
235
111
172
33
155
137
103
75
148
144
222
164
96
27
186
90
217
135
197
193
70
205
218
164
4
197
215
154
222
129
82
19
28
32
51
9
88
184
7
77
177
134
227
37
203
79
17
164
200
185
41
46
206
62
171
171
5
94
214
10
3
7
12
37
106
68
221
100
24
164
143
225
70
134
223
26
199
154
230
155
114
57
126
3
150
123
225
119
61
201
162
76
109
53
170
39
1
172
122
9
9
75
93
228
9
128
72
114
136
20
161
222
111
75
55
167
183
229
142
22
86
27
96
202
9
108
108
166
171
232
213
210
213
71
130
148
17
4
14
62
67
194
75
190
149
100
47
92
224
173
195
123
102
30
118
26
77
122
222
18
184
56
171
88
143
120
108
223
215
78
3
211
165
30
9
152
202
126
218
131
134
207
199
158
173
174
115
160
210
35
34
110
18
105
214
137
45
199
47
51
197
24
38
230
187
99
82
191
60
228
169
20
80
211
12
99
160
184
3
148
144
190
56
100
2
184
118
230
233
69
75
176
102
223
83
35
180
160
156
168
125
96
33
108
19
81
95
6
2
92
23
233
72
152
195
128
122
64
183
47
16
55
199
213
109
106
45
69
64
13
32
28
158
44
182
60
181
193
11
179
65
149
170
137
140
181
89
98
80
162
141
43
211
2
123
82
223
84
50
219
220
171
165
173
185
191
37
203
200
26
49
193
126
76
136
13
8
172
209
194
123
169
1
124
64
170
78
135
111
16
66
211
15
12
100
12
72
177
7
115
183
152
73
100
74
28
29
37
105
64
204
51
49
85
12
22
117
72
55
150
187
79
61
63
156
215
10
91
79
106
189
85
190
46
85
57
190
203
200
76
132
77
117
88
150
138
217
201
192
196
44
51
158
58
216
120
152
85
187
54
79
146
65
54
20
180
134
234
81
42
199
101
202
65
21
91
106
52
67
4
19
13
92
193
220
97
22
218
82
110
116
193
231
178
145
21
212
192
60
89
24
70
131
202
168
100
182
199
39
30
203
84
160
58
186
80
195
110
25
72
61
109
193
225
81
218
137
38
66
163
221
41
10
40
195
183
171
179
104
67
232
137
74
201
167
55
199
190
141
178
97
197
1
24
218
22
62
187
234
30
180
68
179
152
34
185
50
166
83
225
222
211
188
225
72
122
99
171
123
91
75
75
123
71
139
66
52
150
234
211
108
146
110
2
18
43
199
185
111
66
183
144
123
109
109
138
207
122
204
202
128
153
228
21
36
111
211
216
106
131
27
41
82
218
89
218
85
43
179
64
91
77
2
174
121
137
73
225
9
124
203
2
216
25
185
90
155
186
96
17
5
43
155
174
3
2
215
58
78
43
149
221
184
32
60
126
64
20
217
20
142
78
31
204
157
218
193
139
157
65
49
74
130
66
123
220
62
163
169
225
75
61
127
89
194
2
126
83
93
181
39
43
72
162
176
170
199
234
187
38
1
169
52
81
166
95
23
135
23
45
169
187
215
156
85
162
128
13
130
227
30
75
104
131
35
102
192
11
185
35
40
190
202
15
164
208
58
102
43
116
155
188
99
98
196
163
113
75
148
57
185
14
20
126
52
181
230
195
90
67
147
163
115
229
42
25
223
182
88
103
25
75
113
214
110
194
13
201
174
33
110
158
207
228
42
178
189
6
88
45
148
217
6
41
223
131
82
97
83
82
62
169
35
119
221
49
102
17
45
56
154
189
97
36
58
165
191
137
82
197
165
167
68
190
51
90
58
203
21
109
133
18
214
35
39
143
234
44
207
40
32
35
204
79
82
225
218
36
78
191
34
219
116
141
79
160
51
145
153
195
148
23
10
99
40
176
118
190
35
200
155
73
217
2
202
225
104
212
167
146
166
151
27
93
10
99
209
3
86
46
81
116
26
40
177
225
26
121
27
163
161
171
110
60
205
113
213
45
51
144
117
131
110
31
143
19
55
164
96
12
13
55
233
165
55
111
43
176
128
114
234
69
30
14
151
13
226
204
66
47
189
21
216
130
217
207
98
61
156
185
30
32
177
149
140
19
49
213
134
230
205
16
187
82
231
77
49
230
108
176
169
88
119
113
45
138
136
234
5
122
231
227
164
57
59
85
131
57
204
210
92
190
31
145
170
198
160
223
45
160
188
200
32
41
132
37
55
126
197
69
36
220
112
186
35
193
38
224
5
64
29
12
24
118
77
63
165
184
198
67
40
153
170
51
131
53
47
226
10
211
223
172
123
107
223
170
13
194
163
68
109
97
138
26
30
188
233
232
177
52
169
199
16
211
153
132
82
153
214
188
66
193
43
32
206
131
185
227
224
11
149
140
120
15
120
20
25
130
1
217
154
127
216
189
48
204
70
219
158
156
232
95
42
73
69
28
55
37
77
133
7
153
143
164
7
230
219
161
87
135
156
229
192
230
97
161
143
156
137
136
44
97
76
90
144
181
47
72
105
179
107
186
9
2
142
133
108
169
24
234
162
182
233
143
105
96
166
92
132
104
175
26
3
19
101
122
115
168
218
184
217
204
103
172
116
176
165
9
94
95
27
90
62
123
75
220
219
86
86
95
96
27
168
203
219
47
171
75
84
183
190
181
163
144
12
32
17
12
21
204
103
152
202
161
224
68
20
11
116
77
165
66
139
68
176
131
201
63
23
185
63
228
214
145
151
164
212
127
74
56
76
224
54
184
35
142
182
115
216
135
19
56
180
88
228
103
76
40
124
135
152
117
209
38
176
224
15
120
7
145
126
130
194
208
199
78
33
92
151
149
224
125
119
68
131
193
85
83
58
19
112
71
177
204
205
196
50
43
94
130
182
183
3
57
149
159
79
169
3
179
83
159
88
87
202
223
122
183
83
188
10
106
56
202
84
164
110
17
178
36
67
20
200
10
92
198
99
189
135
55
198
15
193
155
64
77
31
58
57
211
79
116
139
204
188
110
114
232
90
196
201
29
189
5
170
29
93
182
174
105
79
59
190
166
136
131
161
231
31
67
105
12
196
56
234
58
73
4
12
226
212
96
163
222
4
24
41
189
171
25
124
3
151
163
132
189
118
100
215
20
146
7
46
76
5
96
169
219
11
34
205
87
60
48
23
128
171
66
41
125
59
155
204
212
78
175
216
29
193
179
28
152
164
79
93
58
132
137
226
29
145
137
231
8
50
167
172
138
120
91
230
66
100
68
232
121
208
195
178
56
78
30
20
55
110
54
115
63
147
124
68
113
97
174
33
148
231
182
130
108
228
5
111
155
228
105
120
119
126
190
39
222
213
4
83
138
218
102
103
113
52
82
123
11
76
130
149
177
67
18
114
102
63
168
178
59
189
235
230
75
135
109
210
223
52
232
112
94
22
32
226
148
169
220
200
83
164
135
74
43
175
208
89
37
211
78
5
59
51
68
137
218
224
46
226
178
178
5
149
100
102
8
234
73
160
153
54
192
128
70
206
108
119
14
44
76
163
169
149
69
68
101
46
203
24
2
143
206
6
37
101
188
112
143
97
111
208
60
234
93
233
184
91
152
18
67
99
150
25
145
111
134
138
207
139
110
5
167
106
47
16
84
222
139
172
151
2
35
153
25
178
105
234
109
24
95
108
138
195
3
174
188
130
46
15
57
232
97
146
91
206
167
43
150
21
155
192
3
169
100
88
134
120
211
71
59
108
59
119
12
84
2
21
118
199
186
61
79
182
108
66
27
167
88
219
100
32
166
206
165
22
161
79
174
10
140
152
207
95
34
128
201
77
130
138
9
97
86
168
115
124
111
167
219
32
75
87
43
133
144
48
24
4
19
180
78
127
231
53
115
212
57
53
113
206
206
205
174
168
94
154
27
61
158
3
10
200
59
125
71
26
4
34
121
163
63
26
210
112
224
92
111
172
228
153
56
158
169
68
20
56
53
214
121
222
41
7
69
112
31
42
46
20
28
58
224
201
93
146
58
175
3
144
131
122
70
173
234
193
183
161
27
79
144
22
218
56
169
214
209
52
19
182
163
224
184
155
33
57
76
33
32
7
154
161
38
6
69
192
46
21
96
98
20
75
149
8
202
120
167
227
82
183
132
175
152
33
199
180
196
79
27
36
49
105
1
46
228
163
215
122
17
80
134
146
83
194
182
104
148
22
109
172
171
123
186
222
190
25
165
20
72
74
180
18
37
97
164
50
182
95
13
206
43
48
9
172
133
92
66
201
42
184
170
72
23
206
97
100
227
156
25
99
35
68
41
199
45
186
5
64
137
129
196
160
29
13
197
64
5
75
181
185
31
138
100
222
53
235
95
90
67
125
67
58
70
183
92
161
162
59
75
130
222
69
34
27
128
41
226
198
84
180
22
43
29
176
167
207
137
165
63
104
227
39
55
87
74
99
21
38
36
214
141
83
126
26
103
142
95
51
73
97
102
24
100
17
75
231
44
97
123
137
101
27
20
196
71
190
212
227
70
119
92
51
103
189
4
139
185
220
104
205
208
197
117
118
152
121
63
235
104
54
185
108
216
130
173
213
3
222
162
112
91
36
222
16
30
192
28
106
38
146
222
199
59
148
135
186
216
181
220
56
189
2
41
8
67
125
94
105
36
217
63
191
67
126
184
48
9
66
229
196
229
120
172
6
56
230
32
131
134
167
5
208
84
56
128
182
178
162
131
7
17
68
108
87
231
34
52
194
66
131
167
200
208
155
99
216
207
2
231
114
43
123
120
31
48
72
4
28
161
5
133
186
69
208
199
6
59
197
31
112
136
33
72
82
198
102
212
87
147
75
100
224
224
146
119
155
228
194
104
199
42
146
186
177
70
3
131
91
146
89
81
43
97
155
157
225
85
210
22
113
182
176
157
212
73
192
60
100
139
53
27
179
15
154
227
94
150
187
67
56
146
58
85
194
94
12
226
92
23
91
223
193
46
92
108
214
177
180
114
151
68
136
172
140
2
145
192
115
54
203
134
69
59
160
66
179
224
9
54
222
143
98
162
200
63
203
4
133
228
147
226
9
203
160
148
44
229
192
219
27
226
50
77
36
171
232
229
169
32
197
49
76
98
182
73
147
17
198
36
8
45
233
64
88
47
94
53
201
207
23
212
7
114
88
149
124
106
23
124
218
196
26
103
154
73
206
75
173
202
190
164
221
188
17
217
44
4
58
178
22
118
204
156
49
74
189
173
168
56
83
219
112
27
38
136
182
202
95
176
119
174
23
36
104
41
27
146
185
211
47
52
112
156
68
32
159
34
123
82
78
193
136
235
229
208
101
6
181
57
35
91
98
149
34
135
140
192
19
198
125
127
190
144
188
152
190
25
132
99
3
41
64
130
84
135
95
180
36
175
180
62
32
66
194
110
5
177
222
162
135
151
77
64
120
90
124
203
206
77
99
40
88
162
219
96
143
221
63
56
85
81
225
155
232
113
209
151
46
140
85
196
7
169
86
194
52
35
96
180
221
212
190
19
166
35
164
48
88
125
226
6
17
105
211
153
125
13
178
167
132
187
41
51
27
167
36
78
40
157
101
6
159
212
21
192
179
210
156
22
207
197
96
174
173
59
8
168
158
72
5
80
166
169
113
199
100
180
174
139
229
13
223
223
116
58
118
139
197
204
140
65
194
146
217
176
229
92
117
153
120
68
95
120
99
135
182
30
96
84
59
139
229
55
29
34
63
192
116
4
217
92
38
2
222
76
87
82
117
5
29
202
162
131
167
226
116
189
181
109
127
77
148
62
194
157
129
104
75
196
62
34
22
46
96
189
189
179
122
26
84
37
180
209
5
35
235
212
165
175
124
25
174
48
148
117
76
76
48
15
158
112
141
191
38
164
114
221
203
17
161
129
86
61
189
56
83
200
12
223
26
124
182
67
17
180
23
94
114
206
137
11
123
176
221
52
132
124
144
42
178
205
142
1
195
22
222
94
159
159
9
77
133
55
124
127
152
198
105
192
208
45
27
210
234
144
160
176
119
73
72
174
205
169
135
179
115
188
62
31
115
148
112
80
115
68
217
79
190
89
103
19
57
6
194
122
29
84
179
6
88
165
200
129
29
183
192
110
175
58
110
7
99
161
99
9
208
31
77
218
135
175
41
12
58
1
60
94
21
51
109
64
85
152
7
168
7
180
28
173
25
144
110
73
20
11
214
47
144
25
161
106
66
70
82
80
152
195
144
1
169
58
116
204
89
216
22
59
235
30
168
16
209
57
29
201
47
154
152
118
214
146
25
70
127
44
180
200
137
176
44
103
49
103
69
38
43
213
231
14
208
112
96
227
45
169
73
116
221
213
223
234
39
127
171
164
95
97
17
126
38
63
1
94
31
24
142
135
184
148
189
42
186
66
225
77
23
50
45
134
137
157
220
188
217
201
190
142
186
33
187
95
70
30
177
76
156
113
68
213
22
5
130
56
29
187
165
22
30
19
180
168
77
125
232
8
42
135
17
181
39
60
132
186
187
118
218
190
18
146
95
213
192
108
20
52
206
56
105
28
224
163
149
213
105
68
96
11
207
209
75
31
107
41
147
203
161
113
59
64
112
121
119
29
139
126
80
96
51
57
137
75
82
124
12
177
151
165
93
198
167
131
59
93
57
214
146
91
186
182
78
211
188
102
52
224
91
22
195
152
59
124
114
14
96
123
50
9
149
113
51
187
21
136
142
214
45
89
132
172
138
160
137
184
10
139
18
229
37
120
79
190
24
196
27
188
235
152
183
123
15
129
157
139
110
18
108
177
165
222
21
35
62
74
86
83
178
233
127
126
171
48
212
125
46
27
219
224
110
178
158
230
137
121
173
101
198
112
206
27
202
59
235
65
14
11
99
12
184
128
88
132
222
105
13
44
193
227
235
14
140
162
26
115
53
106
136
114
119
207
168
205
143
65
230
211
201
59
120
57
59
110
40
149
16
82
63
33
217
75
87
37
192
137
209
235
3
204
161
137
22
175
176
111
39
147
142
223
1
57
83
90
188
208
42
77
99
42
164
45
41
84
171
96
158
116
216
20
197
226
79
43
198
182
2
6
169
26
146
189
95
121
176
105
22
165
91
181
66
203
37
83
58
167
57
2
120
49
6
6
132
31
71
129
25
17
92
158
77
129
101
180
199
44
9
138
126
171
192
112
7
185
76
184
91
213
173
74
106
86
223
20
89
165
177
49
33
128
113
39
29
195
199
197
138
174
168
15
64
13
26
99
127
187
54
14
51
5
6
55
141
183
160
13
105
218
117
157
25
132
160
179
170
51
26
173
43
227
88
93
100
159
79
86
197
117
231
149
180
151
136
201
114
4
225
11
171
60
90
79
84
200
129
71
213
215
31
36
137
44
201
189
138
83
12
102
230
184
171
136
187
9
89
82
188
64
16
128
30
188
3
177
222
153
89
135
128
204
1
61
104
171
153
202
130
176
149
218
49
141
208
129
80
143
14
20
77
102
207
163
196
25
161
3
94
30
19
217
185
196
176
115
171
147
136
97
76
183
200
99
81
231
145
10
120
127
69
12
38
101
32
198
223
32
134
114
175
2
59
25
111
160
79
125
125
140
162
178
76
63
153
16
102
80
130
200
127
181
96
109
39
193
232
79
84
122
42
178
183
119
129
93
189
225
218
140
41
60
100
13
212
183
62
42
153
226
181
193
23
38
63
155
163
150
180
133
193
12
8
195
134
106
62
222
71
163
89
222
120
135
6
1
20
183
116
13
99
194
233
191
196
218
99
59
121
112
10
62
83
105
145
134
63
168
44
90
222
110
2
148
126
144
48
176
126
228
70
17
197
143
23
219
42
79
106
115
12
197
210
9
197
76
132
100
18
198
165
158
147
166
138
121
52
107
11
13
193
223
142
228
73
225
192
8
93
146
148
216
195
168
106
39
211
107
26
81
132
228
33
53
191
60
142
129
134
110
40
174
207
12
89
109
103
9
170
101
209
44
186
63
42
105
160
155
230
65
181
2
37
232
86
60
114
43
180
61
228
169
36
74
184
113
218
14
41
70
103
206
177
7
107
134
47
183
100
124
178
143
72
61
219
215
148
89
69
197
178
127
186
174
39
220
165
164
116
27
51
118
29
192
133
101
50
131
226
57
159
82
170
162
207
191
146
135
161
112
3
39
54
148
42
106
214
128
38
3
12
43
151
2
46
199
106
207
83
73
230
170
31
10
13
92
127
46
206
115
25
187
45
61
19
97
40
95
182
71
124
113
87
135
194
70
71
108
90
66
176
30
209
70
226
217
172
170
207
227
193
9
214
75
24
41
221
212
4
56
53
61
173
4
84
47
133
175
126
4
167
85
231
161
106
80
202
1
213
141
234
33
184
202
94
83
212
232
221
3
180
92
116
62
69
180
142
145
114
154
218
232
1
89
169
94
168
201
73
123
117
188
159
215
80
118
59
91
14
25
163
136
22
18
110
33
122
170
48
90
159
129
35
100
17
7
84
19
117
16
37
175
21
61
199
140
137
76
208
53
12
197
137
144
92
115
205
26
4
145
197
144
143
158
118
165
63
156
206
193
23
61
82
235
1
123
60
192
147
154
8
72
61
40
56
192
22
66
155
106
103
4
15
192
59
185
31
114
14
163
1
28
55
205
2
235
164
124
101
229
95
48
148
79
41
205
73
81
62
63
161
98
104
168
213
227
114
47
121
229
190
71
132
68
64
198
165
81
86
137
199
223
155
161
203
30
189
178
109
191
101
94
144
99
228
81
157
192
175
6
37
91
197
84
28
17
158
43
231
82
188
143
93
5
55
179
131
169
84
69
150
135
156
228
18
102
164
60
234
116
215
175
140
157
172
141
201
130
165
198
40
16
120
154
13
27
140
38
180
172
41
87
128
50
215
22
21
158
190
146
46
74
111
224
141
118
206
20
167
64
91
184
91
141
21
149
201
49
136
26
143
227
210
89
102
78
140
98
167
118
225
198
189
201
207
94
158
124
63
206
176
147
172
75
201
148
191
76
10
15
103
226
88
60
209
122
22
126
95
18
225
145
122
31
95
68
57
66
172
190
136
223
185
118
38
168
99
50
126
142
129
35
24
26
206
139
221
84
22
168
101
218
225
107
19
98
162
223
46
172
30
139
101
96
68
40
59
7
81
196
180
227
157
204
163
36
11
109
38
149
75
130
107
235
84
204
44
105
186
37
9
153
198
63
228
212
113
99
153
46
81
161
14
61
1
232
71
65
184
111
43
78
161
66
135
50
1
8
71
38
196
73
37
162
227
143
155
74
173
221
79
86
202
55
147
160
154
84
1
218
12
43
132
228
43
167
234
83
197
149
20
76
177
44
153
129
98
60
79
164
50
226
6
121
145
231
42
5
158
196
34
163
54
57
112
43
25
111
31
66
14
64
200
90
90
125
52
119
220
102
118
109
170
35
217
59
92
128
17
40
174
120
197
114
167
166
154
119
133
128
224
93
125
33
77
142
175
209
81
46
67
223
208
189
203
172
152
221
16
216
153
204
27
34
177
215
176
162
124
110
57
1
128
84
109
219
148
103
149
156
149
147
173
100
56
91
96
211
107
7
211
11
205
159
195
204
29
225
132
43
159
204
95
14
222
11
70
6
121
34
100
105
122
110
184
178
93
69
215
101
165
150
12
139
38
60
30
33
6
203
157
42
120
81
31
67
58
183
208
209
202
152
37
144
24
137
29
205
134
44
149
137
127
94
97
232
124
199
37
220
212
70
119
7
43
49
202
37
214
183
208
178
95
163
195
26
83
187
209
163
210
179
143
57
207
131
140
177
222
6
216
48
76
177
61
11
181
108
24
191
81
211
105
128
175
42
231
132
106
217
25
91
57
101
19
68
142
71
57
234
220
162
105
137
2
47
229
83
164
33
112
11
180
132
22
4
132
192
119
139
111
16
99
192
65
54
25
60
4
84
131
59
109
73
62
73
25
231
211
2
102
202
222
139
59
235
213
53
29
228
170
88
62
28
18
74
173
13
102
49
131
194
23
114
8
103
14
109
165
234
18
80
91
147
78
146
20
169
216
33
3
188
162
115
141
129
33
145
235
12
151
205
177
69
187
97
13
101
153
92
142
12
51
134
25
212
15
123
81
48
185
143
30
147
181
231
133
104
229
32
210
72
121
8
102
32
61
11
111
112
36
98
79
133
180
155
163
211
45
212
170
208
167
115
213
129
106
163
50
181
225
99
169
189
160
43
45
33
71
110
141
191
103
185
106
105
63
101
117
37
148
197
148
86
132
25
196
77
96
193
106
215
107
209
138
140
110
90
16
80
172
208
63
57
195
204
2
59
229
210
4
81
158
97
119
205
79
207
39
118
198
182
47
107
13
191
222
55
17
99
129
23
90
219
37
207
7
144
88
136
159
209
22
74
174
110
96
231
184
67
218
177
3
50
181
43
6
129
90
106
211
44
173
104
95
46
105
33
75
57
53
174
190
215
80
101
92
143
200
139
78
231
35
126
19
95
122
94
12
5
165
26
50
76
193
159
187
8
151
232
1
47
193
155
186
58
190
23
135
112
211
28
60
63
83
224
39
183
176
101
49
106
45
91
5
24
190
49
46
138
168
103
24
85
127
2
154
71
216
141
30
62
108
228
15
171
70
205
159
179
199
96
40
80
45
44
46
134
103
149
215
26
108
69
67
112
148
148
200
53
151
36
129
110
217
65
44
34
227
68
199
200
160
69
166
165
213
198
200
217
101
23
52
113
25
39
19
203
56
43
90
180
215
46
230
212
222
197
206
165
189
228
141
221
57
40
90
127
102
12
228
40
214
201
208
5
45
163
71
89
160
12
31
85
78
228
112
227
132
80
83
87
48
73
134
207
131
178
129
135
21
14
73
231
34
36
223
122
153
12
176
141
227
114
111
123
14
78
121
40
118
197
58
137
60
108
105
79
189
46
132
58
221
20
117
206
115
65
184
128
51
165
32
64
131
5
25
97
4
185
170
202
185
107
56
41
171
162
126
194
173
16
60
216
145
2
101
132
137
217
82
228
2
92
74
9
94
27
42
170
72
196
217
64
132
83
226
121
72
5
136
19
74
163
155
89
84
76
212
140
195
183
179
186
94
91
160
80
46
17
142
181
209
116
83
181
36
223
46
227
20
24
191
137
141
150
231
133
75
69
113
66
21
84
13
33
34
232
210
159
213
40
161
201
118
31
46
86
104
90
57
124
73
73
69
101
213
118
195
127
29
95
151
185
150
23
53
144
170
60
189
235
128
20
225
204
199
124
71
113
98
53
145
178
86
36
108
88
47
223
161
172
155
9
32
126
93
167
121
182
231
6
151
106
42
126
65
33
3
39
58
227
4
109
219
222
2
201
226
41
172
230
146
98
32
101
151
203
81
175
225
234
227
36
114
70
52
45
41
135
36
189
123
82
51
162
18
126
202
63
168
38
219
108
66
103
90
194
146
206
66
108
37
108
13
1
215
31
218
192
108
225
98
67
23
84
84
137
147
185
36
227
50
13
136
213
24
48
95
216
111
144
172
209
74
113
77
48
234
78
42
160
17
144
25
141
33
160
171
148
115
165
166
145
29
12
40
121
185
212
39
133
209
99
49
48
126
8
40
149
102
174
117
50
39
53
31
42
6
232
94
17
198
42
43
148
15
35
135
99
8
234
161
159
118
141
145
66
82
132
30
160
11
152
78
213
109
226
156
111
144
41
73
33
63
107
132
235
168
166
219
59
118
223
66
103
177
65
1
132
117
1
11
172
101
223
130
107
203
195
20
176
168
210
139
121
43
178
208
104
21
68
189
209
8
47
40
169
8
131
115
34
230
24
98
218
219
151
58
43
66
63
32
38
209
71
38
7
113
51
58
180
35
173
129
118
32
97
57
182
13
216
117
24
76
219
234
35
190
115
170
161
175
5
86
10
97
21
130
155
110
16
7
114
135
112
234
194
164
221
30
40
114
193
44
23
34
169
157
64
165
231
184
169
177
55
190
116
132
171
234
169
235
6
94
168
205
29
71
164
230
132
113
228
194
146
43
52
212
201
132
155
72
130
60
89
203
193
209
36
22
231
174
77
215
232
10
61
157
64
35
191
190
109
130
42
127
165
123
14
227
51
98
215
74
235
175
115
131
12
147
69
5
165
157
33
159
220
34
2
67
144
21
184
16
112
230
94
101
201
206
16
206
161
44
205
149
49
159
60
72
101
8
26
142
184
21
71
68
28
153
131
129
51
52
91
102
128
196
191
67
217
230
32
211
227
216
200
185
23
128
40
227
184
195
68
145
113
201
157
111
106
174
17
206
32
17
27
77
112
221
74
172
162
87
105
187
145
201
34
153
190
106
38
79
148
76
190
197
210
158
61
12
46
132
97
134
52
178
223
33
212
95
230
92
1
78
129
207
81
189
181
84
38
202
4
7
184
147
2
191
172
165
234
149
210
55
119
95
47
83
89
170
122
104
174
58
46
23
169
67
127
178
110
121
87
148
2
130
47
14
211
204
79
87
153
122
118
20
227
100
232
131
162
23
136
95
75
62
160
75
125
119
24
175
224
149
228
66
189
162
23
196
166
80
219
113
16
199
199
30
230
7
69
140
113
101
143
22
96
69
205
181
168
44
103
225
95
195
6
120
151
13
73
232
165
27
33
121
147
6
61
191
94
68
96
80
108
63
92
75
26
43
71
71
55
39
188
23
48
178
137
229
165
231
207
128
58
84
180
57
227
89
125
4
35
117
74
171
108
234
47
161
149
39
7
12
149
172
186
5
226
191
89
71
185
139
219
226
26
122
181
126
220
17
13
64
194
235
230
91
169
132
67
155
46
113
58
214
148
48
47
133
171
132
181
82
47
37
182
183
5
141
131
112
195
60
57
63
133
62
224
129
95
109
142
202
57
63
48
49
224
160
235
165
123
105
224
178
217
166
59
137
116
154
117
153
196
115
51
136
47
44
44
46
94
227
185
143
203
161
75
166
102
22
159
202
13
169
94
162
1
201
83
34
203
128
156
182
177
93
169
155
136
159
25
101
79
134
93
175
111
68
135
180
81
115
179
136
174
150
135
203
51
216
16
205
145
221
201
114
231
137
62
20
54
106
221
36
201
174
89
157
179
159
37
198
233
134
147
81
220
212
202
194
224
60
117
114
221
134
203
109
165
186
136
10
52
29
68
221
34
205
193
150
204
82
81
38
131
110
121
169
105
85
185
109
93
203
48
216
125
175
234
175
85
72
62
14
66
119
226
43
171
125
216
77
192
200
152
167
44
187
202
164
62
221
107
185
213
56
193
127
155
21
188
70
94
150
168
235
38
43
8
119
110
214
49
149
48
36
42
96
81
217
190
77
132
197
59
220
161
107
213
126
113
135
29
205
43
95
67
73
65
78
46
93
206
133
11
169
30
65
75
141
87
122
7
135
225
228
189
109
157
125
14
145
138
173
82
18
61
121
166
117
132
185
70
22
144
89
84
73
88
38
138
174
86
78
174
100
234
158
38
199
164
6
61
216
194
52
214
165
184
134
179
206
142
82
50
176
66
185
138
61
204
195
180
84
56
54
4
61
210
144
63
60
211
205
115
50
81
118
13
77
63
124
49
129
3
87
206
193
107
61
227
82
76
172
77
65
19
113
78
110
129
3
151
139
82
119
138
70
218
216
204
28
125
143
220
154
9
131
148
167
223
3
225
78
49
91
8
11
176
72
82
73
184
21
81
173
233
41
80
166
122
212
122
224
215
108
91
201
103
10
187
156
84
233
5
55
215
64
198
161
161
152
227
9
197
170
38
18
178
134
202
142
16
117
184
166
175
136
55
17
146
165
117
214
191
21
134
216
48
222
10
140
8
46
142
57
27
100
16
69
2
155
42
233
133
27
190
208
16
222
68
113
233
169
172
16
12
147
51
205
207
99
148
192
228
168
180
113
43
121
217
83
35
186
24
26
85
126
28
97
139
227
162
174
138
99
167
184
152
15
57
62
170
189
229
105
70
127
190
34
5
135
100
189
134
9
78
33
169
39
206
176
214
144
68
117
225
73
96
148
134
232
82
61
162
41
158
90
65
89
4
133
122
28
70
66
180
188
187
24
150
125
96
47
231
198
83
25
62
97
99
60
226
75
143
128
77
166
166
57
171
81
203
89
51
135
179
67
181
152
68
14
210
14
223
120
195
58
109
151
160
197
3
178
34
191
172
36
112
14
194
141
87
61
135
34
73
103
49
45
183
102
69
124
87
11
159
164
120
232
161
27
231
137
106
86
217
176
122
118
46
1
45
104
95
36
216
49
209
172
42
126
19
146
26
37
140
222
222
32
77
220
1
230
105
147
137
71
24
218
141
166
222
69
58
201
86
20
60
190
104
164
128
125
44
213
49
153
135
201
196
207
74
22
229
201
227
50
158
223
61
210
102
28
6
190
207
2
46
38
192
108
142
174
225
193
59
9
195
228
194
66
205
59
218
58
151
128
97
104
105
56
183
92
121
33
62
218
184
82
144
196
62
127
34
145
132
124
168
223
199
169
167
29
21
162
5
208
170
55
63
21
105
67
34
27
203
62
221
36
28
14
158
100
111
42
52
205
220
117
52
19
203
201
231
227
57
187
17
84
6
5
115
154
138
72
102
154
179
91
232
1
90
180
147
214
137
86
207
129
70
198
176
232
138
141
141
129
84
168
149
67
22
145
151
163
235
174
32
175
173
82
94
32
132
118
2
228
67
71
186
26
223
164
7
45
97
145
184
125
111
159
13
53
35
88
61
90
20
158
33
169
183
177
222
171
118
216
229
63
89
7
62
152
230
55
47
64
71
107
76
121
155
200
105
137
62
115
112
79
201
106
13
57
197
234
21
23
134
170
210
230
129
67
110
72
49
225
166
53
206
44
35
63
69
100
210
178
177
122
210
158
117
140
166
67
127
137
40
142
121
96
46
140
100
147
226
2
96
46
107
13
180
91
29
60
127
220
219
135
206
26
163
77
51
223
216
81
44
159
199
177
147
49
104
220
203
184
97
84
171
211
48
145
57
62
29
90
36
201
60
220
171
230
8
148
68
14
132
216
229
211
183
142
26
69
164
108
116
65
143
201
95
149
58
172
11
26
76
2
107
100
160
172
99
41
151
27
94
197
191
55
111
89
132
87
173
55
21
183
123
68
163
79
168
205
65
122
122
228
183
44
147
171
85
1
121
126
168
139
51
106
162
49
86
15
212
76
168
170
157
109
179
182
162
156
40
119
136
2
219
136
51
41
46
8
64
82
154
109
5
107
51
107
195
162
101
62
17
213
197
118
117
16
220
191
49
157
230
145
95
230
28
123
28
49
192
90
210
139
123
208
65
64
176
50
121
214
180
107
135
31
205
143
231
97
53
56
113
78
172
117
149
14
74
158
234
110
67
96
48
164
232
119
182
134
90
120
224
54
64
76
20
43
46
187
111
30
9
119
135
62
83
215
162
18
65
204
232
89
182
99
209
214
124
71
59
219
109
113
191
25
92
20
151
78
160
65
23
104
22
185
217
81
74
153
157
156
145
196
150
18
91
179
187
45
214
55
2
69
222
174
231
71
19
6
18
7
195
152
203
51
160
82
10
166
18
58
180
22
105
85
229
43
208
83
157
205
21
66
66
123
108
182
146
87
10
69
161
75
41
30
231
50
51
39
130
213
184
11
217
91
45
172
192
191
168
131
21
129
93
149
207
55
155
139
99
93
51
229
45
105
211
232
111
157
11
185
94
90
52
107
169
156
170
95
75
191
66
58
169
63
221
50
7
199
180
145
34
217
117
89
212
173
174
66
234
9
110
103
91
30
3
106
126
171
167
216
191
65
103
33
175
217
70
94
123
217
99
198
93
55
172
138
38
175
29
187
224
16
12
93
208
152
20
90
226
219
53
25
194
73
62
91
144
216
96
5
18
168
174
50
154
182
218
62
6
146
125
60
192
12
38
142
201
36
78
226
102
62
142
114
99
3
18
94
230
20
178
142
223
233
154
67
130
215
179
167
48
173
42
182
170
90
179
125
19
232
142
130
39
165
125
224
176
177
162
221
217
196
189
197
194
25
112
25
94
210
68
36
56
135
201
139
78
83
108
69
159
79
209
160
62
193
103
168
200
155
218
104
101
133
146
81
220
72
172
88
228
16
222
74
220
201
26
232
206
36
186
234
195
38
179
190
39
144
14
105
170
91
90
142
23
83
200
151
99
73
53
194
122
85
177
45
14
215
141
126
130
44
183
91
186
93
22
84
63
147
79
174
149
26
105
52
24
192
197
94
226
29
87
207
17
3
194
31
62
78
175
123
17
142
166
161
31
88
232
230
200
64
114
179
156
186
129
62
96
76
17
216
152
24
181
127
221
124
20
26
63
193
145
161
123
18
44
167
58
129
234
14
50
108
89
47
126
157
160
51
58
86
201
208
22
63
9
127
121
215
60
72
72
81
18
35
108
198
102
58
17
98
133
122
20
99
34
98
155
7
39
153
194
57
50
78
195
208
204
171
67
37
19
209
188
120
36
152
