Bin size: 229
Number of elements: 10188
30
104
138
125
61
62
67
66
106
115
31
131
174
64
20
38
25
203
74
7
66
148
131
84
16
80
48
194
182
56
130
72
60
180
107
72
147
210
211
115
81
121
182
27
152
76
124
229
132
204
36
153
143
8
78
29
43
47
204
182
109
129
191
3
139
185
216
26
209
174
33
203
87
170
176
134
19
141
167
85
101
40
147
28
138
65
11
34
89
162
98
51
19
26
224
150
167
35
12
225
201
186
168
185
67
103
46
14
181
28
123
194
62
167
8
67
201
136
90
185
137
178
212
28
146
80
131
49
146
83
104
22
52
212
182
226
76
45
61
221
104
130
38
162
83
108
106
46
169
137
70
151
212
59
143
2
51
164
69
84
38
54
156
19
185
73
93
111
96
107
41
163
169
58
127
63
170
57
164
225
225
129
47
19
105
60
122
40
155
34
7
108
138
111
130
142
41
91
103
218
135
144
108
139
147
38
14
108
101
25
83
18
27
177
111
30
83
166
77
53
131
179
23
166
134
141
226
67
88
175
172
30
163
34
116
4
28
80
91
145
224
185
13
166
168
54
55
151
41
57
118
204
102
218
201
136
48
18
179
151
227
123
100
135
91
7
57
173
211
112
180
125
28
131
32
149
44
132
62
162
91
37
177
225
62
96
127
121
96
146
226
139
85
206
123
168
49
118
66
169
152
179
94
180
205
28
106
11
121
48
73
25
62
196
152
170
41
194
50
198
147
5
67
217
60
197
200
12
27
9
27
206
53
10
18
58
194
211
107
182
138
176
126
85
204
81
112
77
98
124
30
7
149
185
170
55
117
77
34
136
35
96
146
76
74
15
32
2
120
158
122
211
122
176
69
182
111
34
102
145
145
96
65
221
164
127
156
206
36
96
74
172
90
74
214
158
78
47
159
70
58
40
125
69
76
119
14
192
3
57
4
57
56
58
51
188
223
46
228
121
154
214
52
49
29
219
71
197
104
61
224
209
31
36
170
151
190
70
165
173
220
123
144
183
60
34
14
201
12
159
124
115
124
52
99
60
70
3
122
193
226
134
17
155
68
166
177
171
194
183
11
104
97
75
123
106
49
63
188
171
219
201
197
189
3
48
80
50
56
202
87
210
224
94
187
75
95
177
15
192
134
166
103
144
93
44
222
165
84
193
220
182
47
146
34
49
35
150
139
53
124
21
88
9
12
109
226
122
99
174
88
97
66
181
214
28
93
9
121
97
53
78
40
188
45
62
103
99
30
171
152
58
66
2
201
115
118
205
166
51
140
172
152
44
42
192
84
126
52
100
193
7
56
4
105
3
195
36
27
204
172
196
152
65
118
182
57
192
161
52
47
29
172
147
26
55
137
67
218
43
9
44
101
40
179
138
96
25
109
140
122
111
53
137
129
203
199
139
107
220
131
201
132
139
162
161
120
120
93
182
225
15
161
39
210
95
81
70
180
195
209
9
13
156
60
31
111
210
130
9
194
134
127
153
30
161
34
76
197
140
155
33
188
83
79
84
74
63
20
8
60
151
208
73
51
199
61
159
77
122
134
190
18
198
151
162
167
102
126
11
25
140
133
106
30
5
33
57
184
119
106
202
125
129
170
103
50
215
219
90
154
97
21
185
114
71
188
115
111
95
108
180
77
92
129
138
90
142
101
72
114
158
60
195
145
90
26
96
134
29
25
58
186
78
37
22
135
212
112
71
155
126
7
90
8
24
169
193
139
113
5
212
160
199
187
194
90
50
59
84
39
26
136
117
46
182
160
129
179
146
111
168
215
49
158
87
163
182
129
176
72
25
163
87
51
164
106
207
76
4
80
216
77
81
157
39
6
24
146
119
103
209
23
137
157
114
52
220
163
104
172
110
187
156
37
53
17
171
64
150
156
145
26
224
98
155
132
177
20
141
87
153
46
160
101
10
179
178
7
66
68
48
97
226
156
11
217
201
76
199
13
19
155
214
161
78
109
27
37
104
204
43
113
69
86
124
7
203
109
122
130
227
228
181
121
201
104
184
198
88
68
31
117
113
29
61
193
22
32
4
24
56
8
224
149
175
192
6
150
52
132
91
36
210
40
52
111
57
157
148
118
124
205
184
177
170
44
30
47
201
217
81
19
138
187
91
189
31
224
90
106
68
200
108
224
34
198
194
29
200
31
6
22
48
70
135
23
165
105
28
8
125
165
79
80
49
21
89
165
45
228
108
72
133
187
203
72
64
198
107
190
140
66
229
115
203
201
49
196
19
52
25
5
11
69
63
119
7
92
209
112
141
97
186
88
36
103
140
13
210
13
199
217
18
17
82
141
121
60
38
167
55
17
153
105
134
117
139
135
131
72
156
147
95
200
23
1
71
133
115
108
102
228
117
103
134
198
229
203
147
186
170
50
132
148
178
135
225
79
66
56
105
16
42
61
150
22
186
174
92
46
145
46
6
169
115
196
62
165
127
33
133
49
72
78
214
162
168
59
73
102
88
87
51
95
207
105
89
48
25
193
216
41
191
117
205
213
185
89
127
198
56
154
35
95
201
141
82
104
82
179
193
184
202
202
77
168
193
4
200
59
228
150
228
41
117
183
192
33
164
86
181
99
6
120
95
168
183
64
12
13
94
18
18
162
184
158
117
95
57
87
229
217
167
149
168
190
164
81
224
103
130
211
42
105
215
17
178
65
201
177
147
108
68
13
56
221
125
13
54
103
140
190
3
159
103
97
77
38
97
81
176
58
162
186
221
28
171
198
71
136
136
105
144
110
223
53
197
83
103
21
136
73
213
212
103
201
28
20
15
69
31
29
64
89
160
156
186
50
182
148
71
121
150
132
30
228
38
142
149
81
154
127
61
18
44
45
79
85
148
193
148
77
148
151
156
99
182
96
116
210
35
163
37
95
179
116
200
142
177
196
159
10
57
202
200
171
28
19
156
71
69
193
196
130
32
76
9
70
152
192
199
170
220
105
85
102
161
45
94
100
131
134
181
85
106
111
109
211
44
31
18
25
82
65
89
203
108
217
69
22
78
130
210
187
15
45
211
73
110
213
138
16
34
17
22
136
93
61
91
142
194
105
176
166
6
174
221
109
169
224
131
33
101
56
65
77
205
54
188
33
227
61
83
226
16
27
9
222
192
97
58
94
5
89
174
47
130
196
156
164
23
13
142
84
147
204
205
77
132
42
220
135
169
63
142
9
77
32
99
166
64
112
59
178
200
103
74
97
166
229
142
89
186
172
148
198
89
137
201
150
71
121
37
57
198
5
130
64
12
137
198
63
78
135
171
168
183
124
155
28
83
130
159
18
129
129
69
165
196
99
170
43
223
102
118
75
100
62
32
229
85
137
79
153
73
3
229
154
149
88
211
42
86
50
178
196
4
40
212
28
40
135
180
84
8
198
218
116
222
109
166
8
153
179
45
67
9
223
60
116
60
47
62
32
194
114
10
50
144
222
20
150
203
188
177
209
145
184
15
25
47
227
41
76
226
103
38
193
216
152
10
1
41
158
110
214
100
158
132
58
160
174
77
210
154
16
195
185
221
208
45
110
33
128
8
167
165
217
195
119
100
119
152
98
153
37
127
225
12
210
52
14
157
190
47
77
69
95
164
126
212
67
173
147
73
3
225
3
124
68
70
113
107
180
13
88
218
8
158
89
168
111
165
103
177
37
114
59
198
45
9
145
216
137
180
43
75
64
142
53
136
15
215
142
87
62
182
214
163
117
112
117
191
111
2
192
154
215
177
61
53
105
29
67
30
71
183
95
139
132
95
54
208
115
152
86
229
94
91
225
191
115
91
162
88
144
202
106
155
74
30
181
176
135
193
110
151
76
196
172
107
205
216
111
28
213
60
19
221
120
199
195
94
194
95
84
180
84
189
176
224
103
48
211
67
56
179
30
80
180
201
83
84
167
84
22
88
80
10
85
78
89
114
44
224
168
8
38
158
53
27
27
53
153
103
113
72
114
156
143
133
23
53
18
100
9
41
33
124
78
166
200
100
226
203
13
7
92
104
141
34
98
47
159
80
15
143
99
108
60
23
122
88
73
126
118
60
112
38
52
136
44
127
42
208
130
63
67
169
20
3
183
10
157
64
158
131
48
132
71
62
217
74
143
192
152
187
112
210
207
150
55
81
59
168
20
23
213
10
31
225
47
207
96
162
83
37
170
178
39
57
49
10
84
123
18
155
81
154
150
53
1
225
106
93
141
4
224
144
217
125
21
130
184
28
12
194
179
91
133
10
172
217
183
35
207
60
227
35
156
2
91
75
87
55
191
60
214
143
140
53
84
28
7
169
55
151
157
159
196
139
227
101
1
191
147
109
210
229
28
43
73
179
226
90
162
55
116
190
137
84
7
194
189
95
133
211
32
218
105
92
205
25
219
27
229
163
186
25
95
37
195
164
204
22
219
163
52
173
153
14
22
9
180
223
38
208
162
166
135
138
166
163
170
175
27
134
185
8
162
78
217
56
104
74
181
119
176
218
107
1
129
212
149
14
90
54
218
162
139
40
128
68
64
191
26
16
95
67
176
36
32
195
180
54
131
25
58
152
160
152
50
87
190
127
20
81
10
57
58
138
184
53
141
7
208
143
41
125
12
98
225
195
152
47
72
67
219
189
151
4
227
24
172
96
4
162
226
113
126
159
160
80
119
119
196
125
35
224
98
75
147
227
19
20
36
124
165
151
104
51
27
2
53
51
68
12
94
101
8
18
132
154
170
49
66
75
22
9
74
109
175
1
148
19
55
4
155
127
198
190
57
158
61
78
4
219
176
18
17
13
155
89
17
62
49
179
188
199
74
25
177
68
196
174
13
110
89
59
115
162
110
223
82
31
83
125
194
176
169
204
34
59
227
58
229
100
21
225
27
174
88
217
97
87
167
160
72
102
176
90
116
159
130
139
82
17
132
195
59
93
149
106
97
142
185
49
64
10
128
88
192
178
210
185
121
183
143
107
111
178
151
173
163
35
12
116
88
9
131
47
51
218
71
134
24
57
23
201
228
56
62
173
205
196
130
157
160
101
18
26
158
28
89
93
32
148
162
199
83
41
73
147
185
18
134
75
205
165
142
135
200
12
204
195
81
75
93
66
39
209
68
42
182
125
136
97
203
196
67
173
117
33
39
192
10
136
94
183
67
65
174
67
221
44
206
100
118
100
145
51
73
152
169
19
69
73
162
96
105
16
229
168
14
45
38
215
24
47
225
24
28
61
159
157
143
42
139
142
68
14
119
101
103
96
220
155
131
1
169
62
80
200
19
187
61
133
138
145
154
131
57
137
83
178
173
137
162
159
100
82
192
167
137
218
182
191
168
37
48
172
59
38
204
35
180
141
142
39
197
113
138
126
144
77
41
147
18
146
5
23
112
63
85
196
26
177
183
83
85
36
176
194
153
195
69
60
113
177
85
71
107
120
185
171
225
192
54
133
103
16
11
86
69
159
75
57
161
26
145
103
76
16
152
125
158
32
15
122
35
142
53
216
92
2
93
68
192
11
57
146
106
218
206
29
203
216
164
195
77
194
223
211
20
159
81
28
30
160
108
220
214
25
91
3
157
132
30
200
201
132
178
203
206
122
119
225
9
201
165
168
121
44
229
144
45
16
177
39
205
4
109
44
29
222
175
9
41
121
218
225
144
41
66
78
77
205
33
37
194
162
132
81
175
154
160
82
153
137
226
39
49
165
177
166
72
29
100
6
151
95
225
111
108
110
102
34
11
186
1
69
113
1
155
9
43
74
82
227
126
88
33
69
41
9
30
86
181
87
100
129
30
197
144
86
194
222
152
9
28
212
68
133
66
5
216
169
128
27
81
205
181
196
147
115
109
138
223
1
46
74
169
51
95
143
226
186
167
52
214
224
196
23
88
9
217
51
100
7
102
161
34
134
75
139
127
177
94
100
49
109
108
115
105
33
212
219
109
91
81
89
190
32
84
19
57
38
34
21
51
81
149
71
137
144
99
118
69
167
31
52
77
200
220
191
87
214
177
33
170
160
43
209
196
12
109
88
49
172
65
37
111
118
209
227
99
182
76
22
136
101
42
191
168
221
201
66
156
181
17
80
184
7
37
120
221
15
197
93
203
223
123
72
202
99
197
10
11
104
4
24
135
103
47
14
64
212
215
184
210
194
115
157
103
111
29
107
87
3
91
193
86
169
32
74
42
30
41
165
123
53
89
90
77
28
223
149
41
66
63
100
63
191
30
124
200
48
137
226
146
38
188
74
170
61
209
149
25
228
18
43
213
213
130
6
100
39
150
131
9
40
136
187
10
210
108
33
134
214
163
11
205
90
137
62
164
218
14
113
106
59
222
162
169
150
118
143
224
111
66
117
45
175
140
177
85
191
187
94
124
171
105
76
108
142
10
17
149
97
47
14
109
173
95
22
165
54
199
223
166
44
130
148
73
225
155
68
55
61
182
227
126
29
37
104
151
115
164
103
165
209
152
34
102
210
72
100
206
199
12
205
117
220
188
149
49
114
162
153
164
105
44
143
210
51
40
104
179
80
10
24
93
189
1
205
132
6
80
1
190
7
142
77
219
126
67
221
216
213
81
209
100
22
4
158
76
86
205
121
107
77
46
136
39
137
183
197
27
160
157
113
28
144
194
167
83
148
143
71
28
69
90
100
78
95
187
9
5
207
219
228
55
209
54
111
99
178
159
68
162
146
205
102
52
91
136
137
209
203
141
101
121
175
92
224
154
135
57
20
35
29
161
128
68
114
104
166
178
83
156
162
228
146
40
220
97
128
89
99
16
48
56
38
211
129
152
171
47
79
204
26
103
147
216
173
126
96
14
69
95
93
144
143
116
188
173
149
29
165
182
173
67
86
205
139
29
61
77
198
169
189
73
194
30
197
203
162
220
20
3
23
200
192
17
153
174
33
145
189
85
9
224
121
211
183
203
164
85
46
194
7
194
167
95
69
3
178
88
21
15
101
39
17
224
131
60
192
141
31
109
219
142
141
138
164
89
141
51
8
200
44
131
96
195
154
216
191
215
3
94
88
180
142
155
139
10
193
98
10
210
205
191
85
173
32
201
37
142
220
134
160
152
120
171
202
16
185
83
110
92
15
177
75
110
208
131
38
76
179
75
210
76
82
136
48
81
187
216
160
167
127
136
165
153
34
138
78
68
162
203
120
104
198
20
154
56
210
159
39
178
64
10
195
108
174
146
140
52
113
106
112
214
117
76
111
14
38
185
108
128
107
187
75
194
125
3
37
106
4
179
38
212
15
227
63
61
93
186
41
38
20
103
150
169
88
13
118
187
120
26
140
20
25
21
94
96
106
163
170
142
6
203
38
34
13
53
54
130
154
28
154
224
52
90
24
83
111
59
113
130
227
62
216
131
37
29
174
175
111
131
17
75
33
225
75
24
213
228
34
4
54
34
219
172
33
135
152
92
102
197
118
155
86
42
206
144
131
198
97
23
118
47
54
152
30
192
187
103
226
106
201
35
132
176
48
87
196
172
97
179
3
176
139
132
226
75
192
130
185
21
73
98
61
147
167
157
171
41
218
179
51
188
2
181
169
18
83
74
122
195
79
208
31
140
110
78
80
94
219
82
51
4
73
214
69
185
157
58
101
6
138
198
156
120
91
142
69
137
186
146
44
49
26
26
55
167
128
121
40
63
108
202
161
18
131
140
68
64
87
20
62
83
184
17
11
195
223
19
151
162
83
57
129
203
59
73
187
102
52
60
132
18
7
96
116
4
19
44
133
47
212
12
24
225
154
26
110
155
174
110
112
78
95
107
60
47
112
221
50
133
80
129
120
156
85
87
95
45
123
58
208
134
65
163
11
150
118
221
161
119
47
77
117
212
103
170
44
153
73
46
166
40
8
214
134
72
61
69
22
38
84
146
113
159
110
33
28
106
55
24
78
187
157
4
112
134
158
165
44
8
208
68
193
121
149
44
196
118
151
22
163
107
19
22
65
194
22
225
50
108
226
221
122
107
75
135
106
128
19
111
216
150
43
74
199
100
17
125
48
57
27
119
187
167
195
40
109
78
228
165
57
135
2
141
171
142
10
214
60
212
107
18
30
19
45
18
164
158
49
214
170
79
108
211
103
218
73
85
76
160
67
59
143
158
185
174
203
160
189
28
56
119
15
67
188
213
161
62
217
196
179
141
112
35
173
55
122
25
158
118
36
31
141
163
206
2
125
210
142
162
65
4
68
32
32
153
33
215
10
215
22
57
65
225
94
104
83
52
109
214
8
100
142
63
128
106
166
176
148
202
226
171
102
32
17
224
222
180
42
84
59
29
54
48
67
153
132
142
107
219
14
1
204
189
61
33
97
106
10
12
165
103
51
186
185
180
117
75
12
173
31
128
94
189
177
137
224
197
152
5
161
125
127
12
16
98
64
84
47
176
114
217
154
81
197
187
141
91
127
117
123
6
159
183
51
29
118
129
191
204
149
161
15
34
19
125
169
88
125
153
186
85
31
206
23
110
15
207
95
36
37
18
214
86
169
96
213
153
225
121
166
17
179
63
23
47
58
110
170
213
205
133
130
51
77
86
215
77
52
217
193
201
128
57
17
43
45
34
83
69
221
105
29
179
185
20
68
212
8
108
43
56
149
95
210
127
1
164
78
171
185
85
154
23
168
140
66
227
53
158
75
5
75
82
149
178
96
145
180
3
198
15
58
143
94
113
98
97
224
64
187
186
96
38
25
103
40
12
201
47
143
138
48
34
17
7
184
183
226
51
55
157
8
65
63
201
15
142
1
117
173
187
142
28
40
41
78
64
200
218
183
40
100
85
188
168
151
20
229
94
118
201
11
202
69
111
18
218
16
185
91
40
90
26
89
49
63
149
71
116
132
147
144
99
210
177
116
62
125
44
186
10
197
116
166
179
177
89
123
195
226
55
206
173
161
192
6
62
195
1
179
168
63
18
171
52
146
105
117
135
1
131
119
87
46
70
139
117
2
97
92
174
62
117
80
30
158
164
194
22
14
202
143
143
219
180
183
67
211
189
134
12
45
179
187
203
172
97
168
38
96
62
90
105
60
20
83
115
55
200
221
69
93
96
82
117
136
16
91
198
108
22
188
224
105
156
203
158
164
201
10
6
198
160
113
219
117
8
183
106
8
110
209
180
82
182
216
57
94
99
15
217
69
154
180
70
201
164
139
146
122
162
182
13
125
144
129
90
62
227
119
69
176
145
130
98
40
3
191
78
81
65
99
195
195
168
198
125
22
97
24
144
69
89
47
148
23
101
30
42
66
90
77
120
126
110
55
10
227
215
61
70
198
199
161
216
99
22
198
212
85
37
114
47
122
113
94
134
1
127
111
93
192
218
60
160
139
139
23
141
41
134
183
64
195
111
77
156
194
67
202
195
202
32
210
89
22
139
136
75
41
54
228
105
227
83
229
110
49
152
184
165
210
148
26
204
219
203
1
200
74
213
91
126
69
152
173
171
103
110
102
104
197
155
160
218
33
69
150
208
201
52
86
58
9
64
12
85
12
5
184
48
144
68
146
5
132
146
46
171
18
102
182
99
168
68
23
192
186
144
165
225
178
223
79
91
31
36
212
210
223
215
156
5
118
46
41
48
6
74
224
75
57
18
126
137
67
74
62
193
145
198
74
101
100
2
33
183
199
170
7
69
120
226
36
73
77
15
186
95
144
80
88
166
215
25
197
89
106
137
38
15
151
213
159
189
154
121
168
15
137
187
109
173
167
63
60
9
225
66
147
227
132
219
119
132
17
133
124
192
110
152
45
210
206
23
205
179
175
161
116
100
42
65
45
14
73
80
171
134
2
190
99
60
22
115
193
52
227
59
169
74
3
12
12
54
15
54
186
138
206
178
92
176
26
45
63
212
111
30
119
134
12
18
56
160
118
53
204
77
35
68
192
123
122
201
182
159
144
61
86
9
198
110
74
167
186
9
105
136
200
29
81
211
110
212
60
77
126
59
74
160
24
35
152
169
212
148
35
103
18
204
12
81
220
146
172
60
58
61
223
163
194
196
194
226
68
30
208
111
204
193
38
77
161
167
195
57
88
73
29
5
107
133
131
138
46
14
144
65
181
23
130
103
218
126
138
52
67
210
47
139
225
200
76
185
131
187
130
39
118
143
182
106
41
176
205
51
170
154
122
153
59
126
179
195
159
20
159
205
103
188
87
124
25
150
87
189
190
166
88
90
162
148
92
168
219
84
110
183
130
202
4
94
67
163
120
105
118
45
83
17
136
179
166
204
159
199
124
15
11
47
111
189
178
142
153
82
43
100
165
30
99
52
66
31
216
65
194
39
12
205
219
217
70
116
158
167
197
199
219
58
105
142
13
203
185
2
86
72
98
50
164
123
5
57
14
174
116
88
227
83
146
39
34
75
12
11
56
117
54
37
48
116
99
78
221
58
70
188
46
42
39
70
52
93
97
139
166
112
140
129
158
58
7
216
87
95
144
155
116
57
3
40
20
207
46
94
159
190
125
40
176
124
206
36
209
227
179
113
164
229
129
21
160
114
98
54
126
189
175
219
127
218
63
56
134
77
183
108
109
2
46
29
227
141
78
181
188
106
54
50
35
206
216
116
138
19
160
148
224
197
14
25
132
66
121
206
38
130
69
207
171
31
51
164
149
38
1
177
25
52
27
31
168
104
99
90
194
97
208
229
139
5
32
141
48
120
123
76
67
136
64
56
182
63
218
70
47
144
220
104
8
103
88
167
198
119
211
95
9
167
6
74
100
183
7
9
30
157
82
41
38
44
118
198
157
44
116
31
201
122
201
93
41
202
66
7
12
178
191
139
115
139
218
8
55
152
192
37
216
1
157
118
175
182
224
196
100
131
86
34
224
29
62
43
214
205
75
51
125
37
166
209
11
219
173
83
116
82
148
68
61
133
83
24
17
123
6
45
97
122
75
11
108
63
16
64
53
184
96
122
50
136
31
221
8
12
38
16
147
94
152
209
20
71
55
210
145
139
203
42
13
81
115
143
188
141
84
79
120
88
79
82
160
213
148
28
149
212
76
83
96
209
143
107
86
17
47
200
62
189
82
16
160
109
182
73
9
216
105
153
3
163
98
149
178
38
61
175
110
223
184
27
158
122
104
119
216
33
113
197
32
111
179
225
192
164
110
9
9
197
27
208
32
44
106
122
7
207
225
186
63
189
183
69
70
178
37
15
124
202
59
221
220
96
60
21
116
181
18
52
41
155
32
11
70
199
210
44
162
11
143
121
228
104
155
152
81
122
2
31
51
148
88
1
125
79
29
2
213
5
113
43
28
123
20
147
199
221
79
3
199
177
218
126
30
123
163
157
132
188
204
152
218
227
121
61
129
103
148
106
109
81
80
145
201
192
81
60
82
162
20
215
180
168
225
38
51
19
13
178
23
189
228
128
101
16
102
119
122
48
227
45
186
130
151
120
37
200
95
58
221
82
47
28
128
116
138
199
150
65
6
162
81
36
167
17
67
73
124
61
27
113
106
31
72
182
151
26
213
163
86
153
62
118
148
180
7
74
89
27
163
146
132
71
68
87
192
90
73
93
155
55
139
199
217
183
171
54
218
66
57
79
169
123
52
158
163
86
203
229
163
93
200
68
9
94
195
179
191
112
38
85
57
41
161
50
144
220
40
38
197
29
77
24
98
69
91
17
162
210
20
40
16
118
78
163
33
7
141
88
146
47
42
18
108
185
118
124
223
127
33
37
17
160
205
66
20
126
98
141
207
150
107
169
158
18
195
106
58
190
185
53
111
146
115
203
218
26
191
11
212
194
20
136
114
39
160
13
134
3
179
73
161
214
147
129
81
78
160
91
195
180
105
205
17
157
93
131
116
191
146
117
86
193
1
85
91
19
95
134
185
172
164
178
20
77
35
102
115
52
13
225
72
36
200
58
225
218
215
116
45
53
198
186
205
213
83
213
169
216
152
105
156
151
121
228
65
10
191
76
129
135
115
212
200
151
75
115
72
182
175
21
152
17
94
184
155
190
66
105
195
9
82
71
104
38
4
101
167
110
105
172
127
178
185
8
206
207
5
101
135
164
59
97
155
208
93
90
176
163
224
94
59
113
64
165
50
52
53
74
53
43
146
125
211
93
1
75
85
27
62
223
209
212
201
53
214
127
164
194
122
147
82
51
191
137
205
85
160
122
101
41
92
219
215
190
141
91
149
95
146
10
221
206
88
50
177
10
32
200
165
93
82
51
3
73
35
86
101
99
62
229
85
147
82
48
68
39
106
61
90
21
93
41
60
211
168
14
141
142
70
172
69
23
145
117
81
77
27
88
54
47
55
110
158
119
147
143
144
18
164
149
176
50
229
41
124
210
51
212
170
145
71
86
31
191
219
41
8
144
193
184
63
5
87
168
167
16
96
5
166
159
214
25
49
187
195
131
140
105
189
211
110
133
160
167
41
168
140
212
143
228
174
170
8
90
160
151
107
134
206
110
93
174
12
34
92
106
53
157
33
135
139
140
177
225
176
79
103
161
61
32
118
156
228
187
128
91
111
176
178
38
5
170
204
186
164
118
172
199
63
198
89
192
85
31
8
181
194
72
7
64
218
184
26
135
228
216
180
76
126
209
202
178
93
186
102
151
206
165
55
178
50
203
25
115
136
124
54
15
202
123
77
162
64
151
54
186
91
99
27
141
184
54
24
131
119
197
58
15
162
192
104
10
202
152
183
32
126
89
67
212
51
55
142
64
205
144
179
76
36
67
56
208
229
98
194
94
27
79
134
169
117
125
194
8
99
44
29
86
167
138
150
157
160
162
170
208
47
103
155
8
207
182
53
122
175
41
186
158
213
91
34
116
57
89
76
48
86
168
143
205
110
131
35
75
211
70
43
220
77
143
1
214
133
71
189
27
206
207
114
87
135
99
174
183
8
78
9
4
186
61
149
167
211
111
28
33
195
169
71
81
82
123
104
156
71
79
11
108
203
165
210
75
190
12
46
80
2
131
87
225
209
38
136
175
22
217
174
153
136
123
200
199
171
206
224
62
116
203
2
174
154
156
136
185
207
39
89
33
94
113
73
19
157
39
70
121
84
187
163
200
109
189
179
171
20
92
161
15
60
220
225
198
161
52
176
77
64
85
169
145
211
10
217
83
222
125
188
42
17
70
219
133
77
76
26
122
14
141
28
2
223
100
171
14
44
212
210
163
129
132
183
48
62
50
59
182
153
124
67
192
102
76
201
30
23
142
88
27
150
36
112
31
44
28
30
207
151
103
103
71
160
204
40
201
14
200
43
92
61
20
44
6
169
27
151
76
135
143
11
29
140
27
115
66
174
12
199
82
161
178
160
149
92
172
142
57
198
169
211
139
129
166
179
115
148
7
197
141
131
87
60
105
37
159
50
29
43
17
152
51
7
158
39
45
187
68
103
167
130
163
98
197
155
185
179
58
218
158
65
110
16
10
210
30
228
28
51
83
59
150
114
169
167
111
229
90
112
3
42
224
219
92
61
115
64
216
79
176
100
73
19
35
215
32
200
86
104
191
9
54
209
221
55
121
185
219
161
225
122
136
94
143
126
209
139
198
27
156
57
131
7
75
30
121
150
15
113
221
4
197
189
61
88
40
101
160
221
138
31
127
12
18
217
51
163
199
126
149
169
104
78
222
49
41
135
78
88
196
89
179
3
114
59
57
121
7
98
62
142
27
173
78
194
55
50
103
224
166
150
125
110
179
57
21
152
110
186
133
67
39
104
153
133
51
165
107
114
154
139
185
46
24
17
63
80
45
204
134
147
61
168
17
174
160
74
36
39
74
95
45
24
129
24
115
202
193
166
50
132
162
18
69
148
14
93
66
178
73
177
44
140
98
208
165
118
105
193
226
182
207
149
228
209
227
187
124
134
213
130
119
71
119
94
79
50
132
193
197
139
74
212
23
111
73
204
68
229
106
105
180
55
79
2
191
54
125
197
224
127
102
60
27
203
192
174
116
115
193
112
191
53
158
22
137
204
115
121
124
170
108
207
33
124
188
18
10
76
111
76
186
194
158
160
165
175
127
38
226
161
79
215
102
208
61
69
205
24
124
140
229
190
7
212
78
220
203
148
23
173
108
95
204
205
99
15
111
117
182
34
114
36
196
2
148
216
35
173
190
195
177
205
30
84
39
116
189
26
17
13
129
38
18
203
65
229
79
118
176
222
52
119
100
31
149
167
148
26
193
228
190
97
82
94
155
59
79
71
4
95
177
187
55
88
128
203
190
8
148
21
23
137
146
104
56
193
223
127
162
84
135
61
26
4
129
2
62
40
144
84
71
159
64
106
143
163
190
211
228
93
7
206
97
23
173
190
19
164
181
199
50
172
10
36
38
71
67
31
69
189
36
9
82
28
44
149
128
111
170
31
217
65
185
114
140
70
67
182
166
218
165
158
221
135
29
113
95
74
199
207
7
102
187
49
132
82
225
120
39
203
132
188
201
11
77
140
37
66
68
135
156
62
67
157
163
212
40
108
51
112
22
84
221
121
44
174
212
217
194
71
13
229
185
41
140
7
153
3
51
167
157
144
141
219
92
85
226
50
69
12
17
3
115
15
103
196
172
50
213
226
187
44
159
27
24
78
95
104
105
164
187
126
20
188
224
30
12
141
31
56
8
135
8
103
211
190
126
162
68
173
217
2
22
92
27
71
132
139
19
152
34
86
75
178
206
35
208
67
69
80
143
73
46
168
108
125
57
186
37
89
149
87
157
36
152
133
199
54
66
227
65
135
81
221
59
155
140
115
87
18
116
131
137
160
11
124
229
78
110
183
86
219
137
83
224
131
27
88
32
44
5
221
30
106
123
162
43
23
81
163
136
68
182
131
153
67
144
204
158
114
4
166
20
53
20
219
184
14
182
79
52
95
61
107
6
177
207
50
8
33
171
215
142
50
178
91
224
132
100
26
123
207
42
115
197
8
151
80
126
225
19
222
45
155
108
41
167
114
136
217
127
226
213
45
69
20
122
138
114
182
61
198
36
112
4
8
13
159
35
196
126
94
12
24
185
10
132
6
161
130
15
193
10
6
211
47
90
209
189
52
132
88
84
65
172
79
72
122
40
179
147
83
192
123
66
123
161
227
167
219
159
130
173
58
83
60
35
105
221
110
135
4
170
149
186
84
72
12
205
9
112
26
142
10
39
76
225
194
186
150
75
213
126
164
4
29
36
206
66
123
8
150
144
210
174
166
28
140
20
63
38
57
205
228
105
67
70
98
72
121
12
102
57
45
76
17
58
90
83
51
74
162
109
204
142
184
213
168
35
207
61
134
203
118
9
169
18
216
118
67
1
75
58
188
82
186
143
3
78
154
210
168
196
166
37
3
71
104
146
54
53
150
222
133
50
41
153
85
210
162
84
141
46
197
70
81
64
90
28
214
67
37
180
116
159
213
79
58
3
180
37
208
119
41
100
48
229
23
58
153
23
199
166
225
127
109
144
13
86
27
108
54
36
189
38
188
150
125
75
117
72
78
163
108
150
82
112
84
67
102
195
88
206
56
11
174
134
78
186
211
7
6
79
116
45
181
229
6
144
65
79
207
12
4
172
206
144
114
54
166
34
169
52
170
94
89
200
57
60
186
130
170
29
112
179
7
66
11
161
153
207
33
160
121
126
8
120
187
210
111
7
191
156
33
46
46
115
6
144
23
199
11
202
39
188
228
174
108
132
79
37
198
168
117
41
116
16
43
202
52
196
38
158
107
71
9
62
101
3
177
142
222
20
195
109
4
124
40
8
195
93
82
220
208
34
105
156
56
127
72
73
92
63
229
215
45
77
176
110
138
43
14
73
91
82
177
103
189
56
4
54
173
107
30
202
40
8
79
30
220
136
8
62
23
88
210
30
58
158
166
124
184
87
85
200
226
110
112
51
156
209
101
41
188
48
164
147
47
100
141
137
113
150
166
159
226
202
112
43
136
1
140
38
199
222
149
204
184
102
90
163
57
73
4
103
98
115
27
199
24
30
207
166
67
122
172
189
75
83
67
190
61
201
3
166
76
134
8
102
2
126
102
173
25
5
226
58
155
127
100
85
35
103
78
79
164
25
219
62
206
212
129
4
226
93
38
16
157
121
181
82
182
170
68
183
71
146
124
112
139
15
73
137
156
79
28
89
129
67
87
66
48
14
16
152
224
226
7
156
202
109
118
163
115
48
144
183
38
74
75
18
150
146
136
88
44
158
82
7
192
62
59
78
208
180
60
137
15
81
126
2
17
92
135
141
13
56
179
98
75
125
43
127
86
100
50
218
169
201
30
19
181
221
54
207
109
4
150
175
7
194
51
22
138
184
201
58
138
76
133
109
21
18
49
204
93
27
98
33
119
140
186
148
42
173
195
117
36
48
106
157
38
218
202
104
61
27
153
25
95
114
108
126
218
61
223
135
156
221
38
206
183
225
154
228
192
107
67
16
34
50
113
41
37
25
171
35
184
97
205
121
9
209
195
226
96
119
9
2
206
71
172
4
225
179
152
167
89
132
76
89
10
104
64
67
37
166
164
46
146
85
129
108
164
169
162
6
17
19
175
218
54
47
182
28
3
20
119
38
77
161
140
229
113
53
109
122
26
105
207
38
203
91
107
121
3
50
98
57
203
4
58
111
73
73
82
213
225
12
19
228
69
72
17
48
36
99
111
71
85
177
100
3
137
35
30
47
172
11
220
58
172
111
155
11
99
23
92
162
6
227
198
36
131
164
167
86
203
84
80
152
121
164
116
58
57
46
4
98
30
218
29
131
75
51
171
175
226
45
98
7
93
159
202
3
200
61
144
115
36
206
205
46
112
218
151
63
114
216
222
73
35
123
57
196
19
73
113
6
56
24
91
175
210
227
168
164
93
196
18
228
172
193
26
71
195
9
75
227
41
192
208
53
64
91
1
68
137
51
63
77
61
23
211
73
113
131
208
198
24
142
35
173
160
133
183
144
104
228
148
153
125
189
183
227
71
106
121
71
32
221
10
88
33
86
152
27
20
11
88
93
42
211
88
102
102
215
100
169
57
13
109
15
177
7
192
103
130
134
176
105
106
162
196
90
104
106
3
78
180
65
101
178
209
132
181
14
73
76
78
30
87
163
162
183
161
157
206
52
61
95
23
144
199
106
145
155
225
205
228
213
41
216
168
68
144
74
16
169
41
32
12
95
119
4
185
214
192
80
58
171
46
104
40
102
118
28
42
114
159
28
107
185
228
76
142
185
10
124
23
179
84
72
218
177
106
23
139
202
136
75
113
116
143
105
7
225
224
159
103
30
214
151
114
88
220
100
169
135
173
55
153
227
207
70
40
152
223
222
79
110
182
88
172
136
95
227
102
149
16
188
8
49
206
115
15
65
214
62
190
111
3
59
102
44
205
31
167
181
199
122
223
87
95
152
35
105
107
68
125
92
201
119
218
74
84
184
223
77
60
97
187
69
176
177
52
14
56
189
207
70
83
205
156
151
134
206
113
212
83
90
151
30
21
49
151
182
145
173
1
187
96
200
28
106
219
224
94
35
129
229
200
60
151
205
161
153
192
194
50
113
57
96
99
88
126
219
67
189
174
179
82
217
197
18
57
205
227
23
164
49
88
176
142
76
180
203
83
39
135
224
137
185
4
54
39
60
16
219
47
184
5
211
70
140
36
61
139
42
134
138
44
171
128
201
13
174
159
175
83
157
209
100
45
109
160
61
106
136
111
72
164
202
144
118
26
85
87
6
134
218
171
149
98
179
224
12
95
129
134
64
75
25
117
47
129
16
23
139
4
90
220
13
27
185
156
21
49
156
157
25
201
121
16
196
8
219
111
152
199
1
119
124
138
134
225
129
40
89
170
86
180
112
129
82
221
7
93
125
143
90
52
115
12
188
61
52
89
184
15
132
106
65
57
190
68
140
70
179
151
226
224
67
71
116
15
17
125
2
137
125
140
114
57
169
91
111
216
97
138
69
64
72
45
118
70
141
129
93
134
15
49
218
93
126
77
227
226
108
158
182
81
44
142
22
108
110
220
65
141
44
175
159
220
93
105
211
77
196
39
121
15
167
78
211
125
206
151
200
215
58
171
205
9
214
97
151
163
74
210
180
3
28
93
118
28
7
145
67
164
121
62
166
82
151
175
76
162
1
56
30
37
184
197
72
112
164
131
115
173
199
25
46
134
139
60
209
40
207
2
158
84
94
104
15
217
1
149
224
39
9
131
162
74
159
113
211
109
94
6
122
110
7
203
133
64
13
49
41
77
89
206
98
196
28
11
68
216
23
15
172
132
122
56
164
140
99
37
3
104
106
23
55
50
143
43
39
135
91
126
134
73
206
10
57
169
95
150
103
14
156
147
155
132
108
196
190
4
111
109
36
109
184
146
212
90
39
194
20
186
175
100
90
65
118
53
185
32
160
215
167
205
73
129
39
172
149
17
226
206
118
90
59
105
6
90
46
87
219
44
44
136
116
149
43
1
195
48
83
141
192
157
135
89
23
171
133
172
60
5
70
184
204
166
211
139
176
170
166
144
82
194
56
159
88
127
97
69
51
183
169
50
40
19
31
137
136
70
215
161
174
200
60
117
102
207
1
38
93
134
44
12
98
188
70
3
12
78
47
170
226
68
125
197
190
62
164
157
5
52
225
196
215
162
27
82
111
229
107
81
216
115
131
142
155
191
84
203
182
115
84
130
46
25
142
202
53
33
180
35
163
81
102
117
69
141
138
178
5
222
105
137
39
44
137
59
38
204
61
138
110
132
174
201
108
145
170
210
206
84
10
85
179
126
124
31
148
15
189
31
70
44
144
2
22
31
116
218
187
21
187
40
183
24
185
12
29
94
136
221
112
162
175
68
23
42
178
183
210
113
108
176
131
48
169
15
135
115
6
30
223
168
46
89
165
204
69
106
128
113
219
168
14
126
101
109
104
185
216
187
71
40
48
69
9
173
107
138
68
79
142
63
55
141
144
12
57
105
106
87
198
22
44
56
147
159
144
68
3
24
89
145
138
75
87
48
36
1
119
8
186
226
222
185
120
141
55
126
81
182
54
42
170
113
211
151
226
97
16
113
229
26
128
3
178
105
211
142
31
20
215
181
16
165
165
46
81
121
48
141
52
78
193
176
136
28
3
85
145
174
13
201
152
149
169
95
196
225
126
88
156
200
161
15
5
161
107
81
109
29
46
81
171
45
136
60
212
4
174
80
39
10
11
78
99
5
23
149
228
16
39
84
1
217
126
174
124
32
228
51
146
112
219
117
44
144
212
212
223
92
83
170
181
160
120
24
90
226
219
182
194
174
130
9
17
209
15
162
133
160
174
153
154
136
54
7
52
181
160
82
131
140
143
157
17
69
25
51
219
212
64
79
33
71
78
56
31
198
2
32
137
42
147
139
187
25
213
183
30
159
177
215
69
49
210
98
2
196
214
71
188
76
112
137
130
186
12
67
102
42
208
93
45
100
212
85
61
114
109
160
55
108
181
110
195
91
85
151
68
80
57
128
34
107
104
76
187
10
156
59
66
122
201
211
13
121
126
73
2
76
115
201
165
187
54
47
153
140
84
20
202
123
67
224
3
79
178
158
226
128
66
123
53
28
166
92
17
39
132
167
203
199
163
63
113
172
165
205
186
106
48
68
166
228
91
203
22
212
69
82
34
18
215
152
143
52
57
76
182
85
217
207
206
199
8
91
112
134
130
77
25
190
23
192
198
93
82
153
142
127
205
213
47
15
205
81
81
217
197
151
15
86
108
127
182
157
5
82
25
35
132
3
120
65
80
128
157
25
12
175
127
152
104
137
228
137
7
193
198
49
87
178
216
187
13
95
199
133
114
34
220
68
24
8
178
159
190
47
103
204
68
210
10
169
46
8
143
109
114
93
90
14
34
170
194
33
46
26
11
68
103
38
185
140
82
75
56
30
155
58
23
7
221
156
26
113
40
127
19
129
156
50
108
32
80
165
228
67
171
70
42
206
39
226
187
90
212
11
16
3
59
229
67
136
79
33
137
78
4
118
19
93
81
82
162
107
135
169
11
137
193
7
146
190
150
94
6
206
141
67
130
107
88
211
151
225
174
219
78
22
229
222
36
22
24
38
176
105
168
139
4
220
46
79
25
54
58
166
14
188
111
6
188
228
172
55
88
163
102
127
148
205
62
129
5
81
6
177
145
38
227
38
98
65
135
43
154
130
128
53
25
3
31
58
134
80
151
177
218
107
145
151
218
101
91
163
35
210
146
210
27
187
56
171
172
26
129
118
26
85
127
9
36
110
66
106
95
152
222
8
48
93
215
10
179
93
31
223
148
25
11
4
139
129
145
201
6
135
103
150
114
89
4
19
101
137
129
74
9
196
71
129
147
156
222
115
217
39
99
164
76
167
92
105
18
111
90
59
186
135
136
213
226
200
33
90
46
138
124
135
227
56
122
120
206
56
42
28
223
174
165
7
19
33
127
41
79
200
211
221
72
35
197
128
205
38
107
147
142
76
17
72
111
107
100
121
140
208
4
173
182
7
96
198
105
147
224
104
128
168
32
214
188
38
77
168
4
117
226
210
17
41
187
62
128
134
158
173
89
137
55
181
163
33
162
101
119
9
221
222
223
124
11
151
81
59
85
6
45
34
133
169
136
81
9
146
100
113
20
61
31
215
128
31
129
58
128
206
217
127
8
29
219
61
130
40
131
225
175
228
31
146
144
79
136
79
158
214
41
126
219
140
130
7
116
108
42
103
1
49
86
202
142
140
50
144
145
57
219
55
67
14
108
93
213
51
192
151
153
47
122
106
209
151
4
110
122
171
20
223
145
76
3
134
228
44
79
140
117
202
43
215
100
146
19
141
191
202
153
183
94
105
24
101
179
159
102
166
89
209
94
152
93
134
105
154
102
179
122
52
91
225
192
208
81
110
153
47
147
206
112
115
153
78
158
127
189
175
171
124
165
217
27
147
144
78
192
107
161
171
138
122
54
85
61
21
35
76
127
52
56
37
108
49
128
19
217
90
45
59
67
201
218
17
98
65
58
208
27
164
141
109
60
201
186
222
179
215
81
180
178
98
8
98
122
187
205
155
57
220
148
172
156
197
88
65
115
95
91
158
166
217
17
41
135
99
19
64
11
19
145
93
86
14
9
21
130
143
160
73
191
180
110
21
187
27
131
14
93
170
22
133
89
15
44
217
186
218
173
21
176
62
188
22
225
223
72
51
211
138
7
18
36
78
176
174
39
69
213
90
68
132
76
144
56
49
168
17
67
175
30
106
131
120
30
170
144
212
136
188
23
195
6
195
126
148
185
100
72
205
137
2
195
178
74
214
40
203
181
137
181
17
39
208
40
125
152
11
187
39
43
84
175
79
49
121
20
45
188
196
166
59
129
204
223
215
2
183
94
64
162
29
223
100
194
206
187
94
30
160
191
62
28
136
212
207
10
102
164
13
209
204
185
207
3
229
166
198
194
32
87
204
57
203
38
123
164
128
205
109
194
159
74
41
125
118
104
97
162
12
145
66
69
206
41
14
218
68
121
56
190
30
185
91
10
10
80
47
172
143
202
124
224
1
22
131
82
160
178
86
44
196
212
128
170
72
51
108
17
222
139
143
171
29
17
168
58
55
98
156
99
155
115
64
5
95
48
92
26
183
197
117
129
139
101
10
59
110
193
93
199
215
155
133
163
178
180
108
114
101
166
25
15
137
27
206
126
153
61
171
41
78
97
198
122
168
209
128
23
170
123
226
226
139
201
47
212
109
149
94
7
218
170
74
88
66
96
16
45
189
229
201
24
168
100
224
59
3
82
219
214
183
150
164
197
195
226
178
163
225
131
104
38
175
37
194
84
146
71
18
206
204
20
131
67
130
188
85
88
120
160
172
75
64
216
65
126
61
192
165
177
78
226
158
222
21
25
36
75
166
17
61
89
156
46
161
201
28
98
69
84
188
144
1
98
135
77
135
203
156
9
187
162
5
108
175
36
43
146
46
58
71
183
156
212
219
81
15
201
39
63
163
228
87
174
112
215
2
226
14
186
200
203
145
184
77
135
112
69
94
116
35
85
119
8
2
66
179
102
99
136
222
227
111
49
60
228
10
76
5
127
42
1
138
135
55
8
20
227
157
55
120
42
100
228
194
156
167
4
36
20
208
55
134
133
209
40
16
39
53
66
210
171
67
169
189
156
37
78
106
173
68
172
59
17
223
140
76
42
125
206
203
151
110
198
88
84
100
121
28
209
50
97
140
19
143
228
50
166
128
35
46
229
174
114
28
14
163
44
12
211
13
163
159
150
195
107
187
49
143
224
202
178
210
51
175
221
141
194
207
61
160
34
226
166
134
43
107
54
85
185
190
200
151
49
138
48
121
97
108
5
91
22
151
148
84
65
24
215
97
10
106
3
149
68
27
207
52
229
180
209
109
99
45
123
169
84
129
220
28
23
74
101
121
80
121
77
89
169
6
54
171
204
41
62
50
23
88
195
44
64
64
202
138
8
140
18
14
195
71
16
216
177
62
190
79
98
118
111
101
225
97
129
198
85
120
151
38
32
56
181
90
102
153
209
204
213
213
173
109
181
114
134
187
175
212
117
170
177
11
156
181
145
179
30
207
113
210
7
151
190
49
169
173
38
57
117
189
77
26
127
184
168
14
222
38
193
143
48
90
93
140
194
202
166
121
218
98
211
165
153
219
102
120
132
16
185
44
211
51
50
45
32
5
210
193
217
75
196
166
183
53
216
165
199
225
39
141
84
42
187
110
172
83
90
7
95
24
20
29
90
119
87
117
226
155
165
109
126
30
147
27
63
44
214
15
108
15
112
83
192
43
225
100
1
102
166
83
41
219
5
214
151
59
177
30
181
129
103
110
103
167
39
3
220
45
92
222
82
216
168
125
223
226
47
57
155
105
210
72
108
152
17
184
165
200
25
141
35
144
65
152
119
152
212
221
2
83
142
18
129
154
165
169
189
52
201
3
166
14
203
119
152
13
140
128
191
159
155
220
106
35
123
166
149
46
130
35
22
116
48
63
30
39
109
206
98
97
196
114
56
61
60
78
