population 0 fitness 1.0041546801215335 years 47.0 length 16
population 1 fitness 1.0041546801215335 years 47.0 length 16
population 2 fitness 1.0042449992546103 years 46.0 length 16
population 3 fitness 1.0043393325713796 years 45.0 length 16
population 4 fitness 1.0043624231652617 years 42.0 length 16
population 5 fitness 1.0043624231652617 years 42.0 length 16
population 6 fitness 1.0044688237302681 years 41.0 length 16
population 7 fitness 1.0044688237302681 years 41.0 length 17
population 8 fitness 1.0045805443235247 years 40.0 length 16
population 9 fitness 1.0045805443235247 years 40.0 length 17
population 10 fitness 1.0043890661582027 years 39.0 length 16
population 11 fitness 1.0055606240709756 years 20.0 length 16
population 12 fitness 1.0038789871018354 years 18.0 length 17
population 13 fitness 1.0045483311446735 years 18.0 length 17
population 14 fitness 1.0048158800355367 years 17.0 length 15
population 15 fitness 1.0048158800355367 years 17.0 length 16
population 16 fitness 1.0042244777054894 years 28.0 length 16
population 17 fitness 1.0042244777054894 years 28.0 length 16
population 18 fitness 1.0039428458584567 years 15.0 length 16
population 19 fitness 1.003139633007051 years 15.0 length 16
population 20 fitness 1.0049285573230708 years 24.0 length 16
population 21 fitness 1.0049285573230708 years 24.0 length 16
population 22 fitness 1.004307089272227 years 22.0 length 15
population 23 fitness 1.004307089272227 years 22.0 length 15
population 24 fitness 1.0047377981994496 years 20.0 length 17
population 25 fitness 1.0047377981994496 years 20.0 length 17
population 26 fitness 1.004307089272227 years 11.0 length 16
population 27 fitness 1.004307089272227 years 11.0 length 16
population 28 fitness 1.0044162236529266 years 16.0 length 16
population 29 fitness 1.0044162236529266 years 16.0 length 16
population 30 fitness 1.0043608778548538 years 9.0 length 16
population 31 fitness 1.0043608778548538 years 9.0 length 16
population 32 fitness 1.0049059875867106 years 8.0 length 17
population 33 fitness 1.0049059875867106 years 8.0 length 16
population 34 fitness 1.0078495801387368 years 10.0 length 16
population 35 fitness 1.0078495801387368 years 10.0 length 16
population 36 fitness 1.0045332846537667 years 6.0 length 15
population 37 fitness 1.0065413167822808 years 6.0 length 16
population 38 fitness 1.0040160642570282 years 6.0 length 16
population 39 fitness 1.0040160642570282 years 6.0 length 16

0.5964042830174863 0.2274064073623252 0.66815995914384 0.07420322296751491 0.0014902903029485604 4 5
0.633603431228908 0.48545432145092904 0.15774095436373847 0.4672084504939962 0.07615325077313584 2 3
0.5964042830174863 0.2274064073623252 0.66815995914384 0.07420322296751491 0.0014902903029485604 4 5
0.205306963436928 0.6498196669597047 0.7151740297810683 0.14825729139761057 0.6957121600589368 1 5
0.7532249715718051 0.46954141118602366 0.12376219711339509 0.6502954517301434 0.09413959799803451 3 6
0.41368378194956 0.19293160033082846 0.4600396950614979 0.05597365682399358 0.06718164151443384 6 5
0.41368378194956 0.19293160033082846 0.4600396950614979 0.05597365682399358 0.06718164151443384 6 5
0.05926813913534601 0.39747908277044675 0.4421509836363735 0.13963737725872127 0.8547756542538244 6 5
0.05926813913534601 0.39747908277044675 0.4421509836363735 0.13963737725872127 0.8547756542538244 6 5
0.8897637765505791 0.7104694756394458 0.19781044567217632 0.2603544620447322 0.642967229737828 7 7
0.4972466213702027 0.5551367888807082 0.7276804249088806 0.3908343893497539 0.6451158564530088 4 7
0.24405648561424675 0.9932171086154779 0.4323584941395343 0.32859371574847707 0.04582432532242375 1 7
0.7773019354082387 0.07741268299579673 0.9005219900885373 0.6839053899187207 0.663616760555737 2 6
0.7773019354082387 0.07741268299579673 0.9005219900885373 0.6839053899187207 0.663616760555737 2 6
0.633603431228908 0.48545432145092904 0.15774095436373847 0.4672084504939962 0.07615325077313584 2 3
0.6941687130258613 0.3204494589421022 0.1777635190808171 0.3952339233605646 0.9411001947645701 3 6
0.6941687130258613 0.3204494589421022 0.1777635190808171 0.3952339233605646 0.9411001947645701 3 6
0.6941687130258613 0.3204494589421022 0.1777635190808171 0.3952339233605646 0.9411001947645701 3 6
0.5964042830174863 0.2274064073623252 0.66815995914384 0.07420322296751491 0.0014902903029485604 4 5
0.205306963436928 0.6498196669597047 0.7151740297810683 0.14825729139761057 0.6957121600589368 1 5
0.9249179425847901 0.5060957800096869 0.34611169252103957 0.3940539186158851 0.693469146108441 8 1
0.9249179425847901 0.5060957800096869 0.34611169252103957 0.3940539186158851 0.693469146108441 8 1
0.8184642017949613 0.7676373594733358 0.7676033927615727 0.19929239838629842 0.6625213671942756 6 6
0.05926813913534601 0.39747908277044675 0.4421509836363735 0.13963737725872127 0.8547756542538244 6 5
0.05926813913534601 0.39747908277044675 0.4421509836363735 0.13963737725872127 0.8547756542538244 6 5
0.8897637765505791 0.7104694756394458 0.19781044567217632 0.2603544620447322 0.642967229737828 7 7
0.8897637765505791 0.7104694756394458 0.19781044567217632 0.2603544620447322 0.642967229737828 7 7
0.3553602781408589 0.8018234489152908 0.591475552717624 0.8229805953819667 0.32024201337827984 4 5
0.6412880728916039 0.878462010446597 0.33044280184303354 0.0743680526211895 0.39829277042861455 1 2
0.7773019354082387 0.07741268299579673 0.9005219900885373 0.6839053899187207 0.663616760555737 2 6
0.633603431228908 0.48545432145092904 0.15774095436373847 0.4672084504939962 0.07615325077313584 2 3
0.633603431228908 0.48545432145092904 0.15774095436373847 0.4672084504939962 0.07615325077313584 2 3
0.6941687130258613 0.3204494589421022 0.1777635190808171 0.3952339233605646 0.9411001947645701 3 6
0.5964042830174863 0.2274064073623252 0.66815995914384 0.07420322296751491 0.0014902903029485604 4 5
0.5964042830174863 0.2274064073623252 0.66815995914384 0.07420322296751491 0.0014902903029485604 4 5
0.205306963436928 0.6498196669597047 0.7151740297810683 0.14825729139761057 0.6957121600589368 1 5
0.41368378194956 0.19293160033082846 0.4600396950614979 0.05597365682399358 0.06718164151443384 6 5
0.9249179425847901 0.5060957800096869 0.34611169252103957 0.3940539186158851 0.693469146108441 8 1
0.8184642017949613 0.7676373594733358 0.7676033927615727 0.19929239838629842 0.6625213671942756 6 6
0.05926813913534601 0.39747908277044675 0.4421509836363735 0.13963737725872127 0.8547756542538244 6 5
0.3553602781408589 0.8018234489152908 0.591475552717624 0.8229805953819667 0.32024201337827984 4 5
0.8897637765505791 0.7104694756394458 0.19781044567217632 0.2603544620447322 0.642967229737828 7 7
0.8897637765505791 0.7104694756394458 0.19781044567217632 0.2603544620447322 0.642967229737828 7 7
0.3553602781408589 0.8018234489152908 0.591475552717624 0.8229805953819667 0.32024201337827984 4 5
0.6412880728916039 0.878462010446597 0.33044280184303354 0.0743680526211895 0.39829277042861455 1 2
0.7773019354082387 0.07741268299579673 0.9005219900885373 0.6839053899187207 0.663616760555737 2 6
0.6322050070855167 0.1151128679575496 5.220852785228214E-4 0.9705410897746856 0.9090409404574652 2 4
0.0971702350422341 0.17520708894108594 0.42413454496955894 0.5196528930900557 0.610126083542467 7 1
0.6941687130258613 0.3204494589421022 0.1777635190808171 0.3952339233605646 0.9411001947645701 3 6
0.6941687130258613 0.3204494589421022 0.1777635190808171 0.3952339233605646 0.9411001947645701 3 6
0.5964042830174863 0.2274064073623252 0.66815995914384 0.07420322296751491 0.0014902903029485604 4 5
0.205306963436928 0.6498196669597047 0.7151740297810683 0.14825729139761057 0.6957121600589368 1 5
0.7532249715718051 0.46954141118602366 0.12376219711339509 0.6502954517301434 0.09413959799803451 3 6
0.41368378194956 0.19293160033082846 0.4600396950614979 0.05597365682399358 0.06718164151443384 6 5
0.41368378194956 0.19293160033082846 0.4600396950614979 0.05597365682399358 0.06718164151443384 6 5
0.8184642017949613 0.7676373594733358 0.7676033927615727 0.19929239838629842 0.6625213671942756 6 6
0.05926813913534601 0.39747908277044675 0.4421509836363735 0.13963737725872127 0.8547756542538244 6 5
0.8897637765505791 0.7104694756394458 0.19781044567217632 0.2603544620447322 0.642967229737828 7 7
0.8897637765505791 0.7104694756394458 0.19781044567217632 0.2603544620447322 0.642967229737828 7 7
0.4972466213702027 0.5551367888807082 0.7276804249088806 0.3908343893497539 0.6451158564530088 4 7
0.24405648561424675 0.9932171086154779 0.4323584941395343 0.32859371574847707 0.04582432532242375 1 7
0.0827010944737484 0.16070761836358727 0.49631160580282085 0.7442678591298699 0.8236417005685596 7 5
0.633603431228908 0.48545432145092904 0.15774095436373847 0.4672084504939962 0.07615325077313584 2 3
0.018750345597933538 0.7654848618556758 0.5388078518243251 0.9061908619888777 0.45733599899980826 8 6
0.9898815095842675 0.048312258542807074 0.26081260395385275 0.8624309898941683 0.8278676017272925 7 2
0.633603431228908 0.48545432145092904 0.15774095436373847 0.4672084504939962 0.07615325077313584 2 3
0.5964042830174863 0.2274064073623252 0.66815995914384 0.07420322296751491 0.0014902903029485604 4 5
0.205306963436928 0.6498196669597047 0.7151740297810683 0.14825729139761057 0.6957121600589368 1 5
0.41368378194956 0.19293160033082846 0.4600396950614979 0.05597365682399358 0.06718164151443384 6 5
0.9249179425847901 0.5060957800096869 0.34611169252103957 0.3940539186158851 0.693469146108441 8 1
0.8184642017949613 0.7676373594733358 0.7676033927615727 0.19929239838629842 0.6625213671942756 6 6
0.05926813913534601 0.39747908277044675 0.4421509836363735 0.13963737725872127 0.8547756542538244 6 5
0.8897637765505791 0.7104694756394458 0.19781044567217632 0.2603544620447322 0.642967229737828 7 7
0.8897637765505791 0.7104694756394458 0.19781044567217632 0.2603544620447322 0.642967229737828 7 7
0.3553602781408589 0.8018234489152908 0.591475552717624 0.8229805953819667 0.32024201337827984 4 5
0.6412880728916039 0.878462010446597 0.33044280184303354 0.0743680526211895 0.39829277042861455 1 2
0.7773019354082387 0.07741268299579673 0.9005219900885373 0.6839053899187207 0.663616760555737 2 6
0.6322050070855167 0.1151128679575496 5.220852785228214E-4 0.9705410897746856 0.9090409404574652 2 4
0.0971702350422341 0.17520708894108594 0.42413454496955894 0.5196528930900557 0.610126083542467 7 1
0.9542375387868186 0.8589760527401505 0.07472445901712421 0.8004971508048577 0.10224246680959748 4 2
0.6941687130258613 0.3204494589421022 0.1777635190808171 0.3952339233605646 0.9411001947645701 3 6
0.5964042830174863 0.2274064073623252 0.66815995914384 0.07420322296751491 0.0014902903029485604 4 5
0.5964042830174863 0.2274064073623252 0.66815995914384 0.07420322296751491 0.0014902903029485604 4 5
0.205306963436928 0.6498196669597047 0.7151740297810683 0.14825729139761057 0.6957121600589368 1 5
0.7532249715718051 0.46954141118602366 0.12376219711339509 0.6502954517301434 0.09413959799803451 3 6
0.41368378194956 0.19293160033082846 0.4600396950614979 0.05597365682399358 0.06718164151443384 6 5
0.9249179425847901 0.5060957800096869 0.34611169252103957 0.3940539186158851 0.693469146108441 8 1
0.8184642017949613 0.7676373594733358 0.7676033927615727 0.19929239838629842 0.6625213671942756 6 6
0.05926813913534601 0.39747908277044675 0.4421509836363735 0.13963737725872127 0.8547756542538244 6 5
0.8897637765505791 0.7104694756394458 0.19781044567217632 0.2603544620447322 0.642967229737828 7 7
0.8897637765505791 0.7104694756394458 0.19781044567217632 0.2603544620447322 0.642967229737828 7 7
0.3553602781408589 0.8018234489152908 0.591475552717624 0.8229805953819667 0.32024201337827984 4 5
0.6412880728916039 0.878462010446597 0.33044280184303354 0.0743680526211895 0.39829277042861455 1 2
0.7773019354082387 0.07741268299579673 0.9005219900885373 0.6839053899187207 0.663616760555737 2 6
0.6322050070855167 0.1151128679575496 5.220852785228214E-4 0.9705410897746856 0.9090409404574652 2 4
0.0971702350422341 0.17520708894108594 0.42413454496955894 0.5196528930900557 0.610126083542467 7 1
0.6941687130258613 0.3204494589421022 0.1777635190808171 0.3952339233605646 0.9411001947645701 3 6
0.6941687130258613 0.3204494589421022 0.1777635190808171 0.3952339233605646 0.9411001947645701 3 6
0.5964042830174863 0.2274064073623252 0.66815995914384 0.07420322296751491 0.0014902903029485604 4 5
0.205306963436928 0.6498196669597047 0.7151740297810683 0.14825729139761057 0.6957121600589368 1 5
0.41368378194956 0.19293160033082846 0.4600396950614979 0.05597365682399358 0.06718164151443384 6 5
0.9249179425847901 0.5060957800096869 0.34611169252103957 0.3940539186158851 0.693469146108441 8 1
0.9249179425847901 0.5060957800096869 0.34611169252103957 0.3940539186158851 0.693469146108441 8 1
0.8184642017949613 0.7676373594733358 0.7676033927615727 0.19929239838629842 0.6625213671942756 6 6
0.05926813913534601 0.39747908277044675 0.4421509836363735 0.13963737725872127 0.8547756542538244 6 5
0.05926813913534601 0.39747908277044675 0.4421509836363735 0.13963737725872127 0.8547756542538244 6 5
0.8897637765505791 0.7104694756394458 0.19781044567217632 0.2603544620447322 0.642967229737828 7 7
0.4972466213702027 0.5551367888807082 0.7276804249088806 0.3908343893497539 0.6451158564530088 4 7
0.7773019354082387 0.07741268299579673 0.9005219900885373 0.6839053899187207 0.663616760555737 2 6
0.0827010944737484 0.16070761836358727 0.49631160580282085 0.7442678591298699 0.8236417005685596 7 5
0.0971702350422341 0.17520708894108594 0.42413454496955894 0.5196528930900557 0.610126083542467 7 1
0.491862125215882 0.9635523243164242 0.9288262732323488 0.7515886470597982 0.27427516988593525 8 8
0.6941687130258613 0.3204494589421022 0.1777635190808171 0.3952339233605646 0.9411001947645701 3 6
0.5964042830174863 0.2274064073623252 0.66815995914384 0.07420322296751491 0.0014902903029485604 4 5
0.205306963436928 0.6498196669597047 0.7151740297810683 0.14825729139761057 0.6957121600589368 1 5
0.41368378194956 0.19293160033082846 0.4600396950614979 0.05597365682399358 0.06718164151443384 6 5
0.9249179425847901 0.5060957800096869 0.34611169252103957 0.3940539186158851 0.693469146108441 8 1
0.9249179425847901 0.5060957800096869 0.34611169252103957 0.3940539186158851 0.693469146108441 8 1
0.8184642017949613 0.7676373594733358 0.7676033927615727 0.19929239838629842 0.6625213671942756 6 6
0.05926813913534601 0.39747908277044675 0.4421509836363735 0.13963737725872127 0.8547756542538244 6 5
0.05926813913534601 0.39747908277044675 0.4421509836363735 0.13963737725872127 0.8547756542538244 6 5
0.8897637765505791 0.7104694756394458 0.19781044567217632 0.2603544620447322 0.642967229737828 7 7
0.8897637765505791 0.7104694756394458 0.19781044567217632 0.2603544620447322 0.642967229737828 7 7
0.3553602781408589 0.8018234489152908 0.591475552717624 0.8229805953819667 0.32024201337827984 4 5
0.6412880728916039 0.878462010446597 0.33044280184303354 0.0743680526211895 0.39829277042861455 1 2
0.7773019354082387 0.07741268299579673 0.9005219900885373 0.6839053899187207 0.663616760555737 2 6
0.7773019354082387 0.07741268299579673 0.9005219900885373 0.6839053899187207 0.663616760555737 2 6
0.633603431228908 0.48545432145092904 0.15774095436373847 0.4672084504939962 0.07615325077313584 2 3
0.633603431228908 0.48545432145092904 0.15774095436373847 0.4672084504939962 0.07615325077313584 2 3
0.633603431228908 0.48545432145092904 0.15774095436373847 0.4672084504939962 0.07615325077313584 2 3
0.6941687130258613 0.3204494589421022 0.1777635190808171 0.3952339233605646 0.9411001947645701 3 6
0.205306963436928 0.6498196669597047 0.7151740297810683 0.14825729139761057 0.6957121600589368 1 5
0.41368378194956 0.19293160033082846 0.4600396950614979 0.05597365682399358 0.06718164151443384 6 5
0.9249179425847901 0.5060957800096869 0.34611169252103957 0.3940539186158851 0.693469146108441 8 1
0.9249179425847901 0.5060957800096869 0.34611169252103957 0.3940539186158851 0.693469146108441 8 1
0.8184642017949613 0.7676373594733358 0.7676033927615727 0.19929239838629842 0.6625213671942756 6 6
0.8184642017949613 0.7676373594733358 0.7676033927615727 0.19929239838629842 0.6625213671942756 6 6
0.05926813913534601 0.39747908277044675 0.4421509836363735 0.13963737725872127 0.8547756542538244 6 5
0.8897637765505791 0.7104694756394458 0.19781044567217632 0.2603544620447322 0.642967229737828 7 7
0.8897637765505791 0.7104694756394458 0.19781044567217632 0.2603544620447322 0.642967229737828 7 7
0.3553602781408589 0.8018234489152908 0.591475552717624 0.8229805953819667 0.32024201337827984 4 5
0.6412880728916039 0.878462010446597 0.33044280184303354 0.0743680526211895 0.39829277042861455 1 2
0.7773019354082387 0.07741268299579673 0.9005219900885373 0.6839053899187207 0.663616760555737 2 6
0.7773019354082387 0.07741268299579673 0.9005219900885373 0.6839053899187207 0.663616760555737 2 6
0.633603431228908 0.48545432145092904 0.15774095436373847 0.4672084504939962 0.07615325077313584 2 3
0.6941687130258613 0.3204494589421022 0.1777635190808171 0.3952339233605646 0.9411001947645701 3 6
0.5964042830174863 0.2274064073623252 0.66815995914384 0.07420322296751491 0.0014902903029485604 4 5
0.205306963436928 0.6498196669597047 0.7151740297810683 0.14825729139761057 0.6957121600589368 1 5
0.41368378194956 0.19293160033082846 0.4600396950614979 0.05597365682399358 0.06718164151443384 6 5
0.7532249715718051 0.46954141118602366 0.12376219711339509 0.6502954517301434 0.09413959799803451 3 6
0.41368378194956 0.19293160033082846 0.4600396950614979 0.05597365682399358 0.06718164151443384 6 5
0.7532249715718051 0.46954141118602366 0.12376219711339509 0.6502954517301434 0.09413959799803451 3 6
0.8184642017949613 0.7676373594733358 0.7676033927615727 0.19929239838629842 0.6625213671942756 6 6
0.05926813913534601 0.39747908277044675 0.4421509836363735 0.13963737725872127 0.8547756542538244 6 5
0.8897637765505791 0.7104694756394458 0.19781044567217632 0.2603544620447322 0.642967229737828 7 7
0.8897637765505791 0.7104694756394458 0.19781044567217632 0.2603544620447322 0.642967229737828 7 7
0.3553602781408589 0.8018234489152908 0.591475552717624 0.8229805953819667 0.32024201337827984 4 5
0.6412880728916039 0.878462010446597 0.33044280184303354 0.0743680526211895 0.39829277042861455 1 2
0.7773019354082387 0.07741268299579673 0.9005219900885373 0.6839053899187207 0.663616760555737 2 6
0.0971702350422341 0.17520708894108594 0.42413454496955894 0.5196528930900557 0.610126083542467 7 1
0.633603431228908 0.48545432145092904 0.15774095436373847 0.4672084504939962 0.07615325077313584 2 3
0.633603431228908 0.48545432145092904 0.15774095436373847 0.4672084504939962 0.07615325077313584 2 3
0.6941687130258613 0.3204494589421022 0.1777635190808171 0.3952339233605646 0.9411001947645701 3 6
0.6941687130258613 0.3204494589421022 0.1777635190808171 0.3952339233605646 0.9411001947645701 3 6
0.205306963436928 0.6498196669597047 0.7151740297810683 0.14825729139761057 0.6957121600589368 1 5
0.7532249715718051 0.46954141118602366 0.12376219711339509 0.6502954517301434 0.09413959799803451 3 6
0.7532249715718051 0.46954141118602366 0.12376219711339509 0.6502954517301434 0.09413959799803451 3 6
0.41368378194956 0.19293160033082846 0.4600396950614979 0.05597365682399358 0.06718164151443384 6 5
0.8184642017949613 0.7676373594733358 0.7676033927615727 0.19929239838629842 0.6625213671942756 6 6
0.05926813913534601 0.39747908277044675 0.4421509836363735 0.13963737725872127 0.8547756542538244 6 5
0.05926813913534601 0.39747908277044675 0.4421509836363735 0.13963737725872127 0.8547756542538244 6 5
0.8897637765505791 0.7104694756394458 0.19781044567217632 0.2603544620447322 0.642967229737828 7 7
0.8897637765505791 0.7104694756394458 0.19781044567217632 0.2603544620447322 0.642967229737828 7 7
0.4972466213702027 0.5551367888807082 0.7276804249088806 0.3908343893497539 0.6451158564530088 4 7
0.6412880728916039 0.878462010446597 0.33044280184303354 0.0743680526211895 0.39829277042861455 1 2
0.7773019354082387 0.07741268299579673 0.9005219900885373 0.6839053899187207 0.663616760555737 2 6
0.633603431228908 0.48545432145092904 0.15774095436373847 0.4672084504939962 0.07615325077313584 2 3
0.491862125215882 0.9635523243164242 0.9288262732323488 0.7515886470597982 0.27427516988593525 8 8
0.6941687130258613 0.3204494589421022 0.1777635190808171 0.3952339233605646 0.9411001947645701 3 6
0.5964042830174863 0.2274064073623252 0.66815995914384 0.07420322296751491 0.0014902903029485604 4 5
0.205306963436928 0.6498196669597047 0.7151740297810683 0.14825729139761057 0.6957121600589368 1 5
0.205306963436928 0.6498196669597047 0.7151740297810683 0.14825729139761057 0.6957121600589368 1 5
0.7532249715718051 0.46954141118602366 0.12376219711339509 0.6502954517301434 0.09413959799803451 3 6
0.9249179425847901 0.5060957800096869 0.34611169252103957 0.3940539186158851 0.693469146108441 8 1
0.7532249715718051 0.46954141118602366 0.12376219711339509 0.6502954517301434 0.09413959799803451 3 6
0.8184642017949613 0.7676373594733358 0.7676033927615727 0.19929239838629842 0.6625213671942756 6 6
0.05926813913534601 0.39747908277044675 0.4421509836363735 0.13963737725872127 0.8547756542538244 6 5
0.8897637765505791 0.7104694756394458 0.19781044567217632 0.2603544620447322 0.642967229737828 7 7
0.8897637765505791 0.7104694756394458 0.19781044567217632 0.2603544620447322 0.642967229737828 7 7
0.3553602781408589 0.8018234489152908 0.591475552717624 0.8229805953819667 0.32024201337827984 4 5
0.24405648561424675 0.9932171086154779 0.4323584941395343 0.32859371574847707 0.04582432532242375 1 7
0.7773019354082387 0.07741268299579673 0.9005219900885373 0.6839053899187207 0.663616760555737 2 6
0.633603431228908 0.48545432145092904 0.15774095436373847 0.4672084504939962 0.07615325077313584 2 3
0.633603431228908 0.48545432145092904 0.15774095436373847 0.4672084504939962 0.07615325077313584 2 3
0.633603431228908 0.48545432145092904 0.15774095436373847 0.4672084504939962 0.07615325077313584 2 3
0.6941687130258613 0.3204494589421022 0.1777635190808171 0.3952339233605646 0.9411001947645701 3 6
0.5964042830174863 0.2274064073623252 0.66815995914384 0.07420322296751491 0.0014902903029485604 4 5
0.205306963436928 0.6498196669597047 0.7151740297810683 0.14825729139761057 0.6957121600589368 1 5
0.7532249715718051 0.46954141118602366 0.12376219711339509 0.6502954517301434 0.09413959799803451 3 6
0.9249179425847901 0.5060957800096869 0.34611169252103957 0.3940539186158851 0.693469146108441 8 1
0.8184642017949613 0.7676373594733358 0.7676033927615727 0.19929239838629842 0.6625213671942756 6 6
0.05926813913534601 0.39747908277044675 0.4421509836363735 0.13963737725872127 0.8547756542538244 6 5
0.05926813913534601 0.39747908277044675 0.4421509836363735 0.13963737725872127 0.8547756542538244 6 5
0.8897637765505791 0.7104694756394458 0.19781044567217632 0.2603544620447322 0.642967229737828 7 7
0.4972466213702027 0.5551367888807082 0.7276804249088806 0.3908343893497539 0.6451158564530088 4 7
0.6412880728916039 0.878462010446597 0.33044280184303354 0.0743680526211895 0.39829277042861455 1 2
0.6412880728916039 0.878462010446597 0.33044280184303354 0.0743680526211895 0.39829277042861455 1 2
0.7773019354082387 0.07741268299579673 0.9005219900885373 0.6839053899187207 0.663616760555737 2 6
0.633603431228908 0.48545432145092904 0.15774095436373847 0.4672084504939962 0.07615325077313584 2 3
0.018750345597933538 0.7654848618556758 0.5388078518243251 0.9061908619888777 0.45733599899980826 8 6
0.6941687130258613 0.3204494589421022 0.1777635190808171 0.3952339233605646 0.9411001947645701 3 6
0.6941687130258613 0.3204494589421022 0.1777635190808171 0.3952339233605646 0.9411001947645701 3 6
0.5964042830174863 0.2274064073623252 0.66815995914384 0.07420322296751491 0.0014902903029485604 4 5
0.5964042830174863 0.2274064073623252 0.66815995914384 0.07420322296751491 0.0014902903029485604 4 5
0.7532249715718051 0.46954141118602366 0.12376219711339509 0.6502954517301434 0.09413959799803451 3 6
0.7532249715718051 0.46954141118602366 0.12376219711339509 0.6502954517301434 0.09413959799803451 3 6
0.9249179425847901 0.5060957800096869 0.34611169252103957 0.3940539186158851 0.693469146108441 8 1
0.8184642017949613 0.7676373594733358 0.7676033927615727 0.19929239838629842 0.6625213671942756 6 6
0.8184642017949613 0.7676373594733358 0.7676033927615727 0.19929239838629842 0.6625213671942756 6 6
0.05926813913534601 0.39747908277044675 0.4421509836363735 0.13963737725872127 0.8547756542538244 6 5
0.8897637765505791 0.7104694756394458 0.19781044567217632 0.2603544620447322 0.642967229737828 7 7
0.4972466213702027 0.5551367888807082 0.7276804249088806 0.3908343893497539 0.6451158564530088 4 7
0.4972466213702027 0.5551367888807082 0.7276804249088806 0.3908343893497539 0.6451158564530088 4 7
0.7773019354082387 0.07741268299579673 0.9005219900885373 0.6839053899187207 0.663616760555737 2 6
0.7773019354082387 0.07741268299579673 0.9005219900885373 0.6839053899187207 0.663616760555737 2 6
0.633603431228908 0.48545432145092904 0.15774095436373847 0.4672084504939962 0.07615325077313584 2 3
0.018750345597933538 0.7654848618556758 0.5388078518243251 0.9061908619888777 0.45733599899980826 8 6
0.6941687130258613 0.3204494589421022 0.1777635190808171 0.3952339233605646 0.9411001947645701 3 6
0.6941687130258613 0.3204494589421022 0.1777635190808171 0.3952339233605646 0.9411001947645701 3 6
0.6941687130258613 0.3204494589421022 0.1777635190808171 0.3952339233605646 0.9411001947645701 3 6
0.5964042830174863 0.2274064073623252 0.66815995914384 0.07420322296751491 0.0014902903029485604 4 5
0.205306963436928 0.6498196669597047 0.7151740297810683 0.14825729139761057 0.6957121600589368 1 5
0.7532249715718051 0.46954141118602366 0.12376219711339509 0.6502954517301434 0.09413959799803451 3 6
0.41368378194956 0.19293160033082846 0.4600396950614979 0.05597365682399358 0.06718164151443384 6 5
0.8184642017949613 0.7676373594733358 0.7676033927615727 0.19929239838629842 0.6625213671942756 6 6
0.05926813913534601 0.39747908277044675 0.4421509836363735 0.13963737725872127 0.8547756542538244 6 5
0.05926813913534601 0.39747908277044675 0.4421509836363735 0.13963737725872127 0.8547756542538244 6 5
0.8897637765505791 0.7104694756394458 0.19781044567217632 0.2603544620447322 0.642967229737828 7 7
0.4972466213702027 0.5551367888807082 0.7276804249088806 0.3908343893497539 0.6451158564530088 4 7
0.6412880728916039 0.878462010446597 0.33044280184303354 0.0743680526211895 0.39829277042861455 1 2
0.6412880728916039 0.878462010446597 0.33044280184303354 0.0743680526211895 0.39829277042861455 1 2
0.7773019354082387 0.07741268299579673 0.9005219900885373 0.6839053899187207 0.663616760555737 2 6
0.7773019354082387 0.07741268299579673 0.9005219900885373 0.6839053899187207 0.663616760555737 2 6
0.6941687130258613 0.3204494589421022 0.1777635190808171 0.3952339233605646 0.9411001947645701 3 6
0.6941687130258613 0.3204494589421022 0.1777635190808171 0.3952339233605646 0.9411001947645701 3 6
0.205306963436928 0.6498196669597047 0.7151740297810683 0.14825729139761057 0.6957121600589368 1 5
0.205306963436928 0.6498196669597047 0.7151740297810683 0.14825729139761057 0.6957121600589368 1 5
0.7532249715718051 0.46954141118602366 0.12376219711339509 0.6502954517301434 0.09413959799803451 3 6
0.41368378194956 0.19293160033082846 0.4600396950614979 0.05597365682399358 0.06718164151443384 6 5
0.7532249715718051 0.46954141118602366 0.12376219711339509 0.6502954517301434 0.09413959799803451 3 6
0.8184642017949613 0.7676373594733358 0.7676033927615727 0.19929239838629842 0.6625213671942756 6 6
0.05926813913534601 0.39747908277044675 0.4421509836363735 0.13963737725872127 0.8547756542538244 6 5
0.8897637765505791 0.7104694756394458 0.19781044567217632 0.2603544620447322 0.642967229737828 7 7
0.8897637765505791 0.7104694756394458 0.19781044567217632 0.2603544620447322 0.642967229737828 7 7
0.4972466213702027 0.5551367888807082 0.7276804249088806 0.3908343893497539 0.6451158564530088 4 7
0.24405648561424675 0.9932171086154779 0.4323584941395343 0.32859371574847707 0.04582432532242375 1 7
0.7773019354082387 0.07741268299579673 0.9005219900885373 0.6839053899187207 0.663616760555737 2 6
0.633603431228908 0.48545432145092904 0.15774095436373847 0.4672084504939962 0.07615325077313584 2 3
0.018750345597933538 0.7654848618556758 0.5388078518243251 0.9061908619888777 0.45733599899980826 8 6
0.6941687130258613 0.3204494589421022 0.1777635190808171 0.3952339233605646 0.9411001947645701 3 6
0.6941687130258613 0.3204494589421022 0.1777635190808171 0.3952339233605646 0.9411001947645701 3 6
0.5964042830174863 0.2274064073623252 0.66815995914384 0.07420322296751491 0.0014902903029485604 4 5
0.205306963436928 0.6498196669597047 0.7151740297810683 0.14825729139761057 0.6957121600589368 1 5
0.7532249715718051 0.46954141118602366 0.12376219711339509 0.6502954517301434 0.09413959799803451 3 6
0.9249179425847901 0.5060957800096869 0.34611169252103957 0.3940539186158851 0.693469146108441 8 1
0.7532249715718051 0.46954141118602366 0.12376219711339509 0.6502954517301434 0.09413959799803451 3 6
0.8184642017949613 0.7676373594733358 0.7676033927615727 0.19929239838629842 0.6625213671942756 6 6
0.05926813913534601 0.39747908277044675 0.4421509836363735 0.13963737725872127 0.8547756542538244 6 5
0.8897637765505791 0.7104694756394458 0.19781044567217632 0.2603544620447322 0.642967229737828 7 7
0.8897637765505791 0.7104694756394458 0.19781044567217632 0.2603544620447322 0.642967229737828 7 7
0.3553602781408589 0.8018234489152908 0.591475552717624 0.8229805953819667 0.32024201337827984 4 5
0.24405648561424675 0.9932171086154779 0.4323584941395343 0.32859371574847707 0.04582432532242375 1 7
0.7773019354082387 0.07741268299579673 0.9005219900885373 0.6839053899187207 0.663616760555737 2 6
0.633603431228908 0.48545432145092904 0.15774095436373847 0.4672084504939962 0.07615325077313584 2 3
0.633603431228908 0.48545432145092904 0.15774095436373847 0.4672084504939962 0.07615325077313584 2 3
0.6941687130258613 0.3204494589421022 0.1777635190808171 0.3952339233605646 0.9411001947645701 3 6
0.6941687130258613 0.3204494589421022 0.1777635190808171 0.3952339233605646 0.9411001947645701 3 6
0.5964042830174863 0.2274064073623252 0.66815995914384 0.07420322296751491 0.0014902903029485604 4 5
0.205306963436928 0.6498196669597047 0.7151740297810683 0.14825729139761057 0.6957121600589368 1 5
0.7532249715718051 0.46954141118602366 0.12376219711339509 0.6502954517301434 0.09413959799803451 3 6
0.9249179425847901 0.5060957800096869 0.34611169252103957 0.3940539186158851 0.693469146108441 8 1
0.7532249715718051 0.46954141118602366 0.12376219711339509 0.6502954517301434 0.09413959799803451 3 6
0.8184642017949613 0.7676373594733358 0.7676033927615727 0.19929239838629842 0.6625213671942756 6 6
0.05926813913534601 0.39747908277044675 0.4421509836363735 0.13963737725872127 0.8547756542538244 6 5
0.8897637765505791 0.7104694756394458 0.19781044567217632 0.2603544620447322 0.642967229737828 7 7
0.8897637765505791 0.7104694756394458 0.19781044567217632 0.2603544620447322 0.642967229737828 7 7
0.3553602781408589 0.8018234489152908 0.591475552717624 0.8229805953819667 0.32024201337827984 4 5
0.24405648561424675 0.9932171086154779 0.4323584941395343 0.32859371574847707 0.04582432532242375 1 7
0.7773019354082387 0.07741268299579673 0.9005219900885373 0.6839053899187207 0.663616760555737 2 6
0.633603431228908 0.48545432145092904 0.15774095436373847 0.4672084504939962 0.07615325077313584 2 3
0.633603431228908 0.48545432145092904 0.15774095436373847 0.4672084504939962 0.07615325077313584 2 3
0.633603431228908 0.48545432145092904 0.15774095436373847 0.4672084504939962 0.07615325077313584 2 3
0.6941687130258613 0.3204494589421022 0.1777635190808171 0.3952339233605646 0.9411001947645701 3 6
0.5964042830174863 0.2274064073623252 0.66815995914384 0.07420322296751491 0.0014902903029485604 4 5
0.205306963436928 0.6498196669597047 0.7151740297810683 0.14825729139761057 0.6957121600589368 1 5
0.41368378194956 0.19293160033082846 0.4600396950614979 0.05597365682399358 0.06718164151443384 6 5
0.9249179425847901 0.5060957800096869 0.34611169252103957 0.3940539186158851 0.693469146108441 8 1
0.8184642017949613 0.7676373594733358 0.7676033927615727 0.19929239838629842 0.6625213671942756 6 6
0.05926813913534601 0.39747908277044675 0.4421509836363735 0.13963737725872127 0.8547756542538244 6 5
0.8897637765505791 0.7104694756394458 0.19781044567217632 0.2603544620447322 0.642967229737828 7 7
0.8897637765505791 0.7104694756394458 0.19781044567217632 0.2603544620447322 0.642967229737828 7 7
0.3553602781408589 0.8018234489152908 0.591475552717624 0.8229805953819667 0.32024201337827984 4 5
0.3553602781408589 0.8018234489152908 0.591475552717624 0.8229805953819667 0.32024201337827984 4 5
0.6412880728916039 0.878462010446597 0.33044280184303354 0.0743680526211895 0.39829277042861455 1 2
0.7773019354082387 0.07741268299579673 0.9005219900885373 0.6839053899187207 0.663616760555737 2 6
0.7773019354082387 0.07741268299579673 0.9005219900885373 0.6839053899187207 0.663616760555737 2 6
0.633603431228908 0.48545432145092904 0.15774095436373847 0.4672084504939962 0.07615325077313584 2 3
0.6941687130258613 0.3204494589421022 0.1777635190808171 0.3952339233605646 0.9411001947645701 3 6
0.6941687130258613 0.3204494589421022 0.1777635190808171 0.3952339233605646 0.9411001947645701 3 6
0.5964042830174863 0.2274064073623252 0.66815995914384 0.07420322296751491 0.0014902903029485604 4 5
0.205306963436928 0.6498196669597047 0.7151740297810683 0.14825729139761057 0.6957121600589368 1 5
0.7532249715718051 0.46954141118602366 0.12376219711339509 0.6502954517301434 0.09413959799803451 3 6
0.41368378194956 0.19293160033082846 0.4600396950614979 0.05597365682399358 0.06718164151443384 6 5
0.8184642017949613 0.7676373594733358 0.7676033927615727 0.19929239838629842 0.6625213671942756 6 6
0.05926813913534601 0.39747908277044675 0.4421509836363735 0.13963737725872127 0.8547756542538244 6 5
0.05926813913534601 0.39747908277044675 0.4421509836363735 0.13963737725872127 0.8547756542538244 6 5
0.8897637765505791 0.7104694756394458 0.19781044567217632 0.2603544620447322 0.642967229737828 7 7
0.4972466213702027 0.5551367888807082 0.7276804249088806 0.3908343893497539 0.6451158564530088 4 7
0.24405648561424675 0.9932171086154779 0.4323584941395343 0.32859371574847707 0.04582432532242375 1 7
0.7773019354082387 0.07741268299579673 0.9005219900885373 0.6839053899187207 0.663616760555737 2 6
0.7773019354082387 0.07741268299579673 0.9005219900885373 0.6839053899187207 0.663616760555737 2 6
0.7773019354082387 0.07741268299579673 0.9005219900885373 0.6839053899187207 0.663616760555737 2 6
0.6941687130258613 0.3204494589421022 0.1777635190808171 0.3952339233605646 0.9411001947645701 3 6
0.633603431228908 0.48545432145092904 0.15774095436373847 0.4672084504939962 0.07615325077313584 2 3
0.6941687130258613 0.3204494589421022 0.1777635190808171 0.3952339233605646 0.9411001947645701 3 6
0.205306963436928 0.6498196669597047 0.7151740297810683 0.14825729139761057 0.6957121600589368 1 5
0.7532249715718051 0.46954141118602366 0.12376219711339509 0.6502954517301434 0.09413959799803451 3 6
0.7532249715718051 0.46954141118602366 0.12376219711339509 0.6502954517301434 0.09413959799803451 3 6
0.41368378194956 0.19293160033082846 0.4600396950614979 0.05597365682399358 0.06718164151443384 6 5
0.8184642017949613 0.7676373594733358 0.7676033927615727 0.19929239838629842 0.6625213671942756 6 6
0.05926813913534601 0.39747908277044675 0.4421509836363735 0.13963737725872127 0.8547756542538244 6 5
0.05926813913534601 0.39747908277044675 0.4421509836363735 0.13963737725872127 0.8547756542538244 6 5
0.8897637765505791 0.7104694756394458 0.19781044567217632 0.2603544620447322 0.642967229737828 7 7
0.8897637765505791 0.7104694756394458 0.19781044567217632 0.2603544620447322 0.642967229737828 7 7
0.3553602781408589 0.8018234489152908 0.591475552717624 0.8229805953819667 0.32024201337827984 4 5
0.6412880728916039 0.878462010446597 0.33044280184303354 0.0743680526211895 0.39829277042861455 1 2
0.7773019354082387 0.07741268299579673 0.9005219900885373 0.6839053899187207 0.663616760555737 2 6
0.0971702350422341 0.17520708894108594 0.42413454496955894 0.5196528930900557 0.610126083542467 7 1
0.633603431228908 0.48545432145092904 0.15774095436373847 0.4672084504939962 0.07615325077313584 2 3
0.633603431228908 0.48545432145092904 0.15774095436373847 0.4672084504939962 0.07615325077313584 2 3
0.6941687130258613 0.3204494589421022 0.1777635190808171 0.3952339233605646 0.9411001947645701 3 6
0.205306963436928 0.6498196669597047 0.7151740297810683 0.14825729139761057 0.6957121600589368 1 5
0.7532249715718051 0.46954141118602366 0.12376219711339509 0.6502954517301434 0.09413959799803451 3 6
0.7532249715718051 0.46954141118602366 0.12376219711339509 0.6502954517301434 0.09413959799803451 3 6
0.41368378194956 0.19293160033082846 0.4600396950614979 0.05597365682399358 0.06718164151443384 6 5
0.8184642017949613 0.7676373594733358 0.7676033927615727 0.19929239838629842 0.6625213671942756 6 6
0.05926813913534601 0.39747908277044675 0.4421509836363735 0.13963737725872127 0.8547756542538244 6 5
0.05926813913534601 0.39747908277044675 0.4421509836363735 0.13963737725872127 0.8547756542538244 6 5
0.8897637765505791 0.7104694756394458 0.19781044567217632 0.2603544620447322 0.642967229737828 7 7
0.8897637765505791 0.7104694756394458 0.19781044567217632 0.2603544620447322 0.642967229737828 7 7
0.3553602781408589 0.8018234489152908 0.591475552717624 0.8229805953819667 0.32024201337827984 4 5
0.6412880728916039 0.878462010446597 0.33044280184303354 0.0743680526211895 0.39829277042861455 1 2
0.7773019354082387 0.07741268299579673 0.9005219900885373 0.6839053899187207 0.663616760555737 2 6
0.0971702350422341 0.17520708894108594 0.42413454496955894 0.5196528930900557 0.610126083542467 7 1
0.633603431228908 0.48545432145092904 0.15774095436373847 0.4672084504939962 0.07615325077313584 2 3
0.6941687130258613 0.3204494589421022 0.1777635190808171 0.3952339233605646 0.9411001947645701 3 6
0.5964042830174863 0.2274064073623252 0.66815995914384 0.07420322296751491 0.0014902903029485604 4 5
0.205306963436928 0.6498196669597047 0.7151740297810683 0.14825729139761057 0.6957121600589368 1 5
0.41368378194956 0.19293160033082846 0.4600396950614979 0.05597365682399358 0.06718164151443384 6 5
0.9249179425847901 0.5060957800096869 0.34611169252103957 0.3940539186158851 0.693469146108441 8 1
0.7532249715718051 0.46954141118602366 0.12376219711339509 0.6502954517301434 0.09413959799803451 3 6
0.8184642017949613 0.7676373594733358 0.7676033927615727 0.19929239838629842 0.6625213671942756 6 6
0.05926813913534601 0.39747908277044675 0.4421509836363735 0.13963737725872127 0.8547756542538244 6 5
0.8897637765505791 0.7104694756394458 0.19781044567217632 0.2603544620447322 0.642967229737828 7 7
0.8897637765505791 0.7104694756394458 0.19781044567217632 0.2603544620447322 0.642967229737828 7 7
0.3553602781408589 0.8018234489152908 0.591475552717624 0.8229805953819667 0.32024201337827984 4 5
0.24405648561424675 0.9932171086154779 0.4323584941395343 0.32859371574847707 0.04582432532242375 1 7
0.7773019354082387 0.07741268299579673 0.9005219900885373 0.6839053899187207 0.663616760555737 2 6
0.0971702350422341 0.17520708894108594 0.42413454496955894 0.5196528930900557 0.610126083542467 7 1
0.633603431228908 0.48545432145092904 0.15774095436373847 0.4672084504939962 0.07615325077313584 2 3
0.6941687130258613 0.3204494589421022 0.1777635190808171 0.3952339233605646 0.9411001947645701 3 6
0.5964042830174863 0.2274064073623252 0.66815995914384 0.07420322296751491 0.0014902903029485604 4 5
0.205306963436928 0.6498196669597047 0.7151740297810683 0.14825729139761057 0.6957121600589368 1 5
0.41368378194956 0.19293160033082846 0.4600396950614979 0.05597365682399358 0.06718164151443384 6 5
0.9249179425847901 0.5060957800096869 0.34611169252103957 0.3940539186158851 0.693469146108441 8 1
0.7532249715718051 0.46954141118602366 0.12376219711339509 0.6502954517301434 0.09413959799803451 3 6
0.8184642017949613 0.7676373594733358 0.7676033927615727 0.19929239838629842 0.6625213671942756 6 6
0.05926813913534601 0.39747908277044675 0.4421509836363735 0.13963737725872127 0.8547756542538244 6 5
0.8897637765505791 0.7104694756394458 0.19781044567217632 0.2603544620447322 0.642967229737828 7 7
0.8897637765505791 0.7104694756394458 0.19781044567217632 0.2603544620447322 0.642967229737828 7 7
0.3553602781408589 0.8018234489152908 0.591475552717624 0.8229805953819667 0.32024201337827984 4 5
0.24405648561424675 0.9932171086154779 0.4323584941395343 0.32859371574847707 0.04582432532242375 1 7
0.7773019354082387 0.07741268299579673 0.9005219900885373 0.6839053899187207 0.663616760555737 2 6
0.0971702350422341 0.17520708894108594 0.42413454496955894 0.5196528930900557 0.610126083542467 7 1
0.633603431228908 0.48545432145092904 0.15774095436373847 0.4672084504939962 0.07615325077313584 2 3
0.633603431228908 0.48545432145092904 0.15774095436373847 0.4672084504939962 0.07615325077313584 2 3
0.6941687130258613 0.3204494589421022 0.1777635190808171 0.3952339233605646 0.9411001947645701 3 6
0.205306963436928 0.6498196669597047 0.7151740297810683 0.14825729139761057 0.6957121600589368 1 5
0.41368378194956 0.19293160033082846 0.4600396950614979 0.05597365682399358 0.06718164151443384 6 5
0.9249179425847901 0.5060957800096869 0.34611169252103957 0.3940539186158851 0.693469146108441 8 1
0.9249179425847901 0.5060957800096869 0.34611169252103957 0.3940539186158851 0.693469146108441 8 1
0.8184642017949613 0.7676373594733358 0.7676033927615727 0.19929239838629842 0.6625213671942756 6 6
0.8184642017949613 0.7676373594733358 0.7676033927615727 0.19929239838629842 0.6625213671942756 6 6
0.05926813913534601 0.39747908277044675 0.4421509836363735 0.13963737725872127 0.8547756542538244 6 5
0.8897637765505791 0.7104694756394458 0.19781044567217632 0.2603544620447322 0.642967229737828 7 7
0.8897637765505791 0.7104694756394458 0.19781044567217632 0.2603544620447322 0.642967229737828 7 7
0.3553602781408589 0.8018234489152908 0.591475552717624 0.8229805953819667 0.32024201337827984 4 5
0.6412880728916039 0.878462010446597 0.33044280184303354 0.0743680526211895 0.39829277042861455 1 2
0.7773019354082387 0.07741268299579673 0.9005219900885373 0.6839053899187207 0.663616760555737 2 6
0.0971702350422341 0.17520708894108594 0.42413454496955894 0.5196528930900557 0.610126083542467 7 1
0.633603431228908 0.48545432145092904 0.15774095436373847 0.4672084504939962 0.07615325077313584 2 3
0.633603431228908 0.48545432145092904 0.15774095436373847 0.4672084504939962 0.07615325077313584 2 3
0.633603431228908 0.48545432145092904 0.15774095436373847 0.4672084504939962 0.07615325077313584 2 3
0.6941687130258613 0.3204494589421022 0.1777635190808171 0.3952339233605646 0.9411001947645701 3 6
0.205306963436928 0.6498196669597047 0.7151740297810683 0.14825729139761057 0.6957121600589368 1 5
0.41368378194956 0.19293160033082846 0.4600396950614979 0.05597365682399358 0.06718164151443384 6 5
0.9249179425847901 0.5060957800096869 0.34611169252103957 0.3940539186158851 0.693469146108441 8 1
0.9249179425847901 0.5060957800096869 0.34611169252103957 0.3940539186158851 0.693469146108441 8 1
0.8184642017949613 0.7676373594733358 0.7676033927615727 0.19929239838629842 0.6625213671942756 6 6
0.8184642017949613 0.7676373594733358 0.7676033927615727 0.19929239838629842 0.6625213671942756 6 6
0.05926813913534601 0.39747908277044675 0.4421509836363735 0.13963737725872127 0.8547756542538244 6 5
0.8897637765505791 0.7104694756394458 0.19781044567217632 0.2603544620447322 0.642967229737828 7 7
0.8897637765505791 0.7104694756394458 0.19781044567217632 0.2603544620447322 0.642967229737828 7 7
0.3553602781408589 0.8018234489152908 0.591475552717624 0.8229805953819667 0.32024201337827984 4 5
0.6412880728916039 0.878462010446597 0.33044280184303354 0.0743680526211895 0.39829277042861455 1 2
0.7773019354082387 0.07741268299579673 0.9005219900885373 0.6839053899187207 0.663616760555737 2 6
0.0971702350422341 0.17520708894108594 0.42413454496955894 0.5196528930900557 0.610126083542467 7 1
0.633603431228908 0.48545432145092904 0.15774095436373847 0.4672084504939962 0.07615325077313584 2 3
0.633603431228908 0.48545432145092904 0.15774095436373847 0.4672084504939962 0.07615325077313584 2 3
0.6941687130258613 0.3204494589421022 0.1777635190808171 0.3952339233605646 0.9411001947645701 3 6
0.6941687130258613 0.3204494589421022 0.1777635190808171 0.3952339233605646 0.9411001947645701 3 6
0.205306963436928 0.6498196669597047 0.7151740297810683 0.14825729139761057 0.6957121600589368 1 5
0.7532249715718051 0.46954141118602366 0.12376219711339509 0.6502954517301434 0.09413959799803451 3 6
0.7532249715718051 0.46954141118602366 0.12376219711339509 0.6502954517301434 0.09413959799803451 3 6
0.41368378194956 0.19293160033082846 0.4600396950614979 0.05597365682399358 0.06718164151443384 6 5
0.8184642017949613 0.7676373594733358 0.7676033927615727 0.19929239838629842 0.6625213671942756 6 6
0.05926813913534601 0.39747908277044675 0.4421509836363735 0.13963737725872127 0.8547756542538244 6 5
0.05926813913534601 0.39747908277044675 0.4421509836363735 0.13963737725872127 0.8547756542538244 6 5
0.8897637765505791 0.7104694756394458 0.19781044567217632 0.2603544620447322 0.642967229737828 7 7
0.4972466213702027 0.5551367888807082 0.7276804249088806 0.3908343893497539 0.6451158564530088 4 7
0.4972466213702027 0.5551367888807082 0.7276804249088806 0.3908343893497539 0.6451158564530088 4 7
0.6412880728916039 0.878462010446597 0.33044280184303354 0.0743680526211895 0.39829277042861455 1 2
0.7773019354082387 0.07741268299579673 0.9005219900885373 0.6839053899187207 0.663616760555737 2 6
0.0971702350422341 0.17520708894108594 0.42413454496955894 0.5196528930900557 0.610126083542467 7 1
0.633603431228908 0.48545432145092904 0.15774095436373847 0.4672084504939962 0.07615325077313584 2 3
0.633603431228908 0.48545432145092904 0.15774095436373847 0.4672084504939962 0.07615325077313584 2 3
0.6941687130258613 0.3204494589421022 0.1777635190808171 0.3952339233605646 0.9411001947645701 3 6
0.205306963436928 0.6498196669597047 0.7151740297810683 0.14825729139761057 0.6957121600589368 1 5
0.7532249715718051 0.46954141118602366 0.12376219711339509 0.6502954517301434 0.09413959799803451 3 6
0.7532249715718051 0.46954141118602366 0.12376219711339509 0.6502954517301434 0.09413959799803451 3 6
0.41368378194956 0.19293160033082846 0.4600396950614979 0.05597365682399358 0.06718164151443384 6 5
0.8184642017949613 0.7676373594733358 0.7676033927615727 0.19929239838629842 0.6625213671942756 6 6
0.05926813913534601 0.39747908277044675 0.4421509836363735 0.13963737725872127 0.8547756542538244 6 5
0.05926813913534601 0.39747908277044675 0.4421509836363735 0.13963737725872127 0.8547756542538244 6 5
0.8897637765505791 0.7104694756394458 0.19781044567217632 0.2603544620447322 0.642967229737828 7 7
0.8897637765505791 0.7104694756394458 0.19781044567217632 0.2603544620447322 0.642967229737828 7 7
0.3553602781408589 0.8018234489152908 0.591475552717624 0.8229805953819667 0.32024201337827984 4 5
0.6412880728916039 0.878462010446597 0.33044280184303354 0.0743680526211895 0.39829277042861455 1 2
0.7773019354082387 0.07741268299579673 0.9005219900885373 0.6839053899187207 0.663616760555737 2 6
0.0971702350422341 0.17520708894108594 0.42413454496955894 0.5196528930900557 0.610126083542467 7 1
0.633603431228908 0.48545432145092904 0.15774095436373847 0.4672084504939962 0.07615325077313584 2 3
0.6941687130258613 0.3204494589421022 0.1777635190808171 0.3952339233605646 0.9411001947645701 3 6
0.6941687130258613 0.3204494589421022 0.1777635190808171 0.3952339233605646 0.9411001947645701 3 6
0.5964042830174863 0.2274064073623252 0.66815995914384 0.07420322296751491 0.0014902903029485604 4 5
0.205306963436928 0.6498196669597047 0.7151740297810683 0.14825729139761057 0.6957121600589368 1 5
0.7532249715718051 0.46954141118602366 0.12376219711339509 0.6502954517301434 0.09413959799803451 3 6
0.41368378194956 0.19293160033082846 0.4600396950614979 0.05597365682399358 0.06718164151443384 6 5
0.8184642017949613 0.7676373594733358 0.7676033927615727 0.19929239838629842 0.6625213671942756 6 6
0.8184642017949613 0.7676373594733358 0.7676033927615727 0.19929239838629842 0.6625213671942756 6 6
0.05926813913534601 0.39747908277044675 0.4421509836363735 0.13963737725872127 0.8547756542538244 6 5
0.8897637765505791 0.7104694756394458 0.19781044567217632 0.2603544620447322 0.642967229737828 7 7
0.8897637765505791 0.7104694756394458 0.19781044567217632 0.2603544620447322 0.642967229737828 7 7
0.4972466213702027 0.5551367888807082 0.7276804249088806 0.3908343893497539 0.6451158564530088 4 7
0.24405648561424675 0.9932171086154779 0.4323584941395343 0.32859371574847707 0.04582432532242375 1 7
0.633603431228908 0.48545432145092904 0.15774095436373847 0.4672084504939962 0.07615325077313584 2 3
0.7773019354082387 0.07741268299579673 0.9005219900885373 0.6839053899187207 0.663616760555737 2 6
0.018750345597933538 0.7654848618556758 0.5388078518243251 0.9061908619888777 0.45733599899980826 8 6
0.6941687130258613 0.3204494589421022 0.1777635190808171 0.3952339233605646 0.9411001947645701 3 6
0.6941687130258613 0.3204494589421022 0.1777635190808171 0.3952339233605646 0.9411001947645701 3 6
0.5964042830174863 0.2274064073623252 0.66815995914384 0.07420322296751491 0.0014902903029485604 4 5
0.205306963436928 0.6498196669597047 0.7151740297810683 0.14825729139761057 0.6957121600589368 1 5
0.7532249715718051 0.46954141118602366 0.12376219711339509 0.6502954517301434 0.09413959799803451 3 6
0.41368378194956 0.19293160033082846 0.4600396950614979 0.05597365682399358 0.06718164151443384 6 5
0.8184642017949613 0.7676373594733358 0.7676033927615727 0.19929239838629842 0.6625213671942756 6 6
0.8184642017949613 0.7676373594733358 0.7676033927615727 0.19929239838629842 0.6625213671942756 6 6
0.05926813913534601 0.39747908277044675 0.4421509836363735 0.13963737725872127 0.8547756542538244 6 5
0.8897637765505791 0.7104694756394458 0.19781044567217632 0.2603544620447322 0.642967229737828 7 7
0.8897637765505791 0.7104694756394458 0.19781044567217632 0.2603544620447322 0.642967229737828 7 7
0.4972466213702027 0.5551367888807082 0.7276804249088806 0.3908343893497539 0.6451158564530088 4 7
0.24405648561424675 0.9932171086154779 0.4323584941395343 0.32859371574847707 0.04582432532242375 1 7
0.633603431228908 0.48545432145092904 0.15774095436373847 0.4672084504939962 0.07615325077313584 2 3
0.7773019354082387 0.07741268299579673 0.9005219900885373 0.6839053899187207 0.663616760555737 2 6
0.018750345597933538 0.7654848618556758 0.5388078518243251 0.9061908619888777 0.45733599899980826 8 6
0.633603431228908 0.48545432145092904 0.15774095436373847 0.4672084504939962 0.07615325077313584 2 3
0.6941687130258613 0.3204494589421022 0.1777635190808171 0.3952339233605646 0.9411001947645701 3 6
0.205306963436928 0.6498196669597047 0.7151740297810683 0.14825729139761057 0.6957121600589368 1 5
0.205306963436928 0.6498196669597047 0.7151740297810683 0.14825729139761057 0.6957121600589368 1 5
0.9249179425847901 0.5060957800096869 0.34611169252103957 0.3940539186158851 0.693469146108441 8 1
0.41368378194956 0.19293160033082846 0.4600396950614979 0.05597365682399358 0.06718164151443384 6 5
0.7532249715718051 0.46954141118602366 0.12376219711339509 0.6502954517301434 0.09413959799803451 3 6
0.8184642017949613 0.7676373594733358 0.7676033927615727 0.19929239838629842 0.6625213671942756 6 6
0.05926813913534601 0.39747908277044675 0.4421509836363735 0.13963737725872127 0.8547756542538244 6 5
0.8897637765505791 0.7104694756394458 0.19781044567217632 0.2603544620447322 0.642967229737828 7 7
0.8897637765505791 0.7104694756394458 0.19781044567217632 0.2603544620447322 0.642967229737828 7 7
0.3553602781408589 0.8018234489152908 0.591475552717624 0.8229805953819667 0.32024201337827984 4 5
0.6412880728916039 0.878462010446597 0.33044280184303354 0.0743680526211895 0.39829277042861455 1 2
0.7773019354082387 0.07741268299579673 0.9005219900885373 0.6839053899187207 0.663616760555737 2 6
0.7773019354082387 0.07741268299579673 0.9005219900885373 0.6839053899187207 0.663616760555737 2 6
0.633603431228908 0.48545432145092904 0.15774095436373847 0.4672084504939962 0.07615325077313584 2 3
0.633603431228908 0.48545432145092904 0.15774095436373847 0.4672084504939962 0.07615325077313584 2 3
0.6941687130258613 0.3204494589421022 0.1777635190808171 0.3952339233605646 0.9411001947645701 3 6
0.5964042830174863 0.2274064073623252 0.66815995914384 0.07420322296751491 0.0014902903029485604 4 5
0.7532249715718051 0.46954141118602366 0.12376219711339509 0.6502954517301434 0.09413959799803451 3 6
0.7532249715718051 0.46954141118602366 0.12376219711339509 0.6502954517301434 0.09413959799803451 3 6
0.9249179425847901 0.5060957800096869 0.34611169252103957 0.3940539186158851 0.693469146108441 8 1
0.8184642017949613 0.7676373594733358 0.7676033927615727 0.19929239838629842 0.6625213671942756 6 6
0.05926813913534601 0.39747908277044675 0.4421509836363735 0.13963737725872127 0.8547756542538244 6 5
0.05926813913534601 0.39747908277044675 0.4421509836363735 0.13963737725872127 0.8547756542538244 6 5
0.8897637765505791 0.7104694756394458 0.19781044567217632 0.2603544620447322 0.642967229737828 7 7
0.8897637765505791 0.7104694756394458 0.19781044567217632 0.2603544620447322 0.642967229737828 7 7
0.3553602781408589 0.8018234489152908 0.591475552717624 0.8229805953819667 0.32024201337827984 4 5
0.6412880728916039 0.878462010446597 0.33044280184303354 0.0743680526211895 0.39829277042861455 1 2
0.7773019354082387 0.07741268299579673 0.9005219900885373 0.6839053899187207 0.663616760555737 2 6
0.7773019354082387 0.07741268299579673 0.9005219900885373 0.6839053899187207 0.663616760555737 2 6
0.633603431228908 0.48545432145092904 0.15774095436373847 0.4672084504939962 0.07615325077313584 2 3
0.633603431228908 0.48545432145092904 0.15774095436373847 0.4672084504939962 0.07615325077313584 2 3
0.6941687130258613 0.3204494589421022 0.1777635190808171 0.3952339233605646 0.9411001947645701 3 6
0.205306963436928 0.6498196669597047 0.7151740297810683 0.14825729139761057 0.6957121600589368 1 5
0.41368378194956 0.19293160033082846 0.4600396950614979 0.05597365682399358 0.06718164151443384 6 5
0.9249179425847901 0.5060957800096869 0.34611169252103957 0.3940539186158851 0.693469146108441 8 1
0.9249179425847901 0.5060957800096869 0.34611169252103957 0.3940539186158851 0.693469146108441 8 1
0.8184642017949613 0.7676373594733358 0.7676033927615727 0.19929239838629842 0.6625213671942756 6 6
0.8184642017949613 0.7676373594733358 0.7676033927615727 0.19929239838629842 0.6625213671942756 6 6
0.05926813913534601 0.39747908277044675 0.4421509836363735 0.13963737725872127 0.8547756542538244 6 5
0.8897637765505791 0.7104694756394458 0.19781044567217632 0.2603544620447322 0.642967229737828 7 7
0.8897637765505791 0.7104694756394458 0.19781044567217632 0.2603544620447322 0.642967229737828 7 7
0.3553602781408589 0.8018234489152908 0.591475552717624 0.8229805953819667 0.32024201337827984 4 5
0.6412880728916039 0.878462010446597 0.33044280184303354 0.0743680526211895 0.39829277042861455 1 2
0.7773019354082387 0.07741268299579673 0.9005219900885373 0.6839053899187207 0.663616760555737 2 6
0.0971702350422341 0.17520708894108594 0.42413454496955894 0.5196528930900557 0.610126083542467 7 1
0.633603431228908 0.48545432145092904 0.15774095436373847 0.4672084504939962 0.07615325077313584 2 3
0.21306155914180314 0.1657065704367474 0.5734824929460753 0.13751935469652898 0.6511925996187132 4 5
0.633603431228908 0.48545432145092904 0.15774095436373847 0.4672084504939962 0.07615325077313584 2 3
0.6941687130258613 0.3204494589421022 0.1777635190808171 0.3952339233605646 0.9411001947645701 3 6
0.5964042830174863 0.2274064073623252 0.66815995914384 0.07420322296751491 0.0014902903029485604 4 5
0.205306963436928 0.6498196669597047 0.7151740297810683 0.14825729139761057 0.6957121600589368 1 5
0.7532249715718051 0.46954141118602366 0.12376219711339509 0.6502954517301434 0.09413959799803451 3 6
0.41368378194956 0.19293160033082846 0.4600396950614979 0.05597365682399358 0.06718164151443384 6 5
0.8184642017949613 0.7676373594733358 0.7676033927615727 0.19929239838629842 0.6625213671942756 6 6
0.05926813913534601 0.39747908277044675 0.4421509836363735 0.13963737725872127 0.8547756542538244 6 5
0.05926813913534601 0.39747908277044675 0.4421509836363735 0.13963737725872127 0.8547756542538244 6 5
0.8897637765505791 0.7104694756394458 0.19781044567217632 0.2603544620447322 0.642967229737828 7 7
0.4972466213702027 0.5551367888807082 0.7276804249088806 0.3908343893497539 0.6451158564530088 4 7
0.24405648561424675 0.9932171086154779 0.4323584941395343 0.32859371574847707 0.04582432532242375 1 7
0.7773019354082387 0.07741268299579673 0.9005219900885373 0.6839053899187207 0.663616760555737 2 6
0.7773019354082387 0.07741268299579673 0.9005219900885373 0.6839053899187207 0.663616760555737 2 6
0.7773019354082387 0.07741268299579673 0.9005219900885373 0.6839053899187207 0.663616760555737 2 6
0.6941687130258613 0.3204494589421022 0.1777635190808171 0.3952339233605646 0.9411001947645701 3 6
0.633603431228908 0.48545432145092904 0.15774095436373847 0.4672084504939962 0.07615325077313584 2 3
0.6941687130258613 0.3204494589421022 0.1777635190808171 0.3952339233605646 0.9411001947645701 3 6
0.5964042830174863 0.2274064073623252 0.66815995914384 0.07420322296751491 0.0014902903029485604 4 5
0.205306963436928 0.6498196669597047 0.7151740297810683 0.14825729139761057 0.6957121600589368 1 5
0.7532249715718051 0.46954141118602366 0.12376219711339509 0.6502954517301434 0.09413959799803451 3 6
0.41368378194956 0.19293160033082846 0.4600396950614979 0.05597365682399358 0.06718164151443384 6 5
0.8184642017949613 0.7676373594733358 0.7676033927615727 0.19929239838629842 0.6625213671942756 6 6
0.05926813913534601 0.39747908277044675 0.4421509836363735 0.13963737725872127 0.8547756542538244 6 5
0.05926813913534601 0.39747908277044675 0.4421509836363735 0.13963737725872127 0.8547756542538244 6 5
0.8897637765505791 0.7104694756394458 0.19781044567217632 0.2603544620447322 0.642967229737828 7 7
0.8897637765505791 0.7104694756394458 0.19781044567217632 0.2603544620447322 0.642967229737828 7 7
0.3553602781408589 0.8018234489152908 0.591475552717624 0.8229805953819667 0.32024201337827984 4 5
0.6412880728916039 0.878462010446597 0.33044280184303354 0.0743680526211895 0.39829277042861455 1 2
0.7773019354082387 0.07741268299579673 0.9005219900885373 0.6839053899187207 0.663616760555737 2 6
0.0971702350422341 0.17520708894108594 0.42413454496955894 0.5196528930900557 0.610126083542467 7 1
0.633603431228908 0.48545432145092904 0.15774095436373847 0.4672084504939962 0.07615325077313584 2 3
0.633603431228908 0.48545432145092904 0.15774095436373847 0.4672084504939962 0.07615325077313584 2 3
0.6941687130258613 0.3204494589421022 0.1777635190808171 0.3952339233605646 0.9411001947645701 3 6
0.5964042830174863 0.2274064073623252 0.66815995914384 0.07420322296751491 0.0014902903029485604 4 5
0.205306963436928 0.6498196669597047 0.7151740297810683 0.14825729139761057 0.6957121600589368 1 5
0.7532249715718051 0.46954141118602366 0.12376219711339509 0.6502954517301434 0.09413959799803451 3 6
0.41368378194956 0.19293160033082846 0.4600396950614979 0.05597365682399358 0.06718164151443384 6 5
0.8184642017949613 0.7676373594733358 0.7676033927615727 0.19929239838629842 0.6625213671942756 6 6
0.05926813913534601 0.39747908277044675 0.4421509836363735 0.13963737725872127 0.8547756542538244 6 5
0.05926813913534601 0.39747908277044675 0.4421509836363735 0.13963737725872127 0.8547756542538244 6 5
0.8897637765505791 0.7104694756394458 0.19781044567217632 0.2603544620447322 0.642967229737828 7 7
0.8897637765505791 0.7104694756394458 0.19781044567217632 0.2603544620447322 0.642967229737828 7 7
0.3553602781408589 0.8018234489152908 0.591475552717624 0.8229805953819667 0.32024201337827984 4 5
0.6412880728916039 0.878462010446597 0.33044280184303354 0.0743680526211895 0.39829277042861455 1 2
0.7773019354082387 0.07741268299579673 0.9005219900885373 0.6839053899187207 0.663616760555737 2 6
0.0971702350422341 0.17520708894108594 0.42413454496955894 0.5196528930900557 0.610126083542467 7 1
0.633603431228908 0.48545432145092904 0.15774095436373847 0.4672084504939962 0.07615325077313584 2 3
0.6941687130258613 0.3204494589421022 0.1777635190808171 0.3952339233605646 0.9411001947645701 3 6
0.6941687130258613 0.3204494589421022 0.1777635190808171 0.3952339233605646 0.9411001947645701 3 6
0.5964042830174863 0.2274064073623252 0.66815995914384 0.07420322296751491 0.0014902903029485604 4 5
0.7532249715718051 0.46954141118602366 0.12376219711339509 0.6502954517301434 0.09413959799803451 3 6
0.41368378194956 0.19293160033082846 0.4600396950614979 0.05597365682399358 0.06718164151443384 6 5
0.8184642017949613 0.7676373594733358 0.7676033927615727 0.19929239838629842 0.6625213671942756 6 6
0.05926813913534601 0.39747908277044675 0.4421509836363735 0.13963737725872127 0.8547756542538244 6 5
0.05926813913534601 0.39747908277044675 0.4421509836363735 0.13963737725872127 0.8547756542538244 6 5
0.8897637765505791 0.7104694756394458 0.19781044567217632 0.2603544620447322 0.642967229737828 7 7
0.8897637765505791 0.7104694756394458 0.19781044567217632 0.2603544620447322 0.642967229737828 7 7
0.4972466213702027 0.5551367888807082 0.7276804249088806 0.3908343893497539 0.6451158564530088 4 7
0.24405648561424675 0.9932171086154779 0.4323584941395343 0.32859371574847707 0.04582432532242375 1 7
0.633603431228908 0.48545432145092904 0.15774095436373847 0.4672084504939962 0.07615325077313584 2 3
0.7773019354082387 0.07741268299579673 0.9005219900885373 0.6839053899187207 0.663616760555737 2 6
0.018750345597933538 0.7654848618556758 0.5388078518243251 0.9061908619888777 0.45733599899980826 8 6
0.6941687130258613 0.3204494589421022 0.1777635190808171 0.3952339233605646 0.9411001947645701 3 6
0.6941687130258613 0.3204494589421022 0.1777635190808171 0.3952339233605646 0.9411001947645701 3 6
0.5964042830174863 0.2274064073623252 0.66815995914384 0.07420322296751491 0.0014902903029485604 4 5
0.205306963436928 0.6498196669597047 0.7151740297810683 0.14825729139761057 0.6957121600589368 1 5
0.7532249715718051 0.46954141118602366 0.12376219711339509 0.6502954517301434 0.09413959799803451 3 6
0.41368378194956 0.19293160033082846 0.4600396950614979 0.05597365682399358 0.06718164151443384 6 5
0.41368378194956 0.19293160033082846 0.4600396950614979 0.05597365682399358 0.06718164151443384 6 5
0.8184642017949613 0.7676373594733358 0.7676033927615727 0.19929239838629842 0.6625213671942756 6 6
0.05926813913534601 0.39747908277044675 0.4421509836363735 0.13963737725872127 0.8547756542538244 6 5
0.8897637765505791 0.7104694756394458 0.19781044567217632 0.2603544620447322 0.642967229737828 7 7
0.8897637765505791 0.7104694756394458 0.19781044567217632 0.2603544620447322 0.642967229737828 7 7
0.4972466213702027 0.5551367888807082 0.7276804249088806 0.3908343893497539 0.6451158564530088 4 7
0.24405648561424675 0.9932171086154779 0.4323584941395343 0.32859371574847707 0.04582432532242375 1 7
0.0827010944737484 0.16070761836358727 0.49631160580282085 0.7442678591298699 0.8236417005685596 7 5
0.633603431228908 0.48545432145092904 0.15774095436373847 0.4672084504939962 0.07615325077313584 2 3
0.018750345597933538 0.7654848618556758 0.5388078518243251 0.9061908619888777 0.45733599899980826 8 6
0.6941687130258613 0.3204494589421022 0.1777635190808171 0.3952339233605646 0.9411001947645701 3 6
0.5964042830174863 0.2274064073623252 0.66815995914384 0.07420322296751491 0.0014902903029485604 4 5
0.205306963436928 0.6498196669597047 0.7151740297810683 0.14825729139761057 0.6957121600589368 1 5
0.205306963436928 0.6498196669597047 0.7151740297810683 0.14825729139761057 0.6957121600589368 1 5
0.7532249715718051 0.46954141118602366 0.12376219711339509 0.6502954517301434 0.09413959799803451 3 6
0.41368378194956 0.19293160033082846 0.4600396950614979 0.05597365682399358 0.06718164151443384 6 5
0.7532249715718051 0.46954141118602366 0.12376219711339509 0.6502954517301434 0.09413959799803451 3 6
0.8184642017949613 0.7676373594733358 0.7676033927615727 0.19929239838629842 0.6625213671942756 6 6
0.3553602781408589 0.8018234489152908 0.591475552717624 0.8229805953819667 0.32024201337827984 4 5
0.8897637765505791 0.7104694756394458 0.19781044567217632 0.2603544620447322 0.642967229737828 7 7
0.8897637765505791 0.7104694756394458 0.19781044567217632 0.2603544620447322 0.642967229737828 7 7
0.4972466213702027 0.5551367888807082 0.7276804249088806 0.3908343893497539 0.6451158564530088 4 7
0.6412880728916039 0.878462010446597 0.33044280184303354 0.0743680526211895 0.39829277042861455 1 2
0.7773019354082387 0.07741268299579673 0.9005219900885373 0.6839053899187207 0.663616760555737 2 6
0.6322050070855167 0.1151128679575496 5.220852785228214E-4 0.9705410897746856 0.9090409404574652 2 4
0.018750345597933538 0.7654848618556758 0.5388078518243251 0.9061908619888777 0.45733599899980826 8 6
0.6941687130258613 0.3204494589421022 0.1777635190808171 0.3952339233605646 0.9411001947645701 3 6
0.5964042830174863 0.2274064073623252 0.66815995914384 0.07420322296751491 0.0014902903029485604 4 5
0.205306963436928 0.6498196669597047 0.7151740297810683 0.14825729139761057 0.6957121600589368 1 5
0.205306963436928 0.6498196669597047 0.7151740297810683 0.14825729139761057 0.6957121600589368 1 5
0.7532249715718051 0.46954141118602366 0.12376219711339509 0.6502954517301434 0.09413959799803451 3 6
0.41368378194956 0.19293160033082846 0.4600396950614979 0.05597365682399358 0.06718164151443384 6 5
0.7532249715718051 0.46954141118602366 0.12376219711339509 0.6502954517301434 0.09413959799803451 3 6
0.8184642017949613 0.7676373594733358 0.7676033927615727 0.19929239838629842 0.6625213671942756 6 6
0.3553602781408589 0.8018234489152908 0.591475552717624 0.8229805953819667 0.32024201337827984 4 5
0.8897637765505791 0.7104694756394458 0.19781044567217632 0.2603544620447322 0.642967229737828 7 7
0.8897637765505791 0.7104694756394458 0.19781044567217632 0.2603544620447322 0.642967229737828 7 7
0.4972466213702027 0.5551367888807082 0.7276804249088806 0.3908343893497539 0.6451158564530088 4 7
0.6412880728916039 0.878462010446597 0.33044280184303354 0.0743680526211895 0.39829277042861455 1 2
0.7773019354082387 0.07741268299579673 0.9005219900885373 0.6839053899187207 0.663616760555737 2 6
0.6322050070855167 0.1151128679575496 5.220852785228214E-4 0.9705410897746856 0.9090409404574652 2 4
0.018750345597933538 0.7654848618556758 0.5388078518243251 0.9061908619888777 0.45733599899980826 8 6
