population 0 fitness 1.003620138670121 years 41.0 length 16
population 1 fitness 1.003620138670121 years 41.0 length 17
population 2 fitness 1.0032519265405435 years 40.0 length 18
population 3 fitness 1.0033635336834008 years 40.0 length 17
population 4 fitness 1.0036132517117151 years 72.0 length 17
population 5 fitness 1.0036132517117151 years 72.0 length 17
population 6 fitness 1.003716487474907 years 70.0 length 17
population 7 fitness 1.003716487474907 years 70.0 length 17
population 8 fitness 1.003737259648223 years 36.0 length 17
population 9 fitness 1.003737259648223 years 36.0 length 16
population 10 fitness 1.0037900834145355 years 65.0 length 16
population 11 fitness 1.0035331415548685 years 34.0 length 16
population 12 fitness 1.0038896477937276 years 34.0 length 17
population 13 fitness 1.0040190676961231 years 62.0 length 18
population 14 fitness 1.0040190676961231 years 62.0 length 18
population 15 fitness 1.003893471830619 years 32.0 length 17
population 16 fitness 1.003893471830619 years 32.0 length 17
population 17 fitness 1.0042902433166259 years 28.0 length 18
population 18 fitness 1.0042642589406996 years 23.0 length 17
population 19 fitness 1.0042642589406996 years 23.0 length 16
population 20 fitness 1.0039299242424242 years 28.0 length 17
population 21 fitness 1.0039299242424242 years 28.0 length 17
population 22 fitness 1.0038167388167387 years 15.0 length 17
population 23 fitness 1.0038167388167387 years 15.0 length 16
population 24 fitness 1.0040893630179344 years 14.0 length 17
population 25 fitness 1.0040893630179344 years 14.0 length 17
population 26 fitness 1.0043262987012986 years 20.0 length 17
population 27 fitness 1.0043262987012986 years 20.0 length 17
population 28 fitness 1.0037337662337662 years 16.0 length 17
population 29 fitness 1.0037337662337662 years 16.0 length 17
population 30 fitness 1.0032467532467533 years 14.0 length 16
population 31 fitness 1.0032467532467533 years 14.0 length 16
population 32 fitness 1.0028409090909092 years 8.0 length 17
population 33 fitness 1.0028409090909092 years 8.0 length 17
population 34 fitness 1.0032467532467533 years 7.0 length 16
population 35 fitness 1.0032467532467533 years 7.0 length 18
population 36 fitness 1.0037878787878787 years 6.0 length 16
population 37 fitness 1.0037878787878787 years 6.0 length 17
population 38 fitness 1.0045454545454544 years 5.0 length 17
population 39 fitness 1.0045454545454544 years 5.0 length 16

0.8857143842160555 0.6760739209157192 0.6639447132763854 0.5523257025076808 0.045902607279589946 3 3
0.8948747746224968 0.32953844312564673 0.21105422158070652 0.04657192342801886 0.6928506726923143 3 7
0.26321849522955265 0.8690962462217127 0.9921288087800919 0.07037477321437846 0.6121493675838533 6 5
0.504113539850139 0.198055366628047 0.07477949297673692 0.4693748202873437 0.5401195288787476 4 7
0.550904912325656 0.8739594760423268 0.6874948010986632 0.9773249502200745 0.2834627382162832 4 7
0.7074999147806879 0.11727665149202326 0.6439378776557771 0.7408469769182416 0.43942815511346334 4 6
0.7074999147806879 0.11727665149202326 0.6439378776557771 0.7408469769182416 0.43942815511346334 4 6
0.9108440792244082 0.060501037171911465 0.6369448095769211 0.9902259543727435 0.09365305464565643 2 1
0.24494961096301082 0.3091908604113145 0.898744265232751 0.21349216976126173 0.915479344889806 8 4
0.7077194820813233 0.3712506544841895 0.9201276264997554 0.5715404879911824 0.9330522773737838 2 3
0.7077194820813233 0.3712506544841895 0.9201276264997554 0.5715404879911824 0.9330522773737838 2 3
0.8048918614064825 0.9405487624502782 0.5027284384647663 0.9249026570655721 0.4680186512928689 1 3
0.8048918614064825 0.9405487624502782 0.5027284384647663 0.9249026570655721 0.4680186512928689 1 3
0.7445016508543958 0.4405009713665169 0.7254244064302919 0.6558326043642634 0.6246324659569938 2 4
0.23280577513881962 0.17162222277728767 0.5914653720489507 0.058811265316397576 0.01182328669884014 4 5
0.8857143842160555 0.6760739209157192 0.6639447132763854 0.5523257025076808 0.045902607279589946 3 3
0.8857143842160555 0.6760739209157192 0.6639447132763854 0.5523257025076808 0.045902607279589946 3 3
0.8948747746224968 0.32953844312564673 0.21105422158070652 0.04657192342801886 0.6928506726923143 3 7
0.8948747746224968 0.32953844312564673 0.21105422158070652 0.04657192342801886 0.6928506726923143 3 7
0.26321849522955265 0.8690962462217127 0.9921288087800919 0.07037477321437846 0.6121493675838533 6 5
0.504113539850139 0.198055366628047 0.07477949297673692 0.4693748202873437 0.5401195288787476 4 7
0.550904912325656 0.8739594760423268 0.6874948010986632 0.9773249502200745 0.2834627382162832 4 7
0.29502336432383214 0.702761926670062 0.5729576601231365 0.98457223429974 0.5129618353429535 5 3
0.29502336432383214 0.702761926670062 0.5729576601231365 0.98457223429974 0.5129618353429535 5 3
0.24494961096301082 0.3091908604113145 0.898744265232751 0.21349216976126173 0.915479344889806 8 4
0.24494961096301082 0.3091908604113145 0.898744265232751 0.21349216976126173 0.915479344889806 8 4
0.7077194820813233 0.3712506544841895 0.9201276264997554 0.5715404879911824 0.9330522773737838 2 3
0.7077194820813233 0.3712506544841895 0.9201276264997554 0.5715404879911824 0.9330522773737838 2 3
0.8048918614064825 0.9405487624502782 0.5027284384647663 0.9249026570655721 0.4680186512928689 1 3
0.4310546759531605 0.2370857858840979 0.6411934584759342 0.8437781508430943 0.7540215112589315 7 3
0.7445016508543958 0.4405009713665169 0.7254244064302919 0.6558326043642634 0.6246324659569938 2 4
0.23280577513881962 0.17162222277728767 0.5914653720489507 0.058811265316397576 0.01182328669884014 4 5
0.8857143842160555 0.6760739209157192 0.6639447132763854 0.5523257025076808 0.045902607279589946 3 3
0.8857143842160555 0.6760739209157192 0.6639447132763854 0.5523257025076808 0.045902607279589946 3 3
0.8948747746224968 0.32953844312564673 0.21105422158070652 0.04657192342801886 0.6928506726923143 3 7
0.8948747746224968 0.32953844312564673 0.21105422158070652 0.04657192342801886 0.6928506726923143 3 7
0.26321849522955265 0.8690962462217127 0.9921288087800919 0.07037477321437846 0.6121493675838533 6 5
0.504113539850139 0.198055366628047 0.07477949297673692 0.4693748202873437 0.5401195288787476 4 7
0.550904912325656 0.8739594760423268 0.6874948010986632 0.9773249502200745 0.2834627382162832 4 7
0.7074999147806879 0.11727665149202326 0.6439378776557771 0.7408469769182416 0.43942815511346334 4 6
0.7970225472005241 0.4478598671968015 0.4379025424253612 0.13378366686456356 0.3126782736242131 4 7
0.9108440792244082 0.060501037171911465 0.6369448095769211 0.9902259543727435 0.09365305464565643 2 1
0.24494961096301082 0.3091908604113145 0.898744265232751 0.21349216976126173 0.915479344889806 8 4
0.6597664211844314 0.21580566449350058 0.6391162208065558 0.4376585127741788 0.3319618400951606 5 6
0.7077194820813233 0.3712506544841895 0.9201276264997554 0.5715404879911824 0.9330522773737838 2 3
0.8048918614064825 0.9405487624502782 0.5027284384647663 0.9249026570655721 0.4680186512928689 1 3
0.8048918614064825 0.9405487624502782 0.5027284384647663 0.9249026570655721 0.4680186512928689 1 3
0.7445016508543958 0.4405009713665169 0.7254244064302919 0.6558326043642634 0.6246324659569938 2 4
0.23280577513881962 0.17162222277728767 0.5914653720489507 0.058811265316397576 0.01182328669884014 4 5
0.8857143842160555 0.6760739209157192 0.6639447132763854 0.5523257025076808 0.045902607279589946 3 3
0.7729541101797278 0.9631998935646674 0.33768936424475005 0.3374551155083496 0.11591825835983038 3 7
0.4185635037834532 0.015345164299396474 0.43110724704587733 0.19432350719671687 0.7496909252443339 1 1
0.8857143842160555 0.6760739209157192 0.6639447132763854 0.5523257025076808 0.045902607279589946 3 3
0.8948747746224968 0.32953844312564673 0.21105422158070652 0.04657192342801886 0.6928506726923143 3 7
0.26321849522955265 0.8690962462217127 0.9921288087800919 0.07037477321437846 0.6121493675838533 6 5
0.504113539850139 0.198055366628047 0.07477949297673692 0.4693748202873437 0.5401195288787476 4 7
0.550904912325656 0.8739594760423268 0.6874948010986632 0.9773249502200745 0.2834627382162832 4 7
0.7074999147806879 0.11727665149202326 0.6439378776557771 0.7408469769182416 0.43942815511346334 4 6
0.7970225472005241 0.4478598671968015 0.4379025424253612 0.13378366686456356 0.3126782736242131 4 7
0.9108440792244082 0.060501037171911465 0.6369448095769211 0.9902259543727435 0.09365305464565643 2 1
0.24494961096301082 0.3091908604113145 0.898744265232751 0.21349216976126173 0.915479344889806 8 4
0.7077194820813233 0.3712506544841895 0.9201276264997554 0.5715404879911824 0.9330522773737838 2 3
0.7077194820813233 0.3712506544841895 0.9201276264997554 0.5715404879911824 0.9330522773737838 2 3
0.8048918614064825 0.9405487624502782 0.5027284384647663 0.9249026570655721 0.4680186512928689 1 3
0.4310546759531605 0.2370857858840979 0.6411934584759342 0.8437781508430943 0.7540215112589315 7 3
0.7445016508543958 0.4405009713665169 0.7254244064302919 0.6558326043642634 0.6246324659569938 2 4
0.23280577513881962 0.17162222277728767 0.5914653720489507 0.058811265316397576 0.01182328669884014 4 5
0.08083975920053743 0.4363949508245636 0.11253108431576042 0.03773467768024985 0.6417528626631958 7 5
0.8857143842160555 0.6760739209157192 0.6639447132763854 0.5523257025076808 0.045902607279589946 3 3
0.8948747746224968 0.32953844312564673 0.21105422158070652 0.04657192342801886 0.6928506726923143 3 7
0.8948747746224968 0.32953844312564673 0.21105422158070652 0.04657192342801886 0.6928506726923143 3 7
0.26321849522955265 0.8690962462217127 0.9921288087800919 0.07037477321437846 0.6121493675838533 6 5
0.504113539850139 0.198055366628047 0.07477949297673692 0.4693748202873437 0.5401195288787476 4 7
0.550904912325656 0.8739594760423268 0.6874948010986632 0.9773249502200745 0.2834627382162832 4 7
0.7074999147806879 0.11727665149202326 0.6439378776557771 0.7408469769182416 0.43942815511346334 4 6
0.7970225472005241 0.4478598671968015 0.4379025424253612 0.13378366686456356 0.3126782736242131 4 7
0.9108440792244082 0.060501037171911465 0.6369448095769211 0.9902259543727435 0.09365305464565643 2 1
0.24494961096301082 0.3091908604113145 0.898744265232751 0.21349216976126173 0.915479344889806 8 4
0.6597664211844314 0.21580566449350058 0.6391162208065558 0.4376585127741788 0.3319618400951606 5 6
0.7077194820813233 0.3712506544841895 0.9201276264997554 0.5715404879911824 0.9330522773737838 2 3
0.8048918614064825 0.9405487624502782 0.5027284384647663 0.9249026570655721 0.4680186512928689 1 3
0.8048918614064825 0.9405487624502782 0.5027284384647663 0.9249026570655721 0.4680186512928689 1 3
0.7445016508543958 0.4405009713665169 0.7254244064302919 0.6558326043642634 0.6246324659569938 2 4
0.23280577513881962 0.17162222277728767 0.5914653720489507 0.058811265316397576 0.01182328669884014 4 5
0.8857143842160555 0.6760739209157192 0.6639447132763854 0.5523257025076808 0.045902607279589946 3 3
0.8857143842160555 0.6760739209157192 0.6639447132763854 0.5523257025076808 0.045902607279589946 3 3
0.8948747746224968 0.32953844312564673 0.21105422158070652 0.04657192342801886 0.6928506726923143 3 7
0.8948747746224968 0.32953844312564673 0.21105422158070652 0.04657192342801886 0.6928506726923143 3 7
0.26321849522955265 0.8690962462217127 0.9921288087800919 0.07037477321437846 0.6121493675838533 6 5
0.504113539850139 0.198055366628047 0.07477949297673692 0.4693748202873437 0.5401195288787476 4 7
0.550904912325656 0.8739594760423268 0.6874948010986632 0.9773249502200745 0.2834627382162832 4 7
0.7074999147806879 0.11727665149202326 0.6439378776557771 0.7408469769182416 0.43942815511346334 4 6
0.7970225472005241 0.4478598671968015 0.4379025424253612 0.13378366686456356 0.3126782736242131 4 7
0.9108440792244082 0.060501037171911465 0.6369448095769211 0.9902259543727435 0.09365305464565643 2 1
0.24494961096301082 0.3091908604113145 0.898744265232751 0.21349216976126173 0.915479344889806 8 4
0.6597664211844314 0.21580566449350058 0.6391162208065558 0.4376585127741788 0.3319618400951606 5 6
0.7077194820813233 0.3712506544841895 0.9201276264997554 0.5715404879911824 0.9330522773737838 2 3
0.8048918614064825 0.9405487624502782 0.5027284384647663 0.9249026570655721 0.4680186512928689 1 3
0.8048918614064825 0.9405487624502782 0.5027284384647663 0.9249026570655721 0.4680186512928689 1 3
0.7445016508543958 0.4405009713665169 0.7254244064302919 0.6558326043642634 0.6246324659569938 2 4
0.23280577513881962 0.17162222277728767 0.5914653720489507 0.058811265316397576 0.01182328669884014 4 5
0.8857143842160555 0.6760739209157192 0.6639447132763854 0.5523257025076808 0.045902607279589946 3 3
0.8857143842160555 0.6760739209157192 0.6639447132763854 0.5523257025076808 0.045902607279589946 3 3
0.8948747746224968 0.32953844312564673 0.21105422158070652 0.04657192342801886 0.6928506726923143 3 7
0.8948747746224968 0.32953844312564673 0.21105422158070652 0.04657192342801886 0.6928506726923143 3 7
0.26321849522955265 0.8690962462217127 0.9921288087800919 0.07037477321437846 0.6121493675838533 6 5
0.504113539850139 0.198055366628047 0.07477949297673692 0.4693748202873437 0.5401195288787476 4 7
0.550904912325656 0.8739594760423268 0.6874948010986632 0.9773249502200745 0.2834627382162832 4 7
0.7074999147806879 0.11727665149202326 0.6439378776557771 0.7408469769182416 0.43942815511346334 4 6
0.29502336432383214 0.702761926670062 0.5729576601231365 0.98457223429974 0.5129618353429535 5 3
0.24494961096301082 0.3091908604113145 0.898744265232751 0.21349216976126173 0.915479344889806 8 4
0.24494961096301082 0.3091908604113145 0.898744265232751 0.21349216976126173 0.915479344889806 8 4
0.7077194820813233 0.3712506544841895 0.9201276264997554 0.5715404879911824 0.9330522773737838 2 3
0.7077194820813233 0.3712506544841895 0.9201276264997554 0.5715404879911824 0.9330522773737838 2 3
0.8048918614064825 0.9405487624502782 0.5027284384647663 0.9249026570655721 0.4680186512928689 1 3
0.8048918614064825 0.9405487624502782 0.5027284384647663 0.9249026570655721 0.4680186512928689 1 3
0.7445016508543958 0.4405009713665169 0.7254244064302919 0.6558326043642634 0.6246324659569938 2 4
0.23280577513881962 0.17162222277728767 0.5914653720489507 0.058811265316397576 0.01182328669884014 4 5
0.8857143842160555 0.6760739209157192 0.6639447132763854 0.5523257025076808 0.045902607279589946 3 3
0.8857143842160555 0.6760739209157192 0.6639447132763854 0.5523257025076808 0.045902607279589946 3 3
0.8948747746224968 0.32953844312564673 0.21105422158070652 0.04657192342801886 0.6928506726923143 3 7
0.8948747746224968 0.32953844312564673 0.21105422158070652 0.04657192342801886 0.6928506726923143 3 7
0.26321849522955265 0.8690962462217127 0.9921288087800919 0.07037477321437846 0.6121493675838533 6 5
0.504113539850139 0.198055366628047 0.07477949297673692 0.4693748202873437 0.5401195288787476 4 7
0.550904912325656 0.8739594760423268 0.6874948010986632 0.9773249502200745 0.2834627382162832 4 7
0.7074999147806879 0.11727665149202326 0.6439378776557771 0.7408469769182416 0.43942815511346334 4 6
0.29502336432383214 0.702761926670062 0.5729576601231365 0.98457223429974 0.5129618353429535 5 3
0.24494961096301082 0.3091908604113145 0.898744265232751 0.21349216976126173 0.915479344889806 8 4
0.24494961096301082 0.3091908604113145 0.898744265232751 0.21349216976126173 0.915479344889806 8 4
0.7077194820813233 0.3712506544841895 0.9201276264997554 0.5715404879911824 0.9330522773737838 2 3
0.7077194820813233 0.3712506544841895 0.9201276264997554 0.5715404879911824 0.9330522773737838 2 3
0.8048918614064825 0.9405487624502782 0.5027284384647663 0.9249026570655721 0.4680186512928689 1 3
0.8048918614064825 0.9405487624502782 0.5027284384647663 0.9249026570655721 0.4680186512928689 1 3
0.7445016508543958 0.4405009713665169 0.7254244064302919 0.6558326043642634 0.6246324659569938 2 4
0.23280577513881962 0.17162222277728767 0.5914653720489507 0.058811265316397576 0.01182328669884014 4 5
0.8857143842160555 0.6760739209157192 0.6639447132763854 0.5523257025076808 0.045902607279589946 3 3
0.8857143842160555 0.6760739209157192 0.6639447132763854 0.5523257025076808 0.045902607279589946 3 3
0.8948747746224968 0.32953844312564673 0.21105422158070652 0.04657192342801886 0.6928506726923143 3 7
0.8948747746224968 0.32953844312564673 0.21105422158070652 0.04657192342801886 0.6928506726923143 3 7
0.26321849522955265 0.8690962462217127 0.9921288087800919 0.07037477321437846 0.6121493675838533 6 5
0.504113539850139 0.198055366628047 0.07477949297673692 0.4693748202873437 0.5401195288787476 4 7
0.504113539850139 0.198055366628047 0.07477949297673692 0.4693748202873437 0.5401195288787476 4 7
0.7074999147806879 0.11727665149202326 0.6439378776557771 0.7408469769182416 0.43942815511346334 4 6
0.7970225472005241 0.4478598671968015 0.4379025424253612 0.13378366686456356 0.3126782736242131 4 7
0.9108440792244082 0.060501037171911465 0.6369448095769211 0.9902259543727435 0.09365305464565643 2 1
0.9108440792244082 0.060501037171911465 0.6369448095769211 0.9902259543727435 0.09365305464565643 2 1
0.6597664211844314 0.21580566449350058 0.6391162208065558 0.4376585127741788 0.3319618400951606 5 6
0.7077194820813233 0.3712506544841895 0.9201276264997554 0.5715404879911824 0.9330522773737838 2 3
0.8048918614064825 0.9405487624502782 0.5027284384647663 0.9249026570655721 0.4680186512928689 1 3
0.8048918614064825 0.9405487624502782 0.5027284384647663 0.9249026570655721 0.4680186512928689 1 3
0.7445016508543958 0.4405009713665169 0.7254244064302919 0.6558326043642634 0.6246324659569938 2 4
0.23280577513881962 0.17162222277728767 0.5914653720489507 0.058811265316397576 0.01182328669884014 4 5
0.5094454933412575 0.33392181537395316 0.8210346866727413 0.888234632691556 0.09482158165635546 4 5
0.8857143842160555 0.6760739209157192 0.6639447132763854 0.5523257025076808 0.045902607279589946 3 3
0.8948747746224968 0.32953844312564673 0.21105422158070652 0.04657192342801886 0.6928506726923143 3 7
0.8948747746224968 0.32953844312564673 0.21105422158070652 0.04657192342801886 0.6928506726923143 3 7
0.26321849522955265 0.8690962462217127 0.9921288087800919 0.07037477321437846 0.6121493675838533 6 5
0.550904912325656 0.8739594760423268 0.6874948010986632 0.9773249502200745 0.2834627382162832 4 7
0.7074999147806879 0.11727665149202326 0.6439378776557771 0.7408469769182416 0.43942815511346334 4 6
0.7970225472005241 0.4478598671968015 0.4379025424253612 0.13378366686456356 0.3126782736242131 4 7
0.9108440792244082 0.060501037171911465 0.6369448095769211 0.9902259543727435 0.09365305464565643 2 1
0.9108440792244082 0.060501037171911465 0.6369448095769211 0.9902259543727435 0.09365305464565643 2 1
0.6597664211844314 0.21580566449350058 0.6391162208065558 0.4376585127741788 0.3319618400951606 5 6
0.7077194820813233 0.3712506544841895 0.9201276264997554 0.5715404879911824 0.9330522773737838 2 3
0.8048918614064825 0.9405487624502782 0.5027284384647663 0.9249026570655721 0.4680186512928689 1 3
0.8048918614064825 0.9405487624502782 0.5027284384647663 0.9249026570655721 0.4680186512928689 1 3
0.7445016508543958 0.4405009713665169 0.7254244064302919 0.6558326043642634 0.6246324659569938 2 4
0.23280577513881962 0.17162222277728767 0.5914653720489507 0.058811265316397576 0.01182328669884014 4 5
0.8857143842160555 0.6760739209157192 0.6639447132763854 0.5523257025076808 0.045902607279589946 3 3
0.8857143842160555 0.6760739209157192 0.6639447132763854 0.5523257025076808 0.045902607279589946 3 3
0.8948747746224968 0.32953844312564673 0.21105422158070652 0.04657192342801886 0.6928506726923143 3 7
0.8948747746224968 0.32953844312564673 0.21105422158070652 0.04657192342801886 0.6928506726923143 3 7
0.26321849522955265 0.8690962462217127 0.9921288087800919 0.07037477321437846 0.6121493675838533 6 5
0.550904912325656 0.8739594760423268 0.6874948010986632 0.9773249502200745 0.2834627382162832 4 7
0.550904912325656 0.8739594760423268 0.6874948010986632 0.9773249502200745 0.2834627382162832 4 7
0.7970225472005241 0.4478598671968015 0.4379025424253612 0.13378366686456356 0.3126782736242131 4 7
0.9108440792244082 0.060501037171911465 0.6369448095769211 0.9902259543727435 0.09365305464565643 2 1
0.9108440792244082 0.060501037171911465 0.6369448095769211 0.9902259543727435 0.09365305464565643 2 1
0.24494961096301082 0.3091908604113145 0.898744265232751 0.21349216976126173 0.915479344889806 8 4
0.6597664211844314 0.21580566449350058 0.6391162208065558 0.4376585127741788 0.3319618400951606 5 6
0.8048918614064825 0.9405487624502782 0.5027284384647663 0.9249026570655721 0.4680186512928689 1 3
0.8048918614064825 0.9405487624502782 0.5027284384647663 0.9249026570655721 0.4680186512928689 1 3
0.8048918614064825 0.9405487624502782 0.5027284384647663 0.9249026570655721 0.4680186512928689 1 3
0.23280577513881962 0.17162222277728767 0.5914653720489507 0.058811265316397576 0.01182328669884014 4 5
0.8857143842160555 0.6760739209157192 0.6639447132763854 0.5523257025076808 0.045902607279589946 3 3
0.8857143842160555 0.6760739209157192 0.6639447132763854 0.5523257025076808 0.045902607279589946 3 3
0.8948747746224968 0.32953844312564673 0.21105422158070652 0.04657192342801886 0.6928506726923143 3 7
0.8948747746224968 0.32953844312564673 0.21105422158070652 0.04657192342801886 0.6928506726923143 3 7
0.26321849522955265 0.8690962462217127 0.9921288087800919 0.07037477321437846 0.6121493675838533 6 5
0.504113539850139 0.198055366628047 0.07477949297673692 0.4693748202873437 0.5401195288787476 4 7
0.550904912325656 0.8739594760423268 0.6874948010986632 0.9773249502200745 0.2834627382162832 4 7
0.7970225472005241 0.4478598671968015 0.4379025424253612 0.13378366686456356 0.3126782736242131 4 7
0.7970225472005241 0.4478598671968015 0.4379025424253612 0.13378366686456356 0.3126782736242131 4 7
0.9108440792244082 0.060501037171911465 0.6369448095769211 0.9902259543727435 0.09365305464565643 2 1
0.24494961096301082 0.3091908604113145 0.898744265232751 0.21349216976126173 0.915479344889806 8 4
0.7077194820813233 0.3712506544841895 0.9201276264997554 0.5715404879911824 0.9330522773737838 2 3
0.8048918614064825 0.9405487624502782 0.5027284384647663 0.9249026570655721 0.4680186512928689 1 3
0.8048918614064825 0.9405487624502782 0.5027284384647663 0.9249026570655721 0.4680186512928689 1 3
0.7445016508543958 0.4405009713665169 0.7254244064302919 0.6558326043642634 0.6246324659569938 2 4
0.23280577513881962 0.17162222277728767 0.5914653720489507 0.058811265316397576 0.01182328669884014 4 5
0.23280577513881962 0.17162222277728767 0.5914653720489507 0.058811265316397576 0.01182328669884014 4 5
0.8857143842160555 0.6760739209157192 0.6639447132763854 0.5523257025076808 0.045902607279589946 3 3
0.8948747746224968 0.32953844312564673 0.21105422158070652 0.04657192342801886 0.6928506726923143 3 7
0.8948747746224968 0.32953844312564673 0.21105422158070652 0.04657192342801886 0.6928506726923143 3 7
0.26321849522955265 0.8690962462217127 0.9921288087800919 0.07037477321437846 0.6121493675838533 6 5
0.504113539850139 0.198055366628047 0.07477949297673692 0.4693748202873437 0.5401195288787476 4 7
0.550904912325656 0.8739594760423268 0.6874948010986632 0.9773249502200745 0.2834627382162832 4 7
0.7074999147806879 0.11727665149202326 0.6439378776557771 0.7408469769182416 0.43942815511346334 4 6
0.29502336432383214 0.702761926670062 0.5729576601231365 0.98457223429974 0.5129618353429535 5 3
0.24494961096301082 0.3091908604113145 0.898744265232751 0.21349216976126173 0.915479344889806 8 4
0.24494961096301082 0.3091908604113145 0.898744265232751 0.21349216976126173 0.915479344889806 8 4
0.7077194820813233 0.3712506544841895 0.9201276264997554 0.5715404879911824 0.9330522773737838 2 3
0.7077194820813233 0.3712506544841895 0.9201276264997554 0.5715404879911824 0.9330522773737838 2 3
0.8048918614064825 0.9405487624502782 0.5027284384647663 0.9249026570655721 0.4680186512928689 1 3
0.4310546759531605 0.2370857858840979 0.6411934584759342 0.8437781508430943 0.7540215112589315 7 3
0.7445016508543958 0.4405009713665169 0.7254244064302919 0.6558326043642634 0.6246324659569938 2 4
0.23280577513881962 0.17162222277728767 0.5914653720489507 0.058811265316397576 0.01182328669884014 4 5
0.8857143842160555 0.6760739209157192 0.6639447132763854 0.5523257025076808 0.045902607279589946 3 3
0.8857143842160555 0.6760739209157192 0.6639447132763854 0.5523257025076808 0.045902607279589946 3 3
0.8948747746224968 0.32953844312564673 0.21105422158070652 0.04657192342801886 0.6928506726923143 3 7
0.8948747746224968 0.32953844312564673 0.21105422158070652 0.04657192342801886 0.6928506726923143 3 7
0.26321849522955265 0.8690962462217127 0.9921288087800919 0.07037477321437846 0.6121493675838533 6 5
0.504113539850139 0.198055366628047 0.07477949297673692 0.4693748202873437 0.5401195288787476 4 7
0.550904912325656 0.8739594760423268 0.6874948010986632 0.9773249502200745 0.2834627382162832 4 7
0.7074999147806879 0.11727665149202326 0.6439378776557771 0.7408469769182416 0.43942815511346334 4 6
0.7970225472005241 0.4478598671968015 0.4379025424253612 0.13378366686456356 0.3126782736242131 4 7
0.9108440792244082 0.060501037171911465 0.6369448095769211 0.9902259543727435 0.09365305464565643 2 1
0.24494961096301082 0.3091908604113145 0.898744265232751 0.21349216976126173 0.915479344889806 8 4
0.7077194820813233 0.3712506544841895 0.9201276264997554 0.5715404879911824 0.9330522773737838 2 3
0.7077194820813233 0.3712506544841895 0.9201276264997554 0.5715404879911824 0.9330522773737838 2 3
0.7445016508543958 0.4405009713665169 0.7254244064302919 0.6558326043642634 0.6246324659569938 2 4
0.4310546759531605 0.2370857858840979 0.6411934584759342 0.8437781508430943 0.7540215112589315 7 3
0.7445016508543958 0.4405009713665169 0.7254244064302919 0.6558326043642634 0.6246324659569938 2 4
0.23280577513881962 0.17162222277728767 0.5914653720489507 0.058811265316397576 0.01182328669884014 4 5
0.08083975920053743 0.4363949508245636 0.11253108431576042 0.03773467768024985 0.6417528626631958 7 5
0.4185635037834532 0.015345164299396474 0.43110724704587733 0.19432350719671687 0.7496909252443339 1 1
0.8857143842160555 0.6760739209157192 0.6639447132763854 0.5523257025076808 0.045902607279589946 3 3
0.8948747746224968 0.32953844312564673 0.21105422158070652 0.04657192342801886 0.6928506726923143 3 7
0.8948747746224968 0.32953844312564673 0.21105422158070652 0.04657192342801886 0.6928506726923143 3 7
0.26321849522955265 0.8690962462217127 0.9921288087800919 0.07037477321437846 0.6121493675838533 6 5
0.504113539850139 0.198055366628047 0.07477949297673692 0.4693748202873437 0.5401195288787476 4 7
0.550904912325656 0.8739594760423268 0.6874948010986632 0.9773249502200745 0.2834627382162832 4 7
0.7074999147806879 0.11727665149202326 0.6439378776557771 0.7408469769182416 0.43942815511346334 4 6
0.7970225472005241 0.4478598671968015 0.4379025424253612 0.13378366686456356 0.3126782736242131 4 7
0.9108440792244082 0.060501037171911465 0.6369448095769211 0.9902259543727435 0.09365305464565643 2 1
0.24494961096301082 0.3091908604113145 0.898744265232751 0.21349216976126173 0.915479344889806 8 4
0.7077194820813233 0.3712506544841895 0.9201276264997554 0.5715404879911824 0.9330522773737838 2 3
0.7077194820813233 0.3712506544841895 0.9201276264997554 0.5715404879911824 0.9330522773737838 2 3
0.7445016508543958 0.4405009713665169 0.7254244064302919 0.6558326043642634 0.6246324659569938 2 4
0.4310546759531605 0.2370857858840979 0.6411934584759342 0.8437781508430943 0.7540215112589315 7 3
0.7445016508543958 0.4405009713665169 0.7254244064302919 0.6558326043642634 0.6246324659569938 2 4
0.23280577513881962 0.17162222277728767 0.5914653720489507 0.058811265316397576 0.01182328669884014 4 5
0.08083975920053743 0.4363949508245636 0.11253108431576042 0.03773467768024985 0.6417528626631958 7 5
0.4185635037834532 0.015345164299396474 0.43110724704587733 0.19432350719671687 0.7496909252443339 1 1
0.8948747746224968 0.32953844312564673 0.21105422158070652 0.04657192342801886 0.6928506726923143 3 7
0.8948747746224968 0.32953844312564673 0.21105422158070652 0.04657192342801886 0.6928506726923143 3 7
0.8948747746224968 0.32953844312564673 0.21105422158070652 0.04657192342801886 0.6928506726923143 3 7
0.504113539850139 0.198055366628047 0.07477949297673692 0.4693748202873437 0.5401195288787476 4 7
0.504113539850139 0.198055366628047 0.07477949297673692 0.4693748202873437 0.5401195288787476 4 7
0.550904912325656 0.8739594760423268 0.6874948010986632 0.9773249502200745 0.2834627382162832 4 7
0.7074999147806879 0.11727665149202326 0.6439378776557771 0.7408469769182416 0.43942815511346334 4 6
0.7970225472005241 0.4478598671968015 0.4379025424253612 0.13378366686456356 0.3126782736242131 4 7
0.9108440792244082 0.060501037171911465 0.6369448095769211 0.9902259543727435 0.09365305464565643 2 1
0.6597664211844314 0.21580566449350058 0.6391162208065558 0.4376585127741788 0.3319618400951606 5 6
0.7077194820813233 0.3712506544841895 0.9201276264997554 0.5715404879911824 0.9330522773737838 2 3
0.8048918614064825 0.9405487624502782 0.5027284384647663 0.9249026570655721 0.4680186512928689 1 3
0.8048918614064825 0.9405487624502782 0.5027284384647663 0.9249026570655721 0.4680186512928689 1 3
0.7445016508543958 0.4405009713665169 0.7254244064302919 0.6558326043642634 0.6246324659569938 2 4
0.23280577513881962 0.17162222277728767 0.5914653720489507 0.058811265316397576 0.01182328669884014 4 5
0.8857143842160555 0.6760739209157192 0.6639447132763854 0.5523257025076808 0.045902607279589946 3 3
0.8857143842160555 0.6760739209157192 0.6639447132763854 0.5523257025076808 0.045902607279589946 3 3
0.8857143842160555 0.6760739209157192 0.6639447132763854 0.5523257025076808 0.045902607279589946 3 3
0.8948747746224968 0.32953844312564673 0.21105422158070652 0.04657192342801886 0.6928506726923143 3 7
0.8948747746224968 0.32953844312564673 0.21105422158070652 0.04657192342801886 0.6928506726923143 3 7
0.26321849522955265 0.8690962462217127 0.9921288087800919 0.07037477321437846 0.6121493675838533 6 5
0.550904912325656 0.8739594760423268 0.6874948010986632 0.9773249502200745 0.2834627382162832 4 7
0.550904912325656 0.8739594760423268 0.6874948010986632 0.9773249502200745 0.2834627382162832 4 7
0.7970225472005241 0.4478598671968015 0.4379025424253612 0.13378366686456356 0.3126782736242131 4 7
0.9108440792244082 0.060501037171911465 0.6369448095769211 0.9902259543727435 0.09365305464565643 2 1
0.9108440792244082 0.060501037171911465 0.6369448095769211 0.9902259543727435 0.09365305464565643 2 1
0.24494961096301082 0.3091908604113145 0.898744265232751 0.21349216976126173 0.915479344889806 8 4
0.6597664211844314 0.21580566449350058 0.6391162208065558 0.4376585127741788 0.3319618400951606 5 6
0.8048918614064825 0.9405487624502782 0.5027284384647663 0.9249026570655721 0.4680186512928689 1 3
0.8048918614064825 0.9405487624502782 0.5027284384647663 0.9249026570655721 0.4680186512928689 1 3
0.8048918614064825 0.9405487624502782 0.5027284384647663 0.9249026570655721 0.4680186512928689 1 3
0.7445016508543958 0.4405009713665169 0.7254244064302919 0.6558326043642634 0.6246324659569938 2 4
0.23280577513881962 0.17162222277728767 0.5914653720489507 0.058811265316397576 0.01182328669884014 4 5
0.8857143842160555 0.6760739209157192 0.6639447132763854 0.5523257025076808 0.045902607279589946 3 3
0.8857143842160555 0.6760739209157192 0.6639447132763854 0.5523257025076808 0.045902607279589946 3 3
0.8948747746224968 0.32953844312564673 0.21105422158070652 0.04657192342801886 0.6928506726923143 3 7
0.8948747746224968 0.32953844312564673 0.21105422158070652 0.04657192342801886 0.6928506726923143 3 7
0.26321849522955265 0.8690962462217127 0.9921288087800919 0.07037477321437846 0.6121493675838533 6 5
0.504113539850139 0.198055366628047 0.07477949297673692 0.4693748202873437 0.5401195288787476 4 7
0.550904912325656 0.8739594760423268 0.6874948010986632 0.9773249502200745 0.2834627382162832 4 7
0.7074999147806879 0.11727665149202326 0.6439378776557771 0.7408469769182416 0.43942815511346334 4 6
0.7970225472005241 0.4478598671968015 0.4379025424253612 0.13378366686456356 0.3126782736242131 4 7
0.9108440792244082 0.060501037171911465 0.6369448095769211 0.9902259543727435 0.09365305464565643 2 1
0.24494961096301082 0.3091908604113145 0.898744265232751 0.21349216976126173 0.915479344889806 8 4
0.6597664211844314 0.21580566449350058 0.6391162208065558 0.4376585127741788 0.3319618400951606 5 6
0.7077194820813233 0.3712506544841895 0.9201276264997554 0.5715404879911824 0.9330522773737838 2 3
0.8048918614064825 0.9405487624502782 0.5027284384647663 0.9249026570655721 0.4680186512928689 1 3
0.8048918614064825 0.9405487624502782 0.5027284384647663 0.9249026570655721 0.4680186512928689 1 3
0.7445016508543958 0.4405009713665169 0.7254244064302919 0.6558326043642634 0.6246324659569938 2 4
0.23280577513881962 0.17162222277728767 0.5914653720489507 0.058811265316397576 0.01182328669884014 4 5
0.8857143842160555 0.6760739209157192 0.6639447132763854 0.5523257025076808 0.045902607279589946 3 3
0.7729541101797278 0.9631998935646674 0.33768936424475005 0.3374551155083496 0.11591825835983038 3 7
0.8857143842160555 0.6760739209157192 0.6639447132763854 0.5523257025076808 0.045902607279589946 3 3
0.8948747746224968 0.32953844312564673 0.21105422158070652 0.04657192342801886 0.6928506726923143 3 7
0.26321849522955265 0.8690962462217127 0.9921288087800919 0.07037477321437846 0.6121493675838533 6 5
0.26321849522955265 0.8690962462217127 0.9921288087800919 0.07037477321437846 0.6121493675838533 6 5
0.550904912325656 0.8739594760423268 0.6874948010986632 0.9773249502200745 0.2834627382162832 4 7
0.7074999147806879 0.11727665149202326 0.6439378776557771 0.7408469769182416 0.43942815511346334 4 6
0.7074999147806879 0.11727665149202326 0.6439378776557771 0.7408469769182416 0.43942815511346334 4 6
0.7970225472005241 0.4478598671968015 0.4379025424253612 0.13378366686456356 0.3126782736242131 4 7
0.24494961096301082 0.3091908604113145 0.898744265232751 0.21349216976126173 0.915479344889806 8 4
0.24494961096301082 0.3091908604113145 0.898744265232751 0.21349216976126173 0.915479344889806 8 4
0.8048918614064825 0.9405487624502782 0.5027284384647663 0.9249026570655721 0.4680186512928689 1 3
0.8048918614064825 0.9405487624502782 0.5027284384647663 0.9249026570655721 0.4680186512928689 1 3
0.8048918614064825 0.9405487624502782 0.5027284384647663 0.9249026570655721 0.4680186512928689 1 3
0.7445016508543958 0.4405009713665169 0.7254244064302919 0.6558326043642634 0.6246324659569938 2 4
0.23280577513881962 0.17162222277728767 0.5914653720489507 0.058811265316397576 0.01182328669884014 4 5
0.8857143842160555 0.6760739209157192 0.6639447132763854 0.5523257025076808 0.045902607279589946 3 3
0.07565871625199372 0.821873220774015 0.390175230795206 0.963929100729072 0.3901418411827392 2 3
0.8857143842160555 0.6760739209157192 0.6639447132763854 0.5523257025076808 0.045902607279589946 3 3
0.8948747746224968 0.32953844312564673 0.21105422158070652 0.04657192342801886 0.6928506726923143 3 7
0.8948747746224968 0.32953844312564673 0.21105422158070652 0.04657192342801886 0.6928506726923143 3 7
0.26321849522955265 0.8690962462217127 0.9921288087800919 0.07037477321437846 0.6121493675838533 6 5
0.550904912325656 0.8739594760423268 0.6874948010986632 0.9773249502200745 0.2834627382162832 4 7
0.550904912325656 0.8739594760423268 0.6874948010986632 0.9773249502200745 0.2834627382162832 4 7
0.7970225472005241 0.4478598671968015 0.4379025424253612 0.13378366686456356 0.3126782736242131 4 7
0.9108440792244082 0.060501037171911465 0.6369448095769211 0.9902259543727435 0.09365305464565643 2 1
0.9108440792244082 0.060501037171911465 0.6369448095769211 0.9902259543727435 0.09365305464565643 2 1
0.24494961096301082 0.3091908604113145 0.898744265232751 0.21349216976126173 0.915479344889806 8 4
0.6597664211844314 0.21580566449350058 0.6391162208065558 0.4376585127741788 0.3319618400951606 5 6
0.8048918614064825 0.9405487624502782 0.5027284384647663 0.9249026570655721 0.4680186512928689 1 3
0.8048918614064825 0.9405487624502782 0.5027284384647663 0.9249026570655721 0.4680186512928689 1 3
0.8048918614064825 0.9405487624502782 0.5027284384647663 0.9249026570655721 0.4680186512928689 1 3
0.23280577513881962 0.17162222277728767 0.5914653720489507 0.058811265316397576 0.01182328669884014 4 5
0.8857143842160555 0.6760739209157192 0.6639447132763854 0.5523257025076808 0.045902607279589946 3 3
0.4185635037834532 0.015345164299396474 0.43110724704587733 0.19432350719671687 0.7496909252443339 1 1
0.8948747746224968 0.32953844312564673 0.21105422158070652 0.04657192342801886 0.6928506726923143 3 7
0.8948747746224968 0.32953844312564673 0.21105422158070652 0.04657192342801886 0.6928506726923143 3 7
0.26321849522955265 0.8690962462217127 0.9921288087800919 0.07037477321437846 0.6121493675838533 6 5
0.504113539850139 0.198055366628047 0.07477949297673692 0.4693748202873437 0.5401195288787476 4 7
0.550904912325656 0.8739594760423268 0.6874948010986632 0.9773249502200745 0.2834627382162832 4 7
0.7074999147806879 0.11727665149202326 0.6439378776557771 0.7408469769182416 0.43942815511346334 4 6
0.7970225472005241 0.4478598671968015 0.4379025424253612 0.13378366686456356 0.3126782736242131 4 7
0.9108440792244082 0.060501037171911465 0.6369448095769211 0.9902259543727435 0.09365305464565643 2 1
0.24494961096301082 0.3091908604113145 0.898744265232751 0.21349216976126173 0.915479344889806 8 4
0.7077194820813233 0.3712506544841895 0.9201276264997554 0.5715404879911824 0.9330522773737838 2 3
0.8048918614064825 0.9405487624502782 0.5027284384647663 0.9249026570655721 0.4680186512928689 1 3
0.4310546759531605 0.2370857858840979 0.6411934584759342 0.8437781508430943 0.7540215112589315 7 3
0.4310546759531605 0.2370857858840979 0.6411934584759342 0.8437781508430943 0.7540215112589315 7 3
0.7445016508543958 0.4405009713665169 0.7254244064302919 0.6558326043642634 0.6246324659569938 2 4
0.23280577513881962 0.17162222277728767 0.5914653720489507 0.058811265316397576 0.01182328669884014 4 5
0.8857143842160555 0.6760739209157192 0.6639447132763854 0.5523257025076808 0.045902607279589946 3 3
0.4185635037834532 0.015345164299396474 0.43110724704587733 0.19432350719671687 0.7496909252443339 1 1
0.8948747746224968 0.32953844312564673 0.21105422158070652 0.04657192342801886 0.6928506726923143 3 7
0.8948747746224968 0.32953844312564673 0.21105422158070652 0.04657192342801886 0.6928506726923143 3 7
0.26321849522955265 0.8690962462217127 0.9921288087800919 0.07037477321437846 0.6121493675838533 6 5
0.504113539850139 0.198055366628047 0.07477949297673692 0.4693748202873437 0.5401195288787476 4 7
0.550904912325656 0.8739594760423268 0.6874948010986632 0.9773249502200745 0.2834627382162832 4 7
0.7074999147806879 0.11727665149202326 0.6439378776557771 0.7408469769182416 0.43942815511346334 4 6
0.7970225472005241 0.4478598671968015 0.4379025424253612 0.13378366686456356 0.3126782736242131 4 7
0.9108440792244082 0.060501037171911465 0.6369448095769211 0.9902259543727435 0.09365305464565643 2 1
0.24494961096301082 0.3091908604113145 0.898744265232751 0.21349216976126173 0.915479344889806 8 4
0.7077194820813233 0.3712506544841895 0.9201276264997554 0.5715404879911824 0.9330522773737838 2 3
0.8048918614064825 0.9405487624502782 0.5027284384647663 0.9249026570655721 0.4680186512928689 1 3
0.4310546759531605 0.2370857858840979 0.6411934584759342 0.8437781508430943 0.7540215112589315 7 3
0.4310546759531605 0.2370857858840979 0.6411934584759342 0.8437781508430943 0.7540215112589315 7 3
0.7445016508543958 0.4405009713665169 0.7254244064302919 0.6558326043642634 0.6246324659569938 2 4
0.23280577513881962 0.17162222277728767 0.5914653720489507 0.058811265316397576 0.01182328669884014 4 5
0.8857143842160555 0.6760739209157192 0.6639447132763854 0.5523257025076808 0.045902607279589946 3 3
0.8857143842160555 0.6760739209157192 0.6639447132763854 0.5523257025076808 0.045902607279589946 3 3
0.8948747746224968 0.32953844312564673 0.21105422158070652 0.04657192342801886 0.6928506726923143 3 7
0.8948747746224968 0.32953844312564673 0.21105422158070652 0.04657192342801886 0.6928506726923143 3 7
0.26321849522955265 0.8690962462217127 0.9921288087800919 0.07037477321437846 0.6121493675838533 6 5
0.550904912325656 0.8739594760423268 0.6874948010986632 0.9773249502200745 0.2834627382162832 4 7
0.550904912325656 0.8739594760423268 0.6874948010986632 0.9773249502200745 0.2834627382162832 4 7
0.7970225472005241 0.4478598671968015 0.4379025424253612 0.13378366686456356 0.3126782736242131 4 7
0.9108440792244082 0.060501037171911465 0.6369448095769211 0.9902259543727435 0.09365305464565643 2 1
0.9108440792244082 0.060501037171911465 0.6369448095769211 0.9902259543727435 0.09365305464565643 2 1
0.24494961096301082 0.3091908604113145 0.898744265232751 0.21349216976126173 0.915479344889806 8 4
0.7077194820813233 0.3712506544841895 0.9201276264997554 0.5715404879911824 0.9330522773737838 2 3
0.8048918614064825 0.9405487624502782 0.5027284384647663 0.9249026570655721 0.4680186512928689 1 3
0.8048918614064825 0.9405487624502782 0.5027284384647663 0.9249026570655721 0.4680186512928689 1 3
0.23280577513881962 0.17162222277728767 0.5914653720489507 0.058811265316397576 0.01182328669884014 4 5
0.08083975920053743 0.4363949508245636 0.11253108431576042 0.03773467768024985 0.6417528626631958 7 5
0.4083443874741578 0.7995396965458486 0.30261643954098627 0.42129277867196846 0.7191855450092013 3 6
0.31990872782791846 0.6291945933980122 0.7341398364116887 0.7932920915600158 0.1616329137257274 6 7
0.8857143842160555 0.6760739209157192 0.6639447132763854 0.5523257025076808 0.045902607279589946 3 3
0.8948747746224968 0.32953844312564673 0.21105422158070652 0.04657192342801886 0.6928506726923143 3 7
0.8948747746224968 0.32953844312564673 0.21105422158070652 0.04657192342801886 0.6928506726923143 3 7
0.26321849522955265 0.8690962462217127 0.9921288087800919 0.07037477321437846 0.6121493675838533 6 5
0.550904912325656 0.8739594760423268 0.6874948010986632 0.9773249502200745 0.2834627382162832 4 7
0.550904912325656 0.8739594760423268 0.6874948010986632 0.9773249502200745 0.2834627382162832 4 7
0.7970225472005241 0.4478598671968015 0.4379025424253612 0.13378366686456356 0.3126782736242131 4 7
0.9108440792244082 0.060501037171911465 0.6369448095769211 0.9902259543727435 0.09365305464565643 2 1
0.9108440792244082 0.060501037171911465 0.6369448095769211 0.9902259543727435 0.09365305464565643 2 1
0.6597664211844314 0.21580566449350058 0.6391162208065558 0.4376585127741788 0.3319618400951606 5 6
0.6597664211844314 0.21580566449350058 0.6391162208065558 0.4376585127741788 0.3319618400951606 5 6
0.8048918614064825 0.9405487624502782 0.5027284384647663 0.9249026570655721 0.4680186512928689 1 3
0.8048918614064825 0.9405487624502782 0.5027284384647663 0.9249026570655721 0.4680186512928689 1 3
0.8048918614064825 0.9405487624502782 0.5027284384647663 0.9249026570655721 0.4680186512928689 1 3
0.23280577513881962 0.17162222277728767 0.5914653720489507 0.058811265316397576 0.01182328669884014 4 5
0.8857143842160555 0.6760739209157192 0.6639447132763854 0.5523257025076808 0.045902607279589946 3 3
0.8857143842160555 0.6760739209157192 0.6639447132763854 0.5523257025076808 0.045902607279589946 3 3
0.8948747746224968 0.32953844312564673 0.21105422158070652 0.04657192342801886 0.6928506726923143 3 7
0.8948747746224968 0.32953844312564673 0.21105422158070652 0.04657192342801886 0.6928506726923143 3 7
0.26321849522955265 0.8690962462217127 0.9921288087800919 0.07037477321437846 0.6121493675838533 6 5
0.504113539850139 0.198055366628047 0.07477949297673692 0.4693748202873437 0.5401195288787476 4 7
0.550904912325656 0.8739594760423268 0.6874948010986632 0.9773249502200745 0.2834627382162832 4 7
0.29502336432383214 0.702761926670062 0.5729576601231365 0.98457223429974 0.5129618353429535 5 3
0.9108440792244082 0.060501037171911465 0.6369448095769211 0.9902259543727435 0.09365305464565643 2 1
0.24494961096301082 0.3091908604113145 0.898744265232751 0.21349216976126173 0.915479344889806 8 4
0.7077194820813233 0.3712506544841895 0.9201276264997554 0.5715404879911824 0.9330522773737838 2 3
0.7077194820813233 0.3712506544841895 0.9201276264997554 0.5715404879911824 0.9330522773737838 2 3
0.8048918614064825 0.9405487624502782 0.5027284384647663 0.9249026570655721 0.4680186512928689 1 3
0.8048918614064825 0.9405487624502782 0.5027284384647663 0.9249026570655721 0.4680186512928689 1 3
0.4310546759531605 0.2370857858840979 0.6411934584759342 0.8437781508430943 0.7540215112589315 7 3
0.23280577513881962 0.17162222277728767 0.5914653720489507 0.058811265316397576 0.01182328669884014 4 5
0.8857143842160555 0.6760739209157192 0.6639447132763854 0.5523257025076808 0.045902607279589946 3 3
0.1272856431112679 0.5018827356697543 0.8913734356312912 0.016024811378306136 0.14361346832935717 3 5
0.8857143842160555 0.6760739209157192 0.6639447132763854 0.5523257025076808 0.045902607279589946 3 3
0.8948747746224968 0.32953844312564673 0.21105422158070652 0.04657192342801886 0.6928506726923143 3 7
0.8948747746224968 0.32953844312564673 0.21105422158070652 0.04657192342801886 0.6928506726923143 3 7
0.26321849522955265 0.8690962462217127 0.9921288087800919 0.07037477321437846 0.6121493675838533 6 5
0.550904912325656 0.8739594760423268 0.6874948010986632 0.9773249502200745 0.2834627382162832 4 7
0.550904912325656 0.8739594760423268 0.6874948010986632 0.9773249502200745 0.2834627382162832 4 7
0.7074999147806879 0.11727665149202326 0.6439378776557771 0.7408469769182416 0.43942815511346334 4 6
0.9108440792244082 0.060501037171911465 0.6369448095769211 0.9902259543727435 0.09365305464565643 2 1
0.9108440792244082 0.060501037171911465 0.6369448095769211 0.9902259543727435 0.09365305464565643 2 1
0.24494961096301082 0.3091908604113145 0.898744265232751 0.21349216976126173 0.915479344889806 8 4
0.6597664211844314 0.21580566449350058 0.6391162208065558 0.4376585127741788 0.3319618400951606 5 6
0.7077194820813233 0.3712506544841895 0.9201276264997554 0.5715404879911824 0.9330522773737838 2 3
0.8048918614064825 0.9405487624502782 0.5027284384647663 0.9249026570655721 0.4680186512928689 1 3
0.8048918614064825 0.9405487624502782 0.5027284384647663 0.9249026570655721 0.4680186512928689 1 3
0.23280577513881962 0.17162222277728767 0.5914653720489507 0.058811265316397576 0.01182328669884014 4 5
0.8857143842160555 0.6760739209157192 0.6639447132763854 0.5523257025076808 0.045902607279589946 3 3
0.8857143842160555 0.6760739209157192 0.6639447132763854 0.5523257025076808 0.045902607279589946 3 3
0.8857143842160555 0.6760739209157192 0.6639447132763854 0.5523257025076808 0.045902607279589946 3 3
0.8948747746224968 0.32953844312564673 0.21105422158070652 0.04657192342801886 0.6928506726923143 3 7
0.8948747746224968 0.32953844312564673 0.21105422158070652 0.04657192342801886 0.6928506726923143 3 7
0.26321849522955265 0.8690962462217127 0.9921288087800919 0.07037477321437846 0.6121493675838533 6 5
0.504113539850139 0.198055366628047 0.07477949297673692 0.4693748202873437 0.5401195288787476 4 7
0.550904912325656 0.8739594760423268 0.6874948010986632 0.9773249502200745 0.2834627382162832 4 7
0.7970225472005241 0.4478598671968015 0.4379025424253612 0.13378366686456356 0.3126782736242131 4 7
0.9108440792244082 0.060501037171911465 0.6369448095769211 0.9902259543727435 0.09365305464565643 2 1
0.9108440792244082 0.060501037171911465 0.6369448095769211 0.9902259543727435 0.09365305464565643 2 1
0.24494961096301082 0.3091908604113145 0.898744265232751 0.21349216976126173 0.915479344889806 8 4
0.7077194820813233 0.3712506544841895 0.9201276264997554 0.5715404879911824 0.9330522773737838 2 3
0.8048918614064825 0.9405487624502782 0.5027284384647663 0.9249026570655721 0.4680186512928689 1 3
0.7445016508543958 0.4405009713665169 0.7254244064302919 0.6558326043642634 0.6246324659569938 2 4
0.8048918614064825 0.9405487624502782 0.5027284384647663 0.9249026570655721 0.4680186512928689 1 3
0.7445016508543958 0.4405009713665169 0.7254244064302919 0.6558326043642634 0.6246324659569938 2 4
0.23280577513881962 0.17162222277728767 0.5914653720489507 0.058811265316397576 0.01182328669884014 4 5
0.8857143842160555 0.6760739209157192 0.6639447132763854 0.5523257025076808 0.045902607279589946 3 3
0.8857143842160555 0.6760739209157192 0.6639447132763854 0.5523257025076808 0.045902607279589946 3 3
0.8948747746224968 0.32953844312564673 0.21105422158070652 0.04657192342801886 0.6928506726923143 3 7
0.8948747746224968 0.32953844312564673 0.21105422158070652 0.04657192342801886 0.6928506726923143 3 7
0.26321849522955265 0.8690962462217127 0.9921288087800919 0.07037477321437846 0.6121493675838533 6 5
0.504113539850139 0.198055366628047 0.07477949297673692 0.4693748202873437 0.5401195288787476 4 7
0.550904912325656 0.8739594760423268 0.6874948010986632 0.9773249502200745 0.2834627382162832 4 7
0.7970225472005241 0.4478598671968015 0.4379025424253612 0.13378366686456356 0.3126782736242131 4 7
0.9108440792244082 0.060501037171911465 0.6369448095769211 0.9902259543727435 0.09365305464565643 2 1
0.9108440792244082 0.060501037171911465 0.6369448095769211 0.9902259543727435 0.09365305464565643 2 1
0.24494961096301082 0.3091908604113145 0.898744265232751 0.21349216976126173 0.915479344889806 8 4
0.7077194820813233 0.3712506544841895 0.9201276264997554 0.5715404879911824 0.9330522773737838 2 3
0.8048918614064825 0.9405487624502782 0.5027284384647663 0.9249026570655721 0.4680186512928689 1 3
0.7445016508543958 0.4405009713665169 0.7254244064302919 0.6558326043642634 0.6246324659569938 2 4
0.8048918614064825 0.9405487624502782 0.5027284384647663 0.9249026570655721 0.4680186512928689 1 3
0.7445016508543958 0.4405009713665169 0.7254244064302919 0.6558326043642634 0.6246324659569938 2 4
0.23280577513881962 0.17162222277728767 0.5914653720489507 0.058811265316397576 0.01182328669884014 4 5
0.8857143842160555 0.6760739209157192 0.6639447132763854 0.5523257025076808 0.045902607279589946 3 3
0.8857143842160555 0.6760739209157192 0.6639447132763854 0.5523257025076808 0.045902607279589946 3 3
0.8948747746224968 0.32953844312564673 0.21105422158070652 0.04657192342801886 0.6928506726923143 3 7
0.8948747746224968 0.32953844312564673 0.21105422158070652 0.04657192342801886 0.6928506726923143 3 7
0.26321849522955265 0.8690962462217127 0.9921288087800919 0.07037477321437846 0.6121493675838533 6 5
0.504113539850139 0.198055366628047 0.07477949297673692 0.4693748202873437 0.5401195288787476 4 7
0.550904912325656 0.8739594760423268 0.6874948010986632 0.9773249502200745 0.2834627382162832 4 7
0.7074999147806879 0.11727665149202326 0.6439378776557771 0.7408469769182416 0.43942815511346334 4 6
0.29502336432383214 0.702761926670062 0.5729576601231365 0.98457223429974 0.5129618353429535 5 3
0.24494961096301082 0.3091908604113145 0.898744265232751 0.21349216976126173 0.915479344889806 8 4
0.24494961096301082 0.3091908604113145 0.898744265232751 0.21349216976126173 0.915479344889806 8 4
0.7077194820813233 0.3712506544841895 0.9201276264997554 0.5715404879911824 0.9330522773737838 2 3
0.7077194820813233 0.3712506544841895 0.9201276264997554 0.5715404879911824 0.9330522773737838 2 3
0.8048918614064825 0.9405487624502782 0.5027284384647663 0.9249026570655721 0.4680186512928689 1 3
0.8048918614064825 0.9405487624502782 0.5027284384647663 0.9249026570655721 0.4680186512928689 1 3
0.7445016508543958 0.4405009713665169 0.7254244064302919 0.6558326043642634 0.6246324659569938 2 4
0.23280577513881962 0.17162222277728767 0.5914653720489507 0.058811265316397576 0.01182328669884014 4 5
0.8857143842160555 0.6760739209157192 0.6639447132763854 0.5523257025076808 0.045902607279589946 3 3
0.8857143842160555 0.6760739209157192 0.6639447132763854 0.5523257025076808 0.045902607279589946 3 3
0.8948747746224968 0.32953844312564673 0.21105422158070652 0.04657192342801886 0.6928506726923143 3 7
0.8948747746224968 0.32953844312564673 0.21105422158070652 0.04657192342801886 0.6928506726923143 3 7
0.26321849522955265 0.8690962462217127 0.9921288087800919 0.07037477321437846 0.6121493675838533 6 5
0.504113539850139 0.198055366628047 0.07477949297673692 0.4693748202873437 0.5401195288787476 4 7
0.550904912325656 0.8739594760423268 0.6874948010986632 0.9773249502200745 0.2834627382162832 4 7
0.7074999147806879 0.11727665149202326 0.6439378776557771 0.7408469769182416 0.43942815511346334 4 6
0.29502336432383214 0.702761926670062 0.5729576601231365 0.98457223429974 0.5129618353429535 5 3
0.24494961096301082 0.3091908604113145 0.898744265232751 0.21349216976126173 0.915479344889806 8 4
0.24494961096301082 0.3091908604113145 0.898744265232751 0.21349216976126173 0.915479344889806 8 4
0.7077194820813233 0.3712506544841895 0.9201276264997554 0.5715404879911824 0.9330522773737838 2 3
0.7077194820813233 0.3712506544841895 0.9201276264997554 0.5715404879911824 0.9330522773737838 2 3
0.8048918614064825 0.9405487624502782 0.5027284384647663 0.9249026570655721 0.4680186512928689 1 3
0.8048918614064825 0.9405487624502782 0.5027284384647663 0.9249026570655721 0.4680186512928689 1 3
0.7445016508543958 0.4405009713665169 0.7254244064302919 0.6558326043642634 0.6246324659569938 2 4
0.23280577513881962 0.17162222277728767 0.5914653720489507 0.058811265316397576 0.01182328669884014 4 5
0.8857143842160555 0.6760739209157192 0.6639447132763854 0.5523257025076808 0.045902607279589946 3 3
0.8857143842160555 0.6760739209157192 0.6639447132763854 0.5523257025076808 0.045902607279589946 3 3
0.8948747746224968 0.32953844312564673 0.21105422158070652 0.04657192342801886 0.6928506726923143 3 7
0.8948747746224968 0.32953844312564673 0.21105422158070652 0.04657192342801886 0.6928506726923143 3 7
0.26321849522955265 0.8690962462217127 0.9921288087800919 0.07037477321437846 0.6121493675838533 6 5
0.550904912325656 0.8739594760423268 0.6874948010986632 0.9773249502200745 0.2834627382162832 4 7
0.550904912325656 0.8739594760423268 0.6874948010986632 0.9773249502200745 0.2834627382162832 4 7
0.7970225472005241 0.4478598671968015 0.4379025424253612 0.13378366686456356 0.3126782736242131 4 7
0.9108440792244082 0.060501037171911465 0.6369448095769211 0.9902259543727435 0.09365305464565643 2 1
0.9108440792244082 0.060501037171911465 0.6369448095769211 0.9902259543727435 0.09365305464565643 2 1
0.24494961096301082 0.3091908604113145 0.898744265232751 0.21349216976126173 0.915479344889806 8 4
0.6597664211844314 0.21580566449350058 0.6391162208065558 0.4376585127741788 0.3319618400951606 5 6
0.8048918614064825 0.9405487624502782 0.5027284384647663 0.9249026570655721 0.4680186512928689 1 3
0.8048918614064825 0.9405487624502782 0.5027284384647663 0.9249026570655721 0.4680186512928689 1 3
0.8048918614064825 0.9405487624502782 0.5027284384647663 0.9249026570655721 0.4680186512928689 1 3
0.23280577513881962 0.17162222277728767 0.5914653720489507 0.058811265316397576 0.01182328669884014 4 5
0.8857143842160555 0.6760739209157192 0.6639447132763854 0.5523257025076808 0.045902607279589946 3 3
0.8857143842160555 0.6760739209157192 0.6639447132763854 0.5523257025076808 0.045902607279589946 3 3
0.8948747746224968 0.32953844312564673 0.21105422158070652 0.04657192342801886 0.6928506726923143 3 7
0.8948747746224968 0.32953844312564673 0.21105422158070652 0.04657192342801886 0.6928506726923143 3 7
0.26321849522955265 0.8690962462217127 0.9921288087800919 0.07037477321437846 0.6121493675838533 6 5
0.550904912325656 0.8739594760423268 0.6874948010986632 0.9773249502200745 0.2834627382162832 4 7
0.550904912325656 0.8739594760423268 0.6874948010986632 0.9773249502200745 0.2834627382162832 4 7
0.7970225472005241 0.4478598671968015 0.4379025424253612 0.13378366686456356 0.3126782736242131 4 7
0.9108440792244082 0.060501037171911465 0.6369448095769211 0.9902259543727435 0.09365305464565643 2 1
0.9108440792244082 0.060501037171911465 0.6369448095769211 0.9902259543727435 0.09365305464565643 2 1
0.24494961096301082 0.3091908604113145 0.898744265232751 0.21349216976126173 0.915479344889806 8 4
0.6597664211844314 0.21580566449350058 0.6391162208065558 0.4376585127741788 0.3319618400951606 5 6
0.8048918614064825 0.9405487624502782 0.5027284384647663 0.9249026570655721 0.4680186512928689 1 3
0.8048918614064825 0.9405487624502782 0.5027284384647663 0.9249026570655721 0.4680186512928689 1 3
0.8048918614064825 0.9405487624502782 0.5027284384647663 0.9249026570655721 0.4680186512928689 1 3
0.23280577513881962 0.17162222277728767 0.5914653720489507 0.058811265316397576 0.01182328669884014 4 5
0.8857143842160555 0.6760739209157192 0.6639447132763854 0.5523257025076808 0.045902607279589946 3 3
0.8857143842160555 0.6760739209157192 0.6639447132763854 0.5523257025076808 0.045902607279589946 3 3
0.8948747746224968 0.32953844312564673 0.21105422158070652 0.04657192342801886 0.6928506726923143 3 7
0.8948747746224968 0.32953844312564673 0.21105422158070652 0.04657192342801886 0.6928506726923143 3 7
0.26321849522955265 0.8690962462217127 0.9921288087800919 0.07037477321437846 0.6121493675838533 6 5
0.504113539850139 0.198055366628047 0.07477949297673692 0.4693748202873437 0.5401195288787476 4 7
0.550904912325656 0.8739594760423268 0.6874948010986632 0.9773249502200745 0.2834627382162832 4 7
0.7074999147806879 0.11727665149202326 0.6439378776557771 0.7408469769182416 0.43942815511346334 4 6
0.7970225472005241 0.4478598671968015 0.4379025424253612 0.13378366686456356 0.3126782736242131 4 7
0.9108440792244082 0.060501037171911465 0.6369448095769211 0.9902259543727435 0.09365305464565643 2 1
0.24494961096301082 0.3091908604113145 0.898744265232751 0.21349216976126173 0.915479344889806 8 4
0.6597664211844314 0.21580566449350058 0.6391162208065558 0.4376585127741788 0.3319618400951606 5 6
0.7077194820813233 0.3712506544841895 0.9201276264997554 0.5715404879911824 0.9330522773737838 2 3
0.8048918614064825 0.9405487624502782 0.5027284384647663 0.9249026570655721 0.4680186512928689 1 3
0.8048918614064825 0.9405487624502782 0.5027284384647663 0.9249026570655721 0.4680186512928689 1 3
0.7445016508543958 0.4405009713665169 0.7254244064302919 0.6558326043642634 0.6246324659569938 2 4
0.23280577513881962 0.17162222277728767 0.5914653720489507 0.058811265316397576 0.01182328669884014 4 5
0.8857143842160555 0.6760739209157192 0.6639447132763854 0.5523257025076808 0.045902607279589946 3 3
0.8857143842160555 0.6760739209157192 0.6639447132763854 0.5523257025076808 0.045902607279589946 3 3
0.8948747746224968 0.32953844312564673 0.21105422158070652 0.04657192342801886 0.6928506726923143 3 7
0.8948747746224968 0.32953844312564673 0.21105422158070652 0.04657192342801886 0.6928506726923143 3 7
0.26321849522955265 0.8690962462217127 0.9921288087800919 0.07037477321437846 0.6121493675838533 6 5
0.550904912325656 0.8739594760423268 0.6874948010986632 0.9773249502200745 0.2834627382162832 4 7
0.550904912325656 0.8739594760423268 0.6874948010986632 0.9773249502200745 0.2834627382162832 4 7
0.7970225472005241 0.4478598671968015 0.4379025424253612 0.13378366686456356 0.3126782736242131 4 7
0.9108440792244082 0.060501037171911465 0.6369448095769211 0.9902259543727435 0.09365305464565643 2 1
0.9108440792244082 0.060501037171911465 0.6369448095769211 0.9902259543727435 0.09365305464565643 2 1
0.24494961096301082 0.3091908604113145 0.898744265232751 0.21349216976126173 0.915479344889806 8 4
0.6597664211844314 0.21580566449350058 0.6391162208065558 0.4376585127741788 0.3319618400951606 5 6
0.8048918614064825 0.9405487624502782 0.5027284384647663 0.9249026570655721 0.4680186512928689 1 3
0.8048918614064825 0.9405487624502782 0.5027284384647663 0.9249026570655721 0.4680186512928689 1 3
0.8048918614064825 0.9405487624502782 0.5027284384647663 0.9249026570655721 0.4680186512928689 1 3
0.7445016508543958 0.4405009713665169 0.7254244064302919 0.6558326043642634 0.6246324659569938 2 4
0.23280577513881962 0.17162222277728767 0.5914653720489507 0.058811265316397576 0.01182328669884014 4 5
0.8857143842160555 0.6760739209157192 0.6639447132763854 0.5523257025076808 0.045902607279589946 3 3
0.8857143842160555 0.6760739209157192 0.6639447132763854 0.5523257025076808 0.045902607279589946 3 3
0.8948747746224968 0.32953844312564673 0.21105422158070652 0.04657192342801886 0.6928506726923143 3 7
0.8948747746224968 0.32953844312564673 0.21105422158070652 0.04657192342801886 0.6928506726923143 3 7
0.26321849522955265 0.8690962462217127 0.9921288087800919 0.07037477321437846 0.6121493675838533 6 5
0.550904912325656 0.8739594760423268 0.6874948010986632 0.9773249502200745 0.2834627382162832 4 7
0.7074999147806879 0.11727665149202326 0.6439378776557771 0.7408469769182416 0.43942815511346334 4 6
0.7970225472005241 0.4478598671968015 0.4379025424253612 0.13378366686456356 0.3126782736242131 4 7
0.9108440792244082 0.060501037171911465 0.6369448095769211 0.9902259543727435 0.09365305464565643 2 1
0.9108440792244082 0.060501037171911465 0.6369448095769211 0.9902259543727435 0.09365305464565643 2 1
0.6597664211844314 0.21580566449350058 0.6391162208065558 0.4376585127741788 0.3319618400951606 5 6
0.7077194820813233 0.3712506544841895 0.9201276264997554 0.5715404879911824 0.9330522773737838 2 3
0.8048918614064825 0.9405487624502782 0.5027284384647663 0.9249026570655721 0.4680186512928689 1 3
0.8048918614064825 0.9405487624502782 0.5027284384647663 0.9249026570655721 0.4680186512928689 1 3
0.7445016508543958 0.4405009713665169 0.7254244064302919 0.6558326043642634 0.6246324659569938 2 4
0.23280577513881962 0.17162222277728767 0.5914653720489507 0.058811265316397576 0.01182328669884014 4 5
0.8857143842160555 0.6760739209157192 0.6639447132763854 0.5523257025076808 0.045902607279589946 3 3
0.8857143842160555 0.6760739209157192 0.6639447132763854 0.5523257025076808 0.045902607279589946 3 3
0.8948747746224968 0.32953844312564673 0.21105422158070652 0.04657192342801886 0.6928506726923143 3 7
0.8948747746224968 0.32953844312564673 0.21105422158070652 0.04657192342801886 0.6928506726923143 3 7
0.26321849522955265 0.8690962462217127 0.9921288087800919 0.07037477321437846 0.6121493675838533 6 5
0.504113539850139 0.198055366628047 0.07477949297673692 0.4693748202873437 0.5401195288787476 4 7
0.550904912325656 0.8739594760423268 0.6874948010986632 0.9773249502200745 0.2834627382162832 4 7
0.7074999147806879 0.11727665149202326 0.6439378776557771 0.7408469769182416 0.43942815511346334 4 6
0.7970225472005241 0.4478598671968015 0.4379025424253612 0.13378366686456356 0.3126782736242131 4 7
0.9108440792244082 0.060501037171911465 0.6369448095769211 0.9902259543727435 0.09365305464565643 2 1
0.24494961096301082 0.3091908604113145 0.898744265232751 0.21349216976126173 0.915479344889806 8 4
0.6597664211844314 0.21580566449350058 0.6391162208065558 0.4376585127741788 0.3319618400951606 5 6
0.7077194820813233 0.3712506544841895 0.9201276264997554 0.5715404879911824 0.9330522773737838 2 3
0.8048918614064825 0.9405487624502782 0.5027284384647663 0.9249026570655721 0.4680186512928689 1 3
0.8048918614064825 0.9405487624502782 0.5027284384647663 0.9249026570655721 0.4680186512928689 1 3
0.7445016508543958 0.4405009713665169 0.7254244064302919 0.6558326043642634 0.6246324659569938 2 4
0.23280577513881962 0.17162222277728767 0.5914653720489507 0.058811265316397576 0.01182328669884014 4 5
0.8857143842160555 0.6760739209157192 0.6639447132763854 0.5523257025076808 0.045902607279589946 3 3
0.7729541101797278 0.9631998935646674 0.33768936424475005 0.3374551155083496 0.11591825835983038 3 7
0.8857143842160555 0.6760739209157192 0.6639447132763854 0.5523257025076808 0.045902607279589946 3 3
0.8948747746224968 0.32953844312564673 0.21105422158070652 0.04657192342801886 0.6928506726923143 3 7
0.8948747746224968 0.32953844312564673 0.21105422158070652 0.04657192342801886 0.6928506726923143 3 7
0.26321849522955265 0.8690962462217127 0.9921288087800919 0.07037477321437846 0.6121493675838533 6 5
0.550904912325656 0.8739594760423268 0.6874948010986632 0.9773249502200745 0.2834627382162832 4 7
0.7074999147806879 0.11727665149202326 0.6439378776557771 0.7408469769182416 0.43942815511346334 4 6
0.9108440792244082 0.060501037171911465 0.6369448095769211 0.9902259543727435 0.09365305464565643 2 1
0.24494961096301082 0.3091908604113145 0.898744265232751 0.21349216976126173 0.915479344889806 8 4
0.6597664211844314 0.21580566449350058 0.6391162208065558 0.4376585127741788 0.3319618400951606 5 6
0.7077194820813233 0.3712506544841895 0.9201276264997554 0.5715404879911824 0.9330522773737838 2 3
0.8048918614064825 0.9405487624502782 0.5027284384647663 0.9249026570655721 0.4680186512928689 1 3
0.8048918614064825 0.9405487624502782 0.5027284384647663 0.9249026570655721 0.4680186512928689 1 3
0.7445016508543958 0.4405009713665169 0.7254244064302919 0.6558326043642634 0.6246324659569938 2 4
0.7445016508543958 0.4405009713665169 0.7254244064302919 0.6558326043642634 0.6246324659569938 2 4
0.23280577513881962 0.17162222277728767 0.5914653720489507 0.058811265316397576 0.01182328669884014 4 5
0.17939857169672124 0.36935975760703055 0.2096739378971002 0.14696639744531848 0.7390046895669354 4 8
0.8857143842160555 0.6760739209157192 0.6639447132763854 0.5523257025076808 0.045902607279589946 3 3
0.8948747746224968 0.32953844312564673 0.21105422158070652 0.04657192342801886 0.6928506726923143 3 7
0.8948747746224968 0.32953844312564673 0.21105422158070652 0.04657192342801886 0.6928506726923143 3 7
0.26321849522955265 0.8690962462217127 0.9921288087800919 0.07037477321437846 0.6121493675838533 6 5
0.550904912325656 0.8739594760423268 0.6874948010986632 0.9773249502200745 0.2834627382162832 4 7
0.550904912325656 0.8739594760423268 0.6874948010986632 0.9773249502200745 0.2834627382162832 4 7
0.7970225472005241 0.4478598671968015 0.4379025424253612 0.13378366686456356 0.3126782736242131 4 7
0.9108440792244082 0.060501037171911465 0.6369448095769211 0.9902259543727435 0.09365305464565643 2 1
0.9108440792244082 0.060501037171911465 0.6369448095769211 0.9902259543727435 0.09365305464565643 2 1
0.6597664211844314 0.21580566449350058 0.6391162208065558 0.4376585127741788 0.3319618400951606 5 6
0.6597664211844314 0.21580566449350058 0.6391162208065558 0.4376585127741788 0.3319618400951606 5 6
0.8048918614064825 0.9405487624502782 0.5027284384647663 0.9249026570655721 0.4680186512928689 1 3
0.8048918614064825 0.9405487624502782 0.5027284384647663 0.9249026570655721 0.4680186512928689 1 3
0.8048918614064825 0.9405487624502782 0.5027284384647663 0.9249026570655721 0.4680186512928689 1 3
0.7445016508543958 0.4405009713665169 0.7254244064302919 0.6558326043642634 0.6246324659569938 2 4
0.23280577513881962 0.17162222277728767 0.5914653720489507 0.058811265316397576 0.01182328669884014 4 5
0.8857143842160555 0.6760739209157192 0.6639447132763854 0.5523257025076808 0.045902607279589946 3 3
0.8857143842160555 0.6760739209157192 0.6639447132763854 0.5523257025076808 0.045902607279589946 3 3
0.8948747746224968 0.32953844312564673 0.21105422158070652 0.04657192342801886 0.6928506726923143 3 7
0.8948747746224968 0.32953844312564673 0.21105422158070652 0.04657192342801886 0.6928506726923143 3 7
0.26321849522955265 0.8690962462217127 0.9921288087800919 0.07037477321437846 0.6121493675838533 6 5
0.504113539850139 0.198055366628047 0.07477949297673692 0.4693748202873437 0.5401195288787476 4 7
0.550904912325656 0.8739594760423268 0.6874948010986632 0.9773249502200745 0.2834627382162832 4 7
0.7074999147806879 0.11727665149202326 0.6439378776557771 0.7408469769182416 0.43942815511346334 4 6
0.29502336432383214 0.702761926670062 0.5729576601231365 0.98457223429974 0.5129618353429535 5 3
0.24494961096301082 0.3091908604113145 0.898744265232751 0.21349216976126173 0.915479344889806 8 4
0.24494961096301082 0.3091908604113145 0.898744265232751 0.21349216976126173 0.915479344889806 8 4
0.7077194820813233 0.3712506544841895 0.9201276264997554 0.5715404879911824 0.9330522773737838 2 3
0.7077194820813233 0.3712506544841895 0.9201276264997554 0.5715404879911824 0.9330522773737838 2 3
0.8048918614064825 0.9405487624502782 0.5027284384647663 0.9249026570655721 0.4680186512928689 1 3
0.8048918614064825 0.9405487624502782 0.5027284384647663 0.9249026570655721 0.4680186512928689 1 3
0.7445016508543958 0.4405009713665169 0.7254244064302919 0.6558326043642634 0.6246324659569938 2 4
0.23280577513881962 0.17162222277728767 0.5914653720489507 0.058811265316397576 0.01182328669884014 4 5
0.8857143842160555 0.6760739209157192 0.6639447132763854 0.5523257025076808 0.045902607279589946 3 3
0.8857143842160555 0.6760739209157192 0.6639447132763854 0.5523257025076808 0.045902607279589946 3 3
0.8948747746224968 0.32953844312564673 0.21105422158070652 0.04657192342801886 0.6928506726923143 3 7
0.8948747746224968 0.32953844312564673 0.21105422158070652 0.04657192342801886 0.6928506726923143 3 7
0.26321849522955265 0.8690962462217127 0.9921288087800919 0.07037477321437846 0.6121493675838533 6 5
0.550904912325656 0.8739594760423268 0.6874948010986632 0.9773249502200745 0.2834627382162832 4 7
0.7074999147806879 0.11727665149202326 0.6439378776557771 0.7408469769182416 0.43942815511346334 4 6
0.7074999147806879 0.11727665149202326 0.6439378776557771 0.7408469769182416 0.43942815511346334 4 6
0.29502336432383214 0.702761926670062 0.5729576601231365 0.98457223429974 0.5129618353429535 5 3
0.24494961096301082 0.3091908604113145 0.898744265232751 0.21349216976126173 0.915479344889806 8 4
0.7077194820813233 0.3712506544841895 0.9201276264997554 0.5715404879911824 0.9330522773737838 2 3
0.8048918614064825 0.9405487624502782 0.5027284384647663 0.9249026570655721 0.4680186512928689 1 3
0.8048918614064825 0.9405487624502782 0.5027284384647663 0.9249026570655721 0.4680186512928689 1 3
0.7445016508543958 0.4405009713665169 0.7254244064302919 0.6558326043642634 0.6246324659569938 2 4
0.8048918614064825 0.9405487624502782 0.5027284384647663 0.9249026570655721 0.4680186512928689 1 3
0.23280577513881962 0.17162222277728767 0.5914653720489507 0.058811265316397576 0.01182328669884014 4 5
0.23280577513881962 0.17162222277728767 0.5914653720489507 0.058811265316397576 0.01182328669884014 4 5
