population 0 fitness 1.0027039619675622 years 35.0 length 16
population 1 fitness 1.0027039619675622 years 35.0 length 16
population 2 fitness 1.0027834902607258 years 34.0 length 16
population 3 fitness 1.0028678384504448 years 33.0 length 16
population 4 fitness 1.0028678384504448 years 33.0 length 16
population 5 fitness 1.0030528602859572 years 31.0 length 16
population 6 fitness 1.0027217218625888 years 30.0 length 16
population 7 fitness 1.002815574340609 years 29.0 length 16
population 8 fitness 1.0029161305670595 years 28.0 length 16
population 9 fitness 1.0029161305670595 years 28.0 length 16
population 10 fitness 1.0030241354028764 years 27.0 length 16
population 11 fitness 1.0030241354028764 years 27.0 length 16
population 12 fitness 1.0017584253265368 years 18.0 length 15
population 13 fitness 1.0017584253265368 years 18.0 length 16
population 14 fitness 1.0018618621104507 years 17.0 length 16
population 15 fitness 1.0018618621104507 years 17.0 length 16
population 16 fitness 1.001978228492354 years 16.0 length 16
population 17 fitness 1.001978228492354 years 16.0 length 15
population 18 fitness 1.0024347427598204 years 26.0 length 16
population 19 fitness 1.0024347427598204 years 26.0 length 16
population 20 fitness 1.001541146761735 years 24.0 length 16
population 21 fitness 1.001541146761735 years 24.0 length 16
population 22 fitness 1.0014225970108324 years 13.0 length 16
population 23 fitness 1.0014225970108324 years 13.0 length 16
population 24 fitness 1.001541146761735 years 12.0 length 16
population 25 fitness 1.001541146761735 years 12.0 length 16
population 26 fitness 1.001681251012802 years 11.0 length 16
population 27 fitness 1.001681251012802 years 11.0 length 16
population 28 fitness 1.001849376114082 years 10.0 length 16
population 29 fitness 1.001849376114082 years 10.0 length 16
population 30 fitness 1.00205486234898 years 9.0 length 16
population 31 fitness 1.00205486234898 years 9.0 length 16
population 32 fitness 1.0018382352941178 years 8.0 length 16
population 33 fitness 1.0018382352941178 years 8.0 length 16
population 34 fitness 1.0021008403361344 years 7.0 length 16
population 35 fitness 1.0021008403361344 years 7.0 length 16
population 36 fitness 1.0 years 8.0 length 16
population 37 fitness 1.0 years 8.0 length 16
population 38 fitness 1.0 years 6.0 length 16
population 39 fitness 1.0 years 6.0 length 16

0.9005747401287982 0.8987298957065016 0.29678703184132327 0.3185860835043963 0.35868071147058844 4 6
0.17091162479798128 0.04595062426554353 0.0811652950321129 0.9766411707588033 0.8607937650943135 5 8
0.17091162479798128 0.04595062426554353 0.0811652950321129 0.9766411707588033 0.8607937650943135 5 8
0.6763914504007463 0.017917197748995917 0.28444920111258787 0.12920496380689472 0.5109211320690459 7 8
0.015456860707990239 0.760954668914614 0.5108038152228918 0.4252339886867812 0.7039864677088222 5 5
0.015456860707990239 0.760954668914614 0.5108038152228918 0.4252339886867812 0.7039864677088222 5 5
0.16998108040993087 0.6182516809504154 0.9030799966714047 0.38844939583559146 0.6736514971957465 8 5
0.1916118272598416 0.08384731360098086 0.6039673833300029 0.20661992708687482 0.19261977878717906 7 5
0.1916118272598416 0.08384731360098086 0.6039673833300029 0.20661992708687482 0.19261977878717906 7 5
0.8409420015202207 0.3348731604799323 0.18305902271867824 0.9421868810883133 0.688788314347675 1 8
0.737300815690305 0.6735391985034047 0.4471254748151904 0.9172507356079765 0.04098517566969462 6 5
0.737300815690305 0.6735391985034047 0.4471254748151904 0.9172507356079765 0.04098517566969462 6 5
0.09786110289342287 0.06606452359085146 0.9212734032297154 0.2308997760878022 0.6409941799392385 1 4
0.5029652640515887 0.9891483213207753 0.9639464974281908 0.3512276988285601 0.01835348079358312 6 2
0.4637127857312452 0.916984572405308 0.08851847966977244 0.15808380049003024 0.681598101447217 7 7
0.43779916208517256 0.30612089926871244 0.882091837566669 0.9302979048325316 0.27884512021220276 3 5
0.9005747401287982 0.8987298957065016 0.29678703184132327 0.3185860835043963 0.35868071147058844 4 6
0.17091162479798128 0.04595062426554353 0.0811652950321129 0.9766411707588033 0.8607937650943135 5 8
0.6763914504007463 0.017917197748995917 0.28444920111258787 0.12920496380689472 0.5109211320690459 7 8
0.6763914504007463 0.017917197748995917 0.28444920111258787 0.12920496380689472 0.5109211320690459 7 8
0.015456860707990239 0.760954668914614 0.5108038152228918 0.4252339886867812 0.7039864677088222 5 5
0.16998108040993087 0.6182516809504154 0.9030799966714047 0.38844939583559146 0.6736514971957465 8 5
0.677893744059459 0.9468580404488911 0.8808715427972453 0.9645239983882944 0.738892189590744 7 6
0.1916118272598416 0.08384731360098086 0.6039673833300029 0.20661992708687482 0.19261977878717906 7 5
0.8409420015202207 0.3348731604799323 0.18305902271867824 0.9421868810883133 0.688788314347675 1 8
0.737300815690305 0.6735391985034047 0.4471254748151904 0.9172507356079765 0.04098517566969462 6 5
0.737300815690305 0.6735391985034047 0.4471254748151904 0.9172507356079765 0.04098517566969462 6 5
0.09786110289342287 0.06606452359085146 0.9212734032297154 0.2308997760878022 0.6409941799392385 1 4
0.6137328634946143 0.5667600870473556 0.5329728640182714 0.3983835856856449 0.37559380597663083 8 4
0.5196986631478501 0.663090228023822 0.10615242142208281 0.12425428261132865 0.02441784960744997 4 6
0.43779916208517256 0.30612089926871244 0.882091837566669 0.9302979048325316 0.27884512021220276 3 5
0.43779916208517256 0.30612089926871244 0.882091837566669 0.9302979048325316 0.27884512021220276 3 5
0.9005747401287982 0.8987298957065016 0.29678703184132327 0.3185860835043963 0.35868071147058844 4 6
0.3499638465353272 0.3275283348454415 0.9080577822213948 0.08835272872460598 0.4000034555801686 2 5
0.17091162479798128 0.04595062426554353 0.0811652950321129 0.9766411707588033 0.8607937650943135 5 8
0.6763914504007463 0.017917197748995917 0.28444920111258787 0.12920496380689472 0.5109211320690459 7 8
0.015456860707990239 0.760954668914614 0.5108038152228918 0.4252339886867812 0.7039864677088222 5 5
0.16998108040993087 0.6182516809504154 0.9030799966714047 0.38844939583559146 0.6736514971957465 8 5
0.677893744059459 0.9468580404488911 0.8808715427972453 0.9645239983882944 0.738892189590744 7 6
0.1916118272598416 0.08384731360098086 0.6039673833300029 0.20661992708687482 0.19261977878717906 7 5
0.1916118272598416 0.08384731360098086 0.6039673833300029 0.20661992708687482 0.19261977878717906 7 5
0.737300815690305 0.6735391985034047 0.4471254748151904 0.9172507356079765 0.04098517566969462 6 5
0.737300815690305 0.6735391985034047 0.4471254748151904 0.9172507356079765 0.04098517566969462 6 5
0.737300815690305 0.6735391985034047 0.4471254748151904 0.9172507356079765 0.04098517566969462 6 5
0.6137328634946143 0.5667600870473556 0.5329728640182714 0.3983835856856449 0.37559380597663083 8 4
0.6137328634946143 0.5667600870473556 0.5329728640182714 0.3983835856856449 0.37559380597663083 8 4
0.5196986631478501 0.663090228023822 0.10615242142208281 0.12425428261132865 0.02441784960744997 4 6
0.43779916208517256 0.30612089926871244 0.882091837566669 0.9302979048325316 0.27884512021220276 3 5
0.9005747401287982 0.8987298957065016 0.29678703184132327 0.3185860835043963 0.35868071147058844 4 6
0.17091162479798128 0.04595062426554353 0.0811652950321129 0.9766411707588033 0.8607937650943135 5 8
0.17091162479798128 0.04595062426554353 0.0811652950321129 0.9766411707588033 0.8607937650943135 5 8
0.6763914504007463 0.017917197748995917 0.28444920111258787 0.12920496380689472 0.5109211320690459 7 8
0.015456860707990239 0.760954668914614 0.5108038152228918 0.4252339886867812 0.7039864677088222 5 5
0.015456860707990239 0.760954668914614 0.5108038152228918 0.4252339886867812 0.7039864677088222 5 5
0.16998108040993087 0.6182516809504154 0.9030799966714047 0.38844939583559146 0.6736514971957465 8 5
0.1916118272598416 0.08384731360098086 0.6039673833300029 0.20661992708687482 0.19261977878717906 7 5
0.1916118272598416 0.08384731360098086 0.6039673833300029 0.20661992708687482 0.19261977878717906 7 5
0.8409420015202207 0.3348731604799323 0.18305902271867824 0.9421868810883133 0.688788314347675 1 8
0.737300815690305 0.6735391985034047 0.4471254748151904 0.9172507356079765 0.04098517566969462 6 5
0.737300815690305 0.6735391985034047 0.4471254748151904 0.9172507356079765 0.04098517566969462 6 5
0.30461236104876244 0.19770007917504662 0.034187227369289475 0.9928603433472629 0.5453564694927383 4 1
0.4637127857312452 0.916984572405308 0.08851847966977244 0.15808380049003024 0.681598101447217 7 7
0.4637127857312452 0.916984572405308 0.08851847966977244 0.15808380049003024 0.681598101447217 7 7
0.7961221807722596 0.14809621971782994 0.7111804097863399 0.07806172858687921 0.12481275228887811 1 1
0.9005747401287982 0.8987298957065016 0.29678703184132327 0.3185860835043963 0.35868071147058844 4 6
0.17091162479798128 0.04595062426554353 0.0811652950321129 0.9766411707588033 0.8607937650943135 5 8
0.17091162479798128 0.04595062426554353 0.0811652950321129 0.9766411707588033 0.8607937650943135 5 8
0.6763914504007463 0.017917197748995917 0.28444920111258787 0.12920496380689472 0.5109211320690459 7 8
0.015456860707990239 0.760954668914614 0.5108038152228918 0.4252339886867812 0.7039864677088222 5 5
0.015456860707990239 0.760954668914614 0.5108038152228918 0.4252339886867812 0.7039864677088222 5 5
0.16998108040993087 0.6182516809504154 0.9030799966714047 0.38844939583559146 0.6736514971957465 8 5
0.1916118272598416 0.08384731360098086 0.6039673833300029 0.20661992708687482 0.19261977878717906 7 5
0.1916118272598416 0.08384731360098086 0.6039673833300029 0.20661992708687482 0.19261977878717906 7 5
0.737300815690305 0.6735391985034047 0.4471254748151904 0.9172507356079765 0.04098517566969462 6 5
0.737300815690305 0.6735391985034047 0.4471254748151904 0.9172507356079765 0.04098517566969462 6 5
0.737300815690305 0.6735391985034047 0.4471254748151904 0.9172507356079765 0.04098517566969462 6 5
0.09786110289342287 0.06606452359085146 0.9212734032297154 0.2308997760878022 0.6409941799392385 1 4
0.5029652640515887 0.9891483213207753 0.9639464974281908 0.3512276988285601 0.01835348079358312 6 2
0.4637127857312452 0.916984572405308 0.08851847966977244 0.15808380049003024 0.681598101447217 7 7
0.43779916208517256 0.30612089926871244 0.882091837566669 0.9302979048325316 0.27884512021220276 3 5
0.9005747401287982 0.8987298957065016 0.29678703184132327 0.3185860835043963 0.35868071147058844 4 6
0.17091162479798128 0.04595062426554353 0.0811652950321129 0.9766411707588033 0.8607937650943135 5 8
0.17091162479798128 0.04595062426554353 0.0811652950321129 0.9766411707588033 0.8607937650943135 5 8
0.6763914504007463 0.017917197748995917 0.28444920111258787 0.12920496380689472 0.5109211320690459 7 8
0.015456860707990239 0.760954668914614 0.5108038152228918 0.4252339886867812 0.7039864677088222 5 5
0.015456860707990239 0.760954668914614 0.5108038152228918 0.4252339886867812 0.7039864677088222 5 5
0.29580755650849055 0.9261505960521224 0.959685873941745 0.8014200921948474 0.572833035836953 3 1
0.1916118272598416 0.08384731360098086 0.6039673833300029 0.20661992708687482 0.19261977878717906 7 5
0.1916118272598416 0.08384731360098086 0.6039673833300029 0.20661992708687482 0.19261977878717906 7 5
0.8409420015202207 0.3348731604799323 0.18305902271867824 0.9421868810883133 0.688788314347675 1 8
0.737300815690305 0.6735391985034047 0.4471254748151904 0.9172507356079765 0.04098517566969462 6 5
0.737300815690305 0.6735391985034047 0.4471254748151904 0.9172507356079765 0.04098517566969462 6 5
0.09786110289342287 0.06606452359085146 0.9212734032297154 0.2308997760878022 0.6409941799392385 1 4
0.5029652640515887 0.9891483213207753 0.9639464974281908 0.3512276988285601 0.01835348079358312 6 2
0.4637127857312452 0.916984572405308 0.08851847966977244 0.15808380049003024 0.681598101447217 7 7
0.43779916208517256 0.30612089926871244 0.882091837566669 0.9302979048325316 0.27884512021220276 3 5
0.9005747401287982 0.8987298957065016 0.29678703184132327 0.3185860835043963 0.35868071147058844 4 6
0.17091162479798128 0.04595062426554353 0.0811652950321129 0.9766411707588033 0.8607937650943135 5 8
0.17091162479798128 0.04595062426554353 0.0811652950321129 0.9766411707588033 0.8607937650943135 5 8
0.6763914504007463 0.017917197748995917 0.28444920111258787 0.12920496380689472 0.5109211320690459 7 8
0.015456860707990239 0.760954668914614 0.5108038152228918 0.4252339886867812 0.7039864677088222 5 5
0.015456860707990239 0.760954668914614 0.5108038152228918 0.4252339886867812 0.7039864677088222 5 5
0.29580755650849055 0.9261505960521224 0.959685873941745 0.8014200921948474 0.572833035836953 3 1
0.1916118272598416 0.08384731360098086 0.6039673833300029 0.20661992708687482 0.19261977878717906 7 5
0.1916118272598416 0.08384731360098086 0.6039673833300029 0.20661992708687482 0.19261977878717906 7 5
0.8409420015202207 0.3348731604799323 0.18305902271867824 0.9421868810883133 0.688788314347675 1 8
0.737300815690305 0.6735391985034047 0.4471254748151904 0.9172507356079765 0.04098517566969462 6 5
0.737300815690305 0.6735391985034047 0.4471254748151904 0.9172507356079765 0.04098517566969462 6 5
0.09786110289342287 0.06606452359085146 0.9212734032297154 0.2308997760878022 0.6409941799392385 1 4
0.5029652640515887 0.9891483213207753 0.9639464974281908 0.3512276988285601 0.01835348079358312 6 2
0.4637127857312452 0.916984572405308 0.08851847966977244 0.15808380049003024 0.681598101447217 7 7
0.43779916208517256 0.30612089926871244 0.882091837566669 0.9302979048325316 0.27884512021220276 3 5
0.9005747401287982 0.8987298957065016 0.29678703184132327 0.3185860835043963 0.35868071147058844 4 6
0.17091162479798128 0.04595062426554353 0.0811652950321129 0.9766411707588033 0.8607937650943135 5 8
0.17091162479798128 0.04595062426554353 0.0811652950321129 0.9766411707588033 0.8607937650943135 5 8
0.6763914504007463 0.017917197748995917 0.28444920111258787 0.12920496380689472 0.5109211320690459 7 8
0.015456860707990239 0.760954668914614 0.5108038152228918 0.4252339886867812 0.7039864677088222 5 5
0.015456860707990239 0.760954668914614 0.5108038152228918 0.4252339886867812 0.7039864677088222 5 5
0.16998108040993087 0.6182516809504154 0.9030799966714047 0.38844939583559146 0.6736514971957465 8 5
0.1916118272598416 0.08384731360098086 0.6039673833300029 0.20661992708687482 0.19261977878717906 7 5
0.1916118272598416 0.08384731360098086 0.6039673833300029 0.20661992708687482 0.19261977878717906 7 5
0.8409420015202207 0.3348731604799323 0.18305902271867824 0.9421868810883133 0.688788314347675 1 8
0.737300815690305 0.6735391985034047 0.4471254748151904 0.9172507356079765 0.04098517566969462 6 5
0.737300815690305 0.6735391985034047 0.4471254748151904 0.9172507356079765 0.04098517566969462 6 5
0.09786110289342287 0.06606452359085146 0.9212734032297154 0.2308997760878022 0.6409941799392385 1 4
0.5029652640515887 0.9891483213207753 0.9639464974281908 0.3512276988285601 0.01835348079358312 6 2
0.4637127857312452 0.916984572405308 0.08851847966977244 0.15808380049003024 0.681598101447217 7 7
0.43779916208517256 0.30612089926871244 0.882091837566669 0.9302979048325316 0.27884512021220276 3 5
0.9005747401287982 0.8987298957065016 0.29678703184132327 0.3185860835043963 0.35868071147058844 4 6
0.17091162479798128 0.04595062426554353 0.0811652950321129 0.9766411707588033 0.8607937650943135 5 8
0.6763914504007463 0.017917197748995917 0.28444920111258787 0.12920496380689472 0.5109211320690459 7 8
0.015456860707990239 0.760954668914614 0.5108038152228918 0.4252339886867812 0.7039864677088222 5 5
0.015456860707990239 0.760954668914614 0.5108038152228918 0.4252339886867812 0.7039864677088222 5 5
0.015456860707990239 0.760954668914614 0.5108038152228918 0.4252339886867812 0.7039864677088222 5 5
0.1916118272598416 0.08384731360098086 0.6039673833300029 0.20661992708687482 0.19261977878717906 7 5
0.1916118272598416 0.08384731360098086 0.6039673833300029 0.20661992708687482 0.19261977878717906 7 5
0.1916118272598416 0.08384731360098086 0.6039673833300029 0.20661992708687482 0.19261977878717906 7 5
0.8409420015202207 0.3348731604799323 0.18305902271867824 0.9421868810883133 0.688788314347675 1 8
0.737300815690305 0.6735391985034047 0.4471254748151904 0.9172507356079765 0.04098517566969462 6 5
0.737300815690305 0.6735391985034047 0.4471254748151904 0.9172507356079765 0.04098517566969462 6 5
0.5029652640515887 0.9891483213207753 0.9639464974281908 0.3512276988285601 0.01835348079358312 6 2
0.5029652640515887 0.9891483213207753 0.9639464974281908 0.3512276988285601 0.01835348079358312 6 2
0.43779916208517256 0.30612089926871244 0.882091837566669 0.9302979048325316 0.27884512021220276 3 5
0.43779916208517256 0.30612089926871244 0.882091837566669 0.9302979048325316 0.27884512021220276 3 5
0.9005747401287982 0.8987298957065016 0.29678703184132327 0.3185860835043963 0.35868071147058844 4 6
0.17091162479798128 0.04595062426554353 0.0811652950321129 0.9766411707588033 0.8607937650943135 5 8
0.17091162479798128 0.04595062426554353 0.0811652950321129 0.9766411707588033 0.8607937650943135 5 8
0.6763914504007463 0.017917197748995917 0.28444920111258787 0.12920496380689472 0.5109211320690459 7 8
0.015456860707990239 0.760954668914614 0.5108038152228918 0.4252339886867812 0.7039864677088222 5 5
0.015456860707990239 0.760954668914614 0.5108038152228918 0.4252339886867812 0.7039864677088222 5 5
0.16998108040993087 0.6182516809504154 0.9030799966714047 0.38844939583559146 0.6736514971957465 8 5
0.677893744059459 0.9468580404488911 0.8808715427972453 0.9645239983882944 0.738892189590744 7 6
0.1916118272598416 0.08384731360098086 0.6039673833300029 0.20661992708687482 0.19261977878717906 7 5
0.737300815690305 0.6735391985034047 0.4471254748151904 0.9172507356079765 0.04098517566969462 6 5
0.737300815690305 0.6735391985034047 0.4471254748151904 0.9172507356079765 0.04098517566969462 6 5
0.5029652640515887 0.9891483213207753 0.9639464974281908 0.3512276988285601 0.01835348079358312 6 2
0.09786110289342287 0.06606452359085146 0.9212734032297154 0.2308997760878022 0.6409941799392385 1 4
0.5029652640515887 0.9891483213207753 0.9639464974281908 0.3512276988285601 0.01835348079358312 6 2
0.4637127857312452 0.916984572405308 0.08851847966977244 0.15808380049003024 0.681598101447217 7 7
0.43779916208517256 0.30612089926871244 0.882091837566669 0.9302979048325316 0.27884512021220276 3 5
0.9005747401287982 0.8987298957065016 0.29678703184132327 0.3185860835043963 0.35868071147058844 4 6
0.17091162479798128 0.04595062426554353 0.0811652950321129 0.9766411707588033 0.8607937650943135 5 8
0.17091162479798128 0.04595062426554353 0.0811652950321129 0.9766411707588033 0.8607937650943135 5 8
0.6763914504007463 0.017917197748995917 0.28444920111258787 0.12920496380689472 0.5109211320690459 7 8
0.015456860707990239 0.760954668914614 0.5108038152228918 0.4252339886867812 0.7039864677088222 5 5
0.015456860707990239 0.760954668914614 0.5108038152228918 0.4252339886867812 0.7039864677088222 5 5
0.29580755650849055 0.9261505960521224 0.959685873941745 0.8014200921948474 0.572833035836953 3 1
0.1916118272598416 0.08384731360098086 0.6039673833300029 0.20661992708687482 0.19261977878717906 7 5
0.1916118272598416 0.08384731360098086 0.6039673833300029 0.20661992708687482 0.19261977878717906 7 5
0.8409420015202207 0.3348731604799323 0.18305902271867824 0.9421868810883133 0.688788314347675 1 8
0.737300815690305 0.6735391985034047 0.4471254748151904 0.9172507356079765 0.04098517566969462 6 5
0.737300815690305 0.6735391985034047 0.4471254748151904 0.9172507356079765 0.04098517566969462 6 5
0.5029652640515887 0.9891483213207753 0.9639464974281908 0.3512276988285601 0.01835348079358312 6 2
0.5029652640515887 0.9891483213207753 0.9639464974281908 0.3512276988285601 0.01835348079358312 6 2
0.5196986631478501 0.663090228023822 0.10615242142208281 0.12425428261132865 0.02441784960744997 4 6
0.43779916208517256 0.30612089926871244 0.882091837566669 0.9302979048325316 0.27884512021220276 3 5
0.9005747401287982 0.8987298957065016 0.29678703184132327 0.3185860835043963 0.35868071147058844 4 6
0.3499638465353272 0.3275283348454415 0.9080577822213948 0.08835272872460598 0.4000034555801686 2 5
0.17091162479798128 0.04595062426554353 0.0811652950321129 0.9766411707588033 0.8607937650943135 5 8
0.6763914504007463 0.017917197748995917 0.28444920111258787 0.12920496380689472 0.5109211320690459 7 8
0.015456860707990239 0.760954668914614 0.5108038152228918 0.4252339886867812 0.7039864677088222 5 5
0.015456860707990239 0.760954668914614 0.5108038152228918 0.4252339886867812 0.7039864677088222 5 5
0.16998108040993087 0.6182516809504154 0.9030799966714047 0.38844939583559146 0.6736514971957465 8 5
0.1916118272598416 0.08384731360098086 0.6039673833300029 0.20661992708687482 0.19261977878717906 7 5
0.8409420015202207 0.3348731604799323 0.18305902271867824 0.9421868810883133 0.688788314347675 1 8
0.737300815690305 0.6735391985034047 0.4471254748151904 0.9172507356079765 0.04098517566969462 6 5
0.737300815690305 0.6735391985034047 0.4471254748151904 0.9172507356079765 0.04098517566969462 6 5
0.09786110289342287 0.06606452359085146 0.9212734032297154 0.2308997760878022 0.6409941799392385 1 4
0.6137328634946143 0.5667600870473556 0.5329728640182714 0.3983835856856449 0.37559380597663083 8 4
0.5196986631478501 0.663090228023822 0.10615242142208281 0.12425428261132865 0.02441784960744997 4 6
0.4637127857312452 0.916984572405308 0.08851847966977244 0.15808380049003024 0.681598101447217 7 7
0.43779916208517256 0.30612089926871244 0.882091837566669 0.9302979048325316 0.27884512021220276 3 5
0.9005747401287982 0.8987298957065016 0.29678703184132327 0.3185860835043963 0.35868071147058844 4 6
0.17091162479798128 0.04595062426554353 0.0811652950321129 0.9766411707588033 0.8607937650943135 5 8
0.17091162479798128 0.04595062426554353 0.0811652950321129 0.9766411707588033 0.8607937650943135 5 8
0.6763914504007463 0.017917197748995917 0.28444920111258787 0.12920496380689472 0.5109211320690459 7 8
0.015456860707990239 0.760954668914614 0.5108038152228918 0.4252339886867812 0.7039864677088222 5 5
0.16998108040993087 0.6182516809504154 0.9030799966714047 0.38844939583559146 0.6736514971957465 8 5
0.16998108040993087 0.6182516809504154 0.9030799966714047 0.38844939583559146 0.6736514971957465 8 5
0.1916118272598416 0.08384731360098086 0.6039673833300029 0.20661992708687482 0.19261977878717906 7 5
0.737300815690305 0.6735391985034047 0.4471254748151904 0.9172507356079765 0.04098517566969462 6 5
0.8409420015202207 0.3348731604799323 0.18305902271867824 0.9421868810883133 0.688788314347675 1 8
0.737300815690305 0.6735391985034047 0.4471254748151904 0.9172507356079765 0.04098517566969462 6 5
0.737300815690305 0.6735391985034047 0.4471254748151904 0.9172507356079765 0.04098517566969462 6 5
0.4637127857312452 0.916984572405308 0.08851847966977244 0.15808380049003024 0.681598101447217 7 7
0.4637127857312452 0.916984572405308 0.08851847966977244 0.15808380049003024 0.681598101447217 7 7
0.43779916208517256 0.30612089926871244 0.882091837566669 0.9302979048325316 0.27884512021220276 3 5
0.9005747401287982 0.8987298957065016 0.29678703184132327 0.3185860835043963 0.35868071147058844 4 6
0.17091162479798128 0.04595062426554353 0.0811652950321129 0.9766411707588033 0.8607937650943135 5 8
0.17091162479798128 0.04595062426554353 0.0811652950321129 0.9766411707588033 0.8607937650943135 5 8
0.6763914504007463 0.017917197748995917 0.28444920111258787 0.12920496380689472 0.5109211320690459 7 8
0.015456860707990239 0.760954668914614 0.5108038152228918 0.4252339886867812 0.7039864677088222 5 5
0.015456860707990239 0.760954668914614 0.5108038152228918 0.4252339886867812 0.7039864677088222 5 5
0.16998108040993087 0.6182516809504154 0.9030799966714047 0.38844939583559146 0.6736514971957465 8 5
0.1916118272598416 0.08384731360098086 0.6039673833300029 0.20661992708687482 0.19261977878717906 7 5
0.1916118272598416 0.08384731360098086 0.6039673833300029 0.20661992708687482 0.19261977878717906 7 5
0.8409420015202207 0.3348731604799323 0.18305902271867824 0.9421868810883133 0.688788314347675 1 8
0.737300815690305 0.6735391985034047 0.4471254748151904 0.9172507356079765 0.04098517566969462 6 5
0.737300815690305 0.6735391985034047 0.4471254748151904 0.9172507356079765 0.04098517566969462 6 5
0.09786110289342287 0.06606452359085146 0.9212734032297154 0.2308997760878022 0.6409941799392385 1 4
0.5029652640515887 0.9891483213207753 0.9639464974281908 0.3512276988285601 0.01835348079358312 6 2
0.5196986631478501 0.663090228023822 0.10615242142208281 0.12425428261132865 0.02441784960744997 4 6
0.43779916208517256 0.30612089926871244 0.882091837566669 0.9302979048325316 0.27884512021220276 3 5
0.17091162479798128 0.04595062426554353 0.0811652950321129 0.9766411707588033 0.8607937650943135 5 8
0.17091162479798128 0.04595062426554353 0.0811652950321129 0.9766411707588033 0.8607937650943135 5 8
0.17091162479798128 0.04595062426554353 0.0811652950321129 0.9766411707588033 0.8607937650943135 5 8
0.6763914504007463 0.017917197748995917 0.28444920111258787 0.12920496380689472 0.5109211320690459 7 8
0.015456860707990239 0.760954668914614 0.5108038152228918 0.4252339886867812 0.7039864677088222 5 5
0.015456860707990239 0.760954668914614 0.5108038152228918 0.4252339886867812 0.7039864677088222 5 5
0.16998108040993087 0.6182516809504154 0.9030799966714047 0.38844939583559146 0.6736514971957465 8 5
0.1916118272598416 0.08384731360098086 0.6039673833300029 0.20661992708687482 0.19261977878717906 7 5
0.737300815690305 0.6735391985034047 0.4471254748151904 0.9172507356079765 0.04098517566969462 6 5
0.8409420015202207 0.3348731604799323 0.18305902271867824 0.9421868810883133 0.688788314347675 1 8
0.737300815690305 0.6735391985034047 0.4471254748151904 0.9172507356079765 0.04098517566969462 6 5
0.737300815690305 0.6735391985034047 0.4471254748151904 0.9172507356079765 0.04098517566969462 6 5
0.30461236104876244 0.19770007917504662 0.034187227369289475 0.9928603433472629 0.5453564694927383 4 1
0.4637127857312452 0.916984572405308 0.08851847966977244 0.15808380049003024 0.681598101447217 7 7
0.4637127857312452 0.916984572405308 0.08851847966977244 0.15808380049003024 0.681598101447217 7 7
0.43779916208517256 0.30612089926871244 0.882091837566669 0.9302979048325316 0.27884512021220276 3 5
0.17091162479798128 0.04595062426554353 0.0811652950321129 0.9766411707588033 0.8607937650943135 5 8
0.17091162479798128 0.04595062426554353 0.0811652950321129 0.9766411707588033 0.8607937650943135 5 8
0.6763914504007463 0.017917197748995917 0.28444920111258787 0.12920496380689472 0.5109211320690459 7 8
0.015456860707990239 0.760954668914614 0.5108038152228918 0.4252339886867812 0.7039864677088222 5 5
0.015456860707990239 0.760954668914614 0.5108038152228918 0.4252339886867812 0.7039864677088222 5 5
0.16998108040993087 0.6182516809504154 0.9030799966714047 0.38844939583559146 0.6736514971957465 8 5
0.677893744059459 0.9468580404488911 0.8808715427972453 0.9645239983882944 0.738892189590744 7 6
0.1916118272598416 0.08384731360098086 0.6039673833300029 0.20661992708687482 0.19261977878717906 7 5
0.8409420015202207 0.3348731604799323 0.18305902271867824 0.9421868810883133 0.688788314347675 1 8
0.737300815690305 0.6735391985034047 0.4471254748151904 0.9172507356079765 0.04098517566969462 6 5
0.737300815690305 0.6735391985034047 0.4471254748151904 0.9172507356079765 0.04098517566969462 6 5
0.4637127857312452 0.916984572405308 0.08851847966977244 0.15808380049003024 0.681598101447217 7 7
0.5029652640515887 0.9891483213207753 0.9639464974281908 0.3512276988285601 0.01835348079358312 6 2
0.4637127857312452 0.916984572405308 0.08851847966977244 0.15808380049003024 0.681598101447217 7 7
0.43779916208517256 0.30612089926871244 0.882091837566669 0.9302979048325316 0.27884512021220276 3 5
0.7767803982043638 0.916951966572531 0.47127436003053225 0.4743880142347222 0.35252757769866283 7 8
0.9005747401287982 0.8987298957065016 0.29678703184132327 0.3185860835043963 0.35868071147058844 4 6
0.3499638465353272 0.3275283348454415 0.9080577822213948 0.08835272872460598 0.4000034555801686 2 5
0.17091162479798128 0.04595062426554353 0.0811652950321129 0.9766411707588033 0.8607937650943135 5 8
0.6763914504007463 0.017917197748995917 0.28444920111258787 0.12920496380689472 0.5109211320690459 7 8
0.015456860707990239 0.760954668914614 0.5108038152228918 0.4252339886867812 0.7039864677088222 5 5
0.015456860707990239 0.760954668914614 0.5108038152228918 0.4252339886867812 0.7039864677088222 5 5
0.16998108040993087 0.6182516809504154 0.9030799966714047 0.38844939583559146 0.6736514971957465 8 5
0.1916118272598416 0.08384731360098086 0.6039673833300029 0.20661992708687482 0.19261977878717906 7 5
0.8409420015202207 0.3348731604799323 0.18305902271867824 0.9421868810883133 0.688788314347675 1 8
0.737300815690305 0.6735391985034047 0.4471254748151904 0.9172507356079765 0.04098517566969462 6 5
0.737300815690305 0.6735391985034047 0.4471254748151904 0.9172507356079765 0.04098517566969462 6 5
0.09786110289342287 0.06606452359085146 0.9212734032297154 0.2308997760878022 0.6409941799392385 1 4
0.09786110289342287 0.06606452359085146 0.9212734032297154 0.2308997760878022 0.6409941799392385 1 4
0.5029652640515887 0.9891483213207753 0.9639464974281908 0.3512276988285601 0.01835348079358312 6 2
0.4637127857312452 0.916984572405308 0.08851847966977244 0.15808380049003024 0.681598101447217 7 7
0.43779916208517256 0.30612089926871244 0.882091837566669 0.9302979048325316 0.27884512021220276 3 5
0.17091162479798128 0.04595062426554353 0.0811652950321129 0.9766411707588033 0.8607937650943135 5 8
0.17091162479798128 0.04595062426554353 0.0811652950321129 0.9766411707588033 0.8607937650943135 5 8
0.17091162479798128 0.04595062426554353 0.0811652950321129 0.9766411707588033 0.8607937650943135 5 8
0.6763914504007463 0.017917197748995917 0.28444920111258787 0.12920496380689472 0.5109211320690459 7 8
0.015456860707990239 0.760954668914614 0.5108038152228918 0.4252339886867812 0.7039864677088222 5 5
0.015456860707990239 0.760954668914614 0.5108038152228918 0.4252339886867812 0.7039864677088222 5 5
0.16998108040993087 0.6182516809504154 0.9030799966714047 0.38844939583559146 0.6736514971957465 8 5
0.05522403271735299 0.9472011121772419 0.22356299220715348 0.48229380780442643 0.6673889887819827 8 4
0.1916118272598416 0.08384731360098086 0.6039673833300029 0.20661992708687482 0.19261977878717906 7 5
0.969685383731061 0.31290100264369314 0.3179992261575162 0.6630763017002311 0.10814418921500524 5 4
0.737300815690305 0.6735391985034047 0.4471254748151904 0.9172507356079765 0.04098517566969462 6 5
0.6137328634946143 0.5667600870473556 0.5329728640182714 0.3983835856856449 0.37559380597663083 8 4
0.5196986631478501 0.663090228023822 0.10615242142208281 0.12425428261132865 0.02441784960744997 4 6
0.4637127857312452 0.916984572405308 0.08851847966977244 0.15808380049003024 0.681598101447217 7 7
0.43779916208517256 0.30612089926871244 0.882091837566669 0.9302979048325316 0.27884512021220276 3 5
0.9005747401287982 0.8987298957065016 0.29678703184132327 0.3185860835043963 0.35868071147058844 4 6
0.3499638465353272 0.3275283348454415 0.9080577822213948 0.08835272872460598 0.4000034555801686 2 5
0.17091162479798128 0.04595062426554353 0.0811652950321129 0.9766411707588033 0.8607937650943135 5 8
0.6763914504007463 0.017917197748995917 0.28444920111258787 0.12920496380689472 0.5109211320690459 7 8
0.015456860707990239 0.760954668914614 0.5108038152228918 0.4252339886867812 0.7039864677088222 5 5
0.015456860707990239 0.760954668914614 0.5108038152228918 0.4252339886867812 0.7039864677088222 5 5
0.16998108040993087 0.6182516809504154 0.9030799966714047 0.38844939583559146 0.6736514971957465 8 5
0.1916118272598416 0.08384731360098086 0.6039673833300029 0.20661992708687482 0.19261977878717906 7 5
0.8409420015202207 0.3348731604799323 0.18305902271867824 0.9421868810883133 0.688788314347675 1 8
0.8409420015202207 0.3348731604799323 0.18305902271867824 0.9421868810883133 0.688788314347675 1 8
0.737300815690305 0.6735391985034047 0.4471254748151904 0.9172507356079765 0.04098517566969462 6 5
0.737300815690305 0.6735391985034047 0.4471254748151904 0.9172507356079765 0.04098517566969462 6 5
0.6137328634946143 0.5667600870473556 0.5329728640182714 0.3983835856856449 0.37559380597663083 8 4
0.5029652640515887 0.9891483213207753 0.9639464974281908 0.3512276988285601 0.01835348079358312 6 2
0.4637127857312452 0.916984572405308 0.08851847966977244 0.15808380049003024 0.681598101447217 7 7
0.43779916208517256 0.30612089926871244 0.882091837566669 0.9302979048325316 0.27884512021220276 3 5
0.9005747401287982 0.8987298957065016 0.29678703184132327 0.3185860835043963 0.35868071147058844 4 6
0.3499638465353272 0.3275283348454415 0.9080577822213948 0.08835272872460598 0.4000034555801686 2 5
0.17091162479798128 0.04595062426554353 0.0811652950321129 0.9766411707588033 0.8607937650943135 5 8
0.6763914504007463 0.017917197748995917 0.28444920111258787 0.12920496380689472 0.5109211320690459 7 8
0.015456860707990239 0.760954668914614 0.5108038152228918 0.4252339886867812 0.7039864677088222 5 5
0.015456860707990239 0.760954668914614 0.5108038152228918 0.4252339886867812 0.7039864677088222 5 5
0.16998108040993087 0.6182516809504154 0.9030799966714047 0.38844939583559146 0.6736514971957465 8 5
0.1916118272598416 0.08384731360098086 0.6039673833300029 0.20661992708687482 0.19261977878717906 7 5
0.8409420015202207 0.3348731604799323 0.18305902271867824 0.9421868810883133 0.688788314347675 1 8
0.8409420015202207 0.3348731604799323 0.18305902271867824 0.9421868810883133 0.688788314347675 1 8
0.737300815690305 0.6735391985034047 0.4471254748151904 0.9172507356079765 0.04098517566969462 6 5
0.737300815690305 0.6735391985034047 0.4471254748151904 0.9172507356079765 0.04098517566969462 6 5
0.6137328634946143 0.5667600870473556 0.5329728640182714 0.3983835856856449 0.37559380597663083 8 4
0.5029652640515887 0.9891483213207753 0.9639464974281908 0.3512276988285601 0.01835348079358312 6 2
0.4637127857312452 0.916984572405308 0.08851847966977244 0.15808380049003024 0.681598101447217 7 7
0.43779916208517256 0.30612089926871244 0.882091837566669 0.9302979048325316 0.27884512021220276 3 5
0.9005747401287982 0.8987298957065016 0.29678703184132327 0.3185860835043963 0.35868071147058844 4 6
0.17091162479798128 0.04595062426554353 0.0811652950321129 0.9766411707588033 0.8607937650943135 5 8
0.17091162479798128 0.04595062426554353 0.0811652950321129 0.9766411707588033 0.8607937650943135 5 8
0.6763914504007463 0.017917197748995917 0.28444920111258787 0.12920496380689472 0.5109211320690459 7 8
0.015456860707990239 0.760954668914614 0.5108038152228918 0.4252339886867812 0.7039864677088222 5 5
0.015456860707990239 0.760954668914614 0.5108038152228918 0.4252339886867812 0.7039864677088222 5 5
0.29580755650849055 0.9261505960521224 0.959685873941745 0.8014200921948474 0.572833035836953 3 1
0.1916118272598416 0.08384731360098086 0.6039673833300029 0.20661992708687482 0.19261977878717906 7 5
0.8409420015202207 0.3348731604799323 0.18305902271867824 0.9421868810883133 0.688788314347675 1 8
0.8409420015202207 0.3348731604799323 0.18305902271867824 0.9421868810883133 0.688788314347675 1 8
0.737300815690305 0.6735391985034047 0.4471254748151904 0.9172507356079765 0.04098517566969462 6 5
0.5029652640515887 0.9891483213207753 0.9639464974281908 0.3512276988285601 0.01835348079358312 6 2
0.5029652640515887 0.9891483213207753 0.9639464974281908 0.3512276988285601 0.01835348079358312 6 2
0.5029652640515887 0.9891483213207753 0.9639464974281908 0.3512276988285601 0.01835348079358312 6 2
0.4637127857312452 0.916984572405308 0.08851847966977244 0.15808380049003024 0.681598101447217 7 7
0.43779916208517256 0.30612089926871244 0.882091837566669 0.9302979048325316 0.27884512021220276 3 5
0.9005747401287982 0.8987298957065016 0.29678703184132327 0.3185860835043963 0.35868071147058844 4 6
0.17091162479798128 0.04595062426554353 0.0811652950321129 0.9766411707588033 0.8607937650943135 5 8
0.17091162479798128 0.04595062426554353 0.0811652950321129 0.9766411707588033 0.8607937650943135 5 8
0.6763914504007463 0.017917197748995917 0.28444920111258787 0.12920496380689472 0.5109211320690459 7 8
0.015456860707990239 0.760954668914614 0.5108038152228918 0.4252339886867812 0.7039864677088222 5 5
0.015456860707990239 0.760954668914614 0.5108038152228918 0.4252339886867812 0.7039864677088222 5 5
0.29580755650849055 0.9261505960521224 0.959685873941745 0.8014200921948474 0.572833035836953 3 1
0.1916118272598416 0.08384731360098086 0.6039673833300029 0.20661992708687482 0.19261977878717906 7 5
0.8409420015202207 0.3348731604799323 0.18305902271867824 0.9421868810883133 0.688788314347675 1 8
0.8409420015202207 0.3348731604799323 0.18305902271867824 0.9421868810883133 0.688788314347675 1 8
0.737300815690305 0.6735391985034047 0.4471254748151904 0.9172507356079765 0.04098517566969462 6 5
0.5029652640515887 0.9891483213207753 0.9639464974281908 0.3512276988285601 0.01835348079358312 6 2
0.5029652640515887 0.9891483213207753 0.9639464974281908 0.3512276988285601 0.01835348079358312 6 2
0.5029652640515887 0.9891483213207753 0.9639464974281908 0.3512276988285601 0.01835348079358312 6 2
0.4637127857312452 0.916984572405308 0.08851847966977244 0.15808380049003024 0.681598101447217 7 7
0.43779916208517256 0.30612089926871244 0.882091837566669 0.9302979048325316 0.27884512021220276 3 5
0.9005747401287982 0.8987298957065016 0.29678703184132327 0.3185860835043963 0.35868071147058844 4 6
0.3499638465353272 0.3275283348454415 0.9080577822213948 0.08835272872460598 0.4000034555801686 2 5
0.17091162479798128 0.04595062426554353 0.0811652950321129 0.9766411707588033 0.8607937650943135 5 8
0.6763914504007463 0.017917197748995917 0.28444920111258787 0.12920496380689472 0.5109211320690459 7 8
0.015456860707990239 0.760954668914614 0.5108038152228918 0.4252339886867812 0.7039864677088222 5 5
0.015456860707990239 0.760954668914614 0.5108038152228918 0.4252339886867812 0.7039864677088222 5 5
0.16998108040993087 0.6182516809504154 0.9030799966714047 0.38844939583559146 0.6736514971957465 8 5
0.1916118272598416 0.08384731360098086 0.6039673833300029 0.20661992708687482 0.19261977878717906 7 5
0.1916118272598416 0.08384731360098086 0.6039673833300029 0.20661992708687482 0.19261977878717906 7 5
0.8409420015202207 0.3348731604799323 0.18305902271867824 0.9421868810883133 0.688788314347675 1 8
0.737300815690305 0.6735391985034047 0.4471254748151904 0.9172507356079765 0.04098517566969462 6 5
0.737300815690305 0.6735391985034047 0.4471254748151904 0.9172507356079765 0.04098517566969462 6 5
0.6137328634946143 0.5667600870473556 0.5329728640182714 0.3983835856856449 0.37559380597663083 8 4
0.5029652640515887 0.9891483213207753 0.9639464974281908 0.3512276988285601 0.01835348079358312 6 2
0.4637127857312452 0.916984572405308 0.08851847966977244 0.15808380049003024 0.681598101447217 7 7
0.43779916208517256 0.30612089926871244 0.882091837566669 0.9302979048325316 0.27884512021220276 3 5
0.9005747401287982 0.8987298957065016 0.29678703184132327 0.3185860835043963 0.35868071147058844 4 6
0.17091162479798128 0.04595062426554353 0.0811652950321129 0.9766411707588033 0.8607937650943135 5 8
0.17091162479798128 0.04595062426554353 0.0811652950321129 0.9766411707588033 0.8607937650943135 5 8
0.6763914504007463 0.017917197748995917 0.28444920111258787 0.12920496380689472 0.5109211320690459 7 8
0.015456860707990239 0.760954668914614 0.5108038152228918 0.4252339886867812 0.7039864677088222 5 5
0.015456860707990239 0.760954668914614 0.5108038152228918 0.4252339886867812 0.7039864677088222 5 5
0.16998108040993087 0.6182516809504154 0.9030799966714047 0.38844939583559146 0.6736514971957465 8 5
0.1916118272598416 0.08384731360098086 0.6039673833300029 0.20661992708687482 0.19261977878717906 7 5
0.8409420015202207 0.3348731604799323 0.18305902271867824 0.9421868810883133 0.688788314347675 1 8
0.8409420015202207 0.3348731604799323 0.18305902271867824 0.9421868810883133 0.688788314347675 1 8
0.737300815690305 0.6735391985034047 0.4471254748151904 0.9172507356079765 0.04098517566969462 6 5
0.737300815690305 0.6735391985034047 0.4471254748151904 0.9172507356079765 0.04098517566969462 6 5
0.09786110289342287 0.06606452359085146 0.9212734032297154 0.2308997760878022 0.6409941799392385 1 4
0.5029652640515887 0.9891483213207753 0.9639464974281908 0.3512276988285601 0.01835348079358312 6 2
0.4637127857312452 0.916984572405308 0.08851847966977244 0.15808380049003024 0.681598101447217 7 7
0.43779916208517256 0.30612089926871244 0.882091837566669 0.9302979048325316 0.27884512021220276 3 5
0.9005747401287982 0.8987298957065016 0.29678703184132327 0.3185860835043963 0.35868071147058844 4 6
0.17091162479798128 0.04595062426554353 0.0811652950321129 0.9766411707588033 0.8607937650943135 5 8
0.17091162479798128 0.04595062426554353 0.0811652950321129 0.9766411707588033 0.8607937650943135 5 8
0.6763914504007463 0.017917197748995917 0.28444920111258787 0.12920496380689472 0.5109211320690459 7 8
0.015456860707990239 0.760954668914614 0.5108038152228918 0.4252339886867812 0.7039864677088222 5 5
0.015456860707990239 0.760954668914614 0.5108038152228918 0.4252339886867812 0.7039864677088222 5 5
0.29580755650849055 0.9261505960521224 0.959685873941745 0.8014200921948474 0.572833035836953 3 1
0.1916118272598416 0.08384731360098086 0.6039673833300029 0.20661992708687482 0.19261977878717906 7 5
0.8409420015202207 0.3348731604799323 0.18305902271867824 0.9421868810883133 0.688788314347675 1 8
0.8409420015202207 0.3348731604799323 0.18305902271867824 0.9421868810883133 0.688788314347675 1 8
0.737300815690305 0.6735391985034047 0.4471254748151904 0.9172507356079765 0.04098517566969462 6 5
0.737300815690305 0.6735391985034047 0.4471254748151904 0.9172507356079765 0.04098517566969462 6 5
0.6137328634946143 0.5667600870473556 0.5329728640182714 0.3983835856856449 0.37559380597663083 8 4
0.5196986631478501 0.663090228023822 0.10615242142208281 0.12425428261132865 0.02441784960744997 4 6
0.4637127857312452 0.916984572405308 0.08851847966977244 0.15808380049003024 0.681598101447217 7 7
0.43779916208517256 0.30612089926871244 0.882091837566669 0.9302979048325316 0.27884512021220276 3 5
0.9005747401287982 0.8987298957065016 0.29678703184132327 0.3185860835043963 0.35868071147058844 4 6
0.17091162479798128 0.04595062426554353 0.0811652950321129 0.9766411707588033 0.8607937650943135 5 8
0.17091162479798128 0.04595062426554353 0.0811652950321129 0.9766411707588033 0.8607937650943135 5 8
0.6763914504007463 0.017917197748995917 0.28444920111258787 0.12920496380689472 0.5109211320690459 7 8
0.015456860707990239 0.760954668914614 0.5108038152228918 0.4252339886867812 0.7039864677088222 5 5
0.015456860707990239 0.760954668914614 0.5108038152228918 0.4252339886867812 0.7039864677088222 5 5
0.16998108040993087 0.6182516809504154 0.9030799966714047 0.38844939583559146 0.6736514971957465 8 5
0.1916118272598416 0.08384731360098086 0.6039673833300029 0.20661992708687482 0.19261977878717906 7 5
0.1916118272598416 0.08384731360098086 0.6039673833300029 0.20661992708687482 0.19261977878717906 7 5
0.737300815690305 0.6735391985034047 0.4471254748151904 0.9172507356079765 0.04098517566969462 6 5
0.737300815690305 0.6735391985034047 0.4471254748151904 0.9172507356079765 0.04098517566969462 6 5
0.737300815690305 0.6735391985034047 0.4471254748151904 0.9172507356079765 0.04098517566969462 6 5
0.09786110289342287 0.06606452359085146 0.9212734032297154 0.2308997760878022 0.6409941799392385 1 4
0.5029652640515887 0.9891483213207753 0.9639464974281908 0.3512276988285601 0.01835348079358312 6 2
0.4637127857312452 0.916984572405308 0.08851847966977244 0.15808380049003024 0.681598101447217 7 7
0.43779916208517256 0.30612089926871244 0.882091837566669 0.9302979048325316 0.27884512021220276 3 5
0.9005747401287982 0.8987298957065016 0.29678703184132327 0.3185860835043963 0.35868071147058844 4 6
0.17091162479798128 0.04595062426554353 0.0811652950321129 0.9766411707588033 0.8607937650943135 5 8
0.17091162479798128 0.04595062426554353 0.0811652950321129 0.9766411707588033 0.8607937650943135 5 8
0.6763914504007463 0.017917197748995917 0.28444920111258787 0.12920496380689472 0.5109211320690459 7 8
0.015456860707990239 0.760954668914614 0.5108038152228918 0.4252339886867812 0.7039864677088222 5 5
0.015456860707990239 0.760954668914614 0.5108038152228918 0.4252339886867812 0.7039864677088222 5 5
0.16998108040993087 0.6182516809504154 0.9030799966714047 0.38844939583559146 0.6736514971957465 8 5
0.1916118272598416 0.08384731360098086 0.6039673833300029 0.20661992708687482 0.19261977878717906 7 5
0.737300815690305 0.6735391985034047 0.4471254748151904 0.9172507356079765 0.04098517566969462 6 5
0.8409420015202207 0.3348731604799323 0.18305902271867824 0.9421868810883133 0.688788314347675 1 8
0.737300815690305 0.6735391985034047 0.4471254748151904 0.9172507356079765 0.04098517566969462 6 5
0.737300815690305 0.6735391985034047 0.4471254748151904 0.9172507356079765 0.04098517566969462 6 5
0.30461236104876244 0.19770007917504662 0.034187227369289475 0.9928603433472629 0.5453564694927383 4 1
0.5029652640515887 0.9891483213207753 0.9639464974281908 0.3512276988285601 0.01835348079358312 6 2
0.4637127857312452 0.916984572405308 0.08851847966977244 0.15808380049003024 0.681598101447217 7 7
0.43779916208517256 0.30612089926871244 0.882091837566669 0.9302979048325316 0.27884512021220276 3 5
0.9005747401287982 0.8987298957065016 0.29678703184132327 0.3185860835043963 0.35868071147058844 4 6
0.17091162479798128 0.04595062426554353 0.0811652950321129 0.9766411707588033 0.8607937650943135 5 8
0.17091162479798128 0.04595062426554353 0.0811652950321129 0.9766411707588033 0.8607937650943135 5 8
0.6763914504007463 0.017917197748995917 0.28444920111258787 0.12920496380689472 0.5109211320690459 7 8
0.015456860707990239 0.760954668914614 0.5108038152228918 0.4252339886867812 0.7039864677088222 5 5
0.015456860707990239 0.760954668914614 0.5108038152228918 0.4252339886867812 0.7039864677088222 5 5
0.16998108040993087 0.6182516809504154 0.9030799966714047 0.38844939583559146 0.6736514971957465 8 5
0.677893744059459 0.9468580404488911 0.8808715427972453 0.9645239983882944 0.738892189590744 7 6
0.8409420015202207 0.3348731604799323 0.18305902271867824 0.9421868810883133 0.688788314347675 1 8
0.8409420015202207 0.3348731604799323 0.18305902271867824 0.9421868810883133 0.688788314347675 1 8
0.737300815690305 0.6735391985034047 0.4471254748151904 0.9172507356079765 0.04098517566969462 6 5
0.737300815690305 0.6735391985034047 0.4471254748151904 0.9172507356079765 0.04098517566969462 6 5
0.09786110289342287 0.06606452359085146 0.9212734032297154 0.2308997760878022 0.6409941799392385 1 4
0.5029652640515887 0.9891483213207753 0.9639464974281908 0.3512276988285601 0.01835348079358312 6 2
0.4637127857312452 0.916984572405308 0.08851847966977244 0.15808380049003024 0.681598101447217 7 7
0.43779916208517256 0.30612089926871244 0.882091837566669 0.9302979048325316 0.27884512021220276 3 5
0.9005747401287982 0.8987298957065016 0.29678703184132327 0.3185860835043963 0.35868071147058844 4 6
0.17091162479798128 0.04595062426554353 0.0811652950321129 0.9766411707588033 0.8607937650943135 5 8
0.17091162479798128 0.04595062426554353 0.0811652950321129 0.9766411707588033 0.8607937650943135 5 8
0.6763914504007463 0.017917197748995917 0.28444920111258787 0.12920496380689472 0.5109211320690459 7 8
0.015456860707990239 0.760954668914614 0.5108038152228918 0.4252339886867812 0.7039864677088222 5 5
0.015456860707990239 0.760954668914614 0.5108038152228918 0.4252339886867812 0.7039864677088222 5 5
0.16998108040993087 0.6182516809504154 0.9030799966714047 0.38844939583559146 0.6736514971957465 8 5
0.1916118272598416 0.08384731360098086 0.6039673833300029 0.20661992708687482 0.19261977878717906 7 5
0.1916118272598416 0.08384731360098086 0.6039673833300029 0.20661992708687482 0.19261977878717906 7 5
0.737300815690305 0.6735391985034047 0.4471254748151904 0.9172507356079765 0.04098517566969462 6 5
0.737300815690305 0.6735391985034047 0.4471254748151904 0.9172507356079765 0.04098517566969462 6 5
0.737300815690305 0.6735391985034047 0.4471254748151904 0.9172507356079765 0.04098517566969462 6 5
0.09786110289342287 0.06606452359085146 0.9212734032297154 0.2308997760878022 0.6409941799392385 1 4
0.5029652640515887 0.9891483213207753 0.9639464974281908 0.3512276988285601 0.01835348079358312 6 2
0.4637127857312452 0.916984572405308 0.08851847966977244 0.15808380049003024 0.681598101447217 7 7
0.43779916208517256 0.30612089926871244 0.882091837566669 0.9302979048325316 0.27884512021220276 3 5
0.9005747401287982 0.8987298957065016 0.29678703184132327 0.3185860835043963 0.35868071147058844 4 6
0.17091162479798128 0.04595062426554353 0.0811652950321129 0.9766411707588033 0.8607937650943135 5 8
0.17091162479798128 0.04595062426554353 0.0811652950321129 0.9766411707588033 0.8607937650943135 5 8
0.6763914504007463 0.017917197748995917 0.28444920111258787 0.12920496380689472 0.5109211320690459 7 8
0.015456860707990239 0.760954668914614 0.5108038152228918 0.4252339886867812 0.7039864677088222 5 5
0.015456860707990239 0.760954668914614 0.5108038152228918 0.4252339886867812 0.7039864677088222 5 5
0.16998108040993087 0.6182516809504154 0.9030799966714047 0.38844939583559146 0.6736514971957465 8 5
0.677893744059459 0.9468580404488911 0.8808715427972453 0.9645239983882944 0.738892189590744 7 6
0.8409420015202207 0.3348731604799323 0.18305902271867824 0.9421868810883133 0.688788314347675 1 8
0.8409420015202207 0.3348731604799323 0.18305902271867824 0.9421868810883133 0.688788314347675 1 8
0.737300815690305 0.6735391985034047 0.4471254748151904 0.9172507356079765 0.04098517566969462 6 5
0.5029652640515887 0.9891483213207753 0.9639464974281908 0.3512276988285601 0.01835348079358312 6 2
0.5029652640515887 0.9891483213207753 0.9639464974281908 0.3512276988285601 0.01835348079358312 6 2
0.5029652640515887 0.9891483213207753 0.9639464974281908 0.3512276988285601 0.01835348079358312 6 2
0.4637127857312452 0.916984572405308 0.08851847966977244 0.15808380049003024 0.681598101447217 7 7
0.43779916208517256 0.30612089926871244 0.882091837566669 0.9302979048325316 0.27884512021220276 3 5
0.9005747401287982 0.8987298957065016 0.29678703184132327 0.3185860835043963 0.35868071147058844 4 6
0.3499638465353272 0.3275283348454415 0.9080577822213948 0.08835272872460598 0.4000034555801686 2 5
0.17091162479798128 0.04595062426554353 0.0811652950321129 0.9766411707588033 0.8607937650943135 5 8
0.6763914504007463 0.017917197748995917 0.28444920111258787 0.12920496380689472 0.5109211320690459 7 8
0.015456860707990239 0.760954668914614 0.5108038152228918 0.4252339886867812 0.7039864677088222 5 5
0.015456860707990239 0.760954668914614 0.5108038152228918 0.4252339886867812 0.7039864677088222 5 5
0.16998108040993087 0.6182516809504154 0.9030799966714047 0.38844939583559146 0.6736514971957465 8 5
0.1916118272598416 0.08384731360098086 0.6039673833300029 0.20661992708687482 0.19261977878717906 7 5
0.8409420015202207 0.3348731604799323 0.18305902271867824 0.9421868810883133 0.688788314347675 1 8
0.8409420015202207 0.3348731604799323 0.18305902271867824 0.9421868810883133 0.688788314347675 1 8
0.737300815690305 0.6735391985034047 0.4471254748151904 0.9172507356079765 0.04098517566969462 6 5
0.737300815690305 0.6735391985034047 0.4471254748151904 0.9172507356079765 0.04098517566969462 6 5
0.5029652640515887 0.9891483213207753 0.9639464974281908 0.3512276988285601 0.01835348079358312 6 2
0.5029652640515887 0.9891483213207753 0.9639464974281908 0.3512276988285601 0.01835348079358312 6 2
0.4637127857312452 0.916984572405308 0.08851847966977244 0.15808380049003024 0.681598101447217 7 7
0.43779916208517256 0.30612089926871244 0.882091837566669 0.9302979048325316 0.27884512021220276 3 5
0.9005747401287982 0.8987298957065016 0.29678703184132327 0.3185860835043963 0.35868071147058844 4 6
0.17091162479798128 0.04595062426554353 0.0811652950321129 0.9766411707588033 0.8607937650943135 5 8
0.17091162479798128 0.04595062426554353 0.0811652950321129 0.9766411707588033 0.8607937650943135 5 8
0.6763914504007463 0.017917197748995917 0.28444920111258787 0.12920496380689472 0.5109211320690459 7 8
0.015456860707990239 0.760954668914614 0.5108038152228918 0.4252339886867812 0.7039864677088222 5 5
0.015456860707990239 0.760954668914614 0.5108038152228918 0.4252339886867812 0.7039864677088222 5 5
0.16998108040993087 0.6182516809504154 0.9030799966714047 0.38844939583559146 0.6736514971957465 8 5
0.677893744059459 0.9468580404488911 0.8808715427972453 0.9645239983882944 0.738892189590744 7 6
0.1916118272598416 0.08384731360098086 0.6039673833300029 0.20661992708687482 0.19261977878717906 7 5
0.8409420015202207 0.3348731604799323 0.18305902271867824 0.9421868810883133 0.688788314347675 1 8
0.737300815690305 0.6735391985034047 0.4471254748151904 0.9172507356079765 0.04098517566969462 6 5
0.5029652640515887 0.9891483213207753 0.9639464974281908 0.3512276988285601 0.01835348079358312 6 2
0.6137328634946143 0.5667600870473556 0.5329728640182714 0.3983835856856449 0.37559380597663083 8 4
0.5029652640515887 0.9891483213207753 0.9639464974281908 0.3512276988285601 0.01835348079358312 6 2
0.4637127857312452 0.916984572405308 0.08851847966977244 0.15808380049003024 0.681598101447217 7 7
0.43779916208517256 0.30612089926871244 0.882091837566669 0.9302979048325316 0.27884512021220276 3 5
0.9005747401287982 0.8987298957065016 0.29678703184132327 0.3185860835043963 0.35868071147058844 4 6
0.17091162479798128 0.04595062426554353 0.0811652950321129 0.9766411707588033 0.8607937650943135 5 8
0.17091162479798128 0.04595062426554353 0.0811652950321129 0.9766411707588033 0.8607937650943135 5 8
0.6763914504007463 0.017917197748995917 0.28444920111258787 0.12920496380689472 0.5109211320690459 7 8
0.015456860707990239 0.760954668914614 0.5108038152228918 0.4252339886867812 0.7039864677088222 5 5
0.015456860707990239 0.760954668914614 0.5108038152228918 0.4252339886867812 0.7039864677088222 5 5
0.16998108040993087 0.6182516809504154 0.9030799966714047 0.38844939583559146 0.6736514971957465 8 5
0.1916118272598416 0.08384731360098086 0.6039673833300029 0.20661992708687482 0.19261977878717906 7 5
0.1916118272598416 0.08384731360098086 0.6039673833300029 0.20661992708687482 0.19261977878717906 7 5
0.737300815690305 0.6735391985034047 0.4471254748151904 0.9172507356079765 0.04098517566969462 6 5
0.737300815690305 0.6735391985034047 0.4471254748151904 0.9172507356079765 0.04098517566969462 6 5
0.737300815690305 0.6735391985034047 0.4471254748151904 0.9172507356079765 0.04098517566969462 6 5
0.09786110289342287 0.06606452359085146 0.9212734032297154 0.2308997760878022 0.6409941799392385 1 4
0.5029652640515887 0.9891483213207753 0.9639464974281908 0.3512276988285601 0.01835348079358312 6 2
0.4637127857312452 0.916984572405308 0.08851847966977244 0.15808380049003024 0.681598101447217 7 7
0.43779916208517256 0.30612089926871244 0.882091837566669 0.9302979048325316 0.27884512021220276 3 5
0.9005747401287982 0.8987298957065016 0.29678703184132327 0.3185860835043963 0.35868071147058844 4 6
0.3499638465353272 0.3275283348454415 0.9080577822213948 0.08835272872460598 0.4000034555801686 2 5
0.17091162479798128 0.04595062426554353 0.0811652950321129 0.9766411707588033 0.8607937650943135 5 8
0.6763914504007463 0.017917197748995917 0.28444920111258787 0.12920496380689472 0.5109211320690459 7 8
0.015456860707990239 0.760954668914614 0.5108038152228918 0.4252339886867812 0.7039864677088222 5 5
0.015456860707990239 0.760954668914614 0.5108038152228918 0.4252339886867812 0.7039864677088222 5 5
0.16998108040993087 0.6182516809504154 0.9030799966714047 0.38844939583559146 0.6736514971957465 8 5
0.1916118272598416 0.08384731360098086 0.6039673833300029 0.20661992708687482 0.19261977878717906 7 5
0.8409420015202207 0.3348731604799323 0.18305902271867824 0.9421868810883133 0.688788314347675 1 8
0.737300815690305 0.6735391985034047 0.4471254748151904 0.9172507356079765 0.04098517566969462 6 5
0.737300815690305 0.6735391985034047 0.4471254748151904 0.9172507356079765 0.04098517566969462 6 5
0.737300815690305 0.6735391985034047 0.4471254748151904 0.9172507356079765 0.04098517566969462 6 5
0.09786110289342287 0.06606452359085146 0.9212734032297154 0.2308997760878022 0.6409941799392385 1 4
0.5029652640515887 0.9891483213207753 0.9639464974281908 0.3512276988285601 0.01835348079358312 6 2
0.4637127857312452 0.916984572405308 0.08851847966977244 0.15808380049003024 0.681598101447217 7 7
0.43779916208517256 0.30612089926871244 0.882091837566669 0.9302979048325316 0.27884512021220276 3 5
0.17091162479798128 0.04595062426554353 0.0811652950321129 0.9766411707588033 0.8607937650943135 5 8
0.17091162479798128 0.04595062426554353 0.0811652950321129 0.9766411707588033 0.8607937650943135 5 8
0.6763914504007463 0.017917197748995917 0.28444920111258787 0.12920496380689472 0.5109211320690459 7 8
0.015456860707990239 0.760954668914614 0.5108038152228918 0.4252339886867812 0.7039864677088222 5 5
0.015456860707990239 0.760954668914614 0.5108038152228918 0.4252339886867812 0.7039864677088222 5 5
0.16998108040993087 0.6182516809504154 0.9030799966714047 0.38844939583559146 0.6736514971957465 8 5
0.16998108040993087 0.6182516809504154 0.9030799966714047 0.38844939583559146 0.6736514971957465 8 5
0.1916118272598416 0.08384731360098086 0.6039673833300029 0.20661992708687482 0.19261977878717906 7 5
0.8409420015202207 0.3348731604799323 0.18305902271867824 0.9421868810883133 0.688788314347675 1 8
0.737300815690305 0.6735391985034047 0.4471254748151904 0.9172507356079765 0.04098517566969462 6 5
0.737300815690305 0.6735391985034047 0.4471254748151904 0.9172507356079765 0.04098517566969462 6 5
0.4637127857312452 0.916984572405308 0.08851847966977244 0.15808380049003024 0.681598101447217 7 7
0.30461236104876244 0.19770007917504662 0.034187227369289475 0.9928603433472629 0.5453564694927383 4 1
0.4637127857312452 0.916984572405308 0.08851847966977244 0.15808380049003024 0.681598101447217 7 7
0.4637127857312452 0.916984572405308 0.08851847966977244 0.15808380049003024 0.681598101447217 7 7
0.7961221807722596 0.14809621971782994 0.7111804097863399 0.07806172858687921 0.12481275228887811 1 1
0.9005747401287982 0.8987298957065016 0.29678703184132327 0.3185860835043963 0.35868071147058844 4 6
0.17091162479798128 0.04595062426554353 0.0811652950321129 0.9766411707588033 0.8607937650943135 5 8
0.17091162479798128 0.04595062426554353 0.0811652950321129 0.9766411707588033 0.8607937650943135 5 8
0.6763914504007463 0.017917197748995917 0.28444920111258787 0.12920496380689472 0.5109211320690459 7 8
0.015456860707990239 0.760954668914614 0.5108038152228918 0.4252339886867812 0.7039864677088222 5 5
0.16998108040993087 0.6182516809504154 0.9030799966714047 0.38844939583559146 0.6736514971957465 8 5
0.16998108040993087 0.6182516809504154 0.9030799966714047 0.38844939583559146 0.6736514971957465 8 5
0.677893744059459 0.9468580404488911 0.8808715427972453 0.9645239983882944 0.738892189590744 7 6
0.737300815690305 0.6735391985034047 0.4471254748151904 0.9172507356079765 0.04098517566969462 6 5
0.737300815690305 0.6735391985034047 0.4471254748151904 0.9172507356079765 0.04098517566969462 6 5
0.737300815690305 0.6735391985034047 0.4471254748151904 0.9172507356079765 0.04098517566969462 6 5
0.5029652640515887 0.9891483213207753 0.9639464974281908 0.3512276988285601 0.01835348079358312 6 2
0.09786110289342287 0.06606452359085146 0.9212734032297154 0.2308997760878022 0.6409941799392385 1 4
0.4637127857312452 0.916984572405308 0.08851847966977244 0.15808380049003024 0.681598101447217 7 7
0.43779916208517256 0.30612089926871244 0.882091837566669 0.9302979048325316 0.27884512021220276 3 5
0.43779916208517256 0.30612089926871244 0.882091837566669 0.9302979048325316 0.27884512021220276 3 5
0.9005747401287982 0.8987298957065016 0.29678703184132327 0.3185860835043963 0.35868071147058844 4 6
0.3499638465353272 0.3275283348454415 0.9080577822213948 0.08835272872460598 0.4000034555801686 2 5
0.6763914504007463 0.017917197748995917 0.28444920111258787 0.12920496380689472 0.5109211320690459 7 8
0.6763914504007463 0.017917197748995917 0.28444920111258787 0.12920496380689472 0.5109211320690459 7 8
0.015456860707990239 0.760954668914614 0.5108038152228918 0.4252339886867812 0.7039864677088222 5 5
0.16998108040993087 0.6182516809504154 0.9030799966714047 0.38844939583559146 0.6736514971957465 8 5
0.677893744059459 0.9468580404488911 0.8808715427972453 0.9645239983882944 0.738892189590744 7 6
0.1916118272598416 0.08384731360098086 0.6039673833300029 0.20661992708687482 0.19261977878717906 7 5
0.8409420015202207 0.3348731604799323 0.18305902271867824 0.9421868810883133 0.688788314347675 1 8
0.737300815690305 0.6735391985034047 0.4471254748151904 0.9172507356079765 0.04098517566969462 6 5
0.737300815690305 0.6735391985034047 0.4471254748151904 0.9172507356079765 0.04098517566969462 6 5
0.737300815690305 0.6735391985034047 0.4471254748151904 0.9172507356079765 0.04098517566969462 6 5
0.09786110289342287 0.06606452359085146 0.9212734032297154 0.2308997760878022 0.6409941799392385 1 4
0.5029652640515887 0.9891483213207753 0.9639464974281908 0.3512276988285601 0.01835348079358312 6 2
0.4637127857312452 0.916984572405308 0.08851847966977244 0.15808380049003024 0.681598101447217 7 7
0.43779916208517256 0.30612089926871244 0.882091837566669 0.9302979048325316 0.27884512021220276 3 5
0.9005747401287982 0.8987298957065016 0.29678703184132327 0.3185860835043963 0.35868071147058844 4 6
0.3499638465353272 0.3275283348454415 0.9080577822213948 0.08835272872460598 0.4000034555801686 2 5
0.6763914504007463 0.017917197748995917 0.28444920111258787 0.12920496380689472 0.5109211320690459 7 8
0.6763914504007463 0.017917197748995917 0.28444920111258787 0.12920496380689472 0.5109211320690459 7 8
0.015456860707990239 0.760954668914614 0.5108038152228918 0.4252339886867812 0.7039864677088222 5 5
0.16998108040993087 0.6182516809504154 0.9030799966714047 0.38844939583559146 0.6736514971957465 8 5
0.677893744059459 0.9468580404488911 0.8808715427972453 0.9645239983882944 0.738892189590744 7 6
0.1916118272598416 0.08384731360098086 0.6039673833300029 0.20661992708687482 0.19261977878717906 7 5
0.8409420015202207 0.3348731604799323 0.18305902271867824 0.9421868810883133 0.688788314347675 1 8
0.737300815690305 0.6735391985034047 0.4471254748151904 0.9172507356079765 0.04098517566969462 6 5
0.737300815690305 0.6735391985034047 0.4471254748151904 0.9172507356079765 0.04098517566969462 6 5
0.737300815690305 0.6735391985034047 0.4471254748151904 0.9172507356079765 0.04098517566969462 6 5
0.09786110289342287 0.06606452359085146 0.9212734032297154 0.2308997760878022 0.6409941799392385 1 4
0.5029652640515887 0.9891483213207753 0.9639464974281908 0.3512276988285601 0.01835348079358312 6 2
0.4637127857312452 0.916984572405308 0.08851847966977244 0.15808380049003024 0.681598101447217 7 7
0.43779916208517256 0.30612089926871244 0.882091837566669 0.9302979048325316 0.27884512021220276 3 5
0.9005747401287982 0.8987298957065016 0.29678703184132327 0.3185860835043963 0.35868071147058844 4 6
0.3499638465353272 0.3275283348454415 0.9080577822213948 0.08835272872460598 0.4000034555801686 2 5
0.17091162479798128 0.04595062426554353 0.0811652950321129 0.9766411707588033 0.8607937650943135 5 8
0.6763914504007463 0.017917197748995917 0.28444920111258787 0.12920496380689472 0.5109211320690459 7 8
0.015456860707990239 0.760954668914614 0.5108038152228918 0.4252339886867812 0.7039864677088222 5 5
0.015456860707990239 0.760954668914614 0.5108038152228918 0.4252339886867812 0.7039864677088222 5 5
0.16998108040993087 0.6182516809504154 0.9030799966714047 0.38844939583559146 0.6736514971957465 8 5
0.1916118272598416 0.08384731360098086 0.6039673833300029 0.20661992708687482 0.19261977878717906 7 5
0.8409420015202207 0.3348731604799323 0.18305902271867824 0.9421868810883133 0.688788314347675 1 8
0.737300815690305 0.6735391985034047 0.4471254748151904 0.9172507356079765 0.04098517566969462 6 5
0.737300815690305 0.6735391985034047 0.4471254748151904 0.9172507356079765 0.04098517566969462 6 5
0.737300815690305 0.6735391985034047 0.4471254748151904 0.9172507356079765 0.04098517566969462 6 5
0.5029652640515887 0.9891483213207753 0.9639464974281908 0.3512276988285601 0.01835348079358312 6 2
0.5029652640515887 0.9891483213207753 0.9639464974281908 0.3512276988285601 0.01835348079358312 6 2
0.4637127857312452 0.916984572405308 0.08851847966977244 0.15808380049003024 0.681598101447217 7 7
0.43779916208517256 0.30612089926871244 0.882091837566669 0.9302979048325316 0.27884512021220276 3 5
0.9005747401287982 0.8987298957065016 0.29678703184132327 0.3185860835043963 0.35868071147058844 4 6
0.3499638465353272 0.3275283348454415 0.9080577822213948 0.08835272872460598 0.4000034555801686 2 5
0.17091162479798128 0.04595062426554353 0.0811652950321129 0.9766411707588033 0.8607937650943135 5 8
0.6763914504007463 0.017917197748995917 0.28444920111258787 0.12920496380689472 0.5109211320690459 7 8
0.015456860707990239 0.760954668914614 0.5108038152228918 0.4252339886867812 0.7039864677088222 5 5
0.015456860707990239 0.760954668914614 0.5108038152228918 0.4252339886867812 0.7039864677088222 5 5
0.16998108040993087 0.6182516809504154 0.9030799966714047 0.38844939583559146 0.6736514971957465 8 5
0.1916118272598416 0.08384731360098086 0.6039673833300029 0.20661992708687482 0.19261977878717906 7 5
0.8409420015202207 0.3348731604799323 0.18305902271867824 0.9421868810883133 0.688788314347675 1 8
0.737300815690305 0.6735391985034047 0.4471254748151904 0.9172507356079765 0.04098517566969462 6 5
0.737300815690305 0.6735391985034047 0.4471254748151904 0.9172507356079765 0.04098517566969462 6 5
0.737300815690305 0.6735391985034047 0.4471254748151904 0.9172507356079765 0.04098517566969462 6 5
0.5029652640515887 0.9891483213207753 0.9639464974281908 0.3512276988285601 0.01835348079358312 6 2
0.5029652640515887 0.9891483213207753 0.9639464974281908 0.3512276988285601 0.01835348079358312 6 2
0.4637127857312452 0.916984572405308 0.08851847966977244 0.15808380049003024 0.681598101447217 7 7
0.43779916208517256 0.30612089926871244 0.882091837566669 0.9302979048325316 0.27884512021220276 3 5
