Bin size: 127
Num of Bins: 451
108
14
4
1
61
16
21
12
16
1
48
34
21
19
4
1
47
8
32
16
4
8
2
9
1
40
10
72
2
3
76
20
23
4
1
2
1
67
37
15
4
2
2
14
16
18
9
62
1
4
3
106
15
4
2
57
63
3
3
1
52
73
1
1
88
6
2
18
11
2
31
74
18
3
1
102
6
4
6
6
3
37
52
28
1
1
6
1
1
120
7
58
65
1
3
12
70
33
12
12
68
22
20
5
81
33
2
10
1
14
108
1
4
52
11
22
24
12
3
2
1
63
51
11
2
84
15
7
2
19
90
36
1
35
62
22
2
6
88
6
17
13
1
2
94
2
9
11
9
2
83
4
28
2
4
1
5
93
5
3
15
9
2
51
15
15
30
8
5
2
1
36
31
14
31
9
2
4
19
65
3
35
4
1
93
6
7
3
8
8
2
102
3
1
1
5
6
3
1
4
1
67
29
24
1
5
1
84
39
3
1
31
9
39
43
3
2
40
5
1
66
1
3
3
8
76
9
14
28
79
36
8
1
1
2
94
33
15
105
5
1
1
16
56
55
83
19
14
8
2
1
66
47
9
1
4
76
25
3
6
6
1
8
2
127
10
52
29
7
12
16
1
57
69
1
119
4
4
78
24
3
12
2
4
1
2
1
20
32
5
34
10
7
18
1
73
21
3
27
2
1
58
23
42
2
1
1
83
41
2
1
34
84
4
4
1
110
4
9
2
1
1
100
19
1
5
2
44
14
13
40
8
8
15
105
2
2
2
1
83
42
1
1
3
12
62
8
41
1
30
54
35
8
121
3
1
1
1
42
52
16
2
12
2
1
63
3
8
16
25
10
1
1
111
5
7
2
2
125
1
1
34
8
77
2
5
1
43
25
39
5
9
5
1
12
67
11
19
8
1
5
3
1
96
8
17
5
1
111
11
5
49
39
34
5
114
11
2
10
29
37
14
32
5
58
50
7
5
6
1
83
40
3
1
49
72
3
3
101
10
10
2
1
3
54
36
18
11
7
1
106
1
17
1
2
83
44
36
91
19
45
5
31
20
2
3
2
116
2
3
3
2
1
8
114
5
10
69
46
2
25
4
55
29
11
1
1
1
30
13
50
6
1
26
1
52
45
20
2
1
3
2
1
1
90
33
4
126
1
9
97
14
3
4
116
7
2
2
33
81
4
7
1
1
44
69
13
1
80
40
4
1
1
1
71
13
6
19
18
98
4
24
1
59
55
3
9
1
2
115
7
1
2
83
37
2
1
3
1
68
11
28
10
9
1
107
13
1
5
1
49
53
5
7
10
1
1
1
70
9
12
7
3
14
3
8
1
103
18
5
1
102
10
9
4
2
34
74
2
13
2
2
114
1
6
3
2
1
125
2
76
9
4
10
18
10
33
23
22
19
7
19
2
2
72
7
13
26
5
4
32
72
10
5
5
1
2
14
28
38
13
14
8
9
2
1
102
3
9
8
1
3
1
8
90
26
2
1
107
12
8
12
65
49
1
14
13
83
11
4
1
1
13
95
16
1
1
1
88
13
15
1
1
4
5
72
7
39
8
1
113
6
2
3
3
56
48
22
1
100
16
6
4
1
79
5
14
17
1
10
1
23
85
6
11
1
1
52
39
13
12
3
5
3
123
2
1
1
29
98
7
98
3
10
7
1
1
27
82
14
1
3
27
5
29
4
38
10
3
1
2
4
1
2
1
52
2
72
1
17
83
6
6
12
2
1
52
17
38
17
2
1
14
63
28
11
3
5
1
1
1
91
25
7
3
1
107
20
64
21
1
26
5
5
1
1
3
121
2
2
1
1
97
24
4
1
1
125
1
1
112
9
6
64
5
45
13
82
12
8
20
5
83
21
14
3
3
2
1
27
45
28
23
2
1
1
98
14
5
10
54
27
25
15
5
1
69
34
23
1
93
11
1
7
10
2
3
81
7
13
19
2
5
50
54
12
8
2
1
103
3
4
3
11
3
58
9
14
5
23
12
1
3
1
1
85
29
11
1
1
2
105
2
2
9
4
1
2
6
30
39
44
8
111
5
8
2
1
13
25
60
13
1
5
9
1
60
17
6
22
5
8
7
2
27
80
19
1
12
91
2
8
1
12
1
117
1
7
2
111
3
10
1
1
1
26
100
1
125
2
32
31
9
15
22
8
3
6
1
33
17
17
11
40
2
4
1
2
60
8
55
3
1
123
3
1
12
40
9
35
11
1
2
9
2
1
3
2
60
27
19
4
2
1
12
1
1
50
75
2
73
16
16
21
1
81
3
5
7
12
13
6
17
91
19
113
9
4
1
59
29
3
34
2
103
7
1
13
3
39
15
63
3
3
1
2
1
110
1
16
127
121
5
1
26
2
81
13
4
1
21
54
6
9
36
1
118
2
7
24
50
12
34
6
1
114
7
1
5
100
2
25
40
65
7
10
1
4
51
20
40
7
3
3
2
1
71
17
4
17
15
1
2
110
2
12
1
2
108
17
2
84
34
3
6
102
21
2
2
78
45
1
2
1
22
37
27
18
7
15
1
87
8
26
4
2
117
1
3
6
9
8
95
3
12
76
16
5
23
3
3
1
106
1
20
10
33
76
2
2
2
1
1
123
2
1
1
115
2
8
1
1
105
7
5
9
1
63
18
22
4
12
5
3
5
22
89
4
4
2
1
12
35
3
24
52
1
13
5
50
25
10
3
9
6
2
3
1
21
46
54
3
1
1
1
91
3
20
4
2
5
2
50
36
13
5
5
3
7
5
3
108
2
11
3
3
99
4
14
2
4
2
1
1
1
89
22
8
6
1
103
17
6
1
9
24
80
2
4
1
6
1
112
10
3
1
1
118
6
1
1
1
94
1
5
11
12
1
2
1
29
41
53
4
39
45
8
24
3
8
41
12
54
14
2
2
1
1
97
25
1
3
1
28
51
47
1
4
7
15
10
48
22
16
5
6
35
80
6
67
22
27
8
3
41
21
25
29
6
5
40
81
3
1
1
1
1
118
7
1
108
12
6
1
53
57
7
5
2
3
53
44
17
8
2
2
1
21
59
46
1
41
75
8
2
1
124
3
127
112
4
3
8
4
91
21
10
1
21
1
62
25
15
1
2
79
13
3
30
1
1
105
22
98
29
96
19
7
5
6
57
57
3
4
81
22
8
1
11
4
19
85
10
10
3
112
11
4
125
2
119
2
3
2
1
4
115
1
4
2
1
121
5
1
49
61
4
5
7
1
104
2
11
1
8
1
73
27
1
17
4
3
2
24
90
3
3
3
4
43
44
32
2
5
1
84
37
6
87
22
3
13
2
33
27
9
8
13
18
14
4
1
46
18
21
22
18
1
1
48
1
15
62
1
121
4
2
11
116
81
45
1
67
22
16
14
8
21
58
3
21
22
1
1
111
7
1
3
4
1
102
15
5
4
1
63
44
8
3
3
3
1
1
1
43
37
16
1
18
5
2
2
3
43
66
1
11
1
3
1
1
26
26
45
7
23
107
3
6
10
1
104
1
17
5
114
5
2
3
2
1
34
66
6
5
1
9
2
3
1
21
105
1
21
104
1
1
67
28
32
39
63
3
18
4
120
3
4
38
53
1
24
10
1
57
12
53
3
2
66
39
4
13
5
51
36
36
2
1
1
92
13
20
1
1
117
9
1
66
8
17
17
5
13
1
110
4
4
6
1
1
1
100
5
22
50
70
3
1
3
42
54
17
4
3
5
1
1
104
15
8
68
6
52
1
86
10
25
6
94
9
5
14
3
2
95
10
11
8
1
2
50
42
22
8
3
2
88
15
4
13
7
98
23
1
5
84
28
7
4
4
16
74
6
20
8
3
109
9
1
5
3
98
14
13
2
121
5
1
80
39
4
1
2
1
99
22
6
9
81
19
5
13
18
50
56
1
1
1
60
27
13
16
6
3
1
1
81
19
18
6
3
79
24
7
16
1
10
59
14
24
20
48
24
45
5
4
1
23
33
7
64
54
58
3
7
2
2
1
125
1
1
44
63
3
4
3
7
2
1
59
45
21
1
1
11
94
22
92
16
19
99
8
1
14
3
2
39
50
12
3
16
3
3
1
5
92
9
3
2
8
2
5
1
88
14
1
14
10
14
91
19
2
1
1
31
93
1
1
124
3
15
90
11
1
10
122
4
1
7
65
33
14
5
3
46
24
3
21
28
4
1
30
16
73
7
1
87
14
10
13
1
2
53
6
26
3
24
12
3
17
22
78
8
1
1
83
15
20
3
6
20
19
63
9
13
3
30
29
9
34
1
10
11
2
1
74
43
2
2
3
2
1
72
20
31
4
26
65
7
6
15
1
7
23
2
34
51
2
6
6
3
66
40
13
4
4
115
4
7
1
37
84
3
3
26
22
13
55
10
1
43
47
27
9
1
33
6
66
6
8
1
3
3
1
24
96
6
1
49
69
6
1
1
1
32
39
40
2
7
4
2
1
3
46
50
6
7
5
10
103
16
5
3
20
58
22
12
7
5
2
1
33
22
18
23
5
23
2
1
96
21
7
3
48
73
4
2
109
11
6
1
29
60
14
24
45
23
43
9
5
2
42
80
3
2
51
68
7
1
5
100
21
1
15
93
4
15
45
71
10
1
4
104
5
8
6
85
30
12
124
3
13
45
61
4
4
57
57
2
2
1
4
3
1
97
16
9
3
2
19
62
28
5
12
1
97
11
14
5
105
14
5
1
2
95
9
16
2
1
3
1
34
77
1
11
1
2
1
29
34
63
1
47
24
43
8
1
1
1
1
1
95
3
16
7
6
16
42
55
8
3
3
124
1
1
1
123
1
3
125
2
51
44
14
3
12
1
2
121
4
1
1
111
11
4
1
87
39
1
86
20
21
16
13
43
24
26
3
2
120
1
3
3
124
1
2
73
19
26
3
5
1
16
34
64
13
3
100
11
2
7
2
1
1
115
11
1
115
6
3
3
55
40
21
8
1
2
31
54
8
15
3
4
4
2
4
2
63
27
30
6
1
86
39
1
1
94
20
7
4
1
1
48
51
26
2
120
5
2
32
27
46
15
5
1
1
61
51
14
1
89
19
5
5
7
2
58
59
7
3
115
4
5
1
1
1
76
8
11
17
6
8
1
26
6
2
42
12
14
16
6
1
1
1
88
2
17
2
13
5
92
6
2
7
17
1
1
1
45
34
27
6
9
6
88
5
24
9
1
108
8
5
4
1
1
21
64
31
4
4
1
1
1
97
3
12
9
6
10
12
4
96
3
1
1
57
13
55
1
1
12
94
20
1
40
23
59
5
37
43
10
16
10
8
3
2
111
9
4
1
7
21
67
27
1
3
1
118
5
4
76
23
22
5
1
94
31
1
1
3
11
19
36
23
22
12
1
9
73
35
9
1
107
19
1
3
58
44
16
4
2
76
43
7
1
90
25
5
2
4
1
26
79
10
11
1
29
76
1
4
16
1
61
48
6
6
2
3
1
87
24
7
7
2
37
38
38
6
1
4
1
2
8
80
14
17
7
1
79
12
29
2
2
3
Number of elements: 2445
