Bin size: 280
Num of Bins: 465
129
5
36
77
30
2
1
164
41
42
33
273
6
1
199
14
42
20
4
1
94
165
21
138
40
12
37
23
16
11
2
1
182
19
2
75
2
201
77
2
158
58
56
1
7
105
90
33
21
13
10
4
4
93
104
6
41
1
18
14
2
1
5
19
45
169
36
1
3
2
197
1
53
15
11
2
1
228
33
12
3
4
202
21
26
3
5
15
1
7
44
210
22
3
1
113
100
25
26
15
1
169
35
39
31
5
1
182
94
1
2
1
271
2
1
6
38
49
105
58
15
12
1
1
1
194
8
20
6
33
6
1
4
6
2
100
127
18
6
7
6
15
1
172
23
20
9
10
43
2
1
170
24
52
32
2
174
57
20
29
235
29
1
12
1
2
1
32
149
76
8
9
1
2
1
1
207
41
20
3
6
1
1
1
161
19
45
3
25
6
9
5
6
1
193
47
30
5
4
1
116
31
110
23
101
148
6
14
10
1
20
164
3
35
45
5
8
247
18
12
1
1
1
153
35
11
59
7
8
3
1
2
1
74
41
94
9
49
11
1
1
70
19
67
79
15
13
17
205
21
45
9
173
12
25
69
1
153
44
59
14
1
3
1
1
3
1
219
60
1
123
80
54
10
1
8
2
1
1
198
71
5
3
3
129
38
76
30
4
2
1
251
4
25
194
66
5
12
2
1
139
36
67
9
22
5
2
38
138
7
23
47
7
11
9
108
59
88
19
2
4
274
5
1
267
11
2
130
52
37
16
40
1
3
1
47
71
108
31
15
6
2
190
70
14
3
2
1
271
1
2
6
25
80
8
135
15
8
9
69
120
2
59
17
10
3
256
13
5
4
1
1
163
78
23
10
6
38
166
65
5
6
151
40
84
1
3
1
228
5
37
7
1
1
1
263
11
3
1
2
192
41
6
34
1
5
1
153
21
22
71
7
3
3
93
34
130
4
18
1
152
78
27
9
1
8
2
1
1
1
145
135
236
38
2
2
2
222
6
21
15
13
1
1
1
66
149
35
5
1
14
8
1
1
17
239
10
9
1
4
59
183
16
20
2
15
208
50
3
4
28
38
160
54
146
15
82
18
2
1
3
6
3
4
194
74
10
1
1
44
194
32
2
6
2
104
96
67
6
3
2
1
1
217
48
2
10
1
1
1
110
56
21
81
7
5
246
12
17
2
2
1
175
33
1
3
40
26
2
124
5
31
91
1
18
9
1
272
4
4
126
149
1
1
1
1
1
275
3
2
39
214
9
9
7
2
220
47
3
2
6
2
179
26
10
32
8
14
1
1
5
4
193
18
51
15
1
1
1
168
5
18
51
19
7
12
202
67
2
3
1
3
1
1
156
108
3
6
6
1
219
7
44
1
3
5
1
149
17
79
23
3
6
1
1
1
59
107
43
39
24
2
3
2
1
173
92
14
1
38
137
74
8
17
6
30
227
20
2
1
186
77
14
2
1
75
115
61
12
3
10
4
37
79
123
13
5
13
1
6
2
1
181
25
73
1
140
71
23
24
2
10
8
2
225
22
8
14
3
3
5
22
43
103
71
28
11
2
75
52
140
1
9
2
1
120
57
69
4
26
3
1
40
71
124
30
10
3
2
79
10
168
23
278
2
52
194
23
8
2
1
218
55
1
3
1
2
106
57
70
15
26
1
4
1
217
18
38
3
2
1
1
68
16
163
19
13
1
226
4
12
17
16
2
1
2
6
109
99
10
33
12
5
3
3
77
14
119
30
7
5
25
2
1
96
156
5
16
1
1
1
2
2
261
10
9
29
113
95
14
3
12
13
1
265
10
3
1
1
77
3
166
10
22
1
1
165
65
23
5
16
1
3
1
1
201
38
15
24
1
1
227
24
17
9
2
1
30
49
32
163
3
2
1
6
224
50
58
114
9
81
12
5
1
236
39
5
276
1
3
275
5
163
28
5
64
20
269
9
1
1
151
80
32
7
4
3
1
2
143
104
5
25
2
1
176
52
3
27
6
2
13
1
26
10
31
77
87
14
27
3
5
25
172
23
57
1
2
28
213
35
3
1
253
2
2
7
9
3
3
1
140
10
119
11
92
64
61
14
48
1
39
174
36
11
6
8
4
1
1
260
14
2
1
1
2
273
6
1
69
134
35
9
23
6
3
1
155
111
5
2
5
1
1
127
145
1
3
1
3
220
14
8
6
13
3
6
5
2
2
1
175
42
32
18
6
6
1
75
124
48
6
15
2
3
3
4
192
2
41
6
22
15
1
1
273
6
1
20
57
138
50
10
1
4
111
169
205
31
22
6
15
1
123
128
12
1
11
3
2
239
17
20
1
3
51
165
37
4
18
1
3
1
260
4
7
1
8
110
101
9
43
16
1
157
39
29
25
14
7
1
6
2
233
12
11
14
7
1
1
1
95
14
132
11
2
11
11
1
1
1
1
3
115
3
153
2
2
2
218
3
13
34
6
1
3
1
1
216
47
14
2
1
196
18
43
19
1
3
53
97
75
17
2
16
4
6
5
2
2
1
225
40
6
5
1
3
32
114
54
50
28
2
9
111
57
17
45
29
8
2
2
259
4
7
4
6
195
41
44
168
31
51
11
16
1
2
132
53
68
17
9
1
202
51
15
2
8
2
11
189
68
7
1
1
2
1
199
71
7
1
1
1
24
191
24
20
12
6
1
1
1
170
64
43
2
1
272
2
5
1
72
156
31
8
9
1
3
147
52
30
3
28
15
2
3
19
260
1
145
33
56
10
35
1
62
140
40
26
4
7
1
74
144
33
18
3
1
4
2
1
200
55
13
2
8
1
1
147
104
1
13
2
7
2
4
191
56
5
6
3
1
17
1
174
83
12
8
2
1
147
31
61
5
34
1
1
112
6
65
22
12
55
3
2
2
1
200
74
1
3
1
1
147
24
102
5
1
1
98
79
62
5
31
3
1
1
41
124
17
34
11
36
4
10
1
1
1
231
33
10
3
1
2
7
143
66
42
9
12
1
8
228
43
1
60
180
21
9
8
2
235
30
12
1
2
252
15
1
10
1
1
202
8
68
1
1
241
31
5
3
269
6
2
3
42
192
36
2
6
2
202
39
15
10
7
6
1
184
44
15
6
5
12
13
1
137
68
1
71
3
207
47
10
13
1
2
79
95
16
75
12
3
246
5
12
17
106
134
7
23
7
3
147
86
20
7
5
11
4
251
19
4
2
2
1
1
273
1
6
16
205
54
3
1
1
115
34
5
125
1
123
44
50
30
18
5
1
7
1
1
111
118
13
35
2
1
33
223
8
13
1
2
241
17
8
4
10
233
3
10
15
19
153
119
7
1
153
27
59
24
11
4
2
271
1
1
2
1
1
3
270
5
2
1
2
33
123
49
48
22
3
2
86
165
10
5
13
1
246
1
21
4
5
1
2
224
40
13
1
1
1
113
6
38
74
23
8
7
9
2
63
214
2
1
175
15
44
46
212
36
30
1
1
119
105
28
24
2
1
1
13
182
61
16
2
4
2
5
170
27
52
15
4
1
3
2
1
26
115
64
36
10
22
5
1
1
153
60
35
29
1
1
1
30
151
50
27
8
13
1
279
1
263
15
2
189
67
16
5
2
1
28
42
9
182
2
12
5
253
24
3
103
42
72
44
14
1
1
1
1
1
110
170
272
2
2
3
1
42
229
7
1
1
100
170
6
2
2
167
4
98
9
2
55
79
21
103
4
14
2
2
197
18
7
44
10
1
3
276
3
1
38
86
152
4
210
11
29
29
1
115
98
23
28
13
2
1
205
8
25
41
1
162
89
5
6
11
6
1
5
244
15
3
10
1
1
1
70
193
17
187
23
12
7
51
20
146
42
21
6
11
31
1
1
1
66
67
3
142
1
1
208
62
7
3
198
12
7
60
3
249
29
2
174
37
43
6
4
7
1
6
2
172
59
28
3
10
3
4
1
211
65
2
1
1
15
31
71
57
39
66
1
76
37
54
42
12
24
20
9
4
1
1
93
30
21
23
67
43
3
137
132
5
3
1
2
231
10
2
3
21
9
4
58
19
188
3
2
2
2
1
4
1
273
1
6
130
98
45
1
3
3
55
19
182
3
21
95
156
5
2
4
9
4
2
1
2
137
115
15
11
1
1
234
19
19
1
2
1
3
1
62
169
24
15
8
1
1
147
54
11
19
26
1
12
5
4
1
153
43
46
7
1
28
1
1
121
47
40
72
105
66
102
4
2
1
240
5
32
1
2
38
150
47
13
1
3
13
9
3
1
1
1
55
184
29
9
1
2
96
129
12
40
2
1
125
71
35
46
1
2
85
169
22
1
3
127
116
10
5
14
7
1
20
107
84
29
35
3
2
142
98
26
13
1
129
27
35
36
45
6
1
1
61
6
76
99
19
8
2
2
3
3
1
221
57
1
1
206
68
4
2
8
91
144
29
1
7
222
1
11
23
14
3
2
2
1
1
44
211
20
2
2
1
47
222
1
9
1
143
72
9
28
17
9
1
1
273
6
1
90
160
28
2
223
3
2
47
1
2
1
1
106
115
39
14
3
2
1
165
28
58
20
3
5
1
35
45
150
49
1
179
98
1
1
1
40
154
51
17
13
1
2
1
1
59
2
105
8
43
59
1
3
62
157
44
3
9
5
130
52
71
20
5
1
1
202
35
26
3
6
5
3
239
6
17
13
4
1
17
64
69
42
70
8
9
1
158
25
79
12
4
2
48
114
98
20
69
101
12
89
1
5
1
2
52
216
11
1
251
18
9
2
271
7
2
84
195
1
86
96
30
39
15
11
3
248
15
2
5
2
1
4
2
1
277
2
1
89
58
17
113
1
2
175
51
18
17
11
8
130
83
10
23
19
13
1
1
130
43
52
21
29
2
3
31
161
1
41
21
9
15
1
252
10
2
14
2
190
42
26
13
3
1
5
182
69
16
2
11
73
161
8
23
13
2
111
150
3
1
13
2
194
77
1
6
1
1
279
1
136
90
25
12
12
5
178
16
47
12
10
8
2
3
3
1
263
9
6
1
1
88
138
19
29
4
2
188
54
8
18
1
3
4
1
2
1
80
105
27
23
13
17
1
7
3
1
1
1
1
25
240
4
6
1
4
104
64
15
90
5
1
1
234
6
5
33
2
164
110
2
3
1
164
101
10
5
266
3
6
3
1
1
247
32
1
112
98
69
1
92
142
27
7
5
4
2
1
72
35
80
41
46
6
261
15
1
2
1
132
79
24
6
35
4
127
15
119
18
1
30
33
178
12
26
1
54
182
27
8
8
1
190
30
12
45
1
2
280
162
114
4
12
74
16
58
89
16
11
1
3
104
61
22
62
2
26
1
2
109
79
19
51
9
9
3
1
171
3
19
67
12
6
1
1
111
130
23
5
3
1
2
1
1
3
191
85
3
1
271
8
1
250
14
2
2
1
11
87
69
83
9
20
9
1
2
3
82
60
3
36
96
61
171
21
20
7
160
66
10
40
1
2
1
72
168
31
5
1
3
185
1
63
19
2
5
5
24
166
24
62
1
1
1
1
224
25
5
3
9
1
13
73
90
114
1
1
1
172
75
33
194
14
25
24
4
8
4
7
60
62
118
27
7
3
2
1
26
165
66
11
12
246
21
6
2
1
1
3
201
29
33
17
279
1
190
3
70
10
7
265
3
9
1
1
1
213
18
17
32
78
95
82
4
2
15
3
1
84
16
172
2
4
1
1
39
1
205
34
1
4
232
44
72
142
41
23
1
1
118
133
6
3
17
2
1
196
5
21
30
11
5
1
5
1
1
2
1
1
97
158
1
17
7
135
127
8
7
2
1
210
65
5
269
9
1
1
111
154
7
5
3
124
20
61
70
2
2
1
126
134
14
1
3
2
62
105
7
72
1
22
6
4
1
251
14
2
2
3
2
2
4
150
90
18
15
1
1
1
3
1
113
4
33
15
95
15
4
1
3
169
12
35
52
2
7
80
106
83
7
4
214
62
3
1
180
23
11
17
44
1
2
1
1
153
99
8
10
6
1
2
1
108
74
80
10
3
1
4
104
125
30
19
2
236
32
6
5
1
56
41
90
45
38
2
7
1
47
88
100
6
29
6
4
192
3
30
8
27
14
3
3
79
132
59
9
1
108
145
11
11
1
2
2
227
4
43
4
2
99
173
2
3
3
274
5
1
279
1
19
113
25
115
1
6
1
86
158
8
28
203
50
15
10
1
1
223
38
9
10
216
13
25
1
25
110
38
23
92
2
8
6
1
211
37
16
9
2
2
3
233
19
19
9
276
4
94
126
17
38
1
2
2
104
3
19
121
17
15
1
256
20
1
1
2
153
70
20
2
10
5
18
1
1
28
40
16
143
43
3
4
3
255
16
7
2
279
1
227
28
19
2
4
162
65
6
41
6
69
128
8
4
19
45
2
1
2
2
186
92
1
1
205
57
10
6
2
199
28
12
10
14
3
1
8
2
3
94
119
52
12
2
1
173
33
3
3
51
16
1
83
140
31
6
18
2
108
84
64
1
18
1
4
189
50
19
18
3
1
174
43
46
5
5
2
3
2
264
2
13
1
111
78
6
30
35
14
2
3
1
177
49
19
24
3
8
Number of elements: 2917
