Bin size: 102
Num of Bins: 497
18
18
36
6
11
4
9
18
2
5
6
12
10
33
15
1
18
2
19
21
36
4
1
1
89
10
1
2
68
18
3
1
9
1
2
70
16
13
1
2
12
58
13
1
17
1
29
8
29
29
1
5
1
25
27
39
6
1
2
1
1
26
17
20
5
17
4
1
11
1
29
4
27
42
98
2
1
1
45
17
32
3
1
3
1
31
59
7
2
1
2
92
10
3
47
44
2
6
38
1
53
9
1
89
3
2
8
18
71
6
7
95
1
5
1
71
14
7
9
1
90
3
1
8
99
2
1
13
66
3
6
9
5
85
17
89
2
4
3
4
52
5
32
7
1
3
2
22
23
4
52
1
84
11
3
1
2
1
3
34
58
5
1
1
80
18
3
1
2
99
1
18
55
1
22
1
1
2
2
56
32
10
4
16
63
3
11
1
5
1
2
39
22
12
21
4
3
1
22
19
28
23
7
3
42
43
14
3
30
57
4
2
4
4
1
46
22
23
11
49
36
3
6
3
4
1
87
4
10
1
65
9
11
15
1
1
64
14
5
2
1
13
3
37
32
2
12
1
12
5
1
16
73
7
6
99
3
83
8
2
1
3
2
3
2
2
81
9
2
3
1
2
28
2
1
65
3
1
2
79
7
9
4
1
2
84
6
12
8
53
3
36
1
1
3
86
12
1
70
19
1
8
4
55
35
11
1
32
42
6
8
7
4
1
2
99
2
1
34
60
7
1
8
49
39
2
4
97
3
2
99
3
60
38
3
1
6
27
47
22
8
30
49
4
5
6
74
18
7
1
2
44
54
3
1
90
8
3
1
52
22
22
1
5
84
2
5
9
2
32
11
59
70
6
19
2
2
3
36
40
11
15
18
39
7
4
9
24
1
88
1
3
10
100
2
38
1
21
28
6
4
4
27
48
25
1
1
3
70
26
3
65
2
16
13
4
2
24
14
35
13
2
9
1
3
1
30
40
30
1
1
86
2
7
6
1
88
2
11
1
44
20
3
28
7
62
1
31
2
4
1
1
73
22
5
2
82
2
6
6
4
1
1
91
5
5
1
85
9
7
1
48
53
1
17
74
6
4
1
6
27
38
23
3
3
2
96
1
3
2
23
15
62
2
54
5
19
16
2
6
17
13
60
9
3
93
3
1
4
1
69
29
2
2
92
5
5
96
2
4
81
17
4
55
31
8
7
1
88
14
100
2
23
3
3
41
5
23
1
3
37
46
5
9
5
20
12
46
8
4
12
72
21
8
1
20
62
6
1
3
1
7
2
95
1
2
2
1
1
46
14
17
13
7
1
4
91
2
1
1
6
1
74
17
10
1
18
74
9
1
77
13
10
2
100
1
1
63
6
3
27
2
1
3
4
22
39
3
12
7
10
2
49
18
10
17
6
2
91
10
1
84
5
8
4
1
67
6
11
13
5
12
45
28
13
4
48
13
41
72
3
22
2
3
75
11
5
4
6
1
90
10
1
1
16
65
7
14
73
1
7
5
16
101
1
30
11
37
5
3
13
2
1
30
51
7
6
2
3
3
47
43
2
7
3
14
33
32
5
17
1
55
43
2
2
3
62
22
9
5
1
62
33
6
1
82
16
3
1
29
21
15
5
12
13
7
20
5
19
10
33
1
4
9
1
29
7
40
24
1
1
21
26
29
20
3
3
39
20
14
11
10
6
1
1
29
9
23
18
23
4
77
2
15
1
1
2
71
13
14
3
1
4
96
1
1
88
13
1
16
86
74
11
6
3
4
3
1
4
48
37
7
4
2
17
46
39
22
36
26
14
4
17
76
6
2
1
40
35
26
1
71
22
9
79
22
1
92
10
65
20
13
2
2
28
32
40
2
18
51
15
11
7
36
13
40
8
5
67
25
7
3
68
18
7
8
1
101
1
3
84
2
13
68
8
17
2
6
1
50
32
2
11
2
1
1
1
2
23
62
7
5
4
1
97
5
50
51
1
36
3
25
9
15
8
3
1
1
1
49
10
1
33
1
2
2
4
59
37
5
1
53
41
1
3
3
1
95
5
2
102
43
18
24
9
4
1
3
75
8
10
2
2
3
1
1
92
5
2
1
2
10
69
18
3
1
1
66
12
22
2
22
4
1
63
2
8
2
96
3
3
40
55
1
3
3
36
46
17
2
1
1
36
64
1
72
3
5
8
7
2
4
1
43
27
16
4
8
2
1
1
42
33
23
3
1
75
26
1
25
54
1
18
4
19
45
21
7
5
4
1
36
32
30
1
2
1
11
58
16
6
2
3
3
2
1
71
20
11
98
1
3
29
60
2
5
5
1
91
6
3
2
74
10
2
5
7
1
1
1
1
28
16
56
1
1
58
3
30
6
1
3
1
98
1
2
1
96
5
1
93
9
89
12
1
18
78
5
1
29
48
16
2
1
4
1
1
61
8
18
1
6
5
1
2
82
2
8
1
1
7
1
90
4
1
5
1
1
21
51
8
7
8
6
1
33
4
16
28
12
8
1
15
78
1
8
5
64
10
1
9
1
7
5
11
3
77
2
3
1
5
28
33
25
5
1
6
4
11
11
22
42
5
6
3
1
1
73
2
27
2
92
3
4
1
68
23
3
3
1
3
1
53
22
23
1
1
2
10
65
25
2
65
10
8
2
8
4
3
2
99
2
1
41
46
4
11
92
5
3
1
1
23
45
20
7
2
3
2
47
31
8
8
2
4
2
52
42
1
1
2
2
2
43
49
5
1
3
1
92
4
4
1
1
4
76
12
8
2
21
13
47
17
3
1
41
23
26
11
1
82
19
1
83
19
33
49
15
2
1
1
1
11
80
2
6
3
67
13
17
3
2
77
19
2
2
1
1
95
4
2
1
88
3
10
1
39
18
20
11
7
7
74
25
3
85
13
4
85
8
7
2
40
25
10
2
24
1
23
12
2
63
1
1
19
50
1
23
9
35
62
4
1
55
3
10
20
9
4
1
62
19
14
4
1
2
95
7
26
51
12
9
4
67
33
1
1
44
49
2
1
3
3
60
35
4
1
2
96
6
29
39
3
2
6
10
7
3
2
1
5
54
42
1
17
42
9
1
6
24
1
1
1
100
1
1
84
4
1
11
1
1
100
1
1
29
53
17
2
1
65
25
11
1
93
3
2
1
3
86
6
5
2
3
2
87
12
1
29
2
71
77
25
69
24
6
2
1
7
54
40
1
58
8
4
7
8
4
10
3
12
28
62
2
76
14
1
8
1
71
11
11
3
4
2
41
36
22
1
2
23
47
11
5
14
1
1
2
10
34
25
22
3
2
1
2
1
32
63
4
1
1
1
34
50
18
34
12
18
26
10
2
10
37
38
13
3
1
80
9
10
2
1
93
6
2
1
26
20
18
2
3
28
5
25
50
25
2
69
19
1
10
2
1
67
31
3
1
68
17
2
10
3
1
1
58
24
2
6
1
1
2
4
4
7
19
23
38
3
4
2
5
1
15
13
44
7
10
2
7
2
2
42
11
36
9
1
2
1
69
9
3
5
1
3
2
10
25
49
22
4
1
1
69
23
2
4
4
101
1
5
15
57
10
4
5
6
18
21
20
13
14
4
10
1
1
79
5
6
8
1
1
1
1
51
33
13
2
3
22
80
8
14
55
12
2
11
82
12
7
1
98
3
1
10
56
4
32
65
28
6
1
2
52
26
11
2
3
2
3
3
12
8
10
39
8
19
6
37
45
18
2
67
31
3
1
31
48
12
4
7
6
92
2
1
1
24
71
6
1
28
50
8
16
28
58
3
9
4
84
3
11
3
1
11
1
65
12
10
3
60
11
13
11
2
3
1
1
44
11
3
44
25
60
5
8
2
1
1
50
14
5
32
1
79
16
2
5
18
6
46
30
2
18
50
3
7
22
2
25
50
5
15
4
2
1
89
7
4
1
1
31
6
56
3
6
88
7
2
5
20
1
42
16
9
6
2
6
48
29
17
3
3
1
1
93
6
1
1
1
10
50
4
36
2
3
34
37
15
10
3
82
2
6
2
6
2
1
1
64
34
3
1
93
5
3
1
67
15
7
1
12
83
7
4
3
5
15
70
7
6
3
1
67
12
13
7
1
1
1
72
23
7
47
10
33
10
1
1
75
7
15
5
86
5
11
81
8
3
1
6
3
76
12
7
4
1
2
86
14
2
100
1
1
81
1
17
1
2
39
14
46
1
1
1
54
26
1
19
1
1
22
42
8
20
2
4
4
91
9
1
1
89
6
2
1
4
71
2
1
20
2
1
1
2
1
1
6
91
1
1
3
63
26
10
2
1
19
20
23
16
14
7
1
2
46
12
20
12
12
66
27
6
1
2
7
13
6
37
13
20
6
44
54
3
1
36
53
7
5
1
95
6
1
53
8
3
6
30
2
13
10
79
66
16
4
14
1
1
4
60
4
21
5
4
2
2
76
13
7
2
4
29
34
38
1
36
23
1
5
21
1
10
1
3
1
66
21
14
1
99
1
2
4
33
63
1
1
10
18
73
1
16
49
14
18
3
1
1
86
8
3
1
4
2
87
1
2
9
1
41
54
5
2
17
25
3
11
28
2
4
12
43
14
45
5
96
1
19
69
13
1
61
3
28
5
4
1
57
40
4
1
94
2
2
3
1
1
51
1
18
27
4
93
1
3
1
2
2
81
14
5
1
1
13
89
92
10
76
7
13
3
2
1
24
68
6
4
65
13
16
1
5
1
1
10
17
42
27
2
4
72
12
4
2
11
1
76
12
4
4
6
56
43
2
1
62
26
3
6
5
59
20
22
1
63
6
21
12
86
8
6
2
97
4
1
33
7
4
25
10
22
1
39
48
12
3
72
11
7
2
9
1
57
45
61
23
9
5
1
1
1
1
46
49
5
1
1
4
75
17
5
1
46
51
3
1
1
98
1
2
1
67
16
19
35
55
10
2
67
19
5
5
1
1
2
1
1
7
6
55
4
28
2
37
22
28
2
9
3
1
22
24
52
4
8
6
14
32
27
14
1
15
69
2
9
2
5
91
3
7
1
77
14
2
4
4
1
16
65
16
1
4
69
18
8
3
3
1
49
13
12
12
6
3
2
4
1
75
16
6
2
1
1
1
3
53
25
5
5
2
6
1
1
1
77
2
23
23
68
2
5
3
1
26
8
16
27
5
16
1
3
30
44
28
35
32
18
15
1
1
37
41
18
4
2
31
12
7
33
2
16
1
100
2
4
64
31
3
61
16
12
5
3
4
1
67
14
21
71
10
21
100
1
1
31
58
12
1
36
20
32
2
2
5
4
1
37
45
10
1
1
1
2
2
3
77
21
2
2
59
9
33
1
11
11
20
2
8
37
3
10
9
20
71
2
77
24
1
87
3
11
1
55
1
42
1
2
1
101
1
15
31
44
11
1
92
4
1
4
1
89
5
6
1
1
64
12
10
2
8
2
3
1
60
24
7
4
1
3
1
1
1
22
52
24
1
3
95
7
83
12
7
19
62
5
6
10
36
8
5
46
3
4
58
14
24
4
1
1
49
21
4
15
8
1
3
1
60
20
8
2
2
1
5
4
100
1
1
48
1
6
35
7
4
1
58
21
16
7
73
18
6
1
1
1
2
18
43
16
4
16
4
1
58
29
6
6
2
1
95
1
4
2
35
62
5
7
46
46
1
1
1
84
8
9
1
99
2
1
19
38
3
32
9
1
50
8
17
24
3
11
72
3
4
4
4
4
18
58
24
1
1
84
17
1
17
19
28
14
17
3
1
3
6
61
5
4
19
2
3
1
1
41
61
87
11
1
2
1
16
28
22
24
11
1
54
30
2
7
3
4
1
1
30
47
18
7
1
17
14
5
44
6
1
2
3
3
3
1
2
1
71
9
3
3
11
3
1
59
1
22
3
6
1
2
2
2
1
3
64
8
28
1
1
94
6
1
1
Number of elements: 2619
