Bin size: 168
Num of Bins: 442
166
2
115
26
1
25
1
134
12
9
12
1
133
15
9
5
3
2
1
19
13
108
3
8
9
1
5
2
155
1
7
2
3
15
30
121
1
1
36
45
29
38
4
6
6
1
2
1
150
6
6
3
1
2
71
40
49
1
3
3
1
86
69
9
2
1
1
87
52
4
11
2
3
5
1
3
53
32
80
2
1
129
34
4
1
61
71
8
12
5
2
3
3
3
139
9
9
11
51
57
22
23
6
4
2
1
2
16
132
8
4
8
18
45
103
1
1
145
12
6
2
3
78
47
32
7
4
10
96
57
5
89
57
13
1
7
1
25
46
36
12
30
17
1
1
111
34
6
10
1
3
2
1
102
15
9
26
5
2
9
139
19
4
1
3
1
1
129
35
2
2
89
15
7
20
16
15
3
1
2
14
118
2
20
6
3
1
4
117
49
2
139
2
10
16
1
110
16
42
98
32
35
3
85
78
2
1
1
1
127
41
141
25
2
160
7
1
73
70
15
5
1
2
1
1
34
103
2
11
8
8
2
146
1
17
4
162
1
5
14
10
85
48
8
1
2
68
16
62
16
3
3
121
2
40
3
2
72
69
18
8
1
103
65
60
103
5
33
129
3
2
1
127
35
1
1
4
167
1
133
6
10
4
7
2
2
1
2
1
137
14
11
3
2
1
16
102
24
17
9
101
64
1
1
1
16
89
46
15
1
1
89
42
3
6
15
12
1
45
57
8
24
28
5
1
151
15
2
39
40
15
63
9
1
1
53
66
17
10
16
6
66
85
7
9
1
73
90
5
72
75
12
9
74
71
11
12
42
18
64
20
14
7
3
132
9
4
23
53
11
2
1
66
17
9
6
1
2
54
55
8
6
36
7
2
95
73
87
37
39
1
1
2
1
106
35
7
7
2
5
1
4
1
28
31
21
11
29
33
14
1
131
10
24
2
1
77
28
21
41
1
61
92
9
3
3
127
40
1
90
31
5
30
3
6
3
2
147
11
7
1
107
45
10
3
2
1
12
83
55
2
1
13
1
1
114
41
1
9
1
1
1
57
98
10
2
1
36
63
57
10
1
1
112
44
1
8
2
1
53
44
35
27
3
4
2
16
111
9
18
13
1
88
54
7
6
5
7
1
11
98
34
17
4
3
1
6
90
23
42
7
46
101
18
3
68
80
11
1
1
3
4
36
4
94
33
1
7
128
23
6
1
3
104
59
3
2
103
12
22
26
2
1
2
112
21
11
5
16
3
9
150
9
109
25
2
10
8
10
4
29
26
8
14
40
9
20
11
3
3
3
1
1
85
10
60
11
1
1
157
6
4
1
95
30
11
24
5
1
1
1
13
137
15
1
2
92
26
17
22
2
4
3
2
49
29
79
10
1
40
114
7
7
133
4
11
16
4
65
103
112
32
8
11
5
23
103
5
35
1
1
100
52
7
6
1
1
1
28
18
59
7
17
13
24
2
79
10
56
15
7
1
104
23
18
2
6
4
11
26
131
8
3
1
89
4
53
10
8
3
102
60
6
131
27
5
3
1
1
61
106
1
99
42
23
2
1
1
71
27
56
4
5
5
41
34
36
3
5
28
8
10
2
1
11
38
101
10
6
1
1
121
41
6
65
96
3
3
1
168
1
47
60
33
27
160
5
3
122
4
8
5
5
10
13
1
72
59
3
15
3
2
10
3
1
18
42
10
96
1
1
132
14
6
5
11
61
56
24
22
5
88
40
7
20
7
1
2
3
65
33
67
3
155
6
6
1
80
85
2
1
9
84
63
5
4
2
1
19
49
33
52
4
5
5
1
57
51
23
12
1
21
1
2
90
58
19
1
44
35
84
1
3
1
40
88
1
12
3
14
6
3
1
68
47
30
3
3
6
11
110
38
6
12
2
44
106
4
12
1
1
156
1
10
1
147
16
3
2
81
49
30
2
4
2
88
30
42
8
54
106
7
1
118
3
28
18
1
57
76
11
3
9
7
1
2
1
1
122
19
19
7
1
143
16
4
3
1
1
165
2
1
69
68
31
149
18
1
134
22
10
2
67
67
34
97
70
1
15
139
2
12
34
4
47
53
27
3
70
21
21
21
21
9
5
54
45
16
19
16
10
6
2
32
111
11
8
1
5
126
23
1
17
1
11
117
21
11
8
70
14
64
2
5
13
42
113
1
1
4
7
99
62
5
2
123
36
2
1
6
159
5
4
119
14
9
12
14
30
69
4
24
29
10
1
1
128
27
6
3
4
79
56
6
18
6
3
80
35
37
4
1
6
5
90
56
17
2
2
1
4
129
8
25
1
1
168
153
3
7
3
1
1
45
6
110
5
1
1
47
110
7
2
1
1
110
43
3
10
1
1
108
17
29
13
1
57
5
100
1
2
1
2
140
12
2
9
1
4
100
9
19
24
12
3
1
141
4
15
8
78
4
23
49
1
11
2
158
2
7
1
42
125
1
18
73
74
1
1
1
120
25
23
12
104
23
15
9
3
1
1
3
101
41
21
1
1
32
25
106
2
3
107
47
13
1
88
3
61
16
84
35
15
26
5
2
1
115
19
33
1
91
56
16
1
1
3
7
39
24
51
3
11
29
3
1
141
14
6
6
1
149
8
10
1
10
22
108
24
3
1
158
8
1
1
74
5
26
19
31
6
7
134
32
2
49
65
53
1
69
95
3
1
153
1
7
1
1
4
1
19
60
22
65
2
96
36
29
2
1
4
40
112
14
2
126
40
2
16
70
36
39
7
89
57
21
1
31
22
86
5
13
9
2
143
7
18
37
103
14
7
7
105
49
5
6
3
39
46
8
4
28
31
5
3
3
1
20
141
3
3
1
164
1
3
33
132
2
1
51
111
1
2
3
42
88
18
2
14
1
1
2
137
30
1
88
68
8
1
2
1
11
83
67
5
1
1
33
35
29
34
13
14
8
1
1
64
98
6
132
18
8
7
2
1
49
81
22
2
5
1
8
32
34
101
1
123
3
27
15
27
104
2
16
10
9
93
16
38
13
5
2
1
4
69
52
18
12
6
6
1
39
106
9
2
10
2
79
62
4
5
6
2
2
7
1
11
116
37
4
127
32
4
5
71
94
1
1
1
5
111
46
3
3
113
48
2
2
3
149
11
1
1
2
3
1
93
28
18
17
8
4
3
95
58
1
10
1
74
21
9
35
5
11
1
3
7
1
1
28
17
7
88
21
4
2
1
6
143
5
14
86
5
39
34
3
1
50
105
8
2
3
168
91
42
2
2
9
17
5
28
61
1
40
1
13
24
70
14
25
39
3
15
1
1
60
108
12
31
32
33
39
5
2
2
8
4
79
5
33
47
2
1
1
149
19
56
95
14
1
1
1
62
44
16
9
6
15
4
7
2
2
1
145
13
10
115
47
3
3
129
31
8
163
2
1
1
1
42
13
52
9
38
13
1
84
39
19
1
14
1
1
3
1
5
69
7
70
13
5
1
2
1
94
59
1
6
8
13
43
61
14
6
21
4
1
4
1
30
67
48
14
5
4
2
65
99
2
91
3
57
13
4
5
28
126
7
2
77
52
1
29
9
100
28
5
33
1
1
168
79
36
26
19
7
1
138
2
3
5
11
9
64
100
4
144
19
3
2
18
24
52
58
12
2
1
1
101
11
7
1
38
10
35
119
2
9
1
1
1
42
73
21
1
30
1
132
12
6
6
10
1
1
48
50
53
16
1
73
63
21
10
1
156
12
129
28
6
3
2
98
4
35
6
22
3
156
2
7
3
83
8
36
11
5
15
1
1
7
1
160
2
5
1
64
88
10
6
105
36
11
6
4
5
1
64
43
8
17
16
12
5
2
1
54
27
1
66
1
2
1
10
4
2
57
111
61
43
11
20
2
29
2
34
10
84
4
32
1
2
1
46
9
18
15
7
45
22
3
3
91
35
18
8
5
7
1
3
29
37
66
1
1
2
25
6
1
7
136
18
7
136
17
11
3
1
81
30
20
32
5
156
2
7
3
25
54
76
8
4
1
64
89
1
9
3
1
1
61
7
33
39
24
4
81
1
40
11
10
9
12
2
2
81
50
14
9
7
7
77
1
61
16
11
1
1
56
2
75
33
1
1
136
17
5
9
1
94
60
8
5
1
135
5
6
15
3
4
164
3
1
37
12
94
10
11
2
1
1
65
77
14
11
1
113
42
8
4
1
13
29
84
28
14
66
96
3
2
1
152
13
1
1
1
15
97
16
25
2
10
3
71
79
7
10
1
89
64
5
6
2
2
5
83
35
36
2
5
1
1
73
44
32
3
11
4
1
4
19
13
63
44
4
17
1
1
1
1
124
36
1
5
1
1
99
41
21
1
2
2
2
52
29
14
73
22
59
61
3
18
3
1
1
44
4
91
4
16
8
1
8
29
16
48
11
35
1
17
1
1
1
128
33
4
1
2
121
31
2
11
3
104
22
10
22
8
2
141
12
4
4
7
99
31
33
1
3
1
132
29
6
1
89
75
2
1
1
23
1
95
20
5
8
11
4
1
161
3
3
1
166
2
67
91
1
4
2
2
1
133
8
2
4
12
4
1
3
1
53
102
11
2
91
2
47
23
3
2
68
27
25
3
45
17
135
1
1
4
9
1
115
29
10
13
1
88
20
16
34
1
6
3
83
62
19
2
2
60
28
67
9
3
1
148
13
5
1
1
167
1
156
1
5
4
1
1
14
113
10
26
1
4
98
35
16
2
5
11
1
54
75
14
23
2
104
40
24
130
7
20
11
52
69
46
1
141
10
2
12
1
2
127
40
1
121
17
9
6
9
1
2
2
1
38
117
11
1
1
48
93
3
24
109
48
5
2
2
1
1
131
30
5
1
1
121
43
2
1
1
125
19
19
3
1
1
105
32
21
7
1
1
1
2
38
45
45
20
2
3
6
5
2
26
130
10
1
1
15
150
2
1
91
70
5
1
1
165
2
1
131
12
20
3
2
32
24
15
89
3
4
1
123
27
13
5
126
16
12
12
1
1
143
13
12
16
34
20
31
30
14
1
12
6
3
1
58
21
88
1
68
9
76
10
3
1
1
151
6
2
9
102
31
33
2
34
91
9
13
11
3
6
1
112
43
13
36
67
11
27
1
8
10
4
1
2
1
67
48
43
10
53
14
44
48
9
104
14
36
10
4
7
125
31
2
3
123
13
17
3
12
53
113
2
65
47
30
11
14
1
129
32
7
90
58
5
14
1
64
99
2
2
1
138
6
15
7
1
1
61
8
33
39
18
2
1
1
1
1
3
19
26
26
81
13
3
17
14
136
1
137
16
15
141
1
1
16
6
2
1
94
43
2
13
12
3
1
134
17
4
2
6
5
118
45
2
3
39
109
11
7
2
69
81
11
2
2
1
1
1
84
2
79
1
1
1
96
61
7
3
1
145
3
12
6
2
61
72
14
5
3
6
1
1
3
2
80
41
36
9
1
1
32
12
60
49
12
2
1
95
24
35
12
1
1
159
6
3
28
89
15
29
1
1
2
3
93
22
35
5
13
74
80
7
6
1
87
25
40
16
6
71
66
11
10
2
2
45
5
21
82
2
9
2
2
72
90
1
3
1
1
25
129
2
11
1
69
39
48
6
6
84
39
43
1
1
168
74
60
13
6
14
1
16
62
71
6
7
5
1
Number of elements: 2499
