Bin size: 281
Num of Bins: 314
44
61
62
61
17
21
4
2
8
1
192
6
81
1
1
51
134
17
75
2
2
10
258
1
11
1
223
18
7
24
4
4
1
197
3
28
45
2
1
3
1
1
110
136
34
1
265
5
11
252
12
15
1
1
71
99
47
9
52
2
1
183
59
37
1
1
237
1
22
5
1
1
10
3
1
171
93
17
9
120
146
4
2
157
99
16
5
3
1
265
13
3
48
158
46
10
12
5
1
1
55
184
23
4
5
1
3
5
1
59
219
2
1
90
43
42
31
74
1
195
1
78
2
1
2
2
191
25
59
2
1
3
176
91
1
10
3
184
13
53
5
11
5
10
3
103
41
78
17
33
1
5
71
65
124
16
2
2
1
146
4
109
11
9
1
1
171
70
31
2
2
1
3
1
229
18
26
2
3
2
1
180
68
11
2
14
6
47
23
106
20
70
6
3
2
3
1
159
5
83
18
12
2
2
102
13
90
63
10
3
232
41
2
5
1
62
177
30
7
1
4
50
226
4
1
59
130
11
73
1
4
2
1
122
156
2
1
65
191
2
8
7
8
56
204
18
2
1
37
229
9
5
1
147
112
1
18
2
1
238
11
13
8
4
7
145
38
74
15
7
1
1
170
43
54
4
5
3
1
1
115
42
87
36
1
271
9
1
23
232
24
2
181
14
34
12
8
18
5
7
1
1
173
87
7
11
2
1
2
107
131
39
1
1
31
223
12
6
1
2
5
1
181
73
20
2
5
17
124
20
67
3
5
34
7
1
1
1
1
209
25
2
15
8
14
5
1
2
187
24
67
1
2
240
27
13
1
92
94
80
10
4
1
69
210
2
126
39
72
23
8
4
3
4
1
1
30
156
70
20
1
2
1
1
266
15
244
19
4
8
6
213
55
9
4
206
62
13
154
110
16
1
13
36
16
143
54
6
11
1
1
189
49
15
11
12
3
2
271
3
2
1
1
3
153
68
31
10
6
4
8
1
148
48
11
53
20
1
270
1
7
1
2
55
55
119
3
1
39
7
2
9
219
13
14
26
181
84
16
3
262
8
7
1
56
75
100
40
3
2
4
1
225
7
8
40
1
43
94
80
25
21
16
2
11
5
98
28
123
12
2
2
89
143
18
4
2
3
2
16
3
1
35
133
70
9
34
225
33
2
14
5
1
1
15
12
115
47
61
11
4
2
13
1
101
51
94
32
2
1
99
134
16
13
9
10
29
154
79
2
9
2
4
1
1
165
35
59
18
1
3
155
117
1
5
2
1
35
156
79
7
2
1
1
65
93
51
15
15
38
2
1
1
142
87
22
27
2
1
113
70
80
18
155
79
9
30
2
2
2
1
1
61
99
14
101
3
1
2
100
142
27
9
1
2
256
5
17
3
55
51
160
14
1
4
183
69
21
4
211
70
28
111
74
29
30
6
2
1
96
158
16
2
6
1
2
241
9
19
7
5
141
42
40
49
4
5
1
213
58
6
1
2
250
25
4
2
194
82
4
1
192
57
19
11
2
142
125
8
1
2
1
1
1
161
85
33
1
1
269
9
1
1
1
226
44
8
2
1
279
2
66
94
32
82
1
4
1
1
74
159
14
2
10
12
10
223
3
15
7
2
26
3
2
58
9
197
16
1
149
66
23
38
3
2
277
4
206
46
26
1
1
1
89
29
91
2
64
2
4
5
60
81
116
19
6
205
49
14
5
2
51
26
61
128
9
5
1
138
14
11
73
40
2
3
141
70
50
7
2
3
3
1
4
99
57
22
71
14
5
3
3
3
2
1
1
267
5
4
1
1
1
2
181
87
5
1
4
3
19
217
29
8
1
5
2
156
4
35
79
1
4
2
247
15
4
9
6
223
31
13
4
10
82
171
3
14
9
2
25
92
12
100
6
38
4
2
2
209
5
39
3
24
1
62
144
48
6
21
163
44
36
9
5
5
5
13
1
206
54
9
12
44
54
181
2
59
101
90
28
2
1
36
221
13
6
4
1
244
28
4
4
1
238
25
18
67
211
2
1
103
64
45
39
4
5
13
3
1
2
1
1
235
19
27
72
117
89
2
1
128
89
7
24
14
3
11
5
264
13
2
2
8
34
77
53
66
8
22
4
7
2
242
32
6
1
139
109
15
13
1
2
2
82
18
80
46
11
19
14
9
1
1
204
2
24
48
2
1
178
64
18
14
5
2
183
4
52
40
1
1
245
36
156
34
9
11
49
12
10
204
11
11
3
41
3
6
2
250
3
2
1
24
1
145
110
3
7
6
3
3
3
1
64
15
103
43
45
3
1
5
2
78
186
9
6
1
1
188
1
2
5
37
3
8
17
5
14
1
65
133
82
1
24
19
135
82
6
6
1
2
6
76
111
50
17
22
5
235
29
2
7
7
1
3
4
264
8
1
1
279
2
154
102
6
1
15
1
2
176
38
2
59
6
43
114
104
6
2
10
1
1
12
47
87
50
25
26
5
29
200
39
16
17
7
2
250
7
17
3
2
1
1
228
48
1
3
1
276
4
1
176
2
26
23
36
2
14
2
261
18
1
1
249
27
2
1
1
1
53
11
189
20
8
154
100
10
14
2
1
228
40
11
1
1
262
10
2
2
4
1
108
62
53
22
5
5
14
3
4
5
156
104
13
5
2
1
196
41
29
6
7
1
1
182
41
54
1
1
1
1
127
114
12
16
2
4
5
1
152
5
113
6
2
2
1
184
42
20
8
13
12
2
229
22
13
10
1
6
184
1
32
43
11
7
2
1
184
65
21
5
2
1
3
73
27
121
47
6
7
49
155
58
2
2
13
1
1
134
86
57
2
2
168
9
13
71
15
2
2
1
38
66
39
128
8
1
1
157
87
2
19
10
1
2
1
2
209
68
4
264
9
6
2
73
24
62
22
37
20
14
16
5
1
2
4
1
161
90
28
2
276
2
2
1
113
70
86
5
1
2
1
3
252
18
6
5
37
42
136
65
1
63
45
40
61
44
20
7
1
214
66
1
207
35
37
2
13
155
102
8
3
63
18
66
96
17
10
7
3
1
246
11
4
11
1
4
4
98
179
1
1
1
1
270
1
2
5
3
176
69
2
9
25
69
124
87
1
112
137
27
4
1
142
38
93
5
2
1
161
54
36
2
22
6
199
30
3
21
13
3
12
85
59
134
3
65
36
148
27
1
4
32
77
89
19
13
50
1
10
144
52
62
8
4
1
230
13
28
10
54
78
6
54
58
6
1
16
7
1
179
73
29
51
168
26
16
9
5
4
2
2
165
80
14
6
12
2
117
161
2
1
248
23
6
1
1
1
1
96
105
16
21
6
6
9
15
2
3
1
1
186
79
12
2
1
1
188
29
31
24
4
5
19
79
136
20
9
3
2
7
1
2
2
1
94
166
2
18
1
86
76
112
7
163
105
5
7
1
53
176
1
14
16
17
2
2
247
28
4
1
1
40
29
4
195
8
2
1
1
1
146
107
17
2
5
3
1
60
202
5
1
1
10
1
1
232
14
22
4
1
8
228
33
16
3
1
255
25
1
24
56
78
14
101
3
2
2
1
81
53
114
22
2
1
4
1
1
1
1
174
69
13
13
9
1
2
97
13
115
7
35
3
11
85
157
16
10
4
5
2
2
231
4
10
3
1
6
17
9
51
120
9
62
10
28
1
104
111
47
7
11
1
144
57
24
6
16
21
13
162
85
25
8
1
254
13
6
4
2
1
1
215
24
37
5
87
33
56
15
73
7
5
5
128
104
42
2
1
3
1
6
112
44
95
17
3
4
175
26
39
29
8
3
1
254
25
2
64
119
51
29
3
14
1
204
53
8
3
11
2
267
9
2
1
2
103
56
15
105
1
1
130
121
29
1
174
88
13
1
3
2
141
127
7
1
4
1
269
10
2
142
112
4
16
3
1
3
210
38
22
3
6
1
1
262
14
4
1
9
39
4
130
55
7
34
3
178
64
29
4
6
164
114
1
2
207
7
67
89
28
124
40
180
71
21
4
3
2
11
213
38
3
3
7
4
2
51
55
123
24
13
15
62
19
25
46
29
99
1
127
58
20
13
55
7
1
262
1
18
205
4
28
13
9
1
21
242
16
2
8
9
2
2
275
3
2
1
223
9
33
11
2
2
1
254
2
17
1
6
1
19
213
21
25
2
1
243
20
4
7
1
5
1
135
31
91
20
1
2
1
2
254
1
18
1
1
3
1
196
32
35
12
5
1
254
4
2
14
4
2
1
73
145
7
14
7
34
1
19
148
21
27
33
24
5
4
102
120
11
10
11
12
15
20
138
51
23
47
1
1
187
44
39
9
1
1
251
22
2
5
1
169
104
1
4
1
1
1
43
116
105
4
9
3
1
6
135
129
6
5
52
12
29
62
84
4
10
19
7
2
158
55
24
13
16
4
5
2
3
1
63
53
69
93
1
2
186
95
247
2
29
2
1
Number of elements: 1964
