Bin size: 163
Num of Bins: 357
104
23
27
5
1
1
1
1
80
47
25
6
4
1
135
17
1
10
97
48
18
19
87
53
4
155
2
6
37
41
31
50
3
1
143
2
7
7
4
81
1
34
9
10
13
10
3
2
23
63
57
9
6
1
1
1
1
1
55
57
23
11
7
3
7
15
37
66
11
21
7
1
3
2
134
12
4
8
5
80
28
53
2
148
4
7
3
1
129
8
8
17
1
129
28
2
3
1
15
101
3
15
4
25
158
3
1
1
9
74
54
13
1
4
8
81
3
63
13
1
2
33
110
7
5
3
4
1
41
29
40
26
23
4
26
77
24
32
1
2
1
14
118
28
3
73
42
14
31
3
30
78
45
1
4
3
1
1
144
9
4
3
2
1
100
7
9
9
11
5
21
1
27
78
2
31
25
154
3
6
52
44
36
30
1
89
68
5
1
118
5
35
5
123
18
4
1
12
5
143
7
9
3
1
60
17
72
11
3
79
12
37
3
32
2
152
5
1
1
2
31
59
63
7
1
2
6
108
16
8
4
20
1
28
97
36
1
1
153
6
2
2
6
154
2
1
88
7
17
43
1
6
1
127
6
23
3
3
1
92
25
38
8
137
7
7
9
1
2
158
2
1
1
1
20
68
65
5
2
2
1
100
57
4
1
1
104
44
2
8
3
2
27
134
1
1
4
117
16
6
19
1
125
17
16
2
2
1
98
46
12
4
3
90
5
24
40
3
1
138
4
18
2
1
91
21
20
28
2
1
119
5
36
2
1
96
31
8
13
2
6
7
138
20
1
3
1
156
2
1
2
2
161
1
1
85
78
16
71
30
15
22
6
3
120
39
3
1
121
25
8
7
1
1
127
8
9
13
4
2
142
10
7
3
1
50
2
55
44
7
2
3
161
1
1
61
94
1
3
4
65
68
15
2
13
26
30
8
12
35
30
12
10
26
130
7
44
115
3
1
73
79
3
8
121
37
1
1
2
1
53
32
10
16
50
2
104
22
26
3
6
2
55
10
79
15
3
1
58
64
5
29
4
3
33
115
10
4
1
8
111
5
37
2
87
64
7
5
123
23
10
5
2
71
9
49
14
17
2
1
83
3
30
46
1
90
62
5
2
2
2
99
43
15
6
91
29
43
144
19
55
98
3
2
4
1
42
73
43
5
123
14
1
11
6
7
1
73
76
11
1
1
1
61
82
2
7
1
2
1
2
1
2
2
153
7
2
1
36
73
30
10
1
13
64
51
24
10
3
7
3
1
131
11
16
4
1
40
52
2
46
19
4
162
1
6
26
99
10
3
9
7
3
116
5
18
9
2
1
4
8
2
90
19
24
9
17
1
1
54
51
48
2
6
1
1
64
3
1
22
27
17
22
5
1
1
148
14
1
117
20
14
4
7
1
13
150
63
21
28
11
33
3
3
1
39
84
31
8
1
60
14
55
28
6
57
39
52
15
109
16
29
1
2
5
1
142
12
9
92
8
42
6
7
6
2
44
51
11
12
32
11
1
1
41
110
8
2
2
51
25
85
2
87
62
10
3
1
159
4
81
62
19
1
157
4
2
92
67
3
1
157
3
3
106
21
7
20
2
3
2
2
59
51
52
1
125
36
1
1
2
25
25
40
22
13
5
18
7
1
4
1
101
31
11
14
4
2
99
40
12
10
1
1
96
56
5
4
2
35
54
54
5
5
4
1
4
1
73
12
36
30
7
4
1
146
7
2
2
5
1
71
76
9
4
2
1
68
72
2
11
10
62
78
10
9
1
3
96
19
14
27
5
1
1
110
31
10
9
3
100
29
8
8
6
1
7
2
2
96
19
36
3
6
1
1
1
41
122
117
19
14
7
3
2
1
76
86
1
44
33
46
35
5
115
10
28
7
3
69
73
19
1
1
5
67
7
10
28
17
12
2
11
4
150
3
5
4
1
148
13
1
1
75
66
6
4
9
3
6
7
47
7
63
6
1
24
2
161
2
58
95
3
6
1
53
47
39
11
13
59
40
35
28
1
43
31
18
36
31
4
44
97
13
6
3
45
34
6
24
48
4
1
1
84
56
16
6
1
56
40
3
1
63
140
16
3
1
1
1
1
35
127
1
131
22
2
4
1
1
1
1
93
27
27
7
4
4
1
31
84
7
41
89
55
8
8
3
130
4
20
8
1
56
19
47
26
8
6
1
20
86
50
6
1
84
57
8
12
2
10
34
47
35
10
8
17
2
35
72
4
47
4
1
42
67
36
7
1
2
3
2
2
1
136
17
5
2
2
1
19
63
45
30
1
3
1
1
153
8
1
1
51
64
1
20
14
10
1
2
82
66
6
2
3
2
2
84
10
1
13
42
13
97
52
13
1
134
18
10
1
132
6
22
1
2
108
7
41
4
1
2
9
113
3
5
27
3
3
15
37
7
85
9
7
2
1
16
6
27
73
30
2
9
103
28
25
2
1
4
38
101
22
2
68
8
16
56
13
2
90
54
5
7
3
2
1
1
82
37
38
5
1
82
6
4
16
46
6
3
146
2
1
3
4
6
1
60
67
6
17
11
2
118
45
34
43
44
31
3
8
138
7
4
1
5
5
1
2
137
10
14
1
1
9
20
41
17
6
34
22
9
5
91
20
34
18
36
35
32
27
8
4
7
2
5
1
6
111
41
7
4
26
10
86
5
16
20
155
6
1
1
51
99
3
3
2
5
122
30
6
5
108
54
1
105
57
1
67
17
17
29
29
4
64
92
2
5
14
60
40
35
13
1
121
27
8
1
4
2
74
67
20
2
135
10
10
5
1
1
1
67
2
3
63
15
13
55
8
70
6
3
11
4
3
3
162
1
105
6
47
4
1
129
11
20
1
1
1
90
62
5
6
84
7
46
22
3
1
116
37
7
1
2
128
6
1
4
6
8
8
1
1
111
27
24
1
45
42
69
6
1
123
24
5
2
1
7
1
132
14
2
9
3
1
2
153
9
1
125
31
7
87
65
11
8
4
19
10
107
3
11
1
155
1
7
67
67
6
22
1
60
41
39
7
11
2
3
83
29
23
14
9
3
2
142
12
8
1
79
16
54
9
4
1
68
27
27
36
2
3
96
53
7
7
163
74
79
6
1
2
1
5
33
76
11
33
4
1
157
1
2
3
48
53
62
98
19
24
22
90
54
12
5
2
50
106
4
2
1
126
31
1
2
3
117
40
3
1
1
1
74
78
11
58
76
24
3
2
64
51
30
12
2
3
1
144
10
9
27
77
52
5
2
44
109
9
1
75
43
10
29
5
1
68
9
3
50
31
1
1
139
12
8
4
21
68
6
13
4
51
155
6
2
43
48
68
2
1
1
4
53
31
42
17
2
14
43
38
3
72
7
140
1
6
3
11
1
1
65
7
6
77
5
2
1
47
27
37
9
8
34
1
143
16
2
2
53
64
28
15
2
1
119
43
1
158
1
4
112
48
1
1
1
11
69
44
30
2
2
4
1
53
52
40
17
1
125
12
19
3
4
131
3
17
10
2
32
64
66
1
128
13
5
3
1
11
1
1
25
124
10
1
2
1
67
8
30
18
5
1
27
5
2
133
29
1
117
40
6
103
45
15
43
39
1
48
1
27
4
8
59
57
27
10
2
29
3
65
12
13
5
20
11
1
1
2
1
35
4
71
10
12
23
5
3
159
4
64
16
20
22
23
7
9
2
113
1
49
19
5
67
19
29
7
7
1
2
4
2
1
52
72
10
24
5
106
32
4
21
69
44
10
19
3
5
7
2
2
2
155
1
5
1
1
28
28
16
22
17
23
25
1
1
1
1
148
11
1
3
132
18
2
5
4
1
1
88
12
27
15
13
8
116
22
9
13
1
1
1
124
3
32
1
1
1
1
43
61
35
4
18
1
1
141
16
2
2
2
31
102
27
1
1
1
61
69
7
25
1
19
21
114
3
6
104
8
38
10
3
156
3
4
3
101
16
1
7
30
5
93
21
41
7
1
64
34
63
2
21
89
34
18
1
27
8
104
21
1
1
1
35
70
7
5
46
135
27
1
10
22
33
47
41
9
1
127
23
7
2
3
1
115
13
20
4
2
5
2
2
52
34
2
29
10
13
1
12
5
2
1
2
149
3
4
4
2
1
39
47
50
2
8
2
6
5
4
146
4
8
4
1
108
26
16
13
77
18
56
10
2
57
96
8
2
68
16
33
18
2
14
12
155
4
2
2
13
134
13
1
1
1
119
30
6
7
1
80
61
2
20
84
37
18
13
11
69
38
25
4
9
18
132
26
5
144
3
5
5
6
49
28
36
8
2
34
5
1
157
4
2
70
5
10
8
31
20
13
5
1
51
85
17
9
1
71
68
15
5
3
1
156
4
2
1
18
70
58
2
4
10
1
157
5
1
58
31
30
4
31
8
1
37
111
7
4
2
1
1
43
39
17
53
5
4
1
1
120
34
4
5
4
5
89
22
15
12
11
4
1
119
8
18
7
8
3
160
2
1
23
53
22
56
1
3
1
2
1
1
53
53
27
29
1
111
7
30
1
3
7
4
5
136
1
10
8
1
1
1
Number of elements: 2009
