Bin size: 121
Num of Bins: 409
24
4
5
24
34
24
1
4
1
24
82
7
2
2
2
1
1
80
13
24
3
1
23
24
5
50
2
6
7
1
1
2
101
1
12
1
4
1
1
15
37
31
8
13
1
15
1
27
7
47
12
22
6
29
42
46
2
1
1
42
57
22
33
80
8
6
22
48
3
28
7
6
1
66
14
40
1
117
1
1
2
22
38
3
33
21
1
1
1
1
113
2
2
3
1
85
17
12
1
6
97
11
6
2
3
2
28
42
23
14
10
2
1
1
88
13
18
2
103
5
13
33
22
50
5
8
2
1
49
65
1
6
64
55
1
1
40
23
56
2
51
49
5
9
3
2
2
1
117
2
1
46
59
10
4
2
34
36
16
34
1
28
76
3
2
9
1
1
1
41
26
44
1
4
5
66
40
6
9
44
49
14
5
3
4
1
1
92
10
8
9
2
63
13
25
8
10
2
70
40
1
9
1
106
9
1
1
3
1
51
22
15
27
4
2
105
2
5
2
4
1
1
1
121
87
31
1
2
113
7
1
116
3
1
1
61
6
15
18
4
6
11
96
11
5
2
3
4
52
18
21
30
72
36
1
4
6
1
1
101
13
4
3
49
1
40
31
61
40
15
3
2
74
29
7
8
3
47
57
3
3
3
1
3
3
1
34
23
38
14
7
1
4
107
8
4
1
1
110
5
4
1
1
39
5
34
19
2
4
13
4
1
36
22
53
8
1
1
114
7
39
82
68
8
38
6
1
104
14
2
1
18
27
4
49
17
3
3
85
36
31
32
17
29
1
11
108
7
3
1
2
31
58
11
1
7
9
3
1
111
8
1
1
66
36
4
6
2
1
5
1
52
39
2
1
25
1
1
48
15
34
12
5
1
4
1
1
19
87
10
5
66
41
4
9
1
50
32
1
28
7
2
1
65
27
23
4
1
1
109
9
1
1
1
109
8
4
39
21
56
4
1
101
19
1
22
96
3
43
39
23
3
4
5
4
63
45
12
1
81
10
20
2
1
3
3
1
107
6
5
3
90
23
1
7
43
38
23
4
4
8
1
92
16
2
4
5
2
113
4
3
1
5
46
35
29
5
1
77
5
36
1
2
100
13
5
2
1
48
66
1
1
1
1
2
1
10
12
46
4
45
1
2
1
46
12
37
5
7
12
2
46
71
4
92
25
3
1
16
73
32
5
25
83
8
83
33
5
54
66
1
53
5
15
38
6
1
3
44
52
1
24
21
64
7
23
5
1
59
9
10
13
5
13
7
3
2
112
8
1
36
1
80
3
1
11
76
10
4
18
2
103
7
6
4
1
79
12
29
1
96
19
3
2
1
104
6
2
8
1
86
2
27
2
2
2
88
11
8
11
2
1
84
34
1
2
82
14
9
7
9
86
14
2
5
9
1
3
1
34
20
15
44
3
5
17
69
30
5
113
1
3
3
1
116
3
2
28
31
46
1
3
11
1
40
31
23
15
3
4
3
2
58
57
1
5
63
53
3
1
1
11
97
3
10
50
56
3
5
3
2
2
8
95
7
9
2
121
37
60
23
1
83
26
1
4
6
1
117
3
1
107
5
3
6
10
11
28
28
20
3
14
2
4
1
45
62
2
1
4
4
3
72
41
1
2
1
2
1
1
20
1
28
56
7
5
3
1
83
27
7
3
1
112
7
2
6
38
66
3
6
2
3
65
43
7
3
20
88
1
1
11
113
1
5
1
1
5
5
26
68
5
2
8
2
80
22
1
10
4
4
105
14
1
1
24
76
8
1
4
7
1
69
32
19
1
86
28
3
2
1
1
1
67
38
12
3
41
41
14
12
4
9
64
32
22
3
101
7
2
5
3
2
1
52
50
17
2
64
37
14
2
4
119
2
27
82
9
3
22
4
71
10
4
3
6
1
36
40
13
5
4
17
3
3
41
38
6
33
1
1
1
60
41
18
2
33
77
9
2
20
3
18
1
17
44
9
4
1
4
24
93
3
1
85
16
15
4
1
90
9
18
2
2
57
7
45
8
2
2
49
23
42
4
2
1
95
13
1
11
1
45
50
8
5
6
5
1
1
25
65
9
7
1
11
1
2
120
1
63
19
15
18
4
2
82
18
11
1
6
2
1
39
53
19
1
4
5
112
3
6
71
8
15
13
7
3
4
16
95
5
4
1
6
58
46
8
1
2
66
28
8
16
1
2
12
24
19
65
1
19
17
46
1
31
6
1
33
73
10
3
2
100
19
2
38
11
71
1
86
33
2
32
77
3
8
1
67
13
40
1
79
36
4
2
42
79
30
69
8
1
1
6
2
1
1
2
59
42
8
9
3
119
1
1
75
13
14
6
2
11
104
17
112
3
1
1
2
1
1
101
18
2
23
54
12
29
3
117
4
37
18
46
18
2
23
34
17
2
9
23
2
1
5
3
1
1
112
1
4
3
1
113
3
1
3
1
7
65
6
23
1
18
1
27
69
21
4
10
103
6
1
1
46
66
8
1
119
1
1
95
24
1
1
91
12
3
12
2
1
13
27
79
2
111
6
2
2
78
27
14
1
1
104
16
1
100
19
2
3
79
26
4
8
1
20
37
21
31
5
2
2
3
108
7
3
2
1
81
8
10
13
2
5
1
1
97
20
1
2
1
66
19
21
13
2
31
1
23
35
25
1
3
1
1
25
14
55
23
4
61
11
17
10
7
4
5
6
40
63
13
4
1
48
32
12
6
2
9
11
1
52
54
11
3
1
96
10
12
2
1
17
101
3
6
76
31
6
2
83
10
23
3
1
1
46
49
16
7
3
33
62
16
6
2
2
3
75
23
12
7
1
103
15
1
1
1
13
74
10
24
49
39
17
15
1
74
3
8
28
7
1
24
50
21
20
4
1
1
25
96
106
10
2
1
1
1
46
15
35
25
112
8
1
35
53
18
1
4
8
1
1
86
25
3
4
3
115
2
4
86
8
9
15
1
1
1
51
30
25
3
5
5
1
1
21
79
2
18
1
48
52
16
3
2
104
1
3
8
5
24
64
28
4
1
116
3
2
14
62
31
14
118
1
1
1
56
11
43
2
1
3
5
103
9
5
2
1
1
23
35
58
3
1
1
120
1
95
9
8
1
6
2
3
1
111
6
74
24
4
3
15
1
92
17
4
8
64
24
5
20
5
2
1
11
60
26
12
1
9
1
1
27
7
60
27
66
1
30
10
8
5
1
17
16
8
53
14
8
3
1
1
93
28
76
38
4
1
1
1
77
37
5
2
78
17
13
13
65
25
31
90
26
2
3
21
1
2
25
40
7
4
12
8
1
17
36
33
7
18
6
2
2
111
10
114
6
1
33
78
8
1
1
54
26
4
28
2
5
1
1
68
41
9
2
1
3
104
1
12
1
45
26
17
18
13
2
36
77
8
41
12
22
45
1
108
13
61
15
20
17
4
4
69
43
4
2
2
1
107
13
1
66
42
6
1
2
3
1
82
18
21
97
24
8
16
30
34
9
9
12
2
1
61
12
23
19
1
4
1
25
42
49
3
1
1
71
43
6
1
112
2
2
4
1
96
19
3
2
1
47
63
8
1
2
17
10
30
6
46
8
4
88
16
1
6
1
1
3
2
1
1
1
41
18
19
34
8
1
76
14
21
5
2
1
2
33
42
30
13
2
1
91
14
9
7
92
1
7
6
11
3
1
105
1
4
5
5
1
26
91
1
3
106
7
4
1
3
45
30
2
6
21
9
3
1
1
1
1
1
53
5
35
16
2
4
1
5
107
10
1
3
54
45
2
5
11
1
1
2
114
5
1
1
3
77
33
8
118
2
1
3
34
48
28
7
1
48
66
7
120
1
74
17
13
12
4
1
114
5
1
1
119
2
64
16
22
7
3
8
1
62
3
13
32
8
2
1
116
4
1
17
53
51
52
69
96
4
19
1
1
105
12
4
103
8
10
120
1
83
17
8
1
8
3
1
114
2
2
3
56
65
99
3
13
1
4
1
112
7
2
75
2
32
4
5
3
2
115
3
1
95
20
2
2
2
3
60
19
8
6
17
7
1
70
29
6
9
3
4
32
59
4
3
18
2
1
1
1
45
37
17
19
3
101
17
2
1
79
42
105
12
2
2
45
40
13
10
1
3
3
5
1
38
31
15
34
2
1
89
30
2
52
40
21
8
105
7
1
3
3
2
76
21
15
4
2
1
1
1
24
12
50
18
8
7
2
113
4
3
1
76
18
7
19
1
5
89
25
2
48
4
2
53
9
5
44
61
8
5
3
6
53
26
1
24
11
114
6
1
86
25
10
97
22
2
116
4
1
109
7
3
2
26
36
42
15
2
98
18
2
1
2
59
1
59
2
22
5
59
5
7
15
8
88
19
6
8
17
70
12
20
2
5
48
59
8
1
67
18
23
5
7
1
32
69
19
1
23
73
4
3
13
2
1
2
14
60
35
3
9
21
90
2
1
3
3
1
20
99
2
92
7
9
12
1
78
27
14
2
97
12
10
2
93
11
17
37
26
3
48
6
1
25
32
37
23
3
1
66
4
17
14
15
1
3
1
88
9
7
14
3
1
110
4
2
4
6
52
30
16
6
3
7
1
110
7
1
1
2
61
44
13
1
2
115
6
71
29
3
2
5
2
1
2
1
2
2
1
21
65
14
13
5
2
1
92
17
5
4
1
1
1
8
107
3
1
2
108
4
9
98
17
5
1
1
114
6
21
46
32
15
7
21
54
26
6
6
3
5
34
41
14
31
1
102
19
8
104
2
2
2
2
1
66
33
7
10
4
1
29
41
32
7
10
2
50
23
10
36
1
1
10
108
1
1
1
43
15
54
2
4
3
29
79
2
4
3
1
1
1
1
22
12
1
25
10
40
1
3
2
5
37
68
5
11
39
14
48
9
8
2
1
11
38
26
19
20
6
1
Number of elements: 2170
