Bin size: 182
Num of Bins: 499
116
3
10
23
30
21
64
65
31
1
27
37
95
18
3
1
1
160
9
4
3
3
1
2
12
52
94
3
20
1
153
19
1
7
2
70
65
39
2
5
1
149
6
16
4
4
1
2
41
105
17
12
3
3
1
138
11
11
17
4
1
96
28
22
10
18
3
2
2
1
53
81
2
32
5
6
1
1
1
56
16
83
14
11
2
135
32
11
4
101
41
6
22
1
2
7
2
116
11
25
22
4
3
1
3
18
142
4
3
5
2
5
130
24
21
4
1
1
1
15
108
43
4
9
1
2
18
100
10
7
7
9
14
13
3
1
50
10
120
2
133
23
9
8
7
1
1
131
32
5
11
3
56
116
1
5
1
2
1
22
116
1
37
4
2
181
1
6
61
38
54
21
2
60
85
12
11
13
1
73
89
2
5
9
2
2
179
2
1
95
87
52
46
18
24
2
40
24
130
13
9
3
1
1
1
116
55
5
2
2
2
23
54
57
26
7
7
6
1
1
84
32
17
27
14
5
3
18
65
88
11
86
50
23
4
5
1
12
1
150
9
1
17
3
2
34
100
35
10
3
139
23
11
2
2
4
1
167
6
9
4
47
40
67
3
12
6
1
1
1
168
9
5
84
95
1
1
1
8
47
17
25
71
2
2
2
3
1
2
2
90
38
40
4
9
1
74
93
14
1
118
61
1
1
1
109
41
8
10
11
2
1
89
76
9
6
2
115
33
34
34
148
133
8
27
10
2
2
6
8
106
15
30
6
6
4
1
29
113
30
5
5
25
118
36
1
2
130
37
7
8
29
8
25
92
3
19
4
2
140
32
6
2
2
1
27
11
138
3
2
109
10
56
3
3
1
94
8
10
47
11
2
3
7
1
87
93
1
112
34
22
5
3
2
2
2
17
58
27
16
27
19
14
3
1
1
28
23
54
3
4
34
9
4
17
2
1
2
59
104
10
3
2
4
85
97
118
27
20
10
2
4
1
152
17
12
1
148
10
22
2
111
30
8
27
6
20
68
8
19
31
9
17
2
3
2
1
2
105
60
11
4
2
179
3
21
17
4
82
47
9
1
1
39
20
89
31
3
55
103
3
9
3
6
2
1
76
46
53
5
1
1
3
20
130
14
9
2
4
77
64
16
16
9
7
111
47
2
1
10
3
1
43
56
3
38
23
13
6
70
104
7
1
103
36
43
6
120
38
17
1
171
6
5
117
6
21
33
1
4
39
78
12
46
2
1
2
2
116
57
6
3
7
28
61
52
32
1
1
158
11
7
1
5
180
1
1
54
55
18
43
5
4
2
1
172
5
1
4
141
34
4
2
1
168
7
7
122
5
28
7
11
4
3
2
60
66
10
20
9
1
13
3
60
29
3
59
11
4
7
3
1
1
4
18
104
60
74
11
26
47
5
11
2
1
5
78
72
7
5
19
1
78
88
7
2
7
48
22
105
3
4
88
43
30
16
4
1
37
137
8
64
65
5
37
6
1
4
81
51
24
14
5
7
89
84
2
7
171
7
3
1
72
4
46
45
3
4
8
147
4
19
6
6
139
38
1
2
2
87
82
8
2
3
147
3
25
6
1
126
15
40
1
49
10
103
19
1
19
133
12
13
1
2
1
1
147
19
11
2
1
2
156
3
1
6
2
4
1
7
1
1
85
12
68
4
2
6
1
4
86
75
6
3
3
9
64
96
7
2
13
153
28
1
35
74
9
15
39
2
8
112
25
21
16
6
1
1
172
2
2
5
1
7
168
6
1
40
75
1
57
8
1
24
154
3
1
10
5
101
33
13
15
1
3
1
71
26
53
19
10
2
1
84
78
14
5
1
14
58
93
2
2
5
8
26
92
23
41
176
6
130
27
25
8
17
23
29
2
77
24
1
1
125
44
7
2
1
1
1
1
99
2
7
13
2
57
1
1
146
10
20
5
1
83
78
15
2
4
47
3
19
104
5
1
1
2
102
9
59
7
4
1
114
9
27
3
1
9
12
1
1
2
3
8
46
65
49
11
1
1
1
145
11
14
2
3
6
1
50
31
51
26
9
15
132
9
41
155
6
17
4
26
16
104
33
2
1
107
38
13
23
1
84
65
33
46
33
103
168
11
1
2
28
140
4
10
56
30
56
16
7
7
1
3
5
1
3
107
12
59
1
172
3
4
3
6
108
65
3
2
159
1
3
2
6
2
1
5
1
94
68
1
10
5
4
75
87
7
10
3
19
14
32
88
17
8
3
1
85
56
35
6
147
1
5
19
4
3
1
1
1
160
20
2
64
36
58
14
9
1
90
2
49
23
10
4
3
1
176
5
1
60
62
10
6
40
3
1
111
44
26
1
20
93
16
52
1
171
6
2
3
93
84
2
3
86
20
67
8
1
73
108
1
7
155
19
1
3
61
83
14
20
1
180
1
1
115
14
9
39
5
71
109
2
60
89
31
1
1
150
2
25
5
178
3
1
109
31
29
11
1
1
141
23
2
7
8
1
24
104
34
15
4
1
146
34
2
154
3
10
7
7
1
83
15
73
8
3
113
35
4
14
8
8
165
8
7
2
42
49
2
26
56
2
5
34
95
19
7
11
12
2
2
60
99
17
1
3
2
57
26
25
29
10
28
4
2
1
177
1
3
1
16
121
37
5
1
1
1
74
56
7
40
2
2
1
139
35
1
5
1
1
2
19
96
44
14
7
171
8
3
30
73
62
3
6
3
5
153
27
2
92
29
7
39
3
11
1
57
70
30
23
1
1
96
8
25
35
3
3
6
2
2
2
149
14
13
6
11
87
4
1
58
11
9
1
45
74
51
6
1
5
146
4
18
11
3
56
78
33
9
6
53
7
100
14
4
2
2
128
43
11
136
9
6
10
11
9
1
116
3
11
31
12
4
3
2
104
78
129
11
28
13
1
62
24
81
7
8
140
17
14
10
1
30
141
2
5
3
1
87
64
15
14
1
1
50
43
23
7
14
5
35
4
1
161
4
7
2
7
1
11
113
11
4
28
1
10
3
1
33
64
16
23
7
31
7
1
90
19
73
108
23
22
3
12
6
6
2
133
8
37
1
2
1
55
85
39
3
44
93
2
43
54
70
36
9
13
149
29
1
2
1
63
87
7
1
5
16
3
114
45
16
4
2
1
29
40
64
30
12
3
2
1
1
47
37
92
1
3
1
1
21
78
3
68
6
3
3
134
32
3
8
1
4
124
39
8
6
5
136
30
3
9
1
3
76
64
32
4
2
1
1
2
43
59
25
6
14
13
9
4
6
3
35
124
9
9
3
2
105
67
4
5
1
124
4
43
10
1
163
2
1
8
3
4
1
127
18
12
22
1
1
1
83
10
60
11
1
3
2
5
7
88
34
18
16
13
12
1
111
60
3
5
2
1
122
9
22
25
3
1
140
22
6
1
6
1
2
3
1
79
1
71
2
24
1
1
2
1
137
25
2
1
1
1
11
2
2
13
156
5
3
3
1
1
102
72
2
1
4
1
55
78
27
9
2
5
3
3
87
17
25
50
1
2
62
57
1
11
45
5
1
134
25
18
5
39
89
40
5
8
1
48
46
78
6
1
3
17
27
87
42
8
1
179
1
2
55
74
7
20
12
14
108
40
6
9
9
6
1
3
5
160
11
1
1
4
107
19
32
21
1
1
1
66
76
27
4
8
1
163
14
5
167
12
2
1
135
12
23
11
1
4
18
41
6
32
6
14
32
25
2
1
1
150
12
2
1
14
1
2
74
81
19
4
3
1
148
31
3
117
22
17
24
1
1
36
14
14
38
22
8
43
4
1
1
1
92
21
47
15
1
5
1
108
1
18
36
9
7
1
2
19
56
99
7
1
58
30
13
26
49
3
1
1
1
136
10
26
4
2
3
1
90
14
62
10
2
4
143
17
22
48
47
29
45
13
155
5
15
4
3
119
52
2
8
1
159
8
4
8
1
2
96
42
27
9
1
3
1
2
1
165
13
4
174
8
133
17
9
15
4
1
3
159
12
8
2
1
66
32
47
20
10
6
1
74
9
23
6
68
1
1
48
7
14
77
15
19
1
1
86
79
14
3
38
125
1
16
2
78
26
16
41
3
12
2
1
2
1
135
18
16
7
1
5
176
4
2
166
3
6
5
2
59
83
10
9
3
18
65
35
33
23
25
1
90
76
13
1
1
1
77
68
15
19
3
165
13
1
3
119
13
40
4
6
93
72
2
14
1
45
80
1
16
8
5
23
3
1
178
1
3
45
17
68
8
15
11
15
3
15
11
48
23
6
35
9
34
1
64
104
9
3
2
179
3
169
9
4
112
36
11
11
11
1
146
6
21
1
2
3
1
1
1
174
5
3
39
54
5
4
47
13
5
8
7
67
22
59
19
14
1
44
45
49
27
10
4
2
1
172
5
3
2
96
15
20
43
4
2
1
1
35
119
19
3
5
1
32
129
7
2
5
4
3
115
47
9
5
2
1
3
38
100
14
9
14
4
3
175
7
144
22
13
3
176
6
76
77
22
4
3
144
10
7
14
1
3
1
2
156
3
18
3
2
91
2
57
9
9
14
111
21
4
12
28
4
1
1
140
31
10
1
172
6
1
1
2
33
140
1
4
4
178
1
3
151
8
16
3
4
140
10
17
7
2
3
2
1
121
26
35
123
6
47
5
1
154
9
18
1
107
59
9
4
1
1
1
118
63
1
177
3
1
1
154
19
4
5
96
28
32
9
13
3
1
28
13
124
15
1
1
64
102
7
1
7
1
48
75
15
25
9
5
2
3
132
37
13
131
7
21
22
1
97
46
2
28
7
1
1
174
8
61
68
43
6
3
1
159
17
4
1
1
147
2
8
14
4
2
4
1
131
36
8
4
2
1
83
25
33
3
34
1
2
1
69
77
24
4
4
3
1
164
9
9
107
27
35
9
2
2
91
51
22
14
4
42
89
10
19
7
13
1
1
98
73
9
1
1
153
17
12
133
7
14
4
6
18
109
32
39
1
1
109
14
50
2
1
5
1
20
39
110
5
2
5
1
4
14
28
82
42
4
1
7
34
67
10
8
44
9
3
2
5
154
27
1
165
8
3
2
1
1
1
1
14
146
15
1
3
2
1
48
51
49
26
8
117
10
50
3
1
1
175
7
177
4
1
98
3
59
8
2
12
103
58
8
12
1
135
17
11
11
5
1
2
20
3
136
13
8
2
146
18
13
4
1
157
18
6
1
130
11
37
3
1
13
119
31
14
5
141
5
35
1
129
23
5
7
18
93
36
17
31
2
2
1
128
53
1
91
71
16
1
1
1
1
177
2
1
1
1
164
2
13
2
1
114
1
8
59
122
20
34
2
1
2
1
52
104
19
2
4
1
42
35
104
1
176
2
4
129
31
2
11
2
1
3
3
41
12
93
3
16
14
3
148
24
9
1
127
29
9
15
2
166
4
12
133
27
1
17
2
1
1
117
36
5
17
6
1
29
25
113
11
3
1
179
3
155
4
2
8
8
4
1
177
5
101
5
50
13
2
8
1
1
1
51
124
2
1
3
1
173
9
149
4
4
13
2
2
4
2
1
1
59
104
7
2
9
1
35
20
51
7
2
39
9
13
5
1
6
97
79
157
7
6
8
4
120
29
2
31
62
2
100
16
1
1
62
106
4
4
4
2
7
46
45
2
67
6
4
5
130
40
7
1
2
2
161
1
1
3
13
1
1
1
80
43
6
23
29
1
73
9
52
11
25
1
7
4
58
92
7
8
6
2
5
3
1
100
8
30
32
6
5
1
67
61
23
14
1
14
2
155
8
3
5
10
1
124
50
7
1
49
21
2
1
95
11
1
1
1
105
54
13
3
2
4
1
60
76
32
13
1
161
3
12
5
1
140
12
9
14
7
150
26
2
2
1
1
152
27
3
123
15
18
1
6
13
4
2
127
15
40
144
4
29
1
3
1
5
40
21
17
17
49
11
19
2
1
35
63
70
10
1
2
1
180
1
1
39
68
59
8
3
3
2
64
76
6
9
2
24
1
80
30
37
27
1
2
3
2
149
10
14
7
2
63
48
42
29
129
19
1
9
15
2
5
2
167
15
91
12
68
8
2
1
40
137
1
2
2
71
2
104
5
81
31
47
16
6
1
181
1
74
104
4
47
50
15
39
8
14
7
1
1
75
102
4
1
150
21
11
175
4
2
1
146
27
4
1
2
1
1
75
20
31
27
3
20
5
1
151
22
4
2
1
1
1
118
10
27
8
16
1
2
90
11
55
26
19
29
37
25
41
28
3
180
2
176
5
1
32
15
48
79
4
1
3
99
65
17
1
2
128
12
7
7
15
6
2
2
1
10
71
21
5
19
22
14
20
35
61
13
24
36
4
6
2
1
120
48
13
1
173
9
3
30
62
41
30
7
5
4
105
3
62
7
3
2
109
58
14
1
178
3
1
169
2
8
3
4
31
10
102
25
9
1
78
43
8
7
33
12
1
58
16
11
74
19
3
1
68
99
12
2
1
150
22
2
6
2
111
20
50
1
60
15
71
5
13
14
4
147
31
1
1
2
82
3
1
45
16
13
20
1
1
114
56
7
2
1
2
Number of elements: 2908
