Bin size: 192
Num of Bins: 451
176
8
6
1
1
23
14
97
30
7
19
1
1
92
100
45
86
2
39
16
1
2
1
29
126
31
3
3
28
130
12
6
15
1
115
6
6
30
26
5
4
140
23
19
9
1
27
74
44
17
1
29
131
45
5
11
47
24
16
70
19
13
3
146
33
3
2
6
1
1
164
10
16
1
1
62
25
83
2
1
16
3
84
4
48
26
20
9
1
54
80
20
33
2
1
2
162
17
11
1
1
6
74
106
4
1
1
98
82
11
1
70
78
27
11
5
1
112
19
29
16
14
2
8
66
55
33
25
1
2
1
1
56
72
57
2
5
184
6
2
53
84
24
16
11
4
66
50
39
12
3
3
18
1
102
59
27
1
3
113
22
57
128
32
17
9
2
2
1
1
183
8
1
171
9
9
1
2
127
64
1
50
78
23
21
13
4
2
1
141
19
5
5
2
16
2
1
1
181
8
3
159
3
17
2
5
1
3
2
158
6
21
5
2
18
37
60
61
15
1
126
59
6
1
57
125
5
3
2
179
13
82
73
11
2
21
3
75
53
59
5
65
81
4
17
17
8
65
16
42
17
46
3
1
2
78
97
17
66
15
36
41
21
7
5
1
12
90
10
22
49
6
1
1
1
32
120
36
4
96
20
61
11
3
1
90
99
1
1
1
24
85
34
45
2
1
1
164
28
56
111
21
4
12
161
4
5
7
1
2
89
39
46
14
4
178
8
2
2
1
1
25
78
3
26
25
12
3
12
5
1
1
1
98
82
2
9
1
47
61
59
23
1
1
89
9
39
35
5
2
1
9
2
1
133
1
51
7
108
56
1
4
18
5
104
80
4
2
2
40
115
11
24
1
1
166
21
1
3
1
98
47
7
9
9
10
6
1
1
2
2
20
132
39
1
78
91
15
2
4
2
186
5
1
188
1
2
1
71
64
1
40
10
1
2
1
1
1
178
1
1
8
3
1
149
43
182
6
1
1
1
1
134
27
18
5
4
1
3
172
11
9
191
1
50
91
11
18
2
6
10
1
2
1
99
29
34
12
12
4
2
3
62
112
15
171
19
2
36
26
54
65
6
4
1
34
113
25
2
14
1
1
2
170
12
1
4
4
1
142
34
13
2
1
185
6
1
59
91
34
5
2
1
114
20
9
7
38
2
1
1
120
62
5
2
3
1
179
7
1
1
1
2
109
62
15
5
1
18
172
1
1
104
72
8
3
2
3
105
23
62
1
1
55
106
30
1
135
10
9
27
3
6
2
111
53
17
9
1
1
131
1
31
19
1
4
4
1
14
88
29
49
5
1
2
2
2
191
1
110
70
2
10
175
9
2
3
1
2
43
93
25
16
1
11
2
1
141
25
23
3
108
25
26
31
1
1
97
20
74
1
114
47
21
8
1
1
27
164
1
42
34
103
3
1
6
3
50
132
6
1
1
1
1
57
107
17
3
6
2
22
118
1
2
14
27
8
192
119
71
1
1
94
31
51
8
4
1
2
1
191
1
180
9
1
1
1
136
8
4
6
10
16
9
2
1
151
30
2
3
6
141
44
6
1
105
49
27
6
3
1
1
87
58
19
28
16
144
17
2
7
3
3
23
164
1
3
1
25
36
125
2
1
3
140
25
14
10
3
135
24
27
2
2
2
137
7
15
2
14
8
8
1
168
20
1
3
138
17
30
5
2
42
88
51
8
3
146
14
6
16
9
1
164
1
21
2
2
2
120
58
14
5
63
12
110
2
115
46
19
4
6
1
1
94
27
65
5
1
9
140
6
24
8
2
3
21
40
18
99
3
3
7
1
107
63
1
16
4
1
168
9
2
13
57
111
22
2
110
22
1
30
14
4
8
1
1
1
27
103
1
44
10
4
3
16
119
54
3
27
84
44
19
6
5
3
3
1
20
93
44
20
12
1
2
108
35
44
2
1
1
1
42
13
32
86
16
2
1
107
1
26
39
1
14
3
1
79
4
1
74
24
8
2
134
16
39
1
2
152
37
3
7
144
40
1
167
20
3
1
1
47
89
22
26
5
3
144
22
12
14
61
73
52
6
54
107
7
11
8
3
2
142
7
37
4
2
71
15
105
1
139
1
10
37
3
1
1
97
25
70
112
36
27
14
1
2
34
97
46
5
4
2
2
1
1
99
47
21
17
5
2
1
84
37
65
6
83
16
93
51
32
1
30
50
26
2
126
42
1
2
12
8
1
76
71
23
22
77
57
2
42
12
2
170
21
1
71
72
2
27
7
13
159
13
12
2
2
1
2
1
186
3
2
1
50
34
60
17
28
1
1
1
50
128
13
1
102
74
3
1
12
172
1
15
3
1
98
57
3
32
1
1
12
81
36
37
3
5
12
4
2
58
15
95
24
18
42
43
65
17
1
2
1
3
6
109
12
12
28
8
12
3
2
102
83
4
3
98
66
27
1
17
89
83
1
2
164
18
10
33
149
5
1
2
1
1
7
168
6
1
5
3
1
1
63
104
12
8
3
2
79
22
73
18
96
61
32
1
1
1
25
135
10
3
15
2
2
108
41
33
8
1
1
26
137
4
20
1
4
21
63
29
3
27
17
18
9
1
4
169
11
1
4
7
180
12
125
12
48
2
5
185
6
1
87
11
30
57
2
2
1
2
11
72
77
24
6
1
1
44
89
3
44
3
8
1
45
63
58
20
5
1
127
37
26
2
35
60
22
21
46
6
2
112
65
13
2
174
13
4
1
35
72
19
26
35
4
1
109
17
43
12
7
1
2
1
103
74
13
1
1
72
6
21
87
5
1
63
1
26
74
12
11
4
1
128
54
9
1
156
7
1
1
27
87
90
7
1
7
159
19
14
15
176
1
182
3
7
43
88
20
27
13
1
23
129
37
3
167
16
4
2
2
1
51
4
135
1
1
62
95
27
4
2
1
1
32
13
96
37
14
50
62
3
41
7
21
4
2
1
1
7
157
23
5
51
55
60
9
1
16
37
108
22
19
3
3
35
132
19
5
1
186
2
4
45
88
54
4
1
180
6
6
53
32
9
24
31
31
12
83
70
2
4
5
25
3
26
147
3
2
7
5
2
75
65
50
2
5
52
9
109
9
2
3
3
187
5
76
68
46
1
1
161
21
8
2
125
62
3
1
1
178
10
4
168
20
3
1
186
5
1
112
55
23
1
1
99
88
1
1
2
1
104
79
6
3
146
41
4
1
51
30
23
83
3
1
1
147
33
2
4
6
151
8
33
63
111
6
12
186
5
1
69
98
10
13
2
179
8
5
125
5
39
20
1
1
1
135
29
8
9
8
3
6
54
70
23
6
7
2
17
5
1
1
29
82
42
33
3
1
2
9
67
83
8
16
1
5
1
2
97
87
8
160
20
8
3
1
188
4
16
149
18
1
7
1
1
29
84
64
2
1
6
2
1
1
1
146
4
32
3
7
81
92
16
1
1
1
8
177
2
2
2
1
164
19
5
4
125
43
18
6
159
18
4
8
1
1
1
12
113
59
1
6
1
53
65
22
37
4
11
153
32
1
4
1
1
30
53
99
1
7
1
1
83
67
6
3
9
21
2
1
78
52
38
8
14
1
1
4
71
72
24
17
2
1
1
110
67
8
2
5
179
10
2
1
31
24
48
49
33
6
1
180
7
2
1
1
1
43
78
42
3
25
1
143
25
6
11
2
3
1
1
147
1
39
5
129
23
36
3
1
120
18
20
29
4
1
97
79
1
11
4
145
32
3
3
1
7
1
7
40
23
66
12
21
22
1
121
68
2
1
173
13
6
69
79
33
9
2
82
108
1
1
77
60
25
30
158
34
6
163
19
3
1
155
34
3
139
6
46
1
27
160
3
1
1
106
69
16
1
42
37
111
2
97
66
4
10
1
12
1
1
45
69
18
16
21
6
8
6
3
16
86
79
7
2
1
1
18
147
24
3
147
38
2
1
3
1
88
88
10
4
1
1
92
54
41
3
2
26
66
5
9
47
3
22
2
5
7
31
46
78
32
5
20
9
40
112
9
2
87
34
39
26
4
1
1
166
3
8
11
1
3
82
25
29
44
9
2
1
42
58
74
10
4
2
2
94
39
14
36
5
1
2
1
89
31
62
5
2
2
1
142
1
8
4
6
3
6
4
18
184
2
2
2
2
192
109
23
35
25
10
45
120
3
3
3
7
1
114
40
24
5
5
2
2
157
23
11
1
76
25
44
8
4
9
6
5
4
8
2
1
41
137
11
2
1
107
43
34
2
3
2
1
177
1
9
4
1
28
69
7
55
30
3
175
1
9
1
4
1
1
120
37
8
1
5
9
9
2
1
109
15
45
16
2
2
2
1
185
4
1
1
1
151
2
37
1
1
111
36
3
37
3
1
1
48
76
47
3
18
153
12
9
8
6
2
2
38
103
9
18
11
11
1
1
91
56
21
16
4
2
2
39
40
21
1
1
31
9
42
7
1
156
1
27
1
6
1
137
43
9
1
1
1
116
31
41
1
3
139
52
1
130
1
30
14
3
12
2
183
8
1
135
12
43
1
1
54
98
37
3
67
44
65
16
188
1
1
1
1
108
17
12
11
7
27
4
1
4
1
65
5
10
84
19
7
2
89
22
11
51
8
4
2
4
1
159
3
18
1
9
1
1
1
40
101
29
9
9
2
1
101
52
14
24
1
88
34
7
51
1
2
5
3
1
155
32
4
1
83
101
7
1
103
9
32
19
16
8
2
3
89
98
2
1
2
152
38
1
1
48
60
5
75
1
2
1
39
39
28
30
17
25
11
3
94
34
43
3
3
15
42
12
120
13
3
2
161
5
22
2
1
1
13
67
82
1
15
11
1
1
1
28
70
7
39
48
3
14
23
131
1
6
10
4
48
96
3
40
2
2
1
138
9
13
9
10
10
1
2
34
157
1
31
89
21
36
15
152
16
16
5
2
1
69
48
74
1
138
54
174
1
5
11
1
153
8
19
4
4
2
1
1
84
85
9
9
3
1
1
41
2
34
70
8
10
17
8
2
171
3
15
2
1
54
87
37
6
2
4
2
188
4
30
45
95
3
9
7
1
1
1
61
71
14
37
4
3
2
115
1
44
21
4
2
2
2
1
39
102
48
2
1
68
93
26
5
167
10
10
4
1
52
119
19
1
1
85
56
39
9
2
1
158
29
1
2
1
1
57
93
15
17
5
4
1
20
82
4
28
19
25
1
5
8
7
76
35
14
4
55
1
182
5
4
1
105
42
25
3
9
4
4
6
56
32
26
10
16
38
7
1
19
115
19
17
11
10
1
94
7
84
3
3
1
65
112
5
8
1
1
187
1
1
1
1
1
129
21
28
11
2
1
91
20
42
22
12
2
1
1
1
184
7
1
150
5
35
2
74
46
68
2
1
1
12
43
57
18
37
7
11
7
81
70
19
13
4
4
1
57
111
18
6
85
34
39
15
4
8
7
62
4
40
83
2
1
33
86
14
50
2
6
1
22
60
108
1
1
54
34
87
16
1
170
2
9
9
2
110
22
21
22
5
1
4
7
38
78
65
5
3
1
1
1
93
14
83
2
113
2
29
4
1
22
7
8
4
1
1
91
91
1
2
1
1
3
1
1
27
41
36
77
9
2
4
119
52
15
1
1
135
19
33
4
1
28
84
26
46
8
147
42
2
1
185
7
172
6
8
3
2
1
79
38
53
14
3
2
2
1
177
7
3
3
2
190
2
86
46
13
32
3
5
1
5
1
92
93
2
2
1
2
145
41
1
1
1
2
1
173
6
3
8
1
1
140
10
3
34
5
52
75
34
5
15
8
3
45
16
63
58
9
1
153
6
7
13
12
1
66
90
33
2
1
23
20
77
30
32
10
99
1
34
6
32
16
4
126
38
12
12
3
1
177
3
4
7
1
167
12
12
1
Number of elements: 2607
