Bin size: 226
Num of Bins: 341
202
7
14
2
1
91
15
94
4
15
6
1
129
59
19
3
6
8
1
1
49
136
39
1
1
157
40
2
17
2
7
1
130
23
18
32
16
4
1
1
1
44
83
71
5
20
3
62
144
15
4
1
41
91
22
24
21
26
1
137
84
4
1
75
146
2
3
100
61
23
16
24
1
1
132
60
5
15
14
90
56
77
1
1
1
68
40
36
27
36
15
4
173
4
38
1
8
2
181
44
1
38
114
68
5
1
156
20
2
30
1
2
1
4
7
3
160
48
15
2
1
28
120
57
6
10
4
1
98
19
76
22
11
197
15
14
141
77
8
33
191
2
102
114
1
7
2
181
44
1
43
135
18
9
21
38
74
76
17
7
4
5
1
3
1
141
19
14
1
24
2
6
2
6
11
126
25
39
15
13
5
2
1
88
119
19
151
45
5
9
12
4
155
47
23
1
210
16
113
80
29
4
220
6
144
81
1
160
40
16
3
4
3
34
131
18
20
9
11
2
1
164
33
18
3
5
1
1
1
50
113
39
4
3
2
4
3
8
159
59
6
1
1
2
136
37
39
11
1
168
11
44
3
130
75
8
13
114
68
19
16
9
190
29
5
2
75
137
5
6
1
2
22
102
17
62
8
15
20
200
6
98
10
79
3
30
4
2
8
8
98
46
20
35
9
2
64
46
11
44
47
10
4
137
17
50
17
3
1
1
52
122
39
2
7
2
2
216
2
1
6
1
51
67
9
65
8
15
7
4
153
38
7
16
1
11
19
101
18
17
3
14
51
3
111
36
37
13
29
194
21
1
3
7
184
36
3
1
1
1
31
161
29
3
2
13
116
59
7
1
15
10
3
2
97
3
70
56
210
11
1
4
124
99
3
190
18
8
4
3
2
1
205
3
12
5
1
201
5
9
2
2
2
2
3
20
155
46
3
2
93
17
72
28
2
12
1
1
192
28
6
109
93
2
3
17
1
1
155
59
2
1
4
5
1
38
96
14
39
25
10
3
200
15
9
1
1
120
56
18
3
10
13
4
2
172
44
9
1
30
185
5
3
1
1
1
158
12
4
44
7
1
104
105
6
11
113
35
23
3
20
30
2
55
30
74
17
3
28
6
2
3
7
1
62
87
73
2
1
1
14
6
50
151
5
70
52
97
1
1
1
1
2
1
94
97
29
2
3
1
119
62
43
2
140
13
16
13
30
8
5
1
111
18
73
22
2
159
17
41
3
1
4
1
78
20
119
8
1
58
153
8
3
2
2
12
127
47
38
2
152
13
48
4
2
2
5
12
61
112
10
24
5
2
215
4
6
1
101
123
1
1
46
19
122
38
1
125
69
2
3
19
7
1
123
21
15
50
14
2
1
178
37
7
1
1
1
1
113
100
2
2
2
7
22
149
28
2
11
7
1
3
1
2
81
84
42
11
8
167
45
9
2
3
83
29
92
22
124
97
3
2
103
20
27
35
13
14
13
1
31
155
17
8
10
3
2
107
35
29
52
3
26
99
19
50
19
10
2
1
41
175
1
5
3
1
184
19
4
13
2
4
209
4
9
3
1
147
5
2
10
44
4
11
1
1
1
100
23
58
26
9
6
4
163
12
42
2
3
2
1
1
85
16
98
18
8
1
53
135
2
9
1
6
16
4
163
23
5
6
16
6
4
1
1
1
34
87
3
64
5
32
1
153
69
4
164
48
10
2
2
24
73
125
2
2
122
48
42
13
1
146
41
16
9
6
4
3
1
82
109
32
2
1
178
16
27
2
2
1
167
7
42
3
3
2
1
1
44
133
17
15
6
7
1
2
1
63
80
52
9
17
3
2
53
58
29
52
3
11
3
7
4
6
79
136
8
2
1
31
124
11
41
14
1
3
1
107
73
12
3
11
9
2
2
7
38
118
11
19
19
10
5
3
2
1
133
12
41
39
1
68
67
47
4
12
19
4
4
1
186
13
23
4
81
98
32
14
1
165
11
44
1
3
1
1
145
12
61
5
2
1
133
72
13
4
1
2
1
85
99
37
5
27
99
12
84
2
1
1
126
78
12
8
1
1
72
51
29
68
6
78
7
38
48
16
30
1
3
4
1
116
60
30
2
5
6
7
47
8
157
8
2
1
2
1
61
141
20
3
1
23
110
83
9
1
209
3
4
9
1
170
46
4
2
4
47
115
28
2
21
7
2
4
220
3
3
139
61
11
4
11
217
8
1
29
44
97
24
21
10
1
97
108
20
1
89
53
28
30
17
2
5
2
41
102
21
48
3
2
2
4
3
146
77
1
1
1
51
49
39
69
7
5
2
1
2
1
87
73
27
12
23
3
1
124
94
8
142
67
6
11
3
142
78
1
2
202
6
14
1
1
2
39
162
20
3
1
1
48
148
4
15
10
1
125
8
30
54
6
3
202
11
13
11
68
25
79
35
8
81
6
15
65
35
6
17
1
121
91
12
1
1
128
31
5
39
23
21
96
107
1
1
144
14
63
3
1
1
56
158
11
1
173
33
20
87
89
48
2
58
8
114
33
2
1
4
4
2
43
47
26
50
25
3
2
23
7
159
12
6
1
23
6
6
1
4
1
4
1
1
1
80
60
62
12
6
4
1
1
122
39
53
1
4
3
1
1
1
1
122
25
60
16
2
1
148
59
8
2
9
199
11
14
2
121
85
5
1
13
1
71
119
3
4
15
7
6
1
160
53
11
1
1
49
11
79
14
34
9
30
1
59
129
10
20
1
1
1
1
3
139
34
3
46
3
1
152
13
45
12
3
1
186
16
13
11
152
12
29
12
14
4
3
216
8
2
63
2
108
48
1
3
1
170
24
31
1
153
36
8
17
12
197
15
12
1
1
154
6
60
3
3
15
62
102
39
2
6
67
12
145
2
1
91
127
7
39
82
31
7
58
9
39
160
9
4
4
1
9
123
67
13
13
2
5
3
55
102
26
42
1
51
154
2
19
180
21
13
8
4
128
55
14
11
14
2
1
1
50
26
79
63
3
4
1
141
59
9
3
2
1
11
195
17
9
3
1
1
115
44
15
48
1
3
165
3
24
31
2
1
111
48
30
26
6
1
2
1
1
15
148
52
9
1
1
21
26
52
32
60
35
93
51
45
8
4
12
13
103
15
6
6
89
5
2
50
19
136
9
9
1
2
191
8
11
3
6
2
2
3
120
4
75
2
9
2
8
2
3
1
89
83
40
9
1
1
1
2
8
111
21
40
31
9
6
206
6
12
1
1
216
7
3
130
8
60
18
4
2
4
95
33
91
5
1
1
163
53
9
1
168
51
3
4
5
4
188
24
2
3
45
36
77
27
27
10
3
1
72
66
59
11
8
4
2
3
1
169
37
13
3
3
1
39
180
1
4
1
1
76
57
69
9
13
2
147
3
39
2
28
1
4
2
60
15
17
91
36
6
1
59
63
89
12
2
1
218
4
1
3
171
15
6
12
3
15
4
12
13
153
32
10
1
5
40
123
27
28
3
3
1
1
137
55
33
1
174
20
27
2
2
1
216
5
5
217
6
3
133
55
15
12
8
3
8
209
6
1
1
1
98
51
26
28
2
18
1
2
95
104
21
1
1
1
3
60
89
5
22
2
48
197
13
9
2
3
1
1
85
67
46
12
5
1
9
1
120
100
5
1
13
191
5
10
1
3
1
2
137
72
10
5
2
162
54
6
3
1
136
7
75
3
4
1
42
160
16
6
2
193
1
27
4
1
226
144
38
36
2
4
1
1
173
49
4
218
2
3
3
131
50
38
3
1
1
2
218
1
5
1
1
132
25
42
8
8
4
3
4
164
20
4
38
4
109
58
43
7
5
114
5
74
15
13
3
2
130
71
6
1
15
3
85
50
53
22
6
7
1
2
113
15
16
79
3
90
107
22
5
2
195
7
11
3
8
2
149
38
17
3
11
6
2
72
153
1
38
145
37
5
1
192
14
11
4
1
3
1
53
110
58
2
1
2
173
22
9
5
6
2
1
6
1
1
154
32
28
12
223
1
1
1
2
109
87
19
2
6
1
55
80
10
65
13
3
96
9
17
67
34
3
155
39
29
2
1
216
6
1
2
1
30
101
24
6
2
18
19
11
9
2
2
2
89
96
25
1
3
6
5
1
118
72
12
8
7
1
5
1
1
1
28
44
152
1
1
225
1
154
15
27
23
7
43
58
86
33
6
47
53
92
20
1
7
3
3
218
7
1
225
1
144
34
27
6
14
1
192
11
19
2
1
1
91
67
39
26
1
2
183
16
4
11
5
6
1
25
192
3
4
1
1
69
66
77
9
4
1
99
63
62
2
187
9
21
2
6
1
169
54
3
187
7
18
4
4
6
158
16
38
6
6
1
1
65
28
4
70
8
4
5
25
7
7
3
101
71
4
48
2
51
157
13
2
1
2
8
34
146
18
10
2
7
1
71
150
1
2
2
116
90
10
9
1
15
36
139
1
25
10
160
53
8
5
204
10
11
1
36
50
24
90
6
16
3
1
18
66
21
35
61
22
3
198
23
4
1
131
95
69
108
25
21
2
1
60
54
20
33
34
4
13
3
3
1
1
175
15
30
5
1
154
22
41
5
2
2
149
22
55
71
6
130
3
14
2
160
16
47
2
1
29
186
4
2
4
1
157
43
19
4
1
1
1
Number of elements: 2055
