Bin size: 230
Num of Bins: 474
118
102
9
1
120
44
10
32
22
1
1
92
9
21
76
12
9
2
8
1
44
41
96
13
33
1
2
65
84
26
45
7
1
1
1
153
28
2
15
14
3
5
1
6
1
2
153
7
14
12
41
1
2
91
51
27
44
11
5
1
44
139
28
3
1
3
3
5
3
1
49
75
60
19
21
6
79
132
3
14
2
93
120
9
8
65
60
34
15
48
8
108
17
37
45
6
1
10
1
4
1
1
135
37
25
18
8
5
1
127
22
50
2
7
7
9
3
2
1
192
4
30
3
1
47
74
43
27
4
11
3
9
10
1
1
132
60
12
16
3
5
2
146
8
62
8
1
5
40
169
19
1
1
91
62
62
12
3
76
117
3
26
1
7
215
1
12
2
81
32
3
64
28
19
2
1
3
13
25
48
46
70
5
14
3
2
1
41
175
7
7
93
79
45
4
4
4
1
200
1
14
10
3
1
1
161
52
2
15
97
48
7
74
1
3
103
24
75
15
9
1
2
1
21
131
39
13
1
25
15
104
75
21
14
1
187
41
2
11
7
29
29
49
26
51
28
132
82
4
12
210
8
5
7
200
1
20
7
2
221
7
2
170
59
1
107
36
20
40
8
8
3
3
1
4
23
177
6
7
13
1
1
1
1
60
48
5
1
96
6
2
10
1
1
78
124
6
12
4
3
3
47
28
111
35
1
8
171
36
8
8
7
31
104
42
2
5
36
8
2
112
95
15
8
158
68
4
67
91
67
1
1
3
165
55
1
4
4
1
115
41
27
36
8
1
2
95
18
115
2
48
80
101
1
186
21
4
1
15
2
1
2
139
53
30
4
1
1
35
58
44
66
6
5
3
9
4
174
47
2
4
1
1
1
156
1
70
1
2
36
88
68
13
3
5
4
9
1
3
180
14
29
6
1
73
106
20
21
8
1
1
98
61
46
13
10
1
1
100
112
3
6
8
1
177
53
204
4
10
12
46
148
30
5
1
23
122
37
2
7
9
24
4
2
113
26
28
31
28
2
1
1
110
88
22
9
1
168
11
20
1
13
7
5
2
3
91
40
56
29
12
2
210
19
1
229
1
110
42
16
45
13
2
1
1
24
194
8
3
1
102
96
11
5
7
8
1
13
46
31
88
28
11
12
1
61
144
22
1
2
157
45
7
17
4
22
111
74
17
1
1
1
2
1
98
52
16
43
1
5
11
2
1
1
92
29
57
36
14
2
142
59
2
22
4
1
135
26
14
26
7
2
4
14
2
63
80
13
57
16
1
169
27
27
4
3
54
76
36
11
5
41
1
3
2
1
225
5
82
123
2
18
2
1
2
95
99
9
7
7
6
7
209
17
4
80
24
26
99
1
102
95
23
3
3
1
3
10
162
46
7
2
3
101
63
63
2
1
181
1
27
1
12
3
1
2
2
137
90
1
2
90
96
25
10
9
169
8
27
17
9
110
70
9
31
4
4
1
1
85
107
3
11
9
9
1
3
1
1
61
120
30
4
2
13
86
125
4
13
2
143
83
1
1
1
1
53
105
10
38
9
15
129
99
1
1
200
11
18
1
194
16
8
8
3
1
52
51
90
13
15
9
183
17
5
22
1
2
123
38
60
1
5
1
2
204
13
4
1
4
1
1
1
1
1
209
6
13
1
130
56
32
2
8
1
1
77
7
71
6
25
39
2
1
2
224
4
1
1
59
15
37
3
27
57
17
12
2
1
133
19
72
1
2
1
1
1
180
10
7
1
6
2
1
18
3
2
139
2
51
9
7
13
3
2
4
216
2
8
1
1
2
112
100
1
16
1
76
147
3
2
2
110
116
1
2
1
70
38
103
18
1
219
9
1
1
116
51
34
24
4
1
70
58
53
20
21
4
2
1
1
173
50
3
1
2
1
93
112
2
18
5
203
12
1
13
1
175
37
13
5
225
2
2
1
30
192
1
6
1
185
33
12
101
19
19
21
19
39
2
7
2
1
148
67
5
4
3
2
1
96
89
16
6
5
7
5
2
2
2
36
193
1
122
18
12
60
15
2
1
160
50
7
4
4
3
2
114
110
5
1
147
78
4
1
24
40
156
8
1
1
13
71
107
33
1
3
2
202
13
7
3
4
1
211
17
2
109
5
85
16
8
1
4
1
1
74
131
9
3
10
3
221
5
4
38
26
157
8
1
155
32
43
191
20
7
5
1
2
3
1
177
13
9
11
5
13
2
31
80
17
84
5
3
5
4
1
64
155
10
1
21
34
53
58
27
1
21
15
132
71
7
19
1
81
23
122
1
2
1
57
83
70
3
5
9
2
1
194
12
8
13
1
2
43
13
160
10
3
1
222
2
5
1
157
40
27
2
2
2
106
40
22
28
13
13
5
3
208
10
12
210
19
1
59
43
88
26
8
1
4
1
215
11
1
2
1
17
117
8
26
50
12
195
15
13
6
1
218
4
3
2
1
1
1
132
75
11
3
6
2
1
219
2
8
1
12
182
34
2
177
13
27
10
3
106
33
74
8
2
6
1
145
9
39
4
11
22
127
5
71
3
17
4
2
1
204
22
1
1
1
1
139
82
7
1
1
12
136
79
2
1
139
54
5
20
5
6
1
178
7
22
13
4
4
2
227
2
1
110
1
23
6
68
21
1
62
43
93
20
8
2
2
163
2
60
3
2
43
34
100
4
11
9
19
10
144
37
33
11
4
1
125
5
24
44
18
11
2
1
64
155
4
4
1
2
227
1
1
1
49
75
12
58
16
2
5
7
1
1
1
1
2
173
26
3
27
1
97
13
11
2
56
17
2
5
1
3
5
14
2
2
14
155
9
16
17
14
3
2
14
207
4
1
2
2
202
13
6
4
3
1
1
218
4
7
1
186
16
1
22
1
2
1
1
36
34
137
2
11
5
1
4
128
25
75
2
219
10
1
129
53
6
27
13
2
85
108
7
18
10
1
1
16
73
86
35
15
1
4
198
24
5
1
2
101
115
7
7
124
34
69
1
1
1
155
13
61
1
188
2
27
10
2
1
170
15
4
2
25
11
2
1
210
14
1
3
1
1
208
1
5
15
1
16
50
35
6
23
18
39
24
18
1
224
5
1
196
7
26
1
219
10
1
94
39
56
41
130
91
6
1
2
229
1
186
1
4
21
16
1
1
170
5
6
45
1
3
143
63
9
14
1
79
29
110
10
2
75
136
15
2
1
1
219
11
176
17
31
4
2
66
102
41
14
5
1
1
121
78
5
7
16
2
1
46
95
81
4
1
3
67
88
25
39
9
2
119
106
3
2
46
143
34
1
5
1
22
173
31
4
134
13
18
34
2
2
26
1
206
18
2
2
2
186
44
149
48
13
10
10
189
15
18
3
3
2
23
171
33
3
105
94
8
23
193
16
5
16
131
27
25
44
3
73
149
8
204
25
1
212
1
13
3
1
167
5
15
3
29
11
50
9
130
21
5
3
7
5
137
40
29
3
6
10
3
2
174
28
8
16
4
26
119
60
1
13
1
2
4
3
1
142
13
9
22
43
1
228
2
227
3
35
147
25
3
2
7
2
9
8
64
85
57
1
14
1
163
36
12
12
1
1
4
1
113
42
60
9
6
180
17
8
13
1
11
77
11
3
36
59
40
1
2
1
118
16
58
17
9
5
1
2
3
1
59
144
17
8
1
1
14
96
115
5
196
14
7
7
4
2
143
43
18
12
14
88
10
22
64
36
7
1
2
157
5
5
56
4
2
1
127
67
20
1
15
64
34
31
11
75
11
1
2
1
37
125
23
20
4
13
2
3
1
1
1
40
76
72
25
1
1
2
5
7
1
195
16
14
2
1
2
195
24
3
1
6
1
163
39
7
8
12
1
46
1
143
33
4
1
1
1
48
161
14
2
2
3
81
100
20
18
4
1
2
3
1
19
61
39
54
15
38
2
2
189
10
10
8
6
3
3
1
170
3
11
32
1
9
3
1
149
3
10
41
24
1
2
156
37
7
18
6
6
76
97
45
1
4
3
4
194
15
6
2
2
5
4
2
26
47
86
14
53
3
1
217
9
3
1
81
100
11
14
19
5
162
62
2
4
70
90
23
5
13
9
17
1
1
1
89
5
46
46
20
15
7
2
80
140
10
180
26
12
8
3
1
103
110
9
7
1
73
77
71
1
5
2
1
20
96
33
11
28
10
28
2
2
230
78
100
23
26
3
164
48
16
2
53
86
16
36
25
5
5
1
3
139
70
11
10
63
23
85
34
12
13
136
66
15
1
4
7
1
132
79
19
116
100
4
9
1
133
7
13
5
20
35
5
8
3
1
116
88
2
4
1
18
1
171
54
4
1
41
67
12
93
15
1
1
141
39
18
23
8
1
51
79
40
55
1
3
1
154
2
64
10
63
1
157
8
1
26
5
71
30
8
16
15
13
43
1
1
1
129
23
21
33
6
9
3
6
88
19
12
59
40
5
2
5
128
32
51
17
1
1
28
58
13
104
2
2
13
6
3
1
61
54
21
55
12
13
5
3
2
1
1
1
1
49
18
30
127
1
2
3
106
52
47
15
10
55
43
102
28
2
82
107
7
5
9
6
13
1
51
48
70
51
6
3
1
220
4
1
3
1
1
139
90
1
70
4
30
48
58
11
2
4
2
1
209
16
5
189
25
15
1
205
16
3
5
1
166
63
1
140
16
41
11
2
18
2
218
7
5
164
43
13
4
5
1
82
47
25
14
10
14
15
4
6
2
10
1
168
11
30
8
12
1
91
7
105
8
8
10
1
53
122
25
30
149
43
6
21
11
58
88
6
19
34
9
4
6
5
1
76
52
54
6
30
12
141
23
53
12
1
217
2
7
2
1
1
27
86
93
18
6
98
6
105
20
1
229
1
111
50
29
32
5
3
157
30
39
3
1
118
62
16
8
20
1
5
128
59
15
28
110
15
100
2
1
2
163
6
48
8
5
194
28
4
4
57
16
31
28
21
32
25
8
6
4
1
1
6
59
9
34
6
30
34
22
26
1
1
2
157
65
6
1
1
45
27
120
20
1
14
1
1
1
200
22
6
1
1
16
84
111
16
2
1
210
2
4
2
11
1
224
1
1
4
147
44
21
2
11
5
138
24
26
14
28
53
138
16
5
1
17
162
61
3
2
1
1
149
27
19
27
2
3
3
201
7
18
2
1
1
144
86
223
2
5
158
36
28
2
6
10
40
128
47
1
1
2
1
81
103
45
1
27
121
37
15
15
6
9
125
18
19
15
26
21
2
3
1
132
95
3
27
175
6
17
1
4
185
41
2
1
1
175
28
25
2
162
66
1
1
17
162
38
11
1
1
58
29
101
10
13
14
4
1
171
12
2
40
1
4
220
10
150
52
10
16
1
1
15
82
25
36
59
11
1
1
108
39
16
27
22
15
2
1
42
11
7
61
10
7
61
14
8
8
1
58
29
25
88
23
7
169
35
16
10
140
66
22
2
129
56
33
10
2
157
46
21
1
5
48
93
27
25
3
33
1
31
191
4
3
1
81
41
56
16
1
31
4
3
4
181
24
14
4
181
39
1
7
1
1
144
84
2
55
152
13
4
2
3
1
112
71
30
15
1
1
67
57
56
19
16
8
7
211
18
1
221
5
1
2
1
136
28
19
1
38
3
4
1
155
11
45
5
14
144
54
3
5
17
3
2
2
35
193
1
1
176
2
25
2
17
1
2
5
74
21
70
58
1
1
4
1
163
62
1
3
1
92
24
36
15
29
7
12
4
11
65
13
41
56
8
2
39
2
3
1
48
2
172
8
128
51
40
7
3
1
196
7
16
10
1
27
109
55
30
5
1
2
1
130
90
10
126
102
2
90
83
1
12
16
6
10
11
1
31
33
142
15
9
139
59
25
6
1
104
26
61
14
7
2
15
1
228
1
1
199
25
4
1
1
60
44
34
60
11
13
2
1
2
3
65
158
1
2
3
1
154
33
28
15
5
160
59
6
94
59
58
11
7
1
56
95
19
20
24
11
5
82
101
17
19
6
3
1
1
4
17
201
3
5
154
5
51
11
3
1
3
2
152
38
10
19
8
2
1
222
4
1
3
41
50
32
95
11
1
62
112
47
5
1
1
1
1
206
19
1
3
1
192
16
14
7
1
145
49
1
28
5
2
11
218
1
173
11
25
14
7
6
26
165
13
7
6
1
4
1
1
14
142
68
3
1
1
1
219
10
1
126
97
7
121
55
17
30
7
188
2
4
10
22
4
27
74
60
24
7
36
1
1
122
57
36
7
3
4
1
36
112
53
3
7
17
1
1
30
2
152
26
12
3
4
1
99
33
97
1
176
26
7
18
3
138
58
1
27
5
1
5
116
89
18
1
1
146
21
1
33
9
5
8
1
4
1
1
96
3
61
14
12
20
9
6
3
5
1
19
181
3
27
41
186
2
1
165
25
31
7
2
77
80
19
26
16
9
1
1
1
104
97
5
19
4
1
135
91
4
122
54
3
2
44
4
1
183
35
1
8
3
217
3
4
4
1
1
122
54
29
19
5
1
205
11
2
9
2
1
168
2
34
22
2
2
210
18
2
Number of elements: 2901
