Bin size: 202
Num of Bins: 491
136
13
36
13
4
15
132
19
26
4
5
1
27
142
25
6
2
188
11
3
183
12
5
2
50
105
44
3
75
41
21
44
20
1
182
12
5
3
121
66
9
4
2
88
11
98
5
26
22
146
6
1
1
104
43
12
36
6
1
75
47
21
36
15
3
1
1
2
1
197
3
1
1
177
5
1
1
14
4
74
87
11
18
6
3
2
1
48
69
84
1
83
5
86
24
4
139
50
11
1
1
16
74
69
10
2
24
5
1
1
91
88
22
1
76
25
87
4
1
3
1
4
1
44
100
43
14
1
46
23
68
50
8
5
2
84
73
39
4
2
62
62
73
3
2
113
62
16
6
5
98
22
30
35
4
2
10
1
22
111
55
3
11
157
22
21
2
35
141
21
3
2
105
42
27
7
14
2
1
2
2
121
51
7
10
13
96
79
10
3
1
10
1
2
153
6
15
28
164
7
15
10
4
2
150
39
11
2
151
12
9
9
12
1
8
58
13
121
1
4
4
1
153
40
7
2
135
26
39
2
14
121
50
13
1
1
2
14
114
34
12
1
21
2
2
2
7
84
63
13
34
1
70
36
47
9
34
2
2
1
1
171
31
7
112
55
10
17
1
79
10
56
41
4
11
1
147
40
8
1
4
2
68
32
72
2
28
25
154
23
198
3
1
55
38
53
48
4
1
1
2
19
158
8
5
10
2
197
1
4
136
57
7
1
1
118
4
26
39
6
3
4
1
1
72
38
11
45
36
95
15
35
15
18
1
10
4
3
3
2
1
134
66
1
1
31
30
87
5
46
3
12
187
1
1
1
145
45
3
3
5
1
45
35
114
1
3
2
1
1
182
11
9
18
177
1
4
2
185
13
3
1
57
130
11
1
1
2
172
27
2
1
194
3
1
4
45
61
28
62
6
114
79
7
2
65
62
56
13
4
1
1
117
3
23
37
18
3
1
103
46
9
36
4
2
1
1
7
16
175
1
3
114
80
6
2
27
86
79
10
33
88
24
51
1
5
99
71
3
26
2
1
79
118
5
86
95
20
1
164
6
22
5
5
60
43
78
3
5
4
9
44
81
5
49
5
14
4
124
11
13
31
18
2
2
1
98
104
171
20
1
9
1
185
12
3
2
137
19
33
5
4
2
1
1
57
52
35
54
3
1
176
26
87
10
85
10
10
80
111
2
3
4
1
1
151
18
18
10
4
1
193
3
3
3
79
74
28
17
2
2
101
16
1
27
48
4
1
1
1
2
121
43
34
3
1
82
113
7
64
56
59
5
2
16
90
59
17
7
27
2
11
159
2
4
16
9
1
165
34
3
112
61
26
3
112
71
14
5
92
106
4
90
80
15
11
6
55
11
134
1
1
93
88
8
10
1
2
109
79
12
2
110
13
75
4
147
27
12
14
1
1
110
13
42
18
17
1
1
5
160
10
26
1
85
108
1
7
1
148
43
2
2
5
1
1
14
115
33
29
4
3
4
65
91
18
2
22
1
1
1
1
112
24
29
29
2
1
5
86
69
30
8
3
2
2
1
1
115
70
8
2
6
1
171
20
2
7
2
163
7
12
8
6
6
32
145
10
13
2
180
16
3
3
128
15
35
13
7
1
1
1
1
58
142
1
1
161
34
5
2
197
3
1
1
180
18
4
40
88
54
15
4
1
82
80
39
1
178
20
3
1
195
5
2
62
33
105
1
1
127
25
18
9
23
119
45
35
2
1
74
36
69
19
2
2
44
51
10
43
31
9
12
2
143
43
5
5
2
4
134
38
12
16
1
1
141
26
22
9
4
95
34
1
48
23
1
88
39
19
19
14
18
1
2
1
1
143
44
14
1
121
35
26
12
1
6
1
119
38
44
1
38
111
27
21
4
1
105
82
3
5
5
2
131
40
11
7
5
2
6
66
47
89
163
31
3
4
1
73
51
18
43
15
2
150
26
25
1
13
147
29
5
8
21
120
45
14
1
1
60
44
43
15
40
148
26
17
11
80
9
106
3
4
178
5
14
3
2
123
40
16
9
10
4
136
56
8
2
197
2
1
1
1
190
4
2
4
1
1
54
102
13
25
3
1
4
139
7
56
114
83
1
1
2
1
196
1
2
1
2
186
12
3
1
12
16
156
14
4
192
10
130
7
41
6
7
10
1
32
112
14
39
2
1
1
1
80
55
41
22
1
3
179
1
3
19
139
12
8
10
28
1
3
1
117
10
74
1
103
38
37
17
7
105
66
21
5
4
1
47
117
9
6
9
11
2
1
5
86
2
7
49
21
10
18
4
139
34
14
8
4
2
1
198
4
73
83
17
28
1
89
22
4
79
6
1
1
89
25
36
26
21
4
1
1
151
27
18
5
188
14
201
1
188
10
4
142
34
5
10
11
127
52
19
1
3
129
47
5
18
1
2
122
40
38
1
1
2
6
183
11
119
67
7
1
7
1
99
35
4
3
61
108
26
14
5
5
12
16
2
7
6
1
13
142
19
15
2
11
201
1
63
8
2
104
22
1
2
17
164
5
2
3
1
3
4
2
1
74
41
33
10
22
5
2
9
2
4
192
9
1
133
1
27
27
5
9
183
19
117
63
9
10
2
1
97
68
11
3
19
4
20
7
95
12
60
3
4
1
32
148
8
11
3
190
12
146
51
1
2
1
1
189
1
5
6
1
181
2
4
10
1
1
2
1
192
9
1
135
55
2
3
7
81
20
95
4
2
99
10
5
41
15
18
3
10
1
101
48
47
1
3
1
1
61
90
24
12
2
12
1
153
43
5
1
139
6
3
23
8
3
9
7
1
3
28
171
2
1
150
15
5
18
12
1
1
10
7
123
48
7
1
3
3
52
11
98
30
6
4
1
124
61
17
93
87
12
6
3
1
52
68
22
34
16
5
2
2
1
31
162
3
5
1
112
52
20
7
1
3
5
1
1
124
78
152
30
18
2
197
4
1
144
5
30
18
2
2
1
93
88
12
2
6
1
14
11
50
46
60
19
2
66
121
7
7
1
173
17
4
6
2
60
128
14
10
26
114
44
6
2
102
34
1
65
176
19
2
3
1
1
177
9
11
2
1
1
1
95
36
4
44
23
85
65
17
22
7
2
2
1
1
91
67
1
31
6
2
1
1
1
1
154
37
7
1
2
1
138
18
31
10
2
3
114
53
28
2
1
4
39
128
31
4
49
92
48
10
2
1
40
132
7
2
2
14
5
195
3
3
1
39
113
4
26
14
2
3
1
190
3
9
89
5
53
2
9
40
2
2
28
55
61
50
7
1
32
130
25
5
10
149
5
47
1
181
12
6
1
2
42
121
8
28
3
50
33
56
32
12
2
16
1
116
12
67
5
2
62
3
106
28
1
2
174
26
2
43
98
41
8
7
4
1
24
3
122
45
1
2
1
3
1
77
2
85
9
22
7
22
74
63
23
1
13
4
1
1
202
71
129
2
178
9
1
3
10
1
109
81
6
3
1
1
1
83
81
20
13
4
1
198
2
2
34
78
70
6
12
2
31
86
78
4
2
1
146
25
12
9
2
4
4
187
9
5
1
59
5
35
19
64
10
4
2
2
1
1
181
4
16
1
134
37
25
1
4
1
38
88
33
27
3
5
8
134
30
31
7
52
87
48
4
11
44
24
109
22
2
1
198
4
20
16
28
17
78
32
4
7
192
3
3
3
1
30
132
31
5
3
1
146
42
14
163
26
7
4
1
1
165
21
1
15
194
6
2
7
151
27
11
5
1
63
45
38
7
1
6
1
14
21
1
4
1
124
76
1
1
129
5
11
13
8
31
1
1
1
1
1
155
46
1
112
28
4
30
15
10
2
1
135
52
8
4
3
110
29
53
9
1
172
21
4
3
1
1
133
4
40
5
9
7
2
2
48
136
6
11
1
75
120
3
4
177
24
1
84
38
55
21
2
1
1
152
27
1
13
6
1
1
1
23
123
17
24
2
11
1
1
9
75
93
17
7
1
135
32
4
4
25
2
15
126
50
4
4
1
1
1
153
15
22
11
1
66
38
87
4
3
3
1
49
56
39
54
4
202
175
8
3
3
10
2
1
153
28
21
153
41
3
1
2
2
126
53
10
9
3
1
15
4
182
1
172
8
8
6
7
1
185
2
8
5
2
199
1
1
1
159
4
30
7
2
191
5
4
1
1
95
7
80
9
5
2
1
3
151
31
16
1
2
1
3
38
31
3
92
25
8
2
99
91
9
2
1
59
105
11
13
8
1
4
1
53
119
28
2
39
114
38
11
124
57
2
16
2
1
163
34
3
2
103
6
72
7
9
4
1
192
3
2
3
2
26
23
127
13
2
3
8
7
103
80
1
4
5
1
1
15
170
5
1
2
8
1
139
55
3
2
2
1
21
98
45
37
1
38
109
8
36
3
5
3
173
5
16
2
6
77
9
80
17
11
6
2
9
142
20
28
3
114
8
32
7
7
16
17
1
3
127
42
27
1
1
1
36
122
4
11
4
5
2
15
1
1
1
87
34
79
1
1
168
18
16
33
78
9
33
1
23
17
3
3
2
7
49
114
30
2
53
82
17
11
19
1
12
3
4
109
88
3
1
1
118
74
7
3
171
23
8
77
10
19
39
19
8
11
6
2
4
4
3
34
161
2
3
2
116
81
4
1
94
70
34
3
1
146
13
5
21
8
2
5
2
91
99
5
5
1
1
173
6
15
6
2
10
12
110
67
2
1
114
44
27
3
7
6
1
4
90
48
29
12
9
4
4
1
1
148
20
5
28
1
119
57
24
1
1
155
17
28
2
178
14
1
7
2
18
167
16
1
199
2
1
123
26
41
7
2
3
66
27
45
4
26
34
195
4
3
186
9
1
5
1
78
100
4
5
4
10
1
140
9
48
4
1
80
31
45
44
1
1
46
110
15
30
1
25
41
42
22
34
14
22
2
71
109
19
1
2
172
5
4
20
1
98
76
16
10
1
1
188
5
8
1
199
1
2
109
8
22
53
8
2
120
75
4
3
180
16
6
187
6
3
5
1
149
16
3
34
121
65
10
3
2
1
156
42
2
1
1
99
53
23
18
3
1
1
3
1
12
16
58
115
1
4
129
12
41
6
4
4
1
1
42
76
52
23
3
4
1
1
6
1
8
143
6
1
3
8
20
5
1
164
16
5
10
5
2
2
44
125
2
1
24
3
1
131
10
28
28
2
2
1
184
3
10
2
2
1
13
175
8
1
5
111
73
15
2
1
186
7
6
2
1
71
102
27
2
70
101
7
6
18
120
10
41
8
9
5
9
177
6
4
11
1
2
1
199
1
2
144
53
2
2
1
124
70
4
3
1
163
8
22
4
1
3
1
35
114
6
3
29
2
5
1
3
1
2
1
35
128
37
2
107
10
32
34
18
1
187
6
7
2
72
103
3
11
5
2
4
2
93
15
20
48
7
14
5
109
16
13
17
25
13
7
1
1
30
72
50
16
1
19
5
3
6
45
22
77
30
21
3
1
1
1
1
10
14
28
127
17
5
1
14
172
14
2
33
103
59
3
4
137
3
6
51
2
2
1
152
10
21
4
10
1
1
2
1
196
6
39
9
128
5
5
15
1
149
36
4
8
4
1
32
43
73
22
17
8
2
2
1
2
159
22
16
1
2
1
1
77
14
95
4
9
3
10
48
16
73
37
13
4
1
168
4
15
8
1
2
1
2
1
147
29
25
1
171
14
1
7
9
25
173
2
2
163
15
13
9
2
123
9
10
2
19
24
13
1
1
8
37
123
14
12
5
3
182
5
14
1
68
7
123
3
1
58
78
43
13
7
2
1
30
154
2
6
5
2
2
1
11
126
42
8
14
1
47
23
121
6
3
1
1
105
1
31
41
1
5
4
12
1
1
149
41
2
5
4
1
107
56
37
1
1
86
9
58
27
13
1
8
114
82
6
24
165
6
2
4
1
102
95
5
194
3
3
2
169
24
8
1
118
71
3
5
5
43
34
117
5
1
1
1
38
158
1
5
192
5
5
55
134
6
5
2
155
16
10
7
1
4
5
3
1
48
151
3
112
77
7
3
2
1
181
9
10
1
1
129
34
9
22
6
1
1
55
124
19
2
1
1
161
1
13
21
5
1
154
43
5
186
6
1
2
1
4
2
141
19
20
20
1
1
177
22
1
2
104
47
16
23
9
2
1
153
40
6
2
1
129
26
31
10
5
1
46
109
44
1
2
132
34
14
22
178
12
8
4
5
149
23
11
12
1
1
199
3
52
71
5
9
35
18
11
1
159
8
25
5
2
2
1
169
4
4
24
1
155
26
2
13
2
2
2
93
86
17
2
3
1
190
1
1
10
72
74
23
26
5
2
Number of elements: 2804
