Bin size: 203
Num of Bins: 402
50
34
15
18
69
9
7
1
79
9
101
5
9
190
3
5
2
1
1
1
12
167
20
4
60
77
63
2
1
96
42
24
1
1
36
2
1
170
6
9
2
3
7
5
1
95
85
11
2
4
4
1
1
175
13
13
2
52
73
1
73
3
1
42
141
8
2
1
9
126
32
16
13
10
1
5
114
17
47
22
3
1
99
55
17
30
1
106
83
8
4
2
135
41
24
3
112
67
24
148
29
5
13
4
2
2
197
4
2
110
87
4
1
1
23
170
2
1
1
2
4
125
59
17
2
106
52
42
1
2
127
53
3
5
14
1
161
6
9
18
8
1
145
44
3
9
2
93
13
1
72
4
14
3
1
2
95
99
7
1
1
148
33
16
3
3
139
60
2
1
1
47
1
142
8
2
2
1
118
47
36
1
1
167
31
2
3
85
19
33
25
15
8
5
1
5
7
72
78
35
11
7
38
101
10
47
2
2
2
1
188
11
3
1
87
41
29
19
20
3
1
3
120
42
28
1
6
3
3
18
5
25
150
5
119
52
29
1
2
193
6
1
1
2
201
1
1
118
26
20
24
7
7
1
74
16
56
3
35
16
2
1
167
33
1
2
93
52
38
17
2
1
101
36
59
7
76
77
13
7
5
24
1
39
56
90
4
13
1
1
126
24
52
111
19
58
14
1
137
56
5
4
1
30
134
18
13
7
1
37
103
47
13
1
1
1
14
49
81
10
6
6
13
4
3
1
16
54
100
48
1
37
45
20
12
24
50
9
5
1
23
111
40
8
10
10
1
83
44
60
1
6
4
5
26
48
36
76
15
2
69
98
13
7
8
2
1
1
3
1
132
16
49
6
109
68
6
8
6
6
8
95
6
88
5
1
151
15
36
1
92
62
44
1
1
1
2
40
58
81
18
1
5
9
178
2
12
1
1
140
32
27
2
1
1
197
4
2
86
33
24
20
33
5
1
1
69
120
2
9
2
1
8
42
116
21
3
3
7
2
1
41
93
47
14
5
3
154
10
35
2
1
1
192
10
1
74
37
76
7
1
6
2
159
21
6
16
1
86
63
28
14
7
5
108
15
44
9
16
2
8
1
43
78
6
12
59
3
1
1
170
18
5
2
2
6
55
58
21
9
32
7
17
4
92
66
34
1
9
1
195
1
3
4
64
58
53
26
1
1
20
138
5
7
2
22
7
2
21
96
18
33
16
1
7
8
3
122
63
2
13
2
1
1
48
41
60
29
17
5
1
1
30
132
28
3
4
3
2
1
63
72
31
8
29
57
1
130
5
10
20
28
109
1
25
15
2
2
1
159
3
34
6
1
65
43
76
16
3
32
139
16
7
1
2
4
2
43
53
55
10
35
3
3
1
196
6
1
10
1
140
46
6
121
8
13
8
47
2
2
1
1
177
2
23
1
186
8
9
98
64
31
4
5
1
129
12
48
12
1
1
13
124
17
38
2
2
3
4
172
23
4
1
3
85
93
10
4
8
2
1
189
7
1
5
1
141
54
2
2
2
1
1
1
118
81
1
1
1
66
113
1
15
8
49
8
77
15
24
13
5
3
9
125
5
33
34
5
1
188
3
6
6
183
5
7
7
1
142
48
9
3
1
33
157
10
2
1
103
44
34
3
10
7
1
1
40
106
14
10
25
2
1
4
1
163
20
3
5
8
3
1
102
95
3
1
2
73
48
75
7
157
43
3
66
78
44
14
1
200
2
1
143
32
28
129
45
19
1
3
6
98
18
51
34
1
1
155
27
18
3
128
52
14
9
97
80
12
8
3
1
1
1
87
94
11
4
6
1
198
4
1
76
36
6
14
62
2
4
3
63
130
9
1
186
7
1
1
1
1
3
3
169
19
14
1
183
6
11
2
1
128
51
19
4
1
87
47
58
8
3
129
2
12
1
12
14
8
2
2
11
2
3
1
2
1
1
168
25
3
4
3
168
9
22
3
1
57
31
6
41
52
11
4
1
130
66
7
54
38
72
1
31
3
3
1
124
65
7
7
15
130
4
23
24
7
11
188
1
2
1
157
33
10
2
1
201
2
19
95
27
33
24
1
2
1
1
13
173
6
9
2
145
36
1
20
1
48
30
33
72
3
9
1
6
1
4
3
9
61
7
22
32
17
41
3
4
41
5
68
17
26
17
7
21
1
61
106
9
16
5
1
3
2
47
105
11
21
19
50
56
77
7
13
102
101
191
8
1
1
1
1
152
19
17
2
10
3
47
134
2
8
11
1
165
33
2
2
1
169
9
21
3
1
19
52
33
37
62
198
3
1
1
39
117
35
5
1
2
1
2
1
200
1
2
199
1
1
2
65
54
26
18
16
10
9
5
94
48
52
5
1
1
1
1
131
63
6
2
1
17
42
80
34
18
2
10
178
21
1
1
1
1
199
1
3
62
113
11
15
2
182
2
13
3
1
2
172
23
8
152
23
20
8
79
41
58
19
1
1
2
2
17
183
3
94
49
13
30
2
2
1
6
2
3
1
61
14
34
58
31
1
1
2
1
35
45
50
1
5
57
6
1
3
86
54
15
25
8
14
1
200
2
1
59
107
6
7
3
3
6
7
2
2
1
89
42
14
37
6
5
5
4
1
114
7
13
50
4
13
1
1
4
197
1
1
159
33
4
7
170
31
1
1
129
26
27
7
9
4
1
44
153
4
1
1
122
55
26
121
35
1
23
22
1
100
31
3
56
10
1
2
142
60
1
76
111
1
10
3
1
1
138
35
8
13
5
2
2
30
173
35
30
136
1
1
187
3
11
2
93
23
21
53
10
3
83
88
25
3
4
147
40
15
1
136
35
22
10
12
177
10
3
1
91
45
12
14
39
2
101
21
5
57
14
4
1
106
64
2
16
3
10
1
1
189
9
5
39
137
23
4
55
110
12
10
12
3
1
75
13
101
14
165
18
10
1
7
2
3
18
100
26
43
3
8
1
1
183
6
2
9
2
1
77
25
6
4
75
5
3
3
2
1
1
1
97
31
65
6
4
155
26
16
5
1
116
64
7
6
8
1
1
168
7
25
2
1
197
3
1
1
1
113
73
17
40
51
78
13
11
4
1
2
2
1
172
22
4
1
2
1
1
20
129
14
34
6
198
5
144
52
5
1
1
196
6
1
100
96
4
2
1
28
96
37
20
20
2
50
82
59
6
5
1
168
11
4
18
2
133
3
40
18
1
2
5
1
156
17
27
2
1
38
159
5
1
68
91
22
13
4
3
1
1
8
181
8
4
2
166
2
18
17
202
1
87
116
100
79
20
2
2
66
47
50
19
8
1
5
2
5
64
22
101
12
2
2
16
161
6
15
4
1
69
134
5
126
45
3
15
9
51
13
126
8
2
3
175
4
6
4
8
5
1
17
95
50
37
1
3
44
108
25
7
13
4
1
1
188
10
5
134
17
19
6
21
2
3
1
176
11
12
2
1
1
161
17
18
5
1
1
36
109
41
2
11
2
1
1
184
15
3
1
70
88
4
32
3
1
4
1
37
130
6
22
6
2
118
53
12
10
3
3
1
2
1
14
23
14
73
12
15
50
1
1
35
159
7
1
1
118
40
28
12
4
1
87
37
19
17
40
3
167
17
7
3
7
2
149
53
1
101
19
16
46
16
2
2
1
138
53
9
1
2
48
8
49
94
2
1
1
106
34
6
24
8
10
14
1
137
42
5
3
9
2
3
1
1
129
25
10
5
18
16
119
54
18
5
1
4
2
169
18
9
5
1
1
66
77
54
3
3
58
126
9
8
2
133
68
1
1
117
60
2
17
7
144
40
12
2
2
3
163
29
10
1
12
190
1
138
24
15
8
3
3
6
1
5
178
24
1
138
8
54
3
39
106
48
6
3
1
40
144
11
6
2
61
20
75
34
13
16
12
77
51
28
16
1
1
1
94
53
9
47
10
57
8
118
2
5
3
146
38
16
1
1
1
189
1
11
1
1
55
45
8
49
12
34
130
66
5
2
134
41
28
34
116
43
9
1
14
40
15
35
88
11
62
135
4
1
1
62
50
44
44
2
1
156
38
4
2
1
2
145
10
36
4
7
1
69
71
39
21
1
1
1
154
23
25
1
196
5
1
1
19
94
78
9
1
1
1
22
104
51
3
11
2
1
1
2
3
1
2
191
12
62
17
48
67
5
4
66
129
5
3
29
22
94
38
17
1
1
1
168
11
8
2
11
2
1
1
148
33
7
1
4
9
37
6
89
49
3
12
3
1
3
63
66
18
17
15
13
8
3
161
2
2
34
4
122
26
7
37
5
4
2
64
77
27
27
5
1
2
2
130
65
3
1
1
1
41
94
43
21
1
1
1
1
50
45
18
2
65
14
8
1
20
15
55
70
12
17
6
5
3
108
57
1
15
4
10
6
2
131
62
4
5
1
97
11
10
7
48
30
174
10
10
5
4
77
66
41
3
6
10
178
16
9
41
117
42
3
109
32
10
32
19
1
47
128
2
9
14
2
1
195
1
5
2
29
173
1
124
28
36
11
1
1
1
1
37
102
17
3
20
24
189
9
5
180
14
7
1
1
3
156
32
7
3
1
1
190
13
57
73
70
1
1
1
42
118
6
9
16
11
1
72
17
18
18
76
1
1
54
53
41
33
21
1
93
67
8
21
3
2
8
1
175
5
16
5
2
6
181
5
9
1
1
26
2
18
123
6
22
2
4
25
90
51
35
1
1
171
6
5
4
6
4
5
1
1
31
64
5
16
63
22
1
1
165
16
12
3
5
1
1
115
43
15
15
6
6
3
2
15
126
44
6
2
2
4
1
1
42
71
72
10
1
2
2
1
1
1
139
37
23
3
1
28
86
74
6
4
3
2
164
23
7
2
5
2
132
25
6
34
6
154
31
14
2
2
137
4
41
19
1
1
122
62
13
6
129
22
6
18
15
1
9
3
177
8
3
9
1
3
1
1
104
39
10
31
12
5
2
144
59
7
152
25
19
200
1
2
59
139
2
3
30
154
18
1
177
23
2
1
202
1
1
84
88
16
8
6
198
2
3
79
80
18
9
11
4
1
1
202
1
154
34
8
7
157
18
20
1
5
1
1
61
75
61
2
4
133
12
1
8
2
32
1
6
6
1
1
138
34
15
8
1
5
2
94
37
68
2
2
168
20
4
2
5
3
1
182
16
1
4
98
12
14
63
13
3
147
43
12
1
183
12
1
5
1
1
117
82
3
1
112
60
27
2
1
1
56
129
6
7
3
2
159
12
32
43
138
19
2
1
123
78
2
83
73
18
4
4
9
5
4
2
1
74
74
10
42
3
50
1
117
35
48
106
23
16
6
4
125
42
22
1
7
2
3
1
Number of elements: 2363
