Bin size: 249
Num of Bins: 373
127
2
21
34
19
30
14
2
80
152
10
7
134
105
2
1
4
3
232
1
12
3
1
76
127
24
6
14
2
32
152
31
9
14
4
4
1
1
1
61
155
23
6
2
2
198
28
16
1
2
2
2
243
5
1
230
14
3
2
206
12
10
5
4
6
3
1
1
1
23
182
25
7
4
7
1
30
64
100
52
1
2
158
55
3
19
8
2
3
1
30
190
2
12
8
4
2
1
103
138
8
209
14
7
2
17
180
11
7
44
2
4
1
204
34
7
2
2
91
97
19
27
15
202
45
2
219
30
114
33
36
50
16
241
3
4
1
223
24
2
212
11
11
5
2
2
6
81
103
19
7
25
1
7
4
2
181
3
61
3
1
143
98
5
1
1
1
148
22
15
16
26
16
4
1
1
243
2
2
2
15
72
54
12
27
54
10
2
3
193
22
18
10
6
111
38
1
42
52
4
1
82
109
56
1
1
2
48
118
17
16
18
30
44
79
55
4
22
30
7
4
4
144
102
3
138
62
48
1
100
122
7
7
3
2
5
1
2
107
131
2
6
2
1
119
77
17
14
2
14
4
2
131
88
3
11
15
1
75
129
39
5
1
173
59
8
1
6
2
194
3
14
31
2
1
1
1
2
112
37
18
49
10
18
3
2
142
3
43
52
6
1
1
1
125
99
11
10
2
2
25
7
67
96
2
7
35
7
1
2
138
26
4
35
17
29
167
70
11
1
215
8
21
2
1
2
83
40
52
47
17
9
1
127
8
71
36
7
141
82
4
11
1
10
27
56
110
38
13
1
2
1
1
155
64
10
18
1
1
78
129
29
7
4
2
40
205
1
3
47
200
1
1
111
100
10
22
5
1
54
73
53
54
11
3
1
139
64
38
7
1
214
22
6
4
2
1
106
48
4
87
3
1
51
83
113
1
1
222
22
1
1
1
1
1
66
119
42
15
4
3
134
112
2
1
15
69
17
87
2
58
1
148
56
35
10
200
2
31
15
1
203
5
31
4
3
3
130
102
2
13
2
113
71
37
7
3
1
1
4
2
10
149
89
11
210
39
56
187
5
1
170
19
48
2
6
2
1
1
235
5
8
1
71
79
74
2
19
2
1
1
235
10
4
50
76
109
14
86
108
23
18
3
6
4
1
118
97
17
11
3
2
1
179
7
27
20
2
3
2
5
4
183
55
10
1
215
7
8
1
12
6
64
156
23
2
4
82
136
25
1
3
2
81
30
82
7
20
12
8
4
1
1
2
1
233
10
6
177
31
24
13
2
1
1
155
86
4
3
1
54
101
56
28
8
2
205
9
3
2
8
8
4
6
2
2
172
12
33
32
45
130
46
21
7
185
21
43
169
60
7
9
4
115
25
80
19
8
1
1
32
193
8
7
6
1
1
1
249
163
14
69
2
1
218
6
23
1
1
239
10
230
14
1
4
145
23
25
47
7
2
90
46
37
61
8
3
3
1
196
3
32
10
8
109
97
35
4
1
2
1
132
110
7
54
104
8
9
47
15
9
3
39
103
68
5
17
16
1
181
41
7
13
3
2
2
73
24
69
19
40
7
16
1
160
14
49
21
3
2
167
57
20
4
1
135
3
2
76
22
3
2
6
102
132
7
5
3
33
114
39
56
6
1
172
56
17
1
2
1
198
29
20
1
1
20
70
97
1
48
2
4
3
3
1
10
136
11
32
4
17
16
18
5
64
13
135
21
11
2
1
1
1
156
31
23
27
7
1
1
3
67
26
22
104
14
3
5
8
89
99
30
5
3
18
4
1
149
60
15
14
5
4
2
223
23
1
2
176
13
9
22
15
14
144
85
20
237
7
2
2
1
228
18
1
2
53
192
1
1
1
1
73
170
5
1
245
4
235
8
2
1
3
179
6
41
5
6
8
3
1
210
18
3
10
8
139
22
45
11
9
12
2
3
2
1
2
1
8
112
53
27
8
22
19
163
85
1
240
5
2
2
212
8
26
2
1
204
3
23
13
2
2
1
1
56
134
15
24
6
12
2
229
15
5
184
54
6
2
1
1
1
2
95
47
70
29
2
4
110
51
38
35
5
2
7
1
200
14
7
23
3
1
1
79
142
12
2
2
10
2
121
11
39
32
12
15
16
3
20
188
8
26
7
97
50
7
88
5
2
88
115
40
1
2
3
146
11
23
22
47
197
31
3
14
4
156
12
20
25
22
14
184
65
79
47
8
46
54
6
2
4
3
132
30
72
15
109
116
9
10
3
1
1
64
35
131
10
9
111
70
9
56
2
1
172
17
24
26
1
5
3
1
175
1
3
3
35
21
11
122
32
76
5
5
3
1
3
1
1
72
19
15
13
8
63
31
12
11
1
2
1
1
67
61
62
33
11
1
1
6
2
5
212
34
1
1
1
2
70
116
59
1
1
132
19
93
2
2
1
210
12
1
26
12
149
28
53
3
1
3
117
130
1
1
142
14
6
48
14
19
1
3
2
191
54
4
187
7
53
2
245
1
2
1
138
111
101
144
1
3
218
27
2
2
78
55
36
7
1
67
2
1
1
1
235
4
5
3
2
144
29
29
47
68
46
26
8
24
66
5
4
1
1
14
48
49
35
94
8
1
116
27
35
26
18
5
10
7
4
1
229
1
7
2
1
1
3
1
4
42
22
26
48
78
23
1
7
1
1
183
26
23
11
6
94
102
9
6
20
9
1
2
1
2
2
1
133
13
49
41
1
1
8
3
86
19
39
24
46
18
17
23
155
10
26
8
13
11
2
1
95
110
33
2
2
2
4
1
117
15
21
64
18
9
2
1
1
1
88
155
5
1
127
23
92
1
4
1
1
104
97
45
1
2
1
106
139
1
2
223
23
3
158
26
1
20
3
18
17
6
85
76
52
15
13
4
2
1
1
27
44
97
6
1
28
24
8
2
7
1
4
245
1
2
1
42
156
25
16
8
1
1
46
78
116
9
164
67
8
3
1
5
1
175
5
36
33
32
165
30
16
5
1
70
20
151
8
163
84
2
174
5
41
7
16
3
3
73
104
50
15
1
2
1
3
179
33
34
1
1
1
43
88
85
4
28
1
176
17
42
13
1
45
100
6
55
13
17
2
9
1
1
172
66
3
3
4
1
78
64
1
81
22
2
1
90
110
31
6
1
4
2
2
3
219
13
6
4
4
3
202
34
1
8
2
2
102
145
2
154
7
13
2
33
8
14
10
6
1
1
155
51
13
7
17
2
4
8
39
187
10
4
1
39
209
1
52
27
162
4
2
2
18
9
179
35
8
248
1
81
116
46
6
61
10
72
70
6
20
10
111
74
26
21
14
1
2
35
27
92
5
32
19
24
3
4
6
2
110
3
130
5
1
53
72
93
6
9
12
4
168
25
52
3
1
230
16
2
1
229
17
3
8
80
60
64
28
4
3
1
1
51
53
109
10
2
6
14
2
1
1
105
107
19
18
109
20
94
1
15
6
3
1
73
131
40
3
2
192
49
5
2
1
126
45
74
3
1
102
127
13
2
3
1
1
16
159
55
7
2
5
5
20
95
20
98
4
1
11
101
64
7
45
29
2
1
217
5
22
4
1
105
105
8
11
9
8
1
1
1
35
142
29
34
7
2
72
72
58
9
30
4
3
1
86
29
23
5
75
1
15
4
11
234
9
3
3
240
9
46
40
74
15
52
5
2
1
1
3
2
2
5
1
152
12
40
24
8
13
174
5
15
44
10
1
117
109
4
3
10
6
163
82
1
1
1
1
105
117
16
10
1
248
1
85
42
51
23
20
10
13
4
1
89
144
14
2
98
40
54
4
40
10
3
43
185
4
1
7
6
1
2
229
8
6
1
3
1
1
60
48
102
29
8
1
1
6
199
11
14
14
4
1
227
9
2
5
3
2
1
182
24
1
30
10
2
25
189
9
24
1
1
158
17
43
25
2
3
1
69
101
58
2
17
1
1
190
7
42
10
12
203
4
6
12
12
142
92
13
1
1
194
17
21
4
10
2
1
200
9
18
22
45
142
26
26
1
5
1
2
1
145
15
57
17
6
4
3
2
33
86
104
2
19
1
3
1
127
31
9
12
12
6
12
18
8
11
2
1
75
129
30
4
10
1
99
56
26
1
13
24
4
25
1
84
118
43
2
1
1
242
3
4
184
18
17
5
16
6
1
2
163
33
4
17
4
6
7
3
1
9
2
165
39
45
48
74
124
2
1
199
22
26
1
1
141
39
49
14
3
1
1
1
189
18
27
5
3
3
3
1
80
20
114
9
25
1
196
43
6
4
100
146
3
155
53
16
22
1
2
47
3
160
22
7
5
4
1
211
38
174
35
30
5
4
1
73
46
70
43
7
2
1
1
6
44
136
30
22
12
1
1
1
1
1
9
201
13
26
139
84
22
2
1
1
197
43
1
7
1
121
101
17
6
2
1
1
216
33
152
30
13
35
18
1
12
119
75
26
9
7
1
87
9
32
88
15
3
12
3
143
2
37
47
6
4
6
2
2
210
16
23
122
84
28
12
2
1
153
32
59
2
1
2
2
11
116
2
84
29
5
99
57
20
56
1
10
4
2
118
104
24
1
1
1
53
49
61
55
1
30
22
42
180
3
1
1
212
34
1
2
163
9
35
13
23
3
2
1
93
19
52
31
12
40
1
1
28
24
167
5
21
2
1
1
155
77
15
2
246
1
2
177
13
17
26
7
7
2
92
15
138
2
1
1
158
33
37
16
2
2
1
139
18
44
5
18
3
19
3
99
71
55
23
1
111
136
1
1
236
3
6
3
1
230
3
5
6
1
3
1
163
34
45
1
6
203
41
5
23
15
80
105
5
7
10
4
183
32
3
25
3
1
1
1
121
103
22
2
1
156
90
3
219
10
18
2
85
27
108
9
2
8
6
1
1
1
1
187
42
11
1
4
1
1
2
214
33
1
1
121
26
52
34
11
4
1
242
7
27
216
3
1
2
171
66
12
56
170
4
8
7
1
1
2
83
33
2
96
27
3
2
3
25
58
73
40
12
11
29
1
235
4
6
1
3
43
14
155
25
7
4
1
241
7
1
44
117
44
19
16
9
244
1
3
1
247
1
1
169
66
3
6
1
2
2
90
59
39
32
9
17
2
1
7
133
91
3
1
4
5
1
1
1
2
105
107
7
4
17
6
1
1
1
59
111
65
2
6
6
45
190
11
3
237
4
2
2
4
48
51
94
47
1
5
3
Number of elements: 2307
