Bin size: 252
Num of Bins: 353
222
22
6
1
1
17
196
6
29
2
2
26
201
16
6
2
1
3
74
97
56
17
2
2
1
161
31
46
2
7
3
1
1
162
47
16
5
1
9
1
6
5
126
93
14
10
8
1
109
120
18
4
1
163
21
10
28
9
11
1
2
5
2
115
78
32
20
2
1
1
3
1
31
176
22
20
1
1
143
84
5
7
10
1
2
16
59
56
114
4
1
2
47
107
7
62
19
2
4
4
113
3
68
15
45
8
169
45
29
1
4
4
33
217
2
33
37
95
79
5
2
1
145
52
43
8
4
215
32
3
2
86
128
19
5
4
4
3
1
1
1
213
3
15
21
184
60
7
1
75
91
61
23
1
1
217
5
8
14
4
3
1
9
163
3
72
2
1
1
1
203
18
11
2
13
2
3
207
23
21
1
54
114
82
2
72
61
82
5
13
1
10
1
5
1
1
166
86
184
47
9
12
63
117
56
4
6
2
4
203
9
23
15
2
121
81
18
4
10
3
14
1
222
25
4
1
251
1
117
63
1
46
7
13
4
1
171
50
28
3
137
89
15
7
1
3
122
64
56
1
6
3
110
9
38
3
20
2
65
3
1
1
96
13
64
52
24
3
20
219
4
3
4
2
136
8
17
79
11
1
175
70
2
5
214
1
13
21
3
183
33
13
8
9
1
1
2
1
1
130
39
8
64
3
3
1
2
2
212
9
15
6
10
203
39
5
2
3
84
72
50
8
32
1
2
3
244
3
5
24
214
11
2
1
175
18
28
5
22
3
1
58
61
101
28
2
2
197
52
3
210
25
6
8
2
1
86
132
7
5
6
9
2
3
2
228
7
4
5
8
153
89
10
157
52
20
17
3
1
2
5
133
38
62
13
1
7
99
11
69
34
1
9
17
5
51
174
24
1
2
206
4
19
8
1
3
9
1
1
115
33
25
42
36
1
23
194
3
11
8
5
4
2
2
119
10
23
34
37
15
5
5
3
1
188
44
2
11
3
2
1
1
44
146
6
10
24
6
13
1
2
85
154
7
5
1
185
8
56
1
1
1
126
4
50
45
23
2
2
110
17
117
1
5
1
1
142
75
26
3
5
1
114
47
38
4
44
5
62
163
13
12
1
1
62
180
1
1
6
1
1
119
77
12
36
1
5
1
1
243
7
1
1
251
1
113
106
14
2
7
6
1
1
2
50
51
58
45
17
15
1
7
3
2
3
159
65
7
1
10
6
1
1
2
3
152
55
19
17
3
2
1
183
22
44
2
1
65
123
30
5
20
1
4
1
3
229
18
1
1
2
1
237
5
2
6
2
213
7
17
11
3
1
235
6
4
3
2
1
1
222
23
1
3
1
2
202
35
1
11
2
1
23
74
104
31
4
7
2
3
2
1
1
45
164
12
30
1
93
90
16
24
11
14
3
1
197
32
10
7
1
1
2
2
172
80
248
3
1
128
31
4
76
5
1
2
4
1
82
21
7
107
18
5
6
3
2
1
246
6
206
5
36
3
2
114
123
7
5
3
129
26
83
1
6
2
2
3
151
87
12
1
1
99
30
15
76
4
20
3
4
1
175
41
26
10
168
46
4
14
1
11
4
2
1
1
240
7
3
1
1
104
5
38
92
7
6
64
105
35
10
19
9
2
3
1
1
2
1
51
70
18
97
11
4
1
157
34
48
4
3
5
1
134
44
43
15
10
4
2
43
57
16
130
3
1
2
170
53
11
16
2
166
58
23
4
1
196
12
44
102
56
1
60
32
1
123
116
1
5
3
4
210
7
23
1
3
6
2
28
60
104
37
6
8
2
4
3
186
10
30
13
8
5
56
132
62
2
104
7
73
51
11
5
1
16
43
183
2
1
2
1
3
1
192
17
8
33
2
138
13
63
5
4
15
6
7
1
87
150
4
11
11
60
126
39
16
240
4
8
43
141
42
12
14
92
155
1
3
1
115
132
4
1
197
17
28
2
6
1
1
107
128
14
1
2
249
3
58
59
54
28
36
8
3
5
1
175
41
2
27
7
104
69
49
10
1
17
1
1
136
74
1
22
6
6
7
248
1
2
1
4
18
93
132
5
32
168
26
20
4
2
134
14
33
38
12
19
2
187
3
48
13
1
221
11
16
1
3
243
4
4
1
133
33
64
17
4
1
91
40
45
46
6
10
2
6
5
1
114
9
104
23
1
1
246
2
4
99
107
46
252
91
29
42
15
26
26
13
9
1
50
47
102
9
1
16
5
12
1
5
4
216
2
13
13
3
2
2
1
28
26
83
77
4
6
2
21
3
2
27
196
12
13
2
2
203
21
10
16
2
181
25
24
3
18
1
224
20
1
6
1
173
51
12
4
11
1
55
120
11
21
31
11
2
1
86
74
32
57
2
1
73
76
39
16
37
1
4
5
1
53
23
104
6
10
45
1
5
3
2
100
83
49
19
1
197
16
21
18
74
47
116
11
2
2
28
166
55
3
205
33
9
5
202
30
2
3
9
5
1
241
6
4
1
26
114
61
32
10
2
6
1
67
153
23
7
2
228
9
4
6
4
1
116
104
20
12
252
233
4
13
1
1
27
176
26
1
14
6
2
37
164
30
14
3
3
1
109
136
3
4
67
142
16
20
5
2
178
30
2
7
25
7
1
1
1
240
9
3
16
113
22
96
5
69
66
4
82
20
11
92
26
75
22
9
7
12
6
1
2
233
7
6
4
1
1
29
202
5
7
5
2
2
92
78
4
77
1
180
35
37
126
9
2
11
74
9
12
3
4
2
76
167
8
1
91
141
6
7
1
2
4
87
132
16
11
2
4
140
108
4
26
168
40
7
11
115
81
32
18
6
2
138
23
84
5
53
199
158
74
20
223
16
7
5
1
84
1
126
37
2
1
1
91
106
54
1
239
6
7
53
12
81
22
32
2
11
13
15
1
10
204
46
2
115
46
50
5
34
2
105
88
45
11
3
55
14
165
15
2
1
226
15
11
188
52
2
9
1
80
124
12
11
6
1
10
1
2
2
3
125
102
1
23
1
51
194
4
2
1
50
122
73
3
1
1
2
163
9
48
20
4
3
3
2
137
26
46
14
19
9
1
178
63
10
1
112
9
6
13
27
37
39
5
3
1
61
15
47
97
16
8
3
1
3
1
71
129
11
34
3
2
1
1
237
7
2
3
2
1
96
125
10
12
5
2
1
1
101
14
9
91
15
10
10
1
1
219
4
25
3
1
233
1
6
1
7
3
1
15
87
47
84
3
4
2
10
71
164
5
12
24
154
15
39
19
1
150
79
13
2
4
1
2
1
15
17
168
47
2
1
2
60
50
95
47
219
14
14
4
1
225
11
1
1
12
2
60
99
14
17
13
2
29
17
1
40
153
6
4
24
2
16
3
1
3
205
27
20
230
5
17
8
226
10
4
3
1
35
108
81
20
2
1
5
244
3
2
3
173
55
23
1
116
127
3
3
1
1
1
232
4
1
7
5
2
1
59
41
31
22
60
7
16
6
9
1
70
25
55
57
28
9
4
3
1
100
42
58
28
12
12
123
96
22
2
2
1
5
1
121
72
21
25
3
6
2
2
87
107
24
15
2
1
8
7
1
151
28
71
1
1
173
26
22
13
2
12
1
1
1
1
170
55
24
2
1
47
160
38
2
5
84
146
2
12
5
1
1
1
149
19
19
52
6
1
3
3
76
7
90
33
20
12
3
8
3
90
62
81
14
5
100
48
57
41
4
1
1
18
227
2
3
1
1
28
67
73
25
44
4
6
2
2
1
103
5
123
1
10
1
2
1
6
194
14
26
7
11
90
141
20
1
75
173
2
2
148
96
5
3
13
165
51
21
2
221
28
1
2
205
40
1
3
2
1
130
60
39
17
5
1
171
80
1
163
22
3
58
4
1
1
105
146
1
161
29
23
16
15
2
1
5
6
52
37
72
73
2
6
2
1
1
175
34
14
11
14
1
1
1
1
197
46
7
1
1
233
10
8
1
106
144
1
1
248
1
3
172
53
17
4
4
2
103
53
93
2
1
228
11
13
153
70
9
2
5
2
11
60
46
54
92
168
17
55
2
2
8
53
49
26
65
56
3
117
7
33
50
27
2
13
3
66
181
2
1
1
1
151
51
8
39
1
2
159
24
46
1
19
1
1
1
106
120
21
3
2
126
103
15
4
2
2
248
2
1
1
62
97
54
16
18
1
1
1
1
1
237
14
1
147
49
2
52
1
1
35
31
176
8
2
19
155
59
18
1
104
16
15
5
24
77
3
5
3
145
11
42
39
8
6
1
59
30
125
37
1
57
97
19
29
9
21
3
1
2
7
7
165
6
38
35
3
3
1
1
133
79
37
1
1
1
77
3
154
8
6
3
1
145
73
17
4
4
9
7
170
11
49
7
4
4
62
139
7
36
2
2
4
184
26
24
18
123
48
25
16
4
24
12
200
38
12
1
1
218
2
29
3
156
25
51
14
6
159
58
8
2
10
2
6
5
2
43
160
15
32
1
1
206
28
7
10
1
218
26
3
3
1
1
159
24
43
6
16
4
225
27
45
118
63
10
13
1
1
1
126
83
39
3
1
154
47
8
37
5
1
235
1
16
168
75
6
3
220
14
4
11
2
1
238
13
1
37
55
3
67
83
3
1
2
1
15
159
26
51
1
85
139
15
4
4
3
1
1
248
4
126
11
67
29
16
1
1
1
228
1
6
17
157
45
7
41
1
1
106
64
37
38
1
1
5
105
118
7
15
3
1
3
24
96
17
110
5
135
53
6
29
10
2
16
1
184
48
18
2
11
201
36
1
3
93
87
37
29
2
4
231
5
15
1
81
143
12
5
9
2
58
3
30
110
4
32
3
11
1
244
8
156
93
2
1
81
99
4
33
2
3
6
18
1
3
2
19
135
50
35
2
11
Number of elements: 2171
