Bin size: 144
Num of Bins: 457
132
6
1
4
1
67
2
58
11
2
4
82
37
25
46
86
9
2
1
112
28
3
1
106
23
11
2
1
1
112
1
9
4
9
9
47
4
89
2
2
101
17
5
20
1
135
1
5
2
1
140
3
1
15
6
60
13
23
20
6
1
117
26
1
69
21
3
33
1
17
93
48
2
1
55
81
6
2
139
3
2
9
126
7
1
1
10
10
49
8
26
13
6
22
143
1
122
6
11
5
122
18
2
1
1
8
45
27
22
41
1
73
68
3
112
23
3
2
3
1
16
107
20
1
18
58
10
44
13
1
107
3
34
35
56
14
17
5
12
4
1
28
17
36
30
18
2
4
3
2
4
36
29
73
1
4
1
5
98
19
10
10
2
64
33
35
12
82
61
1
99
20
16
8
1
67
68
8
1
111
31
1
1
9
75
12
6
25
13
4
12
88
27
5
2
9
1
67
51
18
8
58
57
22
5
1
1
132
4
2
6
47
1
31
4
49
6
5
1
48
29
67
108
17
13
1
4
1
5
10
12
55
14
34
6
1
4
3
6
23
94
8
8
2
1
1
1
93
33
1
4
8
5
63
34
22
10
9
3
1
2
54
4
27
2
47
1
5
4
109
20
14
1
47
24
2
66
5
25
46
22
40
3
4
3
1
78
48
18
139
2
1
2
65
68
9
2
4
36
94
3
7
79
20
21
22
2
76
11
6
20
2
4
16
7
2
107
20
1
4
5
1
4
1
1
132
4
3
1
1
1
2
10
60
63
2
6
1
2
124
7
9
2
2
45
88
11
115
21
7
1
10
132
2
105
20
19
68
45
18
9
4
64
15
39
12
11
2
1
20
18
46
14
27
1
9
7
1
1
144
19
9
88
16
6
1
3
2
23
86
21
4
2
2
4
2
75
64
2
1
1
1
33
75
10
11
6
3
4
2
85
5
14
9
28
3
96
9
13
2
24
24
53
9
24
23
4
2
4
1
35
4
8
20
8
65
2
1
1
45
34
19
16
5
23
2
43
79
10
9
2
1
58
53
9
16
4
4
126
10
8
4
11
51
38
14
6
14
5
1
24
111
3
2
4
51
53
25
7
4
3
1
61
19
63
1
27
114
2
1
46
11
29
50
8
60
50
11
6
15
2
82
12
11
15
21
1
2
93
31
18
2
63
13
63
1
1
1
2
61
40
21
13
5
4
21
73
18
26
3
3
76
23
16
25
2
1
1
42
44
4
35
7
2
3
1
4
1
1
44
6
84
6
3
1
141
2
1
140
4
72
21
32
17
2
3
138
1
1
1
114
12
2
11
1
4
30
20
50
20
1
12
2
7
1
1
125
18
1
110
5
13
15
1
20
34
85
2
3
27
66
19
30
2
55
30
52
4
2
1
63
46
12
22
1
138
3
3
63
67
11
3
46
73
9
2
11
3
100
43
1
20
64
49
1
3
3
2
1
1
39
18
60
18
9
11
57
15
53
2
2
2
1
1
35
103
5
1
138
3
2
1
64
62
18
64
23
43
11
3
115
15
3
7
1
2
1
97
40
5
2
82
13
33
13
3
105
18
10
3
3
1
2
1
1
139
3
2
33
50
21
4
25
5
2
4
61
55
16
2
8
2
46
40
41
17
70
19
30
14
10
1
123
5
5
1
2
5
3
106
36
1
1
103
8
1
20
9
2
1
62
71
4
4
1
2
119
14
7
4
61
64
4
9
5
1
86
44
10
2
1
1
117
15
11
1
13
58
28
37
2
2
1
2
1
138
2
4
118
14
9
2
1
8
62
74
46
9
62
10
13
2
2
84
29
31
133
9
1
1
96
46
1
1
22
57
45
1
6
6
2
3
1
1
127
12
3
2
90
3
2
14
34
1
50
73
21
53
88
2
1
130
4
9
1
127
8
6
3
21
97
13
3
2
5
3
52
60
21
10
1
35
18
78
11
2
112
16
3
10
2
1
140
2
2
78
11
30
16
6
3
88
42
6
1
6
1
102
28
7
4
1
2
45
91
7
1
53
65
1
12
1
5
7
78
6
40
16
4
7
63
63
9
1
1
15
1
99
6
8
11
4
140
3
1
67
1
26
1
40
6
3
107
30
2
5
5
121
12
6
85
55
2
1
1
46
73
16
3
4
2
41
15
67
20
1
110
12
16
1
5
103
36
2
2
1
66
48
18
2
7
3
112
32
6
129
1
4
3
1
87
47
6
2
1
1
69
54
19
1
1
137
4
2
1
87
18
27
4
6
2
126
6
1
4
4
2
1
125
14
3
1
1
64
34
44
1
1
15
71
23
7
10
3
9
5
1
128
8
5
3
122
9
12
1
132
11
1
144
99
16
5
11
13
83
26
1
1
6
8
2
7
6
2
1
1
23
120
1
69
70
3
1
1
101
17
21
3
1
1
50
3
27
50
6
1
2
5
96
3
27
6
3
2
4
1
1
1
33
93
12
4
2
95
27
22
53
33
53
5
33
95
8
4
3
1
6
28
40
30
5
26
8
1
115
1
1
25
2
22
101
19
2
119
15
7
3
117
24
1
1
1
75
54
2
4
8
1
43
3
32
40
21
1
3
1
144
30
87
24
3
102
6
24
7
2
3
43
12
75
5
3
1
1
1
3
19
85
12
15
6
4
1
1
1
124
10
9
1
62
26
13
3
26
11
3
8
136
115
7
8
11
1
1
1
122
9
12
1
17
109
1
16
1
6
110
27
1
99
15
14
12
2
2
10
63
47
16
5
2
1
113
6
7
4
7
5
2
68
27
28
7
1
1
3
2
3
3
1
30
78
33
1
2
87
33
19
1
3
1
136
6
2
64
31
46
3
140
2
1
1
14
36
2
82
2
8
130
6
6
1
1
44
63
27
2
3
2
1
1
1
114
3
25
2
140
3
1
124
15
3
1
1
13
66
39
12
11
2
1
131
1
11
1
24
90
4
24
1
1
37
47
9
45
6
80
7
32
8
14
1
1
1
133
9
1
1
36
16
4
40
48
82
62
130
6
2
6
104
28
2
5
5
19
53
55
7
5
2
1
1
1
143
1
82
35
25
1
1
38
59
26
13
6
2
104
12
26
2
127
6
9
1
1
139
1
4
83
41
12
4
4
3
118
18
3
1
1
58
43
19
13
6
4
1
123
11
6
4
125
9
4
1
2
3
129
7
3
1
4
57
79
8
100
10
31
2
1
105
4
14
10
1
4
2
1
3
49
24
27
21
17
1
3
2
38
70
11
15
8
1
1
87
43
8
6
65
59
19
1
109
25
5
3
1
1
10
124
4
2
4
106
36
1
1
139
5
135
8
1
44
76
20
1
3
22
46
64
11
1
41
90
1
9
3
102
14
18
2
2
2
2
2
89
39
10
3
1
2
63
48
16
6
6
4
1
102
24
13
1
3
1
10
90
17
8
11
2
1
3
1
1
141
2
1
29
78
12
20
1
3
1
20
46
18
25
11
14
1
8
1
144
13
68
19
43
1
26
5
84
28
1
68
48
19
7
1
1
108
19
15
1
1
35
57
20
9
12
6
1
3
1
103
11
9
11
3
1
5
1
20
34
77
7
2
1
1
1
1
12
64
57
6
1
4
122
16
4
2
33
107
2
1
1
134
2
8
127
1
16
91
3
45
2
2
1
113
15
16
10
105
27
1
1
46
32
8
55
3
65
48
29
2
44
68
19
5
3
4
1
96
14
6
22
6
118
25
1
31
65
46
2
25
116
2
1
109
26
5
4
57
73
13
1
80
22
20
7
2
12
1
47
32
26
8
3
7
5
13
3
97
22
9
10
3
3
17
17
74
16
2
14
1
1
2
123
10
8
3
139
2
2
1
56
58
28
2
53
91
118
24
2
59
41
5
35
4
136
1
7
110
29
3
1
1
111
30
3
5
48
28
56
5
2
86
6
31
17
4
125
2
15
2
37
69
10
24
3
1
56
55
23
5
2
3
31
73
31
6
1
2
81
55
3
5
5
106
14
6
10
1
1
1
143
1
108
23
9
4
57
39
28
19
1
128
5
1
2
7
1
8
133
1
2
7
103
1
24
4
2
1
1
1
38
43
41
5
1
14
1
1
122
19
3
123
20
1
139
2
3
124
19
1
26
105
5
1
5
2
120
16
1
2
4
1
22
89
29
4
41
65
34
2
2
5
139
63
67
4
7
3
104
25
11
3
1
6
8
64
20
30
16
109
9
25
1
74
1
55
5
2
4
3
11
95
5
20
11
2
12
106
15
3
7
1
11
128
4
1
27
34
31
1
45
2
3
1
15
48
75
4
2
52
81
1
7
3
68
9
65
2
48
43
18
17
16
2
143
1
73
30
27
2
11
1
50
20
27
37
2
7
1
44
16
32
8
24
17
3
82
57
5
13
72
25
30
4
20
124
131
3
2
5
1
2
41
66
21
16
51
88
4
1
60
45
35
4
6
12
81
22
20
1
2
35
77
17
9
6
128
10
5
1
138
6
35
39
16
50
2
2
41
53
11
35
4
37
59
36
11
1
133
11
130
12
1
1
84
2
30
20
3
5
25
27
60
3
17
8
4
48
63
27
3
1
1
1
115
14
5
3
1
3
1
1
1
142
1
1
132
8
2
2
121
7
12
1
1
1
1
131
3
5
1
4
99
12
27
6
97
45
1
1
108
31
4
1
137
7
13
103
21
6
1
68
1
66
8
1
108
22
5
4
5
61
32
24
18
4
2
2
1
20
15
63
14
22
4
4
1
1
82
21
1
26
12
2
19
73
16
30
4
2
135
9
27
101
9
7
99
7
18
13
6
1
41
10
5
22
22
20
6
6
2
9
1
44
85
10
3
1
1
123
20
1
105
9
1
17
5
5
1
1
112
24
1
7
30
112
1
1
30
98
10
3
2
1
96
18
22
5
1
2
85
4
9
14
29
2
1
6
71
53
6
2
2
1
1
2
117
13
8
3
2
1
55
10
39
31
5
1
2
1
52
28
60
3
1
18
120
3
3
74
53
8
5
1
3
140
1
3
78
58
4
1
3
93
43
7
1
97
33
13
1
59
21
11
23
20
1
8
1
140
2
1
1
38
56
12
21
6
2
3
3
2
1
139
2
3
128
9
6
1
94
24
24
2
71
48
10
4
3
4
2
1
1
139
1
2
1
1
125
18
1
119
3
4
9
6
2
1
7
56
21
39
13
5
2
1
53
10
38
25
7
11
25
55
35
19
9
1
111
9
11
8
5
113
26
5
63
37
34
10
59
39
3
30
1
8
4
142
1
1
33
77
25
7
1
1
8
38
83
4
8
1
2
5
16
30
81
6
2
4
137
4
1
2
70
20
8
43
1
1
1
78
9
3
14
15
25
36
13
21
29
21
11
9
2
1
1
27
72
20
1
4
10
8
1
1
47
45
44
8
102
15
18
2
5
2
5
20
98
4
6
4
4
2
1
123
11
10
100
2
41
1
104
35
4
1
79
29
26
9
1
12
123
4
4
1
101
2
36
4
1
61
82
1
98
3
3
31
5
2
2
46
72
5
8
10
2
1
105
32
2
1
3
1
115
16
13
Number of elements: 2450
