Bin size: 104
Num of Bins: 452
87
11
5
1
42
16
22
20
3
1
60
4
38
2
19
9
71
2
2
1
43
45
11
4
1
80
17
3
3
1
10
11
61
5
1
11
3
1
1
91
8
3
1
1
60
28
16
37
33
29
4
1
101
1
1
1
89
6
5
2
2
17
25
21
37
2
2
28
30
21
24
1
2
22
67
9
1
3
5
28
47
3
12
7
2
59
38
6
1
36
54
9
2
1
2
31
71
1
1
37
29
21
16
1
54
25
14
3
5
2
1
33
3
62
6
82
7
6
2
7
57
42
2
1
1
1
1
55
32
2
5
4
1
4
4
97
3
18
61
21
1
1
2
71
28
1
4
77
2
24
1
3
88
5
1
7
55
6
34
6
2
1
34
22
18
28
1
1
61
31
10
1
1
15
29
2
37
8
5
1
1
1
5
59
41
2
2
43
17
28
13
1
1
1
98
6
15
17
56
13
3
59
17
23
1
1
2
1
61
18
9
6
6
2
1
1
17
47
28
3
6
1
1
1
14
63
17
10
68
7
7
1
1
18
2
54
12
12
9
4
10
3
33
30
18
10
1
4
3
4
1
67
17
12
7
1
65
33
2
2
1
1
32
56
1
5
2
2
2
2
1
1
51
20
7
20
3
3
73
8
2
12
7
2
45
2
35
19
1
2
9
64
6
23
1
1
14
19
14
7
43
1
6
53
35
7
7
1
1
77
8
3
16
51
23
19
10
1
76
23
2
3
17
73
13
1
51
26
5
2
8
9
2
1
65
7
16
16
79
5
2
16
1
1
72
13
3
11
1
3
1
55
46
2
1
9
48
29
8
9
1
97
7
44
27
9
20
2
2
62
37
4
1
50
31
20
1
1
1
27
69
1
6
1
73
20
5
1
4
1
42
36
19
5
1
1
84
13
4
3
99
2
1
1
1
66
23
3
7
5
87
13
1
1
1
1
74
2
15
5
7
1
10
84
6
2
1
1
16
8
43
28
4
1
4
87
4
10
3
45
59
81
19
2
1
1
68
23
8
2
3
44
3
9
43
3
2
98
2
4
3
20
4
2
57
9
7
2
104
75
24
1
4
37
36
12
7
10
1
1
46
25
8
7
18
33
50
21
56
22
23
2
1
12
48
40
3
1
41
28
28
2
1
1
2
1
5
25
55
18
1
21
66
11
3
2
1
47
3
26
17
10
1
104
4
52
25
11
4
5
1
1
1
13
28
31
26
5
1
12
57
17
2
5
10
1
71
27
5
1
23
68
7
5
1
39
26
31
4
2
2
15
74
4
4
7
68
35
1
73
4
1
6
20
8
10
58
6
20
2
94
8
2
91
8
4
1
54
7
18
16
3
3
2
1
100
1
2
1
17
64
6
8
5
2
1
1
67
16
6
13
1
1
58
32
9
5
73
5
11
1
10
3
1
100
2
1
1
8
25
42
28
1
52
11
34
6
1
26
27
38
1
3
7
1
1
59
17
12
10
1
5
7
42
7
26
15
7
36
4
58
4
2
89
4
9
1
1
94
4
5
1
53
13
17
1
3
15
2
46
44
7
7
90
3
7
1
1
2
101
2
1
79
25
65
20
11
7
1
85
18
1
56
26
19
3
80
6
14
3
1
63
16
11
11
2
1
9
36
30
1
12
15
1
22
33
28
14
4
1
2
73
5
26
72
25
3
3
1
29
4
21
14
13
1
11
7
1
3
2
7
6
80
4
1
2
1
1
18
19
61
5
1
6
37
44
2
11
2
2
62
15
10
14
3
95
7
1
1
61
21
5
14
3
26
33
8
14
4
9
4
5
1
20
74
9
1
2
99
3
89
6
4
5
103
1
73
30
1
19
50
18
16
1
72
8
16
4
3
1
18
44
42
94
9
1
35
8
27
27
5
2
70
34
38
54
11
1
64
6
26
8
98
4
2
22
39
34
6
2
1
16
27
9
25
11
10
2
3
1
101
2
1
9
18
3
1
2
51
6
11
1
2
14
40
45
2
3
79
8
17
20
6
54
24
97
5
1
1
36
23
45
103
1
92
7
1
4
68
1
2
23
6
2
1
1
77
13
6
3
4
1
33
52
12
7
61
3
4
20
3
4
8
1
76
12
10
6
23
32
12
35
2
28
68
5
3
35
58
8
3
71
19
10
4
20
80
3
1
70
6
6
11
7
3
1
43
42
2
3
3
8
2
1
51
6
35
2
8
2
96
1
5
2
28
21
54
1
22
13
28
7
2
22
2
1
5
1
1
28
7
64
5
18
68
11
2
5
84
3
1
9
3
2
1
1
32
19
38
15
4
92
6
1
1
75
13
3
1
7
4
1
62
11
28
3
20
67
15
1
1
28
65
5
1
1
2
2
51
14
7
23
3
1
4
1
41
35
9
2
1
6
2
1
4
3
12
16
10
34
8
14
1
7
1
1
96
8
49
47
7
1
94
3
4
1
1
1
54
28
8
3
11
11
42
26
12
7
5
1
28
7
53
4
1
7
4
66
30
2
1
2
1
2
20
33
26
15
7
2
1
7
7
28
7
16
22
7
5
3
2
57
4
23
12
6
1
1
39
6
21
18
5
5
7
2
1
12
92
49
33
16
6
56
1
31
2
10
4
48
46
6
1
3
60
7
32
4
1
22
71
7
2
2
83
2
15
1
1
2
73
29
1
1
30
69
4
1
31
24
15
12
6
2
4
2
3
4
1
21
52
17
13
1
94
2
8
65
14
18
1
3
3
60
23
9
5
2
3
2
34
55
1
12
2
15
47
36
4
1
1
39
64
1
14
36
40
10
2
2
11
27
5
54
7
77
6
16
3
2
66
30
2
3
2
1
102
1
1
70
29
4
1
26
67
5
1
4
1
38
34
22
2
3
5
99
3
1
1
64
26
12
1
1
29
6
30
38
1
40
22
10
24
1
4
1
2
4
3
87
8
1
1
45
38
13
6
2
80
6
6
4
5
3
70
8
25
1
71
4
9
20
45
9
35
1
1
12
1
44
38
16
5
1
60
20
7
14
2
1
45
22
12
5
2
14
3
1
6
95
2
1
7
92
3
1
1
77
22
5
5
68
3
10
2
3
8
2
3
13
87
4
86
17
1
24
11
36
30
3
100
3
1
97
7
104
4
3
29
60
5
2
1
90
2
12
51
22
17
5
7
2
20
83
1
71
20
10
1
2
36
62
4
2
52
10
35
5
2
60
6
6
26
6
32
15
57
52
6
32
10
3
1
87
7
8
1
1
85
6
8
5
20
31
11
9
19
1
12
1
82
13
1
3
4
1
74
20
8
1
1
88
11
3
1
1
100
3
1
59
24
20
1
69
15
7
6
2
2
1
2
47
43
9
1
1
3
3
88
8
4
1
41
32
8
12
11
78
19
1
4
2
65
33
6
78
13
2
10
1
65
37
2
14
51
3
2
19
4
1
6
4
39
46
12
5
2
30
27
20
1
22
3
1
56
38
7
1
1
1
91
9
3
1
48
46
3
6
1
25
13
30
26
10
39
33
15
5
2
6
4
57
28
3
13
3
64
11
17
5
5
2
103
1
83
11
10
91
7
2
1
2
1
51
29
15
7
2
33
43
4
1
11
11
1
36
29
7
25
6
1
69
9
13
11
1
1
99
4
1
23
60
16
4
1
100
1
1
1
1
18
25
47
11
1
1
1
56
2
26
7
2
2
4
4
1
72
21
11
46
54
3
1
26
78
13
27
60
2
2
34
40
20
9
1
86
15
1
2
12
39
10
7
12
18
6
13
6
11
73
1
60
14
7
12
11
55
40
4
3
1
1
82
16
3
2
1
42
62
80
24
84
7
11
1
1
49
41
7
5
1
1
94
5
2
1
1
1
30
74
96
2
4
2
45
25
13
1
17
3
25
73
6
91
10
3
48
1
8
30
12
5
38
8
6
5
30
5
8
4
77
26
1
77
20
1
3
3
21
50
16
8
4
1
1
2
1
26
5
15
33
2
7
3
4
9
38
45
19
2
53
48
2
1
86
5
11
1
1
62
25
11
4
2
5
87
11
1
50
52
1
1
58
23
12
2
1
1
1
5
1
60
44
30
28
37
1
6
2
8
82
11
3
92
5
3
4
87
3
10
4
100
1
1
2
77
8
18
1
18
5
57
11
3
10
80
18
1
5
42
34
1
23
4
104
48
20
8
9
9
1
9
49
39
15
1
102
2
79
17
4
1
1
2
41
14
48
1
40
21
24
16
2
1
103
1
37
5
49
2
6
5
31
3
27
26
9
8
11
60
29
2
2
77
19
1
6
1
39
31
23
2
2
5
1
1
16
34
39
8
4
2
1
62
10
10
12
7
3
70
25
5
2
2
96
3
2
2
1
83
18
2
1
68
25
7
3
1
17
86
1
51
12
25
12
2
2
15
70
3
10
1
2
3
70
17
6
6
1
3
1
78
2
16
5
2
1
12
18
20
9
29
9
5
1
1
19
40
3
1
3
33
1
2
2
72
26
5
1
50
43
4
1
1
4
1
15
67
7
4
7
2
1
1
66
34
1
2
1
18
38
44
3
1
32
41
26
3
2
75
1
13
15
29
26
42
7
26
63
11
4
86
17
1
83
2
14
4
1
21
12
26
38
1
5
1
28
4
19
46
4
2
1
97
2
2
2
1
8
92
2
1
1
75
21
6
1
1
31
3
15
22
1
18
12
2
48
36
7
7
5
1
49
34
18
1
1
1
47
48
3
5
1
23
81
59
45
79
25
73
10
14
7
83
7
6
6
2
87
16
1
13
19
16
30
15
7
1
2
1
55
48
1
45
32
7
16
2
2
76
13
15
20
63
2
3
8
6
1
1
21
1
29
16
4
14
18
1
34
23
19
3
10
14
1
55
46
2
1
87
15
2
70
11
18
1
2
2
14
32
23
31
4
39
26
3
28
4
4
68
20
6
4
4
2
38
48
17
1
1
87
11
3
2
96
5
2
1
69
33
1
1
92
6
5
1
16
24
61
1
2
68
35
1
20
22
25
26
9
1
1
29
4
18
17
33
3
82
10
8
1
1
1
1
80
21
1
1
1
76
27
1
8
41
14
38
1
1
1
67
30
4
1
2
87
3
1
12
1
77
8
19
2
82
6
13
1
35
49
5
8
5
1
1
48
54
2
20
20
31
6
4
11
8
3
1
90
11
1
1
1
33
14
38
6
6
2
4
1
104
95
3
2
3
1
67
35
1
1
63
31
5
3
2
75
16
8
4
1
7
34
13
27
13
6
3
1
84
8
12
91
10
2
1
43
16
27
11
1
5
1
77
5
8
6
1
6
1
81
7
2
13
1
16
15
54
18
1
96
4
3
1
74
8
19
2
1
46
19
17
20
1
1
Number of elements: 2363
