Bin size: 167
Num of Bins: 442
56
85
3
21
2
70
81
11
5
141
14
10
2
27
62
61
7
9
1
102
10
47
1
3
2
2
84
58
9
9
5
1
1
89
72
2
2
1
1
158
8
1
144
12
10
1
160
4
1
2
122
45
74
49
44
138
12
16
1
12
111
6
8
7
5
6
11
1
163
2
2
20
60
54
27
4
2
9
73
31
44
8
2
58
41
27
27
5
1
2
3
3
153
4
5
4
1
125
37
2
1
2
20
146
1
87
36
25
3
9
1
1
3
2
96
71
101
44
10
1
11
72
8
3
21
4
26
32
1
92
29
44
1
1
123
35
3
4
2
57
64
21
20
1
3
1
21
145
1
87
4
73
3
128
33
5
1
108
46
10
2
1
148
3
7
1
2
6
145
20
1
1
155
8
2
1
1
66
53
33
9
2
1
1
2
17
56
61
18
15
24
38
41
3
46
12
1
1
1
144
19
4
12
88
16
41
10
101
57
7
1
1
92
69
5
1
128
20
12
3
2
2
75
2
80
8
1
1
129
35
1
2
158
9
110
13
22
19
1
1
1
4
117
22
6
6
10
1
1
81
86
121
44
1
1
129
9
19
1
3
4
1
1
51
99
10
5
1
1
146
5
13
3
35
41
74
16
1
9
10
113
28
1
4
1
1
76
68
18
1
3
1
7
1
118
18
21
1
1
92
57
18
104
9
35
3
8
3
4
1
152
6
1
2
1
3
1
1
142
2
2
11
8
2
51
69
32
7
4
2
2
58
36
66
3
4
28
52
50
24
1
7
1
3
1
107
23
16
19
1
1
69
21
37
22
10
8
124
31
11
1
156
4
7
147
4
11
4
1
29
93
43
1
1
14
116
16
18
3
108
48
2
3
1
4
1
116
7
8
6
29
1
57
50
39
1
8
7
5
23
117
10
5
10
1
1
73
92
1
1
104
6
31
6
12
2
6
142
19
5
1
62
95
9
1
97
26
24
5
3
2
4
6
134
27
6
123
29
11
2
1
1
95
64
4
2
2
155
12
67
61
26
11
2
87
22
24
32
2
62
89
14
1
1
20
142
4
1
139
16
2
3
6
1
41
114
4
2
4
2
110
50
5
2
7
3
24
128
5
74
1
56
35
1
125
25
9
7
1
113
53
1
47
63
46
5
5
1
153
11
3
165
1
1
59
60
36
1
11
23
114
25
5
75
60
17
3
10
2
110
23
28
3
2
1
27
115
23
1
1
36
89
7
19
10
1
1
1
3
113
28
24
1
1
76
23
1
12
25
14
4
12
126
11
29
1
167
55
99
6
7
12
134
17
2
2
153
5
2
6
1
51
71
10
35
11
105
41
9
1
147
19
1
101
17
35
5
6
2
1
36
78
33
8
4
5
1
2
97
16
26
26
1
1
76
18
56
12
2
3
118
4
29
9
1
4
2
146
19
2
115
16
29
5
1
1
132
34
1
74
65
23
5
149
2
12
4
99
37
19
2
1
3
1
1
2
2
113
52
2
64
62
28
5
3
3
1
1
156
3
5
2
1
107
40
7
13
113
12
26
3
3
2
6
2
64
54
17
23
1
6
1
1
104
17
40
1
3
1
1
36
30
15
9
8
50
12
3
3
1
115
44
8
51
89
12
6
9
154
10
1
2
33
21
85
5
21
2
99
53
12
1
2
116
26
9
13
3
152
3
12
126
1
28
12
30
12
46
32
23
8
15
1
154
5
6
1
1
164
3
42
13
34
20
21
8
11
11
7
41
19
52
1
23
13
12
1
1
4
45
22
25
5
4
1
34
1
20
8
1
1
65
91
3
2
6
26
94
7
39
1
120
39
6
2
62
41
22
41
1
154
5
4
2
2
64
51
9
1
29
10
1
2
18
20
49
80
119
47
1
120
39
7
1
38
41
57
13
9
3
5
1
123
28
12
3
1
155
5
7
159
3
4
1
42
35
65
14
11
56
41
32
18
7
8
4
1
166
1
73
43
19
11
12
8
1
103
47
9
3
4
1
72
24
48
9
4
10
17
133
10
5
1
1
101
33
21
9
1
2
43
13
62
8
21
11
6
3
166
1
71
67
21
7
1
42
77
16
24
5
1
1
1
22
1
13
81
19
13
8
4
4
1
1
32
120
5
5
5
157
4
6
30
50
74
4
4
2
3
87
37
30
2
6
4
1
95
11
10
25
16
10
108
48
10
1
125
13
1
9
5
8
6
72
11
5
11
17
13
30
7
1
89
50
9
18
1
116
48
1
1
1
117
4
24
16
1
5
118
2
42
5
67
85
4
3
7
1
39
102
20
4
2
143
21
1
1
1
124
19
13
4
4
2
1
71
28
13
35
17
3
1
121
1
19
5
16
3
1
100
8
56
1
2
143
11
7
1
3
2
106
33
8
13
6
1
17
84
60
3
1
2
87
27
49
1
3
117
25
9
3
7
1
1
2
1
1
22
74
51
11
4
1
4
66
49
52
24
26
53
41
19
2
1
1
40
87
8
21
9
1
1
69
32
19
37
2
5
2
1
144
12
11
162
3
2
25
56
83
2
1
34
26
62
15
24
6
59
62
7
20
9
4
1
4
1
146
4
7
8
1
1
108
35
14
5
3
1
1
110
37
10
7
1
1
1
146
11
8
1
1
100
7
31
7
5
4
3
3
4
3
55
74
3
21
9
1
4
58
109
76
61
22
4
4
83
8
36
13
16
1
2
3
5
119
9
16
21
2
51
82
13
14
7
30
4
97
27
5
2
1
1
124
27
4
5
4
3
35
102
28
1
1
6
117
14
6
16
2
2
3
1
28
2
10
84
2
23
9
5
2
2
4
20
98
21
19
4
1
32
85
29
20
1
69
82
7
9
161
4
2
42
32
9
33
31
20
94
64
7
2
94
56
5
9
2
1
9
104
52
2
108
6
46
6
1
95
71
1
110
35
16
3
2
1
167
153
1
9
4
45
73
35
2
11
1
102
40
17
6
2
41
56
25
22
21
1
1
15
20
23
62
15
12
13
3
2
2
18
51
17
19
14
25
21
2
157
8
2
149
15
2
1
71
59
20
11
5
1
131
25
3
7
1
137
6
21
1
1
1
79
37
41
6
1
1
2
156
6
1
2
2
68
95
3
1
164
2
1
90
39
12
24
2
61
100
4
1
1
75
55
34
1
2
137
1
16
12
1
141
17
3
2
4
71
46
2
7
5
28
5
2
1
100
32
16
16
1
1
1
47
88
27
5
154
4
1
1
1
3
1
2
140
7
2
14
4
27
108
31
1
153
9
2
3
63
91
6
1
1
5
90
31
31
1
10
4
43
106
1
7
3
4
2
1
101
48
10
7
1
157
9
1
68
24
27
28
10
2
1
3
3
1
156
9
2
124
40
1
2
74
45
27
20
1
144
1
3
7
4
3
5
70
37
43
3
14
25
67
27
15
19
8
1
2
1
1
1
86
48
9
10
10
4
108
36
22
1
137
12
4
12
2
137
7
9
6
3
3
2
25
103
5
34
10
43
43
37
33
1
31
68
53
10
2
3
75
25
64
1
2
82
74
11
33
4
117
5
7
1
14
108
23
16
2
3
1
83
2
38
37
1
4
1
1
18
103
23
21
1
1
110
35
19
1
2
121
6
23
17
5
93
57
10
1
1
145
4
10
5
1
1
1
149
9
1
6
1
1
74
82
11
97
4
66
60
69
24
10
1
3
81
18
24
5
35
4
54
82
4
25
1
1
37
21
62
33
2
2
1
2
1
3
3
22
129
2
13
1
121
6
35
3
1
1
139
9
18
1
59
67
1
32
1
7
131
12
10
8
1
5
53
48
46
2
11
4
2
1
153
6
3
1
1
3
92
56
14
2
2
1
90
71
3
3
63
19
19
55
1
6
3
1
116
42
3
1
3
1
1
121
14
25
7
98
49
18
1
1
2
36
97
19
6
4
3
56
111
155
8
4
152
5
3
4
2
1
11
8
76
31
2
19
13
6
1
137
29
1
47
113
6
1
10
111
8
22
6
6
2
1
1
160
6
1
39
1
28
12
15
1
27
9
31
2
1
1
58
1
37
33
18
3
17
102
42
13
3
5
1
1
159
1
3
4
98
55
14
54
85
3
12
8
1
1
2
1
28
82
39
9
6
1
2
9
148
8
2
52
64
13
11
9
3
2
5
1
3
4
117
26
16
4
2
1
1
51
27
89
112
45
5
2
3
1
118
29
12
4
2
1
79
61
13
8
2
2
2
39
105
12
9
2
110
4
38
11
1
3
3
69
63
7
20
2
2
1
17
122
12
12
4
64
58
24
3
12
5
1
103
36
15
6
6
1
128
12
25
1
1
34
78
2
2
43
4
1
3
20
25
87
1
15
18
1
34
19
99
14
1
17
126
5
4
12
2
1
15
13
30
83
22
3
1
19
74
54
13
5
2
101
47
4
13
2
5
158
3
1
98
30
38
1
104
59
1
1
2
26
46
80
6
9
155
12
165
1
1
117
5
31
14
101
33
7
7
3
5
4
2
2
1
2
132
25
1
8
1
146
11
7
1
1
1
5
7
63
90
2
78
29
38
19
1
1
1
30
74
18
2
12
27
2
2
23
30
109
5
33
57
31
21
4
19
2
152
15
33
80
32
22
1
35
106
15
8
2
104
48
10
3
2
45
106
15
1
81
58
18
2
2
4
1
1
72
1
88
2
3
1
87
57
16
6
1
131
32
3
1
35
81
29
1
5
8
8
41
41
22
46
6
5
5
1
46
79
11
31
78
19
19
9
18
3
17
2
2
90
40
34
3
40
96
21
6
1
2
1
21
41
75
5
10
14
1
1
120
40
6
47
27
82
10
1
114
32
2
2
7
3
3
2
2
24
125
11
4
2
1
24
74
26
11
3
29
46
53
56
5
6
1
19
117
23
7
1
33
55
52
4
2
3
1
10
4
2
1
165
2
90
68
9
4
80
6
58
13
1
4
1
137
14
10
5
1
4
158
1
3
1
16
74
4
3
70
4
55
54
41
1
8
4
99
45
12
9
1
1
150
5
9
3
107
57
3
115
42
4
1
3
2
165
1
1
91
70
3
1
2
140
23
3
1
83
7
37
33
4
1
2
153
12
1
1
1
18
66
37
42
2
1
117
40
4
1
4
1
27
115
8
2
1
3
1
2
8
107
14
6
29
1
7
3
12
18
114
23
58
47
13
17
29
1
2
32
74
39
11
6
2
2
1
84
78
1
3
1
37
66
2
6
9
21
8
8
10
30
103
34
114
14
2
22
3
2
7
3
105
19
32
10
1
92
43
32
8
154
4
1
14
55
41
29
15
7
3
3
37
73
55
1
1
165
1
1
107
35
2
4
10
1
5
3
145
4
17
1
129
8
17
1
8
1
2
1
58
33
11
37
24
3
1
34
10
77
34
12
108
38
18
1
1
1
81
10
33
26
8
5
1
3
138
14
9
3
2
1
25
104
26
11
1
64
36
60
4
2
1
98
60
6
1
1
1
91
41
24
9
1
1
115
50
1
1
125
7
26
7
1
1
103
7
19
30
8
78
8
60
16
2
2
1
46
53
37
4
18
3
6
132
26
1
8
107
37
23
83
69
1
14
76
57
19
11
3
1
164
2
1
Number of elements: 2479
