Bin size: 136
Num of Bins: 458
42
24
4
66
21
66
42
5
2
13
13
23
70
17
40
60
8
9
7
10
2
65
45
21
2
2
1
75
21
33
5
1
1
115
8
10
2
1
97
3
19
11
3
1
1
1
35
78
8
1
8
2
2
1
1
133
3
121
3
2
5
5
103
32
1
31
82
7
10
6
81
30
3
20
1
1
41
66
22
2
1
1
2
1
34
17
30
37
3
14
1
125
4
2
5
69
4
40
15
2
2
2
1
1
55
6
69
5
1
43
10
57
20
1
5
60
73
2
1
55
42
27
7
2
1
1
1
51
40
23
8
12
2
51
41
12
8
11
12
1
11
103
4
3
9
4
2
16
33
66
3
3
8
1
2
3
1
106
17
6
3
3
1
68
56
12
44
20
22
49
1
78
5
4
35
14
89
16
30
1
57
28
9
19
13
2
3
5
16
90
10
2
3
7
7
1
3
88
24
3
9
2
1
4
2
104
27
5
61
59
13
2
1
119
4
1
10
1
1
62
61
8
2
1
2
55
63
14
4
78
40
6
8
1
2
1
42
29
49
9
4
2
1
68
44
3
14
5
1
1
121
2
11
2
45
14
72
2
1
2
80
47
2
2
5
132
4
108
10
18
115
18
1
2
36
100
79
30
9
11
4
3
36
2
22
27
6
5
38
63
62
11
111
15
2
4
4
111
16
4
2
2
1
122
9
3
2
20
15
47
33
10
3
4
2
2
44
63
6
2
6
3
8
2
1
1
61
73
1
1
68
31
11
6
9
2
2
4
2
1
34
15
4
36
46
1
99
8
9
18
1
1
58
29
18
22
2
7
85
15
15
17
3
1
82
36
15
3
75
9
8
13
25
2
1
3
124
1
7
4
68
6
21
20
6
11
1
2
1
94
20
15
4
1
1
1
126
3
1
4
2
29
87
8
11
1
112
17
6
1
71
15
5
38
3
2
2
98
30
3
1
1
3
72
28
11
5
5
15
104
3
11
5
6
6
1
104
6
24
1
1
102
20
2
8
3
1
67
22
5
39
2
1
41
46
44
2
2
1
117
10
2
1
3
2
1
45
72
9
3
4
1
2
33
91
2
3
7
11
36
57
6
24
2
106
10
5
12
2
1
45
3
11
27
35
7
2
2
1
3
33
99
2
1
1
80
29
7
11
5
4
48
4
72
9
3
27
78
11
6
10
2
1
1
136
46
53
29
5
3
93
39
4
130
4
2
131
4
1
29
55
39
7
6
100
20
1
5
1
8
1
62
21
20
33
1
41
71
22
1
134
2
31
29
13
25
22
3
1
12
81
55
136
33
91
12
118
11
5
1
1
8
78
43
2
1
1
3
9
49
71
5
1
1
76
25
16
3
4
1
3
2
1
4
1
18
74
31
1
9
2
1
87
31
15
1
2
84
8
17
10
3
6
4
2
2
95
5
4
9
17
6
101
34
1
15
97
23
1
50
83
1
1
1
116
16
1
2
1
35
94
2
4
1
125
8
3
59
73
1
2
1
129
5
2
49
16
60
8
3
65
46
20
5
9
2
59
17
49
135
1
119
4
5
4
3
1
57
55
20
1
3
122
8
5
1
110
1
18
7
59
28
21
9
19
26
3
27
38
25
11
1
5
128
4
1
3
35
26
37
4
1
14
17
2
62
49
25
132
4
98
13
12
12
1
67
10
14
38
3
4
48
70
15
2
1
45
50
21
17
2
1
5
21
56
30
15
2
3
1
3
46
48
9
29
4
116
16
3
1
134
1
1
98
7
26
2
1
2
101
31
1
2
1
94
4
13
2
1
9
13
102
7
4
9
13
1
30
48
54
4
51
1
16
51
7
6
4
116
10
5
5
88
32
11
4
1
81
55
2
29
35
38
23
8
1
93
43
48
47
29
6
2
2
2
133
3
96
10
29
1
9
102
12
5
7
1
101
18
16
1
33
11
47
18
13
9
2
3
45
42
7
20
3
9
2
7
1
41
79
12
1
3
22
1
67
17
24
3
2
16
38
62
10
4
3
3
62
24
22
11
15
1
1
124
6
1
4
1
3
8
69
40
12
4
3
2
94
20
16
1
99
33
1
1
1
1
49
80
2
4
1
62
70
1
1
2
36
2
55
40
2
1
134
1
1
32
66
27
3
5
3
63
4
47
19
3
91
4
3
18
12
7
1
102
33
1
99
30
5
2
135
1
50
76
8
2
8
29
55
13
7
24
69
19
21
10
11
6
107
27
1
1
13
1
4
101
1
6
7
1
1
1
19
29
63
10
4
3
3
3
1
1
3
46
57
8
2
8
12
6
2
111
1
10
6
129
3
4
123
11
2
31
104
1
84
33
19
66
18
50
2
11
51
64
7
2
1
66
8
43
13
6
110
24
1
1
101
24
3
8
61
71
4
3
133
120
11
4
1
76
55
2
2
1
97
7
7
19
4
2
38
78
19
1
58
11
28
36
3
95
40
1
134
2
56
3
60
6
4
1
3
3
84
1
9
8
20
11
1
1
1
112
20
2
2
30
15
70
11
7
3
52
60
17
2
2
3
5
15
12
31
9
13
13
19
2
10
6
1
100
30
4
2
62
50
15
3
3
3
22
72
12
12
14
4
18
106
10
1
1
60
67
4
2
1
1
1
76
42
15
2
1
121
1
1
3
9
1
59
13
62
1
1
92
39
3
1
1
98
18
10
1
4
5
94
37
2
3
58
28
14
14
20
2
31
4
31
59
4
5
1
1
3
106
12
1
1
1
1
8
1
2
77
4
23
4
6
19
1
2
109
20
2
4
1
79
22
31
2
2
67
51
14
1
1
1
1
21
23
9
15
37
26
5
44
22
15
14
37
4
84
13
15
24
51
76
6
2
1
101
26
4
5
53
5
32
29
6
11
51
11
30
34
8
2
100
11
22
2
1
125
4
1
1
4
1
125
1
8
2
48
10
24
20
5
24
5
48
84
2
1
1
134
2
27
49
55
1
4
111
11
7
4
1
2
71
4
49
12
136
14
9
110
1
2
39
6
11
70
3
2
1
3
1
72
39
19
4
2
122
9
4
1
132
1
1
1
1
42
9
44
22
10
9
6
50
51
7
6
9
2
4
1
35
22
55
16
7
1
51
46
11
19
1
4
1
2
1
33
81
10
11
1
99
19
17
1
33
19
12
28
15
5
21
2
1
77
25
1
31
2
103
23
2
8
38
95
1
2
48
21
9
33
4
6
1
9
1
4
2
67
63
3
1
129
6
1
128
5
3
32
19
35
41
1
8
14
83
7
19
7
3
1
2
90
3
37
2
1
1
2
89
43
3
1
98
2
4
27
5
7
24
94
2
6
2
1
43
55
16
2
5
13
1
1
132
3
1
43
90
1
1
1
115
18
2
1
65
43
20
4
3
1
95
7
10
1
1
2
6
11
1
1
1
118
11
6
1
12
106
6
11
1
88
30
2
13
1
2
124
2
3
4
2
1
27
55
51
3
132
2
1
1
11
64
39
6
12
2
2
132
1
1
2
5
116
10
1
2
2
4
16
49
16
1
50
62
58
10
6
77
12
46
1
116
19
1
51
23
11
10
38
2
1
67
24
45
38
77
6
13
1
1
34
75
13
11
2
1
2
101
8
8
5
6
1
5
52
41
34
1
8
65
44
6
4
4
11
1
1
111
23
2
58
44
29
2
2
1
86
36
7
1
5
1
131
3
1
1
101
1
17
4
12
1
72
31
30
2
1
48
6
34
44
2
2
24
63
38
3
5
3
119
12
4
1
71
18
11
33
1
2
129
1
5
1
50
61
4
11
5
2
2
1
20
55
55
1
3
1
1
49
77
3
5
1
1
92
7
16
9
12
105
28
1
1
1
19
113
1
3
45
18
8
55
1
9
68
61
2
4
1
116
6
12
1
1
12
96
18
4
1
2
2
1
66
2
5
27
14
21
1
53
19
62
2
127
8
1
78
20
1
2
24
8
3
79
24
31
1
1
43
69
13
7
2
2
75
4
6
42
1
5
3
84
14
21
16
1
56
58
1
10
1
6
3
1
23
74
17
10
2
10
6
78
30
10
1
11
89
28
16
1
1
1
11
51
49
3
9
10
1
1
1
136
24
48
21
23
8
2
10
7
6
117
4
1
1
126
9
1
133
3
24
105
1
4
1
1
131
2
2
1
119
15
2
62
16
32
14
3
4
5
12
25
9
65
1
7
16
1
19
71
35
9
1
1
49
55
26
4
2
73
4
14
15
29
1
117
5
7
5
2
123
11
1
1
99
33
3
1
103
31
1
1
117
15
4
58
3
24
17
10
6
15
3
1
112
10
5
6
1
1
48
36
36
13
2
1
123
10
3
70
48
4
2
5
6
1
119
9
2
2
2
1
1
57
4
50
20
2
3
113
22
1
59
60
5
3
6
2
1
135
1
11
82
41
1
1
77
42
17
59
40
1
13
9
10
1
3
16
88
3
27
1
1
98
3
19
8
2
3
2
1
56
80
82
43
10
1
59
38
31
3
4
1
102
15
10
4
1
2
2
3
53
74
5
1
120
3
1
9
1
1
1
94
39
3
112
10
13
1
31
47
56
1
1
20
113
2
1
18
65
23
7
8
12
2
1
17
46
69
1
3
48
9
8
50
12
1
1
5
1
1
23
104
9
65
52
4
14
1
121
7
5
3
64
53
18
1
84
48
1
3
94
29
3
2
2
4
1
1
128
5
3
10
53
8
39
3
17
5
1
58
17
48
8
4
1
129
1
4
2
72
14
6
19
8
9
6
2
36
75
5
16
3
1
17
35
28
24
31
1
56
51
4
16
8
1
3
103
23
4
2
1
123
10
1
2
81
40
11
3
1
97
18
18
1
1
1
4
88
38
4
2
5
44
25
22
20
6
7
7
109
19
6
2
22
113
1
106
12
4
1
9
2
2
124
8
1
3
3
109
19
3
2
73
27
15
7
1
8
2
2
1
64
14
26
24
5
3
79
11
40
1
2
2
1
37
37
17
38
4
1
1
1
89
9
38
20
31
28
30
5
5
15
2
31
21
47
7
26
1
2
1
76
58
2
70
29
27
3
2
3
2
122
2
2
1
5
1
3
104
1
23
8
101
7
25
1
1
1
15
69
31
12
9
22
65
25
5
9
2
1
2
5
37
44
31
9
2
3
8
2
81
40
6
8
1
68
32
1
14
15
4
1
1
10
41
13
56
16
119
1
8
8
132
1
1
2
117
14
5
42
14
52
23
4
1
55
20
61
59
47
27
1
2
41
8
24
54
8
1
100
28
3
3
2
13
82
1
15
6
19
3
23
28
39
31
5
2
2
3
26
36
47
25
1
1
32
7
82
12
3
88
32
15
1
44
70
4
4
10
3
1
16
32
25
14
1
40
1
3
2
1
1
37
83
4
2
8
1
1
66
62
1
2
5
60
42
15
19
93
5
34
4
106
29
1
132
1
1
1
1
21
109
2
3
1
80
39
2
7
1
3
3
1
80
6
40
9
1
117
18
1
78
26
5
23
4
77
9
15
3
24
6
1
1
76
35
25
123
7
3
3
51
27
7
49
1
1
136
125
1
10
14
22
29
22
42
7
44
71
7
4
6
2
2
103
11
18
4
68
43
15
3
2
4
1
96
1
20
14
3
2
109
20
3
1
1
1
1
88
33
11
4
38
41
38
18
1
Number of elements: 2502
