Bin size: 298
Num of Bins: 401
231
49
2
14
1
1
34
113
64
35
19
20
9
1
1
2
274
7
16
1
238
1
23
21
7
7
1
121
126
39
10
2
255
7
22
5
1
8
102
182
10
4
97
68
86
39
8
170
15
90
15
3
3
2
47
88
94
45
11
9
2
2
92
1
154
15
10
25
1
260
28
4
6
156
125
2
5
8
1
1
245
21
7
16
2
6
1
23
118
99
18
35
3
2
162
39
70
17
3
5
1
1
142
63
19
31
4
22
3
3
3
7
1
10
156
39
47
6
40
29
107
152
6
3
1
147
70
81
251
12
27
8
115
171
4
1
7
170
39
27
60
2
287
4
2
5
191
106
1
92
179
15
3
6
1
1
1
21
213
33
24
6
1
206
56
17
4
15
36
130
31
101
7
221
33
6
19
6
3
1
1
1
138
45
9
39
12
2
14
8
2
12
14
1
1
1
134
157
6
1
205
75
2
14
2
289
1
2
4
1
1
162
7
92
14
5
9
9
176
55
30
10
4
7
16
278
19
1
157
41
81
10
8
1
19
45
124
4
45
32
27
2
100
36
145
12
5
203
15
28
24
25
3
37
204
48
9
165
80
42
4
1
4
2
155
123
3
5
8
4
254
22
10
5
7
19
100
129
21
9
8
4
4
2
2
72
123
21
27
10
1
37
5
1
1
6
132
62
96
2
237
13
37
6
2
3
30
64
101
85
9
8
1
72
219
4
2
1
260
13
4
7
4
4
6
222
48
9
1
15
1
2
235
3
14
16
20
7
3
265
17
8
1
4
2
1
213
53
14
15
2
1
211
85
2
209
38
32
1
11
6
1
234
61
2
1
102
90
83
9
6
5
3
276
16
4
1
1
10
41
188
43
4
9
2
1
88
93
91
13
9
4
231
16
50
1
229
63
1
5
4
284
9
1
188
70
15
16
5
3
1
175
27
67
14
15
180
50
28
1
30
1
7
1
234
14
1
15
13
17
2
1
1
234
14
25
15
10
156
49
78
14
1
46
196
12
32
1
1
3
7
175
73
12
28
10
15
35
146
1
6
48
5
6
35
1
298
257
7
12
12
10
27
21
6
50
97
74
19
3
1
77
104
4
93
1
9
7
3
227
12
56
2
1
254
16
19
4
5
137
54
13
13
20
31
7
10
1
7
4
1
167
106
13
10
1
1
38
50
173
25
1
9
2
40
23
143
35
28
9
15
2
2
1
96
191
8
3
32
232
12
19
2
1
223
66
4
2
3
119
85
33
51
4
6
77
21
43
114
32
2
2
7
55
52
81
45
65
215
53
18
3
2
5
2
200
17
78
3
275
21
2
64
223
9
1
1
53
56
50
29
98
11
1
79
152
17
49
1
179
21
82
6
2
8
277
8
3
2
3
3
1
1
11
69
152
53
10
3
123
48
69
14
7
25
6
3
2
1
51
36
168
30
8
3
1
1
249
7
37
5
98
92
50
46
11
1
154
81
56
3
1
1
2
260
33
2
2
1
55
43
29
16
23
90
39
2
1
211
8
62
10
7
151
130
4
11
2
74
25
187
7
3
2
41
90
26
115
23
3
12
64
145
57
8
10
1
1
123
79
33
8
12
6
10
2
13
10
1
1
240
3
6
40
9
259
35
3
1
264
3
16
15
197
79
11
8
2
1
58
20
97
63
35
19
2
2
2
81
49
76
69
10
2
9
2
201
83
13
1
41
10
148
17
18
62
1
1
188
51
42
3
13
1
230
16
43
4
5
86
173
1
36
1
1
266
4
23
3
2
217
75
1
3
2
276
2
6
10
1
3
226
40
30
2
2
282
12
2
94
84
94
15
2
5
4
126
130
2
16
16
1
5
1
1
254
32
5
1
2
3
1
57
110
76
14
14
20
5
2
246
16
19
1
13
3
229
27
34
7
1
129
84
76
7
1
1
124
145
20
5
1
2
1
199
82
12
3
1
1
278
10
10
54
127
46
1
67
3
242
49
3
4
208
70
20
96
183
13
3
3
31
62
40
99
63
2
1
126
154
1
15
1
1
298
112
37
25
100
19
4
1
224
30
18
2
23
1
196
13
8
60
8
9
3
1
138
92
25
37
6
178
103
7
5
3
2
25
121
106
25
2
10
7
2
220
52
25
1
173
63
45
4
11
1
1
126
2
7
82
4
55
13
3
3
2
1
103
77
108
4
2
3
1
111
134
4
39
4
5
1
16
190
2
3
68
15
2
1
1
188
54
1
47
5
1
2
246
22
28
1
1
141
89
2
63
2
1
75
21
96
8
45
40
13
150
48
13
60
4
9
6
6
2
107
157
34
18
262
8
5
2
2
1
111
1
121
52
13
232
57
9
243
22
32
1
63
159
30
45
1
237
58
2
1
109
110
8
60
1
8
2
107
67
40
36
18
24
4
2
21
102
165
3
7
246
21
27
3
1
18
117
100
12
42
5
3
1
181
115
2
272
8
12
5
1
293
4
1
238
57
2
1
90
31
85
38
30
6
2
12
2
2
87
187
5
19
227
31
15
4
18
3
35
132
62
24
28
14
2
1
15
196
7
3
26
7
13
21
8
2
90
102
2
103
1
231
19
38
1
1
3
2
2
1
7
167
49
47
14
1
3
7
1
2
205
85
2
2
4
46
188
63
1
102
101
13
68
2
2
9
1
189
58
2
35
14
295
3
5
173
107
3
6
3
1
251
3
29
3
8
1
3
87
80
5
117
1
4
1
2
1
278
1
11
8
10
151
114
21
1
1
140
38
83
35
1
1
64
136
38
59
1
104
37
48
34
62
13
114
62
33
61
4
11
12
1
230
16
12
5
31
1
2
1
242
38
6
7
3
1
1
262
31
5
293
1
3
1
20
274
3
1
105
125
43
20
1
3
1
216
76
2
2
2
143
69
36
20
9
5
3
5
4
3
1
84
6
113
45
13
23
10
2
1
1
146
109
12
12
17
2
178
56
16
19
8
9
10
1
1
79
86
21
31
33
4
28
7
9
129
28
78
2
55
4
1
1
74
98
7
41
5
49
23
1
155
122
10
1
5
1
3
1
118
139
35
3
1
2
180
92
24
1
1
271
20
6
1
11
8
125
86
5
52
11
50
111
23
62
32
18
2
83
178
17
16
3
1
272
20
6
240
28
3
23
3
1
280
8
10
183
51
31
30
2
1
11
183
50
23
1
9
14
6
1
34
91
138
32
1
1
1
169
29
58
21
6
14
1
108
35
139
11
2
1
2
36
29
119
48
50
6
9
1
196
54
18
29
1
122
23
36
32
40
12
10
23
276
19
2
1
48
89
61
58
8
8
5
3
4
13
1
198
78
3
17
2
43
4
1
212
3
9
1
21
1
2
1
28
171
9
15
6
32
8
21
8
70
41
70
107
2
5
2
1
191
25
79
3
284
4
6
4
19
103
38
20
46
56
15
1
156
46
32
60
1
3
41
142
113
1
1
290
2
1
4
1
81
194
20
1
1
1
82
104
14
57
5
6
8
15
4
1
2
23
233
15
10
5
7
4
1
268
1
14
12
3
251
24
5
6
1
9
2
6
217
2
8
40
18
7
90
141
47
3
15
1
1
171
19
11
37
4
46
5
5
256
15
13
14
271
5
15
7
219
13
20
45
1
7
279
10
2
50
97
149
2
75
87
22
2
82
16
4
4
1
2
3
287
6
4
1
166
24
7
16
26
8
22
17
1
5
2
2
2
75
129
14
79
1
80
29
184
1
3
1
52
188
34
9
1
1
1
5
5
1
1
56
184
20
34
2
1
1
173
78
11
31
3
2
36
201
19
2
21
4
2
10
3
67
152
45
12
13
9
126
38
57
19
14
21
22
1
218
72
1
6
1
137
62
48
17
5
14
5
7
2
1
176
111
2
8
1
208
69
8
8
4
1
291
2
2
1
1
1
228
29
22
17
2
241
5
43
2
4
2
1
94
75
32
91
2
3
1
179
7
90
11
10
1
213
35
5
25
1
16
1
2
72
43
7
15
123
27
9
1
1
232
63
1
1
1
263
16
14
5
46
176
60
6
7
2
1
153
102
40
2
1
198
80
6
9
3
2
25
145
13
68
40
7
185
18
68
27
290
1
1
1
5
48
72
46
12
114
6
284
9
5
1
107
175
13
1
1
60
192
17
25
2
1
1
159
113
19
2
3
2
144
7
38
82
15
11
1
137
6
83
18
20
29
2
2
1
196
38
7
42
2
12
1
16
182
2
14
22
11
40
10
1
240
53
3
2
220
6
34
6
14
5
13
108
2
13
174
1
4
20
132
94
45
2
1
155
134
9
146
108
14
25
4
1
253
35
4
6
21
132
139
6
210
41
10
28
4
4
1
80
202
1
2
8
3
2
255
17
19
3
1
1
2
141
86
5
43
15
3
5
295
1
2
5
121
80
28
48
10
2
3
1
202
44
7
8
8
29
35
21
210
19
7
4
2
282
5
7
3
1
296
2
48
12
158
45
35
146
112
4
26
7
3
161
128
6
2
1
242
31
19
5
1
67
122
14
65
26
3
1
99
173
18
7
1
137
79
71
2
9
135
138
22
2
1
280
2
4
10
2
235
15
40
4
3
1
111
182
5
277
19
2
289
1
5
3
275
17
5
1
125
159
4
4
5
1
215
79
1
1
2
257
41
228
30
1
36
1
2
276
13
7
1
1
42
215
28
12
1
287
10
1
14
244
18
12
8
2
88
178
26
5
1
117
108
22
1
21
28
1
138
33
64
8
27
7
8
5
3
3
1
1
268
15
15
189
104
2
1
2
65
126
98
7
1
1
77
69
146
6
132
37
9
23
11
19
39
19
3
5
1
262
30
4
1
1
45
182
33
19
1
5
4
2
5
2
103
124
38
22
4
5
1
1
193
28
3
30
28
9
7
176
89
31
2
128
77
16
19
41
14
2
1
242
23
23
9
1
253
39
4
2
272
14
3
4
4
1
223
4
31
34
6
153
80
58
4
2
1
2
85
206
5
78
182
19
3
5
5
2
1
1
2
270
19
3
4
1
1
112
120
46
20
297
1
7
174
18
19
58
21
1
259
32
1
4
1
1
251
9
37
1
16
113
92
49
2
22
4
3
285
7
1
1
1
51
41
4
31
98
50
11
3
3
3
2
1
68
182
42
5
1
222
72
3
1
27
69
9
192
1
111
122
12
20
16
4
13
106
140
35
14
3
221
71
1
4
1
133
132
25
3
3
1
1
145
30
52
28
21
3
4
9
1
3
1
1
78
126
15
22
52
3
1
1
69
85
120
20
1
2
1
107
47
5
56
51
29
2
1
24
28
111
59
20
34
10
9
2
1
188
27
24
14
20
4
11
9
1
86
18
132
16
16
10
10
6
2
1
1
59
107
75
50
5
1
1
167
39
67
23
2
166
61
62
9
167
30
95
4
1
1
151
49
33
60
1
3
1
291
5
2
11
26
125
72
31
26
5
1
1
120
43
79
11
28
3
1
13
255
33
2
7
1
72
8
183
17
5
5
1
7
15
14
68
118
28
10
38
1
1
1
4
294
1
3
36
262
218
64
11
2
2
1
157
132
5
2
2
25
222
14
23
8
1
1
2
2
127
145
6
20
217
4
48
8
5
9
1
3
2
1
169
48
34
9
12
8
8
8
1
1
258
14
24
1
1
Number of elements: 2495
