Bin size: 283
Num of Bins: 406
272
4
4
2
1
42
199
36
4
2
106
72
53
22
24
5
1
3
216
48
1
13
2
167
22
31
34
28
1
239
26
14
1
1
2
220
4
50
7
2
283
170
41
40
2
8
13
9
205
11
7
16
42
2
225
33
1
19
3
2
83
96
55
15
26
4
2
2
78
99
31
40
24
5
3
1
1
1
219
53
11
115
164
2
1
1
131
8
103
2
26
2
10
1
281
1
1
136
61
5
14
40
4
10
6
3
2
2
180
49
28
24
2
50
1
142
14
52
19
1
2
2
89
166
25
2
1
51
24
167
37
1
2
1
7
218
7
1
43
7
69
177
21
4
4
6
2
100
8
161
8
3
1
2
252
3
3
21
2
2
33
160
55
35
103
76
5
47
31
14
6
1
124
155
1
2
1
109
70
52
39
11
2
93
27
41
119
3
104
6
12
48
101
7
4
1
228
36
15
2
2
9
245
17
5
6
1
134
53
35
54
6
1
231
12
27
3
1
5
4
26
173
14
20
31
5
2
1
1
2
7
1
185
60
7
11
11
9
67
137
56
21
1
1
28
238
5
5
7
201
34
18
3
26
1
192
59
11
5
9
2
2
3
10
160
84
24
2
1
2
15
88
119
9
42
1
2
7
128
96
22
3
34
35
107
96
23
9
11
1
1
65
32
30
55
13
33
15
13
18
2
7
175
96
11
1
272
10
1
34
240
9
99
134
9
33
7
1
77
123
1
17
22
27
12
3
1
203
60
6
9
2
2
1
265
3
7
2
2
3
1
64
167
6
46
21
181
37
7
16
4
4
10
2
1
141
60
18
23
41
160
37
24
36
10
11
2
1
1
1
37
121
104
13
3
3
1
1
123
83
65
5
5
2
76
7
155
38
4
2
1
264
9
5
2
3
85
144
54
9
83
13
4
74
64
14
10
5
6
1
78
139
17
9
5
31
1
3
256
23
1
1
1
1
187
88
5
2
1
145
35
59
6
29
8
1
190
45
30
5
10
2
1
93
138
2
16
30
4
142
72
27
7
32
1
1
1
47
120
100
4
6
5
1
163
81
29
7
1
1
1
69
157
48
5
1
1
2
154
12
18
61
6
21
10
1
22
224
10
15
1
9
1
1
197
29
9
38
8
2
88
75
19
97
4
181
38
41
12
1
9
1
66
181
26
1
3
4
2
107
156
17
1
1
1
31
166
45
1
33
1
1
3
1
1
146
3
79
22
26
2
4
1
68
67
145
3
25
55
8
182
1
8
3
1
138
43
59
35
4
2
2
172
43
2
28
33
5
102
110
54
14
3
170
38
21
35
12
6
1
122
55
28
65
10
2
1
51
15
82
64
3
17
5
24
9
10
1
2
42
38
176
4
21
1
1
36
165
28
53
1
58
70
65
52
38
78
113
63
8
18
1
1
1
31
66
7
58
5
98
11
7
264
18
1
83
190
1
7
1
1
122
38
101
8
8
6
235
30
2
13
3
249
25
9
23
79
121
46
9
3
1
1
170
24
22
11
54
2
179
55
49
20
195
66
1
1
114
108
61
115
18
15
32
57
6
38
2
74
205
4
18
28
208
28
1
132
107
10
7
13
4
5
3
1
1
30
192
61
126
89
54
8
6
70
75
70
65
2
1
58
11
90
91
2
2
12
2
6
7
1
1
184
47
48
2
2
56
172
21
8
9
12
5
154
78
16
12
9
1
12
1
7
14
4
70
188
141
83
42
4
4
6
1
2
220
8
50
2
1
2
228
13
31
11
89
24
126
10
4
20
1
3
1
3
2
55
42
1
175
7
3
144
75
35
6
23
203
45
28
5
2
18
263
1
1
54
101
128
134
119
13
12
5
59
7
69
85
15
48
14
55
4
62
35
27
51
12
13
1
7
2
181
22
15
44
9
4
6
2
5
23
172
19
16
43
3
2
129
87
61
5
1
179
12
45
34
12
1
174
1
23
8
30
8
19
1
19
87
56
80
28
14
2
12
3
1
76
200
2
2
2
1
276
5
2
205
25
15
34
3
1
177
3
52
24
26
1
249
10
21
3
161
52
36
18
11
2
1
1
1
72
73
57
39
10
17
6
2
2
5
229
41
13
57
156
35
22
1
2
6
2
2
77
50
43
41
39
29
2
2
173
104
3
1
1
1
245
38
49
41
47
135
4
4
2
1
272
2
4
2
2
1
18
96
63
20
77
9
50
105
67
10
49
1
1
59
8
6
50
95
54
10
1
255
24
3
1
225
37
3
12
2
3
1
64
161
39
12
6
1
123
106
24
30
108
149
13
13
79
164
23
3
2
11
1
101
181
1
90
96
21
58
11
1
3
2
1
237
39
2
2
2
1
122
32
64
49
16
23
200
21
34
5
10
11
161
20
68
12
1
48
55
171
7
2
105
61
47
8
10
41
3
2
2
3
1
62
133
62
9
1
4
1
11
139
7
136
1
169
93
15
6
104
11
167
1
266
11
6
48
71
116
44
3
1
135
60
23
51
6
1
2
1
4
74
101
7
18
4
58
10
10
1
8
65
153
50
5
2
76
117
33
2
1
36
10
5
2
1
156
87
27
3
10
248
13
4
14
4
240
30
5
6
1
1
165
8
48
12
12
4
30
3
1
218
33
10
19
3
208
26
41
2
1
1
1
2
1
146
96
15
9
12
4
1
9
259
3
3
8
1
123
52
48
28
18
7
7
244
12
19
6
2
59
98
92
20
6
7
1
71
127
73
5
2
3
2
68
215
150
55
9
9
33
26
1
30
174
3
31
26
5
8
4
2
93
73
19
6
61
13
4
6
5
3
83
91
107
2
236
25
18
2
2
91
84
61
6
14
24
3
21
63
54
42
60
40
3
9
133
108
8
18
3
2
2
57
193
26
6
1
222
15
44
1
1
91
142
39
4
3
3
1
213
6
54
9
1
175
28
7
32
9
7
6
11
6
2
153
124
1
3
1
1
217
43
23
130
95
23
13
21
1
104
17
54
80
13
2
2
5
2
1
2
1
18
215
13
23
9
1
1
1
1
1
161
48
6
29
35
2
1
1
252
25
1
1
3
1
273
7
3
27
118
82
2
10
24
2
18
32
56
4
144
40
1
3
2
1
53
218
5
5
2
231
20
4
4
6
4
3
1
3
6
1
48
82
54
72
19
1
3
2
2
222
43
9
3
1
1
1
1
1
1
120
90
29
38
2
3
1
36
24
37
101
47
20
3
12
1
2
120
82
80
1
245
15
6
8
8
1
224
29
14
13
2
1
44
164
30
37
4
2
1
1
134
85
14
37
5
4
4
90
187
4
1
1
7
157
68
42
3
3
1
2
268
12
3
147
12
62
5
5
25
25
1
1
70
213
75
5
202
1
180
59
37
5
1
1
274
3
4
2
95
89
29
34
4
1
3
16
7
4
1
186
65
31
1
7
111
137
18
3
7
165
79
37
2
54
23
42
118
16
13
16
1
148
57
67
10
1
8
226
20
22
5
1
1
87
159
10
9
6
5
4
1
2
103
34
121
12
13
137
76
53
5
10
1
1
74
149
37
11
5
5
2
147
31
89
9
2
1
2
2
14
137
41
56
12
18
2
2
1
103
167
3
7
3
130
45
62
29
16
1
137
89
39
11
7
86
49
44
78
10
5
8
2
1
12
227
43
1
157
90
7
24
2
3
6
76
36
112
36
12
2
1
1
1
75
111
69
24
2
2
253
22
2
1
4
1
130
77
59
5
8
3
1
280
2
1
71
120
88
4
105
96
78
2
1
1
88
93
69
9
10
3
11
173
64
12
2
26
2
2
2
259
24
282
1
254
3
8
6
11
1
269
13
1
149
57
18
46
2
10
1
192
33
41
14
3
50
197
11
11
7
4
3
87
195
1
253
5
10
15
11
239
9
15
3
2
1
1
1
1
193
59
12
9
9
1
128
138
3
1
7
4
1
1
236
41
4
1
1
210
70
3
122
42
12
94
10
1
2
95
26
21
9
53
39
32
7
1
143
88
42
2
1
1
6
157
10
53
29
7
24
3
102
94
54
8
15
1
6
3
261
15
6
1
52
103
118
1
9
24
24
231
1
2
1
157
117
9
128
55
20
7
53
16
3
1
224
42
2
10
2
2
1
93
170
15
4
1
213
60
3
3
4
229
40
9
5
79
203
1
239
13
7
20
2
1
1
130
69
15
1
46
16
5
1
152
9
113
5
1
1
1
1
258
2
15
7
1
266
1
7
8
1
231
7
14
26
1
2
1
1
127
149
7
184
94
3
2
265
8
6
1
1
2
134
127
19
2
1
281
1
1
145
48
64
25
1
268
15
217
63
3
46
223
8
5
1
87
105
29
49
7
2
2
1
1
141
37
39
66
201
25
9
3
45
100
141
40
2
238
1
22
9
3
7
1
1
1
252
2
13
15
1
222
5
6
41
7
2
227
26
17
11
2
73
78
47
50
6
16
6
4
2
1
58
37
156
27
5
196
77
6
1
3
194
86
3
136
142
2
1
1
1
96
33
134
5
9
6
163
3
28
81
7
1
205
2
27
20
28
1
264
11
4
1
3
192
59
13
10
7
2
64
16
89
102
1
2
7
1
1
281
1
1
178
84
16
4
1
38
64
148
23
9
1
97
144
17
23
2
184
98
1
140
9
109
3
9
10
1
1
1
41
58
52
80
28
15
9
133
52
59
17
1
3
9
8
1
269
1
3
5
2
3
190
3
21
3
56
3
4
2
1
243
22
6
8
4
25
140
11
38
61
8
77
11
54
120
15
2
2
2
62
150
64
5
2
119
97
2
45
20
215
55
9
2
2
224
7
42
7
1
2
17
243
8
2
2
10
1
210
62
4
2
1
1
3
64
196
11
5
4
2
1
13
140
85
22
20
2
1
268
1
13
1
202
31
18
31
1
170
113
225
57
1
279
2
1
1
54
158
49
13
8
1
137
38
91
16
1
142
62
8
71
114
47
39
1
49
23
5
3
1
1
221
42
18
2
184
13
58
26
2
144
33
106
257
3
23
108
147
24
1
2
1
259
9
10
2
2
1
46
4
17
86
27
3
67
29
1
2
1
76
50
101
50
3
1
1
1
182
40
32
5
7
3
2
5
2
3
2
149
47
53
28
4
1
1
219
42
7
7
1
3
4
196
6
81
238
14
12
2
3
4
4
3
3
94
78
20
51
34
4
2
63
139
78
3
255
1
27
212
2
8
39
7
4
6
2
1
2
146
35
29
38
14
17
3
1
219
42
10
4
4
1
1
2
245
34
1
2
1
108
37
69
60
7
2
209
26
44
3
1
273
5
1
1
1
2
85
37
80
15
28
14
8
5
2
2
3
2
1
1
201
59
8
11
1
2
1
251
27
2
1
2
171
71
8
15
8
4
3
2
1
10
257
9
1
4
2
7
21
131
36
26
36
9
13
4
74
68
65
7
47
11
7
4
28
124
48
42
34
3
3
1
80
129
7
44
9
5
5
4
44
146
74
2
4
13
212
71
202
23
26
10
22
58
121
90
13
1
110
129
36
3
4
1
42
181
60
143
5
35
37
22
30
1
5
5
158
95
4
18
1
3
2
1
1
272
9
1
1
47
74
87
48
13
3
7
2
2
274
1
1
3
3
1
128
28
51
59
4
7
1
2
3
207
29
28
19
225
38
7
11
1
1
85
128
48
19
1
2
200
71
10
2
267
16
16
58
163
15
27
4
100
50
12
121
132
68
28
8
3
37
5
1
1
172
8
89
9
5
Number of elements: 2537
