Bin size: 203
Num of Bins: 343
9
108
9
40
32
1
4
41
35
89
1
4
32
1
63
19
84
34
3
95
49
11
27
20
1
14
58
19
30
74
1
2
2
3
50
131
5
3
3
11
65
66
36
10
8
7
7
4
5
139
45
1
3
1
8
1
24
17
70
35
25
21
9
2
43
97
60
1
2
6
115
25
57
167
9
15
9
2
1
189
8
5
1
90
2
45
8
20
32
6
153
16
6
4
6
4
1
2
2
7
1
1
132
16
25
1
22
7
75
56
8
42
8
3
10
1
21
157
22
3
170
33
95
91
7
1
7
1
1
170
6
12
12
1
1
1
164
9
2
11
10
4
2
1
93
52
41
13
3
1
155
41
2
4
1
141
17
16
11
8
5
1
2
2
203
96
47
33
20
7
114
67
3
16
1
2
141
34
14
8
1
4
1
12
108
37
31
11
4
65
3
38
35
2
37
12
2
9
163
31
4
3
1
1
71
49
67
16
89
26
67
9
10
1
1
32
87
43
5
10
11
14
1
134
7
56
2
3
1
76
92
3
28
3
1
153
35
12
2
1
67
39
43
17
6
11
16
3
1
2
69
119
7
3
1
1
1
143
45
7
5
1
1
1
22
74
69
1
15
11
6
2
1
2
195
6
1
1
7
139
25
25
4
2
1
181
9
11
1
1
136
37
17
10
3
108
22
9
64
82
57
30
34
169
26
1
4
2
1
172
15
7
9
192
6
5
134
4
18
1
16
30
143
9
14
17
19
1
13
183
3
2
2
104
97
1
1
85
45
11
33
28
1
6
11
159
15
2
6
4
168
6
28
1
91
81
18
4
6
2
1
64
19
108
6
5
1
2
36
51
24
30
38
11
2
8
1
3
180
15
3
1
1
193
9
1
58
130
15
140
42
4
2
14
1
122
69
3
7
2
135
58
6
2
1
1
118
84
1
92
105
4
1
1
99
54
8
18
14
5
4
1
150
47
2
1
3
97
9
90
5
1
1
67
41
71
21
2
1
108
88
2
5
2
93
70
19
14
3
1
1
70
113
3
14
2
1
28
5
70
73
4
14
9
41
154
4
2
2
142
43
2
5
5
4
2
84
2
52
43
18
2
1
1
144
18
14
22
2
3
180
16
2
4
1
95
56
41
4
1
6
152
27
6
16
2
85
42
23
3
37
4
1
6
1
1
84
62
2
29
6
12
5
3
185
13
2
3
140
4
25
18
11
2
1
2
75
78
26
19
2
3
154
28
12
7
1
1
30
96
64
3
3
6
1
138
31
23
9
1
1
124
72
7
122
67
5
3
1
4
1
35
60
84
13
6
2
2
1
77
110
14
1
1
68
126
5
3
1
114
42
13
17
12
4
1
94
64
37
4
1
2
1
203
39
128
19
12
2
2
1
25
40
130
7
1
35
39
25
48
49
3
2
2
57
113
23
2
5
2
1
180
21
1
1
163
10
2
26
1
1
38
58
47
44
2
11
1
2
98
90
11
1
3
166
25
1
2
6
3
185
18
183
9
4
3
2
1
1
63
114
6
8
5
5
1
1
46
1
125
4
20
1
2
1
3
25
130
30
2
7
1
1
4
1
1
1
201
1
1
53
146
1
2
1
12
1
135
16
1
10
26
1
1
60
9
32
4
29
1
35
21
6
6
80
18
72
15
15
1
1
1
31
93
67
5
7
82
112
2
6
1
66
11
65
42
2
9
4
3
1
153
40
9
1
150
44
6
2
1
30
118
31
7
1
3
2
1
10
201
1
1
47
138
15
1
2
180
9
6
6
1
1
81
10
81
1
22
5
3
141
23
20
1
14
4
53
69
70
10
1
39
90
52
20
1
1
130
60
9
2
2
182
10
1
8
2
180
5
15
3
67
83
2
43
6
1
1
4
127
41
4
10
14
1
2
18
69
104
4
1
2
4
1
103
84
13
1
2
53
108
5
24
7
5
1
113
68
8
14
163
33
3
3
1
178
20
3
1
1
43
54
103
3
29
4
61
91
17
1
141
6
23
23
2
3
2
1
2
158
35
10
192
7
4
45
57
91
3
6
1
48
60
92
3
53
57
30
18
10
32
1
2
33
116
10
20
11
11
1
1
97
6
96
3
1
143
54
5
1
74
19
31
60
17
1
1
86
95
5
2
2
9
3
1
63
124
2
6
4
4
151
9
26
17
93
50
2
26
1
12
2
17
176
7
3
6
3
8
183
8
8
4
43
84
11
49
3
10
1
1
1
66
76
51
7
3
67
112
5
17
2
174
22
4
3
131
9
62
1
92
51
49
4
4
1
2
140
1
8
14
9
15
16
9
54
87
45
2
3
2
1
88
4
53
20
22
6
8
1
1
55
40
31
9
6
9
26
26
1
55
90
31
10
7
7
1
1
1
152
29
3
6
8
4
1
197
5
1
119
79
5
174
13
2
7
2
2
2
1
148
53
1
1
68
124
5
3
3
102
18
36
20
12
5
3
7
181
22
110
35
23
28
7
181
2
6
9
2
2
1
77
25
98
1
1
1
78
2
66
57
96
30
39
18
10
2
4
3
1
148
5
25
25
116
13
21
28
5
16
1
2
1
81
9
60
6
3
14
5
24
1
52
57
57
5
1
24
1
6
24
102
68
4
4
1
21
132
25
11
9
5
133
39
5
19
1
1
1
4
109
36
29
26
3
56
32
29
64
20
2
42
143
18
141
62
98
103
1
1
89
92
8
8
1
2
3
175
20
8
5
187
8
1
1
1
146
12
45
64
35
86
5
4
8
1
86
110
2
4
1
172
22
3
2
3
1
47
3
87
24
6
36
133
68
2
181
5
3
9
4
1
81
46
59
8
6
3
192
4
1
2
3
1
190
11
2
69
95
35
1
1
1
1
140
33
7
19
2
1
1
199
2
2
105
82
14
2
27
142
22
9
1
1
1
42
98
11
21
30
1
162
29
1
5
3
3
185
12
1
4
1
155
37
6
4
1
192
5
1
4
1
120
14
31
7
15
11
5
46
119
1
22
8
1
6
154
42
5
2
43
134
15
11
5
113
60
24
1
17
171
1
5
7
2
36
124
34
9
59
120
5
9
1
7
2
159
44
113
55
31
4
60
54
57
15
7
6
1
1
2
150
4
6
4
23
6
4
1
1
3
1
179
3
16
3
1
1
199
1
3
110
78
11
2
1
1
62
30
9
52
30
12
2
1
5
29
109
22
31
7
4
1
193
5
4
1
202
1
19
150
33
1
46
87
63
6
1
133
14
30
18
8
52
4
55
52
7
17
15
1
150
35
17
1
151
5
7
8
20
6
6
32
10
140
3
12
1
3
2
12
1
40
15
40
65
30
58
137
1
7
126
43
11
18
2
3
38
45
119
1
134
46
8
13
2
55
131
15
2
138
53
12
28
33
129
5
2
6
41
77
45
18
7
15
90
7
16
90
82
28
3
42
32
4
6
2
4
146
57
194
3
4
1
1
18
14
168
2
1
175
15
1
5
1
5
1
78
98
26
1
190
6
3
1
2
1
193
1
6
1
2
101
11
76
3
5
2
5
103
2
22
21
33
19
3
169
2
31
1
49
148
6
130
46
18
3
3
2
1
174
16
9
3
1
86
71
24
11
7
2
1
1
75
78
4
39
1
1
3
2
109
25
47
19
3
181
20
2
185
3
12
3
42
157
4
25
114
60
2
2
131
7
25
3
3
3
8
16
7
11
89
22
12
60
3
6
153
12
17
5
2
13
1
121
54
23
3
2
71
14
75
25
6
9
1
1
1
200
3
137
64
1
1
23
63
18
26
52
2
4
9
2
4
170
4
15
6
7
1
13
102
71
2
11
1
2
1
26
64
48
25
18
7
1
3
4
2
3
2
62
130
8
2
1
68
104
26
1
2
1
1
34
12
58
65
25
7
2
165
24
7
1
5
1
65
53
66
1
4
11
3
92
2
51
3
4
50
1
192
11
72
12
33
67
9
4
4
2
182
15
5
1
114
19
10
34
12
6
3
3
2
57
122
7
1
5
4
5
2
133
51
12
7
158
28
10
6
1
61
55
43
18
25
1
55
39
69
14
10
12
2
2
181
14
3
3
1
1
117
18
25
32
6
5
102
99
1
1
187
10
1
1
2
1
1
24
130
10
32
1
2
1
3
99
51
33
20
163
12
4
10
9
2
1
2
169
20
4
2
2
3
1
1
1
121
77
1
4
13
84
9
8
20
64
2
1
2
185
3
10
5
133
34
13
17
1
1
3
1
203
177
4
9
10
1
2
73
79
38
6
2
1
1
1
2
6
108
58
31
119
66
17
1
195
8
149
35
10
1
3
4
1
121
58
15
4
2
1
2
123
14
62
1
3
72
102
20
1
6
1
1
13
67
64
59
136
22
20
23
2
52
81
26
34
10
29
134
4
35
1
172
6
13
7
4
1
72
61
61
5
1
3
149
15
35
2
2
87
34
5
61
7
4
3
1
1
43
96
38
17
1
4
4
83
94
6
15
2
2
1
178
19
1
4
1
3
32
60
102
1
2
1
2
38
117
44
2
1
1
129
23
16
11
7
1
8
3
3
2
137
3
51
11
1
144
36
8
11
2
1
1
191
9
3
38
46
117
1
1
Number of elements: 2030
