Bin size: 148
Num of Bins: 411
39
41
35
19
7
3
4
129
1
5
4
1
1
3
1
3
133
14
1
48
36
58
2
2
2
144
3
1
45
24
19
34
3
10
8
1
1
1
1
1
1
15
129
2
1
119
27
2
68
1
77
1
1
36
91
13
4
3
1
55
72
8
9
3
1
121
16
9
1
1
93
12
38
1
2
2
87
34
15
9
3
66
76
6
96
39
11
2
138
3
1
2
1
1
2
66
76
5
1
60
76
4
7
1
57
84
2
5
66
43
16
17
4
1
1
78
7
28
27
2
5
1
59
70
16
2
1
140
7
1
53
92
2
1
116
1
18
2
4
1
4
2
109
37
2
114
5
11
15
2
1
61
64
21
2
14
125
7
1
1
105
16
7
3
6
4
7
13
49
16
47
1
14
1
1
2
4
44
20
25
24
11
1
18
3
2
45
8
3
49
7
36
52
90
5
1
20
102
7
13
4
1
1
37
55
43
12
1
61
44
12
30
1
22
103
8
2
5
6
1
1
63
39
46
17
24
88
19
33
83
6
1
12
2
4
1
1
1
3
1
139
5
1
1
2
98
45
3
1
1
95
17
32
1
2
1
12
111
11
6
5
3
63
26
46
13
117
27
1
2
1
116
27
3
2
101
44
3
21
73
39
11
1
1
1
1
124
6
11
2
2
3
15
110
5
5
8
5
6
4
18
70
46
3
1
4
101
1
33
5
3
1
103
38
4
3
126
9
13
124
20
2
1
1
84
44
11
4
4
1
124
12
9
2
1
42
84
7
11
1
1
2
12
81
25
21
5
4
119
28
1
92
6
42
7
1
73
19
56
56
82
5
3
1
1
56
41
33
3
5
2
6
1
1
102
40
4
1
1
9
29
34
20
30
22
3
1
33
85
18
9
2
1
88
45
13
2
141
3
1
3
51
44
22
8
17
1
5
33
72
8
1
3
14
7
5
1
1
1
1
1
125
7
2
6
4
4
67
50
16
13
2
64
50
32
2
134
1
1
1
9
2
34
58
43
3
10
115
21
6
1
3
2
100
25
19
2
2
90
13
42
3
15
120
7
5
1
92
15
11
3
8
15
3
1
99
21
15
3
1
3
4
1
1
125
17
5
1
3
136
8
1
52
15
69
5
3
1
3
58
19
57
5
4
1
2
1
1
105
12
30
1
114
7
4
11
7
3
1
1
72
61
11
4
113
30
5
46
32
6
17
23
14
1
9
133
7
1
7
44
77
4
2
1
20
143
1
4
22
35
29
55
1
3
3
19
77
36
14
1
1
108
16
23
1
87
28
21
11
1
97
49
1
1
32
46
46
3
3
15
3
113
16
7
12
52
76
4
3
13
117
8
11
4
6
1
1
134
8
2
4
116
20
5
3
4
56
22
35
5
17
6
2
2
2
1
42
82
13
5
2
3
1
115
11
19
2
1
124
19
3
2
98
11
9
24
5
1
98
22
9
1
4
12
2
108
28
7
2
2
1
145
3
141
6
1
7
1
138
2
132
5
7
1
1
2
86
61
1
38
47
62
1
39
11
52
29
13
1
3
65
50
32
1
71
64
4
5
3
1
122
6
18
1
1
148
148
79
47
11
1
5
4
1
16
85
25
12
4
6
71
49
7
13
2
2
2
2
16
101
2
5
2
15
2
5
31
116
1
148
136
3
6
1
2
97
10
35
6
29
50
19
43
5
1
1
107
19
1
7
7
3
2
1
1
132
13
3
24
64
20
15
2
23
48
2
25
71
2
77
24
25
15
2
1
1
3
94
8
11
4
25
4
2
4
59
29
7
15
22
12
16
33
33
8
43
9
5
1
42
47
38
6
12
1
2
43
51
51
1
2
47
52
25
20
2
1
1
12
50
83
1
1
1
102
3
39
3
1
10
66
47
11
14
57
19
71
1
137
6
5
19
90
27
9
2
1
11
134
3
54
40
35
6
3
9
1
62
31
29
8
13
5
5
37
90
7
2
7
65
61
19
2
1
114
1
14
2
7
3
3
3
1
6
76
43
21
1
1
55
55
29
7
1
1
53
69
6
4
9
2
3
2
123
19
2
2
2
28
53
52
15
10
99
38
1
20
109
11
5
2
1
118
3
10
9
6
2
27
119
1
1
99
15
14
12
5
1
2
34
93
2
12
2
5
104
9
17
6
7
5
84
21
18
17
1
6
1
70
1
25
22
5
11
7
4
1
1
1
122
18
6
1
1
12
8
52
11
37
16
8
4
121
18
7
2
124
5
14
4
1
69
13
2
63
1
34
79
27
3
3
2
14
22
28
5
23
7
10
21
7
10
1
3
86
43
12
4
138
2
6
1
1
138
3
5
1
1
148
36
80
9
13
4
6
78
17
32
6
15
128
10
5
1
4
59
52
20
14
1
1
1
37
96
13
2
50
40
58
115
7
14
9
1
2
143
1
1
2
1
12
41
33
5
20
22
1
10
1
2
1
63
85
49
84
11
4
77
55
14
1
1
132
2
7
3
3
1
94
39
14
1
79
57
11
1
1
40
88
3
7
6
2
1
36
34
45
5
16
5
6
1
96
34
7
3
1
3
2
1
1
49
83
14
2
142
6
75
22
40
7
3
1
73
60
15
50
77
16
1
2
2
119
3
13
4
8
1
145
1
2
24
111
12
1
73
66
1
1
3
1
2
1
50
94
3
1
31
22
61
31
3
56
52
21
6
3
7
2
1
61
38
10
7
1
24
1
5
1
113
28
3
4
114
29
5
136
3
3
3
3
46
97
4
1
45
4
51
22
18
8
132
8
6
1
1
114
20
7
6
1
104
9
1
17
1
4
11
1
9
28
67
19
7
13
4
1
98
38
3
2
3
2
2
140
8
82
22
33
5
5
1
140
3
3
1
1
107
13
22
6
104
30
5
3
5
1
2
46
5
52
8
8
3
12
11
1
116
28
4
1
144
3
2
102
4
1
3
20
6
7
2
1
18
22
105
3
141
5
2
16
104
8
5
11
2
2
72
26
50
15
36
23
36
18
19
1
115
29
2
1
1
98
27
3
16
4
144
2
2
79
19
30
12
5
2
1
94
43
1
7
2
1
63
16
11
50
3
1
2
2
82
14
30
14
1
1
5
1
139
3
6
34
61
34
8
10
1
115
27
6
97
10
39
1
1
58
76
4
5
2
1
2
34
99
3
9
1
2
43
58
8
25
14
96
5
35
4
5
1
1
1
127
5
14
1
1
66
6
59
1
10
6
87
14
27
18
1
1
1
103
19
13
4
5
1
2
104
3
36
2
1
1
1
123
1
7
12
5
130
7
9
1
1
130
9
4
4
1
93
55
126
13
9
115
12
19
2
6
15
116
8
1
2
78
67
1
2
86
37
4
2
16
2
1
26
87
10
8
1
13
3
75
61
2
7
2
1
67
10
31
39
1
15
107
5
6
11
2
1
1
24
50
58
16
53
36
2
10
12
16
17
1
1
114
14
9
8
3
102
9
19
11
1
3
1
2
136
10
2
119
3
23
2
1
69
26
44
8
1
95
45
8
128
6
8
1
1
2
1
1
3
12
75
34
5
11
8
28
119
1
59
13
61
12
1
2
145
3
8
115
8
4
13
29
88
15
8
6
2
22
45
72
1
5
3
128
4
12
1
1
1
1
136
7
1
4
104
6
30
4
1
2
1
50
73
21
4
20
23
104
1
93
3
44
8
125
11
11
1
88
40
10
5
5
135
8
5
15
73
2
14
15
7
1
18
1
1
1
66
80
2
72
28
26
22
4
12
21
43
52
7
2
7
20
57
39
16
5
1
9
1
25
22
36
24
27
8
3
3
39
9
84
7
4
3
2
13
100
8
12
14
1
35
12
78
14
3
3
3
141
5
1
1
129
16
1
2
65
48
8
10
6
9
1
1
148
104
23
14
6
1
119
15
6
3
5
38
49
15
43
3
84
29
18
14
3
123
18
1
5
1
120
27
1
40
83
1
22
2
15
67
19
42
1
3
1
138
4
2
2
2
104
38
2
1
3
80
20
30
10
2
2
1
3
115
30
1
1
1
106
31
5
5
1
62
81
1
4
89
2
35
15
3
3
1
48
13
86
1
10
136
1
1
38
84
21
2
1
1
1
90
6
24
8
17
2
1
36
33
40
20
11
3
2
2
1
70
53
2
15
7
1
148
105
40
1
2
86
45
1
3
13
77
49
4
7
6
4
1
16
83
4
15
15
13
2
107
26
10
4
1
145
1
2
148
8
72
6
54
5
1
1
1
69
11
44
4
2
16
1
1
14
69
4
10
44
4
3
44
89
5
6
3
1
145
2
1
90
17
22
8
2
7
1
1
57
64
7
14
2
4
108
29
2
4
2
3
118
24
1
5
101
23
23
1
135
1
7
2
3
86
7
36
8
9
2
59
36
21
27
5
145
1
2
22
74
44
7
1
136
12
104
19
21
3
1
76
18
52
1
1
122
2
7
10
3
1
2
1
103
42
3
6
39
62
26
7
5
2
1
143
3
2
5
125
14
3
1
55
26
50
15
2
118
2
18
8
2
85
16
35
6
4
1
1
44
36
44
8
6
7
1
1
1
43
98
6
1
44
16
64
6
3
11
2
2
30
71
26
6
7
4
1
3
27
102
18
1
18
53
72
3
1
1
119
13
10
4
2
101
18
8
14
7
15
67
51
15
38
28
49
31
1
1
51
10
68
10
6
2
1
24
107
17
63
62
6
10
3
4
35
30
51
2
6
18
5
1
16
125
2
2
1
1
1
60
60
16
2
2
1
6
1
40
93
13
1
1
144
1
2
1
70
28
36
11
2
1
52
35
44
2
13
2
107
2
25
8
1
2
2
1
75
51
7
3
2
6
3
1
132
14
2
23
93
20
5
4
3
144
3
1
54
26
65
3
115
22
11
137
5
2
3
1
60
47
29
6
6
45
52
6
24
17
4
53
20
2
50
9
12
2
64
29
45
7
2
1
80
28
36
2
2
56
52
4
25
5
5
1
5
68
57
15
2
1
122
5
5
16
54
1
88
4
1
146
2
42
70
7
27
2
126
4
9
2
2
2
3
67
74
7
134
9
2
1
1
1
17
121
9
1
137
2
5
1
2
1
97
50
1
77
35
29
5
1
1
Number of elements: 2258
