Bin size: 107
Num of Bins: 354
70
30
2
3
2
10
51
45
1
11
90
6
44
24
8
26
3
1
1
100
4
2
1
3
53
20
14
12
1
1
3
15
3
15
2
45
9
5
13
102
5
13
1
92
1
12
5
16
51
9
6
2
2
3
1
26
52
9
13
1
3
1
1
1
54
14
35
3
1
24
67
12
2
1
1
9
69
19
2
2
1
2
1
1
1
92
4
5
4
2
37
54
9
7
106
1
79
28
63
6
19
14
1
1
3
91
12
2
2
61
39
1
2
3
1
14
40
30
11
4
2
3
3
42
39
3
6
4
4
7
2
88
19
34
1
22
9
10
19
7
2
3
17
63
5
18
2
1
1
55
43
7
2
22
16
28
5
5
26
2
2
1
79
14
6
5
2
1
54
46
5
1
1
82
25
5
1
71
26
3
1
65
9
19
3
2
1
8
67
17
7
10
4
1
1
63
8
20
15
1
35
72
73
18
7
5
3
1
3
61
35
2
1
3
1
1
74
31
2
102
4
1
94
9
3
1
80
1
24
2
43
50
11
2
1
69
16
4
3
12
1
2
78
19
3
1
1
3
2
54
16
34
3
44
23
22
5
9
2
1
1
22
21
47
4
7
1
3
1
1
95
8
2
1
1
24
42
22
12
7
10
84
8
2
2
1
102
4
1
104
3
94
12
1
26
25
37
15
3
1
93
8
2
1
1
1
1
78
16
11
1
1
12
32
10
19
27
7
81
2
8
9
2
4
1
78
2
19
6
2
25
79
2
1
6
58
23
17
1
1
1
80
27
55
48
4
75
1
25
1
2
1
1
1
29
62
14
1
1
94
4
5
4
61
31
4
8
2
1
89
18
51
9
46
1
78
19
3
4
2
1
79
10
5
7
5
1
54
39
11
3
96
2
5
2
2
30
42
25
8
1
1
99
8
13
88
6
96
5
6
60
33
10
2
2
47
41
3
2
6
5
1
1
1
33
35
29
3
5
2
107
17
29
50
3
2
4
1
1
100
3
3
1
61
36
10
96
1
2
7
1
96
9
1
1
68
35
4
77
25
2
1
1
1
49
43
7
2
2
4
23
76
5
2
1
81
14
2
1
1
3
5
3
95
4
2
2
1
101
6
105
2
51
54
2
103
1
3
47
10
1
5
36
3
4
1
55
46
2
4
46
43
5
10
3
1
88
18
28
7
8
25
16
8
1
12
1
1
73
26
3
4
1
50
43
3
10
1
97
3
4
2
1
72
1
2
25
4
1
2
84
9
10
2
1
1
41
60
2
2
1
1
56
29
1
20
1
28
38
17
23
1
25
4
32
10
26
7
2
1
1
67
11
23
4
1
102
4
1
5
47
33
17
2
2
1
68
20
4
9
3
1
2
36
18
44
9
63
40
4
67
7
3
29
1
27
75
5
11
4
1
10
55
12
2
8
1
3
43
8
10
25
17
4
101
1
1
2
1
1
49
4
44
2
1
6
1
24
7
54
1
12
9
62
21
19
4
1
26
15
40
24
1
1
9
14
84
103
3
1
93
3
5
6
83
16
4
4
63
7
6
19
8
2
1
1
44
16
34
10
1
2
2
55
7
11
1
10
3
5
7
1
4
1
27
48
7
4
1
12
8
31
54
5
13
1
1
1
1
50
33
4
17
1
2
82
19
5
1
60
22
5
8
4
7
1
28
10
31
25
2
7
1
3
29
53
5
20
60
17
8
14
1
1
6
64
21
14
7
1
95
3
8
1
101
5
1
57
18
13
6
13
46
20
2
34
1
3
1
73
33
1
76
11
19
1
46
6
33
5
10
4
3
69
35
3
28
78
1
53
52
2
29
69
1
3
5
62
28
3
10
2
2
2
61
40
1
2
1
90
1
8
8
62
11
21
1
4
5
2
1
71
11
22
3
71
25
10
1
40
56
11
9
5
5
54
9
12
1
7
4
1
102
3
1
1
65
24
5
13
37
41
11
7
9
1
1
91
3
11
2
32
55
3
10
3
3
1
57
33
17
61
24
19
1
2
59
5
33
5
5
95
2
8
2
68
29
9
1
28
79
47
9
12
23
15
1
55
50
2
70
24
5
2
5
1
106
1
34
66
7
50
26
18
3
4
5
1
47
18
27
4
10
1
75
15
2
12
2
1
29
31
20
27
31
19
35
20
1
1
9
91
6
1
38
14
16
15
3
12
2
5
1
1
19
70
9
4
4
1
95
8
1
3
66
8
14
12
6
1
93
7
2
3
1
1
106
1
44
14
12
29
8
84
22
1
26
50
10
19
2
21
75
4
3
4
91
3
2
1
5
5
81
13
11
2
9
20
59
11
1
5
1
1
98
2
5
1
1
16
50
5
18
13
3
2
35
23
16
9
17
7
7
17
48
24
4
4
2
1
6
70
18
4
4
3
1
1
51
40
9
5
1
1
104
3
44
36
21
4
1
1
105
2
84
8
3
10
1
1
72
15
12
3
5
78
19
7
2
1
27
44
35
1
58
49
34
49
6
17
1
62
36
5
1
2
1
2
68
16
2
18
1
40
58
8
1
56
10
7
25
3
1
1
1
3
20
5
21
8
6
29
9
5
3
1
15
57
11
14
6
2
2
97
6
3
1
89
8
9
1
93
10
2
1
1
9
41
32
25
15
67
8
17
87
17
1
2
35
7
38
1
1
8
7
2
7
1
96
6
1
1
1
1
1
84
16
7
106
1
78
28
1
77
9
3
11
1
5
1
91
12
1
3
87
16
1
2
1
15
20
17
48
3
4
1
39
17
24
1
18
4
3
73
15
7
3
3
1
4
1
48
47
4
8
59
37
3
1
7
59
21
7
14
6
51
47
4
5
21
38
46
2
42
58
5
2
49
32
8
11
7
43
14
44
5
1
42
10
35
4
15
1
94
7
4
1
1
92
3
3
1
3
2
1
1
1
99
7
1
19
47
18
11
8
2
1
1
54
40
12
1
102
5
48
31
23
1
3
1
97
10
100
6
1
58
48
1
32
37
34
2
1
1
89
7
6
3
1
1
54
24
12
5
9
1
2
78
19
3
6
1
104
2
1
35
68
2
1
1
36
22
9
17
22
1
5
43
59
28
74
3
2
14
14
22
12
42
2
1
71
12
20
3
1
74
4
7
3
19
41
22
23
15
6
106
1
84
10
11
2
21
60
2
19
2
1
1
1
63
36
8
39
13
12
17
16
3
2
2
3
71
35
1
67
28
12
8
77
18
3
1
1
78
25
3
17
2
62
8
11
4
3
57
15
19
15
1
29
66
3
3
5
1
35
27
11
12
4
15
2
1
2
52
28
17
1
5
2
16
91
54
11
27
5
1
3
6
27
43
20
9
6
2
107
64
16
14
2
9
1
1
82
23
1
1
42
24
12
22
2
1
1
2
1
100
7
7
90
9
1
71
24
7
3
1
1
41
47
17
2
7
97
3
75
1
20
8
2
1
28
68
9
1
1
73
23
1
6
4
42
32
33
12
21
21
8
23
7
4
10
1
27
49
28
2
1
96
10
1
68
31
5
2
1
21
65
19
2
1
91
9
4
1
1
102
1
3
1
76
24
4
3
93
12
2
34
28
2
3
15
19
3
1
2
17
30
16
38
1
5
77
15
13
1
1
61
30
2
14
89
14
2
1
1
33
42
5
6
9
12
60
14
18
5
4
5
1
28
20
10
16
21
1
6
4
1
68
21
5
13
97
1
8
1
89
12
5
1
66
31
3
4
1
1
1
42
62
2
1
29
60
9
9
59
45
1
1
1
99
8
101
6
75
16
11
1
2
2
10
61
25
1
3
2
4
1
57
12
27
10
1
76
13
6
2
6
4
46
45
11
5
3
70
32
2
37
1
6
22
24
8
3
4
1
1
51
5
33
12
4
2
14
29
4
13
17
24
2
1
2
1
18
20
48
4
15
1
1
27
61
18
1
25
41
24
11
2
4
52
44
1
10
15
22
68
1
1
60
5
32
7
2
1
81
14
6
2
2
2
66
25
8
3
2
3
96
9
2
105
2
42
57
4
2
2
10
95
1
1
1
29
41
12
20
2
2
51
43
12
1
76
16
4
2
7
1
1
105
2
99
8
17
48
20
7
14
1
40
63
4
53
27
24
2
1
74
25
1
4
1
2
58
18
13
16
2
48
14
18
3
21
3
Number of elements: 1833
