Bin size: 203
Num of Bins: 382
88
12
31
19
21
2
3
21
2
3
1
34
11
44
41
66
2
3
2
22
143
19
11
4
2
2
37
5
150
7
3
1
173
9
16
2
3
104
65
25
2
5
2
58
59
49
27
8
2
185
2
8
3
2
2
1
192
8
1
2
117
12
34
31
6
1
2
2
68
13
12
77
19
10
2
88
12
92
1
1
8
1
107
1
82
4
8
1
160
43
43
27
58
48
6
20
1
76
96
15
1
5
1
5
4
26
50
16
42
12
30
27
164
23
1
5
10
5
68
108
1
20
1
77
60
51
12
3
18
25
55
74
28
1
1
1
67
61
73
1
1
195
5
3
61
63
56
5
9
3
1
4
1
39
149
15
183
19
1
190
13
51
94
28
16
2
9
1
1
1
68
29
82
4
10
3
5
2
15
187
1
109
38
2
14
33
6
1
67
123
8
3
2
137
34
27
2
2
1
183
15
2
1
2
196
6
1
17
82
96
3
4
1
167
33
3
56
103
27
5
3
2
4
2
1
156
12
2
33
137
59
6
1
82
48
51
16
4
2
109
61
22
7
3
1
80
28
80
11
4
169
21
5
2
2
4
83
111
9
116
37
42
5
1
1
1
18
105
30
4
15
13
17
1
197
5
1
160
38
4
1
119
80
4
49
109
20
5
2
8
6
3
1
45
108
45
3
1
1
98
28
24
39
11
2
1
43
47
40
6
57
4
1
1
4
50
96
56
1
27
105
34
28
7
1
1
71
131
1
69
71
23
37
1
2
145
19
4
1
20
14
74
37
51
15
6
14
1
2
2
1
116
28
46
5
4
3
1
25
53
41
1
54
10
13
6
99
10
2
42
30
14
2
3
1
54
137
8
1
2
1
168
17
14
2
2
9
168
3
5
8
9
1
133
65
3
1
1
82
61
22
2
6
30
135
36
13
4
14
1
76
32
61
14
1
16
3
27
173
2
1
203
151
42
7
3
41
145
11
1
5
38
84
79
1
1
86
1
66
12
12
5
15
6
193
1
1
8
101
99
1
1
1
81
52
13
34
20
3
84
94
13
5
1
2
1
1
2
64
74
27
1
10
4
8
11
4
167
34
1
1
199
1
1
1
1
82
24
55
25
17
124
56
22
1
161
33
8
1
124
5
71
3
120
56
19
4
4
46
39
50
32
8
21
6
1
200
3
73
40
13
50
13
3
5
4
2
91
12
27
13
53
2
3
1
1
40
90
23
25
9
1
5
4
2
3
1
58
94
15
4
12
2
17
1
183
8
12
168
2
19
13
1
78
45
18
22
20
6
10
1
2
1
162
7
22
11
1
141
46
10
1
1
1
2
1
148
52
2
1
129
47
23
2
2
193
3
1
6
2
106
9
17
46
15
2
2
1
2
1
152
42
9
61
103
12
27
202
1
26
93
42
13
13
13
3
171
13
11
2
5
1
93
103
6
1
3
85
66
20
1
24
3
1
196
5
2
140
6
49
6
2
133
62
3
2
3
87
44
50
19
2
1
110
25
50
17
1
43
53
99
4
4
74
76
53
59
98
39
1
5
1
133
44
16
7
3
171
26
3
3
117
28
27
1
2
1
27
122
80
1
150
41
4
7
1
159
20
1
6
1
7
5
3
1
171
15
1
10
3
1
2
48
36
72
42
5
198
5
186
5
4
5
1
2
200
3
106
38
46
4
1
4
1
3
85
114
3
1
185
6
7
4
1
133
21
48
1
75
62
21
27
5
1
10
2
68
71
9
50
5
63
116
8
2
14
51
65
32
10
27
7
7
2
2
51
94
8
23
24
1
2
195
2
3
3
121
58
2
12
3
1
4
1
1
97
94
8
2
1
1
162
9
14
15
1
2
110
68
8
14
1
1
1
147
23
20
3
3
3
1
1
1
1
64
54
53
1
18
10
3
47
141
15
131
66
6
190
5
2
6
79
104
18
2
167
25
7
1
3
153
25
20
5
179
2
10
10
1
1
82
61
5
14
34
3
1
3
125
21
34
7
1
13
1
1
51
105
38
3
2
3
1
196
2
4
1
11
66
1
29
84
4
8
31
169
1
1
1
69
13
67
35
1
5
6
1
2
4
15
166
6
3
11
1
1
33
81
51
2
15
14
2
4
1
131
18
43
10
1
134
21
43
2
3
23
81
59
15
7
6
1
7
1
2
1
184
19
60
111
31
1
28
84
31
28
19
7
4
1
1
6
111
37
16
31
2
174
3
7
16
1
1
1
4
16
19
149
5
7
1
2
14
48
53
48
25
10
4
1
145
10
10
3
12
21
2
98
99
4
2
153
1
13
2
3
1
5
11
7
5
1
1
116
3
78
6
32
121
38
5
3
4
134
14
11
8
23
7
5
1
121
10
19
48
3
2
151
23
1
10
13
2
2
1
200
1
2
130
26
35
2
3
1
5
1
83
98
5
4
11
2
127
60
7
1
1
5
2
130
69
2
2
29
45
127
2
38
70
41
52
1
1
150
45
8
28
84
19
47
19
4
2
136
8
14
5
22
1
16
1
56
97
36
11
3
68
100
19
15
1
142
46
15
37
64
101
1
74
10
43
13
55
4
2
2
111
46
4
39
3
186
1
13
2
1
186
6
11
98
86
11
8
115
64
20
3
1
41
131
17
2
8
2
1
1
157
34
10
1
1
147
45
4
1
1
4
1
80
22
23
8
41
25
4
71
29
48
50
2
3
143
39
9
10
1
1
154
32
5
12
10
140
11
2
17
8
12
3
191
10
1
1
106
32
38
26
1
68
112
22
1
91
36
66
7
2
1
141
22
21
18
1
197
3
1
1
1
198
1
3
1
81
121
1
163
32
6
1
1
58
141
2
1
1
137
1
12
16
3
15
17
1
1
17
130
13
22
14
2
5
166
28
9
168
26
2
4
3
195
2
3
3
55
60
76
3
7
1
1
47
30
67
12
3
20
13
6
2
2
1
144
42
9
7
1
142
41
17
3
89
109
1
3
1
167
7
12
14
3
102
20
65
16
177
12
1
1
6
2
1
1
2
162
6
20
15
156
33
5
4
4
1
93
74
35
1
9
126
4
33
14
16
1
115
50
31
6
1
157
5
30
6
3
2
187
16
108
82
11
2
197
6
22
52
41
65
17
5
1
147
15
22
13
1
5
130
23
40
9
1
180
5
6
10
2
129
65
1
7
1
1
2
55
141
3
1
160
37
4
1
1
15
85
54
28
11
5
2
2
1
169
23
7
1
2
1
91
5
89
3
9
3
1
2
1
77
101
7
4
10
3
102
88
2
4
1
3
3
3
39
87
64
6
1
3
43
56
44
28
25
5
1
1
74
75
9
7
12
18
7
1
52
79
26
15
5
5
8
6
4
1
2
122
39
5
10
23
1
1
2
89
3
7
91
10
1
1
1
50
39
10
36
30
8
15
2
11
1
1
185
16
1
1
141
36
1
12
4
3
4
2
120
37
18
5
3
2
18
2
22
158
18
1
1
1
121
27
9
39
5
1
1
80
110
2
5
4
1
1
40
129
10
4
8
4
4
3
1
171
31
1
200
2
1
8
37
83
66
2
2
4
1
167
7
3
23
2
1
148
39
16
53
19
83
22
18
8
30
79
3
18
33
40
24
146
11
6
13
2
1
126
35
31
3
3
2
3
73
58
49
16
7
69
95
3
24
4
4
3
1
73
58
47
5
5
2
5
3
2
1
1
1
169
10
23
1
116
34
53
178
9
8
6
1
1
138
44
14
5
2
29
56
61
31
23
1
2
118
64
6
12
3
6
91
54
36
6
3
5
2
63
128
4
7
1
203
164
15
16
1
5
2
181
3
12
5
2
168
33
1
1
162
29
7
5
143
33
15
9
2
1
57
9
1
38
46
45
1
5
1
45
111
13
34
173
2
1
26
1
132
38
26
7
6
76
16
105
175
6
22
41
40
57
14
25
26
180
16
7
110
64
28
1
123
63
2
8
4
2
1
130
1
21
15
29
6
1
87
45
24
19
15
3
7
3
103
44
27
7
12
8
2
7
147
1
7
10
9
20
2
170
3
3
16
2
6
2
1
142
36
15
5
3
2
87
50
41
20
2
3
17
115
3
5
48
3
9
2
1
125
58
1
16
1
2
16
124
29
22
11
1
42
111
34
12
2
1
1
159
22
21
1
84
108
10
1
53
39
20
75
7
2
1
6
131
60
9
2
1
134
13
50
6
186
5
3
2
6
1
140
37
14
8
1
3
197
3
2
1
90
32
57
16
8
154
5
13
12
11
8
107
95
1
10
146
10
24
4
9
195
8
31
97
12
11
6
4
14
26
1
1
103
91
5
4
193
10
68
47
11
25
26
9
7
5
5
174
12
15
2
163
26
3
11
133
5
1
3
13
4
36
7
1
149
23
9
9
1
9
1
1
1
87
68
46
2
109
36
48
2
6
2
116
36
6
10
9
21
3
1
1
178
10
4
1
4
3
3
44
101
12
20
17
6
1
1
1
119
51
5
9
13
2
2
1
1
17
107
48
7
22
1
1
203
184
11
6
1
1
70
125
5
3
153
29
15
5
1
24
135
9
29
6
199
2
2
77
2
92
25
4
2
1
33
117
42
4
6
1
188
11
1
3
89
66
2
28
9
9
24
95
55
28
1
159
23
21
168
29
5
1
81
16
83
7
6
9
1
164
2
23
7
1
4
2
168
8
22
4
1
34
168
1
26
84
22
51
15
2
3
93
106
3
1
46
5
44
39
41
3
15
9
1
38
36
37
90
2
153
27
3
6
5
5
1
3
65
117
9
7
3
2
62
25
60
14
20
7
5
8
1
1
76
17
90
8
1
8
3
195
2
5
1
156
7
12
10
13
2
3
88
25
78
2
10
27
172
3
1
145
36
11
1
6
3
1
96
101
2
4
159
32
7
1
3
1
30
58
32
4
21
52
3
1
2
147
7
6
27
2
12
2
112
67
19
1
1
1
1
1
32
170
1
28
7
124
20
20
2
2
47
128
14
1
12
1
144
28
17
13
1
167
2
1
15
15
3
90
53
34
2
12
7
5
148
20
27
4
1
3
Number of elements: 2231
