Bin size: 297
Num of Bins: 438
223
7
2
22
35
5
3
244
11
27
2
12
1
218
7
63
6
1
1
1
175
7
2
46
20
30
3
6
3
5
77
96
11
52
14
43
4
237
49
10
1
101
60
38
75
11
5
5
2
291
2
4
181
113
3
46
250
1
119
106
65
7
167
81
27
13
5
3
1
272
16
1
3
1
1
3
287
10
222
75
79
105
80
3
18
9
1
2
183
105
2
4
2
1
42
226
19
10
18
133
2
85
1
58
226
3
33
13
2
8
1
8
3
155
96
29
4
4
2
4
2
1
198
10
28
17
18
23
2
1
174
60
25
26
1
1
7
3
169
44
80
4
44
64
146
26
7
1
7
2
142
125
15
8
1
6
67
173
53
3
1
270
25
2
26
30
59
101
22
1
49
1
6
1
1
245
17
17
4
13
1
135
14
103
14
15
14
1
1
60
197
1
9
21
7
2
73
4
41
120
56
1
1
1
27
192
78
141
76
10
17
18
12
16
1
4
1
1
272
23
1
1
90
183
24
59
222
6
8
1
1
292
3
2
97
147
14
35
2
1
1
297
296
1
16
201
40
22
7
8
1
1
1
290
3
4
201
7
52
17
15
2
2
1
93
105
65
3
25
3
1
2
35
135
63
33
30
1
73
136
86
2
75
190
27
1
1
3
49
234
12
2
51
177
58
5
6
196
40
60
1
161
6
62
13
43
2
2
3
2
2
1
206
32
35
14
7
2
1
99
192
3
2
1
295
2
219
53
24
1
75
184
6
4
10
11
7
164
64
50
13
6
163
76
53
2
1
1
1
205
78
14
169
118
5
3
1
1
71
195
9
19
2
1
170
50
9
24
35
5
4
77
156
52
10
1
1
110
120
61
4
1
1
253
37
4
2
1
185
21
74
4
2
10
1
116
58
42
1
48
7
22
2
1
99
176
14
8
190
16
23
11
27
18
11
1
199
12
60
24
1
1
104
189
4
117
134
40
6
17
122
38
91
20
8
1
247
15
33
2
105
163
3
10
5
3
1
1
1
3
1
1
292
5
183
77
30
7
157
57
59
12
1
1
2
3
5
47
218
12
19
1
284
2
10
1
14
174
93
14
1
1
99
174
4
18
2
110
13
5
12
41
102
5
3
4
1
1
226
34
32
1
2
1
1
173
29
23
37
24
3
7
1
188
20
58
15
4
4
4
3
1
61
167
21
19
17
5
4
3
57
68
101
27
19
19
6
83
83
19
89
8
10
1
2
1
1
173
73
4
9
18
15
5
177
98
4
15
1
2
137
91
62
1
1
1
3
1
89
121
63
22
1
1
24
153
12
54
3
44
6
1
10
89
3
148
30
6
11
276
17
4
262
1
21
4
4
3
2
222
31
42
2
216
18
19
43
1
46
107
43
25
39
10
1
16
7
3
183
110
4
65
83
53
69
22
2
1
2
156
5
106
18
8
1
1
1
1
193
8
47
7
9
3
11
12
4
2
1
199
9
58
22
5
3
1
193
72
13
1
5
12
1
163
125
8
1
113
148
30
4
1
1
115
19
43
33
13
27
4
1
1
23
8
5
1
4
98
192
3
1
3
49
232
3
12
1
235
1
44
17
70
127
55
1
31
9
4
81
76
13
50
77
210
30
13
39
2
3
35
155
80
16
4
1
4
1
1
115
118
51
13
73
73
71
55
11
6
7
1
224
45
19
1
8
22
203
13
40
10
5
3
1
204
73
9
2
7
1
1
16
267
5
1
4
4
259
25
2
11
155
91
48
3
91
66
93
34
6
7
182
78
6
24
1
6
184
47
36
19
3
7
1
251
22
18
5
1
47
248
1
1
265
27
4
1
171
103
14
6
1
2
10
5
196
50
5
23
6
1
1
134
132
16
15
103
98
84
7
2
3
172
13
107
2
2
1
138
126
27
1
4
1
61
3
114
89
7
3
13
3
2
2
85
206
3
1
2
67
37
87
20
14
35
19
3
5
2
6
1
1
167
38
40
16
15
13
7
1
204
89
4
258
36
1
2
221
65
1
2
2
1
4
1
224
4
12
17
5
23
7
2
3
296
1
181
75
24
7
6
3
1
28
42
171
7
26
6
8
5
2
2
14
76
73
17
104
4
9
37
47
113
5
89
1
4
1
229
61
5
1
1
163
109
3
14
6
2
250
2
36
4
3
2
228
67
1
1
182
40
74
1
274
9
8
3
1
2
90
99
40
13
39
13
2
1
209
49
19
5
2
8
4
1
192
25
17
26
36
1
126
95
39
24
12
1
145
38
103
4
7
2
186
8
42
38
3
4
4
4
6
155
99
15
13
2
3
9
1
162
132
3
1
101
150
20
2
12
1
3
3
4
33
77
144
23
12
7
1
206
27
63
1
41
243
9
3
1
194
93
2
4
2
2
89
137
31
3
19
17
1
248
1
10
32
1
1
2
1
1
250
15
4
21
3
2
1
1
5
223
21
9
18
3
11
5
2
165
86
40
1
1
2
1
1
262
34
1
24
174
92
4
1
2
57
62
161
4
4
5
3
1
105
31
6
99
44
12
77
10
41
137
24
2
5
1
193
94
4
1
3
2
194
70
20
4
3
5
1
15
244
38
69
23
72
118
4
5
6
201
14
14
65
3
178
81
2
17
7
2
7
3
159
3
120
9
4
2
295
1
1
197
33
18
45
4
236
5
54
2
76
166
3
18
19
14
1
268
25
3
1
73
169
39
2
2
7
5
31
85
141
14
15
1
8
2
54
187
3
21
7
24
1
203
80
1
6
6
1
33
54
50
6
145
9
177
14
79
10
14
3
52
198
13
19
9
1
5
150
31
53
63
93
105
62
16
5
7
8
1
234
15
15
16
3
4
3
7
249
46
2
177
112
4
2
1
1
73
100
98
1
10
11
2
1
1
161
56
43
26
7
3
1
219
57
8
8
2
3
284
5
4
1
1
1
1
167
108
22
27
252
13
3
1
1
31
198
37
12
19
257
13
10
5
2
8
1
1
231
16
22
9
4
2
10
2
1
288
8
1
165
109
4
16
3
179
61
46
9
2
27
209
18
24
18
1
55
89
20
122
1
2
3
1
1
1
1
1
230
19
14
33
1
62
131
62
35
1
2
4
277
10
1
8
1
122
71
38
55
5
4
2
268
21
4
4
128
82
37
6
39
4
1
34
215
39
7
1
1
13
213
13
57
1
201
44
20
23
4
1
4
97
177
13
9
1
185
7
33
15
29
1
10
8
3
5
1
7
226
63
1
44
17
7
83
93
36
11
4
1
1
112
66
117
1
1
234
36
5
1
9
6
2
3
1
105
42
121
4
8
13
2
2
130
27
61
76
3
99
88
14
7
24
17
10
18
15
2
1
2
223
39
29
5
1
52
118
63
50
7
4
2
1
18
41
148
5
16
7
52
6
2
2
34
90
47
70
26
4
14
6
6
238
58
1
49
187
58
3
208
76
2
4
3
2
1
1
177
23
72
22
2
1
156
94
22
23
2
128
32
130
6
1
195
98
1
1
1
1
93
110
83
7
2
1
1
189
52
39
5
2
3
4
2
1
20
262
1
5
7
1
1
263
32
1
1
252
24
20
1
180
85
5
14
3
1
6
2
1
214
62
10
3
8
163
131
2
1
205
47
32
3
10
159
87
3
22
2
2
9
4
2
7
100
78
27
89
3
85
48
2
124
3
14
5
11
2
2
1
217
10
63
6
1
138
108
6
15
15
1
8
5
1
268
6
22
1
9
233
7
2
34
7
1
4
27
18
89
81
66
11
3
1
1
164
132
1
45
248
4
74
50
141
18
5
7
2
43
59
57
83
43
10
2
8
269
14
1
5
194
83
8
9
1
1
1
5
125
66
76
8
2
11
1
1
1
1
258
8
29
2
95
17
66
82
29
6
2
271
21
5
231
29
20
6
10
1
265
32
60
14
77
85
46
6
2
7
252
23
8
11
1
1
1
288
9
287
10
74
218
2
1
1
1
88
58
47
9
70
11
6
6
2
132
157
4
4
88
187
14
3
3
2
260
1
3
7
9
4
4
1
1
5
1
1
159
29
84
19
3
3
63
137
12
2
11
49
11
1
9
2
182
99
5
7
1
3
215
50
21
9
1
1
126
121
8
10
12
9
10
1
61
216
17
1
2
74
27
169
11
10
2
1
1
2
250
26
7
1
10
2
1
197
24
68
6
2
188
82
21
4
2
190
95
10
1
1
196
67
8
12
9
1
1
3
272
23
2
124
134
22
13
2
1
1
156
108
28
1
1
2
1
65
171
24
6
30
1
135
75
27
53
4
1
2
183
37
51
21
4
1
195
62
21
4
15
82
157
17
34
1
4
2
272
20
1
4
100
179
11
1
6
177
14
35
48
9
1
6
1
4
2
258
29
8
2
243
49
2
2
1
115
62
42
33
44
1
113
123
46
10
1
3
1
282
9
6
143
80
68
5
1
185
104
6
2
244
27
16
5
2
1
2
12
69
25
108
39
36
7
1
42
172
65
11
6
1
22
66
121
31
43
5
3
6
71
185
36
4
1
87
102
4
43
52
4
3
2
41
172
37
10
8
19
9
1
263
20
9
5
223
44
4
3
10
4
6
1
1
1
277
11
5
2
2
152
119
10
12
1
3
81
135
75
6
239
46
6
6
98
62
27
98
4
1
3
2
1
1
80
91
46
15
18
20
22
2
2
1
180
68
25
8
8
2
4
2
258
16
13
4
2
4
134
122
22
11
7
1
217
33
3
6
14
2
9
2
2
7
2
111
147
30
4
4
1
85
130
65
8
7
2
11
133
34
50
5
21
14
11
13
3
1
1
127
17
25
93
8
20
5
2
295
1
1
260
3
25
6
3
69
57
158
12
1
159
108
15
8
2
2
1
2
248
43
2
4
126
162
7
2
2
121
25
140
6
2
1
79
111
66
40
1
83
141
72
1
123
43
73
54
1
2
1
15
157
5
49
35
10
14
11
1
273
21
1
2
66
222
2
2
1
4
61
152
5
39
28
5
2
5
84
98
17
39
31
21
1
5
1
225
11
54
1
3
3
191
89
8
3
2
3
1
204
2
13
44
9
1
22
2
79
133
29
12
11
25
1
2
4
1
116
77
88
6
5
1
1
3
123
1
73
47
51
2
67
184
14
24
4
2
1
1
219
57
2
11
3
4
1
211
56
5
16
4
2
1
1
1
77
31
11
69
75
22
8
3
1
68
71
71
40
24
16
1
3
2
1
179
76
39
2
1
79
143
50
13
2
10
157
38
16
59
11
12
3
1
201
25
56
3
7
3
1
1
287
5
3
1
1
16
129
74
36
11
29
1
1
278
9
7
1
1
1
98
115
16
44
14
8
1
1
37
198
40
17
4
1
181
55
24
20
17
137
44
17
14
10
17
20
27
4
4
3
176
91
26
4
265
8
8
14
1
1
61
109
104
20
1
1
1
161
16
33
21
2
7
43
13
1
106
75
72
1
15
28
93
144
4
38
8
7
1
1
1
272
12
12
1
57
32
171
9
2
19
2
4
1
211
70
16
266
9
16
1
5
197
67
25
6
1
1
92
196
9
295
2
141
66
79
10
1
54
152
28
28
33
2
124
8
134
30
1
154
8
24
51
14
3
8
32
1
1
1
7
90
164
7
14
12
3
105
174
13
3
1
1
12
220
15
49
1
156
16
62
17
2
9
28
3
4
211
41
9
1
24
11
51
76
132
5
24
4
4
1
212
44
37
3
1
145
53
30
36
33
260
27
5
5
255
17
12
2
5
1
5
138
55
78
22
1
3
192
60
41
4
132
84
18
7
4
41
11
89
171
22
3
3
6
2
1
124
146
20
6
1
295
1
1
161
11
15
12
90
4
3
1
292
2
3
216
58
21
1
1
211
26
58
1
1
241
33
4
18
1
267
24
4
2
51
16
57
52
66
12
37
2
1
1
1
1
193
40
10
35
13
4
1
1
6
282
5
2
2
145
37
108
7
246
42
2
1
2
3
1
131
39
38
13
72
2
1
1
114
56
45
71
2
3
3
3
289
3
3
1
1
155
18
74
43
3
3
1
205
58
15
13
4
2
196
75
2
16
1
6
1
64
196
24
8
5
65
202
16
1
13
273
6
12
5
1
82
92
75
3
14
13
12
4
2
234
61
1
1
273
20
3
1
148
9
39
93
4
1
1
2
141
34
106
6
8
1
1
147
123
19
6
1
1
27
105
21
94
46
1
1
1
1
67
162
34
34
64
153
36
9
4
8
23
287
5
5
Number of elements: 2762
