Bin size: 189
Num of Bins: 312
77
82
14
10
2
1
2
1
90
37
55
6
1
81
14
51
38
2
1
2
115
33
4
30
4
3
1
4
105
54
23
2
77
106
6
101
13
44
15
11
3
2
179
7
3
141
1
33
4
9
1
136
37
10
2
1
2
1
18
2
93
45
28
2
1
144
24
15
2
4
124
1
31
23
10
85
20
33
7
21
4
12
1
3
3
92
5
39
5
22
19
5
1
1
31
2
5
94
56
1
127
32
22
2
4
2
75
54
59
1
188
1
95
18
49
2
6
16
1
1
1
31
113
25
8
5
2
3
1
1
5
111
60
2
9
1
1
39
73
61
6
6
4
71
54
58
1
1
2
2
129
35
3
17
3
1
1
2
94
50
40
2
1
4
24
110
6
30
11
3
1
16
141
15
2
12
3
1
66
85
14
18
5
25
138
4
12
3
5
2
72
3
76
18
9
3
5
1
1
1
25
37
97
3
27
185
3
1
172
4
12
1
23
19
54
8
56
18
3
8
11
78
39
46
12
1
2
70
33
7
5
65
1
8
159
3
21
5
1
40
140
5
1
2
1
153
23
11
1
1
51
99
29
6
3
1
64
37
14
69
1
3
1
15
122
47
5
160
24
1
2
1
1
158
8
21
2
175
2
1
3
8
82
29
44
3
14
15
1
1
47
133
7
2
157
28
1
3
157
20
1
6
2
1
2
189
155
31
2
1
118
65
3
3
126
63
83
26
77
2
1
184
5
31
83
55
1
18
1
85
7
50
23
2
13
1
3
3
2
153
12
6
5
7
5
1
133
23
7
8
16
1
1
90
59
27
3
1
9
117
42
23
5
1
1
27
24
67
24
39
7
1
45
123
2
6
9
2
2
161
26
1
1
74
62
34
14
3
1
1
41
42
28
44
18
5
5
3
3
131
55
3
166
17
1
3
2
61
37
19
44
13
5
9
1
3
142
17
27
163
8
1
17
152
36
1
43
23
50
59
9
3
2
1
149
14
13
4
3
2
3
151
24
5
6
1
1
1
167
20
2
48
12
90
14
10
13
2
121
51
1
10
3
2
1
130
10
37
12
87
76
23
2
1
89
11
46
4
18
8
7
2
1
1
2
111
49
19
10
74
44
16
13
23
16
3
80
99
8
2
126
18
6
26
3
1
7
2
82
8
52
21
25
1
43
45
94
1
6
159
9
15
5
1
98
12
31
34
6
7
1
59
70
27
15
17
1
20
142
17
10
80
8
64
27
5
1
3
1
158
23
5
3
19
117
24
23
5
1
164
23
1
1
87
23
43
18
12
3
1
2
101
64
13
11
186
3
2
49
122
7
1
4
2
2
103
38
42
1
1
4
161
3
5
14
6
129
37
4
7
2
3
1
3
1
1
1
116
43
22
3
5
111
12
34
6
23
3
160
13
12
2
1
1
154
34
1
167
18
4
159
8
13
1
1
7
51
129
8
1
167
7
13
1
1
177
8
4
36
21
52
33
41
2
4
146
30
3
10
121
20
36
2
9
1
89
71
4
9
5
4
2
2
1
2
117
69
2
1
160
16
2
3
1
6
1
180
6
2
1
49
14
6
38
70
5
4
3
101
72
6
10
181
4
2
1
1
183
5
1
3
152
1
11
14
1
1
1
1
3
1
169
18
2
75
75
3
34
2
167
7
1
12
2
133
37
16
3
13
111
55
6
3
1
108
53
13
3
8
4
42
147
185
4
38
12
123
12
4
98
42
37
7
3
2
108
16
16
29
2
5
10
3
189
11
16
82
5
12
54
9
83
76
13
6
6
3
2
37
70
40
22
3
12
4
1
150
6
33
110
53
19
6
1
88
20
43
34
2
2
154
18
16
1
141
27
7
1
11
2
64
109
3
6
3
3
1
73
7
65
5
7
32
140
23
26
6
39
82
4
8
32
10
7
1
9
80
58
21
5
9
6
1
153
15
16
2
2
1
130
56
2
1
90
15
7
47
1
6
18
2
1
1
1
184
2
2
1
167
4
5
6
1
5
1
119
7
9
26
10
5
6
1
5
1
57
45
48
37
1
1
23
34
19
88
25
61
1
86
38
1
2
189
23
117
46
3
47
121
18
1
1
1
66
66
51
6
30
123
34
2
182
5
1
1
95
48
45
1
7
81
53
3
17
16
11
1
96
35
27
4
13
4
3
1
3
1
1
1
14
16
68
14
70
5
2
188
1
132
57
133
21
17
12
2
1
3
152
19
7
10
1
65
99
8
4
13
104
42
11
19
8
2
1
1
1
140
17
14
15
1
1
1
130
41
5
4
4
5
118
42
11
5
8
3
1
1
95
89
2
1
1
1
178
5
2
4
156
21
9
3
52
84
41
12
46
104
30
3
5
1
70
58
36
23
1
1
34
149
2
2
1
1
135
1
35
8
10
76
29
54
11
5
2
2
10
122
59
5
3
135
53
1
151
20
2
6
3
5
2
19
108
26
3
17
12
1
1
1
1
156
12
20
1
59
73
41
14
2
70
36
77
1
2
1
2
187
2
32
15
50
90
2
133
39
16
1
163
19
7
92
68
12
1
15
1
24
114
37
9
2
1
1
1
22
121
40
3
2
1
14
13
1
39
5
116
1
175
1
13
141
35
1
12
162
27
18
109
38
24
127
39
16
4
1
1
1
183
1
3
2
60
73
7
15
11
6
12
1
4
185
1
3
139
41
8
1
66
42
37
16
22
6
88
55
3
9
16
9
4
4
1
154
31
2
1
1
115
22
46
3
2
1
185
2
2
79
34
65
5
6
27
111
4
35
6
1
3
2
119
8
51
4
7
89
60
13
15
3
3
2
2
2
68
55
49
2
5
1
6
3
130
18
23
1
11
5
1
168
3
13
4
1
92
23
35
8
24
1
1
3
1
1
158
7
1
21
1
1
187
2
119
6
11
37
9
4
1
2
21
168
96
7
74
11
1
94
53
16
24
1
1
30
80
34
2
32
5
4
2
109
7
23
33
5
12
81
7
58
43
125
28
28
4
1
2
1
168
20
1
151
30
2
5
1
108
44
37
92
86
6
1
2
2
78
33
58
14
1
4
1
183
6
173
5
5
3
1
1
1
150
35
3
1
180
7
2
75
62
11
34
5
2
13
175
1
169
7
7
1
5
107
16
17
38
10
1
28
71
42
5
37
5
1
107
65
10
1
3
1
2
52
16
68
30
17
5
1
9
84
50
33
2
5
2
4
79
14
94
1
1
15
165
6
1
2
25
41
62
21
25
7
2
1
4
1
24
53
99
5
5
2
1
186
2
1
99
83
5
2
187
2
56
27
45
44
13
2
2
47
125
10
6
1
7
132
22
9
18
1
151
13
7
6
2
5
3
1
1
181
8
30
151
2
5
1
75
52
44
4
7
4
3
137
49
1
1
1
90
82
1
13
3
31
94
63
1
40
139
7
1
1
1
182
7
129
11
48
1
119
10
34
11
1
3
9
1
1
66
95
21
1
1
2
1
1
1
52
103
33
1
164
13
8
3
1
81
87
10
7
4
171
18
131
49
5
3
1
5
67
70
37
6
1
2
1
154
13
12
10
174
12
2
1
143
15
9
1
19
2
168
17
1
2
1
109
7
6
14
32
2
13
3
2
1
168
17
1
1
1
1
82
79
11
12
3
1
1
178
11
104
53
1
29
2
99
73
10
2
4
1
173
13
3
50
72
62
1
2
2
17
78
52
6
2
31
3
144
23
5
1
11
5
124
46
13
5
1
172
1
3
5
1
4
2
1
49
140
135
19
12
7
15
1
46
97
45
1
95
20
18
14
19
2
18
2
1
30
151
2
5
1
38
147
3
1
105
69
9
6
48
24
97
4
7
7
1
1
109
68
5
5
2
86
47
42
14
186
2
1
136
27
24
2
102
44
34
7
2
173
10
4
2
137
17
22
11
1
1
13
91
74
10
1
15
31
120
1
18
4
75
10
10
67
13
3
4
6
1
Number of elements: 1749
