Bin size: 171
Num of Bins: 418
145
22
4
32
37
23
64
8
3
2
2
47
34
5
75
3
4
2
1
122
12
4
21
9
3
125
18
9
12
3
2
2
136
19
15
1
28
64
70
7
2
69
21
37
20
21
3
105
10
25
7
5
14
5
42
34
73
13
6
3
46
34
47
21
11
2
5
4
1
39
60
19
30
7
14
1
1
58
29
56
15
12
1
77
51
41
2
76
46
9
24
7
7
1
1
7
101
59
3
1
162
5
3
1
86
52
11
12
2
2
5
1
134
8
28
1
54
106
6
3
2
120
49
2
53
17
11
51
39
140
3
14
6
4
1
2
1
1
108
50
3
8
1
130
2
5
1
32
1
120
48
3
137
5
21
8
168
3
99
71
1
160
3
3
3
1
1
32
115
22
2
101
9
40
19
2
127
34
4
4
1
1
145
26
165
3
1
1
1
156
9
4
2
169
2
161
7
2
1
113
21
30
4
1
2
165
6
138
18
1
14
59
100
7
2
3
64
86
18
2
1
93
72
2
4
107
35
3
6
10
3
6
1
151
2
5
2
10
1
151
6
14
122
19
10
2
7
8
2
1
53
73
35
9
1
142
16
1
1
5
5
1
93
47
16
8
7
166
4
1
6
81
41
30
7
5
1
120
41
9
1
44
123
1
1
2
95
29
14
32
1
87
72
10
2
62
35
24
2
36
4
7
1
142
18
3
1
3
3
1
159
11
1
151
9
5
3
3
62
103
6
111
32
13
12
3
31
130
3
3
2
2
74
64
22
2
1
1
5
1
1
8
21
110
3
6
4
3
8
2
5
1
97
35
28
11
29
8
115
6
8
4
1
170
1
74
4
33
11
13
1
34
1
92
27
11
16
19
6
104
30
15
9
10
1
1
1
91
9
21
16
11
6
16
1
168
3
9
1
159
2
123
33
10
5
6
104
2
16
30
7
1
4
1
155
1
4
2
6
1
2
88
12
70
1
43
45
5
2
35
30
3
5
3
157
7
5
2
16
26
105
22
1
1
42
22
75
24
6
2
88
74
5
3
1
108
23
27
13
18
127
10
15
1
168
3
163
4
2
1
1
32
121
2
2
12
1
1
1
118
23
28
1
42
77
42
8
1
1
72
18
27
11
12
25
5
1
88
50
24
9
26
92
50
2
1
40
51
79
1
113
21
25
9
1
1
1
147
3
9
1
9
1
1
32
95
38
4
2
129
4
1
15
22
158
7
3
2
1
66
52
19
10
21
2
1
114
20
8
15
4
4
2
4
137
30
1
2
1
89
10
49
2
6
2
5
3
3
1
1
118
49
4
6
105
11
32
10
6
1
63
71
24
1
1
3
6
2
161
4
6
2
58
97
14
54
7
53
5
9
11
13
5
6
6
2
66
83
7
4
2
6
2
1
136
8
23
3
1
110
22
14
21
2
2
167
3
1
96
65
2
6
1
1
92
34
24
18
3
52
52
49
15
2
1
154
8
9
115
5
16
15
9
8
3
82
50
16
18
4
1
32
32
59
19
27
2
89
59
3
9
6
5
118
12
35
4
2
63
11
88
5
1
3
31
50
56
4
30
59
72
9
29
1
1
5
105
19
39
2
1
137
22
8
4
93
39
7
8
3
9
3
6
3
163
8
142
1
3
3
7
2
12
1
130
37
3
1
146
3
7
7
7
1
8
128
12
2
16
2
3
68
61
18
1
17
4
1
1
27
74
8
51
8
1
2
85
58
21
4
1
2
24
9
90
31
2
15
166
1
3
1
82
86
3
41
40
22
9
16
22
3
18
92
6
21
11
3
3
20
3
10
2
161
1
3
6
156
5
7
2
1
157
2
3
1
7
1
72
50
3
37
8
1
88
43
21
13
3
2
1
56
84
26
5
142
24
2
2
1
90
46
6
20
6
1
2
55
83
25
5
2
1
53
80
9
17
5
2
1
4
67
70
5
3
2
15
3
1
5
113
39
16
2
1
9
60
14
43
45
69
84
6
1
3
4
2
2
160
5
6
80
13
15
18
31
12
1
1
91
60
11
5
1
1
1
1
40
95
30
2
4
36
83
43
3
6
142
27
2
113
29
12
2
9
1
4
1
58
32
52
21
8
77
46
15
28
5
170
1
18
55
71
13
3
3
4
3
1
154
10
1
3
2
1
118
12
4
18
1
8
3
4
1
1
1
126
6
20
15
3
1
7
65
4
53
11
7
5
13
3
2
1
163
8
167
2
1
1
121
4
25
10
2
5
1
2
1
68
91
2
8
2
52
70
38
11
30
26
26
89
136
15
10
2
3
5
45
78
47
1
52
105
1
11
1
1
112
25
32
2
4
152
14
1
139
1
6
15
3
3
4
101
40
12
6
12
2
164
5
67
65
15
6
9
3
4
1
1
152
15
1
2
1
33
106
1
27
4
65
61
4
3
14
13
11
133
20
9
3
6
26
101
39
2
3
64
83
19
3
1
1
82
48
32
1
1
1
3
2
1
50
81
30
2
6
1
1
45
91
14
11
3
1
4
2
13
12
57
20
25
16
27
1
70
61
13
21
1
1
2
2
15
105
26
6
11
4
4
59
82
15
15
35
11
10
2
73
27
13
119
5
43
4
38
121
7
2
3
70
89
3
3
2
2
2
38
84
7
29
8
1
3
1
55
36
8
59
8
4
1
103
37
3
13
8
4
3
57
26
63
6
12
4
2
1
94
56
3
9
3
4
2
79
20
20
40
7
4
1
108
60
2
1
5
124
11
8
14
3
2
1
1
2
47
54
25
17
1
6
14
4
3
20
56
20
58
9
1
3
4
12
47
72
30
3
2
1
4
132
12
11
15
1
1
77
29
31
16
12
4
1
102
23
40
1
1
2
1
1
79
77
11
4
79
65
23
3
1
11
3
13
102
28
12
1
1
30
81
6
34
15
3
1
1
28
126
7
5
2
1
1
1
115
12
22
2
19
1
148
2
4
17
4
116
3
5
7
27
2
4
2
1
46
91
22
6
5
1
153
9
9
51
4
40
11
11
15
31
7
1
17
127
19
6
2
23
33
97
5
6
1
2
1
2
1
145
13
13
8
106
3
9
35
2
8
73
54
10
33
1
35
72
1
26
5
3
16
4
7
1
1
36
53
10
62
3
4
2
1
22
98
3
38
10
164
5
2
5
41
113
4
6
1
1
145
16
5
5
110
10
32
8
11
36
111
9
3
1
8
1
1
1
76
57
9
4
25
26
91
23
30
1
126
33
6
5
1
141
3
26
1
151
8
2
2
7
1
35
118
10
6
1
1
78
25
6
56
3
3
14
149
1
2
2
3
166
5
65
32
4
65
5
103
21
39
2
2
2
1
1
55
99
3
9
2
2
1
108
53
5
3
2
111
5
54
1
137
5
15
11
1
2
136
33
2
106
43
10
12
165
3
2
1
52
2
45
43
8
7
12
1
1
23
92
19
10
1
12
4
1
9
88
70
7
4
1
1
153
16
2
102
37
16
8
7
1
28
125
14
4
39
37
77
9
6
1
1
1
123
2
6
35
1
4
72
15
60
8
10
6
127
5
33
1
3
1
1
152
15
3
1
136
5
8
13
3
6
62
42
34
27
6
47
118
5
1
6
155
4
4
2
90
59
9
5
3
5
7
103
29
23
8
1
68
73
23
4
1
1
1
124
40
1
6
164
3
2
2
149
13
6
1
2
87
84
158
6
4
3
133
28
7
3
148
2
9
5
4
2
1
60
63
2
4
9
31
1
1
86
21
58
3
1
1
1
114
52
1
4
18
146
7
141
18
5
2
1
2
1
1
148
15
1
7
93
50
11
1
2
9
5
113
48
2
3
1
2
1
1
38
90
2
31
10
25
121
16
3
1
5
126
45
74
75
15
5
2
44
41
50
2
12
9
3
2
5
2
1
118
8
19
4
12
1
3
1
4
1
32
82
18
26
13
43
103
25
153
2
13
2
1
137
4
8
3
14
5
155
13
3
31
21
70
5
8
11
15
4
3
2
1
53
55
21
36
2
2
2
43
26
86
14
1
1
15
21
54
14
47
13
7
53
81
26
6
2
1
1
1
149
20
2
55
61
29
24
1
1
68
49
34
1
6
13
3
106
48
9
4
1
54
54
33
9
2
12
1
2
2
1
1
73
94
1
2
1
42
18
105
1
3
1
1
19
89
43
19
1
3
100
54
6
4
1
1
2
86
39
12
3
20
1
10
1
27
103
38
1
1
69
42
52
2
1
2
1
2
49
114
3
1
2
2
49
40
26
30
26
152
19
71
40
20
1
14
20
4
1
61
34
39
2
25
6
1
2
1
82
59
6
20
3
1
36
110
3
5
2
8
2
3
2
126
7
16
4
11
7
36
25
105
1
1
3
37
16
74
19
6
9
6
1
2
1
29
20
103
12
3
3
1
4
45
34
14
54
1
19
123
46
1
1
91
18
20
19
2
7
14
131
18
16
3
3
146
23
1
1
97
24
19
13
11
2
2
3
76
63
22
8
2
126
7
17
17
4
157
11
3
123
47
1
171
119
35
1
13
3
76
7
67
16
2
2
1
120
50
1
98
32
28
8
4
1
155
16
115
33
2
19
2
2
145
13
10
1
21
26
124
91
55
19
5
1
116
10
29
1
5
5
2
3
12
156
2
1
123
33
3
1
2
5
3
1
168
2
1
74
48
49
122
5
1
9
11
23
168
2
1
80
11
11
52
9
4
4
117
29
2
19
4
40
97
23
11
156
15
87
5
5
53
5
7
3
6
36
69
34
7
10
7
6
2
23
14
22
5
87
12
7
1
113
52
4
1
1
18
57
93
2
1
72
22
5
31
27
6
1
1
4
1
1
36
123
7
1
2
2
116
13
21
16
2
1
1
1
37
56
25
32
6
3
12
129
26
3
2
1
7
3
13
86
56
9
2
1
4
160
10
1
169
2
140
13
18
63
75
15
8
10
79
37
7
2
7
34
2
2
1
38
113
8
4
7
1
157
2
10
1
1
166
2
2
1
39
52
55
16
9
145
15
6
4
1
133
10
1
14
3
4
5
1
96
72
3
55
16
85
11
4
125
39
1
5
1
104
29
9
2
12
14
1
146
6
3
14
2
15
80
26
8
26
8
8
136
8
11
4
10
2
89
19
40
3
16
2
1
1
167
4
29
38
46
39
5
8
5
1
137
6
21
5
1
1
134
18
16
1
1
1
65
24
31
51
108
57
6
52
4
48
28
29
2
6
1
1
16
2
92
2
55
2
2
168
2
1
35
58
76
2
7
19
129
5
10
1
145
9
10
1
1
3
2
141
14
2
7
4
2
1
23
76
18
38
14
1
1
14
67
54
32
2
2
156
2
6
6
1
144
25
1
1
73
60
20
2
12
4
159
2
2
7
1
81
85
3
1
1
93
9
68
1
131
12
22
1
5
134
4
27
1
1
3
1
67
26
59
4
9
5
1
118
28
12
1
12
152
8
11
Number of elements: 2410
