Bin size: 151
Num of Bins: 491
6
19
46
67
8
2
1
2
77
22
20
4
26
2
42
32
18
4
18
11
14
12
145
1
2
2
1
15
20
43
40
2
25
4
1
1
151
81
28
5
35
1
1
21
100
14
15
1
2
147
2
45
35
12
27
21
11
49
82
19
1
49
78
6
5
8
3
1
1
48
16
43
3
29
9
2
1
46
55
33
3
6
3
3
1
1
19
41
51
15
19
6
57
11
42
15
21
1
3
1
14
113
1
20
3
144
2
2
3
30
117
2
1
1
89
25
31
2
1
1
1
1
133
3
11
1
2
1
81
30
2
21
5
8
1
1
2
113
8
16
14
91
9
26
23
1
1
63
6
25
29
3
22
2
1
112
38
1
55
24
47
3
19
1
2
18
23
59
37
6
4
1
3
138
4
4
1
2
2
78
49
12
7
2
3
131
7
1
5
3
4
95
3
38
7
8
29
9
91
21
1
116
17
10
5
1
2
117
31
2
1
52
42
21
8
18
10
114
6
15
2
11
3
133
6
7
4
1
49
69
14
8
4
6
1
143
6
1
1
149
2
71
9
70
1
133
11
7
35
38
14
34
12
10
2
1
4
1
67
3
13
47
7
9
3
2
58
67
21
2
2
1
27
117
5
2
143
6
1
1
38
61
17
23
5
3
2
2
39
106
4
1
1
126
12
8
5
85
66
39
101
9
1
1
64
5
45
32
4
1
18
32
101
12
26
59
39
12
2
1
41
37
25
27
8
7
4
1
1
140
11
54
34
38
2
5
5
5
4
4
42
22
57
15
4
9
1
1
29
101
20
1
48
95
5
3
26
101
8
3
3
6
2
2
107
2
3
21
9
5
3
1
107
11
6
14
3
1
8
1
74
16
60
1
136
13
1
1
43
48
29
19
9
1
2
57
82
9
1
1
1
114
6
28
2
1
62
83
2
1
2
1
70
64
15
1
1
75
29
25
2
10
2
5
1
1
1
97
13
6
7
11
4
6
2
3
2
145
3
2
1
32
20
48
24
4
2
9
8
3
1
113
13
19
3
2
1
83
35
21
4
3
5
41
22
67
7
8
6
145
4
2
76
19
1
31
24
48
86
14
3
13
127
6
2
1
2
150
1
21
52
16
15
1
32
4
3
5
1
1
3
3
3
36
21
20
18
43
3
1
17
50
36
37
11
55
30
13
38
11
3
1
107
5
12
18
6
1
1
1
102
21
25
3
34
84
10
15
2
1
1
3
1
52
93
2
4
57
29
15
19
13
17
1
112
34
4
1
48
49
29
20
4
1
38
71
34
4
1
2
1
53
74
1
8
5
9
1
68
77
6
76
39
4
29
1
1
1
13
64
5
45
23
1
116
30
2
2
1
44
2
25
69
11
17
80
2
46
5
1
122
13
12
2
2
143
4
3
1
16
123
7
4
1
77
73
1
70
32
47
1
1
8
41
57
2
37
1
2
1
1
1
131
5
7
4
4
117
1
22
5
4
2
104
34
12
1
5
23
103
15
3
1
1
126
22
2
1
131
3
17
43
2
91
6
5
4
125
9
6
5
5
1
113
31
1
3
2
1
128
18
4
1
133
1
11
1
4
1
145
5
1
118
32
1
128
3
9
1
3
5
1
1
100
8
43
101
17
16
4
11
1
1
70
26
28
27
69
24
48
4
3
1
1
1
82
4
9
12
5
26
6
1
6
48
7
15
26
41
10
4
143
1
2
1
1
1
2
34
82
33
1
1
7
91
3
28
14
6
2
5
4
61
62
14
5
139
2
7
1
1
1
89
41
4
11
1
1
2
1
1
75
58
14
4
115
1
29
3
3
129
5
17
33
35
33
26
3
8
12
1
45
38
67
1
17
22
68
41
3
112
17
3
15
3
1
18
69
37
23
2
2
107
14
18
7
3
1
1
93
22
30
3
2
1
76
63
3
2
7
124
27
32
55
31
24
1
2
3
2
1
128
13
7
3
146
2
1
2
4
76
51
15
1
1
2
1
4
64
68
1
10
3
1
22
63
60
2
2
2
117
6
1
3
4
5
2
8
5
52
53
9
1
5
5
11
13
1
1
20
63
26
42
45
43
60
3
46
9
52
33
10
1
100
32
15
1
2
1
37
21
72
9
7
3
1
1
114
32
5
107
6
16
6
16
52
47
30
17
3
1
1
75
33
3
25
5
9
1
8
122
18
3
62
16
68
5
49
70
27
2
3
148
3
47
15
50
34
4
1
125
19
3
2
1
1
11
45
40
28
2
12
8
3
1
1
88
54
6
1
1
1
130
13
6
2
110
19
19
3
76
31
23
20
1
146
5
61
20
40
13
12
4
1
56
92
1
1
1
110
19
5
1
5
10
1
115
19
12
3
2
42
77
10
2
9
3
3
1
3
1
85
25
8
29
2
1
1
59
89
1
1
1
116
15
14
6
129
4
14
4
68
24
40
9
4
3
1
2
57
39
16
22
3
2
6
4
1
1
120
27
2
1
1
99
4
18
1
12
7
10
85
35
22
7
2
100
39
1
6
4
1
83
62
2
2
1
1
37
78
10
16
2
6
2
83
42
10
14
1
1
3
112
7
18
7
2
2
67
44
36
1
1
1
1
71
35
12
29
1
2
1
99
31
20
1
141
8
2
119
17
14
1
6
140
5
63
33
5
39
1
10
25
111
4
7
4
94
21
13
19
1
2
1
102
24
13
4
2
2
3
1
100
32
2
4
11
1
1
4
75
33
29
10
114
25
9
2
1
109
16
15
1
1
9
149
1
1
38
26
29
36
14
1
4
2
1
2
7
138
3
1
87
49
7
5
1
2
114
21
12
1
2
1
43
50
41
7
8
1
1
94
55
2
79
57
11
1
3
62
51
27
9
2
17
85
46
2
1
40
23
25
25
37
1
19
95
35
2
31
69
44
7
36
55
38
2
16
1
3
67
45
23
14
2
3
38
4
97
1
3
2
2
1
15
80
6
3
4
6
12
2
3
11
1
8
137
3
8
3
76
19
33
21
2
47
27
33
44
138
12
1
3
10
124
12
2
6
26
57
5
14
12
7
4
16
3
1
124
20
5
1
1
143
7
1
105
36
2
3
5
75
55
13
8
22
75
53
1
33
54
49
1
12
2
13
132
2
4
63
50
37
1
50
45
4
8
15
29
130
11
2
4
4
132
1
3
7
1
5
1
1
135
16
139
11
1
141
3
1
2
3
1
27
28
37
47
7
1
3
1
59
50
12
26
2
2
84
6
8
1
10
37
3
2
126
4
7
11
3
128
4
8
10
1
98
1
8
24
1
9
3
5
2
20
11
117
2
1
8
29
113
1
39
59
20
15
18
40
64
26
12
1
6
2
53
67
10
1
5
12
1
2
126
9
14
1
1
2
29
31
67
5
10
6
1
45
88
17
1
85
24
4
26
1
5
5
1
50
76
7
13
5
82
10
5
8
39
1
4
2
135
7
9
56
2
30
24
13
26
50
41
51
9
75
64
5
4
1
1
1
42
55
52
1
1
130
16
4
1
61
72
17
1
62
66
23
73
13
62
2
1
16
126
6
1
2
141
2
1
3
3
1
72
1
55
5
1
10
6
1
117
20
7
4
1
1
1
35
72
5
8
15
12
2
2
94
51
6
83
66
2
146
3
1
1
77
27
22
21
1
2
1
74
51
21
5
95
46
1
4
3
1
1
34
103
3
8
1
2
58
45
23
17
4
2
2
85
27
23
6
5
5
106
24
6
5
10
127
6
17
1
27
34
49
26
8
6
1
146
2
3
131
11
2
3
1
1
1
1
35
9
72
11
23
1
99
45
6
1
17
128
5
1
142
3
5
1
109
31
6
4
1
72
29
18
28
3
1
73
54
24
66
60
19
2
2
1
1
87
16
7
29
8
3
1
146
4
1
95
5
51
51
10
11
10
13
2
28
17
6
1
1
1
41
86
14
9
1
51
96
1
1
1
1
16
21
73
14
27
149
1
1
54
71
4
12
6
3
1
144
4
2
1
125
22
1
3
37
107
5
2
2
55
79
7
1
7
27
118
2
3
1
77
29
26
12
1
5
1
21
18
22
52
30
5
2
1
99
31
18
1
2
28
92
31
129
1
16
1
2
2
107
24
16
3
1
34
13
90
5
5
4
81
56
10
4
53
49
48
1
99
13
8
30
1
19
67
64
1
46
58
1
22
5
12
4
1
2
135
2
10
3
1
20
117
8
1
5
115
34
2
135
5
7
3
1
31
45
29
41
3
1
1
17
86
39
5
4
104
33
6
2
3
2
1
105
46
65
9
73
3
1
140
7
3
1
57
85
5
4
125
2
3
11
10
16
61
56
12
3
1
1
1
102
47
2
68
70
9
3
1
79
6
30
2
33
1
8
17
17
78
22
1
8
137
11
3
22
94
23
10
2
38
9
17
5
71
5
4
2
101
19
28
2
1
12
88
14
21
10
3
2
1
124
25
2
69
11
41
1
26
2
1
130
21
125
26
90
3
17
33
2
2
4
103
2
26
19
1
61
29
61
22
25
70
23
5
3
3
98
10
23
6
14
115
2
26
8
18
33
45
7
31
14
2
1
59
61
25
2
1
1
2
47
40
11
28
11
13
1
60
57
29
5
5
19
107
16
2
2
75
55
17
1
3
57
50
16
13
5
5
2
2
1
20
37
54
1
39
123
5
2
8
10
1
1
1
114
27
3
2
2
2
1
83
60
8
134
15
2
115
25
6
4
1
2
135
7
6
1
77
43
5
12
4
9
1
131
18
2
4
43
87
9
7
1
5
119
23
1
2
1
150
1
52
28
6
17
10
15
19
3
1
122
11
10
2
2
1
1
2
144
5
2
48
36
62
4
1
110
22
18
1
84
58
2
3
1
3
28
46
11
52
5
2
6
1
107
14
14
4
4
2
3
3
123
8
13
6
1
98
13
20
1
1
7
10
1
98
40
2
7
4
147
3
1
94
56
1
88
62
1
90
17
37
6
1
101
7
26
9
7
1
1
124
9
3
2
1
8
1
1
1
125
16
5
2
3
147
2
2
18
99
30
1
2
1
7
21
29
15
6
38
4
2
5
23
1
89
54
3
5
108
16
13
5
8
1
116
22
13
131
18
1
1
140
10
1
110
10
29
1
1
116
8
8
12
7
74
49
2
11
11
2
1
1
41
37
25
39
6
2
1
25
22
64
14
9
7
9
1
113
23
13
1
1
60
80
5
2
2
2
151
69
23
5
9
2
3
1
21
4
12
2
43
77
6
17
1
1
4
2
106
44
1
32
11
18
2
53
25
9
1
19
65
2
38
8
10
2
6
1
12
113
13
1
3
9
85
54
7
4
1
3
52
13
18
26
36
2
1
141
8
1
1
120
16
2
3
6
1
2
1
148
1
2
20
21
40
3
43
5
4
11
2
1
1
58
80
12
1
35
66
3
1
13
11
4
9
7
2
35
95
9
7
4
1
70
27
49
5
27
57
8
37
22
60
70
9
2
8
1
1
70
59
20
2
30
3
9
102
6
1
147
4
138
8
2
3
90
16
40
4
1
146
3
2
121
30
40
76
16
5
14
57
7
17
43
10
2
14
1
100
2
27
20
1
1
93
18
8
27
4
1
66
11
42
20
4
6
1
1
42
29
38
33
6
1
1
1
51
69
6
25
130
1
14
4
1
1
85
60
1
2
1
2
64
51
29
3
2
2
67
17
2
7
48
2
8
150
1
2
127
22
39
36
53
17
6
128
17
3
3
119
1
18
5
1
1
5
1
45
74
16
3
5
1
4
1
2
46
74
20
8
2
1
109
15
1
7
1
16
1
1
49
42
12
17
11
17
1
2
64
12
52
3
10
2
6
2
24
21
72
1
21
10
1
1
124
8
9
5
1
3
1
68
4
60
6
7
5
1
43
30
75
3
122
25
2
1
1
105
33
10
2
1
95
36
4
9
1
4
1
1
44
86
9
9
2
1
11
93
32
13
1
1
95
20
11
12
1
3
5
2
2
116
22
7
1
2
2
1
141
6
2
2
130
11
2
5
1
1
1
139
6
4
1
1
109
42
108
15
10
4
3
9
2
59
56
19
6
7
1
2
1
79
6
59
4
3
80
12
57
1
1
34
16
47
49
2
2
1
128
17
6
88
6
33
13
11
149
1
1
104
11
21
10
4
1
25
115
1
6
1
1
2
38
60
42
9
2
122
6
4
17
1
1
24
20
65
16
22
2
2
89
20
7
19
7
9
69
22
53
5
2
109
29
11
2
5
17
2
24
52
39
3
6
1
2
40
27
1
5
60
13
2
3
11
59
26
20
30
2
1
2
103
25
19
4
Number of elements: 2790
