Bin size: 225
Num of Bins: 435
23
188
6
7
1
153
23
31
14
2
1
1
203
21
1
192
20
10
3
83
12
126
1
1
1
1
77
2
35
50
34
24
1
2
94
35
53
32
8
3
8
28
179
10
193
1
30
1
95
118
8
4
29
149
47
46
120
41
9
6
2
1
181
32
2
6
3
1
134
38
53
209
8
2
5
1
198
3
12
10
2
85
63
45
11
10
11
36
121
50
17
1
164
7
15
4
4
21
7
2
1
51
155
14
4
1
108
81
16
14
4
1
1
145
51
4
16
7
2
8
98
36
5
32
22
20
4
169
47
6
2
1
153
37
33
2
105
63
10
31
9
1
3
3
95
55
37
26
9
1
2
150
32
34
1
2
2
1
1
2
74
142
6
1
1
1
79
40
74
11
10
8
3
37
126
45
7
8
2
158
44
2
7
9
3
2
153
62
8
2
224
1
124
3
65
32
1
183
15
16
2
8
1
80
132
12
1
156
41
9
6
13
152
2
67
4
172
21
14
16
2
189
33
3
4
146
24
3
46
2
136
53
27
8
1
203
19
2
1
25
143
49
6
2
94
24
105
2
12
189
1
16
6
1
44
125
46
7
3
104
21
77
1
1
8
3
5
4
1
97
82
4
13
8
12
7
1
1
131
79
6
5
1
1
1
1
173
39
11
2
63
153
2
5
2
166
17
7
24
1
8
2
96
28
7
33
53
1
4
2
1
70
75
60
14
6
30
109
2
46
36
1
1
173
18
6
13
11
2
1
1
158
38
17
6
4
2
63
76
49
12
1
19
5
207
12
2
3
1
36
139
32
5
3
8
2
80
14
87
43
1
169
28
6
19
2
1
184
37
1
3
67
83
62
10
2
1
159
16
39
6
4
1
192
19
9
4
1
155
59
9
1
1
109
62
21
30
3
98
74
48
4
1
69
133
19
3
1
71
80
9
53
7
4
1
193
24
5
3
59
152
10
4
12
13
155
37
6
1
1
71
34
45
35
15
14
3
1
7
111
85
2
7
1
17
1
1
201
4
8
3
5
3
1
176
12
4
24
8
1
43
108
53
14
6
1
81
109
24
7
1
2
1
200
1
12
9
3
41
156
15
3
10
157
58
3
3
2
2
195
30
201
16
4
4
118
94
9
3
1
101
110
9
4
1
222
1
1
1
94
121
6
3
1
73
64
36
3
9
39
1
218
2
5
141
16
57
8
1
2
37
133
21
27
3
2
2
93
130
1
1
149
13
17
30
3
1
8
2
2
74
129
14
8
148
68
1
6
2
209
10
6
125
7
46
17
27
1
1
1
5
169
28
7
12
3
1
9
25
93
80
1
6
3
4
1
3
95
104
10
12
3
1
133
34
17
34
4
3
87
83
18
20
9
8
198
10
6
3
2
2
1
3
162
36
1
12
1
11
1
1
22
160
43
5
33
108
15
40
11
3
7
1
1
1
213
2
3
6
1
120
3
2
25
43
24
3
4
1
89
106
8
6
12
4
195
28
2
179
13
20
6
6
1
164
18
34
5
4
150
38
4
9
16
7
1
88
92
30
8
7
210
13
1
1
17
35
153
10
7
2
1
141
84
103
122
39
97
44
26
6
7
6
42
74
100
8
1
90
62
31
23
11
2
6
110
2
47
56
7
3
63
153
3
4
1
1
45
15
19
85
3
28
12
17
1
170
2
52
1
107
43
6
49
1
3
6
7
3
158
12
42
9
4
94
62
28
20
17
4
88
81
4
3
26
20
2
1
214
1
7
1
1
1
81
34
62
39
1
2
1
4
1
96
74
45
10
24
100
89
5
4
1
2
76
32
115
1
1
152
46
1
16
8
2
178
9
6
7
12
8
5
85
113
18
9
31
133
17
38
3
3
192
30
2
1
8
109
86
8
3
8
3
196
8
18
3
144
1
16
56
6
2
180
5
10
29
1
16
165
28
2
6
7
1
187
20
5
3
2
7
1
87
31
6
10
67
14
9
1
59
148
9
1
2
3
3
151
5
16
52
1
96
4
14
83
17
11
35
17
133
4
13
6
7
8
2
74
96
9
26
16
1
3
142
44
15
5
12
2
2
3
87
16
64
13
14
7
24
97
49
16
5
12
14
30
2
111
6
33
24
23
9
10
5
3
1
196
3
17
6
3
79
35
16
8
38
11
33
3
2
91
38
55
37
2
1
1
32
127
13
1
20
24
7
1
96
24
56
31
18
35
180
5
3
1
1
29
189
4
2
1
192
9
4
15
3
2
84
18
87
32
4
38
59
98
22
7
1
50
93
59
2
21
37
144
7
22
3
12
21
176
2
25
1
157
68
90
38
5
31
49
12
69
145
9
2
48
37
94
29
10
3
1
2
1
94
60
2
58
10
1
6
93
56
56
8
2
4
75
3
131
15
1
170
14
6
13
17
1
1
2
1
146
73
6
31
180
4
9
1
60
77
88
122
82
16
1
2
1
1
107
18
27
69
4
8
189
25
2
1
185
37
2
1
104
39
40
32
2
1
5
1
1
171
34
13
6
1
33
56
81
5
16
26
3
3
2
133
29
13
27
16
7
191
12
18
3
1
14
21
144
22
1
21
2
45
105
17
35
9
9
4
1
59
78
3
81
2
1
1
206
18
1
157
37
31
47
134
25
1
8
7
2
1
150
28
40
6
1
108
45
36
36
215
1
6
2
1
8
70
39
78
25
5
12
64
35
44
57
4
5
3
1
61
79
12
41
13
16
2
1
213
11
1
25
80
7
16
58
32
4
2
1
100
89
4
10
17
3
2
166
23
36
131
60
9
3
16
4
2
82
98
44
1
48
149
2
25
1
5
153
18
9
33
5
1
1
27
173
24
1
150
21
27
3
11
1
8
2
1
1
119
86
3
13
4
97
41
10
47
22
3
2
3
9
199
6
9
2
61
63
57
40
3
1
85
101
13
15
8
1
2
85
67
44
28
1
106
74
13
10
8
6
4
1
3
184
7
32
2
62
43
25
10
10
16
27
1
12
4
11
4
151
40
9
12
13
2
99
96
22
3
3
47
139
4
17
13
4
1
99
44
78
3
1
93
7
106
8
11
169
16
8
12
5
8
1
2
4
116
14
59
25
10
1
181
1
19
12
6
2
2
1
1
145
76
2
1
1
112
35
47
4
1
16
2
8
148
64
1
2
8
2
133
16
71
4
1
162
28
13
17
4
1
65
34
5
97
4
5
13
1
1
77
63
68
16
1
101
29
68
13
12
1
1
33
93
80
8
9
2
118
23
79
5
92
42
42
43
6
135
84
1
3
2
46
16
93
44
21
2
1
1
1
34
46
101
43
1
127
68
18
4
4
2
2
20
96
74
5
24
3
2
1
101
39
44
10
23
8
16
206
2
1
133
83
9
166
26
17
6
10
105
51
65
3
1
7
9
72
23
28
27
42
12
4
1
105
100
1
6
7
5
1
94
19
104
3
2
3
216
9
49
50
64
40
19
3
175
18
17
10
2
3
52
63
54
4
29
11
2
5
3
1
1
201
13
7
2
1
1
33
162
7
5
5
12
1
166
23
26
7
1
1
1
168
4
37
16
56
103
57
6
2
1
42
105
78
15
3
27
13
15
124
26
1
1
15
154
40
10
6
175
46
4
202
19
3
1
82
52
78
8
1
3
1
196
24
5
224
1
80
32
88
21
2
2
179
33
8
4
1
99
38
15
43
10
3
2
4
4
2
5
82
103
21
19
111
62
49
2
1
39
142
19
21
2
1
1
13
119
36
27
12
16
1
1
126
13
22
7
6
44
7
8
10
3
92
62
21
10
8
1
1
2
2
3
2
34
144
23
22
2
2
176
2
9
24
11
1
200
5
9
11
107
60
54
1
3
193
22
10
103
102
18
2
149
47
3
26
185
32
6
1
1
164
12
4
22
15
4
1
2
1
115
88
7
13
1
1
145
1
66
5
2
4
1
1
171
5
38
6
2
2
1
82
84
19
33
1
2
2
2
221
3
1
170
54
1
204
9
4
2
3
2
1
215
1
7
1
1
120
85
19
1
168
26
7
19
1
2
1
1
48
14
97
29
32
3
1
1
50
15
71
79
3
6
1
166
20
34
1
4
91
7
11
114
2
188
3
4
21
9
119
22
24
10
44
1
5
89
84
49
3
40
116
2
40
3
13
7
3
1
4
145
59
9
1
5
2
119
20
7
66
10
2
1
29
95
89
4
5
1
1
1
127
56
14
1
7
14
5
1
144
68
9
3
1
34
14
104
33
18
5
4
2
7
2
1
1
209
3
1
8
4
11
69
47
37
35
8
15
1
2
210
10
4
1
6
78
137
3
1
112
8
4
8
49
5
20
13
3
2
1
102
27
84
5
1
3
2
1
122
93
10
187
4
1
4
10
16
3
40
29
143
7
2
1
3
7
88
76
30
9
11
3
1
108
77
24
8
1
3
1
2
1
39
111
51
2
19
1
1
1
176
28
9
2
3
3
2
1
1
36
187
2
111
111
2
1
138
45
31
11
69
42
40
54
6
7
2
5
20
18
23
142
8
3
9
1
1
66
8
114
25
5
3
3
1
36
14
88
18
47
15
4
1
1
1
19
50
57
11
10
16
27
15
1
1
3
14
1
59
81
18
20
47
111
104
10
13
8
71
28
10
50
37
4
2
2
24
66
20
70
10
21
6
4
1
3
181
1
1
10
30
2
203
2
8
10
2
53
132
7
6
2
13
10
1
1
180
26
5
3
6
4
1
207
15
1
1
1
18
46
147
10
3
1
178
39
2
4
2
111
104
6
1
3
202
8
2
13
71
115
19
18
1
1
191
4
17
5
1
4
2
1
35
153
24
10
1
2
2
187
31
4
1
39
170
10
6
167
49
6
2
1
189
17
14
5
80
132
7
2
3
1
93
103
3
26
165
49
7
2
2
124
2
3
10
69
8
6
2
1
80
70
60
12
2
1
144
73
4
2
2
125
75
12
5
8
84
103
32
5
1
209
3
10
2
1
41
32
92
11
46
2
1
24
42
25
90
31
12
1
185
18
19
2
1
135
32
55
2
1
148
67
4
3
1
2
51
167
6
1
64
159
1
1
123
98
3
1
100
87
6
22
6
2
2
69
25
87
14
25
5
125
10
62
11
2
6
7
2
11
195
10
6
3
21
160
33
2
2
3
4
221
2
1
1
56
106
51
8
2
2
23
172
13
14
2
1
38
3
13
110
47
11
1
1
1
85
140
29
95
95
4
2
24
105
28
54
9
3
2
42
118
52
3
3
2
5
212
8
1
1
1
1
1
19
180
20
4
2
97
38
43
46
1
176
21
12
4
6
1
5
53
15
148
4
5
182
2
5
22
5
3
4
1
1
109
76
39
1
45
95
62
8
15
205
20
125
78
22
143
31
11
35
5
166
18
10
6
13
8
1
1
2
172
7
41
4
1
101
65
16
9
7
27
208
14
2
1
158
38
26
3
204
5
11
3
2
2
96
40
26
35
7
12
3
3
1
64
136
8
7
1
4
2
1
2
113
72
26
12
1
1
205
6
7
6
1
114
7
38
42
3
16
1
3
1
168
53
3
1
50
126
2
5
19
9
13
1
210
7
4
2
2
225
68
126
1
25
3
2
16
156
36
11
5
1
15
45
135
20
5
3
2
15
200
2
2
4
1
1
52
95
31
44
1
1
1
119
21
28
56
1
4
197
9
11
1
3
198
23
4
64
25
53
68
5
9
1
158
65
2
35
117
58
2
11
2
199
11
2
4
7
2
31
70
58
28
16
9
8
3
1
1
95
15
29
4
64
8
1
7
1
1
206
16
1
1
1
174
13
35
2
1
122
98
2
2
1
206
1
7
9
2
12
160
20
21
7
1
4
214
4
7
160
49
15
1
225
18
203
3
1
13
142
12
50
6
1
1
Number of elements: 2604
