Bin size: 199
Num of Bins: 447
40
44
71
23
1
15
4
1
40
113
39
2
3
1
1
59
13
43
66
6
10
2
137
38
16
3
3
2
4
38
78
75
3
1
103
71
12
9
2
1
1
198
1
174
8
15
1
1
45
101
49
3
1
6
6
164
15
6
2
135
28
1
17
18
41
104
17
27
4
3
3
115
7
76
1
66
127
2
1
1
2
161
21
14
3
168
16
13
1
1
128
54
17
30
100
16
40
6
2
2
2
1
67
87
31
4
5
4
1
185
6
4
4
143
7
16
10
23
88
58
41
8
3
1
140
48
4
2
5
3
40
129
24
2
1
89
14
86
5
5
97
39
1
15
23
23
1
21
35
90
13
19
14
4
1
2
175
1
12
8
1
1
1
19
127
45
3
4
1
15
150
12
16
1
1
3
1
23
4
169
1
1
1
199
150
21
15
8
2
2
1
103
23
1
68
2
2
47
78
16
23
9
18
1
6
1
15
61
77
17
10
9
6
4
97
11
40
8
32
7
2
1
1
14
134
24
21
6
33
69
75
20
2
8
134
43
1
4
5
3
1
51
2
112
22
11
1
81
114
2
2
30
53
28
64
17
3
2
2
99
40
40
4
13
3
77
110
5
7
176
18
4
1
184
2
13
186
4
7
1
1
107
45
45
1
1
159
31
1
2
2
1
1
2
22
152
24
1
24
127
22
9
4
5
5
1
2
95
84
3
11
2
2
1
1
178
20
1
43
71
47
8
21
3
1
4
1
192
2
1
3
1
69
33
46
16
2
25
5
3
68
4
27
74
21
2
2
1
136
42
14
3
4
121
2
35
25
11
1
3
1
44
55
83
6
8
1
2
83
109
3
4
109
10
53
11
7
7
1
1
190
7
2
179
10
7
1
1
1
89
57
42
2
7
1
1
146
24
14
12
3
169
25
1
3
1
86
106
2
5
162
8
6
10
3
1
7
1
1
99
31
11
35
3
9
8
3
94
50
11
30
1
10
1
1
1
24
7
168
3
155
10
19
8
4
37
6
96
55
5
121
58
10
5
4
1
119
74
6
15
103
20
5
11
36
9
95
40
50
9
4
1
141
22
32
2
1
1
166
17
5
4
5
1
1
197
2
91
33
31
44
48
87
1
50
11
2
35
64
16
59
7
16
1
1
129
34
20
9
3
3
1
18
70
103
6
1
1
130
1
8
40
3
7
6
3
1
112
53
8
5
8
4
9
68
58
51
11
2
3
2
2
1
1
100
98
1
45
137
9
7
1
48
122
19
2
8
38
154
4
3
177
22
102
92
5
3
91
22
51
23
1
1
7
191
7
1
65
124
5
5
62
111
24
2
48
87
60
1
3
83
10
101
1
4
32
149
10
7
1
6
189
1
2
1
18
116
49
1
10
5
182
14
1
2
80
16
32
49
21
1
119
16
32
30
2
137
43
9
9
1
51
57
36
23
9
20
1
1
1
165
3
6
3
13
2
7
1
52
52
39
15
39
1
197
1
1
70
126
2
1
45
91
43
14
5
1
111
71
7
9
1
187
1
6
5
61
88
12
9
24
1
2
1
1
124
10
25
15
16
5
4
76
19
11
86
3
3
1
74
20
62
40
3
94
52
6
6
15
22
1
2
1
157
13
19
9
1
174
3
1
3
17
1
55
54
29
22
5
21
12
1
102
85
4
7
1
178
7
5
4
5
27
145
15
8
1
2
1
4
6
171
9
1
5
2
1
47
82
11
27
10
3
11
3
4
1
69
19
104
7
185
8
3
3
72
95
7
10
3
8
3
1
110
88
1
155
14
17
5
7
1
18
123
7
29
21
1
188
6
3
2
3
134
59
3
196
1
2
7
21
131
9
20
9
2
47
100
39
7
5
1
63
27
8
21
62
6
8
3
1
69
109
20
1
23
115
5
15
37
3
1
57
38
24
37
26
10
1
5
1
177
22
69
110
6
13
1
108
8
7
13
8
42
3
1
2
4
2
1
61
7
8
26
16
66
9
2
1
3
198
1
198
1
166
24
4
2
3
194
2
3
69
16
102
3
3
6
165
25
2
5
1
1
127
69
1
2
191
6
1
1
187
8
1
1
2
49
113
34
3
72
42
51
17
7
8
1
1
21
59
14
28
45
20
1
7
4
87
15
14
15
12
22
34
93
92
14
126
56
6
6
3
2
51
78
64
1
2
1
2
68
126
3
2
101
51
8
37
1
1
52
13
105
17
9
1
1
1
133
31
11
21
3
135
33
7
6
15
1
1
1
51
91
57
109
35
29
10
2
12
2
147
38
10
2
1
1
179
9
4
5
2
91
69
29
4
1
1
3
1
55
37
56
22
25
1
2
1
19
125
38
16
1
168
14
7
6
3
1
157
29
13
130
5
64
176
2
9
7
3
2
79
37
19
12
10
11
21
3
6
1
21
36
51
60
17
4
6
1
3
171
9
11
8
41
126
25
4
2
1
109
58
1
31
21
147
30
1
133
40
8
9
2
7
174
20
1
4
66
83
1
27
2
16
4
164
15
16
3
1
114
36
19
10
2
12
6
89
54
31
10
13
2
50
54
42
42
7
2
2
71
80
12
6
1
10
2
12
5
29
89
67
13
1
118
44
19
1
12
4
1
79
3
20
97
54
2
118
25
73
44
82
102
17
69
6
4
1
95
82
22
119
63
14
1
1
1
52
146
1
59
118
11
7
4
26
145
11
9
1
7
192
3
3
1
83
107
4
2
1
2
46
63
23
17
30
20
186
6
1
6
194
5
21
60
111
1
1
5
174
19
3
1
1
1
67
68
30
22
2
2
7
1
59
98
18
20
3
1
99
48
38
2
11
1
12
42
112
25
2
4
2
85
82
24
7
1
87
57
48
5
1
1
26
102
52
8
9
2
106
77
13
2
1
54
38
34
65
1
7
125
35
38
1
108
43
16
25
7
28
3
93
27
17
10
20
1
71
29
77
21
1
29
131
5
30
4
58
13
54
16
11
17
27
3
123
9
29
23
8
6
1
46
124
6
9
6
3
3
1
1
47
79
21
31
9
10
2
92
33
44
12
18
61
133
5
6
147
9
16
8
1
2
4
1
4
1
128
44
1
1
16
1
3
2
3
93
89
16
1
94
42
27
33
2
1
126
8
54
8
1
1
1
92
35
35
19
9
7
2
144
45
7
2
1
94
36
33
18
17
1
75
19
12
56
5
27
4
1
125
71
3
182
7
5
4
1
110
74
10
3
2
79
2
79
19
13
2
5
115
14
58
12
140
25
13
3
5
2
10
1
2
174
11
3
8
1
47
61
68
1
22
36
44
91
6
17
4
1
46
36
79
6
28
1
1
1
1
14
136
22
14
13
129
37
15
3
5
10
167
4
12
15
1
93
37
9
45
13
2
155
37
4
1
1
1
140
39
12
7
1
167
11
14
3
4
199
63
68
29
36
1
2
165
8
3
5
6
11
1
129
15
53
2
133
32
29
2
3
174
4
18
2
1
2
194
2
1
158
22
7
9
1
2
61
38
67
19
9
5
128
36
32
3
174
9
6
6
1
2
1
187
1
11
115
82
2
138
8
29
3
20
1
25
124
26
5
7
6
3
3
10
173
5
8
3
59
128
6
4
2
170
1
5
22
1
73
105
7
2
1
6
2
2
1
10
75
13
13
38
41
4
1
1
2
1
187
7
1
4
146
22
3
14
12
2
53
135
5
4
2
109
70
13
2
5
106
12
19
39
20
3
33
30
128
7
1
82
46
64
4
2
1
101
65
19
4
3
7
92
3
15
5
84
153
3
28
7
1
5
1
1
162
4
1
6
1
1
8
11
3
2
3
150
2
33
2
9
160
27
7
2
1
2
46
100
17
17
1
2
14
2
67
112
11
5
3
1
111
19
8
14
12
29
6
44
96
14
16
2
6
3
8
2
4
1
1
1
1
89
19
26
38
14
13
104
18
35
4
5
25
1
6
1
167
11
6
1
7
3
1
1
1
1
190
4
3
1
1
169
7
13
8
1
1
112
12
28
10
37
66
103
5
16
4
5
87
76
24
1
4
5
2
147
7
32
10
3
58
139
2
154
22
21
2
132
29
27
8
1
1
1
44
64
11
42
8
21
8
1
93
104
2
107
15
9
49
19
186
7
5
1
102
88
3
5
1
14
166
6
4
8
1
135
33
16
10
5
102
76
14
4
2
1
116
67
12
2
2
199
157
7
3
19
5
2
5
1
68
106
21
1
2
1
23
145
12
11
5
2
1
79
52
18
6
44
35
76
6
69
6
7
79
46
36
29
2
1
3
2
1
87
106
6
27
22
128
21
1
117
35
34
5
3
5
25
63
88
14
1
5
3
76
5
90
17
5
1
4
1
99
66
5
5
15
7
1
1
85
26
36
3
33
7
7
2
89
46
2
28
27
7
101
14
59
17
1
6
1
54
33
75
20
7
2
2
4
2
55
57
66
8
9
4
182
8
1
1
2
3
2
102
56
35
3
1
2
178
6
1
3
1
6
2
1
1
1
184
3
4
1
3
2
1
110
73
5
9
2
185
14
164
20
2
11
1
1
195
2
2
158
16
14
4
4
2
1
149
37
4
9
25
95
9
70
89
29
1
49
15
6
7
2
1
180
3
10
1
5
143
8
37
8
1
1
1
135
52
5
4
1
2
195
3
1
28
3
3
87
63
1
12
1
1
72
41
76
7
1
2
122
8
54
9
5
1
151
18
23
2
3
1
1
197
1
1
92
31
20
55
1
170
22
3
3
1
81
82
25
6
2
2
1
195
4
193
2
1
2
1
16
10
166
7
10
137
38
14
131
20
40
3
5
90
11
36
51
8
1
2
63
28
102
1
3
2
164
30
5
116
66
3
9
3
1
1
114
67
16
1
1
31
153
13
2
18
176
1
3
1
146
14
26
3
5
1
4
152
33
1
12
1
92
95
10
1
1
8
92
83
13
3
57
108
32
2
67
39
16
21
34
3
4
1
8
6
5
85
6
11
43
20
22
7
188
5
1
5
66
13
118
2
52
74
14
36
18
1
3
1
73
29
90
5
2
3
92
4
53
46
1
77
112
6
3
1
186
6
3
2
1
1
22
110
17
41
5
4
45
92
58
2
1
1
63
59
48
5
1
14
9
190
5
4
28
47
68
40
10
6
166
19
10
3
1
60
59
79
1
153
42
1
2
1
6
46
55
72
8
1
1
8
1
1
62
38
48
28
13
2
2
1
1
3
1
178
3
3
7
7
1
193
2
3
1
10
123
39
20
4
2
1
3
163
4
8
12
3
4
2
141
20
7
18
3
1
7
2
52
39
92
10
1
3
1
1
44
130
24
1
78
17
76
13
1
4
10
76
4
58
9
8
41
2
1
48
131
16
1
3
114
35
48
1
1
170
22
3
3
1
88
1
68
26
1
8
2
1
3
1
28
56
101
6
5
3
125
53
15
3
1
1
1
177
3
15
1
1
1
1
182
13
3
1
135
3
7
34
17
2
1
71
11
31
12
60
6
4
1
2
1
75
122
1
1
183
4
3
3
3
1
2
33
89
44
29
1
3
113
30
30
17
9
163
2
22
8
1
1
1
1
131
28
12
24
1
2
1
111
51
3
12
3
18
1
171
9
10
4
2
1
1
1
69
25
100
4
1
8
66
37
64
11
12
1
75
57
42
15
3
4
1
1
1
35
39
104
5
8
5
1
2
196
2
1
157
27
4
2
1
4
1
3
42
94
3
59
1
143
48
3
1
1
3
179
16
3
1
107
69
3
5
10
2
1
2
124
25
6
6
19
10
5
4
188
1
10
89
101
2
6
1
90
40
39
4
19
6
1
182
14
1
2
99
39
14
34
10
3
151
13
28
4
2
1
189
1
8
1
158
3
6
7
25
116
11
29
17
10
9
1
5
1
101
29
14
14
18
5
3
7
8
105
37
13
4
36
4
184
11
4
100
67
11
8
9
1
2
1
141
5
16
5
12
8
1
6
2
2
1
Number of elements: 2641
