Bin size: 145
Num of Bins: 412
87
57
1
94
9
33
5
3
1
93
35
13
1
2
1
114
15
11
5
132
12
1
109
10
1
3
20
2
83
9
10
22
19
2
40
88
4
4
7
2
83
23
6
4
25
1
3
52
74
13
2
1
3
62
48
5
22
6
2
96
25
24
110
10
17
4
4
139
3
2
1
53
57
23
1
3
7
1
104
23
13
3
2
104
23
7
8
1
2
87
13
36
7
2
100
29
12
4
81
15
39
6
3
1
91
34
12
2
1
5
88
2
8
1
3
15
21
4
2
1
43
38
35
20
1
5
3
34
90
6
3
2
3
2
3
1
1
132
6
1
2
3
1
91
43
7
3
1
58
5
19
26
23
3
10
1
2
15
94
13
18
3
92
38
9
5
1
138
3
2
1
1
103
36
2
2
1
1
91
10
12
22
2
2
5
1
104
6
23
10
2
141
3
1
56
13
38
33
3
2
145
93
45
6
1
99
22
9
8
7
11
93
29
1
6
4
1
137
1
3
2
1
1
140
2
1
2
80
60
3
1
1
42
22
80
1
91
38
7
7
2
50
87
4
1
3
4
88
21
25
4
1
2
138
5
2
20
12
45
1
2
19
34
8
1
2
1
93
9
38
1
3
1
117
2
25
1
109
32
2
1
1
104
40
1
49
84
10
2
13
84
45
1
2
75
50
16
3
1
12
49
44
36
2
2
134
2
6
2
1
23
42
59
3
3
7
3
4
1
19
5
77
23
12
9
17
73
22
24
9
72
31
4
26
7
1
2
1
1
126
13
1
5
66
79
125
9
4
2
5
80
5
29
2
22
5
2
33
100
12
43
91
7
3
1
62
52
6
12
3
2
2
3
3
116
10
2
2
2
1
6
4
2
19
67
2
54
1
1
1
6
71
28
17
2
11
6
4
132
10
3
2
5
94
2
39
2
1
71
33
24
13
2
2
2
86
3
30
3
4
9
7
1
74
68
2
1
22
25
96
2
22
39
46
22
15
1
16
7
23
74
11
9
1
3
1
11
87
21
2
11
4
4
1
2
1
1
118
10
8
5
4
36
21
38
12
17
21
56
49
36
4
29
70
24
1
4
10
6
1
135
9
1
128
14
2
1
130
5
5
5
69
12
28
36
79
25
29
7
3
2
111
12
17
1
2
1
1
84
55
1
3
1
1
117
1
13
1
7
2
1
2
1
94
46
5
69
32
42
2
43
40
25
22
8
7
66
28
11
24
11
1
1
2
1
59
45
17
20
1
2
1
66
45
24
10
103
3
34
3
1
1
101
36
6
1
1
6
41
36
35
22
5
38
13
68
1
8
6
1
10
53
54
33
1
4
118
12
4
4
6
1
106
37
2
62
30
28
10
9
4
2
114
29
2
121
15
7
2
88
50
1
4
2
35
33
6
28
36
4
2
1
67
45
31
1
1
79
8
39
13
6
1
28
46
26
12
12
3
5
9
3
55
73
8
9
94
2
46
2
1
82
18
41
2
2
126
3
16
34
19
83
8
1
47
93
5
75
60
4
1
2
2
1
10
126
9
106
10
10
8
4
5
2
72
37
13
5
3
1
13
1
4
85
55
1
102
20
13
1
5
3
1
124
17
3
1
29
116
140
5
123
21
1
33
18
28
7
37
5
4
11
2
52
38
36
12
5
1
1
117
20
2
5
1
14
13
28
36
11
39
3
1
125
8
9
1
1
1
50
21
51
22
1
37
103
3
2
145
21
9
35
20
22
1
13
14
3
5
2
70
29
44
2
80
64
1
30
9
46
53
3
4
50
29
60
5
1
43
30
69
3
85
35
23
1
1
60
11
73
1
81
36
11
1
11
5
132
8
3
1
1
45
96
2
2
23
10
54
35
15
4
4
104
40
1
112
14
13
2
4
119
14
12
81
37
6
13
1
4
1
2
134
6
1
2
2
46
61
1
22
9
5
1
102
33
10
89
13
17
20
5
1
12
72
56
2
3
19
40
30
20
8
3
11
11
2
1
109
35
1
82
25
4
34
120
25
137
4
4
128
7
2
5
2
1
37
74
12
18
1
2
1
126
1
16
1
1
96
32
10
4
2
1
130
14
1
59
4
55
6
13
5
2
1
141
1
2
1
52
45
36
12
117
26
2
40
105
16
34
94
1
45
79
20
1
55
48
12
9
4
15
2
73
29
25
3
15
145
103
32
2
6
2
83
36
10
4
2
5
2
2
1
135
1
4
4
1
57
58
9
15
6
12
113
1
16
1
2
21
41
38
34
10
1
86
16
32
11
91
28
23
3
82
15
29
15
1
1
1
1
51
42
27
15
1
6
3
107
37
1
62
76
4
3
47
60
5
33
112
31
2
109
36
31
105
5
3
1
1
98
44
1
1
7
12
93
16
10
3
4
15
112
13
4
1
135
6
4
42
95
5
2
1
62
73
8
1
1
144
1
66
43
13
10
4
8
1
75
44
19
6
1
22
39
1
6
71
6
136
1
4
2
2
83
1
44
1
7
1
6
1
1
11
22
43
7
50
1
7
3
1
54
85
3
1
1
1
24
72
33
5
8
3
121
23
1
99
17
29
20
53
15
3
15
32
7
84
8
2
11
8
32
86
15
15
18
1
7
3
56
69
15
5
50
56
14
14
8
1
2
112
5
3
1
15
9
81
8
40
13
1
1
1
40
52
32
8
2
7
2
2
142
1
1
1
135
7
1
2
106
15
13
3
6
1
1
60
51
6
18
9
1
8
78
47
2
1
7
2
95
41
7
2
75
9
55
5
1
72
14
39
1
17
2
138
5
2
4
71
5
33
14
13
4
1
80
34
7
22
2
88
53
2
2
80
45
9
3
5
1
1
1
100
41
3
1
142
1
2
55
77
7
6
113
3
5
10
6
1
6
1
28
57
38
7
6
8
1
33
3
33
1
35
34
3
3
70
62
5
6
1
1
13
67
56
1
6
2
138
6
1
69
34
25
14
1
2
112
30
3
114
24
5
2
112
23
4
6
120
18
2
2
3
70
37
31
6
1
48
17
37
29
14
16
103
23
1
2
33
26
26
45
5
8
2
57
10
73
2
1
2
103
5
16
21
74
21
33
4
13
125
20
112
30
3
17
11
6
88
12
3
6
1
1
52
38
4
44
5
1
1
87
35
14
1
4
3
1
17
117
4
3
1
3
102
34
1
8
123
13
7
1
1
17
82
30
6
9
1
75
8
55
1
2
1
3
113
28
4
77
56
2
6
1
2
1
22
62
25
26
6
2
1
1
88
52
3
1
1
97
19
19
10
145
122
12
4
5
1
1
143
1
1
20
27
35
38
11
8
5
1
59
33
30
7
7
1
7
1
6
105
4
6
8
1
13
1
1
127
5
11
2
26
45
33
18
2
1
16
1
2
1
73
65
6
1
104
10
5
25
1
18
58
15
13
18
7
10
2
3
1
80
2
53
8
1
1
48
49
12
6
28
1
1
71
42
25
5
1
1
115
30
95
14
14
12
8
1
1
105
20
4
14
2
128
6
1
3
3
1
1
2
51
32
15
35
4
8
55
17
53
8
2
1
5
2
2
128
12
2
3
55
87
2
1
66
15
55
6
2
1
54
66
16
3
6
133
3
6
3
1
22
22
87
1
8
2
2
6
47
82
6
3
1
19
120
2
3
1
125
4
5
3
6
2
125
6
5
5
1
1
1
1
52
13
35
33
12
52
48
13
22
6
4
133
3
7
2
19
37
30
14
9
21
7
6
2
62
4
65
11
2
1
37
46
61
1
34
80
24
6
1
68
65
11
1
76
27
20
10
2
7
2
1
34
30
62
2
1
3
13
73
1
1
25
31
3
9
2
3
46
15
39
28
7
6
1
67
17
13
40
2
6
26
21
21
11
49
2
1
9
4
1
86
30
7
11
9
2
91
24
13
16
1
59
43
2
28
8
3
2
52
42
4
14
6
6
21
110
5
28
2
62
52
10
11
3
3
3
1
34
30
25
25
25
5
1
80
59
5
1
90
4
6
20
6
12
3
1
2
1
13
102
14
6
9
1
145
111
1
17
14
2
39
91
5
1
9
94
1
26
17
7
21
49
55
2
13
2
1
1
1
122
14
9
55
66
12
11
1
62
59
18
1
3
1
1
37
105
2
1
45
77
11
11
1
75
68
2
53
29
13
8
6
34
1
1
56
42
25
8
12
2
94
36
12
3
103
35
2
2
3
29
76
37
1
2
64
67
14
111
34
14
84
15
7
25
57
13
35
35
2
2
1
37
73
16
1
8
1
9
108
20
15
1
1
144
1
27
93
1
7
5
7
1
2
2
49
68
6
1
20
1
99
22
7
3
8
1
3
2
68
11
30
34
2
26
33
19
22
45
26
30
36
25
1
23
3
1
54
74
4
7
5
1
140
2
2
1
23
97
17
6
1
1
72
56
2
1
6
7
1
57
81
2
1
1
3
57
46
42
101
11
21
1
6
5
97
17
29
2
106
23
1
2
11
1
1
32
95
9
9
23
36
76
4
1
3
1
1
122
22
1
102
41
2
84
40
12
8
1
91
40
5
9
28
32
7
27
47
2
1
1
7
104
19
12
3
136
1
1
2
2
3
12
54
45
21
5
1
4
1
1
1
130
4
2
8
1
106
6
1
1
9
22
29
6
28
76
5
1
125
17
3
120
24
1
46
71
23
3
1
1
58
48
1
8
19
3
7
1
47
91
6
1
9
88
22
3
1
10
7
3
1
1
95
41
7
2
92
14
33
4
1
1
58
75
2
4
6
2
81
34
2
10
15
1
108
36
1
77
59
9
52
29
58
2
3
1
111
19
9
6
43
7
87
5
3
72
1
38
30
3
1
2
63
18
37
24
1
104
2
37
1
1
126
15
2
2
124
4
15
2
10
44
60
11
18
2
123
8
13
1
19
50
47
10
8
8
2
1
29
23
77
6
3
4
1
2
52
46
8
21
14
3
1
114
5
16
1
9
132
11
2
78
17
37
4
2
4
1
2
38
52
2
45
8
76
46
4
5
1
4
9
127
3
7
4
4
137
3
5
33
68
38
2
4
86
16
11
2
9
8
6
1
1
2
2
1
9
12
51
39
2
5
14
1
8
2
2
61
44
25
10
2
2
1
41
24
28
33
9
9
1
120
15
3
1
2
4
122
6
8
3
2
1
1
2
Number of elements: 2279
