Bin size: 283
Num of Bins: 352
17
201
40
22
1
1
1
36
122
113
2
8
1
1
52
11
134
43
1
5
23
14
57
107
64
15
7
22
9
1
1
167
61
45
8
1
1
217
2
33
4
18
1
6
1
1
14
113
33
24
15
41
8
11
23
1
64
52
41
32
38
1
3
51
1
279
3
1
91
84
26
43
19
15
1
4
70
42
48
68
10
22
16
4
3
139
127
16
1
166
92
19
1
5
82
83
65
31
4
17
1
144
4
39
12
11
2
56
8
7
180
98
5
31
193
2
48
3
5
1
26
116
60
43
25
5
5
3
137
120
6
15
5
24
109
14
93
11
18
10
1
2
1
190
39
53
1
246
22
3
4
5
1
2
262
17
4
278
5
172
16
44
39
4
6
2
37
122
7
30
18
68
1
82
55
70
23
41
4
3
3
1
1
245
9
22
5
2
174
69
34
6
88
63
125
1
5
1
100
122
59
2
166
90
24
1
2
67
141
55
6
6
2
3
2
1
255
28
277
2
4
214
31
18
7
5
4
3
1
255
21
7
193
68
4
13
2
1
2
175
107
1
52
142
70
17
2
112
113
23
24
4
2
1
2
1
1
162
4
37
51
27
2
258
4
17
1
2
1
137
50
94
2
134
111
35
2
1
208
10
34
19
8
2
2
259
14
1
9
254
24
4
1
150
103
3
2
16
4
4
1
174
31
42
33
1
2
228
21
32
1
1
105
75
34
41
7
9
8
4
78
90
90
12
13
237
27
13
4
2
228
21
8
23
2
1
132
105
6
39
1
30
190
45
10
6
2
267
12
4
53
76
29
80
31
5
2
5
2
274
1
7
1
266
13
1
1
1
1
157
42
62
20
2
157
108
15
1
1
1
178
80
12
3
6
2
2
167
56
4
40
4
12
205
27
18
17
15
1
27
107
58
84
2
3
2
204
62
7
9
1
257
21
1
2
2
89
84
71
17
17
4
1
238
3
8
29
5
136
78
36
26
7
257
10
8
7
1
279
2
1
1
23
74
36
72
55
22
1
48
222
1
2
5
2
2
1
116
60
96
2
4
3
1
1
237
45
1
83
140
47
4
6
3
5
41
204
31
1
1
264
9
9
1
28
107
35
34
8
11
31
25
1
3
99
130
27
26
1
172
95
16
101
92
13
52
17
4
1
1
1
1
184
77
10
10
2
127
34
88
29
5
17
229
34
2
1
209
72
1
1
86
62
18
20
48
35
7
6
1
232
47
3
1
186
81
2
4
5
5
184
56
35
4
1
2
1
194
20
14
13
14
18
5
3
2
133
50
4
51
40
3
1
1
41
30
73
8
101
19
7
2
2
258
19
4
1
1
145
102
18
14
2
1
1
105
163
8
2
2
2
1
83
85
24
64
4
21
2
171
96
3
2
3
3
4
1
51
25
45
114
7
37
2
2
85
174
13
9
1
1
76
148
33
19
4
2
1
100
128
19
21
14
1
174
54
25
1
6
2
11
7
3
214
53
3
4
6
1
2
134
114
19
5
5
5
1
163
90
12
11
5
1
1
76
74
94
37
2
89
187
1
3
1
2
14
108
99
33
24
3
2
86
152
40
2
3
101
23
8
93
17
2
23
13
2
1
157
60
40
18
6
1
1
13
61
115
28
26
38
1
1
178
100
5
7
215
33
17
5
5
1
237
17
16
4
6
3
64
183
34
1
1
279
3
1
129
53
35
9
8
40
7
1
1
260
6
7
7
3
25
175
7
13
54
9
134
89
41
14
3
1
1
35
23
172
45
5
3
46
184
19
24
3
4
2
1
245
25
8
5
96
178
5
4
4
39
24
133
77
2
3
1
94
19
126
32
5
7
124
30
126
3
245
32
4
2
70
85
127
1
112
8
29
103
7
14
10
263
9
4
2
3
2
248
2
8
7
17
1
129
135
14
1
2
1
1
156
78
2
36
8
2
1
33
194
50
1
1
3
1
253
29
1
140
39
17
64
13
10
275
2
1
3
2
22
55
54
94
54
2
2
182
27
22
24
1
4
7
7
6
1
1
1
172
99
4
3
2
3
195
64
7
11
3
3
48
108
122
3
1
1
269
8
1
5
46
39
179
18
1
247
19
16
1
196
4
63
1
15
4
85
53
47
3
38
15
7
2
2
23
6
1
1
209
7
10
43
7
2
4
1
50
44
69
27
20
55
15
1
1
1
278
5
66
83
124
3
7
141
100
28
9
3
2
180
72
24
4
2
1
71
15
36
61
95
4
1
140
124
17
1
1
81
112
3
30
54
1
2
225
56
1
1
244
24
3
12
21
214
28
4
6
4
4
1
1
217
2
14
44
4
2
233
19
28
2
1
244
8
19
4
8
108
106
34
7
14
8
2
1
3
213
45
24
1
217
32
26
5
3
30
110
140
3
104
145
14
6
12
2
93
84
11
87
7
1
84
49
54
41
9
34
5
6
1
17
1
93
89
65
9
9
73
81
60
23
42
2
2
108
160
1
13
1
150
131
1
1
245
20
17
1
87
182
4
7
2
1
109
93
50
11
3
11
4
2
162
104
16
1
196
85
2
274
2
7
213
68
2
17
129
34
1
87
6
8
1
214
21
17
21
5
2
2
1
234
18
18
12
1
33
147
95
6
2
42
210
4
11
4
5
2
5
255
13
2
10
1
2
250
9
18
2
2
2
210
33
32
4
2
2
138
106
32
5
1
1
72
33
99
47
1
28
1
2
158
4
2
112
7
182
71
25
1
1
2
1
44
88
48
50
22
10
10
7
3
1
161
25
16
67
13
1
250
15
6
8
4
193
19
53
15
3
2
210
8
63
142
77
15
6
21
15
4
3
213
43
15
2
7
2
1
212
13
26
16
4
3
5
3
1
16
18
108
79
5
27
19
1
4
6
52
134
46
47
3
1
221
57
1
1
2
1
10
172
41
34
16
2
2
3
1
2
178
85
11
4
1
1
3
224
57
2
60
216
6
1
130
119
11
12
2
8
1
75
67
133
6
1
1
35
40
153
31
4
15
5
142
21
69
51
231
50
1
1
253
13
10
4
1
1
1
214
6
33
14
15
1
33
29
91
26
104
88
26
42
11
20
17
10
64
3
1
1
8
12
21
196
42
2
2
187
65
15
15
1
54
131
8
5
5
72
8
155
49
51
26
2
148
56
18
7
41
3
6
1
3
116
87
37
12
8
22
1
216
45
18
4
221
2
28
19
11
1
1
3
275
4
1
219
36
9
2
10
2
3
1
1
277
5
1
105
123
11
22
9
11
1
1
131
146
2
3
1
152
103
12
1
2
10
1
1
1
55
220
7
1
109
14
134
20
2
3
1
68
83
6
106
4
11
1
1
3
108
122
7
34
9
2
1
70
133
80
220
53
3
7
193
40
3
14
13
12
3
5
3
216
28
33
3
278
1
2
2
123
47
64
24
18
3
1
3
111
36
27
4
39
56
3
3
3
1
141
104
10
24
1
3
6
85
20
140
19
6
6
1
227
16
1
16
6
10
6
1
267
10
6
283
108
132
32
8
3
179
65
6
12
2
18
1
283
159
35
11
40
21
7
6
3
1
172
98
8
4
1
78
79
50
12
41
22
1
115
15
67
38
1
21
14
1
1
7
2
1
17
44
160
31
15
8
7
1
38
113
84
34
6
6
2
52
231
121
33
76
18
19
6
7
3
118
148
10
4
1
1
1
139
17
112
12
2
1
102
21
13
95
28
23
1
248
28
3
2
2
215
35
2
11
9
11
112
86
38
18
20
2
1
5
1
25
13
42
69
97
26
1
5
4
1
242
11
20
9
1
262
18
2
1
168
95
15
3
2
148
1
36
85
3
2
5
2
1
172
73
9
20
3
5
1
153
43
57
11
13
5
1
4
255
1
21
2
77
98
36
20
47
2
1
2
173
45
57
5
1
1
1
36
74
88
78
3
1
3
23
236
8
5
5
2
2
2
172
93
17
1
190
36
53
1
1
2
63
9
179
30
1
1
271
9
2
1
7
181
82
9
2
1
1
161
42
7
15
32
24
2
74
7
1
81
55
37
28
272
11
73
66
21
17
71
19
6
1
1
2
3
1
1
1
114
128
9
12
13
7
193
11
78
1
44
74
85
58
16
1
5
270
6
7
194
40
47
1
1
39
147
83
6
8
263
20
135
73
54
2
18
1
90
59
101
13
6
14
268
7
7
1
236
2
33
8
4
272
11
264
14
3
2
106
66
12
92
7
198
39
20
10
3
12
1
171
105
2
5
250
14
6
1
6
2
2
1
1
256
11
11
1
4
193
5
57
9
14
2
2
1
159
40
11
30
16
11
13
2
1
182
79
17
1
1
1
2
255
3
23
2
233
42
4
1
1
2
138
34
38
31
27
15
194
36
18
18
10
1
6
224
40
8
10
1
168
93
17
2
2
1
170
102
1
6
4
243
35
2
1
1
1
47
115
3
109
1
3
1
1
3
234
36
5
7
1
201
28
38
14
2
93
138
51
1
118
101
45
11
3
1
3
1
99
24
157
3
36
13
91
52
48
40
3
51
189
23
16
4
9
210
4
18
1
14
25
2
144
120
1
4
9
3
1
1
36
23
116
63
30
2
6
7
186
76
2
3
14
2
14
231
28
4
2
2
1
1
41
218
13
10
1
163
17
53
25
1
23
1
81
114
33
30
3
15
4
2
1
139
100
3
13
1
19
2
2
3
1
51
127
39
42
15
7
2
175
41
51
10
2
3
1
233
49
1
16
264
2
1
278
2
3
265
12
6
181
55
10
20
16
1
120
112
30
2
16
1
2
57
1
183
40
1
1
198
38
1
21
21
4
113
157
3
6
2
1
1
282
1
132
107
24
4
4
3
7
1
1
108
145
12
4
10
2
2
168
48
58
5
3
1
21
245
3
12
1
1
Number of elements: 2162
