Bin size: 286
Num of Bins: 331
133
76
10
25
12
27
3
266
8
9
2
1
211
14
26
31
4
273
7
1
1
2
2
189
56
10
12
5
6
2
1
1
4
147
32
12
78
5
5
5
1
1
71
13
8
164
6
13
8
3
196
1
89
251
4
30
1
185
27
59
3
5
4
1
1
1
193
12
80
1
284
1
1
194
14
68
4
1
3
1
1
7
55
77
46
43
39
9
10
72
11
175
16
7
2
2
1
46
69
131
18
6
15
1
219
42
18
4
2
1
77
22
21
36
64
27
11
2
8
5
8
5
82
187
1
7
2
4
3
257
14
6
6
1
1
1
187
11
83
1
2
2
191
79
2
5
3
2
3
1
283
3
113
96
68
4
5
176
4
60
25
12
6
2
1
248
18
8
10
2
13
2
247
1
10
9
1
1
1
1
143
35
104
4
253
30
2
1
158
124
4
233
8
20
19
4
2
24
101
136
4
13
8
127
23
53
76
6
1
136
104
36
6
2
2
11
68
125
12
24
39
6
1
224
48
5
3
5
1
69
137
46
21
4
4
5
218
53
9
4
2
240
35
7
4
77
100
45
5
36
16
3
4
97
127
53
1
3
1
4
135
118
27
6
249
20
13
3
1
125
98
22
36
2
2
1
269
6
3
8
71
140
52
15
7
1
223
30
8
25
138
146
1
1
78
201
4
3
17
149
58
55
1
1
1
3
1
183
46
56
1
30
32
34
36
20
51
49
24
10
258
18
8
2
84
106
29
23
17
10
4
13
23
29
16
47
160
5
6
53
38
8
47
1
129
3
5
1
1
166
41
9
5
11
46
8
50
144
42
1
37
11
1
154
130
1
1
180
9
68
16
12
1
183
93
1
4
2
1
1
1
14
110
102
30
25
2
2
1
271
5
8
2
87
64
77
43
6
4
5
224
19
18
22
1
2
175
86
21
4
81
101
14
77
3
3
6
1
223
61
2
75
36
66
4
13
73
14
5
112
28
73
50
2
16
2
1
2
39
184
63
177
39
48
6
14
2
148
104
15
19
83
135
38
16
6
5
3
30
222
13
8
4
3
2
1
1
2
41
139
94
1
9
1
1
200
26
21
37
2
164
39
35
35
13
10
46
6
100
80
7
23
13
1
198
47
5
8
1
27
166
55
31
29
5
229
36
5
1
8
5
1
1
194
88
4
43
66
168
5
2
1
1
123
160
3
211
7
33
26
8
1
26
92
83
83
1
1
122
93
66
3
2
277
4
4
1
96
68
77
32
3
5
3
1
1
249
12
8
5
9
3
191
10
18
18
26
8
5
5
1
2
1
1
13
46
90
117
2
3
3
12
93
139
30
7
12
1
4
88
172
21
5
40
96
2
124
20
2
2
237
1
41
1
1
3
1
1
75
162
32
7
5
3
1
1
35
106
71
49
8
1
3
12
1
61
177
10
32
3
3
161
3
96
13
7
1
1
4
9
250
25
1
1
237
45
1
1
1
1
7
200
33
14
24
4
3
1
224
42
19
1
46
157
58
16
3
3
3
156
65
20
43
1
1
15
238
4
16
9
3
1
202
51
16
5
11
1
146
46
90
1
3
106
2
42
85
28
5
16
2
178
101
3
4
266
13
1
3
2
1
236
25
14
7
4
130
24
7
102
10
9
1
1
2
255
6
8
16
1
277
9
272
10
2
1
1
193
61
29
3
4
271
2
4
1
2
2
244
10
3
15
14
233
1
38
14
126
119
18
18
1
4
252
31
3
273
11
1
1
172
40
55
10
1
7
1
132
118
30
3
3
8
160
91
25
1
1
62
66
156
1
1
47
38
1
153
6
8
16
16
1
184
17
65
18
2
180
28
7
12
16
13
22
2
5
1
227
53
4
2
279
3
3
1
269
12
5
81
23
62
51
53
11
3
1
1
262
16
2
2
4
86
162
10
6
3
3
16
106
5
132
5
1
30
1
1
1
2
2
49
194
6
29
2
3
3
189
91
2
1
1
1
1
172
73
13
21
3
2
1
1
106
76
82
2
5
13
1
1
53
170
49
14
122
68
66
10
11
9
123
38
1
72
25
2
13
1
7
1
3
218
44
2
18
3
1
30
96
78
64
18
276
9
1
18
30
91
89
40
9
8
1
253
32
1
153
13
109
4
3
4
279
5
2
268
15
2
1
17
180
43
42
2
1
1
130
41
18
47
40
1
4
3
1
1
219
10
34
12
9
1
1
218
17
31
19
1
53
213
15
3
2
230
33
20
3
238
6
40
2
49
85
106
15
26
5
201
5
2
3
6
18
13
13
1
24
213
47
5
1
19
1
19
149
60
6
41
10
1
218
18
44
5
1
217
34
3
5
21
6
151
135
253
19
10
4
205
39
28
12
1
1
67
105
2
90
11
11
230
42
12
1
1
55
96
79
8
6
16
2
21
3
279
4
3
199
48
14
20
5
150
52
14
2
13
4
26
8
8
2
7
132
6
104
19
3
12
3
7
203
36
26
17
3
1
115
81
84
6
208
26
36
16
113
15
74
20
16
3
30
8
3
4
223
38
24
1
8
229
43
2
1
1
2
139
26
97
15
7
2
51
127
3
49
56
282
1
3
179
89
12
4
1
1
26
91
87
14
61
3
4
148
128
6
2
2
84
178
6
3
9
3
3
5
258
8
7
1
6
1
152
85
47
2
160
103
22
1
228
56
2
274
8
2
2
247
8
1
8
12
4
4
2
220
10
6
20
15
2
4
7
2
72
137
5
70
1
1
274
1
4
2
5
215
26
27
8
5
4
1
227
31
23
2
1
1
1
215
27
30
14
240
34
11
1
101
17
19
138
9
1
1
222
40
11
8
3
2
84
199
3
261
20
2
1
1
1
197
43
26
18
1
1
141
81
43
14
3
2
2
218
21
11
11
8
6
7
1
3
126
20
37
96
7
145
113
20
4
1
3
238
25
17
5
1
242
21
7
12
3
1
238
25
23
133
50
75
28
6
153
67
6
39
15
222
21
12
23
3
2
2
1
91
26
64
68
3
10
17
5
2
178
41
41
15
2
2
5
2
224
3
34
17
8
79
31
142
21
13
80
141
9
41
12
3
204
41
15
9
5
11
1
48
18
100
5
109
1
5
44
168
2
65
1
5
1
10
273
3
127
6
131
16
6
267
2
15
2
33
153
98
1
1
164
95
15
2
3
1
2
1
1
1
1
114
26
17
15
14
5
32
39
15
5
1
3
164
118
2
2
155
10
34
81
2
1
1
2
254
20
7
4
1
273
8
4
1
204
33
15
25
6
3
6
265
2
13
215
58
13
147
55
24
18
31
1
1
8
1
187
96
2
1
1
27
39
161
46
12
251
31
3
1
50
231
5
43
19
134
29
36
14
4
5
1
1
203
23
31
9
9
9
1
1
131
103
43
8
1
231
33
15
5
2
12
155
4
75
2
6
13
3
13
1
2
85
106
17
48
29
1
204
57
20
2
3
80
165
7
6
20
8
265
9
4
4
1
3
178
92
5
11
202
5
63
10
6
150
69
41
1
24
1
269
11
4
2
209
38
21
1
5
5
3
3
1
279
1
4
2
14
10
259
2
1
134
6
114
11
7
7
7
40
179
46
17
3
1
71
53
18
143
1
106
6
34
118
19
2
1
227
13
29
10
2
3
1
1
23
48
140
2
41
17
12
3
254
22
2
8
258
24
2
2
55
74
133
13
6
1
4
207
6
41
11
7
11
1
1
1
217
25
10
3
9
9
13
68
67
129
16
1
4
1
86
181
2
12
1
3
1
119
152
3
12
55
186
6
32
5
1
1
187
18
71
7
1
1
1
140
19
50
57
4
3
12
1
282
2
2
84
184
10
7
1
216
19
12
15
5
18
1
45
221
16
2
2
200
10
1
6
40
5
20
2
2
147
96
25
4
10
2
2
164
95
13
5
8
1
19
144
20
86
12
4
1
176
108
1
1
3
91
5
79
30
65
6
4
1
1
1
50
192
33
6
3
2
266
18
1
1
55
150
44
16
2
19
256
5
15
1
8
1
247
23
7
3
2
4
54
94
78
32
1
1
19
2
2
2
1
264
1
18
2
1
164
104
4
6
2
3
1
1
1
247
4
33
1
1
125
80
31
30
19
1
259
27
65
86
34
14
30
19
17
2
19
220
18
47
1
61
41
80
16
24
62
1
1
280
2
4
126
143
17
267
19
204
40
39
2
1
28
211
31
12
1
1
2
266
12
1
7
127
70
56
32
1
278
5
2
1
35
15
21
152
36
7
13
1
1
3
1
1
16
104
165
1
91
83
11
41
57
2
1
105
175
4
1
1
263
21
1
1
139
13
109
4
3
15
2
1
236
30
7
2
2
9
103
116
33
10
6
4
1
9
2
1
1
12
183
5
66
5
9
3
3
156
119
2
8
1
150
13
90
33
104
164
7
11
153
77
35
5
11
2
3
56
172
58
12
19
40
107
97
7
1
1
1
1
17
90
48
76
36
13
5
1
83
68
70
63
1
1
198
12
4
25
41
4
1
1
15
166
87
15
2
1
2
133
68
60
1
3
13
3
2
1
123
94
55
12
1
1
37
222
7
9
3
6
1
1
Number of elements: 2022
