Bin size: 196
Num of Bins: 434
67
105
13
2
7
2
69
25
101
1
118
42
25
6
4
1
156
28
9
3
102
48
10
13
22
1
40
127
14
14
1
132
60
3
1
53
143
178
16
1
1
146
5
43
2
22
174
59
132
4
1
36
73
3
78
4
1
1
118
5
39
6
17
7
1
1
1
1
25
155
16
153
27
3
4
1
5
3
23
127
35
6
2
3
92
48
54
2
152
18
5
15
2
1
1
2
43
55
47
5
45
1
35
11
70
11
37
6
13
7
1
3
2
87
91
3
1
12
1
1
178
12
1
3
1
1
179
9
7
1
148
7
21
2
16
2
53
73
70
83
36
41
34
2
65
116
5
7
2
1
167
2
4
7
12
1
3
169
15
11
1
48
131
12
4
1
121
45
21
3
3
3
49
130
2
13
2
53
4
111
14
1
3
6
1
2
1
189
1
1
3
1
1
123
60
13
155
4
27
8
2
73
121
2
41
54
7
28
38
6
9
12
1
176
1
10
3
5
1
38
20
18
57
63
94
27
44
12
19
50
4
2
22
40
9
11
45
6
7
65
101
24
2
3
1
52
13
105
15
5
3
3
74
66
43
3
8
1
1
121
46
26
1
2
116
45
2
14
5
7
2
5
75
42
50
4
7
14
3
1
84
17
89
1
5
54
8
82
5
15
8
1
16
5
1
1
71
29
64
2
4
25
1
30
4
23
85
21
27
4
2
134
60
2
73
104
1
4
7
5
1
1
87
34
66
7
2
25
162
4
4
1
102
93
1
143
52
1
193
1
1
1
184
1
5
1
5
1
139
42
11
2
1
18
168
3
7
186
2
8
101
17
51
3
6
7
1
2
3
4
1
195
1
49
134
4
8
1
71
57
66
1
1
3
53
136
2
1
1
127
55
13
1
90
24
61
15
4
1
1
89
42
2
22
17
3
2
11
1
5
1
1
163
28
3
1
1
174
6
15
1
74
89
6
1
16
8
2
78
104
4
1
5
4
176
4
11
4
1
195
1
100
13
80
3
68
82
12
32
1
1
129
58
6
2
1
95
45
27
12
10
3
3
1
64
1
14
86
4
15
6
3
3
126
50
16
1
2
1
126
16
18
7
28
1
107
87
2
188
7
1
112
74
4
5
1
160
25
9
2
193
1
2
18
7
132
37
1
1
99
87
8
1
1
156
23
10
1
5
1
105
80
3
2
5
1
183
7
1
3
1
1
162
20
7
5
1
1
155
7
30
2
2
81
13
22
30
8
12
28
1
1
147
1
25
3
7
6
1
1
5
21
115
50
6
2
1
1
46
63
48
21
16
2
59
87
22
26
2
119
51
15
3
2
6
174
21
1
157
13
7
13
3
1
2
50
67
53
18
7
1
167
7
10
5
5
1
1
161
9
25
1
89
65
15
19
5
3
184
6
3
1
2
162
11
6
11
3
3
121
63
6
4
2
65
68
53
6
1
1
2
113
36
23
10
14
63
1
74
3
3
10
16
5
2
10
6
1
2
13
129
51
3
170
11
1
12
2
92
29
29
37
7
2
128
62
6
48
48
69
28
1
1
1
83
38
5
21
20
12
5
5
2
1
3
1
77
33
22
50
1
7
6
34
64
20
67
3
4
4
58
34
16
10
57
16
1
1
1
1
1
8
17
8
102
10
12
17
16
3
2
1
97
56
4
19
6
12
2
131
24
30
9
1
1
168
13
2
6
4
1
1
1
156
22
17
1
58
128
4
2
3
1
94
100
2
89
76
7
20
2
2
124
59
11
1
1
156
3
26
8
2
1
42
84
26
21
11
2
4
5
1
178
12
1
2
1
1
1
31
137
12
10
4
2
176
12
8
171
2
12
4
3
3
1
68
108
8
10
1
1
22
106
33
7
2
16
9
1
64
62
2
42
18
7
1
7
40
99
19
21
6
1
1
2
96
91
2
7
83
25
8
51
23
1
2
1
1
1
165
13
6
2
3
6
1
108
75
1
7
1
3
1
47
70
4
67
7
1
23
86
49
29
9
38
21
23
30
12
47
6
6
7
4
2
107
33
49
7
179
17
14
19
99
35
15
13
1
135
25
30
4
1
1
144
22
10
10
9
1
30
2
12
105
6
23
15
3
42
16
24
106
2
6
165
20
4
3
4
166
24
2
2
2
119
6
54
11
5
1
63
115
14
3
1
164
4
2
18
2
2
2
1
1
61
43
56
20
5
10
1
175
2
5
2
2
5
2
2
1
195
1
91
40
3
18
19
12
7
3
3
113
64
17
2
185
3
6
2
79
19
40
2
12
30
6
6
1
1
136
34
14
6
2
1
2
1
142
2
21
15
7
4
3
2
67
87
3
1
24
1
10
2
1
102
24
14
25
9
5
6
7
3
1
74
38
24
37
15
2
2
4
58
17
4
113
3
1
174
20
2
166
10
20
3
140
20
21
12
58
135
1
1
1
94
39
16
44
1
1
1
23
151
20
1
1
151
7
33
4
1
128
50
4
10
4
33
111
21
24
5
2
48
137
10
1
188
1
6
1
52
105
20
19
166
19
10
1
60
71
45
5
11
4
76
7
1
13
53
8
8
28
1
1
33
113
23
7
8
7
2
3
36
148
4
1
2
4
1
112
44
12
28
181
5
10
50
87
9
15
9
10
3
4
1
8
21
146
28
1
169
12
7
3
4
1
153
4
32
3
1
3
43
102
13
7
23
7
1
172
2
11
10
1
62
68
5
10
30
4
10
1
5
1
75
65
33
13
8
1
1
23
4
85
12
36
10
20
5
1
20
89
54
12
1
13
7
77
65
40
5
5
2
2
8
57
58
5
41
1
13
10
1
1
1
76
25
7
30
56
1
1
109
28
9
6
21
16
1
5
1
17
154
17
4
1
3
131
62
1
1
1
42
46
86
21
1
59
2
38
46
15
29
4
1
1
1
155
14
5
8
11
1
1
1
132
34
27
1
2
148
17
2
9
4
1
5
9
1
52
84
56
4
193
1
1
1
135
21
23
2
8
6
1
107
13
4
20
25
10
4
10
1
2
37
66
83
6
3
1
90
1
41
23
29
2
5
3
2
148
27
10
10
1
143
18
27
2
5
1
7
130
42
4
2
5
1
2
2
1
196
141
13
27
9
2
1
3
58
91
20
10
5
4
8
85
3
84
16
2
4
1
1
41
78
51
17
3
4
2
71
81
6
27
9
2
86
93
14
1
1
1
120
2
63
8
3
69
121
5
1
75
90
11
8
3
4
4
1
143
43
8
1
1
121
29
21
1
7
3
11
3
27
115
19
18
5
10
2
4
71
26
3
67
10
3
4
6
2
167
27
2
149
29
18
16
165
2
10
3
58
88
40
10
193
3
152
10
28
4
1
1
2
45
144
3
2
179
13
3
1
23
57
73
20
2
8
6
7
46
8
28
99
2
5
7
1
53
42
2
1
5
83
2
1
2
5
99
74
11
8
1
1
1
1
108
65
17
4
2
129
30
19
6
1
7
3
1
147
11
5
9
10
4
8
1
1
117
64
5
2
7
1
76
96
1
16
2
3
1
1
103
22
64
3
3
1
40
8
97
8
30
1
2
1
7
2
33
39
114
4
3
2
1
86
7
36
50
5
11
1
175
13
4
1
3
89
35
64
1
3
4
189
3
3
1
9
34
152
1
6
156
6
19
2
7
35
137
7
16
1
192
2
1
1
70
54
37
30
1
1
2
1
180
1
10
1
2
1
1
107
12
52
22
1
2
67
59
5
42
20
2
1
18
81
53
11
16
17
11
162
18
5
117
27
6
21
9
10
4
2
95
13
46
20
15
5
2
180
6
1
2
5
1
1
168
19
4
5
107
86
1
1
1
20
88
20
37
4
14
2
10
1
9
41
17
11
63
28
4
21
2
119
68
1
6
1
1
108
17
37
15
5
11
2
1
78
113
5
129
40
23
2
2
23
23
64
51
28
7
166
16
9
1
3
1
116
14
11
40
4
4
5
1
1
77
52
35
23
7
2
81
4
73
20
2
2
14
4
134
6
32
1
7
11
1
81
14
43
57
1
194
1
1
173
13
10
162
26
3
4
1
77
86
17
15
1
121
5
20
40
9
1
130
27
32
1
5
1
86
35
17
42
5
6
4
1
109
5
3
54
3
8
13
1
45
79
56
14
2
36
79
9
62
2
1
6
1
96
45
39
16
8
75
47
22
2
26
15
1
39
109
44
2
1
1
156
12
25
1
2
119
17
34
7
2
2
8
7
139
50
5
2
98
34
8
26
30
105
5
47
39
152
42
1
1
115
52
7
5
10
1
4
1
1
170
2
17
6
1
122
56
11
1
1
5
21
34
42
54
12
11
13
8
1
105
83
7
1
187
9
149
7
5
29
2
4
64
76
9
34
12
1
115
18
2
15
10
26
8
2
107
28
61
117
43
8
2
5
18
1
2
189
7
56
72
44
19
1
4
70
27
33
38
16
5
5
1
1
108
67
1
14
3
1
1
1
43
59
56
14
8
2
13
1
155
20
7
3
8
3
185
8
3
105
49
36
1
1
3
1
43
140
9
3
1
127
45
19
5
52
70
32
33
1
3
2
3
29
49
51
36
16
12
1
1
1
62
27
8
10
53
3
19
2
3
6
1
1
1
43
121
26
3
3
176
7
6
7
2
163
29
1
1
20
17
30
13
14
39
24
25
14
145
31
13
7
14
95
85
1
1
8
35
87
56
1
7
2
53
108
1
29
5
2
71
120
3
13
158
23
2
88
101
7
155
20
5
7
1
5
3
196
45
129
5
16
1
127
63
5
1
71
105
19
1
141
16
21
1
3
13
1
34
59
76
12
5
1
8
1
71
90
15
12
7
1
193
2
1
74
99
1
14
8
40
59
62
11
10
1
12
1
139
52
1
4
51
118
22
2
3
172
5
8
8
3
125
40
9
6
5
1
1
2
3
2
1
1
99
13
78
5
1
53
120
13
6
3
1
123
50
17
1
4
1
153
19
5
11
5
3
129
59
5
1
1
1
159
10
4
14
6
3
29
118
25
7
15
2
57
36
59
6
4
1
29
3
1
159
24
8
1
4
133
41
21
1
91
82
1
14
4
4
83
61
25
26
1
152
17
17
8
1
1
93
21
42
14
11
7
4
3
1
22
73
94
6
1
24
119
40
1
1
9
1
1
38
103
9
35
11
89
41
25
37
3
1
103
28
55
1
9
125
1
68
1
1
79
23
50
23
20
1
14
57
60
64
1
47
43
92
6
2
6
134
22
20
10
1
8
1
166
29
1
33
39
30
19
57
9
4
1
3
1
80
114
2
106
21
27
17
25
25
18
124
19
10
17
107
26
29
10
2
3
2
132
3
44
8
3
4
1
1
131
5
20
2
9
23
5
1
102
29
57
1
5
2
4
28
126
33
5
174
5
4
5
5
3
183
8
1
1
2
1
22
163
7
4
135
49
7
5
117
38
8
18
13
2
30
79
10
18
8
3
19
25
3
1
175
11
2
5
3
24
95
71
6
86
4
85
4
8
1
5
2
1
192
4
181
15
74
95
11
2
6
5
2
1
138
37
11
3
7
26
23
98
28
10
4
7
140
53
2
1
54
2
2
20
65
44
3
3
2
1
157
2
12
23
1
1
152
15
14
9
2
1
3
135
58
2
1
135
41
19
1
74
69
49
3
1
47
40
12
91
5
1
38
85
39
8
6
1
9
4
4
2
107
50
24
8
6
1
164
18
7
5
1
1
83
37
50
25
1
89
1
70
23
9
2
2
153
6
27
4
3
3
82
103
5
5
1
140
22
24
6
3
1
151
13
1
7
1
9
4
6
4
160
15
10
6
1
1
3
127
1
24
12
25
6
1
133
38
21
4
168
11
5
6
5
1
105
61
25
5
57
3
66
9
10
19
19
6
6
1
168
27
1
103
68
3
19
1
1
1
2
73
13
47
25
4
1
29
2
39
113
5
38
1
Number of elements: 2629
