Bin size: 217
Num of Bins: 358
177
1
27
8
1
3
136
66
1
7
5
1
1
80
62
43
16
5
6
5
171
24
4
16
1
1
66
122
24
4
1
77
60
22
32
20
1
1
3
1
147
41
2
18
3
6
82
77
42
14
1
1
143
2
69
1
1
1
108
38
22
33
8
1
3
1
3
19
82
85
16
8
2
4
1
30
112
22
47
2
3
1
152
44
2
14
3
1
1
1
136
38
6
34
2
41
162
6
7
1
105
18
22
4
45
3
11
2
5
1
1
29
65
119
4
210
6
1
145
59
3
10
193
24
80
42
15
38
42
90
93
34
120
73
3
8
11
2
48
83
36
22
12
10
6
4
158
36
13
3
3
22
127
14
35
1
5
12
1
180
37
37
165
12
3
105
60
10
30
2
1
9
135
37
37
2
5
1
83
122
9
1
1
1
144
9
49
14
1
96
20
30
16
29
26
210
1
1
4
1
186
7
11
11
1
1
69
56
59
4
7
16
5
1
34
26
101
6
14
19
1
7
2
1
3
3
41
61
15
25
12
52
9
1
1
201
6
4
5
1
153
17
24
4
1
13
3
2
94
116
1
4
2
135
68
11
1
2
88
104
22
2
1
147
65
2
2
1
37
153
10
17
86
8
122
1
208
8
1
199
6
5
4
2
1
198
3
16
181
5
8
8
13
2
169
7
26
2
13
93
8
17
55
9
1
13
11
6
3
1
48
161
1
5
2
29
5
75
70
7
19
10
2
17
38
129
24
4
4
1
20
51
93
44
9
192
1
19
2
1
1
1
132
48
26
7
2
2
131
37
19
19
11
125
92
137
80
205
7
1
2
1
1
157
4
23
32
1
166
7
42
1
1
67
111
30
8
1
213
4
134
38
25
14
1
2
3
141
19
22
34
1
106
61
49
1
95
56
40
26
52
114
15
6
24
6
53
10
8
93
48
2
1
1
1
101
101
4
11
147
41
18
5
4
2
205
5
5
1
1
11
56
56
13
66
11
1
2
1
134
54
5
22
1
1
99
15
53
19
20
6
2
1
2
113
36
53
11
3
1
193
4
20
79
49
7
10
60
9
2
1
175
20
5
12
1
1
1
2
199
2
16
90
2
20
19
7
69
4
3
3
184
18
2
4
9
66
109
33
2
3
3
1
197
10
7
3
31
101
25
1
36
23
109
39
54
4
7
3
1
39
84
13
43
29
2
3
3
1
182
12
4
15
4
174
5
27
3
5
1
1
1
169
43
2
1
1
1
172
21
21
3
115
91
5
6
102
42
64
4
5
203
8
3
2
1
50
124
22
6
10
4
1
205
1
3
8
147
54
5
8
2
1
166
35
15
1
15
201
1
177
25
11
3
1
39
54
15
79
23
7
162
36
15
1
2
1
67
5
87
52
3
3
145
32
37
2
1
176
4
6
26
5
82
4
81
6
6
18
3
13
2
2
122
72
17
3
2
1
80
80
37
19
1
126
53
35
2
1
140
55
15
4
1
2
157
3
5
26
13
11
1
1
102
83
31
1
52
134
29
1
1
131
82
3
1
113
47
23
8
22
1
2
1
93
3
90
12
2
8
9
74
86
38
8
1
7
2
1
69
94
40
3
5
2
3
1
94
118
3
2
162
44
1
9
1
46
48
55
45
22
1
180
28
5
1
3
122
41
17
19
18
196
7
2
7
4
1
38
14
23
135
4
1
1
1
86
96
31
4
83
92
24
15
2
1
163
44
4
1
3
2
71
24
100
21
1
110
52
49
5
1
119
64
9
20
4
1
116
69
7
11
8
5
1
144
63
3
4
1
1
1
75
56
30
14
8
13
1
5
9
4
2
76
60
69
9
3
144
37
36
68
69
6
42
6
25
1
48
108
23
5
31
1
1
181
35
1
25
36
99
16
1
12
23
5
128
75
8
4
2
214
2
1
41
123
11
34
4
1
1
1
1
213
2
2
69
22
31
5
14
49
14
12
1
68
52
77
11
4
1
2
1
1
6
111
40
32
4
17
4
2
1
43
37
125
5
7
73
47
75
16
3
3
161
10
16
26
1
1
2
59
87
45
23
3
118
69
27
2
1
33
144
18
4
6
7
2
1
2
117
77
18
2
3
86
125
4
1
1
47
74
71
8
4
5
7
1
110
28
73
6
79
91
39
5
2
1
38
63
6
91
9
1
4
3
2
33
119
11
5
18
30
1
27
37
80
56
2
9
5
1
212
4
1
136
42
31
8
53
164
41
46
27
36
53
8
6
20
155
36
5
1
207
8
2
70
9
29
10
22
21
51
4
1
154
10
34
3
15
1
129
2
41
21
24
21
27
70
21
26
23
28
1
193
16
6
1
1
207
10
120
95
1
1
93
93
13
13
5
45
167
5
68
87
33
26
3
217
17
146
32
2
18
1
1
42
174
1
156
17
32
9
1
1
1
84
108
8
11
3
3
121
89
3
1
1
1
1
24
13
44
26
21
11
76
2
128
15
45
5
22
2
15
13
180
7
2
34
132
1
45
3
2
181
31
3
2
56
41
106
1
6
7
210
6
1
129
85
1
2
207
3
2
1
4
13
197
7
73
16
121
5
1
1
78
11
97
7
7
9
4
1
2
1
68
85
10
37
10
2
5
193
1
15
4
3
1
3
155
43
13
2
1
168
3
21
20
4
1
33
146
12
22
1
3
35
2
175
3
1
1
32
136
45
2
2
182
15
7
11
2
195
6
9
3
1
1
2
90
47
49
12
9
3
1
6
84
31
78
23
1
206
6
1
1
2
1
176
30
2
4
2
1
2
208
9
40
19
155
2
1
202
10
1
3
1
58
138
14
6
1
144
26
25
15
2
2
3
59
95
34
7
20
2
164
28
20
3
1
1
58
41
17
55
36
2
6
1
1
133
45
22
9
5
2
1
110
101
3
1
1
1
102
20
74
13
8
100
41
12
46
16
2
199
9
8
1
168
48
1
214
3
104
22
88
2
1
163
46
4
1
2
1
144
26
8
26
8
5
143
67
2
1
2
1
1
113
94
7
1
1
1
165
42
8
2
179
34
4
211
6
147
42
15
13
61
103
47
5
1
24
101
91
1
137
40
26
6
5
3
121
17
13
64
1
1
206
10
1
139
28
2
19
17
1
10
1
65
133
11
3
4
1
31
124
13
45
1
1
2
173
35
9
111
103
1
2
196
12
5
3
1
35
99
64
6
7
4
2
172
4
5
8
27
1
25
173
19
87
105
23
2
56
90
69
1
1
97
114
3
1
2
11
96
43
7
20
31
4
1
2
1
1
11
115
72
9
7
1
1
1
211
6
202
1
4
3
4
3
68
55
65
14
4
7
3
1
3
71
133
9
1
152
3
50
12
41
157
9
9
1
18
145
42
1
1
10
177
16
17
3
1
3
10
207
44
103
44
4
7
13
1
1
105
13
93
1
4
1
29
128
22
18
13
4
3
61
130
17
9
133
40
23
3
5
7
5
1
127
36
10
42
2
51
66
1
83
3
11
2
54
97
48
5
2
8
1
1
1
214
1
2
151
56
5
4
1
144
67
2
1
2
1
78
27
40
59
5
1
4
1
1
1
157
51
9
205
1
2
8
1
194
21
2
47
51
16
63
23
8
7
1
1
138
73
1
5
134
70
1
1
7
2
1
1
174
20
16
1
6
83
129
1
2
2
205
12
89
108
19
1
49
40
96
2
3
9
3
13
2
121
32
60
2
1
1
40
112
46
3
16
97
77
35
3
1
3
1
121
62
16
6
9
3
134
15
7
53
4
3
1
116
8
42
25
13
12
1
154
31
12
1
7
11
1
193
14
4
3
1
2
84
24
79
7
23
173
10
22
1
11
101
61
14
5
8
28
124
43
18
31
1
195
13
2
5
1
1
54
70
8
64
9
3
6
2
1
147
59
4
1
3
1
2
63
119
29
4
2
138
72
5
1
1
185
15
14
3
157
27
5
15
10
2
1
110
68
25
10
3
1
132
62
7
15
1
13
166
28
9
1
38
73
67
28
9
1
1
57
22
87
8
15
16
9
2
1
22
81
15
58
6
20
2
10
2
1
34
137
34
2
9
1
44
32
30
46
56
5
1
2
1
189
2
10
2
3
9
2
103
63
16
15
4
9
1
6
92
57
26
28
9
4
1
185
15
6
9
2
211
3
1
1
1
61
44
80
22
6
1
2
1
73
142
1
1
63
1
123
2
3
11
1
9
1
1
2
155
56
1
5
12
101
57
6
10
4
1
8
3
12
2
1
56
142
7
10
2
143
11
38
5
4
6
8
2
213
1
3
133
15
22
5
6
36
142
61
1
13
137
45
22
2
7
2
1
1
38
78
16
31
52
1
1
111
49
33
3
18
2
1
92
37
30
15
14
12
5
8
2
2
35
92
28
1
8
50
2
1
24
47
68
65
11
2
149
17
4
8
23
13
2
1
60
15
50
33
53
5
1
35
12
137
27
1
5
51
159
4
1
2
114
50
35
10
1
6
1
98
8
86
24
1
148
32
22
3
8
2
2
91
72
31
21
1
1
46
45
30
32
24
7
2
11
17
2
1
202
13
2
193
21
1
2
208
4
4
1
33
88
89
5
2
20
77
38
58
17
7
127
10
47
25
3
4
1
170
13
13
13
5
2
1
178
33
5
1
14
118
64
9
11
1
175
6
2
5
25
4
96
33
4
7
5
21
3
40
2
4
2
9
163
13
12
2
10
7
1
133
26
22
36
165
27
11
10
4
192
21
3
1
Number of elements: 2092
