Bin size: 249
Num of Bins: 377
54
13
178
1
1
2
97
48
37
15
15
36
1
217
6
1
18
4
2
1
42
204
1
1
1
199
5
15
3
4
2
7
11
3
184
53
10
2
110
2
52
29
19
12
4
21
249
161
55
28
4
1
42
83
8
108
5
3
183
20
38
2
1
5
174
9
40
24
1
1
156
32
11
50
189
1
15
2
30
10
2
242
6
1
65
111
24
25
10
5
4
1
3
1
134
9
60
24
8
12
2
248
1
20
51
112
3
32
1
30
14
156
41
2
31
5
168
47
33
1
45
82
25
18
23
21
10
14
9
2
248
1
75
130
1
31
4
1
4
2
1
107
116
9
1
16
103
60
26
24
25
9
2
17
132
83
3
9
3
2
142
96
1
4
5
1
115
67
64
1
2
27
161
31
8
16
2
4
196
3
10
8
32
119
42
67
7
7
3
1
3
223
17
5
4
242
2
1
3
1
219
30
245
1
3
36
200
3
3
2
4
1
111
72
23
31
2
9
1
133
39
63
3
9
2
233
7
5
2
2
50
67
92
18
15
5
1
1
163
68
12
6
26
43
25
118
35
2
41
159
11
8
7
5
14
4
209
17
17
6
204
7
9
17
8
4
121
99
13
11
4
1
207
25
2
11
3
1
74
175
67
50
59
14
58
1
28
86
114
1
14
3
3
113
118
3
3
11
1
222
2
17
5
1
2
90
36
63
30
1
15
4
7
1
2
246
3
94
94
18
19
11
1
5
3
2
2
121
125
3
7
194
26
15
1
3
2
1
47
73
64
35
14
2
14
109
38
38
60
4
24
212
7
6
71
3
58
29
77
3
2
2
3
1
9
90
56
33
25
14
9
10
2
1
83
70
80
10
5
1
45
27
9
49
92
26
1
218
28
1
1
1
203
21
12
5
1
6
1
52
169
17
1
6
1
1
2
182
24
30
3
6
4
77
158
14
37
64
115
14
12
1
4
1
1
111
23
52
43
5
1
3
2
7
2
93
127
21
8
52
158
22
5
7
2
2
1
132
109
2
3
2
1
140
19
86
4
99
61
56
6
13
9
3
2
150
7
75
5
7
3
1
1
111
58
16
36
21
1
6
128
11
80
10
17
3
52
18
77
41
27
23
3
1
6
1
67
62
103
2
10
1
3
1
211
3
27
8
164
2
19
64
72
43
119
6
4
5
97
30
92
20
5
1
1
2
1
6
124
5
104
10
195
36
14
2
1
1
84
52
85
19
2
1
5
1
218
9
19
2
1
198
43
7
1
17
2
160
63
7
115
73
54
7
195
26
1
27
37
194
4
4
1
1
7
1
5
212
30
1
1
134
70
21
11
13
14
206
5
8
12
1
1
1
1
70
150
25
1
2
1
3
111
70
27
8
12
6
3
8
1
220
3
7
10
3
3
1
2
100
37
48
31
18
15
94
65
34
14
34
5
2
1
110
58
26
32
3
16
2
2
17
86
58
46
29
5
7
1
159
51
39
54
15
52
72
44
9
1
2
180
54
7
7
1
231
9
4
2
3
223
2
18
6
133
11
86
7
9
3
136
86
11
8
3
2
3
17
51
112
11
14
41
3
172
7
57
4
7
1
1
70
49
11
67
1
42
4
3
1
1
54
194
1
84
96
4
3
50
11
1
113
2
127
3
2
1
1
169
9
25
33
12
1
228
14
3
4
111
74
50
7
1
4
1
1
185
26
8
9
12
4
3
2
180
18
3
45
1
1
1
17
111
79
12
3
13
12
2
191
33
12
3
6
4
158
22
55
10
2
1
1
182
28
11
6
2
1
10
2
7
142
36
68
1
2
28
197
14
7
3
139
47
48
10
5
55
103
26
15
41
8
1
202
4
4
21
11
6
1
166
28
21
30
4
94
74
16
45
7
7
1
2
1
2
203
35
2
2
4
1
1
1
116
69
29
4
17
5
1
3
2
3
229
20
33
76
79
41
20
157
62
30
3
223
19
2
2
183
31
23
7
4
1
29
110
43
59
1
3
3
1
38
192
6
4
5
3
1
89
83
40
22
14
1
90
32
44
14
61
7
1
5
162
27
38
14
2
1
169
37
8
6
25
2
2
91
81
66
10
1
147
39
16
2
29
6
6
2
1
1
21
60
115
9
17
17
8
2
243
4
1
1
103
54
9
44
32
2
2
2
1
87
94
13
43
5
3
3
1
64
172
9
4
155
5
50
10
27
2
109
138
1
1
217
31
1
93
70
83
1
1
1
8
158
82
1
83
70
33
53
1
1
3
1
2
1
1
193
24
17
8
3
2
1
1
140
16
65
24
4
8
132
52
18
21
6
10
2
144
82
20
1
2
66
81
72
16
1
8
1
2
1
1
157
22
31
22
1
8
3
4
1
129
19
49
33
4
14
1
149
44
52
2
2
150
69
23
2
5
60
141
34
14
232
7
4
6
24
130
33
51
7
4
37
148
60
4
187
49
2
9
1
1
52
10
125
23
1
10
25
2
1
69
63
81
25
5
1
2
1
1
1
163
74
5
6
1
157
83
9
5
94
127
13
8
1
1
224
25
69
43
47
46
13
7
10
5
8
1
188
7
20
7
13
11
1
2
166
73
9
1
102
19
86
1
39
2
131
79
21
9
8
1
147
99
2
1
13
156
45
32
3
117
119
11
2
230
1
15
3
45
75
105
24
218
12
15
3
1
59
4
100
71
11
1
1
2
248
1
151
42
22
16
3
4
8
2
1
81
166
2
202
38
7
2
80
111
4
27
19
2
3
2
1
133
46
7
14
41
3
3
1
1
88
160
1
86
140
8
8
5
2
55
32
137
23
1
1
240
5
2
2
219
10
14
4
2
50
121
61
1
15
1
113
97
6
1
2
4
11
8
5
2
139
109
1
54
107
49
33
1
1
3
1
106
143
107
82
40
14
1
1
2
2
44
196
8
1
95
77
24
38
2
7
1
2
2
1
151
13
27
14
30
6
1
5
1
1
46
37
54
112
120
16
110
3
169
30
34
15
1
152
17
46
11
10
3
1
3
6
141
56
10
30
8
4
192
42
13
1
1
214
1
5
17
9
2
1
220
16
6
5
2
85
113
27
1
14
3
6
61
171
16
1
175
31
35
2
6
143
39
3
45
11
2
5
1
106
140
3
117
21
10
9
92
205
8
8
18
1
9
158
30
57
2
1
1
249
7
45
64
73
2
46
7
5
39
167
42
1
208
15
7
9
9
1
217
27
1
1
2
1
159
85
4
1
98
29
97
7
17
1
187
15
14
18
1
5
4
5
55
109
33
10
4
3
9
7
1
9
2
7
21
83
133
3
3
6
103
30
9
30
7
15
15
14
25
1
219
7
6
17
232
14
2
1
234
6
6
2
1
75
119
4
6
32
9
3
1
210
5
13
16
4
1
145
16
59
19
10
96
50
10
90
2
1
142
34
33
32
2
5
1
70
176
3
248
1
207
27
13
2
36
123
75
8
3
4
249
145
47
54
3
21
101
97
14
9
5
1
1
130
82
16
21
123
52
23
29
20
1
1
244
4
1
241
2
3
2
1
231
10
8
235
4
10
60
152
11
21
1
1
3
122
43
80
3
1
78
139
2
10
6
10
3
1
209
19
2
4
4
8
1
2
87
112
48
2
10
138
62
15
18
1
4
1
236
11
1
1
91
92
21
37
3
3
2
73
110
41
1
4
6
5
9
36
201
11
1
173
35
12
8
17
3
1
14
193
6
11
4
7
3
1
3
6
1
37
49
133
29
1
183
20
22
18
4
1
1
233
6
6
4
165
27
20
7
21
2
5
1
1
107
139
1
2
101
112
8
7
14
4
2
1
79
89
79
2
50
106
74
13
3
3
130
29
54
14
15
2
2
1
2
77
166
3
1
2
80
117
16
24
11
1
89
145
2
6
1
5
1
33
134
38
9
7
16
8
1
2
1
101
62
39
17
14
13
3
130
27
28
62
1
1
129
8
94
14
4
153
5
82
1
4
2
2
175
34
27
3
2
7
1
183
65
1
226
10
1
7
2
3
21
49
9
14
98
26
22
4
5
1
45
78
106
6
6
6
2
159
65
1
2
13
2
5
2
108
41
12
24
44
20
219
17
9
2
1
1
196
34
7
4
1
2
5
119
45
64
12
3
6
198
45
6
220
1
6
17
4
1
111
101
36
1
208
29
8
1
1
1
1
127
121
1
142
61
37
2
1
6
83
109
5
19
26
2
1
1
3
12
120
57
22
6
17
10
2
3
22
122
83
15
4
2
1
70
44
18
20
70
15
1
10
1
129
96
15
3
3
1
1
1
150
89
1
6
1
1
1
178
4
11
40
12
1
3
18
216
12
2
1
7
49
94
66
21
3
1
7
1
222
6
11
4
2
3
1
170
74
3
1
1
117
65
54
7
6
122
121
1
1
1
1
2
27
16
77
91
12
22
4
22
20
54
51
4
24
47
7
2
13
4
1
192
50
5
2
12
8
200
3
23
1
1
1
165
78
1
2
1
1
1
166
56
16
7
1
3
244
5
140
7
17
79
5
1
30
147
53
1
6
7
3
2
24
170
5
15
35
142
55
33
17
2
110
20
14
58
31
12
1
2
1
124
20
96
2
3
2
1
1
191
45
3
6
2
2
40
147
14
34
8
4
1
1
239
7
1
2
98
34
57
40
5
4
1
1
8
1
123
56
66
3
1
122
54
11
42
17
2
1
65
6
65
47
49
7
5
4
1
212
16
5
7
1
1
4
2
1
20
186
36
1
2
2
1
1
15
102
115
10
4
1
1
1
67
48
111
23
235
13
1
140
21
59
9
1
7
2
10
234
5
5
4
1
238
3
5
3
70
177
2
70
42
101
32
4
176
17
41
9
1
1
3
1
243
2
1
1
2
119
67
9
21
11
16
4
1
1
108
49
37
44
9
1
1
17
142
39
3
39
7
2
56
79
6
58
31
4
11
3
1
22
1
24
196
1
4
1
105
30
6
80
21
4
1
1
1
42
45
59
60
32
3
1
5
1
1
37
86
43
17
66
138
51
23
26
8
1
2
118
6
78
14
11
16
1
2
3
173
59
3
7
5
1
1
69
129
51
190
40
10
1
6
2
37
13
151
18
14
9
3
2
1
1
152
85
4
6
1
1
238
5
3
3
232
14
3
206
28
12
1
2
79
113
19
5
10
13
3
3
4
104
59
79
7
197
51
1
125
30
71
19
4
185
32
27
4
1
105
62
52
16
1
6
3
2
1
1
17
46
61
43
50
6
14
4
5
1
1
1
122
36
15
28
30
1
1
7
1
1
6
1
163
5
35
4
42
Number of elements: 2340
