Bin size: 173
Num of Bins: 331
119
27
25
1
1
33
95
22
13
10
149
10
12
2
163
5
5
35
120
15
2
1
30
102
38
3
165
3
3
1
1
127
12
30
4
38
23
39
34
14
20
3
1
1
31
95
41
5
1
146
26
1
125
24
24
116
11
20
14
7
5
6
103
58
4
2
133
8
23
5
4
83
61
13
8
2
2
1
3
82
76
10
2
2
1
141
4
26
2
127
5
6
29
3
3
61
99
11
1
1
162
1
3
2
5
16
19
3
81
40
2
11
1
156
6
10
1
48
14
97
1
11
2
73
86
7
2
2
1
1
1
160
1
12
56
62
4
26
15
10
19
94
54
3
3
125
22
5
21
147
10
8
1
1
5
1
100
56
15
2
12
111
47
1
1
1
133
29
11
162
2
4
2
3
124
41
8
61
7
23
75
2
2
3
76
70
7
8
8
2
2
2
6
75
85
5
141
28
3
1
139
18
3
3
5
1
2
2
98
5
52
7
8
2
1
36
28
3
56
20
5
13
2
3
5
2
18
145
1
2
2
4
1
45
47
64
7
9
1
84
73
1
11
2
1
1
10
33
62
3
38
13
14
57
57
40
8
11
67
82
3
16
2
1
2
23
109
5
34
2
51
17
97
7
1
125
41
6
1
86
46
3
36
2
95
62
11
4
1
36
33
82
22
170
1
2
18
98
44
13
86
14
14
52
5
2
89
60
15
1
7
1
168
1
2
1
1
163
3
3
4
31
82
36
4
11
5
3
1
73
30
39
19
10
2
150
10
4
1
4
1
2
1
123
13
4
11
20
1
1
129
40
2
2
23
133
5
2
7
3
77
27
14
29
1
17
6
2
170
3
145
9
13
3
2
1
58
28
36
45
5
1
105
45
14
3
6
70
44
46
3
9
1
52
69
40
6
3
2
1
76
52
7
31
2
3
1
1
127
46
27
136
8
1
1
31
67
22
18
10
7
7
8
1
2
59
11
99
3
1
26
37
53
37
13
2
5
108
17
25
16
3
3
1
127
33
11
1
1
170
2
1
122
4
20
23
4
125
30
2
13
3
157
16
76
55
24
11
3
1
1
2
94
56
15
7
1
65
81
18
5
4
120
45
6
1
1
18
83
13
2
14
40
1
1
1
74
72
3
18
4
2
78
10
62
21
2
160
2
8
3
90
59
14
6
3
1
32
17
77
44
1
1
1
145
27
1
101
54
16
1
1
1
123
25
14
5
4
1
133
21
15
3
1
113
3
50
1
2
2
2
79
15
49
7
15
1
4
3
125
26
14
1
5
2
99
38
5
2
25
3
1
136
22
4
1
8
1
1
7
135
13
2
6
5
1
1
3
47
102
17
6
1
16
15
114
27
1
14
119
20
16
1
3
122
4
27
15
5
72
88
9
3
1
43
112
11
3
4
100
19
19
17
14
1
1
2
150
18
2
3
25
138
10
123
28
10
2
8
2
138
4
29
1
1
149
7
4
13
152
8
12
1
169
3
1
108
9
44
1
4
3
4
59
104
4
1
5
34
107
24
8
123
45
3
2
49
41
30
43
5
5
81
29
54
7
1
1
108
17
29
18
1
143
22
6
1
1
136
35
1
1
155
5
12
1
99
13
2
43
8
4
1
2
1
85
70
6
9
2
1
92
79
2
124
8
20
21
63
60
17
8
20
5
49
19
76
13
6
3
3
4
145
16
2
4
6
138
23
4
7
1
122
8
9
6
14
1
3
10
69
78
15
6
5
122
37
3
2
2
7
155
4
8
5
1
94
9
46
14
4
2
4
144
8
15
4
1
1
134
18
20
1
54
84
10
2
10
5
4
1
2
1
150
9
7
6
1
87
34
21
13
13
1
2
2
31
99
17
8
14
2
1
1
110
48
14
1
172
1
87
39
17
19
4
6
1
86
8
47
5
11
13
3
60
23
2
82
1
2
1
1
1
33
1
119
10
4
6
98
34
29
7
4
1
48
68
38
7
1
8
1
1
1
51
91
12
16
1
2
105
12
28
7
15
5
1
167
5
1
32
16
63
37
6
13
3
1
1
1
109
47
12
2
3
85
31
17
33
6
1
59
17
18
77
1
1
11
143
10
2
4
1
1
1
89
24
13
3
40
2
1
1
45
30
11
73
4
8
1
1
152
16
1
1
2
1
151
18
4
23
110
14
5
4
11
2
2
1
1
131
5
3
18
8
5
3
43
103
3
6
16
1
1
24
64
41
12
20
4
7
1
155
13
5
140
11
1
18
2
1
132
24
16
1
137
24
6
4
1
1
162
4
7
54
100
7
9
3
39
121
12
1
83
4
81
5
89
25
40
16
1
2
73
29
18
21
20
4
7
1
151
7
7
5
1
2
57
23
20
16
17
19
4
11
2
2
2
80
30
18
19
6
7
6
1
6
53
88
32
117
7
30
12
5
1
1
11
62
72
14
4
4
3
2
1
161
4
2
1
4
1
39
38
86
10
160
6
3
1
3
148
5
1
15
4
160
8
5
80
33
1
3
7
36
4
6
3
143
10
19
1
150
18
4
1
89
16
23
35
9
1
81
68
24
50
26
11
41
26
19
51
105
4
11
2
171
1
1
164
7
1
1
30
90
32
10
1
2
7
1
138
30
5
137
31
1
4
59
77
20
16
1
140
6
16
3
6
2
155
10
5
3
99
37
25
10
1
1
136
33
4
149
2
14
3
4
1
72
58
9
14
11
6
2
1
64
3
89
3
14
164
3
2
1
2
1
42
123
1
7
159
2
2
9
1
31
91
22
1
3
10
12
2
1
7
147
9
6
4
39
92
6
23
5
5
1
2
68
93
4
3
2
1
1
1
38
96
8
11
2
11
4
2
1
8
120
20
20
4
1
11
28
87
12
12
8
10
4
1
45
50
24
38
2
13
1
119
13
9
12
11
7
1
1
2
124
9
25
7
1
4
1
147
1
8
5
1
7
4
118
42
8
1
2
1
1
55
56
3
43
9
6
1
114
51
2
2
2
1
1
106
42
7
13
5
47
108
15
3
70
46
29
19
4
3
1
1
45
120
2
2
4
163
1
7
2
10
10
47
98
1
4
3
34
17
25
32
39
14
11
1
122
47
3
1
27
138
3
4
1
141
7
2
8
7
6
1
1
91
58
20
4
52
64
56
1
53
63
33
21
3
49
16
96
3
5
1
1
2
40
71
23
24
12
3
54
11
42
37
16
10
1
2
129
24
19
1
44
121
2
5
1
85
82
6
54
94
23
2
18
146
2
2
2
3
11
3
38
1
55
24
13
12
8
6
2
25
52
75
20
1
99
54
10
10
71
7
24
62
3
3
1
1
1
146
25
2
76
33
31
4
12
12
1
4
60
106
5
1
1
150
23
27
12
54
48
19
13
157
2
4
4
4
2
86
56
11
12
8
112
9
18
17
11
3
1
2
165
1
2
2
3
168
5
19
68
5
8
24
38
5
4
1
1
89
73
11
162
4
3
2
1
1
62
95
11
3
1
1
77
21
2
32
41
56
62
10
17
11
17
168
1
1
1
1
1
90
56
3
7
8
4
4
1
2
136
13
1
1
6
10
2
2
36
35
43
29
9
8
6
1
3
1
2
59
55
52
7
170
1
1
1
15
98
51
7
1
1
77
55
11
19
11
76
61
3
4
10
1
17
1
36
32
12
50
20
19
2
2
19
5
99
47
1
1
1
29
31
99
8
2
4
28
1
65
73
6
167
6
109
35
22
5
2
170
3
7
82
66
15
1
1
1
130
4
6
24
8
1
57
98
4
14
41
93
22
9
1
3
1
1
2
123
33
17
89
4
16
38
8
13
3
2
15
110
40
7
1
39
6
15
46
57
9
1
85
17
33
31
4
1
1
1
169
4
107
35
23
5
1
2
15
92
2
37
23
4
10
39
96
8
11
7
2
119
46
3
3
2
172
1
18
11
53
9
14
50
3
12
3
135
21
12
1
4
158
11
4
82
74
14
3
129
40
3
1
40
105
24
3
1
146
27
146
15
1
4
1
1
2
3
65
100
6
2
69
86
6
11
1
128
21
16
6
2
87
57
21
4
3
1
58
100
10
5
3
81
24
37
18
5
2
3
8
89
19
18
34
4
1
159
5
1
2
2
4
81
60
14
3
13
2
61
38
62
10
1
1
84
46
28
8
1
6
86
84
3
79
75
5
3
1
8
2
155
8
2
6
2
18
128
4
21
1
1
23
88
30
29
2
1
60
14
5
56
8
14
2
12
2
153
9
1
7
1
2
169
1
3
169
3
1
140
22
2
6
1
1
1
Number of elements: 1890
