Bin size: 142
Num of Bins: 454
132
2
8
3
64
72
1
2
129
2
5
5
1
57
13
65
3
3
1
36
22
41
17
10
8
2
6
20
51
4
67
41
22
15
60
1
1
1
1
102
20
5
12
3
49
63
13
7
4
1
5
88
3
16
26
7
2
11
30
1
79
7
5
1
4
4
98
35
2
2
1
1
2
1
116
6
4
6
4
1
5
5
122
7
1
5
2
38
78
6
14
5
1
79
40
14
3
4
1
1
3
36
26
12
20
28
5
10
2
92
42
4
3
1
114
28
56
73
2
1
2
5
3
57
37
1
10
32
1
2
2
82
32
19
2
3
1
3
60
26
18
35
1
1
1
58
62
9
7
6
28
51
62
1
59
42
29
9
2
1
110
32
19
104
9
7
1
1
1
77
45
18
2
138
4
46
21
60
3
3
4
1
3
1
41
16
45
37
1
1
1
23
94
25
12
120
3
1
3
3
43
31
57
6
5
120
20
1
1
109
8
17
4
3
1
142
96
41
2
1
1
1
141
1
126
12
1
2
1
139
1
1
1
55
72
10
3
1
1
77
59
2
3
1
118
17
4
2
1
95
38
4
2
3
30
4
38
53
10
4
3
14
108
3
17
22
95
14
6
5
65
30
41
1
5
90
46
3
3
25
99
18
5
35
90
2
6
2
1
1
49
85
2
4
1
1
106
21
4
1
4
3
3
135
2
2
2
1
41
36
15
32
8
2
4
3
1
66
3
30
32
7
3
1
114
1
10
7
10
109
22
5
1
4
1
65
53
4
17
2
1
6
39
16
11
6
20
26
18
70
45
5
15
6
1
90
41
9
1
1
61
68
1
9
2
1
58
55
2
17
4
5
1
20
90
7
13
1
11
3
12
34
10
77
1
1
3
1
64
38
34
6
57
79
6
7
13
58
21
12
27
3
1
45
67
14
3
12
1
28
46
5
61
1
1
118
18
3
1
2
124
18
67
58
12
3
1
1
100
42
38
82
14
3
5
76
55
4
2
4
1
78
13
39
7
5
56
60
12
13
1
142
37
12
31
7
42
2
1
10
6
8
40
35
40
4
2
1
5
1
99
30
13
17
84
22
3
16
47
14
28
33
15
2
2
1
93
46
2
1
119
10
8
1
1
1
2
72
39
6
5
12
4
4
4
88
49
1
3
46
45
2
21
7
7
8
3
97
33
3
1
8
47
26
8
14
26
2
12
2
1
1
3
115
25
1
1
110
4
13
12
2
1
140
2
23
102
6
4
4
3
101
11
14
13
1
2
10
59
45
2
3
14
1
2
1
3
2
77
42
9
6
3
5
15
40
62
21
4
30
45
28
8
27
3
1
14
34
79
15
30
110
2
100
8
29
1
3
1
95
35
6
6
114
28
58
36
7
25
13
3
78
14
27
3
19
1
130
10
2
53
82
3
3
1
82
8
33
13
6
139
2
1
60
33
42
7
11
87
32
2
4
5
1
131
3
7
1
74
32
33
2
1
114
24
1
1
1
1
1
81
19
31
2
8
11
90
32
9
117
19
1
2
1
1
1
125
12
1
2
1
1
10
45
35
32
15
3
2
137
1
1
2
1
2
55
61
15
6
2
1
64
58
20
3
77
30
17
2
3
2
4
1
3
28
82
1
3
23
3
2
85
10
35
5
4
3
27
102
8
4
1
128
6
6
2
130
5
3
4
126
16
136
5
1
24
17
64
16
13
6
2
116
7
7
12
134
7
1
9
11
111
4
2
3
2
98
12
26
6
127
10
5
62
33
13
26
1
5
1
1
28
95
17
1
1
77
16
5
24
5
5
3
1
4
1
1
37
56
29
18
1
1
90
3
12
32
1
2
1
1
93
42
1
4
2
45
60
27
3
1
2
1
3
97
19
20
6
98
17
3
20
2
2
54
64
10
13
1
115
23
4
11
124
3
4
73
45
17
5
2
80
19
21
6
8
6
1
1
69
54
7
4
5
3
59
7
3
27
26
18
2
107
12
12
4
5
1
1
108
6
21
1
1
4
1
33
63
35
10
1
128
6
4
2
2
16
111
7
6
1
1
45
1
71
19
3
2
1
87
51
3
1
107
25
4
6
129
12
1
112
7
9
2
5
3
4
140
2
94
47
1
15
74
13
34
3
1
2
28
49
19
28
13
5
2
35
6
18
17
6
30
27
1
130
4
6
1
1
34
63
8
6
11
10
2
1
5
1
1
110
27
4
1
7
109
13
13
34
95
1
5
4
3
12
108
7
5
7
2
1
60
12
24
21
11
11
2
1
10
80
16
6
2
13
9
5
1
12
127
1
2
118
6
18
120
8
8
1
5
79
55
1
4
3
96
39
6
1
13
41
80
6
1
1
47
25
36
14
20
100
32
7
1
1
1
3
89
1
38
4
2
1
2
1
1
43
51
23
2
6
4
8
3
1
1
12
120
6
4
52
44
21
11
6
7
1
115
15
2
6
4
55
60
14
3
2
2
5
1
72
38
21
10
1
86
48
1
5
1
1
35
54
40
6
3
4
11
17
5
71
18
20
70
1
30
1
11
5
23
1
46
42
52
2
3
23
3
99
2
12
90
31
21
22
58
52
8
1
1
30
63
26
4
11
3
3
2
7
64
16
8
15
27
2
1
1
1
134
5
1
1
1
15
4
76
20
7
4
7
5
1
3
103
3
28
4
2
2
44
37
44
1
7
6
1
2
79
37
13
5
7
1
135
5
2
115
14
9
1
3
53
2
48
28
6
1
3
1
114
18
7
1
1
1
129
1
6
3
1
1
1
25
59
18
35
3
1
1
64
25
43
8
2
61
28
9
39
4
1
3
2
63
28
34
7
2
2
1
32
54
29
26
1
81
56
1
1
2
1
62
37
36
6
1
98
37
6
1
33
63
7
7
1
5
12
11
3
92
35
4
9
2
71
39
13
10
9
54
5
19
35
14
14
1
128
5
2
2
3
2
9
29
19
14
30
41
27
102
4
3
2
1
1
2
68
9
52
11
2
108
34
63
52
13
12
1
1
106
25
3
5
3
86
41
11
3
1
39
64
16
23
24
8
87
8
3
9
2
1
76
62
4
80
8
32
21
1
42
81
8
9
1
1
20
59
14
43
4
1
1
25
109
3
3
2
8
71
37
25
1
5
7
130
59
65
9
9
102
1
22
12
5
6
131
5
98
26
9
7
2
126
9
4
3
22
8
93
2
14
2
1
69
34
5
23
5
6
111
7
15
6
3
64
66
6
3
3
27
32
52
25
2
4
29
40
28
14
14
11
1
3
1
1
105
13
15
1
5
3
111
15
15
1
66
47
12
8
1
1
4
3
54
67
2
16
1
1
1
136
5
1
29
78
9
10
8
8
121
11
4
5
1
64
51
8
11
2
1
5
137
4
1
113
8
15
1
4
1
24
11
42
38
14
1
5
2
1
2
1
1
113
10
17
2
118
16
6
2
104
36
2
123
2
13
3
1
29
87
12
1
7
5
1
126
4
1
2
3
6
118
3
14
5
1
1
59
32
9
4
34
2
2
92
40
5
3
2
51
10
24
1
33
5
7
6
4
1
124
11
6
1
36
40
9
1
9
13
29
1
3
1
139
1
1
1
129
4
3
4
1
1
75
15
27
16
5
2
2
42
7
60
13
20
66
46
9
16
1
1
3
118
4
2
12
4
1
1
70
22
11
3
6
4
11
4
6
1
1
2
1
127
14
1
36
42
25
29
3
7
7
48
13
47
26
1
51
37
43
4
2
2
3
90
20
5
16
7
3
1
77
37
8
7
9
4
105
35
2
50
78
2
8
3
1
20
77
10
18
4
12
1
1
88
35
2
7
2
1
2
1
1
1
1
43
95
3
1
49
47
17
1
27
1
75
47
19
1
74
39
3
10
15
1
28
60
21
18
13
1
1
26
46
19
37
8
6
92
39
7
3
1
68
56
6
2
2
8
60
1
50
27
2
2
86
35
5
10
4
2
111
30
1
23
59
56
4
26
6
83
5
15
3
3
1
123
5
7
5
1
1
93
37
12
3
120
16
3
81
5
3
45
3
3
1
1
21
19
64
3
2
19
6
2
5
1
126
16
18
17
18
83
3
1
1
1
22
50
2
4
28
35
1
9
84
40
9
9
32
92
3
4
1
1
63
64
13
2
96
17
19
2
2
2
2
1
1
119
3
1
11
6
1
1
44
47
27
8
8
4
2
1
1
103
21
18
45
49
11
37
106
13
16
2
2
3
28
56
24
3
31
49
61
12
19
1
86
6
17
32
1
127
4
3
2
6
18
71
6
31
6
5
4
1
137
2
2
1
65
47
19
7
4
7
42
76
13
2
1
1
23
66
53
86
52
4
99
35
7
1
14
113
5
10
45
44
42
11
43
10
66
4
12
3
1
2
1
48
38
26
22
6
2
15
7
108
7
5
46
63
11
5
3
6
7
1
96
20
21
4
1
139
3
117
20
3
1
1
61
79
1
1
66
12
4
50
3
5
2
117
23
2
14
122
2
3
1
61
53
16
5
3
1
2
1
5
24
109
1
3
117
5
14
6
74
64
2
1
1
130
2
7
3
142
46
44
48
2
2
20
9
96
17
127
2
13
58
59
17
6
2
97
21
17
4
3
30
87
11
12
2
2
17
45
5
19
51
2
1
116
21
5
81
54
7
41
67
17
13
1
2
1
57
24
42
15
1
2
1
100
37
5
50
56
7
20
4
1
1
3
44
94
4
114
22
2
1
3
90
16
15
10
5
5
1
76
10
22
32
2
43
39
19
10
24
2
1
1
3
123
15
3
1
60
78
1
3
107
28
6
1
138
4
90
38
7
3
1
2
1
14
108
20
124
4
6
2
5
1
56
67
13
4
1
1
33
94
2
8
5
40
69
28
5
132
7
2
1
38
24
41
18
21
70
16
23
14
7
9
3
76
60
4
2
59
54
15
11
2
1
89
4
12
15
3
18
1
37
48
39
2
1
5
1
7
1
1
90
12
31
8
1
142
17
25
60
35
2
3
8
86
5
11
17
5
8
2
87
1
8
14
29
2
1
116
21
5
117
8
2
5
10
140
1
1
44
66
6
20
1
2
1
2
137
4
1
70
5
28
37
1
1
12
53
23
50
4
59
3
74
6
107
2
28
1
1
3
142
103
38
1
21
29
34
52
4
1
1
72
26
21
11
1
8
3
42
11
84
4
1
26
115
1
2
22
27
6
72
9
4
129
9
1
2
1
59
44
28
2
5
3
1
91
32
16
1
1
1
128
8
5
1
5
97
14
22
3
1
130
3
8
1
35
92
12
1
2
73
61
1
3
2
1
1
12
124
2
3
1
23
106
5
1
2
3
1
1
29
25
26
33
13
8
1
1
2
3
1
101
19
22
24
30
33
24
10
8
10
3
10
67
11
23
28
2
1
110
20
5
5
2
88
10
38
5
1
65
66
4
3
2
1
1
137
4
1
109
30
3
102
10
11
10
1
1
6
1
79
42
16
5
70
23
7
3
31
7
1
138
1
2
1
104
12
19
4
1
2
18
10
55
23
8
6
9
2
7
2
2
74
5
12
48
2
1
107
8
23
2
2
133
2
7
98
8
11
5
4
2
3
3
2
6
11
96
33
2
76
63
2
1
13
117
7
5
109
14
7
7
2
1
2
135
4
1
1
1
1
91
11
20
9
8
2
61
51
3
2
12
13
104
26
8
3
1
13
120
2
1
6
23
77
28
8
1
1
4
93
49
7
89
12
28
2
3
1
87
12
33
10
21
62
11
32
5
10
1
Number of elements: 2547
