Bin size: 154
Num of Bins: 490
42
19
89
1
1
2
10
72
31
23
5
5
8
90
13
7
38
2
2
1
1
33
84
26
7
3
1
51
23
42
38
54
58
31
8
3
136
13
5
75
22
24
32
1
74
19
29
17
1
9
1
1
2
1
94
51
5
3
1
1
152
1
120
17
15
1
1
118
25
1
2
8
112
11
2
18
2
8
1
83
57
1
10
2
1
147
3
3
1
82
17
8
5
34
3
2
3
29
25
55
24
3
6
4
5
3
33
41
6
73
1
130
22
2
31
68
37
5
13
39
87
13
15
25
123
5
1
127
10
13
4
47
20
11
69
6
1
92
52
6
3
1
45
20
12
4
57
13
1
1
1
19
57
25
7
16
17
13
136
15
3
48
97
8
1
19
5
126
1
1
2
71
31
38
5
5
2
2
9
26
41
1
37
5
32
1
1
1
133
17
2
1
1
140
4
5
2
2
1
20
54
11
44
6
14
3
1
1
106
45
1
1
1
3
36
91
13
6
1
2
2
90
63
1
154
76
54
16
5
1
2
126
22
6
9
133
4
5
3
83
7
18
38
2
1
5
108
30
14
1
1
153
1
83
68
1
1
1
91
21
10
9
7
9
5
1
1
122
28
3
1
102
32
3
15
2
53
80
7
9
4
1
87
17
14
1
31
2
2
32
104
17
1
65
11
22
3
23
13
9
4
2
2
143
1
4
6
15
86
31
7
11
2
1
1
108
42
2
1
1
54
75
13
5
7
84
5
28
27
3
1
6
104
7
4
9
19
7
1
2
1
25
126
1
1
1
59
79
3
3
8
1
1
77
70
4
3
51
59
38
1
2
3
151
1
1
1
4
117
29
4
33
58
54
6
2
1
77
13
63
1
20
51
43
7
5
24
3
1
25
63
22
9
25
9
1
99
36
6
6
2
1
3
1
7
53
48
32
7
5
2
98
14
41
1
92
21
23
7
1
2
2
1
1
4
2
10
121
3
14
3
1
45
68
20
5
15
1
120
18
10
2
4
143
7
1
3
124
7
22
1
5
98
31
10
10
67
20
20
21
17
3
4
2
37
43
2
45
19
5
1
2
136
7
7
2
2
123
26
1
1
1
1
1
78
39
2
33
2
77
54
16
4
1
2
127
9
5
9
4
55
26
70
3
140
14
142
4
2
2
1
3
110
13
30
1
89
32
16
3
8
2
1
1
1
1
2
15
95
25
5
1
6
3
1
1
50
34
56
5
3
1
4
1
25
48
69
5
4
3
105
7
37
5
85
61
3
4
1
76
55
18
1
2
2
97
37
9
3
5
3
102
38
13
1
74
51
20
7
1
1
4
39
100
11
147
2
5
82
56
15
1
67
77
5
5
78
58
17
1
119
13
17
3
1
1
77
6
63
7
1
44
7
8
95
141
6
2
4
1
39
72
19
21
2
1
142
10
1
1
29
112
1
9
1
1
1
12
134
1
2
4
1
132
13
6
3
83
25
43
3
107
18
27
2
116
10
13
13
1
1
103
13
20
1
12
5
70
29
37
4
9
3
2
64
38
24
28
71
55
11
4
13
62
70
19
2
1
102
43
1
7
1
55
61
10
5
14
3
6
51
65
6
2
30
46
108
87
22
19
17
5
2
2
87
66
1
121
18
6
3
1
3
2
144
6
1
2
1
114
20
1
10
8
1
86
29
17
18
2
2
129
21
1
3
113
8
25
6
2
13
61
56
15
2
2
1
2
1
1
45
79
25
4
1
116
25
8
2
2
1
24
99
22
4
4
1
12
8
87
13
23
6
2
3
119
20
1
8
2
1
3
78
34
9
10
7
10
6
125
8
6
10
5
154
144
9
1
56
71
15
8
3
1
22
75
30
23
4
23
36
47
17
25
6
105
10
13
20
4
1
1
112
14
2
1
6
11
8
40
12
34
10
16
37
4
1
17
123
3
3
7
1
12
15
74
36
16
1
126
2
18
1
7
59
1
17
68
4
1
2
2
130
23
1
117
26
7
3
1
72
76
1
2
3
85
13
39
14
2
1
29
27
83
1
11
3
18
43
12
72
4
2
2
1
19
120
1
9
2
1
1
1
45
20
34
32
14
5
2
1
1
27
57
3
62
2
2
1
147
6
1
84
7
16
6
4
16
14
1
1
4
1
32
71
46
3
2
84
25
24
18
1
2
65
74
9
1
2
2
1
63
56
7
6
11
7
2
2
135
6
10
1
1
1
112
35
6
1
3
20
111
11
6
2
1
113
21
13
1
2
3
1
40
93
18
1
1
1
10
74
4
29
23
2
8
2
2
150
4
16
45
46
37
6
2
2
95
56
2
1
91
8
54
1
117
19
10
8
48
72
10
24
16
25
2
25
63
2
7
5
5
4
153
1
81
13
5
4
41
7
3
98
21
8
22
2
2
1
54
10
68
16
1
2
1
2
101
34
1
7
10
1
26
92
19
15
1
1
14
128
11
1
154
108
26
3
4
9
2
1
1
128
10
2
11
3
149
4
1
51
101
2
81
46
15
6
4
1
1
31
98
1
7
17
54
60
19
12
7
2
33
78
11
9
5
16
1
1
133
9
9
1
2
121
21
10
2
68
38
44
2
1
1
128
5
18
1
2
134
16
2
2
134
12
2
3
2
1
145
8
1
108
1
31
2
4
6
1
1
73
73
5
3
149
4
1
146
4
1
1
2
122
23
6
2
1
56
30
12
20
21
13
2
116
26
8
2
1
1
12
118
19
5
26
94
29
2
2
1
103
44
3
3
1
88
5
22
15
22
2
97
6
33
5
9
3
1
22
56
44
31
1
101
38
6
9
84
10
45
5
1
4
3
2
17
19
55
1
21
28
12
1
128
8
8
4
4
2
82
60
5
4
2
1
138
4
8
3
1
98
26
16
4
6
1
3
32
118
4
63
37
37
16
1
147
4
1
2
113
6
16
11
6
2
128
18
3
5
45
99
5
3
2
135
10
3
1
2
2
1
85
52
8
9
30
46
42
36
26
26
26
14
48
11
3
17
80
45
2
2
4
1
1
1
1
144
3
6
1
145
7
1
1
65
33
13
19
18
6
65
82
7
18
54
9
3
61
7
2
46
54
35
3
15
1
95
15
34
9
1
84
61
9
142
3
4
3
1
1
111
20
22
1
90
60
3
1
122
31
1
100
44
9
1
150
3
1
132
11
9
2
74
51
12
13
4
66
14
73
1
102
30
4
14
3
1
19
6
119
3
3
3
1
71
80
3
84
54
10
6
143
10
1
8
146
104
50
137
6
9
2
22
25
13
1
38
19
8
9
2
17
148
1
5
75
15
16
16
20
3
3
4
2
119
8
15
3
3
1
2
1
1
1
133
14
3
4
136
7
9
2
143
2
8
1
10
64
26
41
13
36
92
23
1
1
1
152
2
34
69
21
19
8
1
2
135
14
1
3
1
123
16
2
13
114
13
9
5
8
2
3
94
19
39
1
1
95
40
19
67
55
2
8
8
11
2
1
83
31
32
3
1
3
1
144
9
1
43
104
3
4
145
4
2
1
1
1
56
75
20
2
1
112
2
34
1
4
1
4
126
24
149
4
1
51
100
3
78
48
5
15
6
1
1
85
17
41
6
4
1
11
86
31
1
5
6
5
6
3
16
30
21
84
2
1
74
68
1
8
2
1
105
37
11
1
89
24
13
18
6
1
2
1
115
36
2
1
75
78
1
136
14
2
1
1
42
1
58
35
7
8
2
1
57
59
31
4
3
42
69
22
21
3
86
50
5
2
2
3
2
1
108
8
28
2
3
2
2
1
130
4
10
9
1
136
14
3
1
124
29
1
123
1
30
95
31
3
14
1
6
2
2
22
61
23
16
10
17
3
2
86
60
2
1
2
3
82
42
15
14
1
150
2
2
103
42
1
7
1
60
35
49
9
1
129
17
7
1
31
114
3
6
12
41
35
59
3
4
26
27
32
5
59
4
1
36
8
28
9
53
1
1
11
2
1
3
1
125
5
2
1
3
12
3
1
2
55
20
78
1
49
58
24
5
15
1
2
112
14
9
16
2
1
112
31
4
7
104
26
3
8
9
2
1
1
55
37
7
7
7
14
17
2
8
140
5
6
1
1
1
135
8
7
4
56
90
7
1
146
5
1
1
1
115
33
1
1
3
1
109
2
12
27
1
3
71
38
17
17
2
1
1
3
3
1
102
7
27
2
11
4
1
110
39
4
1
95
37
2
5
15
81
67
6
16
126
3
4
1
2
2
24
2
39
79
7
2
1
130
23
1
33
22
60
10
22
1
2
2
1
1
153
1
54
15
2
39
15
24
1
1
2
1
28
99
4
12
8
2
1
21
7
14
5
39
5
62
1
103
49
2
25
43
22
12
26
1
25
73
73
8
138
9
2
5
62
2
83
7
95
14
30
10
2
3
109
10
6
15
2
1
10
1
131
7
2
13
1
70
83
1
13
128
5
3
3
1
1
16
95
18
13
1
10
1
28
7
74
39
2
2
1
1
123
15
11
3
2
107
23
17
4
1
1
1
112
40
1
1
24
57
73
25
88
33
5
1
2
75
6
27
22
5
10
4
4
1
76
54
4
20
102
31
15
2
3
1
3
55
39
54
3
131
5
12
2
2
2
78
28
4
18
24
1
1
3
130
3
6
3
9
132
1
6
15
153
1
128
12
9
2
1
2
145
3
5
1
44
17
73
16
4
112
26
14
2
66
52
2
27
1
2
4
58
15
44
5
28
3
1
113
31
9
1
15
119
19
1
121
6
13
12
2
93
53
8
92
1
18
2
30
5
6
37
107
6
1
2
1
50
65
25
4
10
107
20
9
14
1
3
99
9
40
3
2
1
44
13
94
3
119
31
1
1
2
36
71
21
10
15
1
133
1
16
1
3
28
122
4
26
96
18
5
1
4
1
1
2
17
33
59
20
6
3
5
2
6
3
54
29
45
6
11
3
1
2
3
3
85
63
3
38
86
6
17
5
2
148
2
4
15
84
50
1
3
1
14
31
93
6
2
6
1
1
81
64
3
5
1
88
55
10
1
131
23
67
79
4
3
1
135
16
1
1
1
141
2
10
1
133
5
7
7
1
1
62
80
2
9
1
23
43
55
26
7
30
16
4
78
23
2
1
104
20
29
1
150
4
95
20
1
5
18
3
10
1
1
134
9
3
6
1
1
115
15
21
1
2
135
18
1
111
34
3
3
1
1
1
73
45
19
9
7
1
15
24
86
2
12
13
2
1
51
26
68
8
109
20
1
15
7
2
89
18
13
21
7
1
5
94
34
3
14
2
4
3
121
25
5
1
2
83
65
3
2
1
121
23
3
7
64
9
72
4
4
1
39
51
15
16
19
6
4
3
1
113
14
8
19
9
77
44
18
4
2
1
3
144
4
1
1
98
4
2
26
3
13
5
3
100
19
22
2
6
1
2
2
35
46
36
1
5
8
17
2
3
1
20
123
3
5
3
18
108
15
2
2
4
2
3
98
31
25
14
25
40
53
22
4
82
53
11
3
1
83
70
1
41
16
56
8
8
20
5
104
2
44
4
76
63
12
2
1
135
6
8
5
87
22
36
1
3
3
1
1
80
56
2
16
49
43
29
14
15
3
1
116
9
8
3
4
4
2
2
6
6
27
6
1
47
61
1
5
146
8
154
125
25
3
1
82
52
16
3
1
85
56
7
2
1
3
147
2
2
3
21
16
64
10
9
30
4
141
8
2
2
1
28
2
102
17
1
2
1
1
5
90
2
32
7
3
5
9
1
17
22
43
17
28
20
7
35
16
9
30
50
8
5
1
2
102
1
7
11
30
1
64
41
18
28
1
2
32
56
24
42
12
131
4
5
2
102
22
1
22
4
3
99
16
36
1
1
1
69
84
1
153
1
153
1
21
86
9
18
7
1
8
2
1
1
44
80
16
7
7
74
33
33
13
1
95
24
22
5
5
2
1
25
2
109
14
4
113
21
3
13
3
1
49
85
8
12
38
15
99
2
20
11
63
49
7
1
1
2
132
5
10
2
1
2
1
1
37
14
28
34
9
19
10
1
1
1
109
26
11
2
4
1
1
123
31
28
50
56
13
5
1
1
109
43
1
1
154
98
45
3
3
4
1
11
118
16
9
8
40
27
36
40
2
1
31
18
71
7
10
1
11
5
129
1
4
17
2
1
Number of elements: 2725
