Bin size: 249
Num of Bins: 383
242
3
1
1
2
27
114
97
6
5
230
4
2
4
8
1
85
85
67
6
6
197
5
5
8
24
3
5
1
1
78
150
10
6
2
2
1
215
7
19
3
1
3
1
239
9
1
164
74
2
7
2
248
1
216
28
2
1
2
88
23
18
5
43
65
2
2
2
1
144
103
2
230
16
3
139
16
46
1
2
44
1
212
29
4
1
3
223
25
1
136
17
14
28
26
5
5
4
11
2
1
179
70
19
156
36
26
8
1
2
1
120
84
24
20
1
4
106
119
16
3
1
35
104
86
24
176
53
19
1
45
183
7
2
1
1
9
1
123
46
4
34
11
13
6
9
3
236
1
9
1
2
13
192
9
10
18
7
151
96
1
1
224
18
4
1
1
1
106
102
12
27
2
157
56
18
15
1
1
1
121
15
40
47
18
7
1
92
137
4
4
12
121
10
85
26
6
1
42
76
91
22
11
4
3
148
68
8
23
1
1
230
10
3
5
1
76
47
100
8
11
7
102
66
69
11
1
184
46
7
2
8
1
1
151
61
9
24
1
1
2
96
90
26
16
17
3
1
246
2
1
54
194
1
237
3
8
1
93
17
114
16
4
5
230
19
92
156
1
214
13
4
2
1
12
1
2
203
31
1
6
5
2
1
198
19
18
14
200
31
11
4
3
73
50
24
90
9
1
1
1
120
100
14
2
10
2
1
40
8
18
109
31
4
5
11
3
20
96
58
37
17
39
2
142
78
28
1
200
5
5
35
3
1
106
96
38
2
2
5
160
33
2
30
6
6
4
8
148
24
57
9
9
2
135
18
7
35
41
10
1
2
135
10
33
39
9
14
5
3
1
28
198
19
3
1
77
78
77
6
1
9
1
182
31
34
2
238
3
7
1
22
181
38
8
222
18
9
20
25
144
46
7
3
3
1
239
10
194
20
27
1
7
48
144
35
7
3
1
7
2
2
248
1
28
15
170
19
2
5
10
184
58
1
1
3
1
1
119
86
8
13
11
7
1
4
67
152
19
1
5
2
2
1
149
49
8
23
5
1
14
166
48
6
1
28
83
83
3
21
32
12
4
5
2
2
2
81
56
32
55
18
6
1
36
117
87
2
4
2
1
70
137
12
11
5
2
8
2
2
149
67
20
8
1
2
2
65
153
13
17
1
97
34
44
15
15
33
6
2
2
1
7
212
25
4
1
15
222
9
2
1
138
105
5
1
220
25
4
145
25
73
4
2
61
119
21
5
12
24
7
239
7
1
1
1
242
5
1
1
81
146
19
3
5
14
2
95
95
27
3
8
203
43
3
167
48
21
4
2
1
6
128
107
14
113
87
33
13
2
1
211
9
13
14
1
1
224
20
2
1
2
115
10
42
22
29
16
15
183
28
28
8
1
1
54
37
55
49
11
25
13
2
2
1
216
9
22
1
1
212
17
18
2
117
49
1
48
20
6
8
229
13
1
4
1
1
156
52
33
4
4
80
149
9
8
2
1
104
51
76
5
9
1
1
2
232
10
1
3
2
1
21
18
185
1
14
9
1
163
16
50
4
3
2
8
3
23
196
28
1
1
43
192
4
1
1
5
3
114
119
11
4
1
213
3
10
17
2
2
1
1
208
40
1
243
3
2
1
43
109
5
49
27
5
8
2
1
227
10
11
1
205
2
37
1
2
2
157
10
26
25
22
9
234
9
6
159
36
28
21
5
142
44
42
8
11
2
118
128
1
1
1
230
19
68
67
97
7
1
9
31
178
11
12
6
10
1
63
101
14
9
59
2
1
41
65
105
21
5
10
2
127
101
17
3
1
10
136
38
21
13
23
1
7
195
15
3
16
11
8
1
229
19
1
198
5
30
11
1
2
2
220
14
5
7
3
220
17
5
3
4
93
86
63
1
6
161
3
6
56
16
5
2
217
24
2
6
115
54
66
9
4
1
216
18
14
1
27
92
52
41
21
10
4
1
1
11
193
1
25
11
8
27
113
17
47
23
16
5
1
129
69
6
9
32
1
3
67
60
27
8
83
2
1
1
141
1
7
65
3
17
7
1
6
1
2
5
36
9
183
12
2
40
15
91
85
16
1
1
35
52
51
49
25
18
4
3
7
4
1
165
77
4
2
1
74
136
18
3
15
2
1
10
179
23
2
28
6
1
158
3
88
93
52
17
24
14
45
4
88
19
30
60
16
12
14
2
7
1
97
43
13
79
3
2
12
45
9
57
52
77
2
6
1
107
111
26
4
1
14
183
12
27
11
1
1
94
46
13
84
7
5
20
181
24
20
3
1
198
9
8
13
16
4
1
33
213
3
231
15
2
1
122
27
77
19
1
2
1
14
97
113
13
4
2
1
4
1
164
64
6
12
3
178
49
9
4
7
1
1
27
84
126
4
6
1
1
34
209
3
2
1
155
67
25
2
154
35
14
12
10
18
2
3
1
123
113
5
8
197
9
7
25
8
3
223
15
4
6
1
85
99
43
7
8
7
184
32
15
14
3
1
56
74
20
28
16
39
15
1
45
77
8
36
34
46
3
57
187
5
225
14
5
3
2
36
177
9
12
10
3
2
89
20
27
68
9
23
13
18
82
25
54
5
34
3
13
5
5
4
1
215
24
2
8
19
149
41
24
16
143
3
2
39
12
30
1
5
3
9
2
44
40
101
11
34
13
3
3
241
8
203
6
5
26
7
2
15
8
171
16
29
7
2
1
89
50
12
8
13
27
2
45
3
223
25
1
145
6
15
23
49
4
7
59
183
4
3
173
46
2
20
5
3
234
6
5
3
1
167
74
5
1
1
1
127
14
31
71
1
3
2
51
139
11
17
30
1
120
83
45
1
114
111
20
4
216
22
6
4
1
86
20
62
79
1
1
150
49
43
1
6
243
3
2
1
47
106
81
13
2
94
51
52
30
18
4
103
61
27
31
20
2
2
2
1
44
153
47
1
4
171
28
25
11
12
2
113
66
48
22
197
41
8
3
203
18
5
17
4
2
153
52
29
9
3
1
1
1
102
20
38
12
34
38
3
1
1
38
168
42
1
99
70
18
7
42
5
2
4
2
58
190
1
140
28
30
18
6
14
3
3
2
1
3
1
209
27
11
2
241
2
6
30
190
28
1
179
68
2
223
14
3
7
2
166
50
12
8
9
2
1
1
79
27
1
84
39
7
6
2
4
241
5
1
1
1
49
139
53
4
2
2
143
82
24
209
22
14
2
2
202
2
29
1
11
1
2
1
27
124
65
32
1
234
3
1
7
3
1
7
14
80
86
26
19
9
4
4
33
132
19
28
23
11
1
2
123
86
31
2
7
76
152
2
15
4
29
81
120
14
1
4
78
115
8
38
7
2
1
26
155
61
1
2
3
1
247
1
1
171
6
20
49
3
126
48
21
4
8
37
3
1
1
20
116
4
95
8
6
43
119
17
24
15
5
13
10
2
1
106
31
10
3
66
4
8
19
1
1
119
82
33
10
4
1
198
9
34
1
6
1
23
103
84
13
21
4
1
224
15
10
64
173
3
9
237
3
8
1
234
11
3
1
116
32
92
5
2
1
1
88
134
3
14
8
1
1
164
20
47
16
2
2
163
47
3
6
23
3
2
78
21
63
60
14
12
1
9
173
6
9
29
17
1
2
2
1
247
2
127
44
4
71
1
2
50
115
24
43
11
4
1
1
97
130
13
7
1
1
143
35
25
29
16
1
125
114
9
1
80
63
100
2
2
2
92
23
39
36
51
1
3
2
1
1
232
11
4
2
110
36
4
53
3
3
13
20
4
1
2
109
110
16
11
3
12
92
66
75
4
7
97
53
54
4
27
6
1
50
42
64
93
36
76
1
107
19
5
2
1
1
1
4
157
11
16
57
4
161
47
4
27
5
4
1
197
36
1
10
1
2
2
225
14
6
2
1
1
202
22
2
11
8
4
141
97
4
7
111
67
45
14
11
1
142
102
3
1
1
208
25
11
3
1
1
118
2
119
3
4
2
1
91
48
33
26
35
9
4
2
1
69
101
3
67
9
68
108
23
49
1
90
75
47
2
2
33
200
46
1
2
28
103
57
32
6
17
3
2
1
59
136
31
2
18
2
1
46
180
15
4
2
2
23
100
119
6
1
156
31
48
14
100
62
19
22
15
18
8
1
3
1
63
9
129
3
13
8
10
4
5
3
2
16
140
32
50
2
8
1
148
7
43
8
21
19
1
1
1
97
63
87
2
140
100
2
2
3
2
162
52
6
3
20
5
1
86
163
215
22
9
1
2
205
5
15
8
16
231
5
6
7
249
206
13
26
2
2
98
29
46
48
2
7
9
8
2
73
35
71
69
1
206
3
4
7
27
2
114
8
65
12
12
36
2
101
91
17
34
6
15
234
125
122
2
160
65
10
12
2
30
8
14
23
63
14
35
38
12
9
2
1
222
1
23
1
2
82
106
53
1
2
1
3
1
6
17
59
109
48
5
4
1
15
42
64
37
3
6
67
1
9
3
2
239
6
3
1
88
130
25
2
1
3
218
18
4
2
3
3
1
201
35
1
7
5
104
62
15
45
14
5
1
2
1
205
1
15
1
4
12
6
5
32
157
24
33
2
1
237
3
5
2
1
1
208
3
7
2
1
10
1
15
1
1
41
9
86
55
46
7
3
2
114
39
48
43
3
1
1
130
7
16
86
1
7
1
1
188
13
46
1
1
172
73
2
2
167
25
40
17
120
17
101
10
1
120
77
5
14
30
3
212
32
2
2
1
97
7
113
22
3
2
3
1
1
15
200
28
3
3
46
57
109
17
11
4
2
3
200
36
12
1
44
124
1
63
6
5
3
2
1
181
65
3
188
11
14
26
7
2
1
209
40
46
94
88
15
5
1
171
70
2
5
1
19
175
22
18
4
1
3
5
2
235
3
8
2
1
55
14
99
20
21
9
8
20
1
2
118
3
90
16
13
3
6
40
84
91
11
19
1
3
56
151
28
3
7
2
1
1
195
41
7
1
4
1
175
4
24
23
7
12
2
1
1
105
99
34
3
6
2
102
87
58
2
76
109
1
43
12
7
1
72
108
62
5
1
1
201
7
41
67
16
142
18
4
1
1
14
177
30
2
9
1
11
1
4
61
74
83
29
2
249
241
3
1
2
1
1
94
115
29
6
1
1
1
2
123
63
32
2
24
3
1
1
217
13
17
1
1
123
110
8
5
3
178
54
5
3
4
3
2
230
7
8
4
24
175
22
25
2
1
33
216
Number of elements: 2317
