Bin size: 177
Num of Bins: 447
160
7
9
1
175
1
1
47
18
54
50
2
3
2
1
40
70
61
6
25
58
88
1
2
3
15
159
2
1
10
1
100
38
9
9
7
3
103
55
12
7
41
20
101
1
8
3
2
1
14
18
37
64
43
1
8
116
40
13
158
17
1
1
37
94
25
13
5
2
1
53
85
9
9
11
2
2
3
1
1
1
57
62
51
7
26
17
117
11
3
1
2
143
11
14
9
56
46
36
23
1
13
2
22
47
63
23
10
12
33
60
19
42
1
13
1
1
7
3
68
93
8
5
103
15
28
12
1
7
8
3
56
13
40
21
8
10
23
2
2
1
1
39
130
8
149
23
1
2
1
1
147
9
11
9
1
51
106
17
3
177
83
79
1
6
7
1
165
1
10
1
58
70
15
14
16
2
2
91
18
62
4
2
116
21
22
5
5
7
1
86
44
20
27
8
24
42
99
3
1
157
9
4
2
4
1
139
25
2
8
2
1
173
4
59
45
60
12
1
25
114
6
14
16
2
165
4
8
10
5
17
29
93
19
1
1
1
1
158
1
11
6
1
170
1
2
4
100
34
34
7
2
48
39
79
6
1
4
120
40
8
8
1
160
8
6
2
1
63
64
21
12
4
13
132
29
13
1
2
23
122
2
29
1
177
52
125
25
75
25
45
4
1
2
157
7
2
10
1
84
52
30
2
5
3
1
107
66
3
1
171
6
97
25
15
5
18
15
2
177
25
13
23
50
65
1
65
35
14
34
1
1
19
8
18
37
34
7
65
1
8
2
2
2
1
167
2
3
5
107
25
2
35
2
3
2
1
139
14
7
13
1
3
136
29
6
6
91
48
30
7
1
78
16
12
59
6
4
1
1
65
109
2
1
17
142
9
9
164
9
4
107
11
35
4
15
3
2
83
56
3
1
18
2
2
6
4
1
1
7
166
3
1
81
36
47
2
9
1
1
177
56
15
87
9
3
6
1
48
9
82
19
16
2
1
160
3
13
1
23
10
91
11
32
3
1
4
1
1
78
26
8
17
13
15
9
5
4
2
37
44
16
62
13
2
3
22
107
32
14
1
1
34
141
1
1
13
15
18
87
19
25
141
29
6
1
105
55
7
6
2
1
1
143
18
4
7
3
2
174
2
1
169
5
3
31
37
7
34
62
3
2
1
51
112
10
3
1
149
5
20
2
1
82
19
8
65
3
71
16
28
10
31
10
2
9
122
24
30
1
119
21
31
2
4
170
4
2
1
150
27
66
77
27
1
6
49
95
7
8
10
5
3
174
3
58
28
80
10
1
149
27
1
22
38
27
71
4
7
3
2
3
19
36
52
1
48
12
1
5
2
1
160
13
2
1
1
84
45
28
6
11
1
1
1
88
86
1
2
4
47
9
93
2
8
8
6
8
109
60
66
60
14
1
7
3
14
2
10
143
32
2
123
42
11
1
147
8
19
1
2
159
14
4
174
1
2
56
107
3
1
10
21
95
17
34
1
4
4
1
99
12
42
20
4
155
8
13
1
172
2
3
79
33
15
44
6
176
1
19
81
10
59
2
2
1
3
17
127
20
4
4
3
2
5
149
8
2
9
1
2
1
118
59
47
126
2
2
148
29
8
123
13
28
2
3
136
40
1
130
14
18
13
1
1
82
70
5
11
1
3
5
136
8
19
6
8
133
35
3
5
1
121
8
37
1
6
4
23
14
51
62
3
20
2
1
1
95
33
41
6
1
1
77
34
63
1
1
1
88
11
36
41
1
161
10
3
2
1
92
65
20
115
33
24
1
3
1
66
99
12
160
11
5
1
98
4
25
14
8
23
3
2
99
42
28
3
1
4
136
24
9
2
2
2
2
147
13
8
9
159
18
158
1
18
50
115
4
4
3
1
33
115
28
1
170
5
1
1
43
78
26
14
4
12
59
20
69
4
11
5
2
7
43
36
13
60
5
6
13
1
9
4
161
3
62
31
17
4
24
7
19
6
2
5
170
6
1
101
25
19
23
1
6
1
1
57
66
53
1
98
17
10
32
5
8
7
155
8
2
1
3
1
3
3
1
7
163
5
2
30
82
31
28
2
2
1
1
146
9
12
3
4
2
1
66
88
7
10
4
2
38
116
17
1
4
1
1
1
153
6
7
7
2
12
72
3
56
20
14
89
39
37
12
65
57
39
7
5
1
1
2
49
39
28
20
13
12
6
4
2
3
1
21
31
46
41
12
2
1
1
4
13
2
1
1
1
152
15
4
6
15
50
89
14
4
2
2
1
88
79
9
1
134
42
1
45
5
122
4
1
130
12
10
8
15
1
1
90
37
21
18
9
1
1
152
24
1
108
8
30
25
5
1
75
77
3
14
6
2
136
38
1
2
166
10
1
140
4
33
70
55
9
4
19
17
1
2
155
15
6
1
69
19
9
78
2
68
69
24
11
1
1
2
1
163
14
23
103
22
23
3
2
1
69
17
46
9
36
127
19
8
10
2
3
2
6
161
4
12
34
14
31
62
5
21
3
7
70
48
1
44
14
163
1
8
5
13
85
76
1
2
120
13
15
4
14
1
8
1
1
10
152
4
4
1
4
2
120
54
1
1
1
87
34
42
12
2
10
7
125
3
32
47
91
22
17
66
20
78
8
2
1
2
98
53
3
3
9
3
8
117
25
32
1
1
1
95
78
4
68
45
62
2
127
20
15
15
131
7
15
18
5
1
34
126
16
1
136
24
1
9
6
1
139
21
6
5
4
1
1
126
35
2
3
2
1
4
1
2
1
48
47
69
3
9
1
126
16
15
17
1
1
1
4
128
14
9
15
3
2
2
113
16
20
11
3
13
1
155
9
11
1
1
33
13
58
18
48
1
4
2
70
96
5
1
5
152
23
1
1
163
11
2
1
10
143
19
4
1
102
71
3
1
67
27
67
6
1
4
5
45
44
18
61
4
2
2
1
83
17
36
19
14
4
1
3
135
9
9
23
1
95
27
1
34
18
1
1
152
23
2
72
7
73
25
134
20
17
2
3
1
24
147
5
1
142
12
23
103
9
56
3
4
2
28
137
10
2
103
59
14
1
115
44
4
12
2
148
25
4
23
45
9
51
39
4
1
3
2
52
19
53
8
38
1
3
1
2
177
33
79
37
23
5
146
1
6
20
2
1
1
128
47
2
155
4
4
8
2
3
1
83
59
14
8
1
4
6
2
37
137
3
41
113
20
1
2
124
45
6
1
1
106
57
12
1
1
112
1
38
12
5
6
1
2
53
74
48
1
1
103
13
13
32
11
4
1
84
92
1
89
9
36
18
18
5
2
40
100
11
23
3
83
56
8
18
7
3
1
1
11
91
49
6
13
6
1
124
19
2
6
20
5
1
63
56
1
34
12
10
1
50
124
2
1
124
15
8
27
1
2
10
134
1
2
8
13
3
1
5
23
116
17
6
6
8
1
68
101
3
3
1
1
17
10
143
3
1
1
1
1
16
20
79
33
23
4
2
126
20
5
13
11
1
1
138
24
13
2
8
158
10
1
28
30
18
42
44
7
4
3
1
8
79
26
38
20
1
3
1
1
129
2
29
13
1
3
76
58
2
18
14
9
47
130
81
66
24
3
2
1
44
127
6
167
3
2
2
3
88
14
71
3
1
100
46
10
9
3
6
3
148
3
9
2
12
3
87
77
6
6
1
21
29
37
41
12
20
11
5
1
145
1
4
25
1
1
141
18
7
9
2
133
35
3
2
3
1
68
105
2
2
44
31
79
2
4
3
10
1
1
2
69
50
21
4
19
12
1
1
92
31
1
14
38
1
80
80
3
14
51
25
15
13
70
1
1
1
63
4
31
43
8
11
10
7
81
84
5
6
1
105
42
7
9
1
7
6
52
30
34
30
31
147
26
2
1
1
26
61
66
24
31
109
10
17
5
3
1
1
125
4
35
4
3
6
116
35
8
17
1
46
43
42
40
4
2
21
12
57
60
14
7
1
2
2
1
38
139
74
69
5
11
15
3
112
57
7
1
20
142
6
5
1
3
46
87
38
6
33
40
94
7
1
1
1
12
113
7
34
1
1
9
50
77
45
3
2
165
11
1
110
63
4
176
1
61
93
3
7
1
1
4
5
1
1
172
1
3
1
50
98
6
7
8
4
3
1
39
134
1
2
1
144
15
3
9
3
3
54
89
16
4
6
8
138
8
31
112
20
25
16
4
134
40
2
1
105
27
10
34
1
37
43
44
30
15
5
3
88
82
1
6
148
27
1
1
117
21
33
4
2
1
140
20
6
10
161
7
1
8
50
7
16
89
9
3
2
1
27
14
69
43
22
2
111
26
29
10
1
153
18
6
65
94
10
6
2
144
21
3
5
1
1
1
1
167
4
6
122
10
8
33
2
2
172
2
3
70
26
53
16
11
1
24
11
120
3
7
3
7
2
96
41
20
9
5
1
3
2
60
9
31
33
39
2
2
1
133
3
1
34
4
1
1
27
105
11
13
12
5
2
2
78
22
21
37
16
1
1
1
12
108
27
21
1
2
4
2
125
9
13
11
3
4
1
5
6
90
7
7
5
33
17
11
1
2
4
60
68
9
25
9
1
5
58
42
17
27
9
6
8
4
1
3
2
135
31
1
2
6
2
21
54
98
2
1
1
47
49
76
2
3
64
27
7
46
19
13
1
77
61
34
1
4
50
83
8
18
10
7
1
45
30
33
49
4
3
11
1
1
72
89
3
5
5
3
72
41
42
18
3
1
18
17
131
11
177
21
71
13
5
49
8
10
137
36
3
1
135
25
12
4
1
23
100
22
21
6
5
72
96
4
2
3
84
11
54
3
5
10
5
3
2
114
46
8
2
1
2
4
54
8
8
19
28
19
12
12
15
2
54
44
16
29
16
14
1
3
46
93
19
19
72
10
15
36
12
29
2
1
124
3
31
18
1
168
5
3
1
23
137
5
6
1
4
1
124
48
4
1
103
13
39
13
3
6
78
26
71
1
1
39
36
75
26
1
66
68
36
1
1
1
4
111
65
1
167
6
1
2
1
148
27
2
42
84
4
45
2
2
109
20
26
7
8
5
169
7
1
79
32
57
9
84
53
8
28
4
63
70
24
1
7
5
7
10
94
38
25
9
1
39
38
74
1
24
1
151
2
17
7
130
11
7
17
11
1
90
79
2
4
2
73
84
7
12
1
119
44
10
3
1
90
2
84
1
74
19
78
4
2
60
28
25
1
11
1
22
22
3
3
1
132
25
18
1
1
119
7
28
6
1
1
1
13
1
136
24
1
7
1
6
2
133
2
5
35
2
121
28
4
10
6
5
3
23
102
37
10
1
4
78
36
7
46
3
7
27
117
23
10
163
11
2
1
21
109
26
20
1
57
41
21
10
28
9
1
6
3
1
144
12
18
3
55
30
52
39
1
137
32
8
49
93
26
2
4
3
51
43
39
5
11
25
3
143
7
4
6
17
62
110
4
1
77
97
1
1
1
161
9
3
4
2
17
97
10
9
6
5
25
2
1
3
23
109
28
13
4
29
118
28
2
127
30
4
3
1
10
1
1
172
3
2
79
14
28
26
7
1
6
7
7
2
86
32
24
14
4
4
10
2
1
133
5
18
7
2
12
84
54
22
1
12
3
1
47
127
3
145
18
7
1
5
1
174
3
32
100
42
1
2
176
1
3
70
57
16
24
4
1
1
1
31
64
11
14
22
4
25
4
2
169
8
118
29
4
5
18
1
2
118
31
28
Number of elements: 2536
