Bin size: 119
Num of Bins: 481
30
6
25
26
21
7
4
100
4
3
5
7
94
14
5
5
1
75
39
5
53
39
5
15
2
2
2
1
31
65
22
1
14
99
1
3
1
1
49
50
14
6
82
19
14
2
2
41
2
6
31
16
19
3
1
82
1
19
4
3
5
3
2
34
22
49
4
3
5
2
109
3
2
2
1
1
1
69
22
20
6
1
1
26
25
12
36
18
1
1
56
8
41
10
1
3
6
98
6
7
2
111
3
5
67
40
8
4
52
16
11
26
4
8
1
1
15
25
32
15
8
15
4
1
4
10
109
19
57
25
3
11
2
1
1
56
37
11
2
7
1
1
1
1
1
1
100
6
3
1
4
2
2
1
95
7
15
2
22
44
51
1
1
27
32
9
5
15
31
113
3
2
1
19
71
19
10
116
1
2
72
41
6
2
18
68
30
1
28
15
65
2
2
2
5
65
13
36
1
2
2
36
26
18
28
11
90
25
2
2
93
17
9
31
37
7
1
11
15
17
89
8
6
11
5
41
51
22
5
28
37
49
2
1
2
10
98
9
2
5
32
16
28
11
15
9
2
1
47
50
8
12
1
1
88
19
5
6
1
88
14
4
7
2
3
1
111
4
4
82
20
12
2
2
1
84
3
20
12
80
12
7
10
1
5
1
3
65
37
10
2
5
95
12
9
1
2
97
1
17
3
1
84
8
16
5
4
2
45
69
5
40
34
44
1
111
2
2
1
2
1
119
77
30
12
27
30
19
19
20
3
1
95
2
2
16
1
1
2
30
48
40
1
64
30
5
18
2
34
59
6
12
3
5
7
22
84
6
2
24
83
9
1
102
10
7
101
9
5
1
3
99
4
8
7
1
8
107
4
37
49
25
3
3
2
61
35
16
3
3
1
97
5
8
9
81
27
10
1
60
29
18
7
4
1
99
7
6
1
1
5
69
20
26
1
3
55
63
1
95
8
4
2
2
1
5
1
1
19
93
2
2
3
15
12
59
9
19
4
1
117
1
1
49
40
8
16
6
39
73
3
4
96
11
6
4
1
1
74
13
21
7
3
1
70
42
2
1
2
1
1
67
34
9
2
6
1
75
42
2
104
9
5
1
60
29
19
3
5
1
1
1
42
16
4
24
2
28
3
61
34
15
1
5
1
1
1
56
6
24
21
10
2
58
20
2
36
1
1
1
8
102
6
3
112
4
3
7
32
2
43
4
8
18
4
1
65
40
4
3
5
1
1
44
24
29
13
1
2
5
1
59
16
15
5
9
13
1
1
87
18
13
1
49
25
41
2
1
1
74
2
36
3
3
1
19
22
77
1
37
78
2
1
1
52
57
4
6
88
11
15
2
1
1
1
51
53
2
10
2
1
36
11
43
3
3
4
9
4
5
1
57
41
8
5
3
5
85
10
16
3
4
1
106
8
1
4
46
44
11
10
2
3
2
1
20
9
43
17
1
7
9
7
6
116
3
119
92
10
10
1
1
3
2
97
14
3
3
1
1
85
29
5
81
24
4
10
53
52
4
6
2
2
74
41
2
1
1
60
18
27
6
1
6
1
40
52
25
1
1
83
31
4
1
110
1
2
6
27
76
9
3
1
1
1
1
33
84
2
103
16
11
33
55
19
1
82
16
9
10
2
59
51
3
3
2
1
54
41
1
9
10
1
2
1
103
13
3
94
3
17
5
110
8
1
19
19
29
11
37
1
2
1
94
14
10
1
113
3
1
1
1
75
4
20
12
1
4
3
97
5
9
2
4
2
60
45
14
103
14
1
1
81
11
27
79
21
7
8
3
1
82
24
5
2
5
1
106
5
2
6
75
39
1
4
104
4
4
7
24
80
13
1
1
31
83
4
1
48
25
44
1
1
9
84
13
8
3
1
1
27
41
15
3
27
6
95
8
15
1
71
37
7
2
1
1
83
26
4
3
3
15
29
32
7
16
11
9
81
2
31
3
2
84
13
18
1
2
1
60
54
2
1
2
37
81
1
3
97
3
11
2
3
66
11
31
9
1
1
77
40
2
82
2
13
3
6
4
9
102
10
4
2
1
79
6
31
1
2
77
20
20
2
72
41
6
89
12
11
2
4
1
70
46
2
1
93
13
6
2
1
3
1
37
40
30
11
1
92
23
4
15
61
2
5
15
17
1
1
2
4
59
36
6
4
10
44
71
3
1
19
33
11
8
47
1
73
7
12
15
5
7
18
48
51
1
1
56
12
7
3
2
9
7
2
16
1
2
1
1
48
53
10
2
4
1
1
52
28
27
9
3
42
19
12
32
13
1
40
76
1
2
81
6
12
1
4
5
4
5
1
98
9
5
6
1
63
13
35
3
5
106
12
1
78
28
11
2
21
11
73
3
7
3
1
29
32
48
5
2
2
1
31
85
3
22
51
12
15
12
2
3
1
1
96
21
1
1
94
7
10
4
4
77
29
4
1
1
5
1
1
41
39
11
28
112
3
2
1
1
94
12
5
3
5
31
42
34
4
8
47
72
12
92
9
2
3
1
119
20
9
49
11
27
1
2
99
3
8
2
2
2
3
50
23
45
1
68
39
12
33
53
8
1
2
20
1
1
84
4
18
10
3
10
22
54
22
3
4
2
2
62
48
8
1
43
8
26
7
7
1
8
19
42
20
49
7
1
81
15
20
1
2
114
2
2
1
95
23
1
2
94
2
3
17
1
105
8
5
1
41
69
9
15
92
6
6
36
28
27
3
25
74
25
3
14
2
1
64
32
5
8
1
4
1
3
1
21
5
75
5
5
2
3
1
2
48
43
28
3
57
11
37
3
2
3
1
2
107
11
1
29
60
6
12
3
6
2
1
114
1
1
1
1
1
12
37
33
8
9
16
3
1
93
15
3
6
2
95
23
1
42
74
3
18
57
4
12
20
4
1
2
1
51
13
41
7
5
2
85
11
23
90
29
47
62
3
2
5
112
6
1
44
51
1
21
1
1
25
90
3
1
27
67
21
3
1
55
15
20
16
9
3
1
51
33
11
10
14
19
92
6
1
1
20
63
5
23
2
6
48
62
5
3
1
67
10
37
1
2
1
1
88
23
5
2
1
119
118
1
102
6
5
5
1
91
9
11
4
3
1
25
91
1
1
1
8
107
2
1
1
68
46
3
2
110
5
2
1
1
17
45
31
11
1
12
2
71
43
1
3
1
52
47
18
1
1
76
37
5
1
4
37
31
27
16
2
2
45
26
42
6
107
8
4
97
5
16
1
37
20
53
8
1
72
2
41
2
1
1
81
25
5
6
1
1
28
75
6
6
3
1
8
15
12
51
11
3
14
1
2
2
106
2
2
4
5
94
1
19
5
65
4
26
9
6
2
6
1
5
34
57
20
3
88
20
11
25
43
2
13
7
6
4
12
6
1
112
2
5
8
61
7
6
6
18
10
2
1
110
7
2
101
1
14
2
1
19
61
24
5
1
2
2
2
2
1
58
34
8
8
7
3
1
115
2
2
32
15
18
17
23
2
12
46
14
30
9
16
3
1
42
68
3
1
4
1
115
4
9
62
33
9
1
5
101
16
2
40
3
12
30
17
6
11
83
4
17
1
13
1
70
34
7
1
2
5
20
31
32
20
4
2
9
1
16
83
18
2
75
25
9
6
1
1
1
1
115
1
2
1
55
32
30
1
1
33
29
5
24
3
24
1
84
7
10
18
14
88
14
1
1
1
88
31
93
18
4
1
2
1
95
19
5
32
79
3
3
1
1
87
19
11
1
1
10
103
5
1
19
38
24
20
6
6
2
2
2
57
52
8
1
1
72
21
16
3
3
3
1
70
34
11
1
1
1
1
82
16
18
2
1
88
4
22
3
1
1
76
3
12
24
1
1
1
1
71
37
6
1
1
1
2
111
8
110
3
3
1
2
87
23
9
78
25
1
10
3
1
1
99
7
4
8
1
93
25
1
118
1
83
5
9
13
2
6
1
33
15
10
29
3
14
15
110
2
4
2
1
25
61
4
14
3
2
1
1
5
1
1
1
17
45
45
10
1
1
105
9
5
72
28
6
5
2
2
4
2
8
90
3
2
5
7
2
104
11
4
7
38
68
4
1
1
67
40
9
3
48
26
31
12
1
1
23
38
21
15
2
17
2
1
21
14
25
58
1
58
40
11
9
1
71
10
30
1
3
2
2
79
22
5
8
2
2
1
58
17
23
21
68
19
7
7
6
11
1
46
70
3
24
91
3
1
109
4
4
1
1
89
24
6
16
64
24
7
5
2
1
87
16
3
8
1
3
1
112
2
3
1
1
46
45
26
2
9
14
28
10
7
9
1
21
11
7
1
1
15
95
9
8
99
2
1
7
2
99
4
4
11
1
50
47
14
4
1
2
1
73
41
5
86
25
4
3
1
31
47
10
5
20
5
1
25
6
55
29
3
1
55
3
44
9
4
2
1
1
66
5
29
17
1
1
118
1
25
30
64
39
26
44
1
9
25
85
6
3
79
37
2
1
76
26
12
3
1
1
12
54
37
12
4
82
25
6
4
2
70
8
39
1
1
107
9
2
1
62
11
32
4
5
3
2
71
47
1
32
40
21
9
6
9
2
5
89
4
4
9
5
2
1
85
3
24
2
1
1
1
2
48
9
19
20
21
1
1
1
57
42
7
9
2
1
44
46
26
2
1
43
11
24
23
8
5
4
1
6
83
27
1
2
62
50
3
4
41
33
19
14
5
5
1
1
2
86
26
2
1
1
1
53
6
24
16
12
7
1
77
28
10
4
62
32
15
5
4
1
35
25
29
21
8
1
57
42
9
9
1
1
31
79
8
1
90
26
3
25
53
34
3
2
1
1
15
13
82
6
3
38
56
8
5
9
2
1
8
89
2
17
2
1
67
14
33
1
4
115
1
3
11
32
39
13
8
5
5
6
80
38
1
59
43
14
2
1
38
25
7
26
21
2
49
44
10
3
13
18
24
44
10
20
1
2
85
12
21
1
87
10
2
17
1
1
1
49
68
2
30
60
11
12
3
3
68
39
12
56
10
25
2
21
2
2
1
108
11
108
6
2
2
1
33
35
46
5
51
22
10
35
1
112
2
3
1
1
1
69
46
1
1
1
11
31
28
14
22
3
2
2
3
3
119
80
5
1
16
15
2
110
4
4
1
83
8
8
16
4
34
54
20
3
5
1
1
1
19
77
14
1
5
1
1
1
111
8
69
43
3
4
49
57
10
1
2
56
29
32
1
1
101
16
1
1
103
7
8
1
50
68
1
99
10
9
1
106
1
3
8
1
82
5
27
4
1
63
12
6
29
9
50
66
2
1
52
21
44
1
1
23
31
58
7
11
46
4
48
9
1
32
46
6
28
6
1
39
30
15
2
21
8
3
1
105
12
1
1
50
52
10
2
5
25
15
30
45
2
2
100
17
2
38
79
2
112
1
4
1
1
71
23
19
6
19
92
7
1
112
2
3
2
87
30
1
1
107
8
1
1
2
3
79
36
1
15
51
40
9
1
2
1
76
42
1
110
2
2
1
2
2
52
2
45
12
7
1
66
37
9
6
1
96
4
10
2
6
1
107
1
6
5
50
36
32
1
48
71
94
7
8
7
3
39
14
31
16
16
1
2
108
6
2
2
1
64
30
10
14
1
112
7
71
31
2
11
4
2
23
17
12
63
1
1
5
41
25
23
23
1
1
10
19
30
37
14
7
1
1
108
8
2
1
8
71
3
32
1
1
2
1
93
25
1
79
5
26
4
3
2
72
18
4
12
4
2
1
6
42
50
21
6
69
19
31
63
41
11
2
2
62
57
28
4
86
1
Number of elements: 2564
