Bin size: 183
Num of Bins: 450
168
8
6
1
68
80
15
12
8
79
75
2
10
15
2
23
141
18
1
74
23
13
30
24
15
4
112
44
5
9
12
1
133
12
29
1
7
1
142
40
1
179
1
3
42
20
77
37
7
141
1
18
15
6
1
1
126
23
31
2
1
161
6
7
6
3
74
57
10
41
1
141
26
15
1
114
48
5
10
3
1
1
1
61
34
12
27
34
12
2
1
91
45
31
5
4
7
90
27
32
29
4
1
141
14
1
5
5
3
8
6
162
4
14
1
1
1
90
15
30
20
21
4
2
1
36
56
73
14
1
3
98
70
5
5
5
176
5
2
61
14
35
22
6
34
9
2
139
6
17
10
2
9
45
77
44
14
1
2
135
15
20
2
4
2
5
97
53
7
16
3
3
3
1
141
6
27
5
4
131
35
8
2
7
9
6
67
44
47
1
1
1
2
4
1
29
120
4
30
48
9
50
21
29
25
1
115
34
22
8
3
1
53
118
1
8
3
78
87
6
8
3
1
181
1
1
100
38
35
9
1
20
116
3
6
21
11
3
2
1
77
92
1
7
2
3
1
98
21
50
13
1
168
5
7
3
111
57
11
3
1
160
10
4
7
2
67
52
26
24
13
1
1
135
29
1
9
2
5
1
53
57
56
8
3
6
177
4
1
1
173
7
1
2
148
5
13
3
8
4
1
1
64
95
14
1
4
3
2
98
67
18
138
43
1
1
31
86
41
20
1
4
183
33
21
76
6
36
8
1
1
1
123
47
6
7
47
100
27
1
8
78
34
4
24
21
14
5
1
1
1
156
17
5
5
38
104
33
8
157
16
6
4
158
1
13
6
5
65
17
55
8
10
7
1
14
5
1
56
50
76
1
176
6
1
30
90
33
26
2
1
1
164
8
3
1
3
3
1
152
10
7
1
2
6
4
1
166
14
1
1
1
86
96
1
116
50
16
1
37
96
13
8
21
3
2
3
180
1
1
1
91
23
47
12
5
4
1
59
24
16
21
6
7
18
13
6
9
3
1
113
29
1
21
1
11
7
80
6
8
59
26
2
1
1
160
14
2
3
2
1
1
165
9
4
1
2
1
1
110
16
39
8
5
3
2
17
92
52
15
2
2
3
125
38
11
1
1
3
3
1
77
19
43
35
7
2
70
6
105
2
182
1
84
78
20
1
18
164
1
10
158
11
2
2
109
38
19
12
5
75
34
50
22
1
1
78
61
16
13
14
1
180
1
1
1
69
58
30
2
22
2
108
3
27
18
16
5
3
1
1
1
24
138
1
6
13
1
148
15
5
9
1
5
133
50
4
33
9
62
54
8
3
4
5
1
75
1
92
12
2
1
170
12
1
117
30
20
8
7
1
168
15
133
28
11
5
3
3
127
4
43
5
3
1
48
48
14
61
10
1
1
111
26
36
6
1
2
1
130
28
8
15
2
144
38
1
95
54
26
3
5
89
62
17
14
1
179
3
1
164
8
10
1
115
34
16
3
8
3
2
1
1
54
122
5
2
117
58
3
5
79
9
15
1
48
16
12
2
1
74
24
80
3
2
73
35
17
6
51
1
131
39
6
3
4
81
14
10
42
32
3
1
26
42
3
106
4
1
1
156
25
1
1
77
94
4
2
2
2
1
1
111
53
14
5
128
16
10
21
4
2
1
1
77
104
2
72
47
64
54
114
3
7
3
2
53
103
20
2
4
1
146
24
8
2
1
2
8
9
27
130
9
50
97
18
17
1
103
16
60
3
1
32
105
34
7
1
2
2
126
19
28
4
4
1
1
46
81
3
45
1
2
4
1
53
56
73
1
138
19
22
1
1
2
31
82
46
18
1
4
1
129
33
17
1
1
2
5
92
44
37
1
2
2
81
11
4
40
32
5
8
1
1
70
108
2
3
10
69
55
23
12
5
1
4
4
180
2
1
148
19
5
4
1
1
5
58
119
4
2
155
10
7
1
4
6
120
57
3
3
107
31
41
3
1
88
75
13
2
4
1
151
21
8
3
165
8
6
1
1
2
148
15
1
5
4
5
2
2
1
28
31
63
2
18
28
13
138
38
4
2
1
104
41
17
20
1
47
4
107
15
6
2
1
1
127
19
35
2
26
127
17
4
5
2
2
167
10
2
3
1
138
23
22
10
58
51
24
1
11
15
8
4
1
168
6
3
6
144
1
17
1
6
5
1
6
1
1
136
45
2
53
21
50
6
19
12
20
1
1
97
39
22
2
19
1
3
98
84
1
29
136
11
5
1
1
55
36
87
2
1
1
1
29
146
1
5
2
48
30
55
39
11
80
62
30
6
4
1
147
22
5
9
106
22
7
27
17
1
3
45
113
10
7
5
1
1
1
6
48
81
29
13
4
1
1
172
6
5
37
74
70
2
139
15
5
7
4
7
5
1
158
11
6
3
4
1
132
39
6
5
1
183
40
37
88
10
6
1
1
64
74
29
3
1
12
41
39
69
2
6
17
1
2
1
1
4
77
73
14
8
5
5
1
97
35
2
20
19
9
1
59
98
13
2
8
2
1
74
3
100
5
1
8
133
12
25
3
2
151
31
1
9
156
15
1
1
1
158
11
3
2
6
3
60
10
98
2
3
8
1
1
40
62
51
10
20
114
44
13
6
1
2
3
161
20
1
1
129
41
2
7
3
1
43
131
3
3
2
1
168
12
3
180
3
98
3
10
59
7
6
19
137
17
10
78
74
2
1
17
2
6
2
1
53
98
20
2
5
4
1
61
121
1
69
94
19
1
170
2
1
3
6
1
57
60
58
6
2
65
35
6
64
9
2
2
52
124
3
3
1
176
5
2
171
6
4
1
1
143
37
3
68
31
74
4
3
2
1
107
12
61
2
1
3
13
124
24
1
14
4
169
3
5
2
3
1
18
103
30
22
7
3
85
84
10
1
2
1
150
5
17
9
1
1
119
9
23
10
9
4
3
2
3
1
149
18
1
9
6
37
131
13
1
1
7
148
25
1
1
1
178
4
1
161
22
96
28
27
3
24
3
2
122
56
2
1
2
166
7
3
7
139
19
22
2
1
40
137
1
5
67
88
23
2
3
9
66
54
36
17
1
64
31
54
19
1
5
1
6
2
166
3
4
7
2
1
44
125
9
3
2
64
52
30
11
15
10
1
88
62
12
11
6
2
1
1
10
140
19
3
3
7
1
78
97
7
1
158
25
57
112
8
3
1
1
1
12
15
125
23
4
1
2
1
34
14
66
36
1
14
16
2
24
85
1
65
2
2
4
181
2
71
111
1
171
6
5
1
33
134
6
8
2
128
36
3
4
3
5
3
1
109
68
5
1
150
26
4
1
1
1
104
43
31
5
158
13
8
1
2
1
117
11
52
3
73
42
2
32
23
11
50
31
18
18
21
35
10
83
14
82
1
3
178
2
2
1
148
24
11
11
25
31
26
90
14
66
36
29
27
3
1
5
1
1
27
25
55
34
37
1
2
1
1
30
141
12
135
10
30
8
60
55
26
3
26
11
1
1
37
53
19
58
13
2
1
126
47
4
2
3
1
144
6
27
1
2
1
2
124
47
9
1
1
1
151
14
3
5
1
8
1
25
92
16
39
2
3
6
39
127
3
10
2
2
112
23
13
17
8
10
62
108
5
5
3
39
137
3
2
1
1
120
25
33
4
1
104
67
6
4
2
110
51
19
2
1
87
2
71
22
1
41
65
66
2
4
5
6
109
12
14
30
7
2
3
131
30
20
1
1
2
21
72
61
16
7
3
1
120
39
24
35
117
24
6
1
33
10
112
6
20
2
109
59
13
1
1
52
51
6
68
2
4
134
27
5
4
1
6
3
2
1
102
17
45
2
15
2
179
4
22
102
9
40
4
4
2
176
1
6
92
66
11
13
1
174
5
3
1
127
12
10
27
2
3
1
1
31
44
6
27
58
12
2
2
1
141
25
4
11
1
1
34
24
27
58
32
2
3
1
2
96
30
46
5
3
3
35
10
74
17
30
8
7
1
1
119
33
8
21
1
1
43
77
47
1
7
8
150
15
16
2
53
66
4
40
8
3
4
3
1
1
114
21
11
12
1
4
6
12
2
65
113
3
2
30
150
1
2
129
47
7
107
65
6
2
1
2
120
63
152
2
29
141
18
14
2
5
1
2
91
14
5
11
31
1
10
16
4
113
45
15
5
1
2
1
1
3
20
3
89
63
5
65
9
65
32
1
1
6
2
2
11
1
162
3
5
1
174
7
2
26
105
34
9
3
4
1
1
132
49
1
1
89
48
10
7
25
3
1
135
26
18
1
3
167
16
158
16
7
2
73
66
16
12
11
4
1
46
21
101
9
4
2
125
34
16
3
1
3
1
94
29
24
14
18
1
3
28
129
25
1
69
18
19
70
1
6
104
50
25
2
1
1
180
1
2
132
38
10
3
81
35
38
11
6
2
9
1
36
60
71
16
167
12
1
2
1
97
46
25
14
1
123
9
32
5
10
4
88
38
32
10
15
67
5
27
22
39
3
20
105
61
11
1
4
1
139
7
30
6
1
45
32
85
18
1
2
53
114
11
2
3
109
32
22
19
1
66
70
36
8
3
65
13
29
3
33
8
28
1
1
2
117
54
6
1
3
1
1
59
21
47
1
39
11
3
2
99
45
28
3
8
77
65
5
30
1
1
2
2
147
9
25
1
1
76
41
7
16
5
2
1
1
12
20
1
1
108
15
5
25
21
9
49
24
7
50
2
16
21
9
5
182
1
72
90
11
8
2
108
47
3
11
8
3
3
67
59
1
1
29
20
4
1
1
42
70
22
7
42
108
50
9
2
9
2
3
97
60
7
8
6
3
1
1
60
18
29
74
1
1
63
68
1
34
7
8
1
1
4
33
74
7
27
11
18
6
2
1
149
9
18
5
1
1
13
121
18
2
13
6
4
1
2
3
168
3
7
2
2
1
70
75
36
2
140
19
20
1
1
1
1
70
84
10
1
6
5
4
2
1
13
94
68
2
2
2
2
84
38
49
2
6
1
2
1
29
137
6
11
8
141
5
25
3
1
147
23
2
11
43
92
35
12
1
52
95
4
5
3
3
20
1
70
77
29
7
14
58
93
12
2
2
1
1
69
93
5
14
2
100
53
10
1
8
1
7
2
1
18
141
9
11
3
1
113
18
27
2
1
15
3
4
132
33
16
1
1
124
56
2
1
123
21
30
1
1
1
2
1
2
1
34
70
17
55
7
14
161
5
1
2
98
9
29
41
1
2
1
2
95
79
9
48
88
7
11
10
5
9
4
1
63
33
48
15
2
20
2
48
110
21
1
2
1
148
11
19
3
2
183
101
43
39
55
21
30
21
52
4
117
66
182
1
77
17
9
32
5
30
7
4
2
97
22
23
6
4
11
2
14
1
2
1
94
33
45
1
9
1
92
18
3
66
3
1
154
14
1
8
2
2
1
1
17
81
80
4
1
44
17
32
71
14
1
1
1
2
21
48
112
2
161
19
1
2
52
124
4
3
163
9
7
3
1
141
23
9
8
2
81
28
6
35
21
10
2
82
58
9
11
6
5
6
5
1
123
35
6
11
2
1
4
1
19
128
28
2
5
1
109
40
10
9
13
1
1
176
7
101
2
72
2
5
1
141
10
30
1
1
142
34
5
1
1
70
105
5
3
56
77
2
25
22
1
83
83
3
9
2
2
1
92
39
10
4
25
3
8
2
122
43
11
3
3
1
70
9
42
32
21
8
1
133
9
8
4
2
3
19
1
4
157
25
1
34
135
6
6
2
120
30
11
22
63
117
3
141
20
7
3
7
2
3
90
8
32
23
20
4
3
1
2
91
15
32
21
1
14
4
1
2
2
170
8
5
32
150
1
25
111
42
3
2
34
69
35
29
13
3
154
25
2
1
1
100
12
3
36
8
10
4
5
3
2
134
15
5
28
1
Number of elements: 2624
