Bin size: 154
Num of Bins: 334
17
124
8
3
1
1
72
30
30
14
2
4
2
52
46
21
24
5
2
2
1
1
17
86
41
1
1
7
1
26
10
45
53
5
1
14
36
77
1
17
8
11
3
1
4
142
5
2
1
136
1
11
4
2
58
69
2
12
3
5
2
3
46
59
15
20
9
3
1
1
52
49
14
19
16
4
20
101
19
10
4
68
56
5
6
15
4
79
9
58
1
7
80
8
11
35
2
9
7
1
1
122
20
9
2
1
31
1
108
10
3
1
13
36
30
30
17
26
2
144
3
4
1
1
1
66
31
1
5
9
12
21
7
1
1
137
1
4
3
7
2
129
23
2
122
22
5
3
2
154
86
61
7
39
10
28
36
30
2
2
5
1
1
30
121
1
2
103
7
27
3
12
1
1
142
8
1
3
7
23
102
14
4
4
117
11
3
19
2
1
1
100
31
15
5
3
51
82
8
3
10
130
1
13
10
96
22
1
27
1
4
1
2
6
30
113
5
2
54
28
68
1
1
88
43
9
7
4
2
1
32
7
108
3
1
2
1
134
6
13
1
115
32
5
1
1
17
4
53
79
1
119
24
7
4
125
5
2
12
10
70
51
23
1
2
7
2
133
9
6
4
96
4
8
37
1
1
3
2
2
65
79
5
1
3
1
153
1
73
17
22
27
7
6
2
92
16
30
16
86
11
8
29
20
52
24
28
46
3
1
123
15
15
1
40
53
50
9
2
13
101
40
123
19
10
2
37
72
25
8
8
3
1
14
63
13
51
11
2
35
11
72
17
3
14
2
55
2
90
7
84
29
20
3
7
7
3
1
63
80
8
2
1
10
3
128
1
4
2
4
2
106
20
4
13
9
1
1
145
5
3
1
82
26
2
7
26
6
5
67
13
27
43
4
38
15
10
11
4
65
2
6
1
2
29
118
3
1
3
63
11
49
8
17
1
3
2
8
18
88
15
13
8
2
1
1
32
103
5
10
3
1
60
89
3
1
1
120
9
13
1
3
6
2
90
26
7
27
4
141
12
1
84
7
8
30
2
18
3
2
65
52
15
16
5
1
135
2
7
5
3
1
1
105
34
11
2
2
38
41
31
43
1
80
53
2
9
9
1
54
99
1
89
48
8
7
2
2
67
24
33
9
14
2
2
1
35
47
26
34
4
2
5
1
22
101
20
7
2
1
1
105
13
33
3
3
38
79
1
32
1
52
82
1
19
110
33
4
5
2
128
2
24
147
5
1
1
27
119
4
2
2
58
4
56
21
6
7
2
118
16
12
4
3
1
61
8
43
31
10
1
53
87
8
1
1
2
1
1
65
78
9
2
32
78
2
20
7
4
11
34
72
12
6
24
1
4
1
26
18
11
51
12
31
4
1
52
7
23
68
3
1
20
97
21
1
15
43
73
5
2
1
23
6
1
4
102
25
2
16
4
1
131
6
2
11
1
1
1
1
74
34
11
10
24
1
38
35
4
9
66
2
1
117
23
3
1
9
60
12
58
1
20
2
1
45
65
44
91
39
6
15
3
21
78
24
16
10
3
1
1
118
33
1
1
1
94
19
5
32
2
2
61
35
16
17
23
2
81
7
46
3
8
4
3
2
43
99
8
3
1
13
113
18
8
2
49
71
9
2
17
4
2
60
55
4
13
16
3
2
1
137
6
6
2
3
121
20
12
1
102
2
4
13
13
19
1
112
36
1
4
1
79
25
39
6
1
2
2
73
69
2
4
5
1
121
29
4
112
1
15
24
1
1
84
5
45
7
11
1
1
120
3
1
4
12
8
2
4
69
13
70
2
129
21
1
2
1
47
88
15
3
1
45
85
9
9
3
1
1
1
122
32
133
7
3
8
3
43
102
7
2
74
15
39
26
99
11
7
21
3
4
8
1
93
59
1
1
125
27
1
1
83
69
1
1
24
96
17
2
6
3
5
1
117
19
11
7
75
13
54
7
4
1
135
2
15
1
1
30
45
56
21
2
80
67
5
1
1
128
2
9
15
92
55
3
2
2
58
91
1
4
144
2
6
1
1
87
63
4
87
64
3
66
50
13
22
1
2
70
29
53
1
1
101
23
19
8
2
1
80
48
4
19
1
1
1
117
30
6
1
12
97
42
1
1
1
74
7
63
2
3
2
1
1
1
6
82
9
4
3
3
1
34
9
2
1
55
37
38
19
2
3
34
88
21
9
2
71
69
13
1
90
21
2
23
14
1
1
2
29
52
4
25
3
9
31
1
29
84
12
14
5
3
5
2
97
4
45
1
3
3
1
136
10
5
1
2
75
22
30
4
3
1
17
1
1
14
36
95
2
1
6
142
12
143
5
2
4
149
3
2
134
20
116
14
18
1
1
2
1
1
31
29
15
17
47
4
4
3
1
2
1
64
87
1
2
49
30
45
14
15
1
39
9
88
10
5
3
5
45
92
9
1
1
1
126
7
1
7
8
2
2
1
134
10
5
2
1
1
1
4
60
15
16
43
9
3
1
2
1
34
35
66
13
5
1
106
37
5
5
1
7
97
8
23
11
2
5
1
152
1
1
7
115
3
28
1
37
36
39
40
2
23
64
47
1
19
70
49
27
7
1
6
82
44
18
3
1
3
57
83
2
7
1
1
41
63
37
12
1
7
101
37
8
1
101
42
5
3
3
144
10
71
39
37
2
5
96
29
11
17
1
144
2
3
2
1
2
147
5
1
1
54
90
6
3
1
30
70
48
6
115
15
12
8
1
2
1
15
115
16
1
2
5
145
8
1
24
60
22
2
5
24
8
4
5
94
42
3
11
1
1
2
93
49
11
1
88
54
2
5
5
151
1
2
48
100
4
1
1
84
36
12
5
3
8
3
1
1
1
138
15
1
11
11
97
22
8
5
129
13
8
3
1
34
45
16
37
20
1
1
108
26
1
13
1
2
2
1
71
58
7
7
6
1
3
1
96
6
42
10
71
60
12
8
3
137
13
2
2
57
43
46
8
88
63
3
117
34
2
1
13
19
114
6
2
17
34
36
58
1
2
2
2
1
1
127
9
11
6
1
130
18
2
1
1
1
1
1
18
9
15
30
18
2
57
3
1
38
106
1
3
5
1
71
61
3
5
5
5
2
2
79
71
1
1
1
1
65
54
20
3
1
9
2
98
43
8
4
1
125
1
26
1
1
36
3
31
6
20
35
2
16
3
2
3
55
1
82
7
2
4
153
1
21
23
31
34
29
9
3
4
86
7
28
11
15
3
1
3
9
28
97
4
2
12
1
1
18
73
18
11
5
17
7
5
44
35
38
28
1
8
100
30
16
2
3
1
1
1
21
38
14
28
24
20
5
3
1
24
58
37
17
13
2
2
1
117
13
2
1
19
2
96
53
5
114
34
2
4
145
8
1
101
53
130
11
2
10
1
97
51
5
1
55
63
21
11
1
2
1
11
18
71
19
15
19
1
66
39
30
13
3
1
2
92
56
5
1
57
62
17
13
4
1
70
63
1
10
9
1
128
25
1
93
34
14
11
1
1
123
5
8
3
13
2
49
78
25
1
1
154
150
4
128
6
14
1
5
3
90
50
11
120
34
48
87
8
8
2
1
39
42
67
4
1
1
50
72
10
7
9
2
2
2
146
4
1
3
116
19
16
2
1
3
47
78
24
1
1
80
10
12
8
6
18
8
2
9
1
135
12
2
5
85
20
11
38
70
81
1
1
1
152
2
19
9
76
26
5
19
53
69
27
5
140
1
2
11
110
8
10
1
6
17
1
1
33
60
61
110
18
6
16
2
2
94
15
7
38
19
71
46
7
5
1
3
2
87
3
39
10
7
7
1
129
5
19
1
37
92
22
3
39
59
29
8
4
5
4
3
1
1
1
105
16
29
2
1
1
83
62
4
4
1
142
7
5
114
34
5
1
63
18
38
21
7
5
1
1
36
106
6
6
152
2
9
90
10
41
2
1
1
34
116
1
2
1
14
117
6
10
7
102
20
28
1
2
1
21
121
1
5
1
5
69
34
17
10
14
4
6
110
40
2
2
59
84
1
6
2
2
86
58
9
1
14
36
41
46
2
8
5
1
1
5
144
1
4
70
81
3
145
4
5
44
39
44
26
1
59
6
29
49
9
2
77
46
8
13
1
7
1
1
132
20
2
14
43
75
8
10
4
108
7
16
10
3
6
2
2
129
6
1
13
5
103
39
10
2
26
33
32
4
16
32
8
1
1
1
108
15
31
132
8
3
3
4
1
3
119
17
18
96
17
17
16
4
3
1
60
19
13
5
53
1
3
53
50
6
36
5
1
3
12
45
77
5
15
49
79
15
8
2
1
Number of elements: 1906
