Bin size: 147
Num of Bins: 401
123
14
3
7
22
125
101
5
5
34
2
55
34
9
27
8
7
2
3
1
1
108
25
3
8
1
1
1
105
21
3
13
5
102
37
3
2
2
1
35
11
47
9
26
7
7
4
1
141
2
3
1
82
36
11
2
6
7
2
1
88
19
5
35
112
13
16
5
1
147
35
60
5
4
4
19
19
1
69
23
36
17
2
4
128
9
3
1
1
1
47
6
65
2
13
11
3
117
25
4
1
65
16
55
7
2
2
28
112
3
2
1
1
22
98
27
22
103
4
16
1
1
78
19
7
17
10
10
1
3
2
89
38
20
17
9
86
9
3
4
13
6
68
4
4
69
2
137
6
4
40
32
43
24
5
2
1
36
81
22
7
1
123
19
5
62
18
4
25
17
20
1
43
64
34
4
2
13
28
103
3
125
4
11
5
2
27
45
3
59
6
3
4
47
14
34
25
5
7
10
1
4
19
103
16
9
87
56
4
45
72
13
4
13
84
61
2
69
1
56
1
6
11
1
2
45
3
5
64
9
6
2
7
3
1
2
122
25
60
83
4
123
4
2
13
1
1
1
2
55
91
1
7
60
64
1
4
3
6
1
1
116
26
4
1
92
34
9
8
2
1
1
145
1
1
90
50
1
4
2
47
96
2
1
1
136
6
5
95
13
7
4
3
8
6
3
4
1
2
1
77
20
45
5
145
1
1
38
3
52
36
14
4
25
72
7
37
3
3
26
96
5
19
1
9
128
2
1
6
1
81
2
45
17
1
1
122
18
5
2
139
7
1
70
34
17
1
16
9
121
8
17
1
26
110
11
100
12
30
3
2
5
124
12
4
2
9
58
80
42
42
61
2
7
31
108
1
58
13
8
54
12
2
3
87
10
38
9
30
85
8
16
3
3
2
68
15
63
1
110
4
1
18
6
2
6
13
131
2
1
100
30
16
1
130
5
3
6
1
2
20
42
85
114
28
3
2
103
14
29
1
17
106
2
13
8
1
47
54
33
1
10
2
39
86
13
4
5
49
78
5
6
8
1
10
112
19
5
1
97
15
8
23
2
1
1
21
109
5
11
1
38
75
15
7
9
1
1
1
126
13
6
2
56
12
28
2
2
47
118
4
9
13
3
104
7
9
25
2
17
40
62
11
17
138
9
119
26
1
1
64
1
18
58
1
1
3
1
116
18
12
1
76
19
52
28
93
14
2
7
3
114
27
5
1
30
45
7
49
6
3
1
6
28
55
33
16
15
14
90
24
5
11
2
1
112
29
2
3
1
94
19
26
2
5
1
125
9
11
1
1
143
3
1
146
1
123
21
3
85
25
27
1
8
1
99
14
7
20
5
1
1
137
7
3
14
4
57
16
6
19
29
2
1
3
139
3
1
47
1
68
13
1
5
10
1
1
102
26
14
3
1
1
11
122
5
1
3
2
2
1
108
3
21
8
4
3
27
101
19
127
8
6
2
4
25
11
18
18
8
5
10
15
12
20
4
1
54
17
58
9
1
7
1
66
79
2
80
58
8
1
140
2
3
2
130
4
9
4
6
13
67
10
2
7
31
5
1
1
2
2
111
20
14
1
1
83
12
36
5
4
6
1
139
8
112
25
8
1
1
66
6
24
19
29
1
1
1
131
8
5
3
109
8
26
1
2
1
30
24
57
27
7
1
1
10
64
37
26
3
2
1
4
89
47
8
2
1
3
127
12
3
1
1
41
71
28
4
3
48
34
61
3
1
7
86
54
31
17
78
16
4
1
43
84
15
3
1
1
144
3
79
52
6
6
3
1
133
13
1
48
94
5
68
49
26
4
86
22
14
12
8
1
3
1
71
61
3
3
4
1
1
1
1
1
42
70
24
11
74
35
8
15
10
3
2
98
8
19
9
4
1
3
4
1
37
78
18
7
3
3
1
72
68
1
4
2
83
18
39
3
4
8
33
6
47
49
3
1
24
49
23
44
2
3
1
1
53
18
41
1
31
2
1
1
77
10
10
39
7
1
2
136
6
3
2
75
8
40
24
8
126
10
2
1
60
41
28
8
3
4
3
104
43
45
22
72
1
4
3
9
26
6
91
4
4
2
3
2
83
10
12
29
7
5
1
143
4
34
76
29
6
2
91
2
21
3
17
8
3
2
105
15
23
2
2
86
23
12
25
1
30
32
68
16
1
2
94
7
38
3
3
113
6
20
3
5
89
16
3
7
31
1
54
57
17
19
4
3
129
7
1
2
1
30
25
84
6
2
104
32
3
1
2
2
1
2
137
7
1
1
1
83
54
1
8
1
59
3
33
45
4
2
1
137
8
1
1
105
19
17
3
3
95
2
30
1
12
2
5
95
4
25
17
4
1
1
32
86
13
11
2
2
1
80
60
4
2
1
47
6
17
17
24
22
6
5
3
19
1
44
39
13
4
11
4
9
3
107
6
30
2
2
75
32
1
9
26
3
1
102
42
2
1
121
13
4
6
2
1
82
39
1
16
7
1
1
80
25
29
11
2
116
15
16
4
98
3
9
21
9
2
1
56
63
19
1
5
3
45
100
1
1
106
26
2
3
4
5
1
62
65
6
5
6
3
47
78
3
14
1
3
1
36
101
9
1
43
22
51
1
12
16
2
87
21
28
10
1
93
20
14
18
2
80
24
22
17
4
104
19
1
9
7
7
57
27
21
36
3
2
1
38
87
13
2
6
1
72
39
26
5
3
1
1
77
43
19
7
1
14
80
3
48
2
124
1
6
1
12
2
1
109
37
1
37
68
42
83
38
9
7
1
7
2
118
28
1
124
19
2
2
128
6
7
1
2
1
1
1
39
25
34
40
8
1
92
50
1
3
1
91
25
13
13
1
4
46
42
20
31
6
2
138
8
1
146
1
70
14
23
37
3
100
28
5
13
1
125
10
9
2
1
45
19
42
25
12
2
2
25
7
37
73
4
1
93
32
1
5
6
8
1
1
108
12
7
3
12
1
4
63
32
26
1
8
2
5
8
1
1
43
70
23
11
92
39
1
9
2
3
1
35
6
17
58
11
19
1
102
31
7
7
112
20
14
1
12
92
37
3
3
144
3
20
87
20
19
1
34
95
4
8
6
134
13
12
79
21
32
2
1
25
34
48
22
15
1
1
1
3
113
11
13
4
1
1
1
135
9
3
62
85
133
13
1
26
29
39
22
19
12
20
45
12
36
33
1
27
19
93
6
2
92
44
9
2
82
49
14
2
66
29
8
21
13
7
2
1
10
36
74
8
13
2
4
71
44
26
2
1
3
93
37
8
4
2
1
2
126
16
4
1
45
76
13
7
4
1
1
147
114
17
4
6
4
1
1
74
43
27
3
118
19
3
7
128
10
6
3
95
45
4
3
1
96
46
3
1
140
6
1
138
8
1
138
7
1
1
38
75
28
5
1
58
83
2
1
1
2
130
16
1
5
44
72
11
11
4
142
5
111
14
16
6
143
2
2
38
86
14
2
5
2
60
77
7
3
26
42
40
30
4
4
1
96
39
8
4
41
13
10
31
34
2
10
1
5
39
98
10
60
26
6
29
4
15
6
1
74
2
65
1
3
1
1
64
14
56
5
5
1
1
1
107
37
3
127
3
9
8
75
62
9
1
31
20
13
73
4
1
5
4
113
6
5
12
6
1
120
1
20
6
94
29
13
6
4
1
117
27
2
1
34
112
1
136
3
2
1
1
3
1
91
16
18
8
6
1
6
1
78
2
51
6
5
5
87
1
27
10
14
1
3
1
1
1
1
77
29
34
7
123
21
2
1
51
19
17
15
39
2
4
6
34
58
34
11
2
1
1
53
58
33
1
1
1
134
4
9
43
40
9
21
18
7
1
3
1
4
133
4
7
1
2
38
93
11
2
1
1
1
20
84
25
7
1
9
1
119
25
1
1
1
87
12
8
27
2
6
1
2
2
147
70
42
25
9
1
31
67
47
2
45
65
22
7
6
2
38
89
18
2
65
52
21
8
1
65
6
19
36
15
3
1
1
1
77
34
13
12
10
1
106
15
15
1
10
102
34
6
5
119
2
18
8
31
36
31
25
10
6
4
2
2
117
21
3
3
3
78
59
1
3
1
4
1
32
70
26
19
43
10
59
8
17
3
1
3
1
1
1
56
86
4
1
68
79
24
59
1
2
41
16
4
123
11
7
1
3
2
93
47
3
3
1
106
11
16
3
11
57
67
3
2
6
6
5
1
67
34
19
4
8
7
3
2
1
2
147
17
41
42
23
11
3
1
5
3
1
86
53
8
95
44
2
6
133
7
4
2
1
131
8
6
1
1
46
72
6
2
12
2
4
3
38
75
28
4
2
13
90
32
4
6
1
1
44
84
4
6
6
3
11
78
41
15
2
120
15
2
1
6
2
1
57
71
11
2
2
2
2
78
26
11
8
23
1
35
71
39
2
93
21
4
17
6
6
79
59
4
5
3
21
7
43
32
40
1
55
46
43
1
1
1
122
14
10
1
29
68
21
26
2
1
110
9
9
16
1
2
85
21
41
124
9
10
3
1
139
3
2
3
57
81
3
3
2
1
24
92
12
19
94
4
24
9
12
1
2
1
130
11
5
1
41
27
14
3
45
12
5
49
67
21
8
2
91
52
1
1
1
1
75
48
20
2
1
1
116
4
10
10
3
3
1
93
52
2
61
65
15
6
119
22
6
2
74
49
10
9
1
1
1
132
4
3
8
109
16
7
15
101
17
17
7
5
108
25
6
5
2
1
102
13
18
7
1
5
1
128
2
12
2
2
1
34
48
6
55
1
3
33
68
40
3
2
1
17
85
10
30
1
3
1
126
5
10
5
1
93
24
23
7
137
6
4
35
79
4
2
26
1
16
104
23
4
72
7
47
12
4
3
1
1
64
75
6
1
1
120
16
3
7
1
63
10
74
51
69
6
19
2
49
57
29
5
2
2
2
1
131
7
7
1
1
17
57
20
6
15
9
8
15
Number of elements: 2194
