Bin size: 109
Num of Bins: 419
102
7
15
54
13
7
13
2
5
72
5
12
3
6
8
1
1
1
35
73
1
74
34
1
18
7
42
5
33
2
1
1
68
11
11
4
9
6
65
3
24
13
3
1
69
36
3
1
75
20
5
3
1
5
55
41
13
67
14
13
7
6
2
39
2
45
6
3
12
2
101
8
21
28
4
16
25
4
6
4
1
11
64
33
1
31
23
18
16
8
12
1
12
91
4
2
70
13
2
8
7
9
20
35
31
16
2
4
1
36
63
3
6
1
23
16
34
17
2
7
6
3
1
62
15
6
5
17
2
1
1
32
33
9
7
21
5
1
1
81
9
9
5
5
63
36
7
3
98
11
15
76
2
2
1
2
7
3
1
82
18
4
1
2
1
1
77
1
7
21
3
92
12
5
96
11
1
1
46
38
6
9
3
2
5
22
33
34
19
1
34
21
5
14
24
8
2
1
62
28
14
3
1
1
54
4
36
5
4
4
1
1
26
75
8
65
2
27
2
13
65
36
6
1
1
42
15
16
19
5
10
2
63
25
4
4
1
6
4
2
33
19
51
1
1
1
1
2
22
75
1
11
69
20
3
17
27
6
38
15
6
8
3
2
2
2
84
21
4
103
2
4
29
40
22
16
2
65
26
7
3
7
1
107
1
1
20
81
3
3
1
1
5
56
18
20
6
2
1
1
50
42
16
1
82
12
12
3
7
51
7
22
12
4
6
21
12
4
46
10
13
1
2
76
30
3
99
2
5
3
52
2
42
12
1
22
27
29
15
8
6
2
11
91
5
2
13
64
31
1
68
31
9
1
33
28
31
2
10
2
3
98
8
1
2
50
26
30
3
106
3
83
1
16
6
1
2
92
1
6
3
3
1
2
1
36
41
12
2
5
7
1
3
2
42
2
2
37
22
1
3
32
72
2
1
1
1
1
91
8
8
1
37
15
11
26
10
5
4
1
108
1
64
1
37
4
2
1
90
19
46
23
9
3
6
5
10
3
1
1
2
29
43
28
6
1
2
57
6
39
5
1
1
15
3
62
3
10
6
8
2
76
22
10
1
73
2
19
2
7
2
3
1
11
30
68
3
29
48
14
7
5
3
35
29
26
6
11
2
69
32
2
1
1
3
1
40
65
4
73
9
18
2
5
2
104
3
1
1
28
60
10
2
1
8
107
2
51
37
8
7
1
1
1
2
1
36
48
9
4
9
3
64
31
8
3
3
76
30
1
1
1
56
16
2
28
6
1
62
41
1
4
1
15
24
32
31
7
24
65
13
5
2
13
46
19
21
7
3
96
10
2
1
106
3
43
37
15
12
1
1
9
89
1
6
2
2
31
8
53
9
5
1
2
78
2
10
14
4
1
105
4
85
14
3
3
3
1
25
55
16
13
51
10
31
1
10
4
2
105
1
2
1
84
8
10
2
4
1
52
25
25
6
1
27
13
46
23
6
23
28
24
4
5
12
4
1
2
2
70
15
6
16
2
22
7
55
15
3
3
2
101
8
53
34
11
7
1
2
1
31
13
32
33
13
48
47
1
103
5
1
107
1
1
71
33
2
1
2
65
7
31
2
4
69
38
1
1
40
35
23
10
1
33
23
29
6
14
3
1
40
65
3
1
91
10
1
3
1
2
1
87
7
15
17
17
47
9
6
9
2
2
70
2
12
21
3
1
84
6
15
3
1
44
31
11
18
2
2
1
94
7
7
1
14
50
6
32
2
3
1
1
61
34
5
1
5
1
2
6
100
1
2
69
17
4
13
6
28
52
14
13
2
35
52
21
1
56
31
1
12
6
1
2
65
28
8
6
2
75
19
9
5
1
5
83
8
13
70
3
31
5
87
21
1
44
3
27
17
3
7
3
1
3
1
14
83
3
1
7
1
28
8
59
14
30
69
7
1
2
2
66
17
11
6
3
1
2
1
105
4
15
49
28
12
2
3
54
10
7
31
5
2
78
1
17
2
8
1
2
80
2
22
3
1
1
79
10
8
5
1
6
27
26
35
18
2
1
48
57
1
2
1
49
45
1
3
4
1
3
3
46
54
7
2
38
45
25
1
103
3
2
1
96
6
2
2
3
60
24
8
8
9
13
82
4
2
7
1
53
8
33
4
10
1
17
78
12
2
103
6
28
49
31
1
41
39
12
14
3
47
49
2
1
3
7
58
4
5
41
1
76
14
13
5
1
27
27
39
14
1
1
10
15
68
2
14
97
10
1
1
108
1
63
33
9
2
2
95
4
7
1
2
44
33
9
7
2
14
23
14
52
6
4
9
1
103
4
1
1
98
1
2
3
1
2
2
60
32
9
2
5
1
85
18
5
1
65
37
2
5
81
27
1
76
5
10
10
4
2
1
1
86
5
15
2
1
27
44
31
1
2
4
90
18
1
51
57
1
94
10
1
4
8
28
1
64
6
2
97
12
89
12
1
3
3
1
3
24
39
40
1
1
1
34
62
10
3
109
23
78
4
4
31
73
5
86
1
22
65
32
11
1
19
21
66
2
1
53
32
18
5
1
48
37
9
10
5
35
44
8
15
3
3
1
43
57
2
5
1
1
21
58
3
18
3
4
2
97
12
33
29
2
24
9
12
93
15
1
30
6
61
3
3
5
1
44
6
28
30
1
44
56
4
1
2
2
67
26
9
6
1
14
71
19
2
2
1
52
2
4
28
15
7
1
72
23
11
1
2
105
4
63
42
1
1
2
89
18
2
16
52
30
6
2
3
26
10
72
1
82
14
1
5
6
1
74
34
1
23
51
27
7
1
59
46
1
2
1
69
2
2
12
7
1
11
5
87
15
3
4
86
21
2
44
58
6
1
8
99
1
1
81
22
1
1
4
45
37
26
1
96
6
5
1
1
54
16
36
3
59
13
32
4
1
20
34
28
10
1
8
3
4
1
85
12
11
1
18
65
18
2
4
1
1
46
27
26
9
1
59
11
9
25
2
1
1
1
86
10
12
1
18
42
25
23
1
60
4
1
14
4
9
5
6
6
59
23
13
7
5
1
1
10
88
10
1
95
10
2
2
10
14
24
37
3
9
11
1
69
15
25
45
57
4
2
1
76
10
21
2
73
10
13
9
2
2
93
3
7
3
3
10
23
42
10
19
5
73
16
6
13
1
34
28
19
8
18
1
1
99
2
8
10
51
19
3
18
7
1
79
12
11
3
2
2
57
23
12
16
1
30
39
27
13
84
7
11
7
37
17
23
19
4
7
1
1
75
30
3
1
83
2
1
17
1
4
1
32
52
15
7
2
1
101
3
2
3
107
2
1
14
89
1
1
1
1
1
102
3
4
73
15
11
2
7
1
76
5
10
14
1
2
1
94
5
2
3
5
11
2
92
4
7
77
14
7
3
1
73
21
10
3
1
1
69
27
2
9
2
20
81
6
1
1
54
40
5
4
6
3
8
79
6
11
1
1
15
35
2
16
27
4
8
1
1
19
9
23
42
15
1
38
61
3
2
5
109
31
4
35
17
17
5
103
2
3
1
82
19
1
1
5
1
107
2
52
38
19
99
3
2
2
2
1
64
32
7
5
1
105
4
17
53
28
10
1
98
1
7
3
7
58
39
5
90
12
4
2
1
85
10
1
13
22
26
25
22
2
9
1
1
1
12
9
21
32
9
5
17
4
16
83
9
1
49
58
2
61
4
30
13
1
96
8
5
90
9
8
1
1
73
5
6
11
9
4
1
80
19
9
1
69
38
2
40
60
8
1
60
21
1
25
1
1
29
26
19
20
3
6
1
1
4
17
49
43
42
2
13
46
3
2
1
72
13
14
8
2
95
13
1
53
28
6
7
11
2
2
103
2
4
63
42
4
4
13
91
1
106
3
99
8
1
1
77
29
1
2
60
14
23
4
6
2
82
13
6
7
1
76
32
1
36
18
21
5
29
108
1
97
6
5
1
46
8
46
7
1
1
63
22
18
5
1
21
2
52
34
39
16
38
5
2
9
83
12
2
8
4
72
31
6
5
46
21
34
1
2
76
7
1
11
4
2
2
6
89
9
10
1
62
45
1
1
107
2
44
45
11
4
5
40
45
19
2
3
1
31
22
37
11
5
1
1
96
13
18
10
59
18
1
2
1
101
3
5
56
26
18
2
3
1
1
1
1
36
39
26
6
2
81
6
6
3
6
5
1
1
91
8
9
1
63
33
2
1
9
1
95
12
2
97
3
9
57
7
33
8
3
1
57
38
3
2
7
1
1
14
38
2
53
1
1
5
93
6
3
1
1
44
31
11
8
8
2
4
1
78
10
21
20
60
25
1
2
1
95
13
1
69
10
23
4
1
1
1
106
1
1
1
26
70
5
1
1
5
1
44
15
43
4
1
1
1
60
17
19
4
4
5
54
38
2
9
5
1
52
55
1
1
14
9
62
24
62
33
3
11
10
23
52
3
13
6
1
1
3
16
39
46
2
1
1
1
57
8
21
16
7
92
5
4
4
4
37
31
13
26
2
98
10
1
65
31
1
12
97
2
5
2
2
1
39
67
2
1
91
5
8
3
1
1
51
18
14
6
18
2
74
5
26
3
1
50
36
9
5
5
3
1
13
58
4
2
11
1
20
12
27
61
5
2
1
1
38
10
35
10
15
1
13
12
63
7
2
2
8
1
1
67
8
5
3
22
4
52
25
9
11
9
1
2
74
19
12
4
30
54
11
5
8
1
1
74
19
15
85
11
4
2
5
2
106
3
14
2
3
70
11
6
3
94
1
14
14
87
4
1
2
1
79
7
2
14
3
2
1
1
88
3
4
8
2
2
1
1
90
3
5
3
8
82
4
5
4
12
2
55
15
12
19
4
4
17
79
3
2
2
5
1
33
15
33
17
3
7
1
109
4
43
53
3
4
2
1
35
49
10
1
6
5
2
103
1
5
98
9
2
17
14
44
25
9
44
53
7
5
86
7
16
59
48
2
30
46
19
9
3
1
1
Number of elements: 2191
