Bin size: 218
Num of Bins: 413
29
189
133
76
7
2
64
91
32
10
2
10
4
2
3
140
64
2
8
1
3
169
48
1
176
3
33
3
1
2
34
13
98
11
39
13
7
1
1
1
91
109
6
12
70
83
55
10
168
14
25
3
7
1
149
69
117
93
6
1
1
133
70
11
4
179
35
2
1
1
91
96
21
2
2
6
150
68
26
104
47
16
23
2
176
26
8
6
2
196
4
14
3
1
115
41
60
1
1
1
154
44
13
4
2
150
40
16
7
3
2
113
92
4
2
6
1
70
25
5
32
46
39
1
161
2
34
20
1
197
17
2
1
1
179
2
10
7
3
10
4
1
1
1
128
73
15
2
56
45
87
18
10
1
1
199
16
3
218
17
48
127
6
2
1
3
12
2
59
156
2
1
83
35
49
23
4
2
14
8
71
25
27
53
13
3
15
1
5
2
3
6
119
59
34
73
16
50
6
53
8
10
2
208
5
3
1
1
105
79
12
18
3
1
209
7
2
56
14
133
7
6
1
1
153
10
15
32
1
7
159
12
2
1
16
17
9
1
1
4
98
75
17
8
2
11
1
1
1
145
52
16
1
4
51
164
2
1
141
76
1
70
44
46
20
36
2
185
1
4
14
7
1
6
165
3
38
10
1
1
31
103
10
2
42
14
4
3
8
1
24
97
59
11
13
1
5
2
5
1
213
1
4
93
115
1
2
2
4
1
49
66
35
35
14
16
3
159
18
9
30
1
1
101
52
10
13
19
5
17
1
45
35
107
22
7
2
10
165
28
14
1
20
88
59
50
1
43
107
55
4
6
3
7
71
26
24
45
10
28
7
119
38
32
26
2
1
216
1
1
80
115
14
3
4
1
1
208
6
2
1
1
101
105
1
7
1
1
2
153
16
41
3
3
1
1
12
60
21
118
6
1
151
51
14
1
1
138
68
12
215
1
2
201
3
11
1
2
212
5
1
68
36
111
3
216
2
86
111
15
1
3
2
134
47
27
2
6
2
68
113
5
27
4
1
203
1
3
1
5
3
2
199
19
69
138
11
26
162
9
5
8
5
1
2
150
14
1
47
4
1
1
1
208
3
2
3
1
2
97
106
13
127
38
28
11
1
4
2
5
1
1
203
14
1
89
24
102
1
2
73
17
113
13
1
1
195
7
9
4
1
2
121
66
21
10
9
168
8
18
9
3
3
204
7
7
76
87
18
5
19
9
4
171
38
4
4
1
155
27
32
1
2
1
148
21
14
25
5
2
2
1
169
48
1
216
2
205
3
3
1
2
3
1
86
70
44
16
2
198
7
6
4
2
1
42
48
10
15
87
3
10
1
1
1
67
104
21
5
14
5
1
1
124
66
26
1
1
149
7
58
2
2
32
96
87
2
1
180
19
14
1
4
211
1
5
1
45
30
58
39
4
12
28
2
113
77
24
4
89
98
18
2
10
1
7
157
27
16
10
1
2
38
94
43
34
6
1
217
1
207
5
6
17
49
61
82
2
1
1
5
154
36
17
5
5
1
121
58
13
26
37
9
6
41
116
6
3
85
56
25
23
1
12
3
11
1
1
121
24
26
8
18
11
3
3
3
1
90
53
19
1
9
31
14
1
148
69
1
49
116
39
7
4
3
98
104
11
5
143
36
12
16
5
5
1
8
170
10
12
16
1
1
80
118
2
18
41
136
3
19
10
8
1
175
12
11
7
7
3
3
175
1
26
3
7
5
1
24
37
14
95
9
39
180
28
5
1
2
2
33
22
163
52
122
1
13
17
9
2
2
167
6
8
18
19
44
57
111
5
1
67
58
30
3
58
2
102
103
10
2
1
197
18
3
71
23
50
34
24
5
4
7
80
50
58
22
8
117
3
40
34
15
7
1
1
119
31
26
28
11
2
1
151
55
2
5
5
125
36
47
6
2
2
77
51
17
36
9
5
7
13
3
64
128
15
3
7
1
211
3
1
2
1
3
53
158
3
1
98
76
36
4
2
2
201
12
1
3
1
34
153
16
8
5
2
163
51
3
1
55
82
36
33
8
3
1
117
60
28
13
200
13
2
3
27
178
11
2
188
11
14
4
1
11
196
8
2
1
64
142
9
1
1
1
156
30
4
19
7
1
1
74
69
62
3
2
4
2
2
140
71
5
1
1
96
107
13
1
1
51
132
34
1
29
81
83
17
8
110
77
20
2
4
4
1
130
43
14
30
1
140
73
5
165
39
3
1
5
3
2
37
39
96
16
11
13
2
4
56
108
41
1
9
3
37
141
11
22
1
6
87
94
34
3
172
45
1
119
72
7
2
10
1
3
1
2
1
38
1
150
22
3
3
1
108
110
157
28
1
18
10
3
1
74
19
108
3
7
5
1
1
19
93
79
21
1
4
1
70
136
1
9
1
1
138
26
7
9
23
5
8
2
116
27
4
19
29
21
2
86
17
55
60
211
6
1
80
39
86
6
5
2
114
39
36
29
53
51
96
7
10
1
77
133
3
4
1
81
85
6
43
2
1
17
147
35
10
3
6
5
83
74
8
10
3
22
4
6
2
1
101
41
49
2
14
2
2
7
121
32
51
9
4
1
111
17
67
7
12
4
24
137
41
15
1
146
64
8
181
10
27
14
36
75
30
19
2
4
13
18
6
1
93
87
9
3
17
3
3
2
1
61
6
134
3
14
44
173
1
13
23
72
89
14
4
3
70
127
2
19
156
43
1
18
27
64
83
43
1
54
71
30
20
19
12
3
2
4
2
1
192
6
4
13
1
1
1
37
144
27
4
3
1
1
1
137
8
46
10
4
12
1
87
119
4
6
2
166
50
1
1
19
142
15
9
8
21
2
1
1
36
155
26
1
158
39
9
1
11
179
38
1
213
3
1
1
135
55
3
7
7
1
10
204
8
1
5
106
13
35
5
29
3
25
2
45
120
13
37
2
1
85
96
37
23
150
37
1
4
2
1
18
147
5
8
22
3
8
5
2
23
118
69
6
2
212
1
2
3
45
24
32
99
9
1
4
4
18
193
3
2
1
1
6
108
67
27
3
2
3
2
138
38
21
3
4
8
5
1
34
110
45
20
8
1
101
72
36
1
8
11
44
27
45
86
4
1
109
85
19
5
180
24
14
46
157
2
7
2
2
1
1
67
126
25
206
9
3
29
10
25
72
48
5
8
12
5
3
1
93
105
13
3
2
1
1
120
64
25
2
2
2
2
1
108
56
17
13
2
20
1
1
108
56
4
20
13
2
4
7
1
1
2
111
25
24
48
5
1
4
94
5
111
5
3
52
151
9
5
1
65
131
20
2
32
113
17
18
6
9
2
1
11
6
2
1
209
3
1
2
1
1
1
60
65
58
4
6
20
3
2
198
2
15
2
1
27
146
16
22
2
4
1
109
47
36
25
1
38
137
25
4
3
7
3
1
110
83
1
18
4
2
105
43
17
52
1
25
47
95
47
4
119
70
1
5
14
1
5
3
154
31
24
4
3
1
1
57
89
39
16
2
13
1
1
49
149
19
1
32
18
5
97
33
31
2
9
93
11
56
5
23
14
3
1
2
1
87
89
17
16
5
1
2
1
95
55
34
16
1
2
5
4
3
1
1
1
96
23
98
1
55
155
7
1
218
101
7
51
2
53
1
3
115
15
76
4
6
2
203
6
1
8
180
8
3
16
10
1
182
29
7
145
39
32
1
1
181
25
1
9
1
1
128
17
60
6
2
2
1
2
16
103
18
75
1
1
1
2
1
200
13
3
1
1
123
76
5
1
10
1
2
201
7
8
2
70
109
28
11
49
59
80
20
5
5
77
70
9
39
22
1
214
2
2
211
3
2
1
1
105
51
24
10
4
13
5
2
4
122
20
61
4
6
2
1
2
106
88
13
6
2
2
1
208
9
1
35
103
21
31
23
5
36
76
76
14
1
13
1
1
117
47
9
27
12
2
1
3
207
9
2
179
37
2
215
1
2
180
6
13
17
2
50
2
28
1
29
38
65
3
2
141
18
19
35
3
2
100
11
51
28
1
24
2
1
35
3
31
122
5
10
5
2
4
1
166
49
1
1
1
6
100
44
31
4
9
14
5
4
1
150
32
31
4
1
153
23
33
9
35
133
6
26
17
1
35
149
1
12
4
2
8
6
1
138
25
20
1
25
3
2
2
2
152
47
4
15
189
17
2
5
5
181
16
5
6
6
1
1
1
1
35
99
7
2
29
6
13
26
1
132
5
33
18
12
15
1
2
105
109
3
1
172
16
16
7
1
5
1
123
77
8
3
2
2
3
175
15
27
1
6
158
36
15
1
1
1
196
5
17
139
29
45
1
4
127
71
6
10
3
1
21
5
47
84
2
25
4
30
133
29
22
15
12
1
4
1
1
207
5
5
1
188
26
4
217
1
163
54
1
205
2
8
1
2
180
21
12
2
3
123
16
56
1
11
11
171
30
5
7
2
2
1
158
30
26
1
1
1
1
175
19
5
7
2
7
3
170
46
1
1
137
50
6
25
111
26
41
11
26
1
1
1
119
18
29
24
28
186
12
1
13
3
2
1
143
15
25
21
10
4
81
89
8
10
19
3
1
5
2
40
97
54
1
1
12
3
6
1
3
202
4
10
2
187
10
6
13
2
8
190
19
1
153
19
33
12
1
71
20
10
71
37
2
1
1
4
1
46
150
15
4
1
2
82
97
39
34
154
29
1
41
143
25
4
1
2
1
1
59
26
61
34
4
30
3
1
173
22
19
1
3
37
8
113
23
1
2
7
22
4
1
11
161
42
3
1
203
4
8
3
91
113
8
1
1
4
15
73
77
14
28
11
39
87
57
9
3
16
2
4
1
18
54
120
12
5
1
3
1
1
1
2
144
36
16
19
3
192
22
4
134
58
18
6
1
1
5
56
45
90
3
18
1
55
86
17
13
41
1
1
3
1
125
14
30
29
6
3
4
7
8
31
174
4
1
109
40
21
26
1
21
51
117
19
5
7
14
1
3
1
161
13
32
11
1
75
15
69
58
1
14
45
94
2
45
15
1
1
1
117
15
61
2
10
11
1
1
95
63
22
15
14
9
47
99
11
11
15
29
5
1
32
121
26
21
9
2
5
2
55
61
12
5
84
1
164
32
17
1
2
2
4
183
29
2
217
1
194
3
7
7
1
2
4
199
19
188
12
11
3
4
128
32
6
26
12
2
6
6
62
55
74
10
6
9
2
79
127
5
5
2
129
64
23
2
113
23
74
4
3
1
62
148
6
2
97
80
36
2
1
1
1
174
18
9
10
6
1
48
4
148
4
5
5
4
27
150
22
1
6
12
111
87
18
1
1
1
103
5
1
82
1
9
3
1
1
3
3
1
4
118
60
11
7
5
9
6
1
1
114
73
25
6
58
39
1
40
62
8
5
5
79
122
9
1
2
1
4
96
109
1
7
2
3
217
1
132
21
59
3
2
1
117
53
1
28
15
3
1
4
87
68
56
2
1
146
28
40
2
2
30
60
48
3
75
1
1
183
14
18
3
117
93
4
1
1
2
213
3
2
21
107
54
33
2
1
86
44
74
10
2
2
Number of elements: 2455
