Bin size: 288
Num of Bins: 458
258
8
5
17
157
28
38
3
8
13
9
12
5
2
1
8
1
3
20
173
5
19
29
10
32
102
69
14
13
88
2
101
131
48
5
3
241
19
2
21
3
2
189
47
17
12
23
117
43
39
38
23
19
5
2
2
121
121
1
7
5
31
1
1
274
5
2
1
2
4
36
103
70
10
21
45
3
158
14
40
61
12
2
1
22
100
59
106
1
179
50
29
18
1
2
4
2
2
1
7
208
25
37
2
9
234
32
19
1
2
83
46
136
9
4
6
1
2
1
99
112
47
25
1
1
2
1
94
52
35
94
3
10
204
59
14
10
1
282
3
2
1
247
36
4
1
122
78
58
24
4
1
1
19
60
166
17
8
12
1
5
22
109
134
22
1
121
43
123
1
115
145
13
12
2
1
244
15
17
4
6
2
246
17
17
4
2
2
268
19
1
227
47
2
11
1
174
88
20
4
2
70
25
188
1
2
1
1
280
8
220
12
47
5
4
172
8
89
12
3
1
2
1
285
3
47
16
98
4
15
68
9
7
8
12
2
2
11
272
3
1
1
149
88
27
18
6
23
142
68
52
1
1
1
260
22
2
4
34
89
82
8
75
59
220
9
170
74
29
11
4
250
29
5
3
1
151
38
45
17
16
9
7
5
8
45
103
29
25
53
20
2
1
1
1
201
31
53
1
2
37
31
37
149
18
9
6
1
126
20
102
19
15
5
1
162
87
38
1
39
173
71
3
1
1
115
99
6
9
22
32
3
1
1
136
129
11
1
1
3
5
2
165
43
47
32
1
23
6
139
109
11
91
152
33
6
4
2
251
32
5
75
70
5
13
24
89
8
4
288
71
172
14
19
3
5
2
1
1
124
69
6
63
21
4
1
77
81
77
15
26
12
167
67
25
2
3
24
179
24
68
3
8
5
1
175
40
45
3
15
3
3
3
1
172
19
41
11
24
15
4
1
1
26
211
7
2
38
3
1
268
18
2
154
55
23
1
47
5
3
262
16
4
3
2
1
16
110
57
98
2
5
218
34
5
23
3
2
2
1
83
122
6
41
24
11
1
183
50
17
2
20
13
2
1
232
54
2
140
104
24
11
5
3
1
27
201
52
4
1
2
1
282
6
199
13
28
3
2
15
11
10
3
4
255
33
245
16
21
3
3
73
78
98
8
24
2
1
4
104
12
16
97
37
7
5
4
5
1
124
73
72
19
240
30
18
239
37
12
280
7
1
141
109
10
16
5
6
1
107
167
7
6
1
78
9
44
113
26
9
9
206
51
9
9
13
12
271
1
2
1
1
255
8
22
3
224
55
6
1
2
85
22
73
98
10
167
4
78
9
15
8
4
2
1
142
73
22
18
31
2
188
18
41
14
9
18
218
52
10
7
1
216
13
56
2
1
25
68
70
108
8
6
3
101
37
141
9
13
260
12
2
1
82
94
19
34
3
39
5
9
2
1
136
104
35
11
2
200
12
57
7
4
5
1
2
283
3
2
279
1
1
2
2
2
1
82
203
1
2
87
48
121
10
17
2
3
45
68
133
3
27
10
2
173
81
29
5
108
172
5
2
1
64
162
39
11
6
1
3
2
77
94
98
9
2
4
3
1
186
33
19
47
3
48
50
31
149
4
3
1
1
1
50
210
9
15
3
1
161
67
46
12
2
97
92
88
10
1
181
97
9
1
37
55
104
77
11
2
1
1
282
5
1
141
94
48
5
164
56
32
9
25
1
1
44
50
14
74
83
17
6
273
13
1
1
218
2
11
12
31
6
2
1
2
3
217
44
9
15
1
2
165
14
33
52
12
2
1
4
2
1
1
1
1
9
17
24
120
49
31
35
1
1
95
159
8
20
3
2
1
142
28
24
47
25
11
3
4
4
105
149
10
3
6
2
4
8
1
223
6
22
32
3
2
279
4
1
2
1
1
32
231
15
8
2
29
20
162
68
3
5
1
63
147
42
13
14
5
4
95
135
33
16
3
2
2
1
1
38
109
25
75
32
9
126
16
44
96
3
3
32
80
72
18
16
65
3
2
17
78
75
56
61
1
256
25
3
3
1
37
55
14
36
66
48
14
5
6
6
1
36
251
1
7
275
3
2
1
11
98
147
14
11
5
1
1
26
8
231
6
8
6
3
31
53
47
63
2
17
75
41
33
46
166
1
1
190
24
26
28
12
8
129
131
18
1
6
2
1
75
148
33
18
8
6
281
5
1
1
268
20
3
242
31
5
3
4
194
42
48
2
1
1
57
24
89
1
65
16
32
4
39
36
52
115
14
16
16
129
128
2
11
10
3
5
152
129
4
2
1
259
3
8
13
4
1
82
102
37
19
7
11
20
2
8
241
24
15
5
3
264
13
5
5
1
155
9
114
8
1
1
206
18
58
6
119
50
78
32
1
5
1
1
1
132
25
31
16
67
4
9
4
287
1
165
45
2
51
1
16
4
4
100
67
57
47
11
1
2
1
2
210
27
38
11
2
186
17
47
35
1
2
285
2
1
106
14
70
96
1
1
127
15
73
11
5
11
22
21
1
2
182
85
14
3
1
2
1
186
40
41
5
16
56
33
171
20
7
1
253
1
19
10
1
4
146
111
30
1
14
74
10
21
10
80
64
10
3
2
62
219
4
1
1
1
80
114
68
13
4
1
1
7
105
45
50
57
3
20
1
3
4
287
1
129
115
24
9
3
8
218
61
3
3
3
35
136
53
1
56
3
3
1
15
38
166
41
18
4
4
2
221
36
16
7
1
4
3
97
164
22
4
1
65
218
3
1
1
208
73
4
2
1
245
23
19
1
89
23
72
19
33
11
31
3
5
1
1
201
62
16
5
1
1
2
245
20
9
9
1
4
26
88
50
44
3
71
3
2
1
228
17
14
5
5
4
3
8
1
1
2
288
27
243
3
14
1
189
35
48
6
1
2
3
1
1
2
260
11
15
2
153
69
2
25
9
24
3
3
220
18
6
14
5
14
9
2
200
72
4
6
1
4
1
7
182
96
2
1
11
200
7
2
42
18
2
6
99
95
21
69
2
1
1
79
194
14
1
69
118
44
16
14
6
20
1
33
202
24
9
9
3
1
1
6
256
5
11
2
7
7
45
19
162
31
3
18
9
1
84
32
122
20
17
8
4
1
259
18
7
2
1
1
45
183
24
22
3
2
7
2
26
113
59
29
55
3
2
1
242
43
1
2
188
28
60
1
3
5
1
1
1
191
48
3
4
26
3
13
118
169
1
140
71
56
12
3
1
4
1
42
92
139
15
207
22
19
3
31
3
2
1
112
4
39
86
10
5
19
5
5
3
90
109
76
7
3
3
192
96
272
6
6
3
1
277
6
3
1
1
208
40
13
27
201
20
32
23
11
1
237
25
25
1
56
167
38
16
1
9
1
144
114
24
5
1
119
139
29
1
231
22
26
7
1
1
140
126
12
8
1
1
87
64
101
28
2
5
1
167
23
54
21
14
5
2
2
6
100
138
28
9
7
274
1
3
4
2
4
258
15
6
8
1
193
66
8
3
13
5
92
122
65
9
172
92
18
3
3
181
56
40
1
3
3
4
72
178
28
8
2
201
5
32
6
29
5
5
5
231
36
13
4
2
1
1
195
25
58
2
7
1
14
124
134
15
1
93
91
73
30
1
13
272
1
2
177
104
6
1
243
44
1
123
153
8
4
146
114
26
1
1
200
31
25
30
2
179
74
7
7
17
4
187
32
16
18
14
18
2
1
64
43
135
44
2
148
48
11
7
68
6
27
54
192
9
2
1
2
1
208
22
16
11
1
19
5
2
3
1
25
180
9
45
16
6
4
2
1
48
188
44
8
77
73
127
3
8
2
136
109
11
6
2
15
2
4
1
119
122
15
6
19
3
1
3
250
37
1
101
82
62
20
4
17
1
1
129
27
101
20
2
2
5
2
12
39
54
20
134
23
6
6
38
137
85
2
15
1
2
1
1
213
72
1
1
1
74
152
24
20
3
9
5
1
68
9
128
73
7
2
1
37
158
25
38
19
2
1
4
1
3
57
206
9
10
5
1
108
102
5
36
9
2
22
4
50
34
187
1
4
11
1
69
16
83
10
4
6
13
5
58
3
21
100
115
23
20
4
26
74
180
30
2
1
1
205
14
11
31
24
3
286
1
1
58
98
8
56
53
5
9
1
63
64
110
29
8
10
1
1
2
285
1
1
1
216
56
2
12
2
81
62
124
13
6
2
237
31
7
3
7
2
1
56
90
36
38
1
1
4
4
46
6
5
1
92
161
33
2
279
5
2
2
131
5
4
117
28
3
86
71
126
3
2
106
77
60
33
7
2
1
1
1
178
100
1
9
165
5
73
29
1
13
2
154
83
21
12
18
233
20
13
4
10
1
3
1
1
1
1
2
219
28
31
3
4
1
93
116
13
48
8
4
5
1
259
9
13
7
76
111
27
25
2
28
9
2
6
2
3
131
89
23
8
15
4
11
3
1
252
23
8
3
1
1
124
154
3
5
2
244
3
27
14
141
41
30
60
9
2
3
1
1
257
13
10
8
93
146
4
39
6
61
215
7
4
1
266
17
1
2
2
166
66
40
14
1
1
30
18
116
73
47
4
187
81
7
4
6
3
61
21
2
87
84
32
1
153
7
11
60
11
21
17
6
2
90
187
9
1
1
239
7
38
1
1
2
39
131
47
60
8
3
228
41
9
4
3
3
230
36
20
1
1
168
81
1
19
1
9
9
129
13
143
3
77
12
154
32
7
2
2
2
15
138
62
3
14
22
6
7
18
1
2
50
30
165
30
8
5
26
241
17
3
1
194
30
7
54
2
1
177
35
19
24
13
2
18
186
46
47
5
4
182
56
1
14
33
1
1
29
217
19
17
6
214
1
27
10
32
1
1
2
56
116
84
26
2
3
1
34
168
33
38
7
5
2
1
261
9
13
4
1
162
11
114
1
35
188
8
27
2
21
5
1
1
80
147
5
48
2
3
1
2
263
14
2
7
1
1
178
101
3
2
3
1
172
60
21
25
3
1
2
1
3
137
121
5
22
1
1
1
281
2
2
2
1
191
48
44
3
1
1
36
144
97
3
7
1
17
218
27
23
2
1
152
57
73
3
2
1
253
17
10
3
1
1
1
1
1
73
75
105
1
33
1
252
9
6
19
1
1
80
67
86
38
7
7
1
2
76
130
64
1
9
2
3
1
2
56
191
25
12
3
1
113
69
14
71
3
9
3
2
3
1
173
1
106
3
2
3
73
168
14
25
1
3
1
1
2
141
139
5
2
1
220
2
34
9
15
2
3
2
1
199
84
2
2
1
204
49
35
156
68
31
3
12
13
1
2
2
248
11
18
10
1
92
27
69
53
5
24
4
13
1
239
12
15
12
9
1
31
226
21
3
4
2
1
216
47
21
2
1
1
70
61
76
45
11
15
7
1
2
170
25
63
8
2
10
5
3
2
244
42
2
60
23
141
30
21
4
1
2
6
218
11
22
36
1
153
56
68
3
6
2
150
95
3
19
12
3
3
2
1
185
10
11
78
3
1
149
76
6
43
2
6
3
3
3
128
107
10
12
27
1
99
183
3
3
213
72
2
1
174
86
25
1
1
1
282
5
1
77
27
16
117
14
2
21
1
4
8
1
269
5
3
8
1
2
72
175
25
12
1
1
1
1
230
5
32
13
5
3
16
270
2
269
3
13
1
1
1
126
106
15
26
9
6
166
28
64
26
2
2
95
101
64
4
3
7
2
2
1
9
218
39
29
2
212
37
12
19
6
2
147
40
34
45
1
9
9
3
159
56
8
28
3
22
6
1
3
1
1
232
11
2
16
15
8
3
1
252
29
2
5
96
65
50
16
31
17
10
1
2
17
93
161
5
2
4
5
1
276
11
1
284
4
269
17
1
1
160
34
61
10
6
10
5
2
163
25
25
12
16
1
8
18
10
9
1
66
133
43
20
8
6
9
1
1
1
56
151
4
19
14
12
12
20
140
87
44
13
4
194
26
3
4
12
32
17
201
76
3
6
2
199
68
19
1
1
236
18
12
21
1
286
1
1
10
46
10
134
61
27
270
7
2
8
1
177
38
59
5
9
141
86
30
19
10
1
1
158
4
44
44
14
1
17
6
145
10
20
37
64
10
2
284
1
2
1
83
168
23
5
4
2
3
219
12
27
9
1
19
1
149
40
13
38
28
20
39
240
3
6
253
4
20
4
4
2
1
108
14
33
84
5
27
2
13
2
71
206
7
3
1
43
216
2
3
9
6
7
2
134
1
11
94
14
6
2
6
7
4
5
1
2
1
274
11
2
1
203
37
29
10
2
2
4
1
1
156
78
37
15
1
247
21
16
1
1
2
81
71
15
10
108
3
66
99
71
4
1
42
2
3
170
72
19
25
1
1
254
23
10
1
35
91
91
46
16
9
173
58
32
16
8
1
193
95
58
86
98
32
3
6
5
231
49
6
1
1
122
132
2
25
7
101
87
93
2
3
1
1
27
44
98
77
35
7
82
145
11
30
8
9
3
10
226
14
9
1
19
3
1
4
1
207
29
33
11
8
130
149
6
1
2
Number of elements: 2908
