Bin size: 248
Num of Bins: 462
1
19
101
84
17
14
8
3
1
134
24
68
1
5
15
1
169
34
17
19
3
3
1
1
1
147
32
35
31
3
161
85
1
1
240
7
1
123
40
46
33
4
2
156
55
4
26
7
212
32
3
1
243
5
207
38
3
231
15
1
1
154
90
1
3
38
22
111
72
4
1
138
78
7
8
2
11
1
2
1
197
20
31
239
5
1
3
167
74
3
1
3
17
128
55
38
2
4
4
90
72
63
4
17
2
87
25
5
127
1
2
1
103
64
6
10
7
56
2
136
94
6
7
4
1
55
134
57
1
1
243
3
2
220
16
4
1
4
2
1
232
6
10
207
29
2
10
197
13
33
3
2
118
111
12
6
1
3
41
101
95
2
3
3
115
67
35
5
26
154
52
39
1
1
1
216
2
25
4
1
45
116
72
12
1
1
1
69
62
40
16
52
2
4
2
1
225
7
6
2
2
6
137
34
74
2
1
159
61
11
4
1
10
1
1
127
121
125
122
1
163
23
62
81
65
46
55
1
188
6
17
35
1
1
17
134
78
3
7
1
6
1
1
226
13
6
1
2
154
88
4
1
1
88
53
69
15
22
1
37
191
15
2
3
92
139
13
3
1
73
91
32
37
15
65
17
31
45
7
39
18
13
4
7
2
201
25
15
5
1
1
242
5
1
179
56
11
2
142
66
12
4
5
16
2
1
115
31
78
4
16
2
1
1
44
140
21
36
4
2
1
4
116
84
1
10
30
3
222
23
2
1
225
16
7
244
4
189
59
115
123
9
1
225
17
4
2
24
220
1
2
1
13
23
34
102
35
29
5
3
2
2
196
8
18
13
8
1
3
1
32
171
36
6
2
1
93
80
28
7
29
3
1
6
1
56
32
42
41
68
7
2
21
171
44
10
1
1
127
67
29
3
19
3
87
113
21
8
10
1
8
44
150
49
4
1
110
77
2
14
35
4
3
2
1
246
1
1
75
160
6
1
1
4
1
75
166
1
5
1
197
32
15
3
1
238
7
1
1
1
7
230
5
4
1
1
11
93
133
4
4
2
1
155
58
31
4
13
60
15
8
95
26
11
12
2
4
2
67
154
27
54
91
25
23
42
5
1
6
1
222
11
2
4
7
2
128
6
30
51
7
17
6
1
1
1
100
49
28
48
21
2
20
84
5
95
17
4
15
8
35
82
118
7
6
112
81
26
12
5
7
2
2
1
219
25
4
165
59
6
13
4
1
37
97
45
37
17
10
5
46
98
8
81
14
1
133
26
27
51
4
4
2
1
171
31
2
24
15
5
209
14
3
11
2
9
80
17
118
21
12
70
95
31
29
20
3
182
41
15
3
3
2
1
1
77
1
71
69
1
18
2
6
3
207
41
2
47
1
17
154
23
1
1
1
1
195
33
19
1
81
6
31
16
43
17
17
9
11
1
3
3
3
6
1
149
85
9
3
2
213
5
15
7
6
1
1
123
96
10
10
6
1
1
1
185
62
1
60
86
38
62
2
170
45
16
1
10
4
1
1
63
86
82
13
1
1
2
88
24
125
11
134
48
56
5
2
3
2
52
184
5
3
1
1
157
76
14
1
87
62
10
75
9
1
3
1
162
42
9
19
14
1
1
81
62
88
15
1
1
244
4
155
55
12
22
4
17
101
64
27
10
9
5
11
4
5
95
24
83
25
10
4
2
22
11
81
42
54
15
22
1
220
17
10
1
39
207
2
65
94
73
2
6
3
4
1
222
6
20
240
7
1
236
10
2
123
39
28
58
111
104
15
11
2
5
96
71
62
18
1
107
64
17
39
3
17
1
178
38
23
6
3
155
15
76
1
1
20
77
23
123
4
1
35
39
61
27
42
29
11
3
1
175
57
10
5
1
123
40
63
11
5
4
2
188
27
32
1
55
89
49
43
9
3
248
108
4
133
1
1
1
61
143
12
10
6
9
3
4
88
96
46
3
14
1
37
7
159
17
19
6
2
1
177
60
6
2
1
2
2
132
85
27
1
1
28
1
42
102
72
2
1
130
60
52
6
1
36
23
82
94
10
2
50
74
16
3
68
3
9
17
5
1
2
180
32
36
18
185
10
33
2
62
68
83
5
1
27
2
89
38
100
8
4
4
4
1
15
117
10
22
7
1
20
12
24
1
3
3
10
3
233
3
12
157
91
145
91
9
2
1
74
54
22
55
25
18
212
31
5
88
80
70
5
4
1
246
1
1
193
20
31
4
48
72
52
38
17
3
15
1
2
51
92
15
45
23
12
7
2
1
91
132
20
1
1
2
1
13
126
5
39
49
8
2
3
2
1
2
89
94
23
36
1
1
2
5
180
42
14
3
1
3
7
232
8
1
67
45
100
25
7
4
193
22
6
17
9
1
81
83
16
53
3
6
3
1
1
1
80
1
87
68
5
2
1
2
2
108
96
32
4
7
1
142
38
37
23
6
1
1
226
10
3
3
3
1
1
1
39
80
100
15
9
2
2
1
97
60
48
12
25
5
1
163
1
19
52
4
1
5
2
1
171
49
26
1
1
87
128
7
17
2
5
2
39
156
3
42
6
1
1
248
220
3
14
8
1
1
1
29
212
2
2
1
1
1
205
22
15
2
4
142
88
6
1
10
1
163
53
28
2
2
172
72
4
20
209
7
7
2
2
1
4
198
46
45
120
15
11
26
2
2
25
1
1
88
79
65
3
13
96
10
48
81
11
2
105
50
48
25
4
13
2
1
164
3
70
1
2
5
1
1
1
229
18
1
30
159
6
36
6
5
4
2
91
4
124
2
5
2
7
2
4
3
1
2
1
152
11
12
69
3
1
162
6
12
42
18
2
1
3
1
1
27
37
30
19
71
63
1
66
43
72
29
35
2
1
61
81
70
15
7
13
1
213
9
6
14
6
178
24
44
2
241
7
152
65
15
8
2
6
109
28
53
38
16
1
1
2
130
89
11
9
6
2
1
127
3
95
22
1
148
41
17
31
11
55
36
91
64
2
79
53
6
84
20
5
1
117
115
14
1
1
248
211
1
7
3
13
7
1
4
1
22
161
53
11
1
23
146
75
1
3
178
19
4
19
17
4
6
1
101
67
33
34
1
3
5
4
157
49
22
12
5
3
87
54
8
63
34
1
1
189
35
22
1
1
11
159
34
11
32
1
156
51
21
6
10
2
2
161
67
9
4
3
2
1
1
133
11
70
18
7
8
1
123
25
70
24
5
1
66
154
12
11
1
4
37
68
57
57
23
3
2
1
107
46
65
21
3
3
1
2
187
46
5
4
2
1
1
2
180
12
32
15
7
2
110
85
3
17
6
14
2
9
1
1
44
34
49
119
1
1
184
32
24
6
1
1
25
123
20
54
6
13
3
4
54
83
76
16
18
1
82
121
34
9
2
82
38
101
3
13
6
3
2
111
124
8
3
2
36
60
143
1
4
4
138
34
34
8
16
8
1
5
2
1
1
225
14
8
1
247
1
94
129
21
1
1
2
31
158
14
6
17
12
9
1
53
159
30
3
1
1
1
215
17
2
7
4
1
1
1
65
72
73
2
17
17
1
1
217
21
3
5
2
122
50
55
17
1
1
2
200
21
21
1
3
1
1
161
52
17
6
4
5
2
1
7
70
25
53
27
49
13
2
2
169
67
6
4
1
1
67
117
35
15
3
7
1
3
153
57
5
4
17
11
1
86
27
70
53
7
4
1
240
3
3
2
208
22
5
11
2
98
119
16
9
1
3
2
8
120
63
10
37
9
1
106
5
105
3
7
11
8
2
1
135
93
20
247
1
75
106
6
41
18
1
1
180
22
2
22
7
13
2
28
208
11
1
75
127
31
13
2
69
92
27
44
1
12
1
2
70
130
32
7
8
1
188
26
9
25
161
18
52
7
10
214
17
7
8
2
63
183
1
1
205
13
6
7
4
5
1
2
5
213
25
7
2
1
113
90
45
77
137
17
10
1
4
2
233
15
80
65
51
10
19
17
2
4
76
56
44
36
14
5
12
5
164
37
29
16
2
170
51
23
2
1
1
117
12
13
74
22
9
1
129
102
8
2
1
6
45
110
70
23
19
184
1
7
28
7
1
1
78
44
34
17
64
3
2
5
1
88
117
41
2
5
172
46
20
4
1
205
24
17
1
1
167
25
11
20
5
18
1
1
77
88
83
188
29
16
13
2
70
66
38
16
15
14
3
11
9
6
163
57
12
5
4
6
1
129
38
33
21
1
8
1
17
118
18
100
3
4
3
1
1
214
10
10
2
3
1
6
2
39
109
12
27
45
2
11
3
226
14
4
2
1
1
162
60
24
1
1
142
65
9
1
20
8
1
2
156
24
66
1
1
15
9
31
165
12
14
2
116
12
101
10
4
2
3
11
155
21
37
17
6
1
80
43
77
18
23
1
6
105
100
31
11
1
131
65
31
2
15
4
42
115
2
54
10
2
17
4
2
27
4
104
19
21
22
26
11
2
4
2
3
3
151
78
14
4
1
12
218
17
1
61
149
27
5
1
2
3
241
2
5
149
86
1
10
2
101
74
41
28
1
1
1
1
91
61
19
57
7
4
5
2
2
52
37
5
99
19
11
9
4
7
1
2
1
1
141
45
39
7
10
4
1
1
51
103
72
20
1
1
170
38
29
6
1
4
151
59
12
6
15
1
3
1
133
11
13
79
1
7
3
1
216
24
3
3
1
1
209
6
33
82
8
139
10
1
8
38
122
77
7
3
1
88
91
1
5
52
4
4
1
1
1
10
147
69
3
4
2
9
1
1
2
37
58
134
6
9
3
1
232
10
2
4
122
57
27
30
5
4
2
1
240
5
3
211
34
2
1
222
25
1
217
16
12
2
1
33
122
59
28
2
1
3
172
51
10
13
2
231
3
2
3
9
21
64
127
2
9
13
12
150
82
2
10
2
1
1
203
2
2
38
2
1
228
9
9
1
1
16
173
19
40
2
8
21
51
132
30
1
1
2
244
3
1
38
197
1
10
1
1
88
116
37
2
3
2
17
52
136
21
20
1
1
32
186
30
120
95
5
22
1
3
2
59
123
16
31
8
2
3
6
5
50
159
24
5
5
30
156
38
6
1
7
6
4
131
37
4
11
52
1
5
3
4
31
144
11
54
3
1
2
2
57
131
15
4
29
4
7
1
61
134
25
12
10
1
3
1
1
123
59
56
10
210
22
13
3
120
62
27
21
18
36
209
3
241
1
3
1
1
1
194
54
216
19
5
1
3
1
2
1
82
160
2
3
1
241
3
2
2
101
35
11
42
21
17
14
4
3
66
45
80
11
29
9
6
1
1
85
42
59
53
1
1
7
77
14
60
55
35
5
2
148
97
1
1
1
216
29
3
192
25
31
51
104
11
49
6
12
8
4
2
1
158
34
42
8
2
2
2
53
165
21
5
1
3
45
92
95
16
26
33
31
96
62
227
8
6
3
3
1
152
50
8
24
9
5
62
56
82
20
23
4
1
81
87
71
5
3
1
132
99
9
3
5
70
35
9
133
1
246
1
1
193
14
12
9
8
11
1
94
54
75
24
1
68
12
36
91
38
3
85
161
2
7
28
10
98
52
52
1
10
51
71
63
49
4
156
29
7
3
39
9
1
4
131
58
5
40
13
1
119
115
14
89
124
4
3
27
1
89
68
53
5
15
5
13
160
43
42
2
1
172
38
19
18
1
203
12
14
12
4
1
1
1
228
2
12
1
1
2
2
215
8
15
1
9
82
78
60
16
6
6
34
45
168
1
72
119
31
25
1
215
31
2
29
125
5
40
32
2
13
1
1
210
11
16
7
2
1
1
103
121
2
7
1
3
1
5
5
153
92
1
2
21
188
2
18
15
2
2
196
28
22
1
1
87
101
53
7
162
84
1
1
171
26
4
26
18
1
2
240
4
2
2
205
7
9
27
28
126
60
29
5
49
83
87
6
9
14
54
159
13
19
3
99
96
12
38
2
1
170
49
16
9
1
2
1
104
95
19
3
18
4
3
2
18
167
9
24
24
3
3
152
74
16
4
2
198
32
18
67
76
88
17
182
3
40
4
16
3
136
59
10
21
5
7
6
1
3
247
1
134
18
83
2
9
1
1
52
122
38
19
12
2
2
1
1
219
19
6
1
1
1
72
120
1
3
49
1
1
1
42
132
12
58
2
1
1
185
45
4
14
18
35
127
13
37
16
1
1
51
1
13
19
83
37
15
2
3
20
4
139
25
71
9
2
1
1
96
39
84
5
1
8
5
10
242
5
1
99
56
44
10
1
3
20
5
4
4
1
1
56
184
2
3
3
129
23
34
20
6
18
13
5
179
26
28
4
9
2
99
128
20
1
150
84
4
5
3
2
13
205
10
12
2
4
2
164
43
38
3
200
23
17
2
2
4
Number of elements: 2828
