Bin size: 247
Num of Bins: 414
151
35
47
7
7
116
95
34
1
1
239
1
7
15
182
18
9
4
4
3
2
4
2
3
1
129
82
23
5
4
4
26
13
152
28
10
15
2
1
167
76
2
2
227
9
4
3
3
1
67
12
8
36
111
13
96
112
30
5
2
1
1
67
136
2
9
21
11
1
25
27
83
67
22
3
15
5
178
47
16
2
2
1
1
31
42
142
13
6
8
3
2
10
34
17
32
105
39
1
9
5
240
2
149
87
5
4
1
1
81
74
92
53
168
26
180
56
9
1
1
57
53
126
9
1
1
153
55
28
4
7
117
103
5
14
7
1
121
117
9
56
117
22
1
4
34
6
4
3
96
106
32
7
4
2
93
62
58
1
13
5
4
6
2
2
1
186
32
23
6
225
16
3
1
2
210
3
17
13
1
3
61
39
37
5
66
14
23
2
170
48
3
13
7
4
1
1
40
182
3
14
8
68
115
56
8
11
56
176
3
1
87
74
82
4
134
74
15
5
16
2
1
128
52
23
5
13
11
15
84
75
1
60
5
21
1
105
77
30
29
3
1
1
1
31
14
150
31
13
8
190
23
20
11
2
1
101
67
67
4
5
2
1
52
76
41
68
7
1
2
195
35
9
8
135
30
73
8
1
192
43
2
10
245
2
133
82
3
27
1
1
212
13
13
8
1
32
206
1
7
1
222
12
2
6
4
1
245
1
1
160
58
8
20
1
73
119
32
23
243
3
1
4
36
163
22
2
12
8
122
99
16
7
1
1
1
62
92
58
13
6
2
1
2
9
1
1
8
177
54
5
3
242
1
4
146
33
67
1
19
51
132
9
3
4
29
77
63
102
3
1
1
74
13
1
94
42
16
4
3
15
203
22
5
2
133
88
26
124
38
55
4
18
4
4
233
10
3
1
96
25
91
10
22
3
137
19
73
15
3
125
16
18
33
32
16
6
1
124
88
16
3
14
1
1
242
3
2
247
244
2
1
101
81
25
26
5
2
7
118
38
31
38
22
239
4
4
203
34
8
2
31
114
54
14
29
4
1
224
8
14
1
123
97
9
2
4
1
4
4
3
123
113
5
6
67
36
65
61
2
12
4
144
25
35
16
19
1
6
1
193
34
4
15
1
193
48
6
238
5
3
1
38
42
161
5
1
181
4
11
14
20
3
8
2
3
1
202
8
27
4
2
4
151
13
51
6
3
2
19
2
236
1
7
3
245
1
1
239
1
1
6
207
24
10
1
5
219
8
5
13
2
154
32
4
36
18
3
154
64
19
9
1
75
152
6
7
2
3
2
241
3
2
1
165
10
58
13
1
108
4
18
107
5
2
2
1
143
36
20
29
17
1
1
107
5
111
18
1
5
241
1
3
2
24
116
36
39
18
11
3
209
2
23
12
1
187
55
1
3
1
223
11
10
1
1
1
231
1
10
2
1
1
1
124
55
48
8
9
1
1
1
19
101
69
56
1
1
113
13
44
57
16
4
46
102
48
42
5
1
2
1
151
89
1
6
80
134
13
16
2
1
1
151
24
41
5
7
9
7
2
1
30
165
29
7
12
3
1
30
146
43
20
2
2
4
13
117
110
5
2
52
58
76
24
12
6
19
123
82
7
35
126
106
3
2
10
102
63
26
27
28
1
77
23
97
9
30
10
1
75
167
1
4
174
54
8
9
2
139
29
54
7
17
1
125
108
12
2
200
2
15
7
16
7
113
119
2
9
4
213
33
1
121
89
25
12
182
22
3
16
6
7
8
1
2
3
3
180
58
3
162
43
4
33
1
3
1
151
53
31
7
2
3
16
202
22
1
1
2
1
1
1
37
74
112
1
19
4
140
73
13
4
8
5
3
1
137
97
6
3
4
12
7
97
21
33
4
21
41
7
4
182
22
15
4
8
16
13
109
34
88
1
2
13
50
132
49
3
179
23
26
1
1
4
9
1
1
1
1
121
5
34
67
2
8
5
2
3
25
150
19
36
16
1
155
77
12
1
1
1
84
39
7
17
91
7
2
227
9
1
9
1
135
108
4
172
36
22
1
10
6
227
19
1
190
36
9
7
3
1
1
6
179
14
6
24
16
1
1
16
17
35
94
75
5
2
2
1
238
3
2
1
3
59
41
92
10
16
20
8
1
40
90
87
25
4
1
78
13
54
20
72
7
2
1
143
32
10
30
25
7
174
47
3
7
8
7
1
94
29
6
9
48
3
47
6
1
4
15
120
111
1
174
27
2
5
24
9
3
2
1
76
62
35
40
15
4
2
7
1
3
1
1
28
32
73
25
30
19
35
3
1
1
63
72
21
60
16
14
1
241
1
2
3
140
30
54
19
3
1
189
17
37
4
196
46
4
1
183
1
59
2
2
104
85
17
17
16
3
1
3
1
134
99
13
1
31
178
23
6
2
4
2
1
156
28
37
16
1
7
1
1
26
25
30
73
41
14
7
6
8
16
1
238
4
2
1
2
209
1
30
4
2
1
143
69
32
3
19
177
45
6
60
119
59
4
4
1
112
126
5
4
51
48
117
6
22
3
178
49
2
13
4
1
8
129
89
12
8
1
62
17
115
14
26
11
1
1
122
70
44
1
10
148
87
3
4
3
1
1
37
200
3
4
1
1
1
190
41
6
7
1
1
1
142
45
48
2
3
1
4
1
1
244
1
2
209
27
8
2
1
191
14
24
11
6
1
91
36
111
5
1
1
1
1
126
10
79
16
12
2
1
1
96
31
80
21
14
3
1
1
173
23
48
2
1
101
115
11
13
5
1
1
27
127
51
24
3
5
7
3
242
3
1
1
5
197
26
14
5
211
35
1
146
91
4
6
191
1
46
6
3
84
27
58
24
12
20
18
3
1
218
2
13
12
1
1
105
65
13
44
5
14
1
107
89
19
7
4
10
7
3
1
180
57
1
4
4
1
149
58
26
12
1
1
22
138
14
31
11
14
9
3
1
2
1
1
124
104
6
7
6
180
33
17
17
123
104
2
5
8
5
236
8
1
1
1
33
133
65
7
9
221
2
7
8
5
2
2
44
113
10
15
35
22
3
3
1
1
186
42
16
3
106
49
33
36
13
9
1
176
14
2
35
2
16
2
105
96
12
15
7
12
210
14
22
1
50
197
203
27
3
8
3
2
1
98
65
32
33
8
6
2
2
1
33
161
48
5
40
31
112
40
2
6
2
12
2
217
2
16
11
1
179
36
13
3
10
6
184
47
16
202
30
3
7
1
2
2
140
105
1
1
65
171
8
1
1
1
232
4
8
2
1
165
34
5
43
190
6
9
7
23
4
8
38
28
14
77
89
1
179
19
44
2
3
36
189
8
5
7
1
1
148
62
12
11
4
10
102
107
23
5
10
155
69
6
12
3
2
116
11
109
8
3
64
138
5
30
4
4
2
82
81
12
16
19
16
1
15
2
3
214
29
1
1
1
1
48
53
12
18
8
47
37
17
6
1
181
24
36
2
3
1
115
69
39
17
7
6
202
4
11
24
25
87
4
91
40
42
110
6
40
32
12
4
1
81
96
69
1
106
51
80
8
2
59
186
1
1
75
119
36
6
2
3
3
2
1
244
2
1
73
158
5
8
2
1
221
15
9
1
1
83
37
61
56
10
247
171
17
36
2
14
6
1
99
54
52
40
1
1
73
39
93
24
15
1
1
1
113
107
4
3
11
5
1
1
2
75
71
66
33
1
1
205
22
5
11
2
1
1
30
75
2
90
22
26
1
1
212
22
10
1
1
1
85
82
39
6
13
10
11
1
115
92
7
1
7
24
1
15
86
107
7
23
9
228
5
10
2
1
1
125
59
26
19
18
185
50
3
1
1
7
31
115
45
14
15
11
11
4
1
96
97
54
185
14
44
1
2
1
29
176
36
1
5
52
164
5
26
16
98
89
5
6
8
23
1
1
65
32
144
3
2
1
35
58
16
22
64
48
4
205
30
2
5
1
3
1
182
34
27
2
2
225
7
3
8
3
1
20
183
31
10
1
1
1
105
45
8
79
6
2
2
202
1
13
22
5
4
76
113
34
8
4
3
5
4
67
105
20
15
20
15
3
2
82
6
76
81
2
25
157
23
41
1
65
135
7
20
11
6
3
150
60
4
24
2
7
174
5
60
4
4
241
5
1
5
139
80
5
1
14
2
1
3
135
81
21
2
1
4
17
127
103
232
15
188
32
1
9
3
10
3
1
171
7
14
38
6
6
1
2
2
49
156
41
1
143
36
13
42
4
1
5
2
1
119
108
18
2
139
14
28
44
9
3
10
2
59
7
175
3
1
144
65
38
186
12
16
1
5
7
14
4
1
1
81
3
138
23
2
184
7
39
4
9
4
57
12
138
11
23
2
3
1
71
125
35
2
6
6
1
1
190
20
19
9
5
3
1
10
147
9
76
4
1
145
91
1
3
7
181
59
7
78
23
126
19
1
56
188
1
2
31
73
102
37
2
2
115
113
18
1
156
91
11
54
76
81
8
10
6
1
66
59
28
92
2
29
206
2
2
2
3
3
225
4
3
7
7
1
17
132
47
5
13
9
11
7
1
1
2
2
102
76
49
4
6
4
4
2
197
48
1
1
43
201
3
115
73
35
1
19
4
118
77
35
8
7
2
176
35
12
1
11
4
1
5
1
1
90
109
38
8
1
1
10
56
125
42
1
6
6
1
50
181
14
1
1
237
9
1
154
1
46
37
9
110
107
1
1
27
1
97
140
3
6
1
94
107
32
11
1
1
1
76
99
27
22
18
4
1
237
7
1
1
1
67
114
16
23
14
7
6
117
105
25
126
96
16
3
1
4
1
62
172
2
1
8
1
1
44
39
137
24
1
2
130
7
76
20
2
10
2
134
53
43
10
5
2
38
43
145
5
8
5
3
25
24
159
29
8
1
1
15
229
3
220
25
1
1
229
2
5
9
1
1
92
99
23
23
4
3
1
1
1
230
15
1
1
64
176
3
1
2
1
111
131
3
2
183
2
50
9
1
1
1
209
33
3
1
1
229
10
7
1
129
103
7
8
106
127
3
11
201
44
1
1
115
111
1
3
10
4
1
2
163
5
48
20
2
3
5
1
223
3
20
1
8
32
59
94
33
13
7
1
108
45
28
11
12
19
3
6
7
6
2
41
200
6
169
78
231
13
2
1
171
53
12
3
3
2
1
1
1
73
128
20
3
8
4
4
1
2
1
1
2
203
42
1
1
97
99
11
34
5
1
43
100
90
12
1
1
180
22
43
1
1
9
134
52
17
20
2
8
2
3
146
30
25
25
19
2
74
35
110
8
1
2
12
2
1
2
83
4
91
10
8
37
3
1
8
1
1
211
13
17
1
4
1
121
113
13
205
24
5
11
1
1
205
17
25
218
12
14
1
1
1
166
64
10
1
3
3
54
112
80
1
119
95
21
2
3
7
16
67
158
4
1
1
170
4
68
1
1
3
189
26
11
13
3
2
2
1
244
2
1
74
108
60
1
4
152
12
48
10
24
1
184
53
7
2
1
197
9
28
12
1
235
12
229
18
85
112
7
12
27
3
1
85
151
10
1
238
7
2
48
10
75
32
36
19
25
2
58
155
16
8
10
Number of elements: 2472
