Bin size: 292
Num of Bins: 335
287
4
1
203
79
8
2
102
36
131
20
2
1
65
191
30
4
1
1
254
32
3
3
206
24
36
22
1
2
1
214
70
1
6
1
111
120
54
6
1
256
29
1
2
1
2
1
235
48
6
2
1
91
26
45
19
43
43
4
10
9
1
1
225
65
1
1
128
79
3
28
30
21
1
2
195
82
13
2
90
158
20
10
3
10
1
111
177
2
1
1
233
54
2
2
1
40
106
120
15
7
2
2
7
137
31
6
57
26
1
4
21
1
1
60
216
5
4
2
2
3
279
11
2
43
243
2
3
1
122
162
4
4
269
4
10
2
4
1
1
1
109
98
20
41
8
2
2
9
3
143
121
25
3
80
43
152
2
8
4
1
2
146
30
44
6
10
30
1
6
1
4
8
3
2
1
256
5
20
3
5
2
1
275
9
5
3
259
25
3
4
1
27
147
95
17
5
1
164
68
47
1
1
11
96
117
57
2
1
11
8
211
38
20
5
8
3
4
3
13
19
47
23
183
7
134
54
73
20
5
6
233
41
11
2
2
2
1
171
62
36
23
18
12
18
141
40
21
10
10
13
3
5
1
26
19
179
62
1
4
1
267
19
6
8
67
91
18
22
82
2
1
1
164
11
105
1
11
117
69
96
2
5
1
2
190
95
1
2
1
1
1
1
229
39
8
10
3
3
153
36
86
15
1
1
62
95
83
3
45
4
287
4
1
37
78
159
16
2
127
153
6
1
2
2
1
258
10
13
11
119
75
20
51
27
187
2
30
41
30
2
164
5
119
4
9
64
178
34
2
4
1
280
8
1
2
1
212
74
5
1
155
67
27
24
14
2
3
169
113
5
5
44
203
24
20
1
64
146
37
43
2
153
11
53
66
7
1
1
271
12
3
1
4
1
12
217
45
1
4
5
3
1
4
172
72
22
21
1
3
1
193
47
3
34
6
8
1
98
62
18
28
74
8
4
5
119
18
55
85
7
2
1
220
12
50
1
3
1
2
2
1
35
177
65
11
4
166
10
51
59
1
4
1
262
26
2
1
1
132
39
115
5
1
84
8
43
103
25
15
9
3
1
1
38
221
2
1
9
4
4
3
8
2
25
162
17
43
22
16
5
2
103
107
65
2
12
1
2
91
52
143
1
5
25
86
143
6
23
9
256
25
9
1
1
199
13
58
19
1
2
166
80
42
3
1
259
28
3
1
1
148
43
81
11
7
1
1
175
97
15
3
1
1
180
80
2
13
9
4
3
1
272
16
3
1
213
16
10
6
37
1
7
1
1
1
174
84
29
3
1
178
91
11
4
7
1
186
32
12
17
9
20
2
12
1
1
277
2
8
3
2
195
83
11
2
1
40
57
98
17
40
12
24
3
1
190
17
81
4
90
55
24
114
3
2
4
109
1
32
3
101
36
1
4
3
2
120
144
9
10
2
7
58
84
12
7
74
43
13
1
128
121
17
18
5
2
1
44
154
37
54
2
1
161
1
22
17
67
22
2
107
79
11
42
27
23
3
164
27
100
1
259
1
30
2
277
6
7
1
1
290
1
1
248
15
19
3
5
2
73
170
30
8
7
2
2
181
35
19
55
2
179
41
71
1
236
41
2
4
1
4
3
1
238
34
9
8
1
1
1
134
123
4
23
5
2
1
167
84
24
5
8
2
2
268
21
3
17
224
45
5
1
89
6
182
14
1
215
71
1
4
1
186
28
15
3
36
15
6
2
1
45
24
76
92
1
2
22
21
5
2
1
1
127
138
8
14
1
3
1
11
21
230
14
14
2
248
8
30
1
2
1
1
1
198
24
54
12
1
3
282
9
1
224
40
6
17
4
1
211
21
52
6
2
83
83
17
54
45
8
2
100
171
17
2
1
1
40
42
46
111
10
2
23
9
5
2
1
1
197
55
33
7
169
66
14
20
18
1
2
1
1
239
38
9
4
1
1
112
156
23
1
257
30
1
4
136
3
104
39
1
9
115
36
36
89
8
7
1
23
111
132
19
6
1
44
242
5
1
148
25
21
56
37
2
2
1
144
63
65
13
2
5
213
67
1
6
1
3
1
267
23
1
1
104
146
14
2
25
1
55
129
32
50
20
2
4
83
163
4
11
14
10
7
125
14
23
75
6
27
14
4
1
2
1
163
46
42
26
3
11
1
17
23
98
148
3
1
1
1
60
45
132
7
18
21
2
5
2
37
232
22
1
147
37
101
1
3
2
1
141
65
1
45
12
4
11
5
7
1
117
25
43
49
9
47
1
1
189
54
35
4
7
3
8
283
1
211
27
35
3
9
2
3
1
1
234
14
16
13
6
7
1
1
87
203
2
234
10
24
4
6
14
95
115
44
14
23
1
228
63
1
204
33
43
4
8
209
9
69
3
1
1
257
20
2
1
1
7
2
2
83
102
86
5
2
3
4
2
2
3
226
54
12
263
6
21
2
53
221
12
5
1
237
48
6
1
25
140
127
139
129
16
1
7
170
20
95
4
3
144
144
3
1
214
53
13
4
1
6
1
287
2
2
1
28
255
2
5
1
1
111
132
29
15
4
1
181
71
28
8
2
1
1
248
1
37
5
1
179
4
98
3
4
4
188
82
7
8
3
3
1
141
63
11
68
6
2
1
239
18
20
15
31
242
9
5
1
1
1
1
1
202
48
28
6
7
1
244
23
18
5
2
221
35
23
5
4
3
1
131
91
63
4
2
1
183
34
1
42
13
16
2
1
218
72
1
1
104
184
3
1
94
72
80
24
18
4
137
151
4
263
24
3
1
1
129
31
101
16
9
6
143
28
74
5
16
10
13
2
1
180
46
5
50
9
2
266
26
288
4
141
40
24
4
74
7
2
176
2
27
44
43
81
77
62
15
1
8
5
14
3
5
12
7
1
1
210
1
3
12
15
27
8
16
153
116
10
1
1
11
210
28
3
3
12
35
1
135
143
5
4
4
1
65
185
34
2
3
1
1
1
86
190
11
1
4
95
53
47
7
88
2
31
170
84
4
2
1
118
130
24
6
13
1
188
101
1
2
284
3
4
1
243
16
29
1
1
1
1
216
71
1
2
2
59
53
154
20
2
2
2
95
192
2
1
2
195
45
52
271
6
12
2
1
93
196
2
1
209
52
3
1
23
3
1
287
5
283
9
34
83
22
93
19
17
8
12
1
1
2
98
120
42
2
5
7
8
3
7
291
1
267
15
6
1
2
1
30
190
22
46
1
3
146
135
10
1
156
65
54
3
11
3
150
6
6
14
100
13
3
115
8
35
87
39
3
3
2
95
142
8
5
9
17
10
3
3
226
52
7
7
24
217
36
9
6
260
11
21
253
1
37
1
58
54
121
19
17
19
3
1
289
3
225
47
13
7
218
53
18
3
275
15
2
64
113
97
12
5
1
180
110
2
188
77
26
1
220
14
10
42
2
2
1
1
224
8
17
15
9
4
3
2
10
19
186
67
11
7
2
189
92
3
4
2
2
61
175
41
11
3
1
132
147
12
1
250
7
18
7
5
3
1
1
13
266
7
2
3
1
80
78
73
47
5
9
61
147
68
7
5
3
1
163
68
13
21
26
1
173
110
4
3
2
276
4
2
3
4
2
1
60
204
3
2
2
9
4
2
1
2
2
1
217
72
1
2
276
9
4
2
1
177
55
27
4
20
1
8
194
31
4
1
12
39
1
7
1
1
1
60
29
132
59
6
6
292
137
27
122
1
3
1
1
21
145
120
6
51
13
80
116
5
18
1
2
2
4
157
114
18
3
153
90
31
4
7
1
2
4
144
139
8
1
70
189
24
7
1
1
210
9
53
17
1
2
146
146
279
2
7
3
1
135
96
45
4
2
1
2
3
1
3
185
2
35
33
25
6
1
1
1
3
112
178
1
1
190
71
20
6
1
3
1
235
52
2
2
1
206
63
4
3
3
5
2
2
4
145
41
7
24
67
2
6
255
5
30
1
1
164
22
69
16
19
2
122
25
57
31
46
6
1
3
1
239
48
4
1
152
74
48
16
2
59
28
73
47
68
17
198
41
53
81
84
96
23
7
1
75
137
80
266
23
1
1
1
241
41
1
5
4
114
167
10
1
243
17
11
14
3
1
3
98
58
45
15
66
7
1
1
1
151
36
9
89
6
1
182
105
2
2
1
39
165
59
29
5
260
7
18
2
228
47
9
6
2
180
86
15
8
2
1
97
90
79
21
3
2
240
12
2
9
11
8
7
3
179
52
41
18
2
27
185
46
14
19
1
26
225
24
16
1
2
188
59
31
1
7
2
1
1
125
8
156
1
1
1
248
39
5
213
45
20
8
3
3
39
36
113
82
20
2
261
30
1
98
117
49
24
4
150
29
14
67
17
15
277
15
75
49
102
45
6
12
3
165
10
18
47
5
40
3
4
292
20
195
4
55
12
2
3
1
282
8
2
1
20
48
85
113
2
20
3
36
69
135
45
3
1
1
2
49
172
63
2
2
3
1
197
88
7
290
2
247
20
14
9
2
91
198
1
2
118
104
56
2
4
1
6
1
264
28
267
10
13
2
Number of elements: 2009
