Bin size: 161
Num of Bins: 301
61
16
41
1
10
7
16
7
1
1
106
52
1
2
109
13
9
30
43
3
60
26
7
21
1
96
48
16
1
60
67
7
11
10
1
4
1
25
46
48
20
1
15
5
1
32
108
7
13
1
149
8
1
2
1
6
138
12
4
1
123
8
2
15
11
2
42
77
27
13
1
1
72
4
22
39
15
6
1
2
110
23
10
5
12
1
88
51
6
8
8
40
15
45
9
1
12
25
12
2
24
5
12
68
19
16
16
1
133
26
1
1
125
15
17
3
1
34
49
48
29
1
60
78
22
1
150
1
3
1
4
2
105
8
34
8
3
3
39
44
65
9
4
76
28
7
20
29
1
57
47
11
38
3
5
95
16
14
14
18
4
156
5
21
46
3
24
29
36
1
1
8
67
76
4
1
3
1
1
41
40
55
23
1
1
89
52
16
1
1
1
1
84
17
9
27
21
2
1
131
6
6
6
11
1
48
81
29
1
1
1
62
31
17
35
6
1
9
5
143
9
1
1
1
1
109
41
2
5
2
1
1
138
19
4
141
4
16
73
15
73
151
2
3
2
2
1
22
65
23
16
20
8
4
2
1
84
62
11
1
1
2
111
36
4
4
1
2
1
1
1
148
4
7
2
156
3
2
71
31
57
2
27
44
83
1
4
1
1
121
29
8
1
2
99
45
11
2
1
1
2
126
23
7
1
3
1
67
75
14
3
1
1
83
15
63
74
35
18
11
19
3
1
46
68
1
34
5
3
3
1
130
10
9
7
4
1
155
3
1
1
1
150
1
5
1
4
138
11
10
2
95
10
21
28
1
6
67
1
39
27
8
17
2
108
12
10
3
10
15
1
1
1
99
4
39
16
3
86
30
37
1
6
1
138
23
74
52
28
7
70
26
51
1
13
155
1
5
137
4
1
7
3
8
1
39
112
3
6
1
43
25
72
10
9
1
1
29
30
66
14
20
1
1
124
11
25
1
116
24
11
3
4
3
47
61
33
6
13
1
81
78
1
1
41
120
94
10
3
23
31
113
30
9
7
2
151
1
6
3
96
32
5
26
1
1
152
9
36
82
11
32
52
99
2
5
1
1
1
141
14
4
2
37
108
4
4
7
1
151
8
2
80
54
2
8
6
4
3
2
2
116
3
36
3
3
132
12
9
1
3
3
1
100
18
19
8
14
1
1
142
16
1
1
1
96
18
47
92
41
11
3
4
10
56
68
17
11
1
4
2
2
79
30
48
4
26
35
44
27
1
25
1
2
97
48
12
3
1
65
10
58
23
5
117
16
14
4
5
3
1
1
53
21
25
6
3
19
33
1
107
47
6
1
12
92
54
3
34
14
21
50
18
2
12
5
4
1
132
19
10
71
9
30
43
3
5
6
125
30
122
16
13
1
4
4
1
56
95
10
14
74
62
1
1
8
1
122
7
1
17
14
66
47
22
16
7
1
2
111
20
27
1
1
1
32
62
20
23
4
20
10
63
76
8
3
1
95
21
37
5
1
2
20
127
4
3
5
1
1
152
3
2
1
3
61
9
67
10
13
1
78
6
43
20
3
2
6
3
77
75
5
4
80
42
3
31
5
123
15
7
2
8
3
1
1
1
70
42
33
6
9
1
113
13
3
15
15
2
48
98
14
1
87
36
17
2
18
1
130
30
1
40
57
1
12
39
6
6
119
24
3
3
6
2
3
1
136
4
6
15
130
19
1
3
3
5
96
11
1
2
15
6
30
90
3
60
8
53
23
37
4
36
5
2
1
80
41
34
4
2
107
44
8
2
130
16
9
3
2
1
34
56
39
29
1
2
20
20
33
25
26
1
23
13
11
132
14
3
1
10
37
6
48
54
1
3
1
1
64
79
11
2
3
1
1
54
75
22
8
1
1
113
13
12
5
12
5
1
60
83
18
72
65
16
4
2
2
41
68
10
38
1
1
2
40
75
28
5
3
6
2
2
58
49
38
10
4
2
82
69
2
3
3
2
4
104
44
2
7
136
9
15
1
126
12
1
12
3
1
2
2
1
1
44
23
69
5
7
8
2
1
2
118
37
1
1
1
1
2
53
8
35
1
11
33
17
1
2
47
48
12
15
30
5
2
2
41
71
42
3
2
1
1
119
4
6
1
6
3
15
2
1
4
15
58
10
35
37
5
1
85
13
50
13
43
106
3
1
8
20
102
7
16
14
2
143
5
7
3
2
1
15
97
45
2
2
152
9
83
46
31
1
46
66
40
8
1
33
21
15
55
21
6
2
5
1
2
21
48
57
34
1
132
26
2
1
147
6
5
2
1
36
9
77
30
8
1
97
42
18
4
2
43
91
18
3
3
1
31
64
47
9
8
2
82
74
5
62
81
11
3
1
3
111
27
1
15
3
3
1
89
58
10
4
96
2
2
60
1
7
9
19
68
36
15
7
117
28
4
1
1
9
1
127
11
8
13
2
137
1
14
5
3
1
65
71
6
16
2
1
159
2
155
6
93
65
1
2
124
8
8
10
3
7
1
24
65
49
23
74
14
21
44
7
1
80
17
35
25
2
1
1
96
2
25
34
1
1
2
60
36
24
13
1
11
11
2
3
22
103
17
4
9
4
2
67
44
47
3
110
16
22
11
2
14
59
57
26
1
1
2
1
63
91
1
5
1
108
15
9
28
1
150
5
4
2
88
6
39
26
1
1
17
85
56
2
1
8
132
2
15
4
50
80
1
1
28
1
2
158
1
16
77
24
26
10
5
1
2
1
30
122
2
4
1
1
132
18
5
5
1
13
92
52
4
123
33
2
1
2
87
67
3
3
1
67
62
5
10
5
7
3
2
12
2
41
5
74
19
8
99
48
9
3
2
153
4
1
2
1
84
20
2
55
135
9
2
4
1
2
4
1
3
87
38
25
10
1
102
17
31
7
4
45
28
53
3
29
2
1
90
26
31
3
11
144
11
4
2
70
46
34
11
52
19
40
7
16
2
9
1
8
1
6
31
88
3
15
13
8
2
1
24
92
35
6
1
3
144
12
3
2
80
76
5
131
23
3
1
1
1
1
18
56
24
2
20
18
21
1
1
106
22
22
8
1
1
1
20
89
17
8
6
19
1
1
130
23
1
5
2
110
14
30
1
3
2
1
159
1
1
66
78
6
7
3
1
88
7
54
7
2
3
158
2
1
54
57
27
16
7
47
40
37
14
21
2
123
2
32
1
2
1
67
85
6
2
1
134
2
10
10
3
2
92
7
11
38
8
3
2
159
2
57
68
13
17
2
1
1
1
1
32
10
42
59
9
6
2
1
100
10
41
4
5
1
13
18
81
39
3
7
60
90
4
4
2
1
101
26
2
15
13
3
1
46
86
8
14
7
101
41
19
94
32
2
24
4
4
1
107
15
38
1
124
13
1
20
1
1
1
134
19
7
1
46
29
66
6
12
2
112
18
8
13
7
2
1
138
16
4
2
1
107
29
22
2
1
137
13
6
1
4
56
42
61
1
1
81
7
2
39
14
1
4
3
1
3
4
1
1
88
44
19
5
2
2
1
20
91
40
7
3
108
50
2
1
142
10
6
2
1
111
41
3
1
3
1
1
138
1
2
7
4
3
6
144
11
1
3
1
1
41
41
23
41
12
3
160
1
153
8
57
77
25
2
97
64
1
80
80
84
4
13
51
9
112
21
23
4
1
93
64
3
1
59
56
32
14
66
74
16
4
1
30
129
2
14
14
3
98
32
31
124
2
3
1
99
54
4
1
1
2
11
38
76
22
8
2
4
30
66
33
23
9
59
9
13
26
46
3
1
3
1
33
4
50
72
2
157
3
1
81
49
28
2
1
57
11
92
1
136
7
12
1
4
1
58
97
2
2
2
139
22
96
25
2
35
1
2
Number of elements: 1711
