Bin size: 185
Num of Bins: 486
69
106
7
1
2
147
10
5
18
2
3
49
109
1
17
3
4
1
1
184
1
119
58
2
2
1
3
43
126
2
2
12
21
72
26
31
16
1
6
4
3
2
1
2
10
71
63
1
20
15
4
1
102
25
19
33
4
2
161
14
7
3
146
31
5
2
1
178
3
4
23
31
6
100
21
3
1
95
56
25
2
5
2
40
86
23
35
1
41
16
107
5
1
7
6
2
20
12
80
71
2
77
3
17
41
29
12
6
106
76
3
30
11
47
17
35
15
27
2
1
76
32
48
28
1
151
24
1
8
1
134
12
8
29
1
1
155
1
22
7
138
9
22
3
12
1
62
9
109
3
1
1
93
15
76
1
64
108
13
122
37
7
5
1
8
2
3
28
73
7
56
10
10
1
108
64
10
2
1
114
67
4
99
19
25
27
13
1
1
89
38
47
9
2
173
6
1
3
1
1
37
46
77
23
1
1
29
139
5
2
6
3
1
176
5
3
1
109
70
5
1
140
7
11
20
6
1
1
179
4
1
69
28
68
12
7
1
140
36
5
3
1
133
32
11
4
1
1
2
1
127
21
2
32
1
1
1
114
71
80
39
1
9
9
6
10
12
17
1
1
182
3
84
13
72
9
6
1
11
56
45
36
18
18
1
179
5
1
95
88
1
1
34
144
3
2
2
141
13
30
1
161
8
16
93
39
15
18
14
3
1
1
1
78
101
5
1
24
145
8
1
1
1
4
1
149
14
14
8
68
77
23
2
3
9
1
2
44
86
46
4
2
1
1
1
70
76
3
23
13
63
122
21
13
100
44
6
1
185
12
68
7
1
44
20
4
1
27
1
94
69
2
4
15
1
48
57
74
1
3
1
1
23
88
37
29
3
2
1
2
51
99
8
2
25
96
81
6
2
87
9
22
44
17
3
3
92
14
41
3
24
10
1
80
28
11
36
14
14
2
135
1
41
7
1
66
89
27
3
140
41
4
92
9
9
31
18
21
5
79
57
44
2
1
1
1
183
1
1
65
105
1
4
6
3
1
129
18
12
10
8
6
1
1
115
9
52
5
1
3
158
10
15
1
1
93
92
18
22
53
13
50
15
13
1
123
62
141
29
12
2
1
182
3
172
12
1
165
20
154
27
1
1
2
29
83
37
30
5
1
160
19
3
2
1
118
14
14
31
2
3
2
1
16
162
5
1
1
38
114
13
6
5
4
3
2
50
116
3
6
1
5
3
1
18
7
134
7
7
2
1
8
1
146
15
3
21
129
15
7
17
8
8
1
134
4
34
13
159
22
2
2
152
4
7
17
1
1
3
160
9
4
7
5
140
33
12
55
4
42
61
8
15
159
19
4
2
1
139
45
1
145
9
25
3
3
87
22
1
61
9
3
2
164
21
137
6
33
4
2
3
57
20
105
2
1
156
29
84
34
31
18
13
1
3
1
12
120
37
13
3
158
20
3
3
1
35
17
59
55
14
3
2
116
36
29
4
104
51
8
19
3
130
23
25
5
2
154
19
9
3
132
22
16
2
12
1
159
14
2
10
4
127
23
13
10
1
5
1
1
28
132
5
1
2
12
4
1
32
13
97
12
2
20
3
4
1
1
84
36
44
21
125
30
10
13
2
4
1
83
10
33
13
21
11
8
5
1
14
55
80
6
1
20
5
3
1
182
1
2
41
68
58
1
4
5
5
1
1
1
119
6
51
6
2
1
75
110
72
82
9
16
4
2
59
55
27
11
16
11
2
4
78
1
48
9
42
4
2
1
153
4
26
1
1
150
35
183
2
183
1
1
157
9
14
3
2
89
10
32
25
3
19
5
2
55
70
15
29
1
8
5
1
1
143
24
16
1
1
176
3
3
2
1
47
19
99
14
3
1
2
173
10
2
140
27
11
4
2
1
13
125
33
12
2
51
109
18
3
2
2
111
69
3
1
1
82
1
7
11
36
26
7
11
3
1
122
13
48
2
51
53
65
7
9
160
5
4
10
3
3
123
33
7
12
5
1
1
3
129
54
1
1
69
14
97
3
1
1
34
110
32
1
8
120
60
5
6
49
74
27
14
6
1
2
2
4
145
16
20
1
1
2
112
47
19
1
4
1
1
2
86
87
4
1
2
3
147
30
7
1
104
48
17
5
9
1
1
97
50
34
4
26
139
20
75
72
6
30
2
14
82
8
43
30
1
1
1
4
1
137
36
9
3
49
1
72
24
32
2
2
2
1
27
50
32
54
15
4
1
1
1
17
117
24
27
83
71
23
4
4
47
132
3
2
1
96
66
23
173
4
8
27
93
11
43
5
3
3
128
52
1
3
1
152
27
6
56
68
28
26
1
3
3
173
11
1
105
72
6
2
15
3
165
1
1
161
14
8
1
1
21
156
3
2
2
1
162
10
1
2
9
1
119
56
4
5
1
72
107
4
1
1
135
12
17
5
1
11
2
2
149
23
3
1
2
3
2
1
1
140
7
2
25
3
6
1
1
133
25
20
1
3
1
1
1
127
35
8
6
8
1
42
2
83
13
3
5
17
18
1
1
20
47
52
59
4
1
1
1
156
19
3
1
1
4
1
90
76
9
10
98
35
1
46
3
1
1
144
40
1
11
121
16
11
26
55
124
1
1
3
1
37
68
43
27
5
3
1
1
45
96
8
36
76
101
7
1
141
1
41
1
1
22
18
118
16
6
4
1
8
126
32
13
1
3
2
91
33
54
4
1
2
5
127
50
2
1
36
68
8
7
9
38
7
6
4
2
115
19
30
16
5
13
143
19
4
3
3
130
40
9
3
3
133
25
13
9
3
1
1
71
37
43
21
4
9
71
49
61
3
1
184
1
49
9
64
32
20
11
126
6
29
15
1
4
2
1
1
157
2
11
8
5
1
1
104
39
26
9
1
3
1
1
1
111
59
14
1
88
93
3
1
119
53
9
1
3
140
3
6
32
2
1
1
36
72
15
27
8
14
3
1
4
2
1
2
168
17
58
16
87
7
1
4
7
4
1
142
30
7
4
1
1
108
71
1
3
1
1
128
12
33
8
3
1
175
5
3
2
36
127
8
7
6
1
135
22
15
13
36
115
23
8
3
57
118
7
2
1
21
145
13
3
3
66
99
8
1
3
5
1
2
108
71
2
1
1
2
19
163
3
98
71
9
6
1
84
66
14
20
1
67
10
86
22
93
27
16
16
4
17
8
1
1
2
122
59
3
1
22
9
48
86
12
5
2
1
105
24
2
15
4
28
6
1
182
1
1
1
131
3
33
10
7
1
61
60
6
47
5
3
1
2
115
23
35
3
8
1
37
85
4
4
32
18
4
1
63
3
47
34
26
3
4
1
2
1
1
184
1
72
93
16
2
1
1
104
69
2
9
1
71
87
9
10
8
172
11
2
6
30
13
133
2
1
118
15
39
3
2
3
1
2
2
167
17
1
14
86
64
21
43
139
3
112
6
13
19
3
13
1
10
5
2
1
54
22
24
24
59
1
1
125
8
9
12
28
2
1
145
1
29
10
73
61
31
20
143
17
24
1
38
62
78
2
3
2
135
42
6
2
42
78
44
11
2
7
1
89
26
55
8
7
77
52
38
13
4
1
92
38
1
11
23
3
13
3
1
154
30
1
43
136
2
2
2
185
175
3
5
1
1
5
48
81
41
8
1
1
102
36
45
2
154
16
13
1
1
74
94
10
2
2
2
1
123
33
15
9
5
12
66
97
2
3
4
1
112
17
27
22
6
1
107
74
2
1
1
88
27
46
21
3
124
27
28
2
4
44
45
94
2
170
8
6
1
67
64
45
8
1
99
73
1
5
7
84
58
22
8
10
1
2
177
8
129
6
48
1
1
28
35
112
8
2
159
15
8
1
1
1
141
30
4
2
5
2
1
172
9
4
34
120
19
3
6
1
1
1
165
20
124
2
39
18
2
166
15
3
1
134
9
16
17
3
2
1
3
162
6
12
5
103
24
57
1
175
5
4
1
9
124
25
19
3
3
1
1
111
39
26
1
1
7
31
61
89
4
175
4
3
3
125
12
7
41
36
21
17
104
1
3
3
5
56
120
3
1
73
26
62
11
10
3
164
10
5
1
3
2
47
41
40
11
16
21
5
1
3
8
1
84
41
48
3
156
19
4
3
3
91
22
69
1
2
171
3
1
3
5
2
14
82
30
45
3
11
143
5
35
1
1
3
60
69
4
2
20
16
2
3
4
1
1
133
31
21
162
4
8
2
1
8
129
42
13
1
115
5
58
2
5
83
12
23
15
8
33
2
5
4
81
75
17
8
4
5
122
23
32
1
1
1
150
22
5
6
2
88
29
18
19
26
1
2
2
15
163
6
1
29
149
6
1
67
12
59
47
150
18
7
10
30
132
15
1
6
1
41
90
38
1
1
9
5
7
69
75
1
15
15
2
1
26
144
12
1
1
1
140
18
1
4
6
14
2
118
58
7
2
30
113
40
1
1
101
17
25
11
14
17
152
1
12
17
1
2
62
63
60
131
38
4
9
3
31
95
27
13
3
15
1
42
97
39
5
1
1
27
129
2
4
11
11
1
9
105
19
25
26
1
139
34
8
4
56
55
18
55
1
77
107
1
147
36
1
1
121
31
1
26
4
1
1
81
77
20
7
99
53
32
1
86
22
8
45
7
16
1
84
13
61
18
2
4
2
1
163
10
6
5
1
69
49
28
24
3
12
88
47
50
138
33
7
2
1
3
1
42
43
96
4
12
85
71
2
15
11
44
101
12
13
3
1
129
21
10
21
2
1
1
141
10
7
20
6
1
164
5
6
2
3
3
1
1
170
9
6
47
30
61
14
2
1
4
17
3
1
3
1
1
16
94
18
16
31
3
4
1
1
1
45
14
74
49
1
1
1
70
52
4
35
2
22
54
42
85
3
1
5
88
55
3
16
6
5
2
5
96
82
6
1
120
18
40
1
1
2
3
73
46
33
12
2
9
7
2
1
122
17
23
7
5
11
174
7
2
1
1
138
38
4
2
3
164
19
2
103
35
31
6
2
5
1
2
144
17
10
4
8
2
165
6
4
10
85
76
10
7
1
6
111
59
4
9
1
1
16
111
55
2
1
91
32
8
26
24
4
83
102
63
47
44
11
18
1
1
89
24
57
15
46
4
76
9
45
5
183
1
1
55
62
36
21
7
2
1
1
37
95
21
17
9
2
1
2
1
90
15
53
20
5
1
1
131
45
3
5
1
33
127
13
3
1
6
1
1
169
6
8
2
162
8
3
2
7
1
1
1
152
2
17
14
152
18
13
2
76
60
6
39
4
6
11
126
21
17
3
1
94
71
2
11
6
1
77
59
40
6
3
137
34
10
1
2
1
42
38
50
9
19
13
7
7
64
82
1
34
3
1
41
44
71
12
7
9
1
60
105
12
2
6
141
24
3
14
2
1
78
38
44
24
1
165
1
17
2
2
93
59
11
16
1
2
1
87
96
2
51
27
42
35
19
9
2
119
23
33
2
4
3
1
125
5
19
31
2
2
1
125
34
9
2
8
2
4
1
50
117
6
2
5
4
1
171
1
3
5
4
1
34
85
9
56
1
35
106
10
18
6
1
5
4
185
62
90
5
2
23
3
138
16
13
12
1
2
1
1
1
133
17
15
18
2
125
5
53
1
1
71
80
9
13
2
9
1
99
20
40
12
14
50
40
62
30
3
141
25
10
3
1
3
2
65
88
29
2
1
158
21
6
162
21
1
1
109
23
29
2
14
5
2
1
33
39
48
16
33
15
1
90
65
30
17
114
1
52
1
56
116
1
6
6
6
110
61
6
2
24
14
6
115
6
17
1
1
1
138
44
1
1
1
77
53
18
19
9
8
1
85
43
57
142
31
7
5
133
31
5
11
5
53
52
37
41
1
1
101
61
13
6
4
93
24
66
2
45
99
23
5
1
7
1
2
1
1
14
151
15
3
2
77
104
3
1
144
27
6
5
3
180
4
1
140
20
6
10
8
1
158
22
2
2
1
60
41
31
34
9
5
2
3
127
48
8
1
1
116
15
1
5
23
25
15
154
16
102
19
60
3
1
54
59
4
50
7
2
7
2
105
48
20
11
1
111
61
10
2
1
142
13
23
5
1
1
136
19
18
12
75
52
20
5
23
10
33
28
101
6
12
4
1
124
34
19
4
1
3
89
74
7
7
3
4
1
100
30
10
12
22
6
4
1
177
5
2
1
47
50
52
20
8
8
78
43
63
1
Number of elements: 2758
