Bin size: 201
Num of Bins: 376
81
44
23
17
31
5
25
146
16
10
1
3
90
89
22
25
120
5
10
11
14
14
2
194
4
1
1
1
7
106
10
23
18
14
1
21
1
183
10
4
4
62
9
87
9
2
30
1
1
155
37
5
4
201
180
10
1
3
2
3
2
198
1
1
1
45
65
9
11
40
26
1
3
1
49
56
46
11
14
3
13
6
1
1
1
58
4
139
41
136
19
5
59
60
72
6
4
107
72
3
3
14
1
1
57
14
123
5
2
3
164
18
14
1
1
48
150
1
2
78
119
4
29
156
3
13
197
1
1
2
8
53
72
33
33
1
1
56
138
6
1
177
10
11
2
1
81
67
6
19
27
1
177
22
2
135
22
5
7
5
27
5
27
164
3
2
164
35
2
97
93
2
1
8
133
28
34
3
3
33
146
21
1
4
72
114
11
101
68
28
4
159
42
49
80
15
45
9
3
31
164
5
1
121
23
11
45
1
77
41
38
15
27
2
1
71
12
57
53
6
1
1
83
75
13
30
25
32
80
45
5
13
1
73
81
19
16
2
9
1
150
16
5
5
21
1
1
2
131
36
17
3
14
108
72
11
7
3
79
29
72
18
2
1
98
53
12
27
6
2
3
174
22
1
1
3
60
48
28
48
9
6
2
125
59
11
2
4
120
42
29
10
81
3
56
41
4
13
1
1
1
114
25
33
21
7
1
79
115
7
154
39
1
5
2
153
22
18
4
3
1
78
13
82
19
3
5
1
142
10
49
25
55
106
9
5
1
67
64
4
57
5
2
2
30
53
27
25
29
29
8
196
3
1
1
32
73
73
2
6
15
71
113
3
3
3
6
1
1
174
2
7
5
8
2
2
1
17
23
22
75
30
25
2
3
2
2
30
30
1
32
51
29
3
4
5
1
2
13
126
44
26
4
1
60
1
34
83
21
2
196
2
3
100
84
5
7
2
3
8
154
10
9
2
4
14
140
8
23
21
8
1
171
24
1
3
1
1
136
36
18
1
8
1
1
21
121
52
4
2
1
195
6
31
121
11
37
1
52
102
27
17
1
1
1
195
6
179
17
4
1
171
17
9
3
1
69
35
32
35
22
8
160
23
13
4
1
183
17
1
104
90
1
5
1
177
15
2
6
1
157
10
13
9
9
2
1
39
76
28
4
14
7
3
16
12
2
77
111
8
3
1
1
122
42
23
9
5
116
56
7
22
29
57
11
68
8
2
11
5
7
3
48
112
17
9
9
2
3
1
38
23
65
47
18
10
194
6
1
55
21
49
49
12
13
1
1
131
30
36
2
1
1
176
9
1
13
1
1
101
23
38
39
197
3
1
35
76
68
14
2
2
1
3
164
36
1
6
103
53
21
2
1
10
1
4
71
42
85
1
1
1
151
25
14
7
2
1
1
88
48
30
33
2
134
59
7
1
85
3
18
14
9
25
10
22
10
1
2
1
1
21
38
136
6
186
9
2
3
1
30
26
59
79
3
3
1
73
66
26
25
10
1
107
4
73
11
5
1
108
23
10
49
9
2
22
168
2
3
4
1
1
201
147
7
8
22
11
5
1
137
50
1
5
3
2
3
124
73
1
2
1
10
112
64
2
2
4
7
68
55
49
24
5
188
1
4
1
3
2
2
201
21
152
24
4
176
1
10
3
8
1
2
89
5
50
48
8
1
151
17
13
13
2
4
1
53
7
89
28
16
1
6
1
79
53
54
8
4
1
2
71
47
27
48
4
2
2
140
2
19
4
23
2
2
3
5
1
167
2
11
13
3
4
1
86
29
65
11
9
1
29
107
14
24
6
8
13
52
7
82
1
43
14
1
1
181
18
2
126
31
29
9
1
3
1
1
54
145
2
186
1
13
1
94
76
13
11
6
1
55
137
3
2
4
170
26
4
1
168
9
14
5
3
1
1
16
141
9
20
4
8
2
1
58
84
29
25
1
3
1
81
61
9
29
9
10
2
122
67
9
3
45
153
3
165
33
2
1
132
41
17
11
142
56
2
1
140
27
29
2
1
1
1
147
27
6
19
2
125
22
44
6
2
2
163
15
11
3
8
1
5
110
78
7
1
8
35
133
19
5
1
20
150
26
3
1
1
120
41
23
2
15
48
72
68
13
14
177
10
71
47
77
2
1
2
1
157
38
4
2
73
66
32
23
1
2
1
2
1
43
153
2
3
164
33
1
1
2
158
11
12
1
14
2
3
127
8
58
1
1
4
2
123
21
57
95
89
16
1
190
8
3
123
24
8
9
24
4
5
4
42
131
14
7
7
158
39
1
2
1
22
100
9
18
17
10
13
10
1
1
93
86
7
2
4
7
2
142
34
9
9
6
1
32
67
23
36
23
8
3
5
2
2
90
25
28
2
36
18
2
116
78
6
1
81
112
3
4
1
42
89
44
6
20
38
21
9
14
112
4
2
1
14
69
53
5
32
23
5
94
34
36
27
1
2
4
2
1
25
105
9
58
4
38
13
11
93
32
6
5
3
10
88
75
14
14
197
2
2
49
77
15
53
6
1
114
58
20
4
4
1
70
114
1
12
2
2
60
118
19
2
2
195
6
88
23
3
40
12
29
1
1
3
1
99
27
5
58
6
4
1
1
20
177
4
81
42
27
45
3
3
130
63
6
2
65
97
36
2
1
51
105
7
37
1
65
92
42
1
1
103
76
19
3
24
57
102
12
3
1
1
1
104
92
4
1
77
103
16
3
2
199
2
178
17
5
1
157
14
19
5
5
1
158
24
2
5
7
3
1
1
178
22
1
70
101
2
17
11
92
4
69
23
8
1
4
128
10
45
16
2
156
8
19
7
2
7
2
134
10
2
30
11
11
1
2
135
28
32
2
1
1
1
1
32
18
72
31
20
24
4
166
10
21
3
1
51
102
16
9
22
1
197
3
1
18
21
105
8
29
17
1
1
1
108
51
22
19
1
107
63
10
11
3
3
1
3
183
1
5
10
1
1
194
1
5
1
29
170
1
1
165
19
3
3
11
7
103
91
190
5
4
2
90
13
71
17
8
1
1
34
17
13
7
6
59
37
14
5
2
1
5
1
35
2
154
2
5
2
1
122
27
30
19
1
2
128
60
4
3
5
1
90
101
4
4
2
58
64
44
8
25
1
1
159
7
15
14
1
2
3
13
143
20
23
2
80
4
23
30
55
7
2
58
89
32
4
4
11
3
152
43
3
1
1
1
32
156
2
2
3
6
162
35
2
1
1
97
20
7
65
4
2
6
63
12
38
4
58
3
19
3
1
15
4
114
64
2
2
132
44
23
1
1
83
39
79
11
37
114
35
3
1
69
35
14
17
66
201
49
94
43
1
9
4
1
40
64
52
20
21
2
2
93
80
9
4
2
8
5
168
6
25
1
1
163
35
3
47
20
75
35
20
4
37
134
18
3
9
182
12
6
1
108
58
35
162
25
10
2
2
129
29
2
35
3
3
131
37
13
9
7
3
1
94
1
105
1
13
176
2
9
1
70
73
45
7
1
1
4
191
7
3
112
28
53
6
2
37
39
68
13
27
9
8
36
97
42
24
2
5
140
25
31
76
92
28
4
1
127
37
10
16
10
1
29
90
48
21
1
12
109
16
42
10
20
3
1
101
14
62
12
4
8
67
45
43
10
2
12
5
11
5
1
165
18
14
1
3
193
4
4
134
38
17
7
4
1
123
75
3
115
9
9
33
9
14
7
3
1
1
199
2
48
118
9
11
11
1
2
1
36
144
4
13
4
21
41
25
9
12
75
8
3
4
3
109
77
14
1
43
4
69
42
31
11
1
75
107
15
1
1
2
149
46
4
2
26
5
18
129
2
9
5
1
4
1
1
51
141
1
6
1
1
4
6
106
22
5
30
27
1
144
4
14
24
2
1
8
1
1
1
1
188
8
3
2
119
59
15
4
4
171
6
21
2
1
1
16
117
32
32
2
1
103
45
33
11
6
1
2
179
5
13
4
8
138
50
1
2
2
200
1
116
33
19
29
1
1
2
42
73
54
8
11
10
3
7
118
61
1
10
1
3
154
38
5
2
2
70
75
13
37
2
3
1
45
127
1
23
3
2
76
18
93
4
9
1
172
6
13
1
9
147
2
37
3
1
4
2
4
1
110
64
1
4
2
17
3
88
108
2
3
124
19
11
45
2
127
73
1
131
32
11
10
11
5
1
25
77
52
42
4
1
189
11
1
178
10
7
6
116
42
41
2
177
17
3
2
2
52
55
31
21
31
6
2
3
137
42
1
9
10
1
1
78
102
5
7
6
3
136
2
25
1
4
33
141
55
4
1
8
138
43
10
1
1
53
29
96
12
11
23
123
42
2
6
2
2
1
156
34
10
1
14
102
16
63
1
5
20
83
74
21
3
190
4
5
1
1
184
7
9
1
199
2
107
63
21
8
2
197
3
1
200
1
9
13
148
30
1
52
147
1
1
169
15
14
1
2
94
12
46
6
16
18
6
2
1
176
2
19
2
1
1
14
159
25
2
1
38
93
28
8
30
3
1
38
150
9
4
106
83
11
1
113
83
4
1
72
61
68
85
61
40
4
5
4
2
78
33
44
15
11
20
124
69
7
1
44
38
18
9
17
56
9
7
2
1
95
17
53
35
1
1
34
144
18
3
1
53
91
1
55
1
199
2
61
52
63
14
1
9
1
172
28
1
25
41
40
41
32
8
7
6
1
135
23
36
4
1
2
121
56
7
11
5
1
114
11
51
21
3
1
200
1
46
64
77
10
2
1
1
53
47
30
9
42
19
1
195
4
2
46
121
16
6
7
3
2
125
63
1
7
4
1
77
124
Number of elements: 2129
