Bin size: 214
Num of Bins: 341
21
156
12
9
7
8
1
80
133
1
121
17
68
7
1
67
97
5
42
2
1
194
13
6
1
177
27
3
2
5
94
7
94
14
5
112
32
55
10
4
1
107
36
30
41
29
98
66
8
13
199
13
2
85
20
49
36
1
1
4
12
5
1
4
52
28
85
24
13
1
4
2
1
110
68
21
3
11
1
201
6
7
155
7
26
16
1
9
3
38
136
19
18
167
31
3
1
11
1
14
101
77
17
1
3
1
170
44
32
135
20
10
16
1
10
7
23
145
8
9
5
1
3
1
1
1
166
33
10
5
36
13
31
47
86
1
103
80
14
4
5
8
142
42
5
7
8
4
1
5
192
6
9
1
1
4
1
174
10
16
10
1
1
1
1
131
38
29
16
158
17
26
4
6
3
11
49
70
68
7
1
1
5
1
1
150
16
3
29
15
1
213
1
153
58
2
1
187
26
1
108
29
59
15
1
2
9
164
4
24
5
5
2
1
38
175
1
63
75
33
42
1
165
46
1
2
170
32
10
2
109
11
72
3
3
10
6
40
169
4
1
126
64
13
6
4
1
193
2
14
1
3
1
135
56
18
1
1
3
23
136
10
4
9
30
2
177
30
2
2
2
1
28
171
3
12
136
7
24
39
2
1
1
3
1
168
18
6
4
12
2
1
1
2
139
7
50
10
8
43
103
7
32
14
13
2
106
36
7
29
27
4
4
1
202
2
7
2
1
167
46
1
165
29
3
17
91
31
85
1
1
2
3
145
60
6
1
2
127
32
44
10
1
13
51
43
107
101
33
6
38
4
6
23
3
75
131
5
2
1
196
1
10
2
3
2
43
43
90
23
13
1
1
199
10
2
2
1
207
7
214
19
137
49
1
3
3
1
1
145
15
6
33
14
1
134
33
20
19
7
1
82
24
61
28
6
4
7
1
1
163
30
13
2
5
1
124
14
23
36
14
1
2
13
194
2
3
2
98
72
7
15
20
1
1
22
131
3
49
2
4
1
1
1
140
8
39
23
1
2
1
61
41
96
11
2
2
1
69
55
70
2
7
10
1
176
7
5
21
5
105
59
46
2
1
1
57
131
13
4
6
2
1
122
64
10
13
3
1
1
90
61
16
10
23
12
1
1
78
70
23
24
2
10
2
3
2
54
105
42
8
4
1
80
11
118
5
177
27
8
2
14
81
49
34
28
6
1
1
150
18
26
16
1
1
2
5
103
30
23
18
15
18
1
1
75
56
24
44
4
4
3
4
18
187
9
211
1
2
15
103
47
44
3
2
108
99
3
2
2
63
145
3
3
129
47
25
2
4
3
4
34
160
16
3
1
149
26
25
9
4
1
118
63
12
5
12
2
2
4
110
97
2
1
42
169
2
1
18
79
114
3
74
73
30
28
7
2
57
61
36
56
1
2
1
171
4
36
2
1
110
38
29
4
20
4
9
93
69
33
8
6
2
2
1
45
168
1
117
14
51
31
1
74
75
55
10
140
19
27
26
2
145
59
4
2
4
63
17
64
9
52
7
2
152
31
20
5
2
3
1
62
78
50
22
2
2
125
11
35
11
26
2
1
1
64
57
66
26
1
71
42
92
3
3
2
1
34
100
53
26
1
85
103
13
9
3
1
31
48
107
17
8
2
1
177
33
1
3
201
6
4
2
1
129
82
3
77
73
60
3
1
99
43
58
11
2
1
61
103
42
3
3
1
1
212
2
40
56
72
43
1
1
1
138
39
19
6
9
2
1
100
35
5
38
8
6
21
1
21
60
130
1
1
1
158
44
12
112
33
49
16
2
1
1
23
105
28
32
7
7
12
80
17
106
7
1
3
38
164
3
9
119
61
32
2
127
49
28
6
1
1
1
1
196
18
28
92
54
39
1
109
51
1
26
13
10
2
1
1
180
33
1
192
18
1
1
2
204
4
1
5
147
18
30
1
10
3
5
115
95
2
1
1
43
161
10
213
1
18
79
57
41
6
3
10
106
67
18
8
4
8
1
1
1
143
64
5
2
201
4
8
1
196
12
1
5
180
34
66
133
4
9
2
78
118
6
9
2
1
109
32
31
8
13
15
1
4
1
105
80
11
3
7
6
2
197
15
2
208
4
1
1
153
5
32
24
6
146
54
7
1
15
128
9
25
1
25
2
8
1
152
7
45
6
1
3
103
111
83
107
8
7
6
1
1
1
97
43
51
4
8
3
4
1
3
2
202
1
1
8
207
1
4
2
104
9
90
3
3
3
1
1
47
138
15
7
5
2
97
102
10
4
1
123
37
46
4
3
1
203
6
4
1
117
8
17
65
7
106
82
5
16
2
2
1
213
1
7
45
48
107
2
1
4
180
23
11
190
22
2
205
5
3
1
77
59
38
4
24
9
1
1
1
167
29
1
2
8
2
3
2
42
79
57
18
1
13
1
1
2
110
34
34
33
2
1
133
78
3
14
84
92
11
3
6
3
1
133
37
42
1
1
63
35
9
33
57
11
1
4
1
190
8
9
4
1
1
1
103
107
4
192
2
10
4
3
1
2
141
69
3
1
176
6
20
8
4
30
80
96
6
1
1
83
23
51
40
4
11
2
190
12
2
5
1
1
1
2
89
3
63
52
4
1
2
195
3
12
4
101
31
24
24
23
3
6
1
1
157
29
19
8
1
144
62
6
2
57
93
9
9
18
4
13
3
3
4
1
161
1
11
17
5
18
1
194
3
16
1
34
63
44
41
26
2
4
51
134
2
26
1
107
89
16
1
1
174
29
10
1
36
94
67
2
3
8
2
2
3
1
27
148
21
1
6
6
1
122
23
16
2
50
1
101
4
73
9
8
18
1
207
1
2
1
3
124
81
7
2
37
61
82
3
4
23
4
102
44
9
50
4
5
107
59
42
5
1
43
169
1
1
17
48
76
59
9
5
110
97
4
2
1
136
15
19
32
12
128
86
98
64
26
13
4
1
4
3
1
181
25
6
1
1
58
35
119
2
79
32
47
46
8
1
1
133
16
6
58
1
113
6
46
23
15
11
78
10
111
6
9
53
127
23
4
6
1
32
109
14
52
3
1
1
2
11
186
10
3
2
2
155
39
2
1
6
10
1
88
72
14
32
6
1
1
198
13
1
1
1
184
20
3
2
3
2
29
153
11
1
17
1
1
1
42
108
30
22
9
2
1
7
99
28
61
18
1
183
12
2
3
6
5
2
1
26
39
20
87
12
18
5
1
4
1
1
192
18
1
2
1
147
39
27
1
32
83
27
41
18
1
8
3
1
21
126
24
33
8
1
1
127
30
17
35
1
2
1
1
74
50
70
12
1
5
2
49
133
7
17
2
4
1
1
136
29
24
24
1
150
14
39
5
6
143
67
4
120
43
42
2
5
1
1
128
58
8
5
15
176
5
11
18
1
1
1
1
169
17
24
2
2
194
12
2
2
3
1
33
32
6
114
20
3
1
3
1
1
133
44
7
14
13
1
2
134
26
12
9
4
22
4
3
21
2
123
15
46
4
2
1
116
75
21
1
1
177
9
24
3
1
77
62
34
14
8
7
5
7
43
99
41
1
4
10
13
3
127
16
19
16
25
10
1
170
26
1
4
11
2
80
57
32
29
5
10
1
4
181
6
16
1
3
1
2
31
110
38
24
8
2
1
29
45
105
25
5
5
5
77
103
3
1
2
18
5
173
13
22
5
1
22
19
22
23
40
18
64
1
1
3
1
194
18
1
1
91
59
48
12
1
1
1
1
178
1
2
10
4
13
6
145
44
7
12
1
4
1
48
31
92
20
22
1
199
9
1
2
1
1
1
19
10
49
73
40
8
14
1
30
135
22
11
10
2
3
1
38
79
14
32
33
3
15
143
58
4
4
5
52
8
78
30
17
9
16
3
1
145
56
8
1
4
206
8
82
78
27
14
9
2
1
1
142
59
10
1
2
54
80
28
45
1
2
1
2
1
51
75
49
8
13
3
7
3
3
2
4
157
44
8
1
35
69
46
25
19
8
10
1
1
5
36
48
95
8
1
5
12
4
48
78
73
15
106
16
13
76
2
1
70
30
80
15
14
5
42
171
1
94
66
53
1
121
43
24
24
1
1
139
45
30
20
172
5
2
12
3
137
10
5
40
7
8
1
5
1
136
74
2
2
210
2
1
1
26
19
69
2
18
8
17
4
28
2
4
12
5
179
15
2
3
9
6
32
97
1
64
17
3
177
18
14
1
4
9
140
11
11
16
1
21
2
1
2
156
25
13
16
4
160
25
28
1
198
2
8
1
3
1
1
169
28
4
10
3
95
31
49
39
159
30
16
9
72
5
121
7
4
2
3
139
44
15
1
6
6
3
173
14
25
1
1
140
41
28
5
174
1
25
11
1
2
204
3
6
1
129
63
6
4
2
10
7
95
12
4
66
6
19
1
4
136
18
3
4
23
3
6
1
1
19
77
7
90
22
6
7
1
3
1
93
52
49
20
87
110
6
11
165
12
23
5
3
6
50
111
27
3
17
4
2
2
42
31
77
25
18
3
13
2
1
17
191
2
4
27
94
13
48
9
17
3
1
1
1
164
2
9
2
36
1
129
64
8
8
1
4
62
130
18
1
3
91
36
69
10
6
2
Number of elements: 2039
