Bin size: 245
Num of Bins: 482
183
46
16
218
8
15
1
1
1
1
194
11
37
1
2
43
184
14
1
1
1
1
30
205
9
1
236
1
7
1
241
1
3
204
31
4
3
3
136
66
11
24
4
2
2
26
2
27
6
35
9
41
20
38
10
6
23
2
179
44
15
4
1
2
120
5
53
52
6
2
2
4
1
161
20
37
2
10
2
2
6
5
187
24
26
2
1
4
1
204
27
14
110
85
11
4
14
11
3
4
2
1
170
4
50
12
8
1
101
115
9
19
1
35
167
11
14
3
4
9
2
85
110
43
4
1
2
35
110
71
16
1
11
1
52
193
26
153
10
53
3
14
222
9
174
64
4
3
34
164
23
11
6
6
1
175
12
39
4
11
3
1
136
13
25
63
8
147
3
51
8
8
17
5
4
2
213
5
19
6
1
1
107
87
46
2
3
69
113
45
14
2
2
227
5
7
6
46
139
28
16
8
6
1
1
107
33
56
35
5
7
2
102
31
15
63
25
7
2
17
17
157
28
18
2
4
1
1
9
77
130
17
12
243
2
19
209
1
11
3
1
1
163
56
1
25
108
37
84
3
10
3
34
184
21
3
1
2
16
137
71
16
2
2
1
184
36
24
1
179
33
7
24
1
1
207
24
14
223
22
188
55
2
151
18
8
53
8
1
1
1
4
92
1
89
61
1
1
93
58
10
41
31
5
6
1
19
131
71
2
18
3
1
24
115
35
44
3
6
14
1
2
1
72
64
89
12
8
234
10
1
172
58
4
5
3
3
167
41
9
26
1
1
206
38
1
55
99
37
8
7
5
17
10
5
2
153
68
9
3
4
3
5
116
122
1
5
1
206
37
1
1
239
5
1
151
63
22
6
3
4
59
172
8
1
1
167
74
4
159
42
44
226
7
8
1
2
1
80
17
134
5
8
1
144
6
54
4
18
3
6
4
3
3
206
30
2
3
2
2
10
39
55
120
18
1
1
1
110
39
39
26
22
2
5
1
1
169
70
2
2
2
142
52
38
9
2
1
1
211
25
9
180
27
30
7
1
186
39
7
4
8
1
122
2
28
87
6
37
71
136
1
72
79
19
53
4
5
9
3
1
209
13
10
11
1
1
167
19
38
17
3
1
178
10
11
11
30
2
1
2
187
22
13
15
6
2
12
140
60
25
5
1
2
114
93
7
17
11
3
56
83
96
2
4
3
1
196
2
4
16
17
4
2
3
1
43
50
139
4
2
3
3
1
75
65
27
51
5
13
3
1
1
4
115
34
42
45
1
4
2
2
103
77
9
6
35
14
1
150
88
5
2
127
78
12
17
6
5
33
147
64
1
203
7
16
13
2
2
2
130
61
6
3
13
29
1
2
124
81
30
3
1
2
1
3
83
78
78
1
2
2
1
142
25
15
55
8
223
20
1
1
54
54
89
48
32
199
6
1
2
2
1
2
24
6
135
8
36
31
1
1
2
1
90
85
20
13
5
1
31
21
175
34
11
2
2
87
29
6
72
38
9
3
1
52
59
91
2
7
22
1
3
3
5
218
8
17
1
1
184
34
4
6
10
1
2
3
1
142
40
36
25
1
1
33
168
37
7
125
4
99
9
5
2
1
60
181
4
35
60
78
7
50
8
1
5
1
189
4
12
12
13
3
6
1
2
3
213
32
183
26
16
6
1
12
1
236
4
1
3
1
200
42
3
149
81
6
3
1
1
4
72
76
18
21
42
13
2
1
7
72
135
14
3
4
5
2
3
46
149
36
5
1
1
4
3
237
5
1
1
1
89
154
2
162
72
9
2
63
6
104
12
3
37
14
2
3
1
81
149
12
3
242
2
1
120
70
40
3
11
1
224
20
1
65
127
45
2
1
5
3
229
10
2
1
108
21
63
52
1
70
148
24
3
86
100
13
46
102
98
41
1
2
1
61
109
7
67
1
9
141
36
27
13
15
3
1
194
19
22
8
1
1
162
35
46
2
173
72
48
61
11
5
115
1
2
2
23
209
1
6
1
3
1
1
172
57
6
6
2
2
116
39
73
13
1
1
1
1
66
94
15
37
3
3
10
14
2
1
118
84
6
36
1
97
46
68
15
11
7
1
45
25
136
9
30
211
5
3
12
13
1
172
28
36
2
6
1
169
32
14
3
26
1
147
59
23
5
3
2
2
3
1
161
47
32
2
1
2
221
11
1
9
2
1
195
49
1
140
50
30
20
3
2
12
111
49
10
46
10
5
1
1
214
14
8
8
1
64
159
2
6
7
1
5
1
11
91
127
4
2
4
3
2
1
195
37
8
3
1
1
28
163
42
6
5
1
34
136
22
6
36
9
2
148
11
33
47
4
2
137
61
9
4
23
2
4
2
2
1
193
37
12
3
39
134
46
7
13
3
3
216
14
5
6
4
47
193
1
1
2
1
128
53
23
20
3
11
1
4
1
1
211
33
1
67
126
43
7
1
1
55
160
5
8
5
6
3
3
179
18
17
16
3
7
4
1
86
20
41
90
7
1
66
92
41
42
1
2
1
123
56
45
13
8
87
143
6
9
24
35
143
34
2
5
1
1
48
90
7
33
4
8
54
1
27
116
25
49
14
9
5
159
38
42
2
4
131
8
40
49
13
3
1
123
22
22
70
3
3
2
129
81
5
3
3
13
3
1
5
2
208
8
19
7
1
2
214
9
12
5
3
1
1
165
33
10
2
30
1
4
232
5
4
2
2
15
129
92
4
3
2
175
39
19
7
2
3
9
47
34
62
54
10
4
9
2
3
8
2
1
18
89
59
23
31
18
4
3
239
6
89
79
31
12
18
5
3
8
27
191
23
1
3
56
107
67
3
10
2
35
166
20
24
210
13
9
10
3
25
144
11
21
34
4
6
86
46
6
82
19
5
1
231
7
4
1
2
4
146
80
7
6
2
54
131
57
3
222
12
9
1
1
62
151
11
9
10
1
1
131
46
53
5
5
2
3
62
78
34
57
14
174
7
31
26
3
1
1
1
1
155
15
22
4
22
10
4
10
1
2
162
52
21
10
120
30
5
75
7
7
1
108
12
39
16
33
35
1
1
187
37
19
1
1
162
70
6
3
1
2
1
154
86
3
2
224
21
51
71
93
24
1
5
65
3
141
28
1
5
1
1
63
143
34
5
13
92
24
70
35
3
4
2
2
187
33
12
5
5
3
47
30
116
5
38
7
1
1
190
36
12
6
1
236
6
3
221
9
11
3
1
97
137
8
2
1
44
41
29
1
73
1
51
1
1
1
1
1
132
13
62
17
15
1
1
1
1
2
111
63
23
42
5
1
219
6
7
8
5
12
192
6
35
205
27
3
8
2
153
40
19
1
3
18
4
3
1
3
236
1
3
1
4
10
227
3
5
143
41
41
4
1
10
3
2
101
14
15
20
68
18
5
4
147
51
31
6
1
7
2
40
125
58
19
3
74
88
23
1
10
14
18
8
5
3
1
176
6
63
26
7
207
3
2
219
24
1
1
158
16
55
6
4
1
3
2
189
23
14
5
2
6
4
1
1
126
34
58
19
7
1
154
54
16
19
2
159
29
44
1
8
2
2
190
34
21
106
5
121
3
5
4
1
195
45
4
1
167
2
34
13
26
2
1
215
12
3
7
2
3
2
1
81
153
6
3
2
140
93
6
2
3
1
162
44
36
1
2
17
190
36
2
169
60
10
3
2
1
106
58
47
30
3
1
59
14
92
20
51
9
118
126
1
36
176
1
8
10
9
5
12
60
117
9
27
8
3
2
5
2
207
20
12
4
1
1
13
204
9
10
8
1
135
72
16
5
9
4
4
187
49
1
2
1
1
4
136
36
32
24
17
205
23
10
6
1
144
56
7
18
1
13
4
2
105
87
50
3
207
13
15
3
6
1
81
137
18
1
6
2
202
25
17
1
163
9
68
4
1
104
79
52
7
3
193
45
7
61
138
30
9
7
49
120
68
2
3
2
1
237
4
1
1
2
150
74
18
2
1
85
73
67
2
15
1
2
197
4
44
137
47
17
17
25
2
27
170
28
13
3
2
1
1
151
65
25
1
2
1
43
9
167
11
13
2
114
7
24
57
17
20
6
245
97
21
107
20
6
102
21
73
32
5
5
1
17
35
116
74
3
108
55
24
8
17
26
2
2
1
1
1
114
77
50
1
2
1
136
65
8
22
1
11
1
1
11
187
8
8
23
8
90
145
6
2
2
25
93
50
51
21
5
161
51
25
6
1
1
41
177
5
18
4
185
11
17
28
4
86
4
66
26
22
15
1
11
5
9
100
144
1
175
40
19
8
2
1
30
66
111
27
6
2
2
1
8
86
41
75
33
1
1
24
11
44
68
39
32
11
1
1
8
5
1
37
148
6
12
8
27
2
5
245
124
78
12
29
1
1
171
59
11
1
2
1
63
145
28
9
43
195
5
1
1
173
67
1
1
3
137
39
43
15
6
1
2
1
1
205
24
16
160
66
5
5
1
1
5
2
240
1
1
2
1
233
6
1
4
1
43
84
115
1
1
1
86
153
6
53
113
22
14
3
24
3
2
2
3
2
1
3
238
7
57
175
8
3
1
1
6
49
79
96
1
10
3
1
14
65
51
14
47
14
34
5
1
35
195
4
7
1
2
1
24
36
14
127
35
1
1
7
122
94
21
6
2
231
4
5
4
1
90
98
57
234
4
1
3
1
1
1
154
47
41
1
2
148
69
13
3
9
1
2
42
32
15
31
89
17
6
5
7
1
175
44
5
13
7
1
155
87
1
1
1
70
46
6
80
27
9
4
1
1
1
212
21
1
8
3
144
4
92
1
4
158
60
16
2
4
1
4
57
48
90
8
24
12
4
2
136
9
7
26
37
6
5
11
8
191
21
6
14
8
4
1
49
69
37
14
32
40
3
1
171
58
8
5
1
1
1
189
39
9
1
1
2
1
3
4
226
1
4
8
2
33
21
43
34
76
14
20
1
1
2
233
7
2
2
1
195
43
6
1
146
34
61
3
1
20
140
47
25
12
1
169
59
16
1
43
199
3
24
204
1
6
3
5
2
8
131
30
3
25
10
5
24
6
1
1
1
62
22
106
10
33
12
184
31
29
1
206
19
10
7
1
2
144
56
27
18
3
196
9
35
2
165
72
4
4
199
5
40
1
60
23
95
59
7
1
189
38
3
9
4
2
80
31
67
11
45
10
1
145
20
58
15
7
141
41
61
1
1
14
167
23
27
7
2
2
3
84
72
79
8
2
156
25
27
37
109
93
28
6
1
7
1
83
146
6
10
128
41
10
61
1
2
2
154
44
15
6
26
45
155
2
35
3
3
2
10
66
3
140
23
1
2
71
63
81
20
10
101
39
67
22
1
3
2
5
2
2
1
165
56
22
1
1
31
146
64
2
2
151
87
4
2
1
85
5
152
2
1
172
61
4
1
2
5
174
22
19
23
5
2
204
12
12
7
8
1
1
63
13
167
2
3
210
5
17
2
4
1
3
175
34
18
15
1
1
1
92
28
25
8
80
10
1
1
129
66
20
10
1
18
1
109
126
7
1
1
1
108
65
16
45
9
1
1
157
52
6
25
2
2
1
199
37
5
1
1
2
231
6
6
2
234
1
4
6
80
28
1
1
117
8
8
2
233
5
7
133
104
3
3
1
1
27
65
117
11
25
80
15
93
57
56
43
120
17
8
1
109
69
9
34
16
5
2
1
66
14
107
51
5
2
133
110
1
1
241
3
1
185
21
16
14
4
1
2
1
1
143
72
15
11
1
2
1
36
151
58
60
64
77
17
16
10
1
109
107
14
1
5
2
7
74
48
121
2
172
39
26
1
3
2
1
1
26
204
2
12
1
152
29
4
9
16
30
5
224
18
1
1
1
69
146
29
1
22
155
66
1
1
196
48
1
23
7
177
30
6
1
1
110
11
60
15
32
14
1
1
1
21
27
136
4
26
7
5
6
8
1
4
90
154
1
75
169
1
55
115
42
16
17
73
157
12
1
2
24
65
42
1
38
29
37
2
1
4
1
1
208
33
1
1
2
194
9
13
5
6
13
1
3
1
196
16
14
14
5
159
38
33
7
2
5
1
24
191
18
4
1
7
78
77
57
20
6
3
3
1
237
1
5
1
1
235
10
157
18
59
6
2
2
1
109
118
11
1
6
200
17
11
11
3
2
1
156
74
10
1
3
1
133
60
48
3
1
218
8
3
3
9
1
2
1
153
25
19
29
2
4
4
1
8
91
66
2
11
38
9
9
9
8
2
100
46
39
22
9
12
4
12
1
195
24
25
1
80
122
41
2
237
3
4
1
216
28
1
195
50
187
57
1
2
160
27
26
23
6
1
35
64
8
69
11
29
28
1
240
4
1
160
14
55
2
1
11
2
70
98
50
23
2
2
172
36
11
4
5
11
6
176
6
12
5
14
7
14
4
5
1
1
154
84
3
1
2
1
19
34
57
61
35
10
16
7
4
1
1
140
22
83
123
91
24
2
3
1
1
234
2
7
2
133
97
8
6
1
189
27
8
11
6
2
2
181
2
57
1
4
47
143
44
8
1
2
54
19
2
49
15
95
9
1
1
195
1
17
12
8
8
2
2
111
47
65
8
8
4
1
1
185
44
10
1
4
1
55
61
59
18
6
7
24
12
3
213
19
13
144
11
7
5
56
3
6
12
1
219
2
5
19
Number of elements: 2955
