Bin size: 140
Num of Bins: 377
77
16
9
22
11
1
1
1
2
132
8
133
4
3
48
30
8
25
18
8
2
1
115
4
7
11
1
1
1
130
5
2
1
1
1
76
50
6
3
2
3
95
30
2
9
4
107
27
3
2
1
136
4
70
16
43
4
2
2
1
2
64
10
45
2
3
7
1
5
1
2
45
30
12
11
16
9
9
2
1
4
1
106
16
16
1
1
130
4
5
1
114
17
7
1
1
21
55
18
41
4
1
90
45
3
1
1
49
40
27
24
104
4
25
5
1
1
119
8
5
2
1
5
28
80
27
2
2
1
11
3
16
81
16
5
3
2
1
2
89
11
7
25
6
2
67
21
7
6
15
3
9
5
4
3
107
25
5
3
1
18
15
43
11
23
6
6
3
7
1
3
3
98
5
1
25
4
1
5
1
3
5
115
4
12
1
112
16
10
1
1
67
31
4
21
13
3
1
22
87
26
3
1
1
87
40
7
1
1
4
37
101
1
1
40
85
2
7
4
2
18
109
7
2
4
45
74
9
1
8
3
43
82
9
1
1
2
2
11
71
56
2
29
102
7
2
38
22
66
4
8
1
1
109
11
5
15
110
29
1
59
37
21
1
14
1
6
1
116
21
2
1
127
2
3
3
2
2
1
52
71
17
51
51
1
33
4
64
54
2
15
1
4
72
46
10
4
2
1
3
2
116
24
51
15
26
45
1
2
50
30
4
42
4
9
1
38
86
4
8
1
2
1
59
34
38
3
2
2
1
1
101
34
1
3
1
55
73
8
1
3
36
74
18
4
5
2
1
125
4
4
7
67
30
21
12
3
5
1
1
97
9
3
2
23
6
107
32
1
70
29
39
1
1
95
38
3
2
1
1
108
10
3
1
3
6
4
4
1
129
8
3
92
15
12
3
12
2
4
91
38
3
4
3
1
27
96
9
8
132
6
1
1
11
76
46
5
2
79
47
2
6
2
1
2
1
1
24
56
42
1
14
2
46
38
2
50
3
1
114
18
2
1
2
3
53
67
16
1
1
2
110
7
2
21
87
47
4
2
61
73
5
1
26
10
63
22
1
16
1
1
25
4
89
4
8
5
3
1
1
79
53
4
1
2
1
113
12
4
6
4
1
25
38
54
20
3
29
47
37
15
12
6
43
65
8
18
24
3
84
20
1
5
2
1
63
25
29
19
4
34
22
57
27
52
86
2
107
11
10
6
6
125
14
1
81
15
18
20
2
1
2
1
43
91
5
1
53
78
1
5
3
59
73
6
2
137
3
49
8
19
61
1
1
1
107
10
11
10
2
36
39
6
51
6
2
124
9
4
3
51
85
1
1
1
1
76
24
24
16
98
41
1
136
4
18
57
55
5
2
1
2
2
117
13
1
4
2
1
34
85
6
5
3
4
1
1
1
11
120
9
59
71
6
1
1
2
124
1
4
3
7
1
70
63
7
104
10
18
7
1
55
39
14
13
8
4
4
1
1
1
59
16
37
20
3
2
1
2
118
6
12
4
97
1
30
1
10
1
12
7
102
8
9
1
1
47
61
21
11
104
29
3
2
1
1
136
1
2
1
100
20
13
5
2
79
18
8
33
2
41
81
14
1
2
1
138
1
1
6
1
69
14
34
9
7
99
1
3
26
11
17
30
77
8
6
1
1
130
8
2
19
109
12
54
47
37
1
1
29
27
17
9
38
17
1
2
25
97
10
6
1
1
11
25
80
4
8
9
3
94
38
2
2
3
1
22
95
11
2
5
3
2
140
24
82
29
1
3
1
105
21
10
4
68
35
26
1
2
1
5
1
1
83
46
4
3
1
3
49
8
36
39
1
7
91
22
9
5
2
1
8
2
33
87
19
1
16
67
1
1
42
4
3
6
135
4
1
140
14
73
11
13
8
13
1
4
3
65
6
48
19
2
51
87
2
90
15
33
1
1
39
82
3
5
1
3
1
4
2
34
87
15
3
1
137
2
1
3
114
1
13
7
2
71
17
36
9
6
1
47
52
3
34
3
1
137
1
2
19
32
5
45
31
6
2
98
11
30
1
123
4
10
2
1
88
10
25
3
9
3
2
85
25
8
6
14
1
1
10
6
14
108
1
1
103
16
14
2
1
2
2
120
19
1
81
55
1
2
1
59
77
3
1
52
66
14
2
4
2
130
5
4
1
3
108
23
6
126
2
9
3
67
23
25
5
14
4
1
1
5
21
16
80
5
13
125
13
1
1
57
43
17
9
9
5
42
30
35
30
1
1
1
66
22
41
6
5
98
37
5
89
23
11
11
2
1
1
2
68
1
51
19
1
46
69
21
2
2
83
54
2
1
125
12
1
2
74
37
13
3
3
5
1
2
1
1
30
52
37
9
10
1
1
41
44
52
1
1
1
25
80
16
13
3
2
1
10
103
23
4
28
27
1
79
5
36
102
2
26
4
27
33
11
26
11
1
1
10
51
48
6
10
3
12
20
44
19
45
10
2
138
1
1
122
7
5
4
2
80
52
8
135
1
4
20
70
34
4
2
1
8
1
36
50
28
19
1
5
1
89
8
15
24
4
3
134
2
1
52
2
7
73
2
2
1
1
51
2
44
25
4
4
9
1
107
19
8
3
3
113
24
1
2
139
1
1
67
65
2
2
2
1
51
22
64
2
1
87
53
138
1
1
63
37
2
20
1
13
2
2
17
40
19
25
27
3
4
4
1
16
42
53
16
13
14
118
2
3
3
84
35
5
15
1
20
98
21
1
137
1
2
112
16
8
4
129
10
1
37
5
41
11
15
25
1
2
3
110
24
5
1
104
26
1
6
1
1
1
51
66
18
3
1
1
130
8
1
1
85
3
27
1
11
13
23
113
3
1
6
25
52
7
5
11
7
15
4
7
1
113
1
8
6
10
2
15
68
47
9
1
35
6
11
76
7
1
3
1
119
9
8
2
1
1
140
137
2
1
2
4
117
6
5
1
2
2
1
21
28
52
22
5
1
2
1
2
3
2
1
76
54
10
36
28
28
13
18
15
1
1
114
21
4
1
78
5
10
34
11
1
1
34
93
11
2
136
4
7
22
97
3
1
10
45
56
20
3
15
1
48
10
44
12
11
10
2
3
26
19
39
16
13
14
1
8
4
116
6
3
8
3
1
3
140
51
36
13
6
5
15
10
1
2
1
8
40
79
4
9
97
14
28
1
31
91
18
38
78
10
10
3
1
56
29
51
4
90
33
6
7
1
3
120
4
2
8
2
3
1
102
11
23
4
75
26
4
13
3
16
2
1
115
10
4
3
5
3
49
3
16
29
3
20
12
3
2
3
113
4
9
11
1
1
1
131
3
1
3
1
1
105
21
5
3
4
2
101
9
12
6
9
1
2
81
30
18
10
1
27
72
26
13
2
72
60
8
126
12
2
15
81
34
10
89
11
37
3
99
7
2
29
1
1
1
120
15
5
140
28
111
1
72
24
44
132
5
2
1
18
71
31
10
2
2
3
2
1
133
2
2
1
2
91
4
42
3
135
5
99
17
23
1
136
1
1
1
1
58
13
39
12
17
1
114
25
1
24
17
41
21
2
9
9
12
3
2
120
14
2
1
2
1
74
24
13
12
15
1
1
110
2
14
1
3
10
117
3
2
9
7
2
85
11
22
7
9
6
29
25
61
20
3
2
45
25
59
2
3
6
77
47
6
9
1
46
92
2
93
33
7
6
1
78
30
12
6
7
6
1
64
32
26
6
2
2
4
1
3
92
36
8
1
1
2
28
106
2
4
115
23
2
135
1
1
2
1
110
3
6
7
10
4
133
6
1
81
42
9
3
1
3
1
11
101
4
22
2
24
31
78
7
8
75
39
16
2
28
67
4
14
24
2
1
60
39
9
4
13
12
3
22
65
22
23
2
6
15
81
33
7
4
81
12
5
9
12
2
1
8
2
4
4
5
33
80
16
2
3
1
121
10
5
3
1
39
42
15
28
12
4
17
73
31
4
15
57
57
23
3
87
5
25
2
1
1
12
6
1
52
11
24
38
5
10
84
4
10
39
1
1
1
99
7
20
2
2
1
8
1
22
87
7
3
1
14
5
1
6
132
2
17
82
13
20
6
1
1
19
71
3
33
11
2
1
6
76
48
3
6
1
133
3
4
71
34
4
19
3
6
2
1
1
78
20
11
2
18
2
4
4
86
44
7
1
2
76
20
42
1
1
40
63
10
8
13
5
1
5
100
1
2
22
3
2
1
2
1
1
76
48
14
1
1
31
8
15
28
47
8
2
1
1
35
89
5
9
1
16
54
59
2
8
1
19
74
10
36
1
97
4
6
5
2
6
15
2
1
2
38
26
21
26
13
8
2
6
63
14
32
6
21
2
1
1
10
101
25
1
1
2
103
8
8
19
2
122
18
97
15
24
4
59
42
28
10
1
125
2
12
1
15
63
62
36
96
2
6
73
13
7
10
16
11
2
7
1
60
8
15
31
3
2
16
1
1
3
10
25
60
29
10
3
2
1
14
67
46
3
4
2
3
1
2
34
25
29
19
24
4
2
1
136
2
1
1
50
56
5
20
2
2
3
2
80
13
8
24
9
2
4
20
17
56
31
15
1
86
4
28
18
3
1
77
51
4
2
3
3
85
1
52
1
1
53
49
34
1
3
16
99
5
14
1
5
100
9
25
6
91
14
34
1
123
17
123
15
1
1
36
81
21
2
94
32
6
3
3
1
1
2
43
15
39
18
3
11
9
53
1
65
12
5
2
2
61
70
5
3
1
104
26
9
1
44
18
42
11
6
15
1
2
1
43
79
14
3
1
77
2
32
25
4
137
1
2
Number of elements: 2126
