Bin size: 150
Num of Bins: 339
63
81
1
3
1
1
109
36
2
1
1
1
31
96
9
9
2
1
1
1
122
5
13
9
1
102
42
2
2
2
89
7
7
47
94
40
6
10
63
27
54
1
5
131
2
6
11
129
2
5
12
1
1
6
64
5
26
44
5
18
9
116
4
2
1
7
46
60
21
11
4
1
97
19
21
11
1
1
18
84
6
26
11
1
1
1
2
17
113
14
2
3
1
77
21
19
3
23
2
2
3
8
130
6
2
4
113
20
17
109
36
3
2
84
34
16
16
121
2
1
4
6
2
1
8
4
1
59
59
10
6
12
2
1
1
131
1
17
1
33
111
4
1
1
1
65
42
32
9
1
116
26
5
2
1
17
6
117
6
4
77
62
4
3
1
2
1
146
3
1
139
10
1
97
25
12
10
2
2
2
77
56
14
3
74
48
7
12
9
94
4
26
16
4
5
1
18
68
43
9
9
1
1
1
78
42
14
9
4
1
1
1
9
45
22
34
2
13
7
2
16
114
24
8
3
1
116
31
3
41
28
9
70
2
49
71
21
9
71
46
12
16
5
57
35
49
2
3
1
3
117
22
4
1
4
1
1
26
72
45
7
113
23
10
2
1
1
144
4
2
19
112
6
8
5
141
3
2
3
1
44
24
8
8
5
58
3
91
17
17
5
3
7
8
2
123
24
1
2
98
5
40
4
1
1
1
36
3
16
41
41
1
7
3
2
33
97
5
3
11
1
114
36
22
4
61
62
1
124
22
1
1
2
41
74
18
12
3
1
1
137
8
4
1
145
4
1
132
13
3
2
35
84
31
26
67
20
12
4
3
9
5
3
1
67
17
22
38
2
2
2
125
2
10
11
2
116
10
13
6
2
3
27
114
2
3
3
1
18
103
26
1
2
83
49
17
1
41
83
22
4
115
32
3
8
28
23
66
8
12
1
4
105
2
15
1
12
4
6
5
127
23
102
35
3
1
2
5
2
43
9
43
17
3
9
15
10
1
71
1
19
18
19
13
3
5
1
122
19
6
2
1
81
65
4
39
40
65
1
5
86
19
28
6
11
8
48
92
1
1
98
27
23
1
1
40
54
1
29
4
8
5
7
1
1
88
37
8
7
3
6
1
56
89
4
1
31
16
19
12
36
26
8
2
5
131
10
4
64
26
19
11
10
5
6
2
3
3
1
53
50
17
24
5
1
13
39
19
62
13
3
1
41
81
25
3
79
64
2
3
2
75
23
39
10
3
127
3
3
15
1
1
57
90
1
1
1
91
48
3
6
2
139
4
7
78
21
13
29
3
1
1
3
1
2
122
3
9
7
1
2
4
9
129
2
3
4
3
35
60
52
3
119
30
1
64
17
69
24
18
86
21
1
143
5
2
128
17
1
1
1
1
1
40
23
60
2
12
11
1
1
48
70
9
22
1
15
5
94
29
2
2
1
2
124
2
12
5
7
83
40
13
1
6
6
1
118
10
6
14
2
16
55
46
6
26
1
125
4
19
2
52
67
10
2
9
1
6
1
2
126
4
12
7
1
47
84
6
11
2
105
34
8
3
108
33
8
1
135
7
1
2
2
1
2
30
76
40
4
84
37
7
14
4
3
1
26
13
86
8
6
5
4
2
127
17
6
60
16
53
17
1
1
1
1
47
66
9
7
8
11
2
79
42
19
8
2
17
114
15
3
1
16
97
28
9
68
14
36
11
18
3
109
7
2
25
4
2
1
33
80
17
5
3
8
2
2
113
6
7
9
1
13
1
66
3
39
34
2
6
92
20
8
23
4
1
1
1
72
47
20
9
1
1
17
132
1
106
31
6
3
1
2
1
92
26
11
15
4
1
1
58
27
3
9
8
5
14
20
6
123
24
1
1
1
63
15
24
43
3
1
1
149
1
94
36
8
6
6
115
22
12
1
29
69
48
3
1
91
1
42
6
1
2
7
61
41
7
13
11
4
4
7
1
1
33
91
11
12
1
2
37
44
43
2
4
7
10
2
1
34
78
12
2
3
1
20
88
22
6
15
5
5
8
1
52
63
6
27
1
1
126
22
1
1
56
9
78
6
1
86
4
56
4
84
64
2
25
82
15
19
1
5
2
1
144
1
4
1
39
42
50
4
11
4
23
103
17
3
4
125
25
143
2
3
2
100
26
19
4
1
150
12
6
128
1
3
39
23
51
1
36
48
48
15
21
4
6
6
2
145
4
1
96
35
6
1
6
3
2
1
19
33
50
22
21
5
148
2
124
25
1
3
93
19
29
6
63
76
6
4
1
34
15
55
6
24
7
4
5
143
1
4
2
31
87
10
15
4
3
10
127
6
3
1
2
1
134
1
12
2
1
128
8
10
3
1
41
84
22
1
2
105
22
17
6
86
51
11
2
11
87
17
22
9
3
1
42
68
3
8
21
6
1
1
99
6
32
9
2
1
1
27
45
52
18
8
147
2
1
138
10
1
1
97
47
3
2
1
35
28
42
6
18
21
99
51
89
11
30
18
2
22
66
5
52
5
25
109
8
3
4
1
4
126
11
8
1
12
70
44
18
4
2
51
15
53
2
17
1
10
1
89
58
2
1
96
16
38
87
45
1
11
4
1
1
120
6
15
4
1
3
1
99
12
8
12
19
117
2
10
20
1
12
107
29
2
149
1
93
33
24
53
56
5
29
4
1
1
1
28
109
9
1
2
1
22
90
15
9
5
3
5
1
17
55
55
15
7
1
148
2
7
31
10
90
4
2
5
1
111
24
13
2
27
107
2
10
4
98
42
6
1
1
2
122
7
21
101
30
2
11
4
2
40
62
25
2
2
6
11
2
26
18
97
9
132
5
5
1
2
3
1
1
66
79
1
1
1
2
14
48
74
5
6
3
38
68
27
11
5
1
106
11
12
16
5
13
73
61
3
125
5
15
3
2
79
15
54
2
12
9
98
23
4
4
84
33
6
11
3
5
8
106
43
1
22
26
12
16
43
21
5
1
4
49
46
42
12
1
83
59
2
6
65
84
1
14
95
29
7
5
42
20
30
32
6
14
5
1
144
4
1
1
98
23
5
2
9
8
2
2
1
78
71
1
94
42
2
11
1
56
62
14
7
4
1
1
3
2
43
30
20
34
2
12
9
68
68
6
3
2
1
2
68
19
59
3
1
56
69
24
1
36
60
45
3
4
2
139
10
1
67
58
6
12
7
65
43
20
19
2
1
137
9
2
2
122
27
1
11
84
31
19
3
1
1
61
34
22
17
12
1
1
2
112
38
5
84
30
7
21
1
2
22
32
3
79
10
3
1
10
130
4
5
1
138
2
1
4
4
1
31
58
33
12
8
8
20
45
67
17
1
102
32
15
1
144
5
1
34
77
15
20
4
123
27
83
3
27
20
11
1
3
1
1
68
57
20
4
1
15
52
10
49
23
1
67
50
20
12
1
113
24
10
2
1
125
2
22
1
63
35
18
8
8
1
14
2
1
132
14
4
79
31
14
21
3
2
29
49
42
21
5
4
38
55
53
3
1
2
63
8
55
2
8
2
10
52
70
15
5
4
1
1
1
1
112
22
2
10
3
1
69
7
15
27
19
5
4
4
119
8
9
2
6
2
3
1
111
18
11
2
6
2
138
3
2
4
2
1
68
24
24
10
12
4
2
3
1
1
1
61
14
73
1
1
72
9
23
27
19
116
25
9
59
40
13
22
12
2
2
127
16
5
2
74
29
31
3
10
3
122
24
1
2
1
66
17
3
24
29
8
2
1
119
16
12
3
22
54
34
32
5
1
2
88
57
4
1
11
117
22
101
32
11
4
1
1
71
23
33
1
8
8
3
3
58
52
28
8
1
1
2
73
34
36
5
2
10
65
19
31
24
1
4
24
71
21
22
2
5
1
22
94
32
2
42
90
1
3
13
1
97
43
4
5
1
31
95
14
1
2
4
2
1
23
27
18
67
15
98
22
29
1
46
17
73
3
5
3
1
1
1
30
47
29
12
30
2
14
23
75
38
94
24
26
6
140
3
5
2
120
10
5
13
1
1
120
2
18
5
4
1
35
79
3
22
8
3
110
26
14
36
104
6
1
2
1
64
52
33
1
80
52
1
1
3
6
3
4
38
45
11
10
7
38
1
18
79
43
5
5
51
13
86
136
12
2
105
42
2
1
132
4
1
6
6
1
143
6
1
117
10
21
2
34
83
29
3
1
3
16
96
11
18
5
1
68
19
12
40
3
1
6
1
116
26
2
5
1
60
11
56
4
14
4
1
21
2
45
45
8
20
1
4
2
1
1
5
25
3
20
33
13
32
15
3
1
Number of elements: 1899
