Bin size: 167
Num of Bins: 368
44
66
39
6
1
3
4
4
27
59
63
18
15
97
32
8
11
2
1
1
80
66
15
1
5
78
75
6
7
1
51
113
3
157
1
8
1
83
22
57
2
1
1
1
141
21
5
164
2
1
35
113
14
1
3
1
113
19
17
14
1
2
1
35
114
7
1
4
1
5
142
21
4
91
14
24
25
3
10
145
8
1
7
4
1
1
129
30
1
5
2
149
13
1
4
70
76
8
12
1
101
38
23
2
2
1
121
19
11
13
3
110
46
11
146
6
10
2
2
1
98
38
25
5
1
107
18
23
17
2
21
92
22
20
8
4
42
41
36
11
6
7
6
2
1
11
4
26
120
7
7
2
5
74
74
16
3
115
35
4
8
3
1
1
39
115
10
3
140
5
14
7
1
126
18
8
12
2
1
26
35
26
46
24
2
6
2
89
71
4
1
1
1
64
9
82
9
1
1
1
100
26
3
18
11
9
38
44
36
47
1
1
119
41
6
1
83
29
24
26
4
1
155
11
1
9
81
72
5
52
68
12
31
1
1
1
1
155
3
7
2
35
72
9
50
1
124
21
15
6
1
4
105
56
2
50
45
7
17
34
10
1
1
2
153
4
7
1
1
1
154
10
1
1
1
96
20
36
13
2
31
93
10
33
92
71
3
1
157
2
4
2
2
85
63
4
15
84
22
44
8
3
4
2
23
37
91
5
4
7
124
36
3
1
1
1
1
59
71
29
2
2
1
3
19
107
11
14
12
4
117
19
15
12
3
1
57
105
5
132
20
6
7
1
1
111
19
9
21
7
5
58
83
8
6
3
3
1
70
26
52
7
2
4
6
19
14
11
17
17
50
10
15
3
5
5
1
131
1
2
3
23
5
1
1
157
1
9
99
49
16
2
1
13
125
5
10
7
6
1
31
35
45
32
14
8
2
76
84
1
3
2
1
65
21
67
4
3
6
1
100
62
3
1
1
59
57
36
8
2
4
1
21
58
19
44
23
1
1
85
31
2
12
15
7
15
44
1
94
12
2
9
1
1
1
1
1
60
68
3
36
13
64
13
36
38
2
1
116
5
29
14
3
40
127
64
77
16
6
4
165
1
1
143
10
12
2
62
63
41
1
162
5
40
61
59
6
1
93
21
31
1
12
1
3
3
1
1
67
38
37
5
10
4
1
1
2
1
1
46
118
2
1
152
12
2
1
148
1
10
5
3
60
68
16
22
1
69
73
17
2
6
68
37
54
3
4
1
51
36
35
35
7
3
109
19
33
5
1
129
19
6
8
3
2
92
22
9
5
2
7
13
6
6
4
1
108
34
8
15
2
76
31
43
7
10
81
7
60
2
15
2
70
39
48
4
3
2
1
61
5
99
1
1
35
25
54
51
1
1
56
105
1
1
3
1
74
90
1
1
1
140
27
162
2
3
100
27
2
3
8
19
3
1
4
127
10
29
1
16
139
6
2
4
29
125
13
78
11
51
12
13
2
125
24
5
5
4
1
3
9
9
108
39
1
1
131
17
6
10
2
1
33
33
42
39
17
2
1
44
53
4
49
9
4
1
2
1
166
1
24
18
51
15
55
4
121
14
16
11
1
1
3
116
39
2
10
141
7
18
1
14
92
61
165
2
111
13
28
3
2
7
2
1
104
37
6
1
1
1
4
10
3
159
7
1
155
7
4
1
34
89
33
11
111
37
14
1
3
1
28
110
27
2
22
28
36
62
5
14
18
121
15
3
9
1
63
14
85
1
2
1
1
146
12
8
1
63
61
11
29
1
1
1
75
25
1
45
18
1
2
143
6
18
22
76
2
41
14
2
4
2
3
1
29
71
60
6
1
130
27
6
1
2
1
11
56
62
33
4
1
116
18
24
4
4
1
138
23
6
74
50
7
4
6
21
1
1
2
1
92
6
65
2
2
41
12
74
29
5
3
2
1
141
21
4
1
131
1
8
24
3
33
43
29
45
6
4
4
2
1
130
4
23
6
2
1
1
68
49
10
22
1
12
2
3
98
32
17
15
5
130
6
11
14
1
3
2
56
37
64
6
4
98
50
2
1
11
1
2
1
1
97
55
5
2
6
1
1
79
26
16
2
27
2
9
6
113
30
1
21
1
1
94
61
10
1
1
67
15
25
44
11
1
2
1
1
63
2
16
66
1
8
5
4
1
1
55
63
38
1
9
1
149
12
6
80
46
3
29
2
7
124
17
5
16
3
1
1
37
10
46
1
33
19
18
1
1
1
8
139
5
11
3
1
27
36
51
14
12
2
4
16
5
147
10
10
145
7
5
5
3
2
124
43
4
71
65
22
3
2
34
66
54
5
7
1
155
2
4
5
1
18
116
5
21
6
1
130
26
8
3
17
105
23
3
4
1
10
2
1
1
165
2
145
22
101
12
44
2
7
1
112
39
15
1
61
36
35
9
17
5
3
1
73
19
29
18
23
2
1
1
1
73
74
16
3
1
137
17
6
4
3
129
19
15
1
3
138
10
17
1
1
51
55
52
7
2
34
44
86
3
93
8
33
4
29
112
55
2
144
8
5
6
1
1
40
113
4
4
4
1
1
28
138
1
145
16
2
1
1
2
30
95
36
1
2
3
8
31
70
27
20
2
9
86
80
1
155
4
8
21
110
6
25
2
1
1
1
157
1
6
3
88
10
27
18
22
1
1
15
10
114
24
2
2
74
30
45
17
1
41
102
18
1
3
2
154
9
3
1
62
88
3
9
5
91
21
44
1
2
7
1
112
4
12
35
3
1
166
1
48
36
24
7
46
5
1
12
120
4
24
2
3
1
1
48
95
12
3
9
105
46
5
2
1
3
4
1
42
67
48
2
1
6
1
150
2
14
1
66
66
17
1
1
9
2
3
1
1
137
22
8
127
9
9
9
4
5
2
1
1
81
33
42
2
5
2
2
61
41
53
3
1
1
7
165
2
90
45
22
7
3
109
24
23
3
3
4
1
46
121
115
21
25
5
1
158
2
6
1
77
72
12
1
4
1
122
33
8
2
1
1
149
9
9
7
146
1
2
9
2
12
20
114
9
3
8
1
34
26
25
25
4
18
26
4
3
2
134
5
6
19
2
1
138
4
2
16
6
1
17
81
14
35
3
10
6
1
7
138
4
1
8
6
2
1
33
66
21
15
24
5
2
1
151
11
4
1
94
52
20
1
36
114
3
1
6
7
150
9
3
3
2
151
10
5
1
16
104
15
3
25
3
1
19
62
25
38
22
1
92
22
33
20
22
95
27
3
7
1
7
3
1
1
47
85
17
18
162
4
1
23
87
29
7
20
1
160
2
5
53
57
44
5
6
2
91
1
69
5
1
77
37
24
13
10
1
5
117
19
11
13
1
1
5
79
56
19
13
13
19
18
49
1
13
16
1
28
7
1
1
10
69
50
9
21
1
1
4
1
1
78
86
3
83
27
10
11
30
3
1
1
1
80
47
29
11
84
30
25
18
4
3
3
73
71
21
2
150
15
2
100
4
9
32
12
10
86
15
36
24
1
4
1
160
4
1
2
40
73
15
9
17
2
10
1
104
63
61
29
59
2
12
4
125
28
4
7
2
1
153
1
10
3
7
101
6
14
31
8
137
11
5
13
1
5
82
65
7
5
3
8
73
6
13
64
2
1
147
1
12
6
1
110
45
4
7
1
46
2
63
3
24
17
3
4
2
1
2
125
16
8
10
8
115
14
29
2
3
4
71
23
64
1
8
138
11
8
8
1
1
16
96
51
4
63
38
26
17
5
2
9
7
81
13
40
31
1
1
15
137
1
2
12
126
33
1
3
3
1
52
61
27
24
3
18
52
58
36
2
1
131
24
6
6
149
1
4
9
4
112
33
20
1
1
97
39
10
21
8
21
106
13
16
2
1
106
46
1
11
2
1
30
2
1
16
19
25
45
12
9
1
6
1
105
37
24
1
109
6
27
5
6
3
4
4
1
1
1
132
19
10
3
2
1
20
4
74
14
23
20
4
4
1
1
2
111
9
2
28
5
6
5
1
21
112
4
26
1
1
1
1
26
132
6
2
1
95
29
36
2
3
1
1
6
50
4
101
4
1
1
37
73
48
5
3
1
65
50
48
3
1
62
15
87
2
1
128
20
6
2
9
2
2
37
50
17
9
3
31
12
6
124
2
23
1
6
10
1
2
15
119
3
16
11
1
10
40
30
54
13
5
4
3
8
97
65
5
48
37
60
18
2
2
142
22
3
1
24
51
40
28
18
3
1
1
156
6
1
4
145
13
1
1
6
1
131
1
35
89
61
10
6
1
61
41
22
11
22
7
3
145
11
2
3
6
20
13
26
82
13
5
5
1
2
27
12
42
47
7
3
4
8
1
8
7
1
144
10
10
3
21
118
26
2
60
33
2
25
22
7
8
7
1
1
1
59
15
32
17
31
7
5
1
116
22
12
12
3
1
1
82
7
69
6
1
1
1
46
76
27
3
5
4
2
3
1
68
68
31
23
37
27
67
9
4
91
47
1
4
11
9
1
2
1
118
32
1
2
12
1
1
162
2
3
162
1
1
1
1
1
20
93
13
19
14
1
6
1
60
95
1
7
3
1
143
18
3
2
1
80
58
22
1
6
91
29
44
1
1
1
31
75
14
34
9
3
1
129
1
14
16
7
43
103
20
1
70
20
63
8
5
1
153
13
1
161
6
20
79
32
23
11
2
66
65
18
17
1
59
94
10
1
3
142
21
1
3
46
33
16
47
14
10
1
48
67
18
19
1
5
8
1
7
135
12
11
2
23
90
34
9
4
1
1
1
2
2
150
6
5
2
3
1
126
34
3
4
158
6
1
1
1
151
13
1
2
26
39
6
69
14
1
12
Number of elements: 2145
