Bin size: 283
Num of Bins: 396
63
170
28
5
14
1
2
116
25
35
9
62
1
21
10
4
32
239
12
178
68
29
6
1
1
281
1
1
200
81
1
1
132
66
25
58
2
86
89
42
26
23
14
1
1
1
112
162
2
2
1
2
1
1
2
207
62
3
4
4
1
196
83
2
2
239
18
2
7
10
4
2
1
242
11
29
1
18
135
57
26
31
6
10
33
109
56
75
5
3
1
1
35
52
144
4
34
10
4
65
189
11
17
1
138
102
7
31
4
1
42
236
5
7
79
190
1
4
1
1
169
23
86
1
4
202
67
14
50
28
31
120
31
5
11
2
2
3
273
1
8
1
104
125
2
9
10
31
1
1
107
37
31
39
48
16
1
1
3
54
185
26
5
4
5
2
1
1
52
6
154
23
23
19
2
3
1
204
16
63
175
99
1
5
3
158
16
71
1
15
10
8
2
1
1
204
66
9
1
1
2
41
145
29
36
25
5
2
242
5
32
2
1
1
157
27
10
62
18
2
6
1
80
66
67
19
42
5
1
3
138
144
1
53
116
40
13
19
15
24
3
232
38
10
3
49
174
30
28
2
216
14
51
2
107
25
132
1
2
11
3
1
1
81
79
65
5
13
6
22
5
7
84
160
20
3
16
151
93
32
4
3
208
20
51
3
1
113
40
114
10
4
2
105
119
15
19
25
149
90
23
13
2
6
77
63
132
1
6
4
68
135
22
9
12
26
11
118
90
26
30
17
1
1
216
29
7
5
18
3
3
1
1
57
194
26
5
1
194
80
8
1
84
166
21
6
3
2
1
163
8
4
72
7
12
12
5
156
69
33
9
16
96
9
21
105
51
1
6
48
148
11
45
2
17
2
4
250
11
2
13
6
1
114
31
58
39
29
7
1
2
1
1
173
20
16
69
3
1
1
77
76
38
55
17
20
75
34
10
63
1
95
5
83
25
108
50
3
7
2
5
108
153
10
3
8
1
103
115
16
44
5
76
197
5
4
1
220
50
12
1
19
219
20
20
1
1
3
181
101
1
144
26
20
91
1
1
42
11
100
100
19
8
1
2
52
54
119
55
1
2
181
84
13
1
2
1
1
89
52
17
53
16
28
10
15
1
1
1
282
1
172
17
10
74
1
1
2
2
4
34
149
16
4
26
26
17
1
2
2
2
4
227
22
24
6
2
2
45
217
16
3
2
259
13
9
1
1
78
140
17
4
12
20
2
2
6
1
1
169
12
86
8
8
110
135
10
24
1
1
1
1
74
61
68
73
3
3
1
79
93
25
36
19
9
6
8
4
4
15
7
42
33
33
145
7
1
104
47
38
31
54
5
1
2
1
83
120
60
3
1
1
8
5
2
79
93
88
6
13
3
1
49
27
141
8
52
3
2
1
235
31
15
2
138
22
54
18
30
13
8
221
36
10
13
1
2
165
102
2
2
5
5
1
1
125
125
8
23
1
1
65
21
12
150
12
21
1
1
152
115
11
3
2
143
108
19
12
1
109
158
12
4
136
87
59
1
71
3
206
3
71
74
65
64
4
5
231
1
9
2
32
5
1
2
180
22
12
2
17
49
1
56
150
74
1
2
130
4
94
12
18
20
1
4
83
84
49
37
5
22
3
120
100
39
12
9
2
1
175
7
47
3
4
31
12
4
163
78
24
9
6
3
253
6
2
11
4
5
2
83
6
180
7
7
202
11
37
31
2
91
109
75
4
4
26
220
4
2
4
4
18
5
213
58
3
2
2
1
2
1
1
273
6
4
197
71
14
1
210
38
19
10
5
1
133
106
29
10
1
2
1
1
139
11
32
36
63
2
79
181
10
7
1
3
1
1
196
49
8
15
9
6
22
147
93
8
10
3
11
268
4
160
111
7
2
1
1
1
6
63
164
1
36
1
9
2
1
228
19
33
1
1
1
106
115
62
8
200
39
33
1
1
1
230
38
15
116
35
29
75
14
3
4
1
5
1
243
31
6
3
103
9
62
48
45
12
4
18
64
152
14
16
19
164
16
52
27
19
4
1
107
111
42
17
6
79
156
34
7
2
3
2
11
75
121
52
17
4
3
52
21
39
35
102
5
15
7
5
1
1
149
16
17
17
37
35
7
2
1
2
238
25
20
85
12
110
64
8
3
1
200
18
32
4
29
252
17
11
2
1
234
4
6
18
11
8
2
117
35
25
39
11
28
10
1
2
12
3
183
63
11
1
20
5
87
22
120
36
4
6
6
1
1
147
24
91
20
1
27
123
49
54
19
7
2
2
221
9
20
24
2
1
3
3
204
36
18
13
2
8
2
3
251
12
8
6
2
1
222
41
3
4
9
1
1
1
1
140
117
19
7
200
9
71
1
1
1
197
73
12
1
28
101
34
58
36
16
9
1
230
45
7
1
117
50
26
23
28
15
20
1
2
1
140
86
11
30
2
11
1
1
1
226
55
1
1
91
101
74
11
2
2
1
1
186
71
23
3
152
61
57
4
6
2
1
17
259
7
216
52
3
12
199
24
37
10
11
2
216
58
6
1
1
1
178
83
21
1
245
33
5
263
11
4
5
87
92
102
1
1
2
89
2
159
17
13
1
269
7
5
1
1
61
214
6
2
126
64
42
7
4
19
8
10
3
170
105
1
4
3
12
271
270
10
3
165
86
25
7
179
12
30
46
13
1
2
161
53
33
35
1
1
206
2
55
17
1
1
233
37
11
1
1
81
193
1
7
1
54
109
75
2
8
22
6
4
3
24
165
53
28
1
7
5
49
102
42
21
13
56
273
2
8
163
58
13
5
14
28
2
183
75
19
1
1
2
1
1
247
33
2
1
5
121
4
18
94
11
3
17
9
1
244
14
25
35
118
24
35
59
1
4
4
2
1
107
16
73
75
7
4
1
240
3
35
3
2
207
49
3
1
3
8
10
2
202
64
1
6
4
1
4
1
68
27
176
1
5
2
1
1
1
1
130
37
6
50
36
16
8
211
28
35
8
1
72
76
107
4
18
4
2
146
4
54
58
6
7
4
3
1
267
15
1
212
7
46
3
12
2
1
19
186
23
26
11
14
3
1
232
35
2
2
11
1
26
202
28
21
4
1
1
13
167
76
14
5
7
1
237
24
6
7
5
1
3
231
18
6
24
1
1
2
153
123
7
124
76
24
33
17
8
1
50
85
139
9
235
3
9
23
4
6
2
1
34
69
115
34
15
1
1
5
9
8
197
14
2
29
7
25
1
34
132
87
28
2
149
81
16
15
3
15
3
1
4
8
159
9
8
78
3
2
1
10
1
19
39
16
56
95
32
5
8
5
4
4
12
158
77
29
4
2
1
186
63
8
13
13
155
6
92
14
6
3
7
189
73
20
1
143
29
59
12
17
20
3
19
186
21
16
20
17
2
2
219
8
24
10
13
9
66
104
50
39
18
6
113
126
17
11
13
3
234
10
19
3
2
10
3
1
1
206
6
35
32
2
1
1
242
6
33
2
68
101
64
25
24
1
235
46
1
1
266
1
16
154
107
2
5
8
5
1
1
145
56
35
22
21
2
2
162
65
48
4
3
1
256
20
2
4
1
243
25
13
2
82
6
190
4
1
210
21
22
27
2
1
267
9
5
1
1
81
132
36
33
1
30
211
24
7
3
1
4
3
48
233
2
44
184
22
16
4
4
8
1
154
18
12
85
9
1
3
1
279
3
1
143
61
63
13
1
2
34
183
64
2
251
26
4
2
155
51
75
1
1
196
42
3
25
11
3
3
246
20
17
207
59
3
13
1
242
11
5
21
4
160
50
13
51
4
1
3
1
186
69
1
2
16
3
4
1
1
67
191
17
3
4
1
175
91
1
16
167
75
34
6
1
38
168
25
16
12
14
7
1
2
255
9
14
5
33
88
47
49
56
4
2
3
1
6
199
46
20
6
5
1
241
6
31
1
3
1
32
45
201
2
1
2
112
50
118
3
196
60
20
5
1
1
107
141
23
12
196
46
3
26
3
1
7
1
241
25
6
6
2
2
1
32
68
127
1
48
4
2
1
72
100
43
52
15
1
190
38
9
23
4
19
12
153
33
51
21
8
3
2
216
2
39
3
16
3
2
1
1
226
40
8
5
4
260
7
8
2
2
1
1
2
258
20
2
1
1
1
262
2
8
6
4
1
126
86
6
16
10
5
2
15
13
4
137
110
14
11
9
1
1
68
199
8
8
203
74
6
178
6
23
36
28
10
2
166
117
95
139
29
15
1
3
1
107
10
119
26
11
7
2
1
8
200
54
4
4
13
73
38
119
1
48
1
2
1
245
11
27
118
152
8
4
1
236
36
10
1
149
48
36
40
6
4
274
5
2
1
1
33
82
133
24
10
1
191
77
11
3
1
203
3
52
18
3
1
2
1
136
25
59
3
31
18
11
182
77
9
1
9
3
2
82
76
52
73
60
80
121
22
4
217
59
2
1
28
112
97
30
4
8
4
38
229
13
1
1
1
19
83
126
31
15
1
8
117
34
128
4
8
18
149
74
16
1
3
6
7
1
151
31
67
28
5
1
245
12
7
8
6
1
2
2
242
33
8
221
51
6
4
1
195
55
23
10
152
64
47
5
8
6
1
198
20
34
19
11
1
282
1
272
10
1
140
2
139
2
81
128
59
2
11
2
203
17
59
1
3
101
113
1
24
22
20
2
142
65
31
8
37
160
119
3
1
137
22
48
37
32
4
2
1
146
85
19
16
3
4
7
2
1
11
108
47
84
13
14
4
2
205
56
8
12
2
242
38
1
1
1
206
7
65
3
1
1
207
13
6
50
6
1
150
7
80
27
2
12
1
2
1
1
173
91
14
2
1
2
50
24
25
65
111
3
1
3
1
148
60
36
26
6
1
5
1
279
4
13
122
55
16
10
60
2
5
118
82
34
9
36
2
2
41
88
66
72
8
1
5
2
37
47
91
52
51
3
1
1
249
15
10
7
2
193
60
25
1
3
1
142
120
21
47
12
61
19
33
5
60
22
14
3
7
135
87
20
13
12
1
4
6
4
1
203
37
7
3
12
10
3
8
42
25
189
2
9
8
7
1
134
43
16
42
3
38
4
3
94
44
103
19
20
3
186
87
9
1
153
109
10
10
1
235
4
10
26
7
1
244
37
2
184
96
2
1
18
149
99
12
3
1
1
186
75
15
4
1
2
244
32
4
2
1
76
195
11
1
6
259
1
6
2
1
4
4
255
8
20
96
61
92
20
14
188
84
5
2
4
282
1
210
72
1
97
9
5
120
50
2
254
8
16
5
88
56
119
6
10
3
1
121
22
34
77
2
23
2
2
215
59
6
2
1
195
71
3
14
58
23
163
36
2
1
248
20
11
2
1
1
17
43
56
18
65
83
1
275
4
3
1
269
8
5
1
249
28
1
3
1
1
197
47
13
8
13
2
3
168
26
36
22
9
15
6
1
147
41
37
12
36
8
1
1
209
21
5
25
12
3
5
2
1
209
45
13
3
6
5
1
1
16
154
30
49
14
12
7
1
136
79
2
19
4
41
2
188
36
28
3
6
16
4
1
1
192
68
3
12
4
3
1
127
145
2
5
3
1
260
12
4
3
1
1
2
115
69
50
19
18
8
4
Number of elements: 2477
