Bin size: 186
Num of Bins: 468
127
35
20
4
69
9
63
1
23
9
7
3
2
179
2
2
3
133
44
9
44
16
123
3
127
45
2
7
1
2
1
1
93
30
43
11
9
23
130
14
14
5
75
24
86
1
80
79
18
7
2
185
1
102
77
4
1
1
1
27
71
75
13
84
25
28
44
5
137
23
5
1
5
3
5
2
5
37
109
26
10
4
3
144
17
15
4
2
1
32
42
95
12
1
1
2
1
77
107
2
177
3
5
1
79
42
26
9
2
9
10
2
1
5
1
12
50
61
20
42
1
181
2
2
1
137
3
24
7
12
3
118
58
7
2
1
18
70
30
9
32
25
1
1
59
24
45
44
2
11
1
31
3
20
94
4
5
13
5
11
123
23
2
11
7
14
3
2
1
119
19
5
25
5
1
3
9
40
16
7
119
4
134
32
2
1
14
3
144
21
1
17
3
17
51
71
19
16
2
1
1
2
5
1
5
149
4
10
15
2
1
152
15
2
15
2
34
99
25
9
10
4
3
1
1
81
77
6
19
2
1
26
113
16
13
18
3
29
106
4
3
41
112
6
58
3
4
2
1
18
150
10
6
1
1
64
16
23
20
19
31
12
1
47
73
60
3
1
2
122
57
3
2
1
1
176
6
3
1
162
16
7
1
88
82
12
3
1
119
45
7
10
2
1
1
1
106
70
1
5
1
3
39
115
5
25
1
1
127
6
8
20
3
19
3
68
112
1
3
2
87
83
6
8
2
137
7
3
31
1
4
3
178
4
3
1
180
3
2
1
157
2
20
5
2
19
49
35
57
13
13
12
34
9
6
46
68
5
2
4
134
29
2
19
2
149
2
7
19
8
1
64
48
3
44
26
1
85
38
54
7
1
1
12
66
91
4
4
9
144
16
17
6
3
181
3
2
169
11
1
3
2
134
40
10
1
1
19
8
81
13
65
143
2
29
1
3
8
117
69
86
30
1
64
4
1
73
42
22
8
35
5
1
185
1
142
3
13
3
21
2
2
21
40
92
31
1
1
111
38
20
6
7
2
1
1
133
10
5
15
11
7
3
2
148
24
11
1
2
16
168
2
153
1
1
2
5
11
11
1
1
7
150
18
8
2
1
164
11
10
1
64
35
26
56
5
44
32
29
14
66
1
68
11
50
17
8
16
16
120
5
39
3
16
3
72
92
11
4
7
58
28
81
4
5
10
153
18
14
1
57
5
60
42
16
6
134
38
12
1
1
145
16
15
4
1
5
104
80
2
87
50
1
6
38
4
127
28
27
4
55
38
5
29
41
3
7
6
1
1
131
1
43
8
3
124
9
39
7
4
1
2
44
20
67
11
37
5
1
1
154
26
3
3
156
19
4
2
4
1
179
2
2
2
1
63
3
39
62
2
7
4
2
1
1
2
138
25
22
1
155
1
1
24
5
24
140
6
16
45
140
1
25
82
26
24
29
97
70
4
5
5
4
1
55
20
46
4
22
20
6
7
6
135
35
8
7
1
180
2
1
1
2
12
58
111
2
2
1
184
2
90
22
1
5
14
37
8
2
3
2
1
1
111
38
24
1
6
6
33
120
2
30
1
3
183
85
13
69
9
7
3
42
129
7
7
1
4
75
22
8
60
9
8
62
18
58
35
3
1
6
1
1
1
83
11
1
35
13
8
23
3
3
3
3
56
62
59
2
1
5
1
108
60
18
79
35
60
12
121
29
15
18
2
1
119
7
51
3
3
1
2
65
73
31
7
9
1
166
9
8
1
2
165
20
1
118
8
30
16
10
3
1
179
4
3
167
6
8
2
3
91
65
17
9
3
1
80
8
30
8
30
18
7
1
4
99
79
1
2
1
2
2
66
12
76
25
5
1
1
30
102
38
16
94
51
20
19
2
59
10
105
4
8
9
6
31
94
23
15
3
3
1
1
171
15
12
25
96
51
2
101
76
2
4
3
67
50
29
14
14
3
3
1
4
1
47
132
3
3
1
156
15
15
137
35
6
2
5
1
138
40
1
6
1
123
18
7
33
5
50
107
7
9
4
7
2
83
27
71
4
1
155
29
2
50
5
51
45
18
12
2
3
116
70
174
5
4
2
1
122
54
4
5
1
99
19
3
34
5
25
1
152
12
18
4
105
81
92
13
37
8
25
2
1
3
4
1
67
48
19
48
4
6
178
2
147
30
3
5
1
141
13
14
7
8
1
2
19
99
50
6
5
6
1
108
23
32
22
1
70
23
84
1
6
1
1
175
1
3
4
1
1
1
133
45
7
1
72
10
17
7
60
19
1
1
179
3
1
1
1
59
26
47
44
8
1
1
118
52
7
2
3
1
3
107
6
21
43
1
6
2
31
140
4
5
5
1
105
81
127
37
20
1
1
103
18
44
6
15
167
2
1
7
3
1
1
4
73
59
31
20
1
2
114
7
10
28
27
85
32
61
1
2
2
2
1
144
23
6
6
5
1
1
112
19
2
1
44
7
1
31
139
6
5
2
2
1
89
75
20
1
1
96
87
3
177
8
1
167
2
14
1
2
87
54
29
9
4
2
1
11
24
25
72
7
17
29
1
35
44
103
1
2
1
70
93
13
3
4
1
2
184
1
1
18
84
14
26
34
2
2
3
1
1
1
91
77
13
5
13
131
2
33
3
2
2
41
4
6
107
19
3
5
1
86
69
3
1
19
4
4
66
68
44
3
5
17
28
41
39
57
1
1
1
1
152
12
11
8
3
54
89
29
5
2
2
4
1
116
7
31
17
15
71
33
19
27
31
1
3
1
127
44
2
11
2
160
12
4
7
3
112
51
23
27
125
15
5
5
3
3
1
1
1
7
60
3
100
1
6
5
4
138
44
2
2
53
91
42
45
18
103
4
10
6
68
94
18
3
2
1
116
47
10
8
3
2
61
108
11
2
1
2
1
20
91
37
18
8
1
11
69
17
59
11
10
11
7
1
1
129
51
4
1
1
13
31
37
61
10
22
9
1
2
45
9
2
64
20
22
13
4
7
11
143
16
13
3
153
21
7
3
2
33
128
3
8
1
7
4
2
101
57
16
6
1
2
1
2
101
77
2
2
3
1
181
3
1
1
131
37
5
9
3
1
151
16
7
4
1
4
1
2
149
23
4
8
2
120
43
2
5
16
89
87
7
1
2
123
33
23
6
1
96
3
78
5
1
1
1
1
89
61
26
9
1
135
42
1
5
1
2
22
107
10
9
2
13
8
14
1
90
70
6
20
80
90
13
3
1
51
132
1
1
32
34
63
28
7
19
3
11
47
53
40
3
13
18
1
99
30
37
14
5
1
129
45
7
1
2
1
1
119
60
3
3
1
137
10
30
1
7
1
42
74
10
13
6
34
7
141
39
3
2
1
124
49
5
3
1
3
1
173
5
2
1
1
2
1
1
141
33
8
4
128
19
26
6
1
5
1
129
4
11
3
32
6
1
37
14
135
16
73
48
16
2
17
8
6
44
88
16
23
5
3
5
1
1
111
29
45
1
92
1
78
14
1
48
64
19
35
9
9
1
1
20
70
19
54
18
4
1
92
87
5
2
105
64
8
7
1
1
120
44
19
1
2
66
109
3
4
2
1
1
132
51
1
1
1
93
10
35
19
25
3
1
139
12
30
1
1
1
2
108
15
35
21
2
5
124
9
10
8
29
3
1
1
1
108
35
18
20
5
185
1
180
4
1
1
58
46
64
6
5
6
1
120
14
47
1
2
2
104
71
6
3
2
43
31
99
8
4
1
159
24
2
1
147
38
1
144
37
2
2
1
41
1
137
6
1
148
28
7
1
1
1
38
66
23
43
10
2
3
1
126
49
10
1
124
23
6
19
9
4
1
12
19
24
111
13
3
3
1
95
59
11
12
4
4
1
40
119
21
2
1
1
2
52
55
40
11
2
22
4
87
35
29
22
5
3
4
1
51
10
37
5
15
57
8
3
137
17
28
1
1
2
168
18
145
4
22
1
9
3
2
100
44
1
9
9
1
19
3
116
18
48
4
70
106
6
4
114
67
2
1
2
171
3
4
6
2
44
13
61
59
7
2
134
32
7
11
1
1
33
13
89
39
2
2
1
2
1
4
154
24
3
2
3
66
10
1
21
31
53
3
1
138
29
6
13
97
82
7
84
66
14
15
3
1
1
1
1
184
2
78
28
43
37
92
18
54
15
6
1
108
1
65
4
1
4
1
1
1
76
82
8
19
1
45
8
63
4
18
8
28
2
6
4
35
25
62
6
17
32
3
6
68
79
16
22
1
38
80
2
16
29
10
1
4
2
4
151
7
10
17
1
67
41
44
3
18
3
4
4
1
1
13
69
27
17
58
2
151
6
23
1
4
1
178
3
2
1
1
1
175
10
1
175
9
2
98
41
24
14
7
2
84
42
8
43
4
2
1
1
1
155
9
16
3
3
160
24
1
1
181
2
1
1
1
74
50
25
3
31
1
1
1
135
44
5
1
1
177
4
5
63
100
8
6
3
5
1
78
88
10
1
4
2
1
2
144
28
4
5
4
1
128
22
10
10
12
1
1
2
23
163
11
168
2
3
1
1
68
8
41
31
19
8
7
3
1
77
35
27
42
5
60
70
14
26
5
2
5
2
1
1
68
33
76
7
1
1
103
4
32
8
5
2
16
13
2
1
94
66
3
1
15
1
1
5
117
68
1
76
62
16
6
3
3
11
6
3
20
160
4
2
181
2
1
2
182
1
3
22
82
30
24
6
19
3
49
10
7
65
35
6
2
5
1
3
1
2
13
90
82
1
46
133
5
2
156
10
6
7
6
1
138
12
7
6
21
2
124
12
22
6
1
17
1
1
2
140
29
15
2
181
2
3
49
125
3
8
1
113
70
2
1
101
3
26
33
18
1
2
1
1
23
38
71
12
25
2
6
5
3
1
169
3
6
4
2
2
10
122
50
4
147
23
16
89
57
26
10
1
3
89
11
81
4
1
181
4
1
123
60
2
1
145
41
93
19
48
1
3
10
4
4
3
1
31
88
18
8
27
12
1
1
120
7
22
10
3
16
8
16
1
166
3
68
21
18
9
2
19
29
8
11
1
12
48
33
62
11
10
4
5
1
171
12
3
100
60
20
1
3
2
3
98
85
137
5
12
10
12
3
3
4
27
67
44
41
3
1
2
1
36
38
74
31
1
4
1
1
182
3
1
125
26
12
17
2
1
3
6
124
33
6
3
3
11
135
13
5
32
1
5
141
2
12
7
6
11
1
1
63
45
71
3
2
2
59
1
96
21
4
1
3
1
177
3
2
1
3
44
110
25
2
5
8
154
10
1
9
1
3
85
100
1
24
79
31
16
30
5
1
60
89
32
1
3
1
166
14
5
1
66
105
10
1
1
3
83
10
90
2
1
104
24
54
1
3
115
70
1
158
22
4
1
1
69
13
75
27
1
1
8
112
62
3
1
176
8
2
83
50
20
21
5
5
2
165
19
2
164
5
5
2
9
1
117
3
8
32
18
1
6
1
124
53
2
6
1
12
25
31
85
28
4
1
18
39
7
67
10
1
37
4
2
1
111
47
18
9
1
8
58
64
5
29
16
6
186
95
51
31
8
1
145
31
9
1
128
13
10
21
7
7
55
39
1
8
55
26
1
1
78
81
12
7
8
58
57
67
3
1
152
14
11
9
102
44
40
73
99
14
169
1
8
3
3
2
40
130
16
184
1
1
125
13
16
3
20
6
3
147
17
15
6
1
185
1
73
88
19
1
4
1
100
47
24
15
71
106
1
3
2
2
1
132
2
24
1
16
1
3
4
1
2
4
131
7
21
21
1
1
140
41
3
1
1
101
82
1
1
1
24
6
61
12
27
42
5
4
1
1
3
177
8
1
59
77
43
6
1
53
75
1
38
1
11
1
4
2
49
122
1
8
1
1
4
75
55
39
7
4
4
2
140
27
6
12
1
159
16
2
6
2
1
116
49
8
12
1
47
70
11
34
16
5
2
1
45
42
9
61
24
1
3
1
104
59
3
1
9
9
1
88
69
8
7
13
1
15
107
9
55
87
84
4
11
94
86
3
2
1
152
33
1
185
1
43
24
20
13
35
37
5
3
4
1
1
20
130
31
1
1
2
1
36
131
13
1
5
185
1
5
82
54
37
7
1
110
29
27
18
2
63
87
16
14
4
2
118
33
10
13
1
7
3
1
46
25
93
5
14
1
2
7
170
8
1
57
33
75
3
11
1
3
3
100
9
11
14
2
21
23
6
Number of elements: 2758
