Bin size: 142
Num of Bins: 445
37
34
48
8
13
1
1
139
2
1
121
18
2
1
29
37
75
1
58
76
5
1
1
1
89
8
29
3
4
7
1
1
70
38
12
20
1
1
115
17
10
27
5
105
1
2
1
1
139
3
40
20
12
14
29
1
1
10
2
9
2
2
108
15
18
1
62
27
46
6
1
5
27
103
3
4
75
11
50
4
2
10
105
9
9
1
5
3
114
13
15
57
7
20
25
33
134
7
1
140
2
25
59
8
17
25
2
6
52
57
16
15
2
76
30
36
110
7
3
14
8
121
8
8
5
94
26
14
3
5
13
36
12
65
5
4
4
1
1
1
47
50
8
3
21
6
3
4
13
44
78
7
104
26
3
8
1
99
39
4
94
42
4
2
35
71
18
8
7
1
2
54
21
66
1
39
102
1
6
136
18
66
49
5
2
1
1
37
74
19
6
1
5
19
36
36
15
20
7
3
5
1
37
29
60
15
1
97
11
19
5
10
18
103
9
9
1
1
1
73
17
17
4
25
1
3
1
1
46
7
50
36
3
54
74
11
3
75
29
30
1
7
17
21
9
41
49
1
3
1
44
28
41
7
19
2
1
68
46
5
21
2
134
3
4
1
139
1
1
1
118
16
5
1
2
125
4
1
11
1
113
28
1
125
1
16
33
87
19
2
1
129
7
1
3
2
27
71
32
4
1
7
108
17
7
8
1
1
80
30
19
12
1
125
17
28
32
63
1
13
1
3
1
19
76
7
27
1
2
7
3
55
68
18
1
67
9
1
10
42
2
6
5
70
47
25
69
61
9
3
10
131
1
54
56
30
1
1
98
3
24
7
7
2
1
118
11
11
1
1
73
39
26
1
1
1
1
83
16
23
4
8
4
3
1
120
7
3
7
1
2
1
1
26
15
40
47
4
9
1
45
20
14
3
13
27
19
1
43
78
19
2
20
33
59
25
5
25
37
62
6
5
2
4
1
41
57
12
24
5
1
1
1
35
90
8
8
1
55
16
36
11
12
10
2
141
1
96
41
5
58
21
35
12
3
12
1
130
5
6
1
42
12
34
40
13
1
99
24
9
1
3
4
2
34
63
22
15
1
1
5
1
52
26
2
44
7
10
1
62
75
3
1
1
141
1
50
71
6
1
6
5
3
92
2
18
28
1
1
1
125
12
1
3
113
23
3
3
20
24
71
26
1
44
52
2
24
4
6
8
2
34
32
28
40
4
2
1
1
98
11
19
6
1
2
3
1
1
112
13
8
3
1
1
2
2
38
86
4
10
1
2
1
12
70
29
7
1
15
8
89
12
28
10
1
2
134
2
3
2
1
114
13
13
2
111
25
2
2
2
92
16
33
1
131
9
2
77
45
14
1
5
40
10
63
3
3
10
11
2
45
62
5
1
21
5
2
1
6
92
18
16
10
93
29
14
4
2
103
5
8
23
1
1
1
96
28
7
5
3
1
1
1
20
14
72
9
12
5
8
1
1
15
45
54
6
6
3
1
11
1
12
61
51
14
4
136
3
1
1
1
5
120
7
7
1
1
1
6
28
104
1
1
1
1
119
13
9
1
27
59
53
1
1
1
35
71
10
6
13
1
6
29
72
41
30
38
21
5
14
26
3
1
3
1
124
16
1
1
99
13
9
3
17
1
53
17
53
16
3
28
93
5
13
1
2
119
23
120
21
1
117
18
5
1
1
41
66
15
15
2
1
2
111
7
2
7
13
1
1
126
11
5
139
3
21
71
18
11
12
7
2
67
6
3
64
1
1
47
78
4
6
4
1
2
128
7
7
68
44
28
1
1
140
1
1
13
40
80
1
4
2
2
141
1
99
10
5
15
4
9
10
126
2
2
2
104
8
21
5
3
1
102
5
16
12
5
2
92
45
1
1
1
2
101
15
5
9
9
2
1
9
116
8
4
2
2
1
108
4
7
8
12
1
1
1
141
1
68
24
44
2
2
1
1
132
8
1
1
129
1
10
1
1
5
94
20
14
7
1
1
93
31
16
1
1
25
57
40
14
1
4
1
132
3
1
6
23
9
13
75
4
15
3
103
5
10
17
7
62
6
12
13
36
3
8
1
1
38
93
5
4
1
1
108
34
64
73
4
1
57
13
64
8
52
72
16
1
1
41
51
46
1
1
2
41
40
5
26
10
4
3
11
1
1
124
17
1
111
1
10
18
1
1
115
8
9
5
3
2
46
39
19
34
4
27
110
5
105
7
27
1
1
1
105
13
12
4
4
3
1
32
53
49
3
2
3
137
1
1
2
1
91
9
27
11
3
1
58
63
15
2
2
2
23
24
66
27
1
1
105
11
23
1
1
1
24
110
1
2
4
1
27
112
2
1
48
84
8
1
1
69
22
28
19
2
2
94
21
24
1
1
1
17
104
9
8
4
40
100
1
1
17
7
105
11
2
28
77
12
6
2
17
103
12
22
4
1
24
32
45
39
2
36
94
1
4
4
2
1
10
118
12
2
71
25
32
13
1
31
2
37
64
7
1
82
26
21
2
2
2
7
53
80
5
3
1
4
1
79
8
36
3
4
7
70
62
7
2
1
71
55
1
8
2
1
3
1
136
3
3
110
17
8
4
1
2
6
107
26
1
2
35
106
1
114
3
17
1
7
8
30
86
8
2
3
3
2
131
2
5
4
142
19
100
14
9
107
23
1
11
138
3
1
11
26
64
20
9
4
3
1
1
1
1
1
142
17
96
15
10
1
1
2
49
10
45
26
1
7
4
81
20
24
11
2
4
11
101
4
4
16
1
3
2
5
36
38
32
20
4
6
1
78
28
33
3
23
73
30
6
2
6
1
1
26
64
32
17
1
2
140
2
113
11
14
4
69
1
25
43
2
2
11
3
7
66
19
28
4
3
1
131
8
3
12
11
30
46
8
12
9
3
10
1
121
1
1
7
9
1
1
1
53
75
8
5
1
72
67
3
17
103
18
4
82
47
12
1
8
1
31
47
3
34
7
2
3
2
1
3
109
12
8
8
3
1
1
59
80
2
1
64
3
32
42
1
57
60
7
11
7
64
29
44
3
1
1
10
48
47
18
2
8
2
3
3
1
109
9
9
15
25
44
2
38
24
4
1
4
11
104
10
11
1
2
3
14
25
34
16
2
11
39
1
110
19
1
5
3
3
1
31
85
4
18
2
2
71
57
4
6
3
1
103
3
15
12
5
3
1
117
5
6
11
2
1
68
37
27
5
5
131
1
3
2
4
1
74
4
24
22
12
6
75
5
1
10
48
3
29
16
61
34
2
99
41
2
57
59
12
2
11
1
84
26
27
3
1
1
27
63
17
2
5
26
1
1
112
3
15
4
7
1
4
95
1
42
25
91
16
1
1
5
1
2
142
115
20
5
1
1
5
2
68
64
2
1
87
53
2
89
50
2
1
68
74
57
85
18
81
11
13
15
3
1
110
21
1
4
6
101
41
13
24
105
58
71
1
3
7
2
138
4
138
4
96
41
1
3
1
81
31
26
1
2
1
53
44
39
3
2
1
56
60
17
8
1
23
16
49
28
5
16
2
1
1
1
139
2
1
40
80
16
2
1
2
1
103
24
4
4
7
134
7
1
112
30
120
19
1
1
1
19
40
63
12
5
2
1
57
44
22
8
8
2
1
11
73
16
13
18
3
1
6
1
37
4
37
31
30
1
2
60
30
45
1
5
1
35
21
62
6
10
5
2
1
126
14
1
1
109
24
5
2
1
1
23
74
42
3
125
9
5
1
2
50
27
62
2
1
69
51
5
16
1
78
44
12
3
2
1
1
1
139
1
2
42
32
57
10
1
49
36
29
2
26
135
1
3
2
1
138
4
64
8
42
22
1
1
3
1
116
20
3
1
2
129
2
10
1
128
9
5
83
58
1
96
45
1
32
54
16
30
3
3
1
1
1
1
82
5
51
3
1
78
11
16
23
12
1
1
136
6
135
2
2
3
27
5
23
60
13
5
4
4
1
38
42
40
11
3
7
1
26
105
6
4
1
131
2
7
1
1
34
5
59
18
13
1
10
1
1
21
66
21
20
14
6
54
42
10
1
12
11
6
33
27
45
17
14
2
1
3
100
20
12
7
2
1
102
3
8
22
5
1
1
113
4
1
7
4
3
8
1
1
110
28
2
1
1
135
6
1
89
46
6
1
9
66
57
10
130
8
2
1
1
137
5
134
5
2
1
3
86
17
16
18
1
1
123
7
5
6
1
110
21
8
1
2
55
36
17
6
5
13
8
2
27
15
96
3
1
45
44
14
8
2
26
1
1
1
106
22
4
6
1
1
2
9
133
14
41
18
60
9
73
58
10
1
66
37
14
1
20
1
1
1
1
108
29
2
3
115
11
3
2
2
5
3
1
127
2
9
2
1
1
53
56
21
5
5
1
1
100
6
34
2
35
39
58
10
101
15
22
3
1
76
31
5
20
1
5
1
1
2
99
8
11
4
19
1
62
57
18
5
36
95
3
6
1
1
85
55
2
19
58
26
33
3
2
1
2
3
112
17
7
1
142
63
40
7
30
2
129
8
5
106
1
23
4
2
3
2
1
42
15
3
67
12
1
1
1
106
9
16
4
6
1
123
8
7
2
1
1
106
10
22
1
2
1
107
2
19
6
8
22
46
12
16
21
23
2
122
6
1
9
2
1
1
92
24
9
9
4
4
98
26
4
9
1
1
2
1
83
48
2
3
5
1
116
26
40
3
24
60
5
10
128
7
7
135
1
3
3
97
10
1
31
2
1
71
68
1
2
37
22
3
53
16
4
5
2
134
7
1
51
91
80
52
7
3
41
13
57
29
2
41
15
37
2
10
6
3
18
2
8
28
100
14
119
5
18
43
61
35
3
133
3
5
1
124
13
4
1
73
23
24
20
2
130
6
1
3
1
1
120
11
9
1
1
27
104
9
2
92
34
13
1
1
1
46
6
78
8
2
2
134
2
3
1
1
1
44
37
60
1
90
11
25
1
11
2
2
111
11
13
2
1
4
7
92
15
20
1
2
1
1
3
70
48
10
10
4
10
80
7
39
1
5
106
26
3
3
4
142
134
1
2
2
1
1
1
94
11
2
4
4
16
11
1
78
61
2
100
28
7
5
1
1
65
9
53
7
2
2
4
92
18
1
3
20
3
5
133
1
2
2
1
1
2
139
1
1
1
64
36
32
10
95
29
10
7
1
4
37
75
13
10
1
2
106
25
11
142
45
71
3
17
4
2
35
56
16
33
1
1
50
56
19
17
38
103
1
70
63
9
88
37
16
1
25
28
11
29
28
2
15
1
2
1
60
68
14
68
53
17
3
1
90
36
7
6
2
1
77
12
52
1
111
30
1
93
47
2
87
14
7
19
13
2
113
12
16
1
69
8
23
28
5
9
132
9
1
47
47
31
15
1
1
107
14
9
6
5
1
105
25
1
8
1
2
82
34
19
3
2
2
97
1
18
14
8
4
14
45
63
13
4
3
138
1
3
Number of elements: 2423
