Bin size: 263
Num of Bins: 421
68
67
62
34
32
46
17
189
6
3
1
1
199
45
3
16
175
13
74
1
215
18
9
7
9
3
2
214
5
20
1
3
3
3
9
2
2
1
263
25
229
9
134
51
33
3
17
7
4
12
1
1
213
18
9
15
5
1
2
132
74
24
8
8
16
1
39
57
112
15
6
25
9
123
110
12
5
8
5
176
6
26
17
15
14
7
2
174
72
5
1
8
1
2
82
102
18
9
5
10
16
9
9
2
1
22
38
35
132
33
2
1
16
118
122
7
172
88
2
1
175
1
49
4
18
4
4
7
1
30
216
6
9
1
1
109
100
51
2
1
168
24
52
2
8
3
4
2
170
80
1
8
3
1
207
30
16
10
92
128
13
4
5
3
8
4
2
3
1
144
30
31
1
3
5
10
3
17
4
5
2
6
2
110
73
19
47
5
1
7
1
76
33
119
35
1
239
20
3
130
123
7
1
2
79
124
43
11
6
76
180
1
6
145
70
45
2
1
112
5
49
42
13
20
18
2
2
54
7
29
109
38
8
5
2
9
1
1
220
18
24
1
42
107
86
2
5
21
218
31
3
8
1
2
84
113
34
20
11
1
109
13
12
36
40
39
2
4
4
2
2
139
72
26
24
1
1
38
86
105
1
8
16
9
146
59
55
2
1
242
1
7
6
2
1
3
1
124
32
11
93
3
181
45
21
2
11
2
1
243
10
6
2
1
1
114
21
103
24
1
235
8
20
208
16
30
7
2
84
117
36
17
1
7
1
258
5
69
85
61
46
2
38
75
38
104
8
228
16
18
1
34
228
1
148
4
50
18
8
22
2
2
8
1
67
69
20
76
3
3
22
1
1
1
206
51
2
1
3
218
29
1
10
1
2
2
63
124
20
11
13
11
7
13
1
52
208
1
1
1
130
58
28
41
3
2
1
213
43
2
2
1
1
1
246
8
6
1
1
1
199
4
14
24
19
1
2
196
39
28
236
14
1
7
1
3
1
78
9
74
77
2
14
3
3
2
1
174
66
15
4
4
228
17
6
9
2
1
174
2
10
73
4
97
80
55
26
5
29
28
124
81
1
148
70
21
7
17
200
42
12
8
1
209
41
12
1
143
41
62
12
2
2
1
62
147
10
13
31
42
95
78
13
9
22
2
2
36
64
12
123
8
1
15
1
1
1
1
67
104
11
41
13
19
2
2
1
2
1
132
108
2
20
1
120
18
19
64
3
31
1
1
4
2
148
45
18
47
4
1
28
186
4
26
15
1
1
2
188
14
39
9
12
1
116
83
7
44
5
8
202
10
37
3
3
8
52
3
57
37
13
22
56
7
4
5
4
1
2
194
69
138
124
1
206
30
14
10
3
191
56
1
1
2
5
6
1
130
49
32
6
9
23
1
5
1
5
1
1
17
115
72
36
11
12
100
33
9
113
8
106
81
68
5
1
2
108
50
53
21
21
9
1
80
169
12
1
1
18
229
6
1
5
2
1
1
87
140
3
17
10
2
4
81
115
14
11
5
34
2
1
242
19
2
120
130
7
1
3
2
11
209
15
9
11
6
1
1
23
111
16
101
6
2
3
1
55
179
1
27
1
225
2
28
5
2
1
183
63
4
6
7
104
150
8
1
85
21
33
52
59
4
5
2
2
206
37
4
4
2
5
1
3
1
202
22
12
25
1
1
80
29
143
8
1
2
153
93
16
1
145
36
36
43
1
2
4
8
201
9
35
4
1
1
20
20
34
95
75
12
3
3
1
2
46
181
24
7
3
75
153
16
19
142
23
14
3
63
3
9
1
2
2
1
41
195
16
8
3
22
218
19
3
1
197
15
37
2
1
7
2
2
53
164
29
17
226
13
4
3
1
14
1
1
98
50
53
32
15
9
4
1
1
172
10
62
1
9
5
4
60
201
2
220
37
3
3
57
45
75
79
3
2
2
119
108
31
2
3
15
187
27
18
6
4
3
3
210
36
11
6
12
125
97
24
5
260
2
1
41
168
51
3
48
92
110
13
190
29
23
11
5
1
2
1
1
98
32
56
76
1
195
30
22
16
42
8
103
48
50
10
2
177
8
51
13
2
3
3
1
2
1
2
100
55
81
2
3
10
3
7
2
224
39
217
19
4
1
19
1
1
1
48
14
13
133
31
3
14
2
3
2
137
31
64
14
16
1
33
107
30
55
36
1
1
256
4
1
2
151
101
4
5
2
91
51
49
61
3
8
104
138
13
5
2
1
172
22
47
11
2
8
1
1
150
53
9
46
1
2
1
147
30
80
3
3
113
52
27
64
6
1
163
88
2
7
2
1
231
11
2
10
8
1
145
54
8
11
29
13
1
2
40
74
41
39
54
4
7
2
1
1
251
3
1
8
175
20
26
14
4
12
4
3
4
1
241
20
2
53
94
103
6
5
2
117
59
59
7
18
1
2
134
17
37
74
1
78
117
44
3
5
9
1
1
1
1
3
44
193
18
2
2
2
1
1
196
29
16
22
98
157
5
1
2
247
9
6
1
194
12
32
22
2
1
54
6
164
6
20
10
2
1
191
55
14
1
1
1
192
58
5
7
1
243
14
4
2
259
2
2
145
59
27
11
2
2
5
5
6
1
80
153
24
1
5
244
5
3
8
3
15
121
2
21
69
13
17
1
3
1
134
57
68
2
1
1
75
131
33
19
5
206
14
14
19
1
5
1
1
1
1
261
2
171
66
21
4
1
92
118
11
32
3
7
167
5
80
4
2
2
3
10
189
3
60
1
28
75
49
7
68
15
7
1
12
1
104
28
8
18
85
12
4
2
2
210
38
14
1
205
48
1
5
4
107
81
52
9
14
237
9
3
1
5
3
3
2
57
12
23
166
1
2
1
1
23
132
81
21
1
4
1
257
3
3
45
35
3
147
1
6
1
24
1
172
72
10
3
3
2
1
198
57
2
5
1
203
10
49
1
25
229
4
1
1
1
2
255
5
3
202
10
50
1
154
106
1
1
1
205
24
19
15
17
99
1
39
82
11
7
6
1
148
69
18
1
26
1
89
55
114
5
11
195
53
2
1
1
20
191
9
6
3
29
2
2
1
183
1
52
10
10
4
2
1
34
139
4
76
9
1
246
16
1
131
59
50
19
3
1
141
44
11
24
40
3
11
54
124
29
2
5
20
15
2
1
141
106
15
1
162
37
32
11
17
3
1
46
49
61
48
48
10
1
24
176
43
2
3
10
3
1
1
59
198
3
1
1
1
214
31
13
2
1
1
1
159
11
84
5
2
2
171
50
30
8
2
1
1
88
146
17
8
2
1
1
98
47
29
22
11
26
18
12
118
24
82
22
8
9
183
73
1
4
2
174
15
62
11
1
164
62
35
1
1
49
5
129
60
20
163
54
32
11
1
1
1
167
60
11
11
1
10
1
1
1
158
52
21
1
13
17
1
36
104
61
57
4
1
107
96
35
6
6
4
5
3
1
64
165
23
7
4
120
21
91
4
19
7
1
6
220
18
19
55
12
172
20
3
1
53
127
25
22
20
15
1
148
55
3
31
7
2
10
1
2
2
1
1
19
199
41
3
1
255
1
3
2
1
1
220
1
27
11
2
2
5
137
30
13
35
24
8
7
2
2
39
36
106
48
18
9
4
1
1
1
91
98
66
5
1
1
1
44
56
54
7
89
10
3
136
37
53
22
2
1
9
2
1
161
52
3
44
1
2
171
72
16
4
246
15
2
170
2
79
10
2
84
34
102
19
4
10
5
4
1
38
207
10
4
3
1
121
61
53
12
4
12
226
12
23
1
1
75
1
31
56
42
45
5
5
1
2
128
109
24
2
206
38
5
3
7
4
53
180
29
1
185
27
4
20
18
4
2
1
2
182
62
16
1
2
64
42
124
16
3
6
5
2
1
248
1
11
3
113
70
28
27
4
20
1
186
35
1
15
12
13
1
223
13
12
11
2
2
231
32
171
65
4
21
1
1
104
80
72
2
1
3
1
56
184
19
3
1
262
1
179
22
52
9
1
132
30
52
14
10
14
4
2
3
1
1
71
56
89
25
19
1
2
155
56
13
8
30
1
126
46
37
37
12
3
2
188
35
23
1
2
8
3
2
1
119
65
52
8
2
17
157
49
34
19
3
1
254
8
1
163
21
37
32
1
2
5
1
1
45
117
98
3
51
209
3
66
13
178
6
136
2
106
15
1
3
231
31
1
70
183
10
237
18
8
89
32
31
34
5
51
3
14
2
2
26
5
162
53
11
6
65
91
56
48
3
232
21
3
1
3
1
2
210
35
13
3
2
16
198
25
13
6
2
2
1
61
171
14
4
1
9
3
81
52
25
13
42
25
12
12
1
133
67
44
13
6
36
184
3
15
16
8
1
165
40
42
12
4
198
17
29
5
2
9
3
145
57
60
1
178
76
1
8
43
88
127
5
37
115
68
16
4
19
3
1
92
25
18
64
2
6
11
5
10
14
1
13
1
1
90
52
26
25
30
7
30
1
1
1
92
52
54
51
11
3
113
95
44
1
5
4
1
135
67
59
2
211
26
19
7
196
15
48
3
1
202
30
7
7
3
14
108
45
84
13
9
3
1
62
152
24
15
10
137
107
3
5
6
1
3
1
76
183
4
97
126
20
11
5
1
3
196
57
10
33
8
49
105
7
38
18
5
152
24
66
17
4
243
7
8
4
1
19
5
42
98
14
5
71
5
1
2
1
196
40
14
4
3
5
1
163
26
12
47
14
1
71
158
6
6
20
2
173
34
11
25
13
2
4
1
25
70
7
72
39
48
1
1
33
224
1
4
1
71
41
43
8
20
69
4
3
3
1
102
132
2
7
10
8
2
195
48
20
150
38
5
10
60
248
14
1
145
30
77
11
113
144
5
1
133
112
11
2
2
1
2
84
125
7
45
2
143
99
5
12
4
24
238
1
132
95
3
16
3
12
1
1
6
95
116
21
12
7
6
174
21
17
29
9
11
2
136
94
21
1
5
6
93
116
9
24
14
2
3
2
199
41
17
5
1
74
120
56
6
1
5
1
82
29
97
18
24
5
1
5
2
79
32
114
2
36
142
118
3
116
132
15
35
153
16
37
10
7
2
2
1
113
103
15
28
4
23
174
7
19
1
15
4
6
6
8
50
10
123
26
8
6
33
1
4
1
1
2
48
99
104
2
6
2
60
35
56
93
8
1
9
1
240
23
98
42
84
17
3
16
3
226
27
5
5
6
155
75
27
151
46
32
9
11
11
1
1
1
171
15
50
10
13
2
1
1
184
65
14
170
79
4
4
4
2
185
56
20
2
175
17
60
6
1
1
2
1
240
3
7
12
1
258
2
1
2
202
26
30
5
239
20
3
1
71
109
70
9
1
3
128
22
22
2
25
57
4
3
129
17
107
7
3
14
73
8
14
19
14
26
76
1
9
9
192
49
20
1
1
143
42
49
1
23
2
1
2
79
77
103
2
1
1
254
6
3
54
127
25
12
40
2
3
262
1
207
6
50
28
68
125
10
23
5
2
2
25
212
7
19
199
49
6
7
2
34
82
128
6
10
2
1
40
75
60
51
28
3
2
3
1
231
27
3
1
1
87
160
10
2
4
198
9
16
28
3
5
2
1
1
118
55
84
6
71
106
73
8
3
1
1
177
70
13
3
122
61
39
20
18
1
2
181
80
1
1
199
18
38
6
2
100
131
24
4
2
1
1
43
25
22
67
91
15
64
26
50
117
3
1
2
230
24
2
3
3
1
171
13
37
9
5
13
5
5
5
82
2
98
28
38
4
7
3
1
248
1
6
5
1
2
105
82
76
200
28
9
19
7
174
48
4
27
10
67
50
123
15
7
1
67
9
124
44
3
9
6
1
215
22
9
15
1
1
224
24
14
1
110
145
1
3
2
2
56
71
34
3
11
3
76
6
2
1
176
78
7
2
237
7
9
1
4
5
Number of elements: 2627
