Bin size: 230
Num of Bins: 345
168
36
8
9
8
1
153
1
65
8
2
1
216
1
1
9
1
2
102
19
29
29
11
23
17
213
15
2
96
3
96
24
1
7
2
1
77
101
44
3
4
1
100
120
4
5
1
57
162
4
3
3
1
57
51
68
25
18
6
3
1
1
153
62
13
2
106
54
47
14
5
1
2
1
17
96
26
18
27
13
17
1
6
5
3
1
216
7
6
1
159
50
16
3
2
47
131
19
24
6
3
220
9
1
62
36
87
44
1
70
55
85
5
3
3
7
1
1
201
3
22
1
2
1
117
73
12
1
16
11
122
21
43
14
27
3
116
112
2
161
16
13
32
5
1
2
178
41
3
2
4
1
1
219
4
3
3
1
223
5
1
1
129
21
68
8
2
1
1
116
66
32
14
2
113
77
16
10
12
1
1
62
65
96
5
1
1
75
102
5
2
6
37
3
111
106
2
1
5
1
4
4
51
90
33
48
1
2
1
101
54
63
9
2
1
49
66
4
57
23
23
1
5
2
180
10
25
3
8
3
1
139
86
4
1
198
10
7
13
2
104
87
26
7
4
1
1
3
61
145
8
8
4
1
86
39
89
6
10
160
32
18
1
7
12
17
197
9
1
2
4
188
11
30
1
209
21
55
95
79
1
195
26
7
1
1
224
1
4
1
54
113
33
27
1
2
36
181
12
1
72
47
105
1
3
1
1
142
41
9
31
7
147
65
17
1
206
1
4
19
60
127
22
8
1
2
1
5
2
1
1
9
75
101
34
5
1
5
139
17
49
8
9
5
3
202
9
12
1
3
2
1
209
9
10
2
4
204
5
6
10
1
62
55
73
32
1
4
1
1
1
7
207
7
9
134
53
34
4
4
1
139
74
11
5
1
216
11
1
2
193
12
15
1
1
4
4
150
80
139
68
18
3
1
1
182
47
1
85
117
21
3
3
1
48
119
61
2
228
1
1
228
2
31
125
63
10
1
216
4
5
2
2
1
118
53
25
25
2
4
3
122
57
33
8
6
3
1
28
123
40
16
23
161
61
7
1
2
148
80
118
11
44
35
3
10
8
1
155
52
20
3
3
123
5
97
1
1
226
2
2
15
53
35
48
63
2
10
1
2
1
131
56
26
16
1
42
57
34
47
11
18
9
8
2
1
1
109
45
10
7
15
31
1
3
9
81
136
2
2
5
1
1
2
65
48
103
10
2
2
230
185
13
22
8
2
45
50
129
3
3
212
18
195
2
15
15
2
1
38
131
39
14
4
1
3
69
149
9
3
147
8
45
28
1
1
185
30
1
11
1
1
1
33
20
80
56
13
7
16
4
1
41
144
12
25
6
2
230
201
13
10
1
4
1
154
29
8
22
2
11
2
1
1
200
16
4
5
5
15
39
13
99
17
12
17
15
1
1
1
50
156
24
196
6
25
1
2
13
13
92
69
36
4
1
2
82
107
12
4
18
2
5
86
133
8
3
29
163
27
2
3
1
5
169
32
22
2
1
3
1
96
28
16
34
53
1
1
1
145
28
11
26
4
5
1
10
118
21
78
5
2
3
2
1
106
22
34
48
4
11
2
1
1
1
106
48
33
21
19
1
1
1
45
95
21
22
12
28
2
5
54
31
70
5
28
24
17
1
37
179
11
1
2
134
48
19
27
2
192
36
1
1
83
43
71
4
4
21
4
214
12
4
46
85
9
17
51
16
2
1
2
1
187
35
4
2
1
1
125
31
26
2
46
126
37
64
3
200
12
8
10
4
198
26
1
1
45
31
73
30
43
4
3
1
142
11
27
41
4
4
1
146
61
15
6
2
56
35
9
87
17
15
3
8
225
4
1
57
8
128
18
13
1
3
2
42
15
164
1
3
5
184
8
22
14
1
1
150
1
68
7
3
1
63
8
61
60
15
10
1
8
3
1
142
19
33
16
11
8
1
167
23
30
9
1
61
97
53
19
200
11
6
4
4
4
1
79
144
7
223
6
1
124
43
32
1
17
11
1
1
151
58
19
1
1
181
4
27
11
1
5
1
111
37
42
31
6
2
1
108
79
33
9
1
50
160
4
3
1
10
2
64
66
66
30
3
1
220
8
2
186
21
18
2
1
1
1
31
181
8
6
4
77
44
51
42
5
3
5
3
170
3
8
15
25
4
4
1
114
9
7
77
23
214
12
1
2
1
24
132
16
23
17
8
7
3
173
25
6
25
1
68
159
3
197
23
5
3
2
229
1
9
170
45
3
3
184
6
9
24
7
114
17
77
19
2
1
131
40
12
10
30
7
30
58
103
2
24
12
1
102
87
35
5
1
90
94
11
17
3
2
2
3
2
1
2
3
170
49
7
3
1
108
83
39
179
11
37
2
1
206
23
1
18
79
131
2
87
87
18
9
29
225
2
2
1
185
12
12
1
4
1
13
1
1
20
117
38
27
8
20
228
1
1
154
71
5
69
96
25
8
15
7
10
84
124
8
11
3
199
1
2
23
2
3
125
86
10
5
2
2
198
4
5
22
1
69
4
153
1
2
1
131
49
4
21
1
13
9
2
131
4
3
25
63
2
1
1
174
4
42
9
1
39
9
79
98
5
227
3
126
53
26
3
4
10
5
2
1
134
39
27
30
68
6
138
15
3
161
15
42
10
1
1
127
95
2
5
1
128
9
3
55
35
133
39
45
13
179
37
7
2
4
1
109
119
2
208
1
13
8
56
135
29
5
5
28
92
102
7
1
119
72
22
6
2
3
1
2
1
1
1
105
10
8
34
64
7
1
1
138
66
14
10
2
88
142
71
64
26
14
34
8
13
211
4
1
8
6
224
3
1
2
62
14
110
5
22
16
1
17
119
1
34
5
19
28
5
1
1
115
93
14
7
1
79
9
116
14
7
4
1
117
68
15
23
4
2
1
217
9
2
1
1
131
12
69
3
2
7
5
1
10
101
32
73
6
6
1
1
58
80
89
2
1
45
1
143
21
11
1
8
142
14
44
22
1
1
1
5
101
98
6
12
6
7
181
12
14
16
3
4
122
89
15
4
173
7
8
6
14
11
3
3
3
2
96
16
85
12
19
1
1
46
1
41
23
77
17
19
3
2
1
125
22
1
40
13
22
6
1
185
45
173
56
1
194
11
15
6
1
3
42
36
114
15
3
5
11
3
1
72
123
12
18
4
1
30
18
153
7
22
162
47
17
4
7
117
46
24
7
4
18
1
4
2
102
100
12
11
2
3
46
135
5
37
6
1
35
21
37
96
4
33
2
2
168
7
41
2
3
9
108
68
29
20
4
1
56
155
10
6
1
2
115
20
40
6
23
26
191
1
27
11
84
69
25
42
9
1
230
144
41
30
5
4
6
181
13
26
8
2
130
93
5
2
72
22
64
29
7
10
13
9
2
2
47
41
78
5
38
9
8
2
2
190
24
10
4
1
1
80
138
3
6
1
2
128
102
163
3
63
1
156
69
3
1
1
186
42
1
1
188
36
6
85
97
8
16
9
6
6
1
1
1
168
54
4
2
1
1
207
18
1
1
2
1
208
12
7
3
200
5
3
12
8
2
9
145
5
52
8
4
4
1
2
71
3
56
44
25
12
1
7
2
4
5
224
4
2
230
182
25
4
18
1
144
15
42
29
17
14
50
131
18
68
29
35
42
39
17
202
19
9
181
20
17
6
3
3
41
98
31
27
7
10
9
7
32
151
38
5
3
1
142
42
16
5
9
8
4
2
2
116
20
21
72
1
14
135
27
3
22
7
15
4
3
121
105
4
48
94
26
61
1
93
63
64
4
5
1
43
31
37
42
17
23
24
9
1
3
229
1
137
60
3
29
1
199
4
18
3
1
1
2
1
1
200
15
15
52
65
111
1
1
44
123
12
9
27
5
4
6
204
14
11
1
47
103
12
2
31
10
24
1
192
17
20
1
73
126
9
19
3
93
108
18
5
5
1
98
70
61
1
113
36
19
2
47
4
1
2
6
122
87
18
3
43
115
66
5
1
133
31
23
24
7
11
1
158
15
31
16
2
7
1
210
16
2
2
54
60
109
1
3
2
1
128
8
81
1
3
4
2
3
162
58
4
1
2
1
1
1
101
91
3
28
1
3
2
1
91
65
8
27
8
9
12
10
116
30
32
44
1
5
1
1
10
201
18
1
54
90
53
11
16
4
2
98
16
97
11
3
4
1
24
88
4
30
4
73
1
1
2
1
2
26
133
44
10
9
6
2
168
43
5
12
2
24
137
25
23
14
4
2
1
228
1
1
133
7
48
14
11
12
2
2
1
154
23
47
4
1
1
98
65
55
1
4
5
1
1
109
108
8
2
3
75
80
23
34
5
5
6
1
1
24
117
64
4
21
104
99
17
10
171
36
21
2
27
94
66
25
16
2
98
68
6
24
12
1
16
4
1
32
10
2
94
75
1
11
2
2
1
118
12
85
1
10
3
1
149
22
13
38
3
3
2
14
22
72
58
12
16
27
7
1
1
96
50
21
11
31
17
4
34
110
2
6
21
56
1
140
62
6
3
2
12
4
1
18
119
8
3
61
2
19
188
17
19
3
3
85
53
80
1
10
1
77
23
35
19
59
16
1
171
18
15
17
8
1
119
5
95
4
4
3
92
116
18
1
2
1
198
15
15
2
71
22
91
2
41
3
Number of elements: 2054
