Bin size: 115
Num of Bins: 476
53
57
5
109
1
5
89
9
1
8
4
3
1
62
7
27
15
4
11
17
47
11
4
12
10
2
1
14
66
28
5
1
1
17
8
81
7
2
110
2
3
77
10
8
4
3
13
81
7
2
7
4
5
7
1
1
49
20
2
39
2
2
1
21
89
1
4
101
7
3
1
2
1
45
36
10
7
15
1
1
49
65
1
57
19
16
19
4
57
58
6
18
41
37
6
1
6
85
24
1
5
34
42
23
12
2
2
71
13
17
4
4
1
1
3
1
28
72
15
13
55
16
22
3
4
1
1
7
45
46
4
11
1
1
84
12
9
8
1
1
19
78
9
1
1
7
67
32
9
4
3
80
9
16
8
1
1
22
56
36
1
28
83
3
1
22
43
29
20
1
56
21
9
3
23
3
90
22
2
1
50
42
20
2
1
55
3
3
26
7
20
1
31
12
5
9
9
46
2
1
78
8
29
41
38
23
6
2
5
18
17
49
1
2
13
12
2
1
68
30
3
4
10
47
28
23
10
2
3
2
16
48
44
5
2
64
4
16
30
1
30
55
23
4
3
15
26
30
16
5
15
8
36
37
12
23
4
3
13
66
33
3
35
39
7
27
3
4
95
3
13
2
1
1
16
62
11
2
22
2
68
13
15
9
4
1
1
3
1
4
12
2
42
44
4
5
1
1
71
36
4
2
2
9
14
30
23
15
5
12
7
107
7
1
52
33
10
1
13
1
3
2
97
2
4
4
2
1
2
2
1
65
39
10
1
69
6
7
6
22
3
2
74
27
1
12
1
68
31
6
1
1
3
3
1
1
49
26
15
21
4
42
50
16
6
1
114
1
95
17
2
1
29
59
8
17
1
1
8
92
7
8
81
14
18
1
1
80
19
5
4
5
1
1
62
7
43
1
2
19
20
14
34
17
3
4
2
2
73
40
1
1
56
35
22
2
107
3
1
3
1
38
60
3
9
5
82
10
14
7
1
1
27
41
39
8
29
31
19
10
13
12
1
103
3
6
1
2
9
5
68
22
7
2
2
67
31
10
5
1
1
108
5
2
66
48
1
33
16
25
34
4
1
2
38
61
1
12
3
96
11
3
1
2
1
1
26
14
75
79
28
8
48
52
3
5
4
3
14
69
24
8
43
69
2
1
109
1
1
3
1
3
39
71
1
1
59
1
6
18
5
11
13
1
1
112
1
1
1
68
19
18
1
7
2
88
14
2
5
4
1
1
63
2
33
15
1
1
64
51
109
5
1
21
31
24
33
5
1
1
9
51
24
22
6
1
1
4
73
7
3
21
2
4
1
55
26
26
1
5
1
1
54
51
1
7
2
76
10
26
1
2
22
91
1
1
6
26
38
28
9
2
4
1
1
30
56
18
3
2
2
2
1
1
115
44
30
18
13
7
3
100
14
1
100
15
53
49
13
86
7
11
2
8
1
105
10
9
74
2
11
4
7
7
1
14
29
57
13
1
1
100
5
1
5
2
2
106
1
5
1
1
1
48
46
11
9
1
113
2
108
1
2
4
7
91
2
10
3
2
96
9
5
2
2
1
78
6
21
9
1
97
12
6
44
47
21
3
69
26
12
5
3
111
1
1
2
106
5
2
2
67
11
9
11
6
4
7
4
85
4
3
19
49
39
10
2
3
9
1
2
98
13
3
1
67
45
1
2
60
32
3
3
11
2
1
2
1
94
5
8
4
3
1
99
11
2
1
2
88
18
2
2
2
3
103
2
4
6
68
7
40
7
10
3
53
30
11
1
46
48
11
1
5
3
1
77
27
6
5
31
79
5
76
32
1
6
98
1
6
10
21
66
1
12
13
2
69
17
10
12
3
1
3
33
9
3
19
5
11
29
6
25
44
7
3
6
24
1
4
1
81
8
24
2
48
63
4
84
20
8
1
1
1
24
6
11
28
40
6
72
6
33
4
43
46
19
5
2
24
52
32
1
2
3
1
96
17
1
1
24
34
33
22
1
1
60
32
21
1
1
34
18
32
21
2
3
3
1
1
4
49
41
13
1
3
4
61
2
17
5
25
5
95
18
2
112
2
1
80
1
25
5
3
1
11
55
27
9
4
5
2
1
1
98
2
1
4
8
1
1
15
20
52
8
20
69
34
9
1
1
1
10
75
7
16
1
5
1
54
46
12
1
2
97
15
3
11
59
10
14
6
3
1
4
2
4
1
64
44
2
3
1
1
33
76
1
1
3
1
60
1
51
3
30
45
1
30
2
6
1
25
76
2
1
9
2
26
8
27
23
21
8
1
1
103
12
57
34
12
12
5
17
58
17
12
5
1
109
1
2
1
1
1
79
9
16
7
3
1
2
37
65
7
2
2
38
47
12
18
13
100
1
1
18
95
2
8
84
4
10
5
1
2
1
2
64
19
1
13
3
13
37
60
17
1
29
8
51
24
1
2
29
23
26
2
21
13
1
81
1
10
11
12
109
6
57
57
1
95
18
2
59
16
25
14
1
23
18
28
46
24
90
1
80
5
8
7
11
4
64
13
30
7
1
30
21
48
1
7
2
1
2
3
12
78
20
3
2
112
1
2
115
41
6
34
6
9
1
6
5
3
1
3
3
46
28
23
13
2
31
44
6
28
6
19
51
10
26
3
2
3
1
44
44
17
3
6
1
53
25
35
1
1
104
6
3
1
1
48
27
40
52
27
9
2
19
1
2
1
2
54
11
31
1
6
12
23
50
18
6
9
5
4
94
15
2
2
2
46
19
29
8
12
1
54
36
11
6
1
1
2
3
1
11
3
87
13
1
22
19
13
61
2
54
38
2
14
1
1
2
1
45
42
7
17
1
3
87
2
23
2
1
88
12
5
7
1
2
29
9
28
28
4
16
1
106
6
3
53
32
28
2
87
27
1
43
64
3
4
1
28
81
5
1
79
35
1
93
17
2
1
1
1
91
2
16
1
5
68
18
6
5
12
6
108
6
1
65
13
29
1
4
3
47
46
15
4
1
1
1
94
10
4
1
1
5
52
16
46
1
53
34
27
1
89
5
10
3
7
1
73
16
3
4
7
4
3
4
1
90
19
4
1
1
100
10
2
2
1
56
4
51
1
3
89
5
13
1
2
4
1
113
1
1
10
22
2
36
21
20
3
1
32
65
14
2
2
83
17
7
5
2
1
75
38
2
38
14
22
3
38
13
65
24
11
2
17
53
16
29
81
23
6
1
2
2
99
3
8
5
85
1
19
1
7
2
106
7
2
38
75
1
1
7
42
46
3
11
3
3
46
53
1
10
4
1
97
2
16
38
36
22
9
1
9
48
47
15
3
2
68
29
16
2
37
71
7
2
81
2
10
1
6
3
4
4
1
1
43
39
6
14
4
4
4
1
21
86
2
3
2
1
35
78
2
97
8
3
4
1
1
1
57
26
22
2
5
3
72
20
8
3
10
1
1
71
28
7
5
2
2
87
10
14
3
1
88
27
114
1
97
13
4
1
38
55
18
2
2
66
33
13
3
12
60
33
3
6
1
12
82
10
7
1
1
1
1
76
31
6
1
1
44
41
28
2
41
13
39
12
4
4
1
1
63
38
12
2
89
13
3
9
1
96
15
1
3
12
31
61
5
5
1
41
74
71
19
9
9
6
1
109
1
3
1
1
94
10
1
10
108
1
1
1
4
37
59
2
6
11
68
20
12
15
32
17
2
13
37
2
12
89
6
10
7
2
1
17
59
22
5
4
6
2
83
1
18
8
2
1
1
1
39
3
29
4
18
7
15
109
6
29
54
3
7
13
3
3
2
1
8
52
28
10
17
29
40
5
17
13
7
1
1
2
43
6
3
56
4
1
1
1
53
54
7
1
56
17
35
2
4
1
32
16
32
6
5
24
106
7
2
76
26
2
1
10
61
41
4
5
2
1
1
5
105
3
1
1
54
30
12
11
2
4
1
1
72
39
4
22
39
11
10
1
21
3
6
1
1
63
52
7
74
20
1
10
3
51
28
34
2
45
35
27
1
4
2
1
33
21
28
13
1
10
2
7
101
14
21
53
27
13
1
11
84
20
60
8
42
3
2
103
1
4
2
5
51
33
7
13
2
4
1
1
3
14
94
4
3
50
4
19
15
2
8
9
7
1
95
16
1
1
1
1
113
2
30
32
19
7
15
8
4
17
32
48
13
1
3
1
110
2
3
48
36
11
20
45
47
2
5
2
4
3
3
1
3
115
32
17
66
88
13
12
2
107
3
5
40
9
42
13
3
6
1
1
82
17
5
7
1
1
1
1
22
5
22
1
17
12
7
12
3
9
1
2
1
1
23
89
1
2
110
1
4
101
13
1
9
32
2
62
4
5
1
43
43
24
5
114
1
60
33
13
8
1
82
1
31
1
63
21
16
5
5
4
1
28
31
10
11
22
12
1
26
19
25
32
3
6
3
1
38
60
5
12
40
4
44
14
10
2
1
18
54
24
14
1
3
1
49
47
6
6
2
5
28
50
15
12
3
4
2
1
61
42
9
2
1
1
103
3
5
1
1
1
84
28
1
2
38
17
29
29
1
1
35
63
14
3
50
33
21
6
5
61
19
26
1
7
1
98
5
2
10
9
83
4
7
12
89
23
1
2
37
11
26
16
11
5
3
3
2
1
87
19
8
1
111
1
2
1
23
2
56
3
12
9
1
8
1
78
30
5
1
1
70
19
7
7
8
2
2
49
40
17
1
4
3
1
94
5
4
2
8
2
67
45
1
2
2
52
6
20
7
6
15
7
35
32
31
13
2
2
47
19
23
20
4
2
27
33
51
2
2
56
22
37
75
24
2
12
1
1
33
4
43
26
4
1
3
1
107
5
1
2
13
13
24
31
32
1
1
42
42
3
25
1
1
1
37
55
21
2
42
67
6
23
89
1
1
1
64
28
15
5
3
46
27
20
3
7
4
5
3
82
10
7
4
7
2
3
58
53
3
1
69
29
1
7
2
1
5
1
22
20
14
26
6
4
4
2
15
1
1
18
14
60
20
1
1
1
10
7
31
24
16
5
2
12
6
2
59
22
20
12
1
1
11
63
6
7
24
2
1
1
84
4
13
2
11
1
9
27
1
22
53
1
1
1
103
11
1
60
50
5
12
7
36
11
9
15
5
16
2
1
1
56
56
2
1
93
7
12
2
1
103
11
1
69
45
1
47
28
31
8
1
71
39
2
1
2
12
57
26
6
6
8
22
8
54
31
18
27
31
10
17
9
2
1
56
5
6
18
30
35
46
21
6
3
1
1
1
1
37
43
27
3
2
3
16
42
46
2
1
6
1
1
42
69
4
103
6
5
1
6
3
15
32
1
52
6
110
2
3
85
30
40
41
17
10
2
4
1
9
36
42
13
10
1
4
104
6
2
1
2
84
4
5
22
71
36
8
88
26
1
25
79
5
1
5
39
12
39
18
2
4
1
67
25
12
10
1
86
5
8
16
43
36
29
5
1
1
109
3
1
2
33
66
1
7
4
1
1
2
43
30
42
36
5
20
54
25
65
25
73
26
1
4
3
7
1
53
1
31
11
3
12
3
1
109
3
2
1
39
73
2
1
6
86
21
1
1
89
24
2
5
75
28
4
2
1
73
41
1
64
47
1
2
1
76
18
10
11
53
2
56
1
3
60
29
24
2
15
84
3
11
2
40
5
6
44
4
8
5
2
1
9
71
32
1
1
1
7
41
67
9
7
71
4
21
1
2
29
8
73
4
1
92
14
6
2
1
5
81
15
7
1
3
2
1
30
14
3
2
10
53
1
1
1
99
16
113
1
1
110
2
3
79
34
1
1
35
50
16
6
8
17
7
36
47
3
2
3
42
71
2
64
1
31
1
11
4
2
1
50
64
1
23
49
8
26
4
5
Number of elements: 2595
