Bin size: 133
Num of Bins: 322
39
62
26
2
2
1
1
104
11
2
6
3
3
1
2
1
106
14
4
8
1
130
3
43
56
30
3
1
74
1
55
3
49
17
36
6
13
7
3
2
59
33
41
99
29
3
1
1
133
128
2
2
1
57
1
58
1
9
2
4
1
116
8
3
6
84
22
10
7
10
45
17
20
4
6
18
6
10
4
1
1
1
94
36
1
1
1
107
11
1
9
2
1
1
1
80
44
7
1
1
13
65
48
2
4
1
113
16
3
1
31
4
14
28
16
7
15
7
2
4
5
113
16
4
69
13
49
2
104
13
16
53
71
3
2
4
65
32
15
16
2
3
113
14
1
3
2
41
9
76
3
2
2
93
35
4
1
59
11
35
2
5
1
2
6
10
1
1
48
6
58
15
6
12
43
20
51
3
3
1
82
28
12
3
1
5
2
58
41
17
6
2
8
1
98
12
7
7
2
4
2
1
69
22
40
1
1
79
25
6
3
4
6
4
3
1
1
1
126
2
1
2
2
131
1
1
104
17
7
5
119
8
4
1
1
5
55
24
15
27
6
1
77
24
2
22
5
2
1
111
10
2
3
7
79
4
19
26
2
3
20
55
17
26
12
2
1
55
41
15
2
14
6
69
61
2
1
54
11
55
1
11
1
98
1
17
14
1
2
47
31
43
9
2
1
133
118
2
8
1
1
2
1
92
6
35
36
20
43
24
8
2
87
3
26
3
5
5
1
3
96
9
17
11
1
1
77
1
20
18
13
2
103
19
10
1
71
53
2
7
77
51
5
81
43
1
1
1
6
48
5
77
2
1
76
50
7
113
16
3
1
82
40
2
2
7
19
55
32
18
4
1
3
1
125
1
4
2
1
58
4
28
4
3
36
94
12
23
3
1
50
40
23
15
1
2
2
48
68
17
37
89
2
5
114
6
11
1
1
52
60
17
2
2
91
21
17
3
1
104
29
16
105
6
4
1
1
116
10
2
5
47
28
58
63
8
29
10
22
1
88
11
13
7
10
1
2
1
49
69
10
2
1
2
69
64
72
21
10
27
2
1
34
13
61
21
3
1
3
73
26
16
6
6
2
1
122
11
132
1
123
7
1
1
1
7
52
37
3
19
12
2
1
30
2
50
8
14
19
2
4
4
41
21
30
29
2
4
6
51
76
2
4
11
5
8
18
52
16
23
67
45
7
13
1
73
16
44
66
47
12
3
5
128
2
1
1
1
37
37
4
13
15
2
2
1
12
5
1
1
3
112
16
4
1
91
25
15
2
45
46
14
27
1
94
19
7
1
8
4
110
2
12
3
3
2
1
82
7
4
16
14
10
88
35
6
3
1
52
24
43
7
7
71
43
4
13
2
17
113
2
1
133
53
42
24
4
5
2
1
1
1
95
23
15
91
12
18
8
2
1
1
84
44
2
3
16
76
8
4
8
16
5
132
1
99
31
2
1
111
3
1
18
48
36
23
22
1
2
1
121
7
5
85
23
6
6
13
105
13
8
3
3
1
78
1
36
10
8
126
2
4
1
28
12
1
32
37
9
5
8
1
45
41
8
24
5
10
55
22
47
9
32
21
9
70
1
42
5
7
33
33
2
5
1
1
4
79
2
10
5
5
16
10
3
1
2
46
3
65
15
1
2
1
8
23
63
10
26
3
107
26
11
26
90
5
1
54
13
51
1
9
5
81
41
5
5
1
87
31
2
7
6
8
75
33
3
11
3
60
65
1
2
2
1
2
75
46
6
5
1
36
54
26
13
3
1
79
1
6
14
9
1
23
86
4
5
36
1
1
71
15
34
13
72
22
38
1
47
34
18
1
6
16
6
5
124
9
11
61
9
33
17
2
85
38
3
5
2
85
30
3
7
1
4
2
1
74
24
29
4
1
1
75
12
2
22
7
3
5
6
1
122
1
2
1
7
32
93
3
1
4
72
13
37
7
3
1
65
42
22
2
2
44
24
42
12
10
1
65
32
34
2
26
37
17
32
4
1
14
2
2
112
18
1
95
26
7
2
3
94
39
11
112
2
8
82
34
7
10
120
7
5
1
133
92
1
15
14
1
3
5
2
83
47
1
1
1
8
104
6
15
116
9
8
43
76
1
4
7
2
27
98
5
1
1
1
46
69
1
13
3
1
72
48
12
1
128
1
3
1
22
69
7
34
1
50
24
45
5
4
3
1
1
11
62
34
11
12
2
1
26
94
12
1
83
35
11
3
1
2
59
48
9
4
9
2
115
17
1
112
3
11
5
2
43
43
27
15
3
2
67
35
13
14
4
50
9
12
16
27
15
3
1
104
15
3
4
7
96
8
14
12
1
1
1
13
31
89
127
2
2
1
1
51
35
18
14
4
8
3
58
65
8
2
124
4
5
42
81
9
1
84
25
11
10
1
2
127
5
1
18
36
46
3
22
3
5
50
55
5
5
9
6
3
38
21
19
27
17
1
10
68
40
21
1
2
1
3
80
16
12
19
1
2
129
4
18
63
35
14
3
5
12
29
66
16
1
1
2
1
102
19
7
1
1
2
1
117
10
1
5
101
23
4
3
1
1
130
1
1
1
122
4
5
1
1
27
50
45
11
77
39
1
13
2
1
65
16
20
23
9
21
61
23
17
7
2
1
1
36
53
35
6
3
13
74
8
1
22
11
4
73
9
21
4
7
9
1
5
3
1
99
22
6
4
1
1
120
5
6
2
87
32
13
1
127
1
3
2
28
27
52
26
76
37
12
5
2
1
74
27
28
2
2
132
1
78
44
4
5
2
46
74
12
1
38
23
19
45
7
1
81
22
14
12
1
3
38
24
56
7
3
4
1
11
4
107
6
1
4
13
41
73
4
1
1
9
83
5
30
4
1
1
103
8
3
7
1
9
1
1
79
43
8
2
1
66
51
9
7
101
8
24
107
7
4
2
9
2
1
1
89
17
20
4
1
1
1
107
25
1
82
42
8
1
17
107
6
1
1
1
37
13
70
3
5
2
2
1
5
35
34
39
3
7
8
1
1
59
49
11
1
9
4
44
23
30
31
2
2
1
18
50
52
2
4
4
3
57
7
47
18
4
99
12
14
2
4
1
1
68
61
4
54
21
23
7
19
2
6
1
58
35
39
1
46
60
6
21
73
47
9
3
1
75
21
9
10
8
4
6
60
56
4
2
6
4
1
39
2
78
14
69
40
12
5
3
2
1
1
23
82
22
2
4
4
85
2
9
28
4
1
113
13
2
3
2
24
19
33
41
7
4
1
1
3
105
25
2
1
18
63
19
5
27
1
98
32
2
1
28
19
4
80
2
81
25
25
2
32
92
6
2
1
126
5
1
1
120
4
6
1
1
1
82
29
7
13
1
1
79
19
5
24
6
118
15
113
11
8
1
16
28
3
86
129
4
25
22
61
21
3
1
37
75
4
2
6
1
4
1
1
1
1
14
38
32
1
42
1
1
1
2
1
81
11
37
3
1
59
8
14
46
4
2
46
48
37
1
1
50
15
2
12
47
7
19
111
2
1
64
34
2
10
8
10
3
2
21
45
12
29
23
1
2
120
1
10
2
30
65
24
8
5
1
61
61
1
9
1
108
21
1
1
1
1
125
3
3
2
112
2
4
12
2
1
35
7
70
21
13
81
33
6
59
42
10
2
16
1
2
1
120
11
1
1
103
22
6
1
1
67
10
22
4
25
4
1
34
49
23
22
3
2
89
3
38
3
19
18
29
40
25
2
103
15
12
3
87
30
13
3
19
84
26
2
2
132
1
23
108
2
114
10
9
122
9
1
1
57
55
1
11
9
18
18
94
2
1
123
9
1
84
5
7
16
21
113
10
8
2
27
94
1
6
4
1
16
33
7
25
47
4
1
59
52
21
1
88
3
34
1
4
1
2
7
99
25
2
125
2
3
3
117
13
3
104
1
23
5
27
76
22
3
5
Number of elements: 1736
