Bin size: 231
Num of Bins: 307
178
28
19
1
3
1
1
48
118
1
36
17
4
1
3
2
1
124
39
22
44
2
76
140
6
3
6
143
86
2
170
20
11
21
4
3
1
1
55
127
3
33
7
1
2
2
1
192
23
12
1
3
27
39
5
130
16
9
5
117
1
82
28
3
136
38
43
7
1
2
3
1
133
44
38
12
1
2
1
228
2
1
185
41
1
3
1
119
96
7
2
7
104
15
105
7
52
90
64
20
2
3
107
53
31
33
6
1
174
4
38
2
9
3
1
79
63
62
24
2
1
230
1
223
3
1
3
1
152
66
7
3
1
1
1
133
47
27
20
2
1
1
119
70
41
1
221
3
7
84
47
74
2
21
1
2
50
48
54
53
15
6
3
1
1
96
102
21
11
1
41
93
15
69
11
1
1
101
61
57
3
2
2
2
1
1
1
206
14
2
2
3
2
1
1
60
73
52
10
10
4
1
21
73
154
4
190
9
15
13
3
1
33
185
13
158
26
5
37
5
211
15
4
1
85
127
4
8
3
3
1
6
82
58
57
23
3
1
1
227
3
1
48
53
61
64
5
168
41
13
4
5
226
2
3
105
98
5
2
13
5
1
1
1
184
14
18
4
7
3
1
54
177
135
6
65
19
5
1
167
11
36
1
8
8
60
86
26
49
3
6
1
13
96
111
8
2
1
10
163
33
1
17
5
2
7
78
55
27
13
34
13
3
1
22
11
65
57
60
13
3
126
15
42
1
31
3
3
3
3
3
1
25
51
31
57
38
1
10
11
5
1
1
55
159
3
13
1
139
3
19
41
8
18
3
113
74
4
27
13
51
171
2
5
1
1
108
117
2
3
1
51
39
34
89
15
1
1
1
231
142
13
39
28
7
1
1
92
136
2
1
162
62
4
1
1
1
72
139
15
2
3
10
40
144
14
23
95
4
63
50
18
1
184
19
17
3
7
1
159
6
65
1
49
43
16
45
34
41
3
2
226
2
1
161
20
4
31
14
1
31
159
12
12
4
8
4
1
187
35
1
2
1
3
2
78
84
24
8
7
8
17
4
1
144
30
16
11
22
8
185
2
5
13
8
1
12
2
3
200
15
10
6
102
66
10
49
2
2
187
17
22
3
2
78
37
16
4
66
3
2
19
4
2
127
27
34
37
5
1
160
38
31
2
84
112
17
15
3
139
70
21
1
173
3
6
20
2
3
8
4
7
5
218
3
3
6
1
92
112
25
1
1
73
147
1
1
3
1
3
2
103
65
18
23
11
3
6
1
1
20
197
10
4
191
29
11
66
119
8
10
20
6
2
225
2
3
1
203
18
3
3
2
2
156
29
39
2
5
196
8
6
13
6
2
122
3
54
3
14
32
1
2
78
39
21
17
73
3
198
19
6
4
4
121
15
7
31
15
13
26
1
2
26
204
1
81
16
59
70
3
2
9
164
12
37
3
4
2
65
39
27
40
7
3
42
8
164
8
6
36
14
2
1
102
40
31
30
23
2
2
1
227
2
1
1
48
22
72
15
8
47
18
1
33
89
3
12
66
19
6
2
1
223
8
12
214
5
219
6
5
1
103
43
74
7
1
2
1
45
157
1
12
11
1
2
1
1
51
15
107
30
17
9
2
125
47
36
23
73
124
14
5
2
4
3
1
3
2
115
78
31
2
2
3
41
174
12
2
1
1
225
2
1
3
220
2
7
2
187
43
1
85
90
47
9
203
16
6
5
1
180
30
2
17
2
231
165
16
3
42
2
3
1
38
83
39
9
44
17
173
36
19
3
183
37
11
113
44
35
17
3
16
1
1
1
51
39
93
21
4
13
2
4
4
167
17
5
29
6
2
2
1
2
210
9
1
4
2
5
76
60
85
2
8
142
85
2
1
1
166
31
21
6
3
3
1
132
29
41
13
11
5
209
16
4
2
146
54
3
22
5
1
123
48
48
10
1
1
12
68
132
17
2
57
130
15
4
19
5
1
217
5
9
5
142
79
3
1
1
55
81
56
19
19
1
77
117
8
12
6
10
1
38
185
6
1
1
217
13
1
36
83
103
6
1
2
34
1
144
18
30
4
52
124
47
7
1
145
29
35
7
12
3
75
43
62
26
10
2
4
1
2
6
53
4
9
68
9
31
1
3
47
3
2
1
230
1
103
73
30
22
1
2
107
49
63
1
11
115
80
14
13
1
6
2
27
12
114
52
2
11
8
5
79
69
78
4
1
59
66
53
53
72
84
13
6
16
11
17
5
6
1
209
3
18
1
18
22
156
33
2
118
9
85
1
7
6
1
3
1
225
2
1
2
1
166
46
1
4
12
2
64
41
7
95
12
5
2
3
2
8
177
8
14
2
17
4
1
4
35
170
22
140
57
4
19
11
66
72
64
24
2
2
1
100
44
6
61
17
1
1
1
142
77
10
1
1
184
11
32
1
2
1
185
35
4
3
2
2
95
124
4
4
4
72
67
23
62
1
4
1
1
164
18
4
29
7
3
5
1
39
70
107
12
2
1
130
52
30
3
13
3
2
184
17
16
11
1
105
105
13
8
164
16
4
27
6
11
3
186
3
15
19
7
1
6
138
16
3
30
19
8
5
1
5
183
1
24
11
4
5
1
1
1
61
9
5
51
43
24
18
3
9
7
1
188
34
4
3
2
132
24
23
21
18
3
6
1
3
179
31
20
1
152
70
9
41
29
18
56
8
21
24
22
2
9
1
227
3
1
122
74
29
1
2
2
1
185
32
7
3
2
2
162
62
7
128
46
33
24
32
40
158
1
35
135
9
29
14
5
4
103
123
2
2
1
84
110
6
27
4
56
145
19
11
1
153
43
26
4
2
2
1
105
54
16
24
23
3
4
1
94
65
39
32
1
130
29
65
4
2
1
135
61
5
18
4
1
1
1
4
1
33
156
32
2
3
4
1
91
45
95
143
58
26
3
1
152
13
18
6
36
6
117
7
16
10
13
23
14
30
1
8
59
163
1
203
21
5
1
1
39
113
10
29
19
20
1
197
28
6
47
91
77
7
3
1
1
1
2
1
144
25
48
11
1
1
1
217
10
2
2
217
1
3
10
195
4
28
3
1
198
20
4
4
1
4
27
152
43
8
1
143
24
24
22
12
5
1
129
35
19
39
4
5
151
25
41
2
3
8
1
29
51
121
18
12
119
17
10
5
18
19
20
8
6
4
3
2
31
43
91
29
14
1
15
6
1
80
101
7
12
6
11
13
1
78
104
29
18
1
1
129
77
24
1
11
144
46
10
19
1
225
1
5
184
22
4
14
7
8
9
139
54
7
8
6
121
60
2
2
28
12
1
4
1
152
64
1
4
10
86
1
120
24
148
77
6
28
188
9
3
1
1
1
130
60
4
1
18
10
2
2
3
1
12
63
67
9
75
2
1
1
1
223
8
202
2
22
1
2
2
180
32
7
9
3
231
224
2
1
4
75
20
77
39
8
5
1
6
20
134
70
7
16
137
60
12
1
4
1
27
39
163
2
29
87
28
73
12
1
1
72
159
156
56
6
4
1
3
1
4
39
18
67
49
18
16
21
2
1
52
27
129
16
6
1
57
82
51
12
7
4
11
7
79
94
16
36
2
1
2
1
210
12
9
36
2
8
180
4
1
95
96
36
1
1
1
1
9
217
5
81
135
4
1
3
5
2
8
216
1
4
1
1
94
21
36
68
9
2
1
219
3
6
1
1
1
204
22
2
1
1
1
221
4
3
1
1
1
9
191
28
3
103
63
15
50
4
171
9
47
32
186
8
1
4
157
67
3
2
1
1
134
44
23
20
3
7
4
218
5
2
1
1
190
16
7
6
8
4
208
3
4
11
2
1
2
167
30
27
2
3
1
1
60
31
9
15
72
21
6
15
2
31
44
109
31
3
7
6
116
26
86
3
100
60
64
6
1
59
165
4
2
1
214
3
11
2
1
155
34
40
1
1
41
62
15
27
42
5
35
4
140
3
61
8
1
8
6
1
2
1
211
2
4
2
4
8
168
15
22
7
5
13
1
137
46
8
29
6
4
1
31
118
14
33
19
3
10
2
1
131
15
5
10
29
39
2
27
170
18
5
3
5
2
1
216
11
3
1
82
141
2
2
3
1
205
12
1
4
2
5
1
1
130
39
28
11
7
15
1
113
48
50
11
3
5
1
188
1
7
31
3
1
99
67
51
10
3
1
112
118
1
Number of elements: 1855
