Bin size: 135
Num of Bins: 474
35
56
14
22
4
1
2
1
28
87
15
3
2
58
8
4
4
33
11
15
1
1
73
35
25
1
1
62
23
9
40
1
107
2
20
6
41
58
34
1
1
113
10
1
3
6
1
1
42
87
3
1
1
1
71
22
28
7
4
3
18
53
55
7
1
1
84
21
1
13
11
4
1
111
1
6
9
5
3
25
15
2
8
18
44
16
3
4
29
59
10
30
1
6
109
19
2
4
1
124
9
2
113
21
1
1
46
78
3
7
43
49
32
2
4
2
2
1
89
1
8
19
11
4
1
1
1
71
25
38
1
52
2
51
3
16
1
5
4
1
70
54
3
3
4
1
130
1
4
84
23
24
1
1
1
1
20
8
71
11
7
7
10
1
63
11
9
3
23
13
3
1
2
7
36
3
2
28
3
55
2
2
1
3
68
11
1
52
3
35
58
12
22
3
1
1
2
1
124
7
2
2
44
72
13
4
1
1
70
27
12
19
5
2
106
27
2
84
40
1
6
2
2
127
5
3
85
34
16
7
113
15
55
61
11
4
1
3
127
4
4
3
20
93
6
13
57
59
14
5
118
9
4
1
2
1
114
17
4
129
3
2
1
38
6
1
48
5
24
12
1
106
22
5
2
75
57
1
2
25
33
14
43
10
6
2
2
83
36
4
6
2
3
1
91
40
4
96
18
19
1
1
92
7
32
3
1
53
40
40
2
56
42
24
13
89
46
105
28
2
43
42
42
6
1
1
81
41
13
8
42
6
67
1
9
2
10
83
1
20
4
4
4
1
7
1
67
59
6
2
1
132
2
1
85
38
10
1
1
19
29
63
16
7
1
32
97
5
1
61
53
6
7
5
2
1
41
82
6
4
1
1
79
52
4
117
7
4
7
111
16
1
3
4
31
97
2
4
1
6
38
77
1
5
6
2
129
6
28
70
27
1
2
4
2
1
1
102
26
2
2
1
1
11
28
3
29
3
48
1
10
2
65
2
62
4
2
124
10
1
21
5
109
31
102
1
1
3
101
15
15
1
20
93
14
4
2
1
1
112
15
8
50
66
3
16
3
90
29
13
19
14
76
1
9
11
1
4
14
38
45
36
2
64
8
53
3
7
9
2
61
43
6
4
5
4
1
59
12
42
12
7
2
1
125
8
2
119
16
15
11
108
1
102
31
1
1
59
48
17
2
7
2
66
25
10
17
14
1
2
72
48
3
6
4
2
99
31
3
1
1
33
55
43
2
1
1
9
92
12
15
4
2
1
95
31
2
6
1
112
17
4
2
97
6
23
4
5
33
27
51
1
23
67
47
12
3
5
1
88
14
12
1
15
5
133
1
1
88
41
3
1
2
12
58
5
59
1
21
14
82
6
8
2
1
1
76
59
101
11
23
130
4
1
32
4
1
86
5
1
3
2
1
68
44
15
1
6
1
50
79
2
3
1
128
2
5
43
6
10
22
46
5
1
2
50
46
19
13
6
1
81
26
25
2
1
107
4
13
4
7
98
17
19
1
82
38
14
1
59
13
12
20
24
1
6
99
22
7
6
1
93
23
4
3
1
9
2
126
8
1
67
13
37
3
14
1
124
9
1
1
27
54
29
10
12
1
1
1
121
2
5
7
135
66
37
21
11
77
49
9
130
4
1
124
9
1
1
72
62
1
105
16
6
1
4
1
1
1
21
4
44
15
8
2
26
2
9
4
15
58
34
13
6
5
3
1
73
23
30
1
3
3
2
132
2
1
119
2
4
9
1
85
3
6
38
1
2
20
81
27
1
2
4
10
73
50
2
72
12
4
11
7
7
5
9
7
1
132
1
2
97
36
1
1
113
5
1
5
11
88
14
6
19
8
79
42
3
7
1
3
26
103
2
2
1
1
109
14
8
3
1
51
53
18
5
2
1
2
1
1
1
34
56
19
4
13
1
4
1
2
1
77
41
12
1
1
3
69
23
5
10
16
12
48
76
5
5
1
22
63
2
44
3
1
123
8
4
87
8
1
22
3
9
2
2
1
53
17
49
14
1
1
45
63
17
7
3
129
1
2
2
1
54
21
12
15
27
6
19
43
66
4
3
56
64
13
1
1
99
31
3
1
1
36
36
34
25
4
42
44
43
3
2
1
127
4
1
3
123
7
5
78
49
2
2
3
1
66
37
22
3
3
2
1
1
37
84
4
4
6
64
20
48
1
2
8
52
65
9
1
39
84
10
1
1
110
10
8
3
1
2
1
82
25
25
1
1
1
132
2
1
117
16
2
45
58
19
1
8
1
2
1
21
39
70
2
1
2
121
2
8
4
52
24
4
44
11
81
34
11
4
3
1
1
92
38
2
1
1
1
96
6
16
13
3
1
123
3
9
56
24
18
21
7
2
4
1
2
78
43
12
2
59
22
35
13
6
42
28
55
2
2
5
1
52
75
7
1
60
46
13
11
1
1
3
102
30
1
2
67
17
26
18
4
1
1
1
130
4
1
37
43
52
1
2
94
16
6
2
1
16
65
33
18
1
1
15
2
103
4
3
6
17
1
1
100
32
2
1
112
11
7
1
4
39
83
11
1
1
42
82
11
54
17
17
32
10
5
9
58
50
16
2
65
33
4
1
12
8
1
3
3
5
5
90
12
11
16
1
52
6
64
5
8
12
69
3
27
9
13
1
1
87
7
9
4
8
5
4
7
3
1
93
4
31
1
3
2
1
16
51
10
5
25
12
10
1
1
3
1
48
83
3
1
63
45
8
17
1
1
120
1
1
9
2
1
1
85
45
5
16
103
15
1
55
30
16
30
2
1
1
60
61
7
5
1
1
8
21
63
29
11
2
1
3
126
2
1
2
1
50
23
15
31
11
2
1
2
126
7
1
1
64
40
23
7
1
7
114
11
1
2
130
2
2
1
119
9
5
2
116
12
3
1
2
1
87
25
20
2
1
27
61
37
3
4
3
115
1
11
2
3
3
74
44
15
1
1
70
22
10
32
1
17
6
41
37
9
9
5
8
1
1
1
17
42
53
6
8
9
133
2
42
76
3
13
1
134
1
2
79
51
3
12
14
88
20
1
122
11
1
1
120
15
78
38
11
2
3
2
1
65
23
11
31
2
2
1
8
73
45
7
1
1
28
54
50
3
117
11
5
1
1
46
40
20
17
3
6
1
2
106
22
3
1
1
2
134
1
62
28
31
7
1
4
1
1
25
76
12
17
1
2
1
1
14
12
94
10
1
2
1
1
17
86
2
21
6
1
2
76
59
79
26
10
11
4
4
1
16
21
86
6
6
135
96
21
16
1
1
95
13
11
3
3
10
80
44
11
5
60
62
3
3
1
1
21
36
73
2
3
115
11
2
1
3
1
1
1
6
79
23
15
8
1
2
1
58
28
49
84
11
10
15
9
5
1
12
111
9
3
70
11
15
34
5
51
53
7
14
8
1
1
105
12
8
10
124
4
3
4
92
27
2
12
2
127
6
2
38
34
61
1
1
72
39
5
14
1
1
1
1
1
112
8
1
12
1
1
70
22
16
8
17
2
3
36
32
9
46
9
80
6
13
14
15
6
1
68
36
2
15
13
1
79
24
8
10
11
3
124
8
3
128
2
2
1
2
122
12
1
106
9
8
10
2
77
26
6
20
1
5
54
55
26
21
39
33
8
18
15
1
135
53
5
44
19
3
7
2
2
95
38
2
82
11
23
16
2
1
32
62
24
14
2
1
97
1
19
4
6
6
1
1
17
32
44
15
9
10
8
124
9
2
31
13
80
9
2
68
64
3
28
37
3
44
14
3
3
1
2
52
37
10
1
11
16
5
2
1
10
67
14
33
2
2
3
3
1
96
26
12
1
91
18
6
18
1
1
48
58
19
8
2
47
80
4
1
1
2
55
42
2
9
26
1
71
61
1
2
69
63
2
1
74
43
1
6
10
1
116
1
5
7
2
4
6
5
83
16
5
2
18
35
67
17
3
7
5
1
11
121
1
1
1
120
14
1
9
48
69
7
1
1
55
80
110
2
3
12
6
1
1
30
105
59
28
1
15
17
14
1
22
102
11
41
50
37
7
56
55
15
6
3
119
6
4
3
1
2
101
10
15
7
2
109
26
135
69
62
1
1
1
1
53
78
1
1
2
130
2
2
1
27
92
14
1
1
69
61
4
1
113
13
7
1
1
86
39
3
6
1
84
39
3
3
1
2
3
83
15
34
2
1
119
13
3
74
42
5
3
2
4
5
71
4
43
3
8
2
3
1
51
54
23
2
4
1
56
45
9
10
5
3
1
2
4
32
24
48
2
3
21
2
1
2
119
3
2
3
6
1
1
43
29
52
10
1
118
7
1
4
5
92
24
13
5
1
65
43
2
20
2
1
1
1
18
11
87
16
2
1
80
12
31
11
1
109
16
9
1
119
3
11
2
95
20
13
2
1
4
71
59
3
2
52
41
5
29
4
2
2
41
83
7
1
1
1
1
89
8
21
12
5
43
35
29
22
4
1
1
78
29
19
7
1
1
16
98
4
1
15
1
116
4
15
76
51
3
2
3
79
35
14
4
2
1
102
13
18
2
26
59
30
7
8
3
2
94
16
18
6
1
85
48
2
101
2
25
6
1
71
4
9
30
2
17
1
1
85
36
4
9
1
111
9
13
2
62
15
27
25
1
3
1
1
81
53
1
26
79
21
2
2
3
2
19
34
62
14
6
43
67
14
9
2
125
4
2
2
2
77
56
2
64
64
7
122
12
1
95
7
18
15
72
33
22
6
2
14
84
15
8
11
2
1
79
35
3
16
2
4
131
3
58
37
18
9
2
5
3
119
5
5
3
3
110
19
4
2
79
22
21
9
1
2
1
97
7
16
8
6
1
57
22
5
45
6
37
18
57
5
12
4
2
30
100
3
1
1
20
76
17
15
4
1
1
1
102
30
3
93
40
2
90
33
6
5
1
13
80
20
5
17
54
61
19
1
127
7
1
93
9
20
4
1
3
4
1
87
1
13
26
2
1
5
30
102
3
1
60
57
3
13
1
103
15
17
55
56
20
2
1
1
48
42
30
8
7
102
12
19
2
92
18
8
10
4
1
1
1
86
37
3
4
2
2
1
53
65
7
5
3
2
4
111
11
1
2
1
3
2
11
93
10
10
10
1
13
66
33
17
3
1
1
1
134
1
38
19
40
8
11
14
2
3
20
50
51
9
2
1
2
119
13
1
1
1
120
9
5
1
114
5
12
3
1
34
13
50
2
8
24
3
1
46
14
58
6
10
1
95
31
3
1
5
33
26
32
20
10
14
52
81
1
1
105
8
8
7
7
81
8
22
9
8
6
1
107
1
12
15
76
43
10
5
1
56
18
44
5
8
2
2
130
5
31
10
37
57
20
27
86
1
1
106
9
9
9
2
85
31
9
3
1
5
1
103
5
10
8
7
1
1
131
3
1
30
42
3
35
10
10
5
83
36
6
1
1
1
2
4
1
66
48
12
8
1
106
6
18
2
3
50
42
42
1
39
81
4
10
1
63
52
16
1
1
1
1
93
39
1
2
32
40
46
3
7
4
3
70
49
6
3
5
2
47
36
12
13
1
6
14
3
2
1
26
74
10
12
12
1
70
31
29
1
1
3
10
68
52
2
1
1
1
97
23
9
3
2
1
92
13
27
2
1
55
12
48
8
7
4
1
91
44
115
4
5
5
4
2
5
117
9
4
26
27
73
5
2
1
1
124
9
1
1
117
14
3
1
86
22
7
18
2
128
7
20
108
1
6
115
9
9
2
131
4
18
96
13
4
2
2
14
14
81
23
1
1
1
112
11
9
3
Number of elements: 2565
