Bin size: 161
Num of Bins: 314
68
45
47
1
55
105
1
61
98
1
1
19
90
47
5
14
58
86
3
55
58
45
1
1
1
31
47
51
29
3
24
109
4
14
6
1
3
108
51
2
23
94
5
5
29
4
1
12
110
7
18
3
8
2
1
154
2
3
2
38
3
75
32
5
6
2
142
6
2
2
6
3
113
7
10
2
9
12
8
135
6
17
2
1
36
117
2
1
2
3
86
59
16
141
5
3
3
9
124
34
2
1
83
17
41
2
15
2
1
77
10
53
5
6
6
3
1
74
47
28
6
6
113
47
1
41
27
18
59
13
2
1
82
42
25
3
7
2
157
1
2
1
86
61
1
11
2
39
49
21
27
22
1
2
60
23
48
21
5
4
125
11
16
2
3
2
2
82
47
18
1
13
114
43
4
150
8
3
99
25
19
1
7
5
4
1
69
54
10
26
2
38
74
1
9
8
13
9
4
1
2
2
101
30
9
5
11
5
138
6
17
65
65
24
5
2
62
32
5
41
7
13
1
18
126
1
10
2
4
51
22
23
15
9
30
2
6
1
1
1
146
12
1
1
1
46
50
1
61
3
120
41
25
114
10
10
2
115
44
2
80
32
20
13
15
1
83
72
1
2
1
2
83
43
14
20
1
91
54
3
4
5
1
2
1
161
37
112
2
6
2
2
83
6
20
46
3
3
115
33
10
3
157
4
34
104
12
2
9
91
46
19
3
2
3
98
5
13
31
4
2
1
4
32
119
5
3
1
1
79
5
55
15
4
3
126
14
17
1
1
1
1
54
53
31
15
1
5
1
1
93
49
16
3
32
56
45
9
6
2
7
3
1
136
10
11
4
120
19
7
13
2
141
13
2
1
1
3
67
87
3
2
2
148
12
1
41
84
5
22
5
4
52
1
5
11
57
19
6
3
2
3
2
8
84
46
1
11
5
3
3
95
16
40
8
2
43
24
48
14
23
5
4
109
3
4
16
8
6
9
6
17
99
23
18
2
1
1
157
3
1
88
14
55
3
1
146
14
1
140
3
3
10
2
3
99
55
4
3
120
41
7
9
124
19
1
1
118
14
11
12
6
102
7
32
3
14
2
1
64
9
39
34
6
8
1
14
75
4
65
3
144
12
4
1
152
9
115
37
7
1
1
92
25
15
15
14
123
2
11
9
4
5
6
1
29
104
6
16
4
1
1
4
45
58
41
1
7
1
4
1
9
92
11
27
18
1
1
1
19
139
3
67
91
2
1
98
5
24
8
1
16
6
3
46
55
2
46
11
1
42
30
71
5
12
1
139
15
6
1
152
2
1
1
1
2
2
81
31
1
30
9
7
1
1
27
130
4
88
41
10
13
2
3
4
93
18
28
21
1
153
7
1
106
18
35
1
1
155
4
1
1
121
30
8
1
1
81
14
66
127
16
5
10
3
82
71
5
3
94
8
3
40
11
2
1
1
1
119
3
26
8
1
4
83
11
49
8
4
4
2
122
32
4
1
1
1
155
6
38
88
15
19
1
143
18
151
9
1
48
55
55
2
1
55
12
2
45
36
6
4
1
4
41
19
63
7
16
9
2
71
75
9
1
2
2
1
62
56
12
11
12
2
1
1
4
64
7
9
31
28
10
4
4
2
2
38
115
5
2
1
158
2
1
133
10
5
1
5
5
1
1
97
4
2
47
8
1
2
97
62
1
1
98
48
8
2
3
2
76
72
1
10
1
1
79
24
16
22
17
1
2
69
37
39
7
8
1
60
43
2
36
19
1
82
65
8
5
1
91
46
6
6
12
113
10
16
16
4
1
1
55
21
50
16
8
1
8
2
112
17
27
5
32
89
22
8
10
158
1
1
1
40
35
77
9
122
38
1
62
21
29
46
2
1
4
95
8
26
11
1
15
1
12
87
46
7
6
2
1
82
75
4
153
6
1
1
24
31
8
2
92
4
80
34
29
6
12
144
7
4
6
51
47
44
18
1
123
18
12
6
1
1
160
1
156
2
3
125
15
7
3
8
1
2
89
30
2
19
7
11
2
1
9
145
1
4
2
141
15
2
2
1
91
10
49
11
87
23
43
6
1
1
123
23
6
7
2
128
30
2
1
23
37
8
91
2
155
4
2
137
2
11
5
5
1
27
127
5
1
1
122
1
15
11
1
5
2
4
103
39
6
1
8
4
141
19
1
82
64
12
1
1
1
149
10
1
1
98
44
9
8
1
1
96
30
20
3
1
7
4
158
3
40
77
10
17
14
3
4
89
67
1
120
41
36
80
14
18
3
5
5
122
36
3
101
28
31
1
135
15
5
4
1
1
96
59
1
4
1
31
113
15
1
1
51
78
19
7
3
2
1
29
62
36
8
7
19
11
34
53
57
1
5
35
55
44
9
11
3
4
125
21
14
1
67
22
25
33
5
3
6
137
8
4
1
5
1
4
1
92
36
28
2
1
2
48
31
7
2
25
15
21
9
2
1
94
50
14
3
74
46
10
22
8
1
151
5
3
1
1
39
40
18
14
23
18
8
1
156
2
3
128
13
13
5
2
108
37
16
53
4
48
1
11
44
124
9
23
2
2
1
157
4
116
15
17
6
6
1
122
5
13
1
16
4
64
44
20
29
4
154
3
2
2
84
73
4
51
9
60
30
6
5
28
117
3
2
7
1
1
1
1
4
5
147
4
1
146
3
2
10
116
29
9
3
2
2
157
3
1
89
12
40
12
2
3
3
75
11
38
19
18
159
2
82
16
60
2
1
25
15
23
9
29
57
1
1
1
75
81
1
2
2
39
88
25
5
1
3
39
41
70
10
1
151
2
7
1
55
76
8
17
4
1
123
35
1
1
1
147
8
2
3
1
96
36
15
7
5
1
1
133
18
9
1
89
26
20
4
16
3
1
1
1
84
32
29
4
12
112
49
61
52
35
3
8
1
1
105
40
15
1
84
20
29
16
10
2
22
128
7
4
7
98
51
1
3
1
91
66
1
2
1
23
95
3
20
11
9
39
26
35
34
13
1
8
1
4
99
14
46
1
1
89
27
28
2
3
6
4
2
137
19
5
19
65
51
22
4
65
56
27
5
5
3
127
31
2
1
37
107
12
4
1
44
10
45
53
3
5
1
42
46
54
5
6
1
1
5
1
89
69
1
1
1
52
70
20
15
2
2
145
5
2
2
7
41
23
69
11
10
4
2
1
30
23
55
1
29
3
5
8
1
2
2
2
68
6
72
5
5
2
2
1
147
14
47
19
74
4
10
6
1
52
11
24
58
12
1
3
76
33
42
2
4
1
1
2
98
19
43
1
48
77
3
32
1
39
1
98
14
2
5
1
1
111
26
14
9
1
132
28
1
114
24
17
1
4
1
123
3
16
15
1
1
2
136
24
1
67
94
130
1
28
2
26
117
1
14
2
1
8
95
3
41
10
1
3
70
59
23
6
1
2
39
86
31
5
68
53
29
3
3
5
159
1
1
58
56
11
36
155
1
5
107
1
48
4
1
107
42
9
3
115
15
8
9
9
5
148
8
3
1
1
97
60
4
40
55
66
79
78
3
1
80
77
2
2
89
52
10
5
5
133
24
2
1
1
72
35
5
27
4
10
1
1
5
1
124
23
7
1
2
4
155
2
4
2
118
31
1
5
3
1
104
20
11
12
1
8
2
3
130
2
16
8
3
1
1
143
2
5
10
1
145
10
1
4
1
160
1
133
26
2
45
24
24
1
56
2
2
2
2
2
1
77
78
5
1
66
92
1
1
1
54
26
5
3
15
6
32
20
10
111
35
4
1
4
82
62
2
9
2
137
21
1
2
81
4
70
3
3
149
2
8
2
71
62
6
1
15
5
1
54
80
3
5
9
2
3
5
51
39
28
10
4
28
1
137
20
1
1
2
Number of elements: 1714
