Bin size: 189
Num of Bins: 483
49
132
8
126
43
13
1
5
1
48
134
4
3
133
33
21
1
1
87
30
69
1
1
1
86
47
11
19
5
3
8
2
7
1
163
11
7
4
1
3
102
34
36
5
8
1
3
61
75
28
9
16
59
66
7
42
2
13
165
6
8
1
8
1
121
17
14
28
6
3
90
71
28
92
72
13
5
5
2
125
53
8
1
1
1
181
3
3
1
1
113
63
10
3
51
75
21
35
3
3
1
189
118
23
28
1
11
3
5
122
59
8
75
13
36
17
38
2
7
1
44
43
88
6
5
1
2
125
62
2
150
39
43
58
61
24
2
1
179
1
2
1
4
1
1
118
2
31
2
14
17
4
1
164
5
4
15
1
6
91
11
72
5
4
20
54
88
10
12
4
1
116
42
31
89
79
19
1
1
156
18
12
2
1
120
27
22
7
2
3
4
3
1
127
17
4
32
7
2
144
7
30
7
1
102
20
18
43
4
2
16
27
60
34
50
2
153
13
15
1
4
3
81
28
29
1
2
6
13
24
1
3
1
144
20
24
1
112
50
17
5
2
1
2
121
63
2
2
1
186
1
1
1
46
34
105
1
3
77
46
9
15
6
34
2
160
20
4
1
1
2
1
99
38
37
11
1
2
1
105
35
19
25
5
129
14
44
1
1
154
33
1
1
114
74
1
30
89
58
12
28
14
95
9
12
16
15
175
6
8
1
42
79
57
2
8
10
40
8
29
75
17
6
4
46
39
78
2
16
2
5
1
103
72
1
4
7
1
1
188
1
96
22
61
6
3
1
23
50
82
21
3
8
2
31
53
18
3
57
23
4
73
48
37
4
20
6
1
62
95
3
24
4
1
179
8
2
57
123
3
3
2
1
5
8
25
83
43
12
10
2
1
114
35
40
27
89
73
107
21
54
7
162
19
8
111
50
24
3
1
86
44
57
2
146
31
12
134
30
10
13
1
1
188
1
56
129
3
1
6
161
3
1
8
4
5
1
153
36
62
74
39
6
5
2
1
184
5
183
3
2
1
142
24
3
11
1
8
136
15
11
8
9
10
4
147
6
7
15
3
7
80
47
49
4
7
2
149
34
6
74
44
37
24
6
2
2
52
96
23
3
3
4
2
5
1
62
76
45
4
1
1
15
54
62
8
20
12
2
9
7
36
74
20
12
47
1
18
134
2
13
20
1
14
108
28
14
25
186
1
1
1
119
37
31
2
114
55
7
12
1
86
20
15
44
24
179
3
1
6
83
60
3
7
5
18
2
7
1
3
171
13
5
113
70
4
1
1
67
78
31
9
4
29
25
53
78
3
1
38
46
5
100
160
29
183
1
5
72
83
11
19
3
1
142
19
25
3
6
5
2
110
43
5
5
7
5
1
169
13
7
185
2
1
1
99
39
22
19
4
6
97
85
5
2
185
2
1
1
65
71
5
17
2
19
4
6
139
48
2
79
23
45
21
5
9
6
1
136
49
3
1
129
30
9
15
4
2
75
6
52
15
15
6
18
2
93
89
4
1
1
1
27
162
49
62
64
14
136
31
15
4
2
1
22
91
19
37
16
1
3
25
86
57
14
2
2
2
1
161
12
16
168
3
17
1
44
109
3
27
4
1
1
26
76
47
8
22
1
6
3
139
20
16
3
2
4
2
1
1
1
184
1
3
1
58
63
53
14
1
169
13
5
2
59
102
15
2
6
1
3
1
40
84
9
48
1
6
1
138
43
3
2
2
1
27
107
38
12
5
156
26
2
5
28
40
13
8
63
13
9
5
9
1
115
40
32
2
88
63
29
7
2
189
179
2
3
1
2
2
76
25
1
3
33
5
27
15
1
3
50
63
11
59
6
189
160
13
2
12
2
91
79
16
3
178
8
3
106
33
44
1
3
2
20
57
48
60
1
3
109
67
10
2
1
12
81
62
10
22
2
136
9
11
2
18
10
2
1
173
14
1
1
120
3
44
5
3
2
8
4
174
12
3
159
28
2
137
26
1
20
4
1
89
20
39
22
1
1
17
127
21
12
15
11
1
2
123
41
4
20
1
171
11
3
3
1
83
58
39
6
1
2
55
38
78
8
4
4
2
177
6
3
3
10
14
48
83
18
1
2
3
3
4
3
55
14
35
54
16
12
3
123
25
27
11
3
41
72
41
22
1
8
3
1
38
32
42
13
63
1
4
63
116
6
169
12
5
1
2
167
19
1
1
1
18
85
52
22
6
1
4
1
25
131
5
18
3
2
2
3
64
17
61
16
18
4
4
3
2
87
88
3
8
3
177
5
7
163
6
13
4
2
1
51
110
11
11
4
1
1
66
120
2
1
15
98
41
28
7
99
56
31
1
2
43
48
73
25
38
142
4
2
2
1
12
161
6
10
162
22
2
3
41
8
90
37
13
1
169
14
2
3
147
20
19
3
67
3
9
48
54
8
32
98
52
2
4
1
57
23
63
14
1
28
1
1
1
180
6
2
1
63
57
12
16
18
19
2
2
159
11
9
9
1
134
8
25
3
11
8
187
1
1
189
85
40
53
1
5
5
58
99
27
1
2
2
73
26
86
2
2
185
4
138
9
32
9
1
175
4
8
2
174
10
4
1
79
88
20
2
12
143
7
14
7
1
3
2
66
61
14
34
13
1
147
23
8
1
4
6
119
29
15
9
13
4
114
32
32
7
4
16
71
48
20
15
2
2
6
9
48
70
69
2
3
103
26
26
3
22
6
43
59
77
9
1
54
6
80
12
5
25
1
6
146
9
7
3
24
106
54
25
2
2
77
63
40
2
6
1
88
81
9
6
5
39
25
81
43
1
182
3
2
2
115
57
16
1
42
123
16
4
3
1
40
19
37
35
14
2
41
1
110
40
25
11
1
2
80
94
5
9
1
119
64
5
1
113
19
25
27
3
1
1
82
52
4
23
26
1
1
81
43
55
6
1
1
2
76
17
69
1
24
2
18
126
40
1
2
2
42
42
78
17
6
3
1
10
32
34
45
61
4
2
1
26
20
77
34
3
12
5
3
4
2
3
88
24
46
20
2
6
1
2
188
1
29
118
34
5
1
1
1
77
34
29
32
10
3
1
2
1
140
13
13
15
6
2
56
40
39
4
39
7
2
2
27
144
4
5
4
4
1
92
46
41
2
6
2
29
136
1
13
7
1
1
1
180
1
6
2
98
11
58
12
8
1
1
120
46
23
21
116
2
12
19
17
1
1
46
133
5
4
1
70
62
32
6
10
7
1
1
129
60
104
68
14
2
1
172
9
2
1
3
2
125
29
16
17
1
1
44
121
6
10
7
1
21
90
24
52
1
1
69
12
75
18
14
1
139
40
10
70
79
33
2
3
1
1
72
107
9
1
41
93
31
17
2
3
1
1
123
23
15
18
7
3
186
3
122
63
3
1
128
25
5
1
13
5
4
3
5
136
14
17
18
1
3
126
57
1
5
162
19
7
1
6
126
11
25
1
17
3
99
82
6
2
77
98
11
3
166
11
11
1
109
16
42
13
9
66
50
54
3
11
3
1
1
104
6
51
10
6
7
4
1
136
12
9
8
4
18
1
1
73
78
12
17
3
1
1
3
1
101
19
58
5
6
116
39
31
3
132
6
6
25
17
2
1
48
133
6
2
70
96
2
14
5
1
1
168
8
10
1
1
1
9
16
122
1
33
3
5
36
41
91
18
1
1
1
71
72
40
5
1
62
73
11
22
18
3
134
15
37
1
2
138
31
3
9
7
1
124
20
22
4
7
7
2
2
1
178
1
8
2
49
33
58
24
19
4
1
1
34
20
2
54
73
6
161
8
20
3
105
54
11
12
1
1
2
120
33
1
11
17
2
2
1
1
1
82
49
44
2
7
3
1
1
71
107
4
7
157
10
19
2
1
141
39
1
6
1
1
60
8
23
21
75
2
172
13
1
3
98
79
5
2
5
50
31
24
24
35
19
6
52
107
11
15
1
3
20
104
36
10
10
2
3
3
1
167
16
4
2
114
53
13
5
4
119
27
35
6
1
1
59
91
31
7
1
152
29
5
2
1
36
29
70
36
1
2
4
7
4
174
2
9
4
82
105
1
1
80
106
1
2
75
23
71
14
5
1
69
87
6
26
1
179
8
1
1
174
4
3
2
1
1
4
26
58
77
20
6
2
145
30
4
3
3
2
1
1
88
57
9
30
4
1
92
21
38
18
7
10
1
1
1
15
162
12
173
8
7
1
24
124
24
15
2
93
10
36
11
1
10
27
1
62
126
1
144
16
1
4
23
1
147
20
8
2
4
4
1
1
1
1
39
144
6
44
111
3
11
1
1
18
181
2
3
3
63
89
9
15
6
7
149
28
7
1
2
1
1
163
13
10
2
1
50
24
59
22
34
154
27
5
3
14
150
6
5
14
97
10
71
9
2
81
15
29
33
14
9
1
5
2
167
6
16
23
108
38
3
3
10
3
1
115
20
20
1
24
8
1
146
1
1
19
3
18
1
54
12
87
1
18
9
3
1
4
105
2
16
43
23
36
114
18
19
2
78
28
68
6
5
4
35
133
4
12
4
1
189
152
36
1
110
64
8
6
1
75
58
46
10
24
92
65
8
154
8
14
3
4
6
159
19
9
1
1
138
15
13
5
11
5
1
1
144
19
22
4
130
39
14
6
43
108
21
7
1
1
4
4
69
51
61
2
2
4
126
52
2
7
2
124
15
43
6
1
125
5
20
25
2
4
4
3
1
2
50
2
80
53
1
1
68
95
7
3
13
1
2
40
28
86
4
6
9
8
2
5
1
44
106
15
6
2
16
76
105
7
1
156
7
5
16
3
1
1
74
59
29
14
11
1
1
91
82
2
6
7
1
48
74
47
12
2
5
1
130
25
10
2
8
7
1
1
1
2
2
44
92
32
16
3
2
69
74
40
6
173
1
10
1
1
3
97
1
55
34
1
1
166
16
5
1
1
16
45
113
11
2
1
1
181
4
3
1
157
13
5
14
90
52
6
5
33
1
1
1
120
13
14
29
9
4
180
8
1
19
117
43
2
7
1
187
1
1
25
72
66
5
21
12
78
48
14
14
4
18
1
30
74
72
1
7
1
1
2
1
27
6
33
33
37
26
25
1
1
79
13
25
25
44
3
140
2
29
7
3
3
3
1
1
31
40
38
38
31
9
1
1
142
35
1
7
4
28
6
1
15
11
16
66
13
17
4
11
1
175
3
10
1
175
14
65
92
18
1
9
2
1
1
116
68
2
1
2
165
16
3
2
1
1
1
139
26
16
5
2
1
26
128
15
13
5
2
4
81
71
23
7
3
136
26
14
11
1
1
112
31
46
115
3
57
14
100
7
76
2
2
2
96
27
4
57
3
1
1
77
31
43
9
15
4
3
7
112
22
19
24
9
1
1
1
127
18
16
21
4
1
1
1
77
54
37
4
16
1
111
71
5
2
77
44
24
33
8
1
1
1
180
9
55
11
16
20
15
46
15
11
165
18
5
1
43
75
57
12
2
30
45
47
63
2
2
6
162
2
12
2
3
2
148
27
12
2
20
117
50
2
175
7
1
5
1
170
16
2
1
131
20
24
9
3
1
1
17
146
14
5
3
3
1
94
65
27
1
1
1
24
38
114
3
4
6
23
27
46
80
11
2
120
62
7
137
16
10
17
2
3
3
1
101
37
16
4
18
1
3
1
8
131
36
6
14
1
1
81
67
16
2
9
13
1
148
29
1
6
4
1
130
44
12
3
130
46
7
2
2
2
178
1
3
2
5
5
132
39
12
1
75
25
60
14
13
2
41
16
67
34
17
1
7
6
132
45
5
7
13
105
48
5
12
3
3
162
26
1
125
63
1
52
82
10
1
36
6
2
144
45
98
21
60
1
9
125
16
1
15
12
11
9
80
38
39
3
11
1
8
8
1
51
92
19
14
1
5
3
1
1
2
84
65
31
6
2
1
135
23
12
18
1
23
44
68
29
13
6
5
1
2
149
36
1
1
160
3
18
3
4
1
60
39
47
34
9
137
44
1
1
1
2
1
2
5
150
19
13
1
1
161
14
4
7
3
117
7
57
1
6
1
20
7
53
33
22
43
3
4
2
1
1
60
4
26
10
89
42
115
20
1
6
1
2
2
157
5
4
3
2
18
52
35
21
55
7
19
12
172
5
50
18
116
4
1
102
2
58
2
20
1
1
1
1
1
148
22
2
14
1
2
136
12
2
14
20
2
1
1
1
6
119
44
4
14
2
35
86
44
3
11
2
4
3
1
130
32
22
1
2
2
Number of elements: 2774
