Bin size: 182
Num of Bins: 405
163
1
6
6
1
5
80
102
27
85
1
45
23
1
52
85
6
32
2
4
1
5
57
63
48
9
39
72
61
6
4
77
100
5
76
23
10
37
19
9
2
2
1
2
1
162
12
5
1
1
1
59
89
10
20
3
1
7
122
30
16
3
1
1
1
1
13
29
91
41
6
1
1
123
40
16
2
1
148
15
8
6
1
4
132
3
18
13
10
5
1
115
19
36
3
9
87
80
14
1
42
114
3
21
1
1
137
35
1
5
2
2
35
21
68
43
15
81
68
8
17
1
1
4
1
1
83
74
10
3
2
1
6
3
61
39
3
28
51
171
11
69
44
65
3
1
18
99
4
54
2
5
138
5
28
4
6
1
50
98
12
15
2
4
1
24
77
21
37
12
7
1
3
182
9
140
9
3
11
3
5
1
1
97
69
16
151
8
4
17
1
1
78
39
9
50
2
1
2
1
130
33
16
1
1
1
115
33
31
3
129
4
43
5
1
175
4
1
1
1
108
58
1
3
7
4
1
141
14
25
2
73
17
18
72
1
1
147
25
4
3
3
13
8
130
23
1
3
4
103
72
4
1
1
1
123
48
5
4
2
13
28
22
106
9
3
1
53
21
53
1
2
39
9
1
2
1
149
15
2
5
7
1
3
61
38
48
10
14
2
6
1
1
1
182
82
5
7
11
16
3
44
8
2
2
1
1
164
15
2
1
65
62
14
34
5
2
108
61
3
9
1
158
6
8
10
157
13
11
1
139
12
21
2
8
88
66
27
1
61
30
15
2
26
32
7
4
5
26
15
103
28
1
4
5
69
66
22
22
1
1
1
173
1
7
1
121
41
2
6
1
2
1
2
6
116
14
30
13
6
3
125
54
3
43
104
30
3
2
117
56
5
2
1
1
40
2
3
68
66
3
9
55
55
29
11
14
2
5
2
75
45
54
2
2
2
2
44
88
7
25
5
1
9
3
126
13
1
4
8
30
171
6
3
2
32
73
53
1
18
3
1
1
16
102
49
1
3
8
3
81
94
2
1
3
1
110
14
8
17
1
13
1
2
7
1
8
88
52
30
9
3
25
73
32
45
5
2
11
6
95
27
29
2
1
2
7
1
1
136
26
10
10
119
29
14
14
4
1
1
173
8
1
101
73
4
4
58
91
5
28
2
50
32
44
10
7
2
31
4
103
43
18
1
9
6
2
53
19
11
4
45
38
6
5
1
140
17
19
3
3
103
57
15
3
2
1
1
178
2
1
1
169
3
5
1
2
2
180
2
120
5
25
14
17
1
90
63
3
6
11
4
5
35
124
8
3
5
4
2
1
170
11
1
5
89
84
2
2
181
1
9
160
9
1
1
2
43
125
12
1
1
32
21
44
62
1
17
4
1
92
84
1
5
137
19
1
11
5
1
3
1
3
1
163
3
7
8
1
52
59
51
19
1
67
99
11
1
3
1
13
45
25
7
40
38
2
1
7
2
2
157
7
3
1
3
4
7
94
37
37
14
77
98
4
3
75
91
15
1
128
1
37
3
4
7
1
1
47
92
21
10
8
3
1
167
15
105
56
4
14
3
67
9
47
31
2
26
132
24
16
1
3
2
3
1
17
28
70
10
35
16
4
2
145
20
14
1
1
1
33
135
14
13
122
29
8
6
1
3
91
67
8
5
8
3
47
129
2
4
75
77
18
9
3
145
26
7
2
1
1
26
150
4
2
102
27
12
24
10
5
2
110
71
1
26
12
71
23
18
24
5
3
104
68
5
5
5
30
79
38
7
8
6
9
162
2
12
3
1
2
178
1
2
1
182
57
73
42
7
3
177
4
1
65
66
48
3
50
36
84
7
5
145
7
22
4
4
25
81
71
1
4
4
148
7
19
1
1
1
1
36
65
68
10
3
124
48
9
1
109
34
28
8
1
2
19
56
38
51
9
5
4
151
4
7
13
2
4
1
41
90
13
33
4
1
78
22
1
14
5
33
8
14
5
1
1
67
41
33
20
13
2
4
1
1
107
26
4
45
170
2
6
1
1
2
37
38
68
15
9
14
1
33
56
25
51
13
2
2
18
19
145
159
3
18
2
139
4
1
30
4
1
3
78
83
5
9
3
3
1
143
24
11
1
2
1
104
38
1
16
14
5
3
1
71
9
10
67
21
4
51
120
10
1
123
15
3
16
14
10
1
45
11
89
34
2
1
140
18
6
12
5
1
25
75
62
1
9
6
4
177
1
4
130
20
19
13
157
15
2
4
2
1
1
113
17
42
3
7
95
21
2
31
26
6
1
133
21
21
3
4
31
101
34
5
5
4
2
78
104
89
75
2
9
7
73
35
7
40
20
7
79
33
48
19
1
2
50
34
34
61
1
1
1
96
21
5
29
10
10
3
5
2
1
60
5
113
3
1
82
15
54
22
3
2
1
2
1
152
24
2
2
1
1
38
115
15
10
4
140
35
5
1
1
128
24
16
6
3
1
2
1
1
44
55
60
16
3
3
1
67
94
13
7
1
48
79
18
10
5
2
9
3
7
1
56
74
2
46
1
3
80
16
64
11
5
6
99
27
23
7
3
5
18
78
29
60
1
1
1
8
2
1
1
159
16
5
2
11
107
39
15
6
2
2
178
4
154
10
4
4
2
2
1
5
62
25
38
33
12
9
1
2
77
38
52
9
1
1
4
129
3
21
25
4
37
29
10
20
37
13
12
5
6
1
1
5
3
3
158
15
5
1
1
1
1
73
93
6
9
1
159
19
4
52
59
54
17
122
21
4
6
26
1
2
123
8
8
42
1
132
19
10
18
2
1
179
3
126
7
8
19
21
1
148
15
15
2
1
1
133
25
6
2
6
6
1
1
2
17
2
5
43
100
10
1
2
2
162
8
9
3
15
23
9
45
81
5
4
41
64
18
18
21
14
4
1
1
151
10
15
1
1
2
2
48
66
59
4
2
2
1
30
152
131
10
2
6
32
1
152
11
8
3
4
3
1
106
63
8
2
2
1
98
33
45
5
1
25
83
10
42
8
12
1
1
142
31
8
1
130
23
1
15
2
2
8
1
14
163
3
1
1
31
139
10
2
111
2
3
7
39
14
6
108
73
1
69
105
3
4
1
17
45
95
4
4
3
4
8
1
1
76
1
75
4
25
1
74
60
15
15
4
2
1
9
1
1
162
4
15
1
161
17
4
113
47
19
1
2
30
106
9
15
19
1
2
47
18
63
45
7
2
131
42
8
1
14
121
33
13
1
4
95
68
15
136
33
5
1
7
65
32
50
5
24
1
1
3
1
89
23
20
4
1
32
8
3
1
1
172
6
2
1
1
115
11
52
1
1
2
21
93
16
24
4
5
9
6
2
2
66
5
61
44
1
4
1
167
11
1
2
1
34
28
120
122
54
3
1
2
97
80
2
3
137
23
7
11
4
85
89
2
2
2
1
1
160
20
2
80
30
18
38
5
7
3
1
148
17
14
3
163
15
3
1
108
66
8
30
32
72
23
18
2
1
1
2
1
105
30
10
37
10
144
18
3
5
1
1
129
13
37
3
139
16
8
3
10
1
5
172
4
3
1
2
3
62
103
8
5
1
140
30
4
4
2
2
72
64
11
22
3
10
69
109
1
2
1
152
24
2
3
1
52
36
59
6
4
7
15
1
2
136
43
1
2
92
23
20
33
12
1
1
171
1
2
6
1
1
67
90
23
1
1
158
17
7
77
53
19
5
21
5
2
112
50
16
2
2
45
102
27
2
4
2
143
25
3
2
6
3
91
14
45
7
12
2
11
132
3
12
22
2
11
137
10
19
15
1
133
13
26
10
123
31
17
7
4
91
75
9
7
27
133
14
6
1
1
12
2
91
62
5
5
3
2
125
56
1
47
51
23
39
15
7
19
124
19
14
3
2
1
176
4
1
1
51
26
89
8
8
53
23
90
9
1
3
3
106
46
14
2
12
1
1
53
101
17
4
6
1
119
30
32
1
101
1
32
44
4
68
78
30
4
2
181
1
131
49
2
123
38
14
6
1
83
46
27
14
2
10
41
73
36
24
1
6
1
141
24
6
4
7
6
37
41
80
8
1
6
1
2
107
18
37
14
3
1
1
1
102
11
7
1
28
19
9
5
41
29
89
20
1
1
1
84
25
72
1
162
13
1
2
2
2
28
115
21
15
1
2
120
36
8
15
3
152
10
15
5
26
37
31
60
3
25
147
20
6
1
7
1
150
7
16
2
6
1
159
13
7
1
2
75
96
2
3
5
1
24
67
59
25
6
1
100
19
22
25
3
10
2
1
116
31
4
23
2
3
3
23
46
66
30
2
9
1
3
1
1
164
7
2
3
4
2
2
106
34
11
6
2
18
1
1
1
123
59
149
22
1
1
6
2
1
124
45
5
8
78
96
3
5
118
6
20
18
19
1
128
38
8
2
2
3
1
73
109
17
117
27
4
3
14
54
48
78
1
1
49
34
10
27
20
20
16
1
1
3
1
140
36
6
8
97
23
34
9
9
1
1
87
56
31
1
4
3
134
13
5
25
4
1
71
53
10
11
4
25
3
4
1
148
19
9
4
1
1
99
78
5
102
10
62
3
2
2
1
87
93
2
53
30
96
1
1
1
44
44
21
68
5
38
66
77
1
98
78
6
26
143
11
1
1
100
10
53
1
12
1
3
2
87
4
73
6
12
178
1
2
1
162
9
5
4
1
1
117
18
9
12
12
2
10
2
15
16
71
10
37
14
7
8
2
2
126
1
3
32
10
7
2
1
154
16
3
9
79
89
6
6
2
160
18
3
1
107
68
6
1
37
32
68
5
1
7
13
3
11
4
1
68
65
18
23
6
2
78
43
45
5
3
2
2
1
2
1
135
8
29
1
9
9
89
18
39
11
12
4
156
5
11
2
3
2
3
79
78
6
5
12
1
1
91
22
10
53
1
5
176
1
2
2
1
28
87
47
8
12
75
102
2
1
1
1
146
12
4
19
1
47
24
101
3
1
4
1
1
168
7
4
1
1
1
154
11
12
2
2
1
71
32
14
27
27
2
2
2
1
2
1
1
111
27
3
5
11
2
21
2
181
1
89
21
63
6
2
1
172
3
7
113
25
20
1
9
7
4
2
1
82
57
9
9
4
20
1
177
2
3
63
37
44
26
12
152
16
12
1
1
61
32
1
58
27
3
140
34
1
7
14
107
61
131
20
7
23
1
179
3
46
5
93
33
1
1
3
82
74
19
2
2
1
1
1
87
28
56
1
9
1
43
130
5
4
20
14
69
34
28
3
4
6
4
60
76
33
6
3
3
1
48
56
42
7
17
2
10
24
11
118
3
8
5
8
1
3
1
154
17
10
1
59
40
61
10
7
4
1
50
58
23
4
45
1
1
142
33
4
1
2
26
52
87
3
5
8
1
9
88
3
70
1
2
8
1
141
17
22
2
Number of elements: 2402
