Bin size: 209
Num of Bins: 467
199
5
2
1
2
83
14
27
28
20
7
21
6
3
186
4
10
7
2
82
96
15
13
3
182
9
3
12
3
69
4
66
4
29
16
21
120
81
8
146
22
31
2
1
6
1
108
55
17
11
9
9
205
4
172
23
1
5
4
4
105
20
44
33
1
3
1
2
154
53
2
2
172
21
2
12
72
25
1
79
5
15
2
10
203
2
3
1
206
1
2
31
67
50
41
2
14
1
2
1
202
6
1
67
26
101
11
4
120
23
15
37
13
1
82
71
49
5
2
156
7
43
1
2
171
27
5
4
2
196
13
96
106
1
1
4
1
4
169
12
12
2
4
2
4
110
57
27
10
1
3
1
24
98
73
10
2
2
124
50
4
19
1
10
1
153
24
6
16
7
3
176
5
7
11
2
5
1
2
69
30
44
31
35
15
96
17
62
5
14
96
67
41
1
3
1
119
71
6
9
1
2
1
156
22
24
3
2
1
1
105
42
49
9
4
141
23
8
28
6
2
1
172
11
19
6
1
101
39
2
4
20
31
10
2
158
12
10
19
9
1
82
75
38
8
3
3
194
6
1
3
5
88
60
13
17
19
1
6
1
2
2
178
18
7
5
1
179
25
5
16
17
113
12
15
2
23
2
6
2
1
140
49
1
11
3
2
1
2
12
159
5
3
30
165
23
14
5
1
1
62
69
18
39
5
9
5
2
25
80
53
24
10
1
3
11
2
13
146
10
34
1
1
1
2
1
28
65
39
77
134
19
26
14
4
12
84
104
6
11
2
2
207
2
132
24
6
20
10
4
13
143
52
10
3
1
102
49
51
5
1
1
190
5
13
1
206
3
32
51
105
14
2
1
2
1
1
164
12
13
6
9
3
2
114
67
26
1
1
79
67
5
16
28
9
5
92
76
16
2
7
5
8
1
2
118
37
49
4
1
83
81
27
3
11
2
2
93
61
32
11
8
1
1
2
57
67
77
4
4
197
10
1
1
172
13
19
1
1
2
1
96
40
35
18
19
1
116
78
13
1
1
33
9
60
24
58
24
1
202
7
91
88
9
16
1
4
115
15
37
36
4
1
1
25
153
12
2
9
6
1
1
166
42
1
198
7
3
1
123
74
5
4
2
1
78
126
4
1
117
5
25
33
16
7
6
72
121
6
7
3
109
70
1
11
17
1
96
10
15
42
15
4
27
121
35
23
12
7
9
2
188
12
7
1
1
6
168
35
164
16
18
4
1
5
1
79
7
8
68
15
32
92
23
34
16
15
18
11
195
14
64
61
63
21
61
135
1
3
3
2
3
1
128
22
3
29
9
15
1
2
159
10
9
11
7
9
1
1
2
70
34
59
34
5
1
1
1
1
3
60
148
1
46
68
47
12
17
4
9
5
1
99
61
31
8
1
9
68
4
109
4
13
5
1
4
1
72
94
31
4
3
1
1
2
1
152
9
22
24
2
74
44
56
15
14
2
1
2
1
179
15
14
1
48
63
95
3
131
68
1
8
1
153
17
28
11
20
37
125
13
14
157
50
1
1
10
62
80
16
38
1
1
1
80
124
3
2
138
56
4
2
2
1
1
1
1
2
1
52
11
71
68
4
2
1
43
100
29
15
2
9
3
4
4
42
54
10
80
2
1
14
1
5
29
121
41
13
2
2
1
177
18
8
3
3
142
64
3
183
22
3
1
192
5
7
2
1
1
1
137
43
4
2
4
10
8
1
32
30
124
10
6
1
6
145
47
8
8
1
104
27
30
7
22
4
4
11
141
53
8
5
2
123
52
14
13
7
121
48
7
2
24
2
1
3
1
53
79
36
37
3
1
57
20
21
103
6
2
96
32
73
6
2
24
81
73
21
8
2
164
7
21
5
5
5
1
1
55
68
59
9
16
1
1
201
3
1
3
1
69
113
1
22
3
1
24
119
21
26
19
147
39
21
2
145
24
15
24
1
174
5
19
6
4
1
56
39
110
3
1
25
97
33
42
3
5
4
115
23
23
45
2
1
116
64
1
12
5
11
82
115
9
3
55
80
51
21
2
117
39
18
2
19
12
1
1
122
70
4
13
110
25
18
11
10
9
7
3
10
1
1
4
27
100
43
27
6
5
1
135
47
18
3
3
2
1
49
88
43
27
2
29
176
1
2
1
164
30
5
9
1
78
29
24
26
43
8
1
40
169
209
42
113
17
7
3
22
2
2
1
198
2
9
151
27
14
1
11
5
113
19
27
7
43
100
106
2
1
184
1
17
6
1
46
108
19
21
5
3
4
1
2
192
12
2
2
1
173
18
16
1
1
187
14
5
1
1
1
154
2
40
3
7
2
1
29
176
3
1
159
19
29
2
113
95
1
10
185
12
1
1
178
12
8
11
178
3
17
3
8
79
73
26
7
24
132
19
16
11
17
6
8
100
43
9
5
39
8
3
1
1
115
20
67
6
1
9
159
18
15
4
1
3
169
16
11
6
6
1
50
73
8
56
8
4
10
123
24
7
49
6
58
91
28
15
13
1
3
74
21
31
38
18
11
15
1
22
34
75
74
2
2
61
90
28
22
8
26
183
88
78
5
30
5
1
1
1
91
84
22
9
1
2
100
61
22
16
4
1
2
1
1
1
1
152
50
6
78
17
46
31
28
4
4
1
120
30
46
11
2
28
180
1
177
21
10
1
49
139
15
1
2
1
1
1
196
13
71
37
74
9
4
14
65
68
56
16
3
1
92
87
11
7
10
2
100
77
24
6
1
1
17
84
26
64
2
2
11
1
1
1
186
11
8
3
1
148
43
10
6
2
72
24
84
5
20
1
3
121
8
3
68
8
1
170
1
24
1
13
63
121
12
10
1
1
1
146
47
11
4
1
28
55
78
1
42
5
28
149
24
8
89
100
10
7
1
1
1
40
134
23
11
1
154
47
3
5
139
13
23
13
7
8
6
167
35
3
2
1
1
169
24
4
2
7
1
1
1
137
52
19
1
159
33
9
2
2
3
1
191
13
2
2
1
106
15
71
15
1
1
11
144
14
38
1
1
151
26
9
7
10
6
85
60
2
21
16
9
4
6
4
2
102
12
95
89
24
42
7
47
63
132
10
1
3
150
39
5
12
3
104
93
9
3
114
12
31
33
9
8
1
1
137
46
14
11
1
35
71
17
25
20
37
1
2
1
111
69
11
10
6
1
1
126
9
35
14
15
5
2
3
117
1
64
10
8
3
5
1
169
39
1
40
47
113
1
6
1
1
90
40
18
7
53
1
71
84
39
9
6
79
107
17
5
1
171
9
29
45
51
101
1
1
6
1
2
1
105
85
3
6
4
3
1
1
1
93
101
2
3
10
80
82
4
8
20
11
4
208
1
36
88
1
66
12
6
134
22
46
3
2
1
1
82
32
27
22
3
29
11
1
2
102
17
28
54
8
68
49
29
11
43
3
6
179
26
3
1
141
12
20
3
19
8
3
1
1
1
75
103
31
140
23
29
14
2
1
113
45
49
1
1
125
74
8
1
1
145
12
43
5
2
1
1
44
94
5
37
8
7
7
5
2
139
41
4
5
14
3
2
1
130
74
1
2
2
99
66
28
13
1
1
1
18
60
58
41
20
4
2
4
1
1
134
73
1
1
58
105
4
20
21
1
22
133
24
26
1
1
2
122
38
18
2
22
1
5
1
30
56
92
7
8
10
6
119
17
15
29
20
4
2
2
1
59
41
82
14
4
9
85
5
110
9
120
51
37
1
22
157
3
27
78
10
90
19
11
1
102
100
7
189
15
2
1
1
1
180
27
1
1
94
76
38
1
203
5
1
1
136
51
19
2
104
77
2
21
1
1
3
12
155
19
19
4
161
16
20
7
3
1
1
126
37
24
14
1
7
126
43
33
4
2
1
74
76
15
30
9
4
1
190
1
15
3
68
15
79
37
6
1
3
105
46
30
9
1
1
7
10
62
15
61
67
3
1
165
42
2
18
165
13
3
8
2
118
31
30
24
5
1
13
69
89
29
1
1
5
2
93
113
3
12
149
25
7
1
9
4
1
1
132
24
47
5
1
149
11
13
20
8
4
1
2
1
127
41
27
9
1
3
1
166
2
13
22
5
1
131
63
13
2
8
167
19
15
24
120
30
34
1
102
104
3
18
79
87
1
23
1
206
3
91
53
64
1
205
4
62
124
23
97
46
2
5
31
28
191
4
8
4
1
1
159
16
33
1
52
79
78
85
69
18
23
12
2
187
17
1
3
1
157
9
4
4
30
1
1
1
1
1
137
26
12
10
6
3
10
3
2
59
125
1
11
9
1
3
69
83
24
12
2
10
6
1
2
30
15
97
60
2
5
88
93
22
3
1
1
1
167
28
6
2
6
192
9
3
5
56
11
60
56
17
9
39
160
10
38
162
5
2
2
136
45
20
6
2
3
51
141
3
1
2
1
7
69
31
34
21
7
16
21
1
7
2
15
138
30
15
4
1
5
1
71
40
80
13
1
1
1
2
38
148
18
3
1
1
191
14
3
1
164
42
1
1
1
164
9
36
24
145
22
6
12
37
44
82
37
3
3
2
1
116
44
22
14
7
3
3
1
131
30
30
11
5
1
88
18
72
10
1
20
61
1
83
42
17
3
1
1
162
10
34
1
1
1
197
3
1
6
2
120
34
49
5
1
170
22
8
2
4
3
134
34
2
11
2
17
3
3
3
59
138
9
3
56
139
10
1
1
1
1
190
4
1
5
1
6
1
1
38
52
33
27
25
30
1
3
147
29
20
13
189
5
7
3
5
185
2
8
11
2
1
177
10
7
13
2
197
8
4
172
37
168
10
5
23
2
1
81
16
1
106
1
4
201
4
4
94
54
8
10
24
13
6
118
1
58
25
2
5
120
80
5
1
1
1
1
197
6
6
91
27
15
63
8
5
195
7
6
1
4
120
63
22
19
69
61
57
1
2
74
85
36
6
2
5
1
201
1
5
1
1
141
61
5
1
1
205
4
148
60
1
129
72
4
1
2
1
34
82
91
1
1
125
66
15
2
1
184
13
7
1
4
49
120
40
41
109
16
8
27
3
5
168
4
34
1
2
187
16
6
95
61
7
32
9
4
1
108
62
23
11
5
111
78
8
10
1
1
85
36
29
22
34
1
1
1
128
63
17
1
101
2
74
9
23
194
6
1
5
1
2
63
65
38
43
60
29
38
13
8
49
2
6
1
3
3
131
65
10
75
43
4
12
1
36
14
21
1
1
1
198
11
94
56
49
10
174
15
2
6
1
9
2
8
175
12
14
49
16
71
7
38
4
21
3
115
42
33
6
10
1
1
1
121
83
3
1
1
160
4
7
25
8
1
2
1
1
154
18
22
10
5
179
30
25
138
2
31
9
4
186
13
2
4
4
130
76
3
14
12
1
23
88
51
17
2
1
74
17
50
34
26
8
196
5
1
6
1
104
64
2
22
1
12
3
1
52
97
40
3
8
7
2
160
28
5
16
46
163
95
38
9
61
6
155
52
1
1
17
8
3
114
57
2
7
1
131
45
6
16
2
8
1
183
23
1
1
1
187
14
6
2
91
117
1
109
78
19
2
1
157
43
4
3
2
148
29
2
13
5
12
176
15
2
8
1
6
1
149
30
10
13
6
1
96
24
60
23
4
2
135
66
8
44
133
28
2
2
118
39
51
1
175
5
18
4
6
1
190
1
5
13
195
11
1
1
1
116
28
24
7
29
3
1
1
8
108
5
63
6
19
97
35
40
11
22
1
3
113
69
18
5
3
1
204
3
1
1
151
23
10
16
9
180
20
5
2
1
1
2
107
11
81
7
1
112
52
30
11
1
1
2
116
9
81
3
176
14
2
10
2
4
1
63
43
21
48
28
5
1
159
31
19
83
113
4
3
3
1
1
1
176
15
15
3
92
42
64
2
5
3
1
139
3
51
7
8
1
110
45
49
1
2
1
1
87
67
22
25
4
4
160
44
2
1
1
1
199
2
2
6
23
180
1
4
1
192
9
2
3
2
1
159
43
1
1
5
25
33
72
25
2
23
9
20
77
24
97
11
49
115
45
8
190
4
6
1
33
55
19
66
14
18
2
2
149
58
2
150
52
6
1
87
62
24
9
4
13
2
7
1
144
63
1
1
Number of elements: 2708
