Bin size: 175
Num of Bins: 428
129
42
4
157
7
5
6
7
16
53
75
8
12
3
1
6
28
139
1
1
132
17
22
1
3
125
11
28
10
1
45
86
27
16
1
160
4
9
1
1
15
121
21
7
4
4
1
2
2
40
4
20
100
4
4
1
174
1
42
130
2
1
80
73
5
9
8
173
2
45
95
34
1
38
60
13
11
2
15
32
3
1
110
24
9
4
24
1
1
1
1
149
4
12
8
2
71
71
18
6
9
131
26
9
3
4
2
175
78
82
5
6
2
1
1
19
114
19
18
5
97
28
38
8
3
1
12
21
70
25
42
5
67
78
9
13
6
2
155
15
3
1
1
130
17
20
5
2
1
122
37
16
149
11
13
1
1
125
32
11
7
27
98
45
4
1
105
51
7
9
2
1
109
28
23
5
2
8
149
6
13
5
1
1
138
37
161
9
5
61
93
10
3
4
2
1
1
160
2
9
3
1
160
2
8
5
132
15
18
5
2
3
97
13
34
4
14
7
6
38
52
37
34
6
4
4
146
9
5
12
2
1
175
126
23
11
10
2
2
1
25
33
92
20
2
3
37
100
35
1
1
1
132
5
25
12
1
29
96
38
10
2
38
20
77
30
10
123
50
2
131
31
7
3
2
1
60
80
33
2
94
18
50
7
3
1
1
1
158
4
5
3
2
2
1
21
153
1
96
30
6
36
7
35
118
8
6
2
4
2
90
31
18
16
8
3
2
5
1
1
64
103
4
3
1
58
59
47
5
3
2
1
95
61
8
8
2
1
40
130
1
3
1
137
38
158
7
8
2
117
1
1
46
3
7
162
4
6
1
2
139
22
7
6
1
174
1
84
57
30
4
11
15
124
16
5
2
2
13
89
13
49
8
1
1
1
128
14
19
4
9
1
158
1
6
8
1
1
132
27
15
1
104
2
40
15
12
2
44
75
6
45
5
172
1
2
132
9
29
2
2
1
90
4
33
34
12
1
1
16
54
38
24
25
3
7
7
1
16
124
6
19
10
147
1
13
2
8
3
1
68
103
3
1
93
1
72
6
2
1
67
69
31
6
1
1
13
127
27
1
7
65
86
22
1
1
72
47
18
33
5
83
13
45
22
12
174
1
29
145
1
35
73
61
2
3
1
106
32
27
3
2
1
4
44
125
5
1
76
85
6
8
161
14
5
25
101
19
11
14
160
1
14
144
27
2
1
1
123
38
6
4
1
1
2
19
153
2
1
104
66
2
1
1
1
159
3
6
4
2
1
4
85
51
30
2
2
1
133
13
8
10
4
4
1
2
102
22
28
5
5
6
6
1
101
62
7
5
2
122
48
1
1
1
4
92
2
38
24
1
11
2
1
90
5
41
39
34
6
26
103
1
4
1
83
47
27
3
11
3
1
131
40
4
135
10
22
7
1
150
19
3
3
31
106
38
77
82
6
10
121
7
1
22
3
13
5
1
1
1
112
7
44
4
3
3
1
1
88
51
36
82
45
21
23
4
166
9
39
70
45
15
5
1
36
122
12
3
1
1
130
31
10
3
1
81
45
8
26
5
9
1
47
72
37
9
1
3
2
2
2
46
108
11
10
75
48
29
7
12
2
2
63
54
32
4
3
15
3
1
113
8
38
16
7
148
18
2
56
63
24
26
3
2
1
89
29
37
12
6
2
29
31
1
9
13
83
4
5
22
55
97
1
154
4
3
2
4
4
3
1
117
4
37
17
143
18
11
2
1
73
15
40
23
23
1
12
85
58
2
10
1
5
1
1
82
76
15
1
1
77
14
9
18
39
5
8
5
42
128
2
1
2
172
3
74
34
32
30
2
1
2
2
67
6
54
40
6
87
42
39
7
42
129
4
81
33
49
8
4
109
60
4
2
125
37
2
5
2
1
1
2
105
27
15
5
23
62
93
3
11
4
2
152
22
1
94
2
75
1
2
1
135
29
4
2
4
1
11
134
28
2
48
41
59
21
3
2
1
121
19
33
1
1
3
27
47
43
10
40
3
2
69
36
14
50
3
1
1
1
170
1
3
1
168
6
1
20
24
28
92
3
4
1
2
1
55
83
36
1
123
30
18
2
1
1
170
5
3
128
20
23
1
57
76
40
2
82
48
41
3
1
35
140
66
27
27
50
2
2
1
29
131
8
4
1
2
136
11
20
2
5
1
97
12
62
1
2
1
34
134
7
5
116
27
15
10
1
1
33
80
31
24
3
3
1
3
15
155
1
1
174
1
49
72
13
37
4
35
91
49
58
85
11
15
6
55
90
9
16
2
2
1
83
51
36
4
1
7
84
19
23
20
6
10
3
1
1
1
116
25
19
7
2
5
1
142
1
15
4
13
140
2
33
1
107
63
3
1
33
31
59
25
21
2
1
1
1
1
79
13
7
15
6
23
2
29
1
70
83
4
18
78
83
10
2
2
62
106
1
5
1
1
1
137
23
11
2
77
9
60
15
1
10
3
117
18
4
4
23
4
1
4
44
16
32
33
48
2
140
13
18
1
3
142
23
4
3
3
171
3
1
6
145
5
8
10
1
57
102
5
6
1
3
1
93
42
36
4
58
92
10
10
5
134
1
18
16
1
1
3
1
160
11
2
1
1
161
2
4
3
3
2
1
1
2
124
47
171
2
1
1
130
35
9
1
93
72
7
1
1
1
103
42
29
1
89
64
3
2
15
2
55
88
30
2
53
103
11
1
6
1
88
72
10
5
55
93
20
3
1
2
1
118
48
2
7
61
64
40
7
3
151
6
4
1
12
1
82
18
21
7
43
1
3
40
134
1
172
2
1
120
53
2
102
49
11
10
1
2
35
63
21
21
1
29
4
1
26
118
16
12
3
168
2
1
2
1
1
53
51
25
32
12
1
1
19
27
77
47
2
2
1
117
9
41
3
5
148
18
9
141
18
5
3
6
1
1
10
127
35
1
2
54
23
89
8
1
120
39
14
2
115
17
14
13
7
3
2
3
1
150
23
1
1
167
3
4
1
78
43
16
26
10
2
94
27
32
19
1
2
167
3
5
167
2
1
2
1
2
151
14
1
6
2
1
15
76
69
3
11
1
39
11
69
22
33
1
167
6
1
1
86
69
13
5
2
102
7
18
2
46
13
144
11
1
5
1
74
94
1
4
1
1
37
45
76
15
1
1
27
19
117
3
2
3
3
1
94
34
31
8
6
2
49
99
1
7
2
11
3
1
2
73
89
10
3
61
84
23
6
1
9
17
66
62
2
14
5
35
25
65
32
13
5
64
79
19
11
1
1
63
24
51
25
8
1
2
1
6
77
3
88
1
138
20
9
4
3
1
105
42
9
19
94
66
14
1
167
1
6
1
26
116
30
2
1
128
18
8
5
7
3
4
2
44
103
18
9
1
174
1
131
34
5
4
1
97
64
8
4
2
11
148
13
2
1
133
40
1
1
104
36
22
3
9
1
8
44
6
89
13
9
5
1
175
110
3
47
7
4
2
1
1
40
3
46
8
28
34
6
10
109
9
6
46
2
3
10
108
57
136
37
2
133
2
40
85
70
3
7
1
5
2
1
1
78
78
15
2
2
143
9
12
3
2
1
1
2
1
1
135
12
21
2
3
2
74
68
29
1
1
1
1
105
64
3
2
1
125
37
5
3
4
1
64
31
69
9
1
1
66
13
59
12
12
13
29
135
3
1
3
3
1
2
81
47
18
17
7
1
1
1
151
4
2
10
6
1
1
152
22
1
90
6
48
17
13
1
169
5
1
1
122
19
27
2
3
1
144
2
8
8
3
4
1
5
170
2
3
116
55
1
3
136
9
22
2
3
3
143
13
9
1
5
1
3
55
105
8
4
2
1
142
26
3
4
13
68
44
49
1
101
6
62
6
59
67
4
14
28
2
1
166
3
5
1
44
42
41
43
3
1
1
73
65
12
22
1
1
1
87
70
1
2
5
7
2
1
105
48
6
12
1
1
1
1
123
16
6
25
1
1
1
1
1
38
28
94
5
10
72
64
36
3
13
117
11
31
3
36
3
85
40
10
1
118
35
12
4
2
3
1
108
62
3
2
75
71
1
27
1
129
4
41
1
75
76
5
2
4
6
6
1
95
75
4
1
84
55
10
21
1
1
1
2
172
3
92
49
4
19
9
2
35
24
36
77
1
1
1
133
16
15
9
2
13
6
96
21
16
2
13
3
5
81
78
3
4
7
2
9
55
86
8
17
155
5
2
1
6
6
170
4
1
50
109
3
6
2
3
2
167
3
1
1
1
1
1
20
103
40
7
5
149
5
10
9
2
115
7
19
17
1
1
13
1
1
113
59
1
1
1
42
73
26
19
4
4
5
2
112
31
10
15
7
101
10
63
1
130
13
6
4
10
9
2
1
97
43
13
13
8
1
108
27
10
6
18
4
1
1
152
10
1
6
5
1
26
82
22
45
84
19
72
74
11
53
22
7
1
7
137
5
11
18
2
2
101
63
6
3
1
1
63
98
10
2
1
1
75
31
42
3
9
13
1
1
73
51
29
7
12
2
1
163
5
2
5
145
23
2
3
2
143
27
5
93
75
3
1
1
1
1
21
93
49
3
6
3
38
120
11
1
5
95
20
5
16
10
11
13
1
3
1
126
9
36
1
2
1
163
11
1
60
56
57
2
93
47
4
20
5
6
139
29
1
6
159
6
7
1
2
46
43
49
29
5
2
1
129
36
9
1
51
41
60
9
13
1
78
16
34
30
1
5
1
10
40
33
24
23
7
24
22
1
1
161
5
7
1
1
1
25
23
121
2
1
1
1
70
17
49
12
9
6
2
7
1
2
114
37
5
15
4
1
156
15
1
1
1
134
13
11
6
6
4
1
21
137
6
6
2
2
1
119
10
27
9
4
4
1
1
157
8
5
2
3
77
6
18
28
41
3
2
115
12
37
1
3
1
5
1
130
45
39
5
126
4
1
51
22
75
14
11
1
1
114
37
1
16
6
1
82
83
2
6
2
48
78
33
1
15
125
40
9
1
89
76
6
1
3
5
30
22
6
84
11
6
9
2
44
129
2
36
77
19
35
3
2
2
1
104
11
11
14
16
8
11
168
5
2
68
4
67
23
10
1
1
1
64
52
59
146
7
11
9
2
57
67
15
21
10
2
3
70
87
9
4
4
1
132
10
25
8
89
42
42
2
37
100
27
4
1
2
1
1
1
1
53
96
6
7
9
3
1
170
3
1
1
153
7
10
5
171
4
81
11
28
8
39
1
2
5
4
31
138
2
146
11
2
2
13
1
31
115
2
2
9
2
12
2
18
111
18
3
16
4
5
114
43
7
9
2
17
136
6
14
1
1
40
95
18
15
3
1
3
19
65
64
15
8
1
3
5
170
67
21
16
58
13
144
13
13
4
1
21
33
81
34
3
2
1
Number of elements: 2383
