Bin size: 207
Num of Bins: 379
99
46
49
11
1
1
24
143
36
3
1
200
6
1
96
21
65
12
7
2
4
61
97
23
1
12
2
1
6
4
46
154
7
27
18
45
7
40
62
6
2
139
61
1
5
1
59
9
97
20
12
7
3
38
106
12
13
36
2
106
82
7
3
7
1
1
50
98
1
37
12
6
1
1
1
204
1
2
161
26
18
2
205
2
187
15
5
122
11
57
5
4
3
3
2
73
122
12
9
171
8
9
7
1
2
110
44
5
47
1
33
31
132
6
3
1
1
74
69
45
5
5
8
1
52
135
9
8
3
24
121
60
1
1
197
10
182
9
8
5
1
2
194
3
4
6
135
2
65
5
107
100
49
125
1
9
1
6
3
1
12
163
44
206
1
114
5
65
5
8
4
3
3
76
84
39
3
2
1
2
124
69
12
2
140
30
6
2
18
9
2
81
54
25
14
25
4
3
1
189
4
9
5
204
1
2
175
7
24
1
115
48
35
6
1
2
123
24
1
32
8
14
2
2
1
173
6
10
11
5
2
10
101
73
1
2
13
5
1
1
141
54
3
3
4
2
86
57
62
2
76
55
32
11
25
4
3
1
144
26
36
1
147
39
19
1
1
138
23
8
36
2
108
97
2
114
42
24
9
9
5
2
2
188
11
4
3
1
151
41
12
1
2
32
74
44
5
17
27
4
1
1
2
162
19
25
1
27
97
44
10
19
10
50
87
8
52
7
2
1
49
44
90
5
17
1
1
2
31
117
4
25
18
9
1
23
18
8
146
11
1
29
173
3
2
85
62
45
8
2
1
2
2
14
130
51
2
5
1
3
1
207
20
110
45
16
4
3
1
7
1
94
89
4
11
2
2
1
1
1
2
77
31
93
3
1
2
84
92
30
1
152
17
28
6
4
191
15
1
193
1
12
1
157
30
18
1
1
175
23
5
1
2
1
118
73
2
5
8
1
53
3
4
58
3
57
21
2
4
2
124
82
1
13
26
2
36
54
59
3
12
1
1
30
100
41
21
3
5
6
1
134
49
19
2
2
1
172
13
17
1
1
3
130
47
1
1
15
5
3
2
2
1
63
143
1
166
17
15
5
4
112
1
39
24
15
11
5
129
63
8
1
1
4
1
100
71
3
18
10
1
1
3
97
82
12
15
1
92
89
7
16
1
1
1
34
161
6
4
1
1
1
194
8
3
1
201
4
2
190
9
5
2
1
2
3
19
151
31
1
137
47
2
13
8
31
174
2
29
72
85
4
16
1
89
102
15
1
138
67
1
1
103
41
24
9
14
13
2
1
35
79
7
9
21
34
11
8
2
1
112
39
6
41
6
3
139
8
42
5
13
171
2
28
4
2
101
81
7
9
8
1
116
46
16
21
1
2
4
1
108
92
3
1
2
1
14
172
19
1
1
84
81
34
4
3
1
22
105
53
11
14
1
1
160
28
2
10
6
1
127
4
12
51
10
3
1
196
2
4
3
1
111
68
27
1
18
76
55
5
4
16
16
10
1
3
3
177
27
1
2
78
124
5
81
42
72
1
7
2
2
89
57
47
3
11
8
155
19
13
3
4
5
32
54
115
6
175
16
4
10
1
1
3
111
2
20
1
34
5
23
6
1
1
129
65
2
7
1
2
1
138
63
5
1
26
59
38
27
19
3
35
165
9
32
1
173
28
3
3
49
50
69
36
3
44
9
42
70
18
20
2
1
1
76
14
14
48
23
4
14
14
130
1
60
9
3
2
1
1
171
11
3
22
35
104
27
38
2
1
30
75
44
46
10
2
153
10
14
22
1
7
104
61
18
16
5
2
1
19
184
2
2
177
30
191
2
3
11
206
1
158
25
5
17
2
172
1
4
15
13
1
1
61
82
25
6
12
8
9
1
1
2
72
114
5
12
4
125
35
20
16
6
1
2
1
1
64
98
12
9
18
4
2
30
108
26
6
9
10
5
3
3
6
1
112
78
3
3
7
4
106
53
44
3
1
17
154
29
3
4
75
102
17
3
9
1
163
29
7
5
2
1
186
21
195
12
165
32
6
4
188
17
2
142
52
5
8
82
84
6
23
1
11
37
160
10
131
64
1
1
3
1
4
2
114
19
10
49
8
3
4
14
135
2
10
45
1
13
93
100
1
45
94
63
2
2
1
57
35
79
16
1
13
1
4
1
115
65
11
10
4
2
195
9
3
42
119
11
21
4
3
6
1
142
33
27
5
115
46
20
18
6
1
1
13
102
23
22
21
5
16
3
1
1
149
33
25
118
33
38
6
11
1
180
7
11
8
1
171
31
1
4
85
102
18
1
1
125
11
45
19
4
1
2
6
97
57
12
32
2
1
89
104
8
2
1
1
2
12
2
154
38
1
127
37
42
1
35
116
31
20
1
4
113
23
1
37
4
21
6
1
1
133
45
3
25
1
177
6
5
4
4
2
6
3
110
58
15
1
21
2
162
6
29
1
9
149
33
1
18
6
42
118
10
9
12
4
6
2
1
2
1
40
116
3
20
18
9
1
64
12
68
40
6
9
8
200
2
1
4
42
112
49
2
1
1
27
139
2
23
1
2
11
1
1
181
3
2
11
8
2
135
3
62
3
4
90
11
54
9
26
10
5
2
177
24
3
1
1
1
92
44
8
2
9
50
2
168
17
11
10
1
190
3
3
5
6
204
3
60
46
52
27
11
7
2
1
1
14
3
157
29
4
158
5
17
13
11
3
102
51
23
20
1
6
3
1
20
155
11
21
161
14
25
6
1
72
82
5
11
6
13
15
3
156
29
9
13
173
5
6
15
2
2
1
1
1
1
60
119
13
8
1
4
1
1
172
31
4
135
61
1
1
7
2
152
42
13
189
10
2
3
1
2
55
142
8
1
1
149
22
34
1
1
46
51
50
52
2
3
1
1
1
74
1
122
9
1
40
70
23
44
27
1
1
1
48
61
20
12
1
59
5
1
76
96
15
8
3
1
5
3
27
34
122
3
18
3
190
15
1
1
172
34
1
206
1
79
92
34
2
57
29
46
55
12
5
2
1
53
112
9
25
7
1
117
3
4
61
18
3
1
122
41
32
12
142
32
4
10
3
3
7
3
1
2
7
10
48
21
94
3
23
1
48
3
120
4
7
17
6
1
1
4
100
48
14
14
9
16
2
177
3
25
1
1
59
82
41
17
6
2
136
50
7
1
9
3
1
21
13
132
21
17
3
202
2
2
1
24
43
106
4
7
16
4
3
155
2
30
7
9
1
2
1
90
110
7
12
143
35
15
2
14
161
21
1
7
2
1
192
15
111
75
16
4
1
107
57
43
195
12
108
57
31
11
66
112
23
3
2
1
95
53
35
4
15
3
2
14
188
5
70
76
2
40
6
11
1
1
182
13
10
2
127
30
39
11
176
28
2
1
171
13
18
3
1
1
20
149
1
24
5
2
2
2
2
102
14
48
7
19
5
4
2
2
1
1
2
53
41
38
41
29
2
2
1
41
164
2
168
5
27
1
3
1
2
155
40
2
6
1
1
1
1
175
20
4
5
1
1
1
97
41
50
13
3
3
185
5
2
1
10
2
1
1
182
17
5
3
162
2
32
8
1
2
166
41
191
10
2
2
2
191
3
3
10
130
51
2
14
8
1
1
1
156
2
2
6
9
9
16
2
1
3
111
75
14
6
1
104
52
33
6
11
1
89
82
32
4
191
6
6
4
100
101
1
3
2
21
149
21
8
1
7
122
13
45
22
1
4
88
32
24
36
11
10
3
3
8
17
146
2
8
13
10
1
2
17
82
52
25
16
12
2
1
169
12
4
12
1
5
1
2
1
176
31
162
24
6
10
1
3
1
33
134
25
4
11
120
44
16
17
4
3
1
2
83
50
47
25
1
1
145
61
1
159
18
23
4
3
104
101
2
23
26
37
59
19
27
3
9
1
3
158
49
47
73
51
23
10
3
78
23
65
8
13
12
2
4
1
1
95
101
9
2
94
90
17
1
2
3
29
26
28
102
7
8
3
2
1
1
7
177
19
3
1
80
83
1
21
19
2
1
169
24
11
1
2
42
88
53
5
1
5
13
123
15
40
3
6
10
6
4
96
2
4
71
29
2
2
1
58
137
4
5
1
1
1
81
67
41
7
2
8
1
179
12
12
2
1
1
48
83
12
3
34
11
15
1
101
51
44
9
2
122
21
45
9
6
3
1
184
9
1
9
2
2
188
8
6
4
1
64
59
29
12
40
2
1
155
45
3
4
61
118
16
12
22
59
74
25
8
14
2
1
1
1
9
27
127
11
4
7
21
1
151
4
6
4
7
21
4
7
3
118
42
27
12
5
3
35
122
7
16
9
4
12
2
193
5
4
1
2
2
76
49
80
2
173
27
7
108
73
15
9
1
1
41
58
8
92
5
2
1
183
22
1
1
64
49
45
28
15
2
1
1
1
1
128
7
57
1
8
3
1
2
71
106
20
3
7
65
74
57
8
1
1
1
11
47
116
12
19
2
62
130
2
12
1
98
74
27
3
1
2
2
186
5
1
8
3
3
1
19
162
9
10
3
1
2
1
194
4
5
4
52
102
16
29
3
2
1
1
1
66
84
55
2
66
97
20
1
5
8
3
4
2
1
145
1
37
16
8
182
4
18
3
91
57
49
1
4
4
1
164
34
4
2
3
110
62
12
17
1
3
1
1
166
1
2
11
25
2
17
159
14
12
5
78
17
21
1
42
29
8
6
3
1
1
118
66
1
15
7
167
12
2
13
11
1
1
147
37
5
2
6
3
2
5
52
89
35
14
1
9
7
180
19
1
3
2
1
1
50
120
31
3
3
111
45
44
1
5
1
146
50
6
4
1
79
126
1
1
28
38
68
56
4
1
9
1
1
1
45
141
3
4
5
3
4
2
50
133
2
10
11
1
174
20
11
2
204
1
2
90
13
87
9
8
31
60
89
2
25
188
4
13
2
124
11
32
22
10
3
3
2
42
92
66
6
1
91
43
43
19
2
4
5
93
99
15
64
134
2
5
1
1
110
42
35
12
6
1
1
204
1
1
1
137
10
33
23
1
1
1
1
115
34
23
3
21
7
4
2
22
175
6
1
1
121
37
47
2
Number of elements: 2255
