Bin size: 243
Num of Bins: 378
85
100
15
37
1
1
2
1
1
158
57
6
3
12
3
3
1
234
6
3
138
78
16
5
2
4
17
220
6
100
40
45
47
2
8
1
47
125
68
1
2
148
46
5
25
6
7
4
2
36
193
1
11
1
1
93
66
22
39
11
9
2
1
143
36
17
23
1
22
1
184
14
40
2
2
1
103
78
43
2
3
8
2
4
50
35
116
5
34
3
104
61
66
2
6
4
179
58
3
3
163
61
12
7
92
82
19
34
16
92
61
75
7
6
2
19
147
45
26
6
194
41
6
1
1
241
1
1
102
98
14
2
22
5
142
47
16
17
11
2
2
5
1
143
82
11
1
5
1
11
74
126
27
3
1
1
34
147
61
1
18
129
82
13
1
243
1
77
147
11
4
3
207
14
16
3
1
2
17
100
49
74
1
1
1
194
11
31
7
243
62
91
30
30
8
7
11
2
1
1
4
83
38
76
15
17
8
2
41
189
7
2
3
1
129
85
27
2
15
153
24
7
13
5
20
3
1
1
1
137
27
3
53
6
3
2
5
3
4
102
8
87
28
4
8
6
143
60
29
11
160
46
2
18
16
1
7
48
55
106
11
4
10
1
1
3
170
56
3
3
3
3
1
1
218
18
6
1
219
24
172
23
37
4
3
3
1
11
130
82
11
1
4
2
1
1
146
11
50
6
17
9
1
2
1
153
35
10
7
15
22
1
173
34
26
7
3
143
98
2
23
43
18
105
47
7
184
7
3
31
2
3
11
2
54
79
55
42
11
1
1
239
2
2
202
5
13
14
3
5
1
237
5
1
2
53
112
21
3
4
18
7
9
9
2
2
1
146
68
29
126
4
45
40
10
7
2
2
2
3
2
62
70
8
32
26
42
1
2
41
87
21
30
26
29
6
2
1
202
9
13
14
5
155
70
5
4
3
4
1
1
18
127
43
54
1
135
99
1
7
1
233
4
1
2
1
1
1
52
107
35
24
22
1
1
1
7
169
44
22
1
157
41
20
9
4
3
2
2
5
165
35
31
11
1
159
69
6
4
3
1
1
214
17
12
92
25
108
8
9
1
183
22
30
6
1
1
108
82
15
24
11
1
1
1
142
17
48
29
4
2
1
55
144
21
18
5
198
1
41
3
62
148
24
8
1
215
24
3
1
212
4
12
6
9
16
120
79
12
5
6
1
1
1
1
1
145
79
11
2
3
1
2
239
4
47
73
21
88
4
10
214
13
14
2
65
165
6
6
1
82
53
79
5
4
9
10
1
70
136
25
12
100
105
19
17
2
164
68
6
2
2
1
242
1
90
102
45
1
5
11
227
5
86
119
32
2
4
27
29
132
52
3
195
45
2
1
175
48
15
5
49
2
106
42
44
77
56
109
1
67
176
207
7
2
5
5
9
3
5
209
22
1
10
1
58
62
77
26
3
4
3
8
1
1
78
87
61
17
112
93
17
2
9
10
70
28
20
87
20
7
11
133
34
35
2
19
12
3
3
1
1
11
215
7
8
2
20
37
183
3
28
189
12
9
4
1
104
115
21
3
169
15
14
38
1
5
1
127
77
36
1
1
1
82
42
68
15
14
20
2
69
74
14
23
31
26
4
1
1
112
2
124
2
3
184
12
42
4
1
181
41
5
1
9
4
2
50
182
2
2
4
1
2
105
126
4
6
1
1
150
71
10
6
5
1
69
167
5
2
205
20
14
1
2
1
232
4
1
5
1
75
111
27
15
7
6
2
104
99
38
1
1
108
77
49
1
1
1
6
2
79
134
16
2
6
4
184
31
11
8
9
4
114
80
6
37
2
102
21
49
20
46
4
1
211
1
25
3
3
160
16
2
4
35
19
6
1
39
159
18
8
13
3
2
1
66
160
2
9
4
1
1
199
41
2
1
151
20
16
9
7
10
14
2
7
7
220
6
3
9
2
1
2
26
175
10
23
3
4
2
87
152
1
3
119
107
17
239
1
1
1
1
236
7
231
1
8
2
1
60
78
78
11
10
2
2
1
1
211
7
20
1
1
2
1
5
82
23
34
10
9
4
56
4
2
12
2
34
44
109
44
7
1
2
1
1
62
96
9
8
61
5
2
113
86
9
28
6
1
204
20
12
1
6
165
74
1
3
121
76
31
3
12
79
70
83
2
2
4
2
1
79
118
44
2
29
147
3
43
7
6
7
1
104
28
68
14
21
6
2
52
9
73
51
43
15
47
77
91
20
4
1
3
145
87
6
4
1
23
26
192
2
167
42
14
18
2
119
23
47
37
11
4
1
1
151
64
11
11
4
2
237
4
1
1
131
64
29
15
1
1
1
1
233
5
2
2
1
93
69
37
19
11
3
3
4
3
1
22
33
67
39
1
37
16
9
14
4
1
188
30
4
19
2
200
4
14
17
5
3
50
191
2
210
23
10
163
23
47
10
143
36
2
10
20
1
17
1
12
1
83
129
11
16
2
1
1
231
3
6
2
1
223
3
9
5
2
1
190
52
1
129
20
24
12
20
21
4
12
1
25
124
8
42
6
12
16
3
3
1
2
1
229
3
10
1
239
2
2
210
12
13
3
3
1
1
74
106
58
3
2
81
14
57
63
24
4
150
42
25
18
7
1
223
2
5
10
1
2
133
31
64
6
4
4
1
153
33
15
5
37
61
144
16
12
9
1
126
95
15
1
4
1
1
102
115
21
1
4
204
14
19
4
2
126
10
55
46
1
3
2
94
43
99
3
3
1
53
140
30
16
4
37
48
91
8
50
5
3
1
46
61
86
20
23
5
1
1
21
73
101
3
7
33
1
4
177
46
10
5
4
1
175
48
19
1
243
146
13
20
56
4
4
173
33
27
1
6
2
1
33
60
123
24
3
104
30
95
8
5
1
152
83
6
1
1
122
83
4
6
23
3
2
69
146
5
7
6
7
2
1
218
21
4
100
130
2
4
4
3
6
21
132
25
28
10
1
1
16
2
1
62
142
36
3
172
18
30
22
1
242
1
43
97
86
1
5
3
2
2
3
1
194
48
1
63
122
29
24
2
1
2
31
68
27
46
1
10
13
30
9
4
2
1
1
177
35
5
2
2
19
3
54
159
14
14
1
1
152
18
19
33
16
5
1
159
13
55
10
1
3
1
104
46
82
8
2
1
160
73
7
3
97
36
85
7
18
208
2
5
10
1
5
6
5
1
209
25
2
4
2
1
156
61
2
21
3
129
13
89
2
3
3
3
1
158
52
27
6
59
91
72
6
12
2
1
228
6
1
5
2
1
86
102
55
12
22
172
13
19
1
2
2
13
151
65
8
1
5
136
17
44
21
5
18
1
1
78
112
2
9
29
10
2
1
225
18
139
53
31
12
1
2
4
1
72
83
53
18
3
6
3
3
1
1
145
47
25
4
8
13
1
232
9
1
1
237
5
1
81
118
26
12
5
1
77
3
35
119
6
1
1
1
43
25
63
74
31
4
2
1
181
6
26
25
2
2
1
65
88
33
38
1
1
16
1
224
9
4
2
4
187
15
32
8
1
186
21
4
10
1
15
1
4
1
122
31
49
27
10
2
1
1
230
2
2
5
3
1
25
15
103
16
37
3
42
2
84
73
42
29
5
10
88
85
63
6
1
188
47
4
1
1
2
37
132
74
93
28
61
39
20
2
48
85
87
1
15
4
3
32
75
57
22
20
19
7
11
8
75
144
4
4
4
4
133
87
13
3
6
1
29
76
97
36
4
1
46
3
50
82
62
35
81
21
57
24
10
2
11
1
1
126
73
33
7
1
1
1
1
46
37
59
54
25
19
1
1
1
115
75
30
15
6
1
1
190
11
8
34
98
77
34
33
1
159
71
9
1
1
2
157
61
21
2
1
1
85
88
52
13
3
2
202
40
1
93
22
9
43
33
29
11
3
129
38
20
6
34
13
2
1
67
53
3
115
5
8
10
133
26
19
36
5
6
43
87
21
62
5
18
4
2
1
189
25
28
1
88
147
5
2
1
99
124
10
9
1
101
141
1
19
100
84
23
14
3
51
138
6
20
12
10
2
3
1
33
150
6
16
11
19
1
3
3
1
193
42
8
151
27
56
2
4
2
1
193
14
35
1
174
50
5
8
2
1
3
178
27
3
2
15
6
9
3
86
149
4
1
1
1
1
149
52
20
6
13
3
51
32
29
100
10
13
2
4
2
155
73
12
3
223
18
2
40
46
71
53
18
1
9
1
2
1
1
199
23
15
6
14
149
64
5
1
4
2
1
1
1
1
9
186
38
5
1
1
1
2
162
21
25
12
2
1
12
8
229
4
1
2
4
2
1
113
28
72
28
2
98
46
18
63
9
8
1
106
39
19
9
32
20
1
6
6
2
1
2
202
12
22
1
1
1
3
1
208
6
25
3
1
83
105
39
10
6
43
59
112
2
12
6
9
71
72
63
22
6
7
1
1
125
93
3
10
4
7
1
149
34
11
35
1
12
1
41
189
7
6
41
135
16
49
1
1
35
141
61
2
1
1
2
65
42
71
49
12
1
1
2
56
170
5
6
5
1
217
22
3
1
195
25
8
4
9
1
1
14
125
30
4
18
11
13
1
11
12
2
2
155
74
12
1
1
51
17
81
73
6
4
2
6
3
123
8
94
14
3
1
14
207
15
2
2
2
1
107
68
3
34
13
11
4
2
1
22
92
82
46
1
221
15
7
199
31
6
4
1
1
1
193
34
13
1
1
1
122
96
21
2
2
218
19
4
1
1
180
61
2
16
164
1
51
10
1
193
25
13
9
1
1
1
64
115
40
20
4
177
34
18
7
4
1
2
230
2
11
146
51
3
12
4
12
2
1
1
11
60
171
10
1
1
185
5
53
215
21
1
2
2
1
1
57
129
41
6
10
149
66
17
9
2
8
111
43
24
53
2
1
1
208
26
7
1
1
154
31
42
3
11
2
40
162
27
3
8
2
1
72
151
1
3
1
12
3
91
127
12
12
1
139
78
21
2
1
1
1
113
3
37
52
36
2
104
13
16
98
1
7
1
3
51
51
67
61
3
9
1
86
123
7
18
3
6
156
37
50
141
62
36
3
1
124
68
36
14
1
213
15
1
14
8
57
135
17
20
2
3
1
165
45
7
9
8
7
1
1
41
168
8
7
4
15
15
219
2
3
1
2
1
93
27
73
49
1
12
175
13
10
23
4
5
1
215
5
4
18
1
146
75
12
10
46
186
9
1
1
148
23
69
1
1
1
17
19
13
172
19
1
2
8
87
49
29
26
13
23
4
4
127
19
80
16
1
Number of elements: 2334
