0.36916709070583287 0.6247237860415153 0.3792328224723571 0.3264728535956887 0.06823680118446762 7
0.48308323353836424 0.051580734496631586 0.6306087220432522 0.4754509347764112 0.5660215687870775 8
0.12412108232497565 0.16500529318392398 0.749071583869828 0.035910879588731404 0.8421714446195465 5
0.48308323353836424 0.051580734496631586 0.6306087220432522 0.4754509347764112 0.5660215687870775 8
0.08912410115447822 0.308685021227172 0.8418910983845724 0.7252939104828886 0.03308437599328318 5
0.5809127114614229 0.5454627821468563 0.6987786566246627 0.36347413952114993 0.642562945754314 7
0.06862281114574809 0.3375416467011456 0.9974161901281472 0.5530698849533284 0.5498778227556551 8
0.06862281114574809 0.3375416467011456 0.9974161901281472 0.5530698849533284 0.5498778227556551 8
0.07676226396577734 0.5983421549102369 0.04362120289066029 0.8618390825918812 0.547555081733437 6
0.07676226396577734 0.5983421549102369 0.04362120289066029 0.8618390825918812 0.547555081733437 6
0.06862281114574809 0.3375416467011456 0.9974161901281472 0.5530698849533284 0.5498778227556551 8
0.46070161624387507 0.03205378710814266 0.7469477445292302 0.7828901494969635 0.23801698883295275 6
0.5436361385580513 0.4344380331533687 0.35218886172476416 0.9394391930172066 0.8447233334504134 1
0.8673212788692758 0.5324994480705999 0.8228568669805976 0.0882549905344906 0.05650224457593089 7
0.8673212788692758 0.5324994480705999 0.8228568669805976 0.0882549905344906 0.05650224457593089 7
0.9709595826494707 0.8202298986855381 0.7056855957562239 0.86024147312696 0.8008445596772276 5
0.9709595826494707 0.8202298986855381 0.7056855957562239 0.86024147312696 0.8008445596772276 5
0.9026645614705922 0.18132188342238387 0.3331852549205434 0.538299828853137 0.07625799258774824 6
