0.5307915156637576 0.9980756823716364 0.7357345814249961 0.4121440482891323 0.8254269942146447 2
0.9074833207217019 0.1519412207020111 0.28298016766606604 0.25658246762054515 0.2646188601457612 5
0.11120261710510859 0.797844619153062 0.7564290000607534 0.012294384447598228 0.15407326329719484 7
0.35310700162929365 0.5850527801470883 0.5696020606908226 0.10154508412468288 0.15436390380441967 1
0.9074833207217019 0.1519412207020111 0.28298016766606604 0.25658246762054515 0.2646188601457612 5
0.5585257429722604 0.8198608645452644 0.4094848548268555 0.6318250262997912 0.9427445060201731 1
0.5585257429722604 0.8198608645452644 0.4094848548268555 0.6318250262997912 0.9427445060201731 1
0.37233754601035995 0.4670559876803523 0.3759086962076619 0.6052458159809659 0.614255745316395 1
0.37233754601035995 0.4670559876803523 0.3759086962076619 0.6052458159809659 0.614255745316395 1
0.37233754601035995 0.4670559876803523 0.3759086962076619 0.6052458159809659 0.614255745316395 1
0.5585257429722604 0.8198608645452644 0.4094848548268555 0.6318250262997912 0.9427445060201731 1
0.755174915566307 0.24120893046045577 0.9826194038924863 0.0015549620462510516 0.5594092787555548 1
0.3180952184296363 0.6997749375722868 0.7036018242661843 0.3049158500047848 0.6595953367170009 6
0.33347827938921737 0.4741350389517519 0.25822320869459325 0.32716954685100963 0.20784569862650737 1
0.16261342060172224 0.984639229702524 0.9041872732052616 0.8577401637697292 0.44734117618201186 4
0.08326237236673273 0.8268854257338135 0.4985343733532701 0.2713624878791908 0.7739235242969534 7
0.27322661864884135 0.8705461665366282 0.39499808794006763 0.79695412337587 0.032874520982527855 7
