0.009929521782390371 0.2880136977713976 0.03541400821132512 0.2886239574345769 0.043603063996843994 5
0.05527603062469921 0.9696715627412585 0.587805028404046 0.22416726654494445 0.13460869280743226 3
0.01164547356187906 0.819534358867296 0.8313324332890122 0.8678802484771394 0.028467493531008414 4
0.450877307824887 0.05422750614552063 0.1386390750307167 0.6540426654243662 0.6860145569840357 7
0.8761121721891953 0.4311022465048765 0.1472995157861018 0.05376452243950258 0.6436178429269122 6
0.14848688175293612 0.7501450767615317 0.42298962711391386 0.8236958840481838 0.3961290126080562 1
0.4562367815114148 0.7071943751953685 0.2152632990719232 0.9841887751866392 0.9187475386625412 7
0.3549988982650998 0.5677174484249269 0.160767845407212 0.6472788938430287 0.1291872422200292 7
0.06978937102423965 0.27353359485963624 0.3415532401141731 0.9234871070214573 0.3576737944244245 1
0.5171750962699957 0.7906150197255495 0.5390016797874321 0.706417130810566 0.8088629693680252 2
0.6324971011549235 0.47612608126366773 0.6563534639917286 0.4521418290496456 0.7920926807108003 3
0.7021750926805803 0.27076768690506203 0.032344378092597936 0.7699394123153455 0.3628624659420886 2
0.26562211039121286 0.7003833243503856 0.8299263601657895 0.44919194386491057 0.527684368158839 8
0.1038762156878148 0.12935215227671437 0.286529968291226 0.7162399802678678 0.586241202856357 5
0.9610326124302088 0.5618915332508141 0.12643887326285408 0.9054213914088511 0.9069063719957092 2
0.7472879063900143 0.6520364709164721 0.9566045257950854 0.2401811168953608 0.7972951070313008 7
0.22353798379139322 0.5930871989819062 0.3135129301022579 0.12091247110256698 0.6978787206228099 7
0.5764935574479695 0.9363590112951191 0.2844292085920127 0.5232602171269727 0.3721407150961408 4
0.17885775798529568 0.16583031275819504 0.940027178219254 0.26981751007731325 0.009509855166165648 1
0.06712169899482168 0.1431197001781278 0.1314338627241739 0.686920894124877 0.9310903676321726 7
