0.07174429213449385 0.8176384181229016 0.7440887590912235 0.24123802278736328 0.07076640081291363 5
0.30901351910619235 0.8310417941406524 0.8718521205151376 0.9300559906096989 0.9754292260984568 2
0.8682590151988804 0.8379914876229417 0.4581625618977566 0.38997174249188893 0.17370330747678686 8
0.8458234925679172 0.7157516099820841 0.8010326264641966 0.4663087733076636 0.9054833861179772 5
0.6772449739931481 0.5283616165556052 0.13880640206326167 0.9055544899496223 0.7345904840181738 5
0.33265114110110994 0.41979688226442735 0.5673335206241661 0.16038087154198588 0.607087055832704 1
0.182461914860793 0.4538221079010816 0.3921081512160379 0.7857857054991267 0.2672239797382072 7
0.13763776601112798 0.2239230162435848 0.11895308311096475 0.6361216716008293 0.802905232526731 7
0.8618122792171421 0.1085128617535529 0.1326190620862634 0.6628785591206348 0.5665390795418275 3
0.562030293425259 0.8686315561233412 0.129638981052272 0.038068384184580806 0.4517740230660241 6
0.8217521592248279 0.028709535137561915 0.7124957806375198 0.9607183516398842 0.9642066707867907 1
0.893242419185449 0.23064174746220323 0.9967263656063811 0.6956475900965717 0.03587326993351703 5
0.25662587214529553 0.9121068111586761 0.42422160152203947 0.9750504985165567 0.7228137034309317 8
0.8704491252129027 0.4881137722070912 0.4220043739873929 0.6109440681341464 0.3907680588533907 1
0.6268876418147299 0.9431306305970284 0.0014383652230705035 0.9327195255527068 0.2827340334195574 2
0.5120274254534812 0.6629098628285068 0.09469569519504684 0.8413886760594211 0.03808321719180474 5
0.6279262607202962 0.06018903370223139 0.4066086789045551 0.4831926146506068 0.6005568487152996 4
0.35906837214957243 7.156606385316788E-4 0.09914445949614137 0.06174291729564674 0.30006186148180636 8
0.7872629819903506 0.8220524809637404 0.0813886347809446 0.03258749610240974 0.06900697969580216 8
0.7101401396797558 0.6322112500352465 0.9837143531622177 0.32515938385920984 0.6622415203304665 6
