0.1860083525528179 0.9237409029522423 0.8246098093366078 0.2192894584807923 0.6853897165771486 1
0.1860083525528179 0.9237409029522423 0.8246098093366078 0.2192894584807923 0.6853897165771486 1
0.517996380589593 0.3859854709526084 0.6156538687211595 0.7534784497517694 0.7528692903275466 6
0.7045176022044334 0.813924186689319 0.799148854760885 0.9229289368533777 0.6620916324110544 8
0.86320078613166 0.04711974133409047 0.8051425580874132 0.0986751299772557 0.12532463200317834 1
0.86320078613166 0.04711974133409047 0.8051425580874132 0.0986751299772557 0.12532463200317834 1
0.86320078613166 0.04711974133409047 0.8051425580874132 0.0986751299772557 0.12532463200317834 1
0.15186173028611039 0.2129535808763965 0.5793892002554263 0.9568392288692061 0.9725814765237984 6
0.15186173028611039 0.2129535808763965 0.5793892002554263 0.9568392288692061 0.9725814765237984 6
0.23375974030251534 0.28947213966900653 0.6926666887901155 0.22093625874994205 0.303887836948064 1
0.4302195526248692 0.8707184520662689 0.890976692557588 0.12995145547886122 0.060390336819005075 7
0.6748203536242108 0.18485587941406112 0.41377420677156895 0.9724645861554467 0.25615895995529514 5
0.5550748716256309 0.5744483102728404 0.928510277845376 0.37195891753605803 0.3115542050683051 5
0.8989775998082148 0.6042529953332715 0.9451562185845396 0.38957871841027725 0.025462348503009324 3
0.8989775998082148 0.6042529953332715 0.9451562185845396 0.38957871841027725 0.025462348503009324 3
0.5550748716256309 0.5744483102728404 0.928510277845376 0.37195891753605803 0.3115542050683051 5
0.13453668007211272 0.8046928653376481 0.6403822142751783 0.09673178965815954 0.25799096256555 1
0.1860083525528179 0.9237409029522423 0.8246098093366078 0.2192894584807923 0.6853897165771486 1
0.4002895089301135 0.4014970603823821 0.07193477853236296 0.7995946523705474 0.4651096939940361 5
0.517996380589593 0.3859854709526084 0.6156538687211595 0.7534784497517694 0.7528692903275466 6
