0.07631168770402985 0.8665105431723762 0.8883047080133346 0.150407790961249 0.7931582615179602 3
0.8443553836472922 0.9177026050894116 0.45216433473144835 0.889775569808368 0.5324391663085886 2
0.9913355922474516 0.9797725678873107 0.9823729969866427 0.35024014819286187 0.8392307599692005 5
0.447592391976949 0.5946042011385267 0.9555074992747274 0.8645091751888804 0.9366756751091369 8
0.8659658881806329 0.46903774999457215 0.8122516129654981 0.8536429736676862 0.3666119353134665 1
0.1797631850643726 0.8024423761730008 0.05282180044762408 0.4060472343253245 0.8243722317838503 1
0.35649705172230006 0.012647846187158085 0.1344932236763834 0.5504990072274959 0.32299973079223165 1
0.8598691581673661 0.22477522458029064 0.8609757923102684 0.09690266396225777 0.5262586026436207 1
0.2224262315006802 0.7769797583964706 0.005616758318908732 0.5534486378686461 0.04722303933519456 8
0.5715561750158029 0.49248845884447046 0.9993076804946632 0.5290198780104227 0.5351718147415021 1
0.08156007675447807 0.5976101064070022 0.6781466342037378 0.8611044635303724 0.03994833748032145 3
0.4857584451964123 0.9338056834346757 0.09616585479078699 0.2734272147482859 0.8838312400620061 7
0.4080154955788987 0.47386041194123774 0.9547750985945525 0.6804806970967505 0.3819575363007206 2
0.3098167287139326 0.7825230361132289 0.8595857668439794 0.6946559726884496 0.8834767868278115 1
0.6798313709029601 0.14115343427921223 0.6861725629417357 0.14773281962954488 0.5596715462415022 5
0.17180128410786666 0.13958167742861272 0.12733377090266917 0.11386261971417799 0.22501530053037178 5
0.708183510215267 0.44852389826144745 0.9109360240517265 0.5319265381506714 0.7980549983088273 3
0.5335347891809705 0.3534148960056456 0.04960020029638812 0.009538814400565698 0.2802490377249156 1
0.8775546077393069 0.10765242723575486 0.5590314210664368 0.35669410586088957 0.5706829074485182 3
0.8586181627054957 0.7895726539579214 0.7400727147493862 0.12280756466723797 0.5957472381990465 4
