0.7579409035409297 0.04755722533931661 0.398591395513309 0.6317165041413456 0.3637889167707177 4
0.48885259271179715 0.4035012293746699 0.24822654037890413 0.5740834942918375 0.6612678762048457 7
0.9399328469714394 0.7605742321563864 0.2911072570757378 0.2667829796790635 0.9276640544794548 5
0.22213425891273186 0.5823026423167491 0.6068704804269575 0.45006397095300454 0.44258470811827755 8
0.6936334089470307 0.7215049367594709 0.25333173560174793 0.5533643900728004 0.9583267163613506 8
0.8220647194799856 0.8027730030850851 0.42809493029441037 0.05283595669875807 0.6817530421172527 4
0.33382968304455984 0.35058892319154533 0.7796854910679815 0.18463355833162753 0.7575929865260079 1
0.3148249545093146 0.26280073882787836 0.8587543340582134 0.9717988491925774 0.39487730951990874 3
0.10967823798411303 0.8407878032571791 0.2854116944262326 0.20817170229425996 0.6367348862410026 8
0.9468336782217674 0.06246080963816314 0.14770530899027767 0.17507952626377477 0.17583828802497925 4
0.9977617804443181 0.21129468043810706 0.6075537628433987 0.22461103813726557 0.4713251169568924 6
0.811176142701365 0.7869363702534461 0.061527189236867286 0.0891259728651499 0.6599342131457812 7
0.2653454700888108 0.8218373301644755 0.8334961529461415 0.35719187421815035 0.21327600115240797 5
0.6138886421187564 0.6587262876595289 0.15823502535039546 0.03819097375654579 0.607900062958017 1
0.13549863525004657 0.6387553623071349 0.15630030162888053 0.49506187294186366 0.987755868431269 8
0.8736031877208627 0.7443104215788012 0.398441074131349 0.24553431523748281 0.45036369957181077 1
0.5272797707122076 0.9467914858314712 0.1159140918846917 0.4369648123132335 0.6255882578517158 5
0.958351029076957 0.5227784296479523 0.0773689906772067 0.9324110064173178 0.8427693547668129 8
0.43787202660912394 0.6514547925706567 0.054841595217804406 0.20847464696075413 0.6194349772793661 1
0.20639916567817362 0.6164712033304299 0.441905870458997 0.7984106372828286 0.3629979797400503 7
