0.9732731605625364 0.9704081589336655 0.18184507479725287 0.5733046574530272 0.3043308734667455 5
0.24124068453052927 0.10292916185613121 0.4020239182016512 0.1788680316454051 0.7954447713065279 1
0.8226162651262845 0.14940574702410114 0.38062493854848356 0.9525894234539164 0.5684857049984305 7
0.8226162651262845 0.14940574702410114 0.38062493854848356 0.9525894234539164 0.5684857049984305 7
0.00910092639172333 0.9680496458867566 0.14825339447991814 0.28899963730702216 0.48981955975941227 1
0.15898126233225907 0.7579300828527149 0.5713852513428453 0.2823311791938863 0.5289213509124406 6
0.00910092639172333 0.9680496458867566 0.14825339447991814 0.28899963730702216 0.48981955975941227 1
0.00910092639172333 0.9680496458867566 0.14825339447991814 0.28899963730702216 0.48981955975941227 1
0.15898126233225907 0.7579300828527149 0.5713852513428453 0.2823311791938863 0.5289213509124406 6
0.4010410069262498 0.4939129591402833 0.38717507048733923 0.7903351762157855 0.09564300058845676 8
0.08408288996668234 0.8936020150497571 0.3162336858485659 0.08952677215615634 0.8225955128745193 1
0.08408288996668234 0.8936020150497571 0.3162336858485659 0.08952677215615634 0.8225955128745193 1
0.24124068453052927 0.10292916185613121 0.4020239182016512 0.1788680316454051 0.7954447713065279 1
0.8637302985906465 0.1606338979162939 0.710938323766971 0.3031174609427938 0.50968718852018 1
0.8637302985906465 0.1606338979162939 0.710938323766971 0.3031174609427938 0.50968718852018 1
0.24124068453052927 0.10292916185613121 0.4020239182016512 0.1788680316454051 0.7954447713065279 1
0.8792948065433285 0.4603975748689719 0.48366377825880846 0.46138872337312153 0.6727392900212134 5
0.9732731605625364 0.9704081589336655 0.18184507479725287 0.5733046574530272 0.3043308734667455 5
