0.5312516084372286 0.5909012342814333 0.7577462407977428 0.16480677495389717 0.5608588883567549 7
0.43848182771144684 0.5010389775634088 0.4944021995667297 0.2158438706593977 0.7808464721659935 6
0.05053153229943541 0.8099110671895381 0.8347507494570614 0.6804544779806455 0.33538788572293143 2
0.7985065467652454 0.030511494032996467 0.6399393911188951 0.38491057803655415 0.044058661114075415 6
0.9099354027297933 0.5630080025287693 0.6646907613759946 0.47652107030597723 0.25957048761160795 1
0.5791155505232116 0.17389850745685098 0.33319344523966365 0.501779441329519 0.4390215028151908 2
0.6325243379569345 0.8949627252332509 0.010268736880807983 0.7042478010932206 0.061012581188787496 3
0.3628772162301651 0.8870802337183011 0.3929348427897832 0.7958253695800258 0.33066447874785243 2
0.2564474872200274 0.6229238257800528 0.2893862216508809 0.3733723499027334 0.6667278238972336 6
0.16197601495378877 0.793452029429285 0.6893397878311854 0.7841241169414805 0.6084891809699106 1
0.7900976000681597 0.60228772172706 0.6382751758602595 0.49966048436946786 0.9851460036160544 7
0.09570960338450829 0.9454903700939074 0.15791807769858313 0.9784141506686492 0.8751392786016475 8
0.07948225802694808 0.15816903014342443 0.12669088530956807 0.2443098965064745 0.26290328348006164 3
0.6305541954545534 0.31563912021788043 0.3490333610321824 0.08446192452472057 0.7634861927100108 3
0.9750126764146849 0.2638925406634669 0.6191926520518417 0.14392811586505405 0.4398810607477057 5
0.9374322720004249 0.004997799904984057 0.6373992141799032 0.26889512270806415 0.7272282534333442 6
0.7808692426996201 0.5913724337766769 0.8364990780150295 0.5742425839005196 0.7310763538105808 1
0.3503506189953183 0.27280030704505176 0.18525130690835478 0.32646447144443524 0.061954377104401104 1
0.47359708280838597 0.768793064776171 0.17496923274274467 0.6132953669123499 0.37713058219959683 1
0.6423041346548072 0.7225727905117311 0.17267048948368702 0.6161677528274605 0.06985073893647054 8
