0.994691119818822 0.7534276285800354 0.43082420666973276 0.2877325448856539 0.7321015148653822 6
0.9619111220888513 0.9743901749430652 0.12537801864092013 0.3459683558452701 0.18305664739562877 6
0.7671875860435896 0.9070580985596377 0.3754208679835266 0.4437119852091931 0.5124866288483122 2
0.07342410481571482 0.6385755959200593 0.745177988117747 0.1861390481729428 0.7705982538127547 1
0.10801811928382254 0.9729487893615664 0.9750460159292372 0.5326882598725835 0.4548843337417323 2
0.7895165053164296 0.8245906413960963 0.1878552613395359 0.4567382616834247 0.31795084553440367 1
0.39995811854879326 0.6567850895647744 0.019268547205082864 0.3882941073670171 0.6915774874333003 5
0.23281468861710763 0.174053519878413 0.1989404421496621 0.7462660982619749 0.3644616211517677 6
0.7924668947443266 0.3936461245121755 0.4247363234989636 0.8109828596938616 0.9594116620398341 5
0.6251616794713413 0.3122210373898896 0.6935633461116106 0.39797275229956863 0.5583952122808342 3
0.07704115390388122 0.9967595013162148 0.8030158139380299 0.6191869310805586 0.24440185157886019 3
0.5763353858225754 0.2500116961595025 0.31783147888808283 0.4637953703514559 0.576263093818166 3
0.4123772174977597 0.6293727212155148 0.7005645359323299 0.02957409045339443 0.3410268181768483 7
0.8066985494286142 0.40542821842367915 0.9586564149286136 0.3428500730396352 0.9073463216330391 7
0.20285718592010704 0.25563505385584895 0.4807173398258694 0.17577785311328564 0.3858333208975746 5
0.8190769352054885 0.8478668160528803 0.09723857305881556 0.09791425758599559 0.4852353261637202 6
0.5060239543142578 0.3670294712022153 0.6505361582423036 0.6359270606570724 0.43998759720390623 4
0.5974591220407561 0.10688677451426665 0.6343125848526745 0.4758743255831661 0.13701644822171521 1
0.6318599185908901 0.8403502668108038 0.08266318838319586 0.5713682433384967 0.014872290212507466 4
0.39720974899372163 0.34734470867775913 0.24483623638106045 0.6885302100576554 0.17884274553036117 5
