0.6200445188291821 0.2688267967617769 0.9980748071173207 0.5501467355102736 0.15282247360493129 1
0.6200445188291821 0.2688267967617769 0.9980748071173207 0.5501467355102736 0.15282247360493129 1
0.6200445188291821 0.2688267967617769 0.9980748071173207 0.5501467355102736 0.15282247360493129 1
0.6122523545751943 0.5081746514523456 0.1637327470882689 0.46558234595527104 0.5696008464904327 6
0.6200445188291821 0.2688267967617769 0.9980748071173207 0.5501467355102736 0.15282247360493129 1
0.5854327215788421 0.4729329861276088 0.08277428461051428 0.208230758314494 0.2679936158167533 5
0.5069046480275423 0.8502777623132872 0.5573133260079824 0.7242985732230193 0.08066182064589478 1
0.9837682079388735 0.11730851418825139 0.19574313012628675 0.6874413894338622 0.13189423602831962 7
0.07205837941663085 0.21410504437250377 0.5573864314044792 0.335043190620107 0.3795728160214329 5
0.07205837941663085 0.21410504437250377 0.5573864314044792 0.335043190620107 0.3795728160214329 5
0.07205837941663085 0.21410504437250377 0.5573864314044792 0.335043190620107 0.3795728160214329 5
0.6502807158676018 0.6925723144699701 0.5516930988333012 0.4838084112823159 0.05152969878011948 2
0.3752426671852438 0.5059870667202756 0.11818408258646362 0.2873299355620115 0.4253686764254674 1
0.6502807158676018 0.6925723144699701 0.5516930988333012 0.4838084112823159 0.05152969878011948 2
0.11331188981256801 0.34451765098179554 0.09811204113624405 0.9948397707613347 0.4078673702876029 7
0.11331188981256801 0.34451765098179554 0.09811204113624405 0.9948397707613347 0.4078673702876029 7
0.7162220090776555 0.8476101645558447 0.5743530677082329 0.6804515325483508 0.5855768507576938 1
0.9692572068674405 0.5880785737812515 0.019359991026414614 0.7747239488812381 0.9603061341010661 4
0.6285726677994918 0.013127405747172416 0.8152948148567115 0.8456549521512957 0.3292347777675878 4
0.6842776366908764 0.2348172740144463 0.04336361508058062 0.018046342767946366 0.13368552582478654 5
