0.06502047741160033 0.6668207916887682 0.2675637053929484 0.866815712252617 0.49307133157784955 1
0.980217444375459 0.03171384925850618 0.03116649090151702 0.6467948133895568 0.286850234436957 7
0.11371178072407306 0.2935310742937398 0.7631809484808388 0.23073005319265627 0.6907846281692518 6
0.03493569912746586 0.15650287244670624 0.016564028415754994 0.8881202991541371 0.5786590006093911 8
0.8539396678293507 0.853911348986614 0.2538602138229167 0.947265520752199 0.9796143908422356 2
0.397267975300328 0.27559188704288007 0.6402438840805308 0.6692065928332567 0.32169714062623966 4
0.38456029749245746 0.9236986035155776 0.7841450069642153 0.7543797697967778 0.6011598578719901 2
0.22825353559431028 0.7249854337521734 0.3129416889712273 0.17737670396182514 0.03017374707974574 6
0.3560600423159853 0.1578484485780558 0.019819342543135665 0.614907070914626 0.5596456290904372 6
0.5188132429667146 0.6644902607007027 0.18591044293956593 0.14394539017895513 0.03984130105165484 7
0.025147796983516657 0.07613015839666182 0.9567535678204396 0.04369811684527802 0.6101168407858931 1
0.4422081573046698 0.9952270049634923 0.212691303493607 0.35881646736140405 0.32432789232903525 4
0.22808048265153524 0.6416948424234856 0.4445374339547219 0.996722583432006 0.12123009548130548 5
0.11667963529460279 0.5869375375090673 0.5571870523928554 0.28131650567744293 0.566345946938814 7
0.24674544014059652 0.7401844955576379 0.7822748396231215 0.8538376315048458 0.23683309887812976 6
0.17679805228491308 0.7683454943409113 0.5085115594338989 0.345226672442837 0.08757654359145706 2
0.9133706338360119 0.6541669305455958 0.9538077290812158 0.032343273489558455 0.4937306927251184 2
0.2839678698062502 0.7621822634751714 0.08755688820250851 0.7667541761013029 0.7732175945406425 3
0.45742703634615145 0.8855982235579851 0.8723861431110862 0.6994457502728819 0.5279911081968781 2
0.7851590408858684 0.3629737836912271 0.023776303058900772 0.8200074530305239 0.9338822010027432 5
