0.460515846851283 0.15043544645921747 0.06857943128729549 0.8762682613362448 0.21531120199286502 2
0.23771690031108594 0.6496124674554621 0.05644487541947474 0.566071975944115 0.8437530375195973 1
0.23963798571358352 0.8167258603435261 0.32049444611588673 0.24120577378239128 0.849933118338556 6
0.33716065404523243 0.7408567157928592 0.6957783120297236 0.7248105724911841 0.1256398174105221 8
0.70372532856081 0.12574011329372847 0.3179564276855942 0.1761550932352972 0.4472833578615344 2
0.9644420379187486 0.8573853573854011 0.530751630616423 0.18495479190808428 0.6496740049795172 1
0.7543716019932777 0.8501171189668942 0.6674363860000482 0.5583528483284538 0.8686954978662806 2
0.5417160963853985 0.10947575213691485 0.07010908189895804 0.9188015362445671 0.19614072716933117 6
0.3563985479131234 0.7551990219169015 0.6786662152425839 0.31824460996241943 0.09665511650875114 1
0.8490880263919967 0.3597456090786917 0.6044092977832537 0.575168013587186 0.5146234284053486 4
0.8281049678507653 0.06799287741056548 0.43096041736062796 0.9236694559516947 0.9009026969651664 4
0.10676338726083967 0.03063088289730198 0.21469138555260725 0.9832103866665239 0.8622694126541425 3
0.40709995305228497 0.3463943086173553 0.25607650869039345 0.4073986210373898 0.7623046047694884 5
0.1481166957828456 0.42777074661501413 0.64237592059004 0.5652553971940233 0.5301014815219249 1
0.5165445982554875 0.4059021154986544 0.6533916797626056 0.48720634108841265 0.11355582876601644 4
0.6525567313994046 0.14052259651037702 0.17914023254831768 0.20022576781953028 0.17051492610569496 6
0.8479298886522638 0.28422279301891673 0.9004471014081009 0.3088404211458847 0.8264023051673851 1
0.3830078156314608 0.9628067235300627 0.20442962568254286 0.7554679020150602 0.8855727808208151 1
0.10902072463692125 0.3419503550998312 0.5226863284044284 0.910058714270596 0.05837932210257091 1
0.034985267595801006 0.43112529184720194 0.9610230325163075 0.25248993201422454 0.6555124636219997 2
