0.02741018756290703 0.48535632382855853 0.010019137938479639 0.5411886419402685 0.180768020201304 7
0.6494455453190973 0.375891961003451 0.5617243984358234 0.41546999966465714 0.5443102293189421 7
0.4465368457654092 0.18437976910572007 0.8867488490486005 0.8612869937398399 0.03675844385193594 3
0.026088787417150816 0.7490741973657902 0.14373504014165683 0.8742857163352409 0.1612044399689705 8
0.9264008909891407 0.9712307079599506 0.8784780741120839 0.6080774289394437 0.2562619662990837 3
0.8098868366091615 0.35308119288333095 0.12655260047282302 0.9984573516581621 0.17320112917230368 2
0.992316993974116 0.22200221201244053 0.6728178377706212 0.3834661458353219 0.47939156802502714 1
0.36350130363274713 0.20725396442009592 0.09962213810641374 0.8790931490324534 9.246520998731356E-4 2
0.10573606613370756 0.026849327677077928 0.3666787911639149 0.10658984356892376 0.7085184947982208 7
0.6333857637794673 0.45605667516914994 0.6137050413664564 0.3115326800564987 0.07632051215866331 3
0.4450495750647341 0.2967988508258519 0.4829500240956437 0.2284697020439589 0.10950180483327787 4
0.32436958052980935 0.6101427562503826 0.0729928758912235 0.9224646595717338 0.49131531560699493 4
0.7261962906100252 0.2399381508076276 0.907246335594782 0.9399973814799291 0.44096642918154993 3
0.16216198808684312 0.6747081626737823 0.7563742387353013 0.4499215755679654 0.31109863336222676 5
0.9630696041114393 0.6730437316307037 0.5250825129192286 0.735672535538858 0.13467798937196096 3
0.08089839911278474 0.7461255876250225 0.43216722120182016 0.6761190078145978 0.874168948888011 3
0.6003737274133168 0.3648816425177205 0.5067915411446222 0.15256789055132558 0.8657129036777189 1
0.39530832081773015 0.9992081536444254 0.38022412583763543 0.7109026100827028 0.3525812961200592 1
0.32690851381914077 0.5359504039983647 0.47315462023750776 0.4858999943896426 0.6971897059894686 2
0.9297214912224471 0.19771130783055968 0.07959193965024658 0.07012873927749108 0.7738659581373669 4
