0.18942675663386377 0.34485259816028546 0.4943256141787662 0.41002546819865604 0.8748578116583303 1
0.18942675663386377 0.34485259816028546 0.4943256141787662 0.41002546819865604 0.8748578116583303 1
0.0970340729595468 0.4668687769641967 0.7173786516212001 0.9431972349883985 0.541549548229011 2
0.3592252832063574 0.02107179786345248 0.9857867831759299 0.7728277039071362 0.8845786736402053 1
0.3879220510080361 0.5863250482106813 0.6933244645895132 0.3977733459817626 0.44693742919739854 5
0.01551047690354368 0.2996824233205925 0.6467897312404195 0.28476501966368883 0.1694659159401688 6
0.5830484368505562 0.7984490857961991 0.9600454438270296 0.15254664957087682 0.5102756659766318 6
0.3587146371822809 0.10380302188818824 0.43594248213439135 0.17564473841248884 0.586731065749933 1
0.2385542086190866 0.016271459036632963 0.7393001163236392 0.07514793854764079 0.7966913249338687 7
0.3587146371822809 0.10380302188818824 0.43594248213439135 0.17564473841248884 0.586731065749933 1
0.2385542086190866 0.016271459036632963 0.7393001163236392 0.07514793854764079 0.7966913249338687 7
0.2385542086190866 0.016271459036632963 0.7393001163236392 0.07514793854764079 0.7966913249338687 7
0.2385542086190866 0.016271459036632963 0.7393001163236392 0.07514793854764079 0.7966913249338687 7
0.5036081596432761 0.03215442347280373 0.8029154108307034 0.03535900169138129 0.7742556603542234 4
0.5036081596432761 0.03215442347280373 0.8029154108307034 0.03535900169138129 0.7742556603542234 4
0.5036081596432761 0.03215442347280373 0.8029154108307034 0.03535900169138129 0.7742556603542234 4
0.22930523733886932 0.04198938258878793 0.566077376384817 0.9832646460120692 0.7996108077516804 3
0.22930523733886932 0.04198938258878793 0.566077376384817 0.9832646460120692 0.7996108077516804 3
0.6346710774203232 0.6212744436739613 0.6867999893231912 0.08016492872289493 0.07849972537982552 7
0.22930523733886932 0.04198938258878793 0.566077376384817 0.9832646460120692 0.7996108077516804 3
0.6346710774203232 0.6212744436739613 0.6867999893231912 0.08016492872289493 0.07849972537982552 7
0.6143330945771629 0.0845664593775598 0.8428470922199721 0.8220026688917869 0.9986839283011003 4
