0.9311413337597606 0.8699942927137634 0.6586571834225853 0.6076586424813232 0.9378268659752078 6
0.669538537332077 0.29785590065951584 0.7250486927236727 0.04210894868059345 0.7066992821757551 1
0.9363495201601363 0.14601858484389396 0.8012724307462524 0.18943181839346734 0.8142293762987153 8
0.6905195461456292 0.702877402276612 0.9115997232121222 0.4250339448956231 0.6807836289702525 2
0.6905195461456292 0.702877402276612 0.9115997232121222 0.4250339448956231 0.6807836289702525 2
0.570916031287214 0.7736663006376772 0.14917836672384055 0.9038276293132166 0.4875341048048325 5
0.3474840939113165 0.1510619556696785 0.17423914389529505 0.6587937719190886 0.6938695960206366 1
0.3474840939113165 0.1510619556696785 0.17423914389529505 0.6587937719190886 0.6938695960206366 1
0.9820930501419141 0.6402432011205423 0.8108500736337502 0.40335803620387856 0.10004114184536006 7
0.21264789855820965 0.6857171733249973 0.2319395164981497 0.3747323846912808 0.9677202665930142 3
0.8453009449931883 0.6338069423157354 0.4472954468517606 0.25796576938132054 0.6642116006737359 3
0.8453009449931883 0.6338069423157354 0.4472954468517606 0.25796576938132054 0.6642116006737359 3
0.6331757745005386 0.970728274163801 0.4307491666241835 0.24489182734876402 0.7396398862748441 6
0.3601982490450836 0.5402180788339842 0.9016851621160903 0.9420510241919977 0.6089107233172939 6
0.3601982490450836 0.5402180788339842 0.9016851621160903 0.9420510241919977 0.6089107233172939 6
0.6900811148572202 0.1876487676187375 0.9085796094463492 0.8222661563656374 0.7822209428580229 2
0.3700612426568448 0.9680928608805041 0.5039428062527088 0.666117022273755 0.7888960242895342 2
0.3072230016766231 0.6920730169085407 0.6228411615505544 0.2596792065435869 0.036369462716495105 2
0.8453009449931883 0.6338069423157354 0.4472954468517606 0.25796576938132054 0.6642116006737359 3
0.6331757745005386 0.970728274163801 0.4307491666241835 0.24489182734876402 0.7396398862748441 6
0.6331757745005386 0.970728274163801 0.4307491666241835 0.24489182734876402 0.7396398862748441 6
0.5935998363668495 0.7331678780812051 0.38450894883974496 0.4378591524579104 0.2819950003521958 7
0.9311413337597606 0.8699942927137634 0.6586571834225853 0.6076586424813232 0.9378268659752078 6
0.3474840939113165 0.1510619556696785 0.17423914389529505 0.6587937719190886 0.6938695960206366 1
0.570916031287214 0.7736663006376772 0.14917836672384055 0.9038276293132166 0.4875341048048325 5
0.570916031287214 0.7736663006376772 0.14917836672384055 0.9038276293132166 0.4875341048048325 5
0.3474840939113165 0.1510619556696785 0.17423914389529505 0.6587937719190886 0.6938695960206366 1
0.21264789855820965 0.6857171733249973 0.2319395164981497 0.3747323846912808 0.9677202665930142 3
0.21264789855820965 0.6857171733249973 0.2319395164981497 0.3747323846912808 0.9677202665930142 3
0.6900811148572202 0.1876487676187375 0.9085796094463492 0.8222661563656374 0.7822209428580229 2
0.669538537332077 0.29785590065951584 0.7250486927236727 0.04210894868059345 0.7066992821757551 1
0.3474840939113165 0.1510619556696785 0.17423914389529505 0.6587937719190886 0.6938695960206366 1
0.570916031287214 0.7736663006376772 0.14917836672384055 0.9038276293132166 0.4875341048048325 5
0.6905195461456292 0.702877402276612 0.9115997232121222 0.4250339448956231 0.6807836289702525 2
0.6905195461456292 0.702877402276612 0.9115997232121222 0.4250339448956231 0.6807836289702525 2
0.570916031287214 0.7736663006376772 0.14917836672384055 0.9038276293132166 0.4875341048048325 5
0.3474840939113165 0.1510619556696785 0.17423914389529505 0.6587937719190886 0.6938695960206366 1
0.3474840939113165 0.1510619556696785 0.17423914389529505 0.6587937719190886 0.6938695960206366 1
0.21264789855820965 0.6857171733249973 0.2319395164981497 0.3747323846912808 0.9677202665930142 3
0.20205396848050694 0.8233190470927495 0.9516266397995533 0.8052155383942028 0.5198640579317885 7
0.20205396848050694 0.8233190470927495 0.9516266397995533 0.8052155383942028 0.5198640579317885 7
0.6900811148572202 0.1876487676187375 0.9085796094463492 0.8222661563656374 0.7822209428580229 2
0.669538537332077 0.29785590065951584 0.7250486927236727 0.04210894868059345 0.7066992821757551 1
0.669538537332077 0.29785590065951584 0.7250486927236727 0.04210894868059345 0.7066992821757551 1
0.9311413337597606 0.8699942927137634 0.6586571834225853 0.6076586424813232 0.9378268659752078 6
0.6905195461456292 0.702877402276612 0.9115997232121222 0.4250339448956231 0.6807836289702525 2
0.7550623757463657 0.00878274810221591 0.08184959653357426 0.17324587879566522 0.1861448627703709 2
0.570916031287214 0.7736663006376772 0.14917836672384055 0.9038276293132166 0.4875341048048325 5
0.3474840939113165 0.1510619556696785 0.17423914389529505 0.6587937719190886 0.6938695960206366 1
0.570916031287214 0.7736663006376772 0.14917836672384055 0.9038276293132166 0.4875341048048325 5
0.21264789855820965 0.6857171733249973 0.2319395164981497 0.3747323846912808 0.9677202665930142 3
0.3893248996982319 0.7605445038095754 0.6047561185092639 0.8999625728967025 0.5051929895148537 1
0.20205396848050694 0.8233190470927495 0.9516266397995533 0.8052155383942028 0.5198640579317885 7
0.9349042781799037 0.878820035768161 0.6069157502746569 0.6268875171512152 0.05986761210436842 5
0.6905195461456292 0.702877402276612 0.9115997232121222 0.4250339448956231 0.6807836289702525 2
0.9311413337597606 0.8699942927137634 0.6586571834225853 0.6076586424813232 0.9378268659752078 6
0.2641011771108811 0.49830598417881555 0.3279403045240007 0.8475581708277131 0.7503932661800151 1
0.6905195461456292 0.702877402276612 0.9115997232121222 0.4250339448956231 0.6807836289702525 2
0.3474840939113165 0.1510619556696785 0.17423914389529505 0.6587937719190886 0.6938695960206366 1
0.570916031287214 0.7736663006376772 0.14917836672384055 0.9038276293132166 0.4875341048048325 5
0.9820930501419141 0.6402432011205423 0.8108500736337502 0.40335803620387856 0.10004114184536006 7
0.21264789855820965 0.6857171733249973 0.2319395164981497 0.3747323846912808 0.9677202665930142 3
0.3893248996982319 0.7605445038095754 0.6047561185092639 0.8999625728967025 0.5051929895148537 1
0.20205396848050694 0.8233190470927495 0.9516266397995533 0.8052155383942028 0.5198640579317885 7
0.8453009449931883 0.6338069423157354 0.4472954468517606 0.25796576938132054 0.6642116006737359 3
0.5935998363668495 0.7331678780812051 0.38450894883974496 0.4378591524579104 0.2819950003521958 7
0.3601982490450836 0.5402180788339842 0.9016851621160903 0.9420510241919977 0.6089107233172939 6
0.5935998363668495 0.7331678780812051 0.38450894883974496 0.4378591524579104 0.2819950003521958 7
0.9311413337597606 0.8699942927137634 0.6586571834225853 0.6076586424813232 0.9378268659752078 6
0.6905195461456292 0.702877402276612 0.9115997232121222 0.4250339448956231 0.6807836289702525 2
0.6905195461456292 0.702877402276612 0.9115997232121222 0.4250339448956231 0.6807836289702525 2
0.570916031287214 0.7736663006376772 0.14917836672384055 0.9038276293132166 0.4875341048048325 5
0.6905195461456292 0.702877402276612 0.9115997232121222 0.4250339448956231 0.6807836289702525 2
0.7550623757463657 0.00878274810221591 0.08184959653357426 0.17324587879566522 0.1861448627703709 2
0.3474840939113165 0.1510619556696785 0.17423914389529505 0.6587937719190886 0.6938695960206366 1
0.3474840939113165 0.1510619556696785 0.17423914389529505 0.6587937719190886 0.6938695960206366 1
0.9820930501419141 0.6402432011205423 0.8108500736337502 0.40335803620387856 0.10004114184536006 7
0.21264789855820965 0.6857171733249973 0.2319395164981497 0.3747323846912808 0.9677202665930142 3
0.21264789855820965 0.6857171733249973 0.2319395164981497 0.3747323846912808 0.9677202665930142 3
0.8453009449931883 0.6338069423157354 0.4472954468517606 0.25796576938132054 0.6642116006737359 3
0.6331757745005386 0.970728274163801 0.4307491666241835 0.24489182734876402 0.7396398862748441 6
0.3601982490450836 0.5402180788339842 0.9016851621160903 0.9420510241919977 0.6089107233172939 6
0.5935998363668495 0.7331678780812051 0.38450894883974496 0.4378591524579104 0.2819950003521958 7
0.9349042781799037 0.878820035768161 0.6069157502746569 0.6268875171512152 0.05986761210436842 5
0.9311413337597606 0.8699942927137634 0.6586571834225853 0.6076586424813232 0.9378268659752078 6
0.669538537332077 0.29785590065951584 0.7250486927236727 0.04210894868059345 0.7066992821757551 1
0.669538537332077 0.29785590065951584 0.7250486927236727 0.04210894868059345 0.7066992821757551 1
0.9311413337597606 0.8699942927137634 0.6586571834225853 0.6076586424813232 0.9378268659752078 6
0.6905195461456292 0.702877402276612 0.9115997232121222 0.4250339448956231 0.6807836289702525 2
0.3474840939113165 0.1510619556696785 0.17423914389529505 0.6587937719190886 0.6938695960206366 1
0.570916031287214 0.7736663006376772 0.14917836672384055 0.9038276293132166 0.4875341048048325 5
0.9820930501419141 0.6402432011205423 0.8108500736337502 0.40335803620387856 0.10004114184536006 7
0.21264789855820965 0.6857171733249973 0.2319395164981497 0.3747323846912808 0.9677202665930142 3
0.3893248996982319 0.7605445038095754 0.6047561185092639 0.8999625728967025 0.5051929895148537 1
0.20205396848050694 0.8233190470927495 0.9516266397995533 0.8052155383942028 0.5198640579317885 7
0.3601982490450836 0.5402180788339842 0.9016851621160903 0.9420510241919977 0.6089107233172939 6
0.5935998363668495 0.7331678780812051 0.38450894883974496 0.4378591524579104 0.2819950003521958 7
0.3601982490450836 0.5402180788339842 0.9016851621160903 0.9420510241919977 0.6089107233172939 6
0.5935998363668495 0.7331678780812051 0.38450894883974496 0.4378591524579104 0.2819950003521958 7
0.9349042781799037 0.878820035768161 0.6069157502746569 0.6268875171512152 0.05986761210436842 5
0.669538537332077 0.29785590065951584 0.7250486927236727 0.04210894868059345 0.7066992821757551 1
0.3474840939113165 0.1510619556696785 0.17423914389529505 0.6587937719190886 0.6938695960206366 1
0.4470663777810948 0.4956162216402755 0.6728647356210553 0.7100416713756654 0.5335906898343887 8
0.9311413337597606 0.8699942927137634 0.6586571834225853 0.6076586424813232 0.9378268659752078 6
0.570916031287214 0.7736663006376772 0.14917836672384055 0.9038276293132166 0.4875341048048325 5
0.3474840939113165 0.1510619556696785 0.17423914389529505 0.6587937719190886 0.6938695960206366 1
0.570916031287214 0.7736663006376772 0.14917836672384055 0.9038276293132166 0.4875341048048325 5
0.3474840939113165 0.1510619556696785 0.17423914389529505 0.6587937719190886 0.6938695960206366 1
0.3474840939113165 0.1510619556696785 0.17423914389529505 0.6587937719190886 0.6938695960206366 1
0.9820930501419141 0.6402432011205423 0.8108500736337502 0.40335803620387856 0.10004114184536006 7
0.21264789855820965 0.6857171733249973 0.2319395164981497 0.3747323846912808 0.9677202665930142 3
0.3601982490450836 0.5402180788339842 0.9016851621160903 0.9420510241919977 0.6089107233172939 6
0.6331757745005386 0.970728274163801 0.4307491666241835 0.24489182734876402 0.7396398862748441 6
0.3601982490450836 0.5402180788339842 0.9016851621160903 0.9420510241919977 0.6089107233172939 6
0.5935998363668495 0.7331678780812051 0.38450894883974496 0.4378591524579104 0.2819950003521958 7
0.6905195461456292 0.702877402276612 0.9115997232121222 0.4250339448956231 0.6807836289702525 2
0.16303935931109403 0.03754959545920711 0.5933434383515064 0.639264054310338 0.6213103885626635 8
0.9311413337597606 0.8699942927137634 0.6586571834225853 0.6076586424813232 0.9378268659752078 6
0.6905195461456292 0.702877402276612 0.9115997232121222 0.4250339448956231 0.6807836289702525 2
0.6905195461456292 0.702877402276612 0.9115997232121222 0.4250339448956231 0.6807836289702525 2
0.570916031287214 0.7736663006376772 0.14917836672384055 0.9038276293132166 0.4875341048048325 5
0.3474840939113165 0.1510619556696785 0.17423914389529505 0.6587937719190886 0.6938695960206366 1
0.6905195461456292 0.702877402276612 0.9115997232121222 0.4250339448956231 0.6807836289702525 2
0.6905195461456292 0.702877402276612 0.9115997232121222 0.4250339448956231 0.6807836289702525 2
0.9820930501419141 0.6402432011205423 0.8108500736337502 0.40335803620387856 0.10004114184536006 7
0.21264789855820965 0.6857171733249973 0.2319395164981497 0.3747323846912808 0.9677202665930142 3
0.21264789855820965 0.6857171733249973 0.2319395164981497 0.3747323846912808 0.9677202665930142 3
0.8453009449931883 0.6338069423157354 0.4472954468517606 0.25796576938132054 0.6642116006737359 3
0.8453009449931883 0.6338069423157354 0.4472954468517606 0.25796576938132054 0.6642116006737359 3
0.43410616066478225 0.2082738736629054 0.719479739169396 0.3655807675144742 0.6763282359706143 6
0.3601982490450836 0.5402180788339842 0.9016851621160903 0.9420510241919977 0.6089107233172939 6
0.3601982490450836 0.5402180788339842 0.9016851621160903 0.9420510241919977 0.6089107233172939 6
0.9349042781799037 0.878820035768161 0.6069157502746569 0.6268875171512152 0.05986761210436842 5
0.669538537332077 0.29785590065951584 0.7250486927236727 0.04210894868059345 0.7066992821757551 1
0.9311413337597606 0.8699942927137634 0.6586571834225853 0.6076586424813232 0.9378268659752078 6
0.669538537332077 0.29785590065951584 0.7250486927236727 0.04210894868059345 0.7066992821757551 1
0.9311413337597606 0.8699942927137634 0.6586571834225853 0.6076586424813232 0.9378268659752078 6
0.9311413337597606 0.8699942927137634 0.6586571834225853 0.6076586424813232 0.9378268659752078 6
0.6905195461456292 0.702877402276612 0.9115997232121222 0.4250339448956231 0.6807836289702525 2
0.7550623757463657 0.00878274810221591 0.08184959653357426 0.17324587879566522 0.1861448627703709 2
0.3474840939113165 0.1510619556696785 0.17423914389529505 0.6587937719190886 0.6938695960206366 1
0.570916031287214 0.7736663006376772 0.14917836672384055 0.9038276293132166 0.4875341048048325 5
0.9820930501419141 0.6402432011205423 0.8108500736337502 0.40335803620387856 0.10004114184536006 7
0.21264789855820965 0.6857171733249973 0.2319395164981497 0.3747323846912808 0.9677202665930142 3
0.21264789855820965 0.6857171733249973 0.2319395164981497 0.3747323846912808 0.9677202665930142 3
0.6880711580969628 0.33793859390894476 0.7824855281048768 0.18066054027572365 0.1799751078811319 3
0.6331757745005386 0.970728274163801 0.4307491666241835 0.24489182734876402 0.7396398862748441 6
0.3601982490450836 0.5402180788339842 0.9016851621160903 0.9420510241919977 0.6089107233172939 6
0.3601982490450836 0.5402180788339842 0.9016851621160903 0.9420510241919977 0.6089107233172939 6
0.6900811148572202 0.1876487676187375 0.9085796094463492 0.8222661563656374 0.7822209428580229 2
0.3700612426568448 0.9680928608805041 0.5039428062527088 0.666117022273755 0.7888960242895342 2
0.3072230016766231 0.6920730169085407 0.6228411615505544 0.2596792065435869 0.036369462716495105 2
0.7082709577820174 0.5382199754907572 0.1635568562782893 0.9996685160378633 0.0949924569463575 1
0.9311413337597606 0.8699942927137634 0.6586571834225853 0.6076586424813232 0.9378268659752078 6
0.6905195461456292 0.702877402276612 0.9115997232121222 0.4250339448956231 0.6807836289702525 2
0.6905195461456292 0.702877402276612 0.9115997232121222 0.4250339448956231 0.6807836289702525 2
0.570916031287214 0.7736663006376772 0.14917836672384055 0.9038276293132166 0.4875341048048325 5
0.3474840939113165 0.1510619556696785 0.17423914389529505 0.6587937719190886 0.6938695960206366 1
0.570916031287214 0.7736663006376772 0.14917836672384055 0.9038276293132166 0.4875341048048325 5
0.3474840939113165 0.1510619556696785 0.17423914389529505 0.6587937719190886 0.6938695960206366 1
0.3474840939113165 0.1510619556696785 0.17423914389529505 0.6587937719190886 0.6938695960206366 1
0.9820930501419141 0.6402432011205423 0.8108500736337502 0.40335803620387856 0.10004114184536006 7
0.21264789855820965 0.6857171733249973 0.2319395164981497 0.3747323846912808 0.9677202665930142 3
0.21264789855820965 0.6857171733249973 0.2319395164981497 0.3747323846912808 0.9677202665930142 3
0.8453009449931883 0.6338069423157354 0.4472954468517606 0.25796576938132054 0.6642116006737359 3
0.6331757745005386 0.970728274163801 0.4307491666241835 0.24489182734876402 0.7396398862748441 6
0.6900811148572202 0.1876487676187375 0.9085796094463492 0.8222661563656374 0.7822209428580229 2
0.5935998363668495 0.7331678780812051 0.38450894883974496 0.4378591524579104 0.2819950003521958 7
0.9349042781799037 0.878820035768161 0.6069157502746569 0.6268875171512152 0.05986761210436842 5
0.669538537332077 0.29785590065951584 0.7250486927236727 0.04210894868059345 0.7066992821757551 1
0.9311413337597606 0.8699942927137634 0.6586571834225853 0.6076586424813232 0.9378268659752078 6
0.6905195461456292 0.702877402276612 0.9115997232121222 0.4250339448956231 0.6807836289702525 2
0.6905195461456292 0.702877402276612 0.9115997232121222 0.4250339448956231 0.6807836289702525 2
0.2641011771108811 0.49830598417881555 0.3279403045240007 0.8475581708277131 0.7503932661800151 1
0.6905195461456292 0.702877402276612 0.9115997232121222 0.4250339448956231 0.6807836289702525 2
0.7550623757463657 0.00878274810221591 0.08184959653357426 0.17324587879566522 0.1861448627703709 2
0.3474840939113165 0.1510619556696785 0.17423914389529505 0.6587937719190886 0.6938695960206366 1
0.3474840939113165 0.1510619556696785 0.17423914389529505 0.6587937719190886 0.6938695960206366 1
0.9820930501419141 0.6402432011205423 0.8108500736337502 0.40335803620387856 0.10004114184536006 7
0.21264789855820965 0.6857171733249973 0.2319395164981497 0.3747323846912808 0.9677202665930142 3
0.21264789855820965 0.6857171733249973 0.2319395164981497 0.3747323846912808 0.9677202665930142 3
0.8453009449931883 0.6338069423157354 0.4472954468517606 0.25796576938132054 0.6642116006737359 3
0.6331757745005386 0.970728274163801 0.4307491666241835 0.24489182734876402 0.7396398862748441 6
0.3601982490450836 0.5402180788339842 0.9016851621160903 0.9420510241919977 0.6089107233172939 6
0.5935998363668495 0.7331678780812051 0.38450894883974496 0.4378591524579104 0.2819950003521958 7
0.9349042781799037 0.878820035768161 0.6069157502746569 0.6268875171512152 0.05986761210436842 5
0.6905195461456292 0.702877402276612 0.9115997232121222 0.4250339448956231 0.6807836289702525 2
0.6905195461456292 0.702877402276612 0.9115997232121222 0.4250339448956231 0.6807836289702525 2
0.6905195461456292 0.702877402276612 0.9115997232121222 0.4250339448956231 0.6807836289702525 2
0.570916031287214 0.7736663006376772 0.14917836672384055 0.9038276293132166 0.4875341048048325 5
0.3474840939113165 0.1510619556696785 0.17423914389529505 0.6587937719190886 0.6938695960206366 1
0.570916031287214 0.7736663006376772 0.14917836672384055 0.9038276293132166 0.4875341048048325 5
0.570916031287214 0.7736663006376772 0.14917836672384055 0.9038276293132166 0.4875341048048325 5
0.3474840939113165 0.1510619556696785 0.17423914389529505 0.6587937719190886 0.6938695960206366 1
0.570916031287214 0.7736663006376772 0.14917836672384055 0.9038276293132166 0.4875341048048325 5
0.21264789855820965 0.6857171733249973 0.2319395164981497 0.3747323846912808 0.9677202665930142 3
0.20205396848050694 0.8233190470927495 0.9516266397995533 0.8052155383942028 0.5198640579317885 7
0.6900811148572202 0.1876487676187375 0.9085796094463492 0.8222661563656374 0.7822209428580229 2
0.669538537332077 0.29785590065951584 0.7250486927236727 0.04210894868059345 0.7066992821757551 1
0.669538537332077 0.29785590065951584 0.7250486927236727 0.04210894868059345 0.7066992821757551 1
0.9311413337597606 0.8699942927137634 0.6586571834225853 0.6076586424813232 0.9378268659752078 6
0.9048448526992253 0.3339475544564141 0.12369064499782678 0.5232255181620562 0.28176008033061817 2
0.2641011771108811 0.49830598417881555 0.3279403045240007 0.8475581708277131 0.7503932661800151 1
0.9311413337597606 0.8699942927137634 0.6586571834225853 0.6076586424813232 0.9378268659752078 6
0.669538537332077 0.29785590065951584 0.7250486927236727 0.04210894868059345 0.7066992821757551 1
0.9363495201601363 0.14601858484389396 0.8012724307462524 0.18943181839346734 0.8142293762987153 8
0.6905195461456292 0.702877402276612 0.9115997232121222 0.4250339448956231 0.6807836289702525 2
0.6905195461456292 0.702877402276612 0.9115997232121222 0.4250339448956231 0.6807836289702525 2
0.570916031287214 0.7736663006376772 0.14917836672384055 0.9038276293132166 0.4875341048048325 5
0.3474840939113165 0.1510619556696785 0.17423914389529505 0.6587937719190886 0.6938695960206366 1
0.570916031287214 0.7736663006376772 0.14917836672384055 0.9038276293132166 0.4875341048048325 5
0.9820930501419141 0.6402432011205423 0.8108500736337502 0.40335803620387856 0.10004114184536006 7
0.21264789855820965 0.6857171733249973 0.2319395164981497 0.3747323846912808 0.9677202665930142 3
0.8453009449931883 0.6338069423157354 0.4472954468517606 0.25796576938132054 0.6642116006737359 3
0.8453009449931883 0.6338069423157354 0.4472954468517606 0.25796576938132054 0.6642116006737359 3
0.6331757745005386 0.970728274163801 0.4307491666241835 0.24489182734876402 0.7396398862748441 6
0.3601982490450836 0.5402180788339842 0.9016851621160903 0.9420510241919977 0.6089107233172939 6
0.3601982490450836 0.5402180788339842 0.9016851621160903 0.9420510241919977 0.6089107233172939 6
0.6900811148572202 0.1876487676187375 0.9085796094463492 0.8222661563656374 0.7822209428580229 2
0.3700612426568448 0.9680928608805041 0.5039428062527088 0.666117022273755 0.7888960242895342 2
0.3072230016766231 0.6920730169085407 0.6228411615505544 0.2596792065435869 0.036369462716495105 2
0.9311413337597606 0.8699942927137634 0.6586571834225853 0.6076586424813232 0.9378268659752078 6
0.669538537332077 0.29785590065951584 0.7250486927236727 0.04210894868059345 0.7066992821757551 1
0.9311413337597606 0.8699942927137634 0.6586571834225853 0.6076586424813232 0.9378268659752078 6
0.9311413337597606 0.8699942927137634 0.6586571834225853 0.6076586424813232 0.9378268659752078 6
0.6905195461456292 0.702877402276612 0.9115997232121222 0.4250339448956231 0.6807836289702525 2
0.7550623757463657 0.00878274810221591 0.08184959653357426 0.17324587879566522 0.1861448627703709 2
0.3474840939113165 0.1510619556696785 0.17423914389529505 0.6587937719190886 0.6938695960206366 1
0.570916031287214 0.7736663006376772 0.14917836672384055 0.9038276293132166 0.4875341048048325 5
0.9820930501419141 0.6402432011205423 0.8108500736337502 0.40335803620387856 0.10004114184536006 7
0.21264789855820965 0.6857171733249973 0.2319395164981497 0.3747323846912808 0.9677202665930142 3
0.21264789855820965 0.6857171733249973 0.2319395164981497 0.3747323846912808 0.9677202665930142 3
0.6880711580969628 0.33793859390894476 0.7824855281048768 0.18066054027572365 0.1799751078811319 3
0.6331757745005386 0.970728274163801 0.4307491666241835 0.24489182734876402 0.7396398862748441 6
0.3601982490450836 0.5402180788339842 0.9016851621160903 0.9420510241919977 0.6089107233172939 6
0.3601982490450836 0.5402180788339842 0.9016851621160903 0.9420510241919977 0.6089107233172939 6
0.6900811148572202 0.1876487676187375 0.9085796094463492 0.8222661563656374 0.7822209428580229 2
0.3700612426568448 0.9680928608805041 0.5039428062527088 0.666117022273755 0.7888960242895342 2
0.3072230016766231 0.6920730169085407 0.6228411615505544 0.2596792065435869 0.036369462716495105 2
0.7082709577820174 0.5382199754907572 0.1635568562782893 0.9996685160378633 0.0949924569463575 1
0.9311413337597606 0.8699942927137634 0.6586571834225853 0.6076586424813232 0.9378268659752078 6
0.4470663777810948 0.4956162216402755 0.6728647356210553 0.7100416713756654 0.5335906898343887 8
0.9311413337597606 0.8699942927137634 0.6586571834225853 0.6076586424813232 0.9378268659752078 6
0.9311413337597606 0.8699942927137634 0.6586571834225853 0.6076586424813232 0.9378268659752078 6
0.6905195461456292 0.702877402276612 0.9115997232121222 0.4250339448956231 0.6807836289702525 2
0.7550623757463657 0.00878274810221591 0.08184959653357426 0.17324587879566522 0.1861448627703709 2
0.3474840939113165 0.1510619556696785 0.17423914389529505 0.6587937719190886 0.6938695960206366 1
0.570916031287214 0.7736663006376772 0.14917836672384055 0.9038276293132166 0.4875341048048325 5
0.9820930501419141 0.6402432011205423 0.8108500736337502 0.40335803620387856 0.10004114184536006 7
0.21264789855820965 0.6857171733249973 0.2319395164981497 0.3747323846912808 0.9677202665930142 3
0.3893248996982319 0.7605445038095754 0.6047561185092639 0.8999625728967025 0.5051929895148537 1
0.6880711580969628 0.33793859390894476 0.7824855281048768 0.18066054027572365 0.1799751078811319 3
0.6331757745005386 0.970728274163801 0.4307491666241835 0.24489182734876402 0.7396398862748441 6
0.3601982490450836 0.5402180788339842 0.9016851621160903 0.9420510241919977 0.6089107233172939 6
0.3601982490450836 0.5402180788339842 0.9016851621160903 0.9420510241919977 0.6089107233172939 6
0.6900811148572202 0.1876487676187375 0.9085796094463492 0.8222661563656374 0.7822209428580229 2
0.3700612426568448 0.9680928608805041 0.5039428062527088 0.666117022273755 0.7888960242895342 2
0.3072230016766231 0.6920730169085407 0.6228411615505544 0.2596792065435869 0.036369462716495105 2
0.7082709577820174 0.5382199754907572 0.1635568562782893 0.9996685160378633 0.0949924569463575 1
0.3700612426568448 0.9680928608805041 0.5039428062527088 0.666117022273755 0.7888960242895342 2
0.9311413337597606 0.8699942927137634 0.6586571834225853 0.6076586424813232 0.9378268659752078 6
0.3474840939113165 0.1510619556696785 0.17423914389529505 0.6587937719190886 0.6938695960206366 1
0.570916031287214 0.7736663006376772 0.14917836672384055 0.9038276293132166 0.4875341048048325 5
0.6905195461456292 0.702877402276612 0.9115997232121222 0.4250339448956231 0.6807836289702525 2
0.6905195461456292 0.702877402276612 0.9115997232121222 0.4250339448956231 0.6807836289702525 2
0.570916031287214 0.7736663006376772 0.14917836672384055 0.9038276293132166 0.4875341048048325 5
0.3474840939113165 0.1510619556696785 0.17423914389529505 0.6587937719190886 0.6938695960206366 1
0.3474840939113165 0.1510619556696785 0.17423914389529505 0.6587937719190886 0.6938695960206366 1
0.21264789855820965 0.6857171733249973 0.2319395164981497 0.3747323846912808 0.9677202665930142 3
0.21264789855820965 0.6857171733249973 0.2319395164981497 0.3747323846912808 0.9677202665930142 3
0.8453009449931883 0.6338069423157354 0.4472954468517606 0.25796576938132054 0.6642116006737359 3
0.669538537332077 0.29785590065951584 0.7250486927236727 0.04210894868059345 0.7066992821757551 1
0.669538537332077 0.29785590065951584 0.7250486927236727 0.04210894868059345 0.7066992821757551 1
0.3601982490450836 0.5402180788339842 0.9016851621160903 0.9420510241919977 0.6089107233172939 6
0.6900811148572202 0.1876487676187375 0.9085796094463492 0.8222661563656374 0.7822209428580229 2
0.9349042781799037 0.878820035768161 0.6069157502746569 0.6268875171512152 0.05986761210436842 5
0.669538537332077 0.29785590065951584 0.7250486927236727 0.04210894868059345 0.7066992821757551 1
0.4470663777810948 0.4956162216402755 0.6728647356210553 0.7100416713756654 0.5335906898343887 8
0.9311413337597606 0.8699942927137634 0.6586571834225853 0.6076586424813232 0.9378268659752078 6
0.9311413337597606 0.8699942927137634 0.6586571834225853 0.6076586424813232 0.9378268659752078 6
0.3474840939113165 0.1510619556696785 0.17423914389529505 0.6587937719190886 0.6938695960206366 1
0.570916031287214 0.7736663006376772 0.14917836672384055 0.9038276293132166 0.4875341048048325 5
0.570916031287214 0.7736663006376772 0.14917836672384055 0.9038276293132166 0.4875341048048325 5
0.21264789855820965 0.6857171733249973 0.2319395164981497 0.3747323846912808 0.9677202665930142 3
0.3893248996982319 0.7605445038095754 0.6047561185092639 0.8999625728967025 0.5051929895148537 1
0.20205396848050694 0.8233190470927495 0.9516266397995533 0.8052155383942028 0.5198640579317885 7
0.9311413337597606 0.8699942927137634 0.6586571834225853 0.6076586424813232 0.9378268659752078 6
0.9311413337597606 0.8699942927137634 0.6586571834225853 0.6076586424813232 0.9378268659752078 6
0.6905195461456292 0.702877402276612 0.9115997232121222 0.4250339448956231 0.6807836289702525 2
0.570916031287214 0.7736663006376772 0.14917836672384055 0.9038276293132166 0.4875341048048325 5
0.6905195461456292 0.702877402276612 0.9115997232121222 0.4250339448956231 0.6807836289702525 2
0.7550623757463657 0.00878274810221591 0.08184959653357426 0.17324587879566522 0.1861448627703709 2
0.3474840939113165 0.1510619556696785 0.17423914389529505 0.6587937719190886 0.6938695960206366 1
0.3474840939113165 0.1510619556696785 0.17423914389529505 0.6587937719190886 0.6938695960206366 1
0.3474840939113165 0.1510619556696785 0.17423914389529505 0.6587937719190886 0.6938695960206366 1
0.3893248996982319 0.7605445038095754 0.6047561185092639 0.8999625728967025 0.5051929895148537 1
0.3893248996982319 0.7605445038095754 0.6047561185092639 0.8999625728967025 0.5051929895148537 1
0.20205396848050694 0.8233190470927495 0.9516266397995533 0.8052155383942028 0.5198640579317885 7
0.43410616066478225 0.2082738736629054 0.719479739169396 0.3655807675144742 0.6763282359706143 6
0.6331757745005386 0.970728274163801 0.4307491666241835 0.24489182734876402 0.7396398862748441 6
0.5935998363668495 0.7331678780812051 0.38450894883974496 0.4378591524579104 0.2819950003521958 7
0.9349042781799037 0.878820035768161 0.6069157502746569 0.6268875171512152 0.05986761210436842 5
0.669538537332077 0.29785590065951584 0.7250486927236727 0.04210894868059345 0.7066992821757551 1
0.9349042781799037 0.878820035768161 0.6069157502746569 0.6268875171512152 0.05986761210436842 5
0.669538537332077 0.29785590065951584 0.7250486927236727 0.04210894868059345 0.7066992821757551 1
0.4470663777810948 0.4956162216402755 0.6728647356210553 0.7100416713756654 0.5335906898343887 8
0.9311413337597606 0.8699942927137634 0.6586571834225853 0.6076586424813232 0.9378268659752078 6
0.9311413337597606 0.8699942927137634 0.6586571834225853 0.6076586424813232 0.9378268659752078 6
0.3474840939113165 0.1510619556696785 0.17423914389529505 0.6587937719190886 0.6938695960206366 1
0.570916031287214 0.7736663006376772 0.14917836672384055 0.9038276293132166 0.4875341048048325 5
0.570916031287214 0.7736663006376772 0.14917836672384055 0.9038276293132166 0.4875341048048325 5
0.21264789855820965 0.6857171733249973 0.2319395164981497 0.3747323846912808 0.9677202665930142 3
0.3893248996982319 0.7605445038095754 0.6047561185092639 0.8999625728967025 0.5051929895148537 1
0.3893248996982319 0.7605445038095754 0.6047561185092639 0.8999625728967025 0.5051929895148537 1
0.669538537332077 0.29785590065951584 0.7250486927236727 0.04210894868059345 0.7066992821757551 1
0.9349042781799037 0.878820035768161 0.6069157502746569 0.6268875171512152 0.05986761210436842 5
0.6905195461456292 0.702877402276612 0.9115997232121222 0.4250339448956231 0.6807836289702525 2
0.6905195461456292 0.702877402276612 0.9115997232121222 0.4250339448956231 0.6807836289702525 2
0.570916031287214 0.7736663006376772 0.14917836672384055 0.9038276293132166 0.4875341048048325 5
0.3474840939113165 0.1510619556696785 0.17423914389529505 0.6587937719190886 0.6938695960206366 1
0.570916031287214 0.7736663006376772 0.14917836672384055 0.9038276293132166 0.4875341048048325 5
0.3474840939113165 0.1510619556696785 0.17423914389529505 0.6587937719190886 0.6938695960206366 1
0.3474840939113165 0.1510619556696785 0.17423914389529505 0.6587937719190886 0.6938695960206366 1
0.21264789855820965 0.6857171733249973 0.2319395164981497 0.3747323846912808 0.9677202665930142 3
0.21264789855820965 0.6857171733249973 0.2319395164981497 0.3747323846912808 0.9677202665930142 3
0.8453009449931883 0.6338069423157354 0.4472954468517606 0.25796576938132054 0.6642116006737359 3
0.6331757745005386 0.970728274163801 0.4307491666241835 0.24489182734876402 0.7396398862748441 6
0.3601982490450836 0.5402180788339842 0.9016851621160903 0.9420510241919977 0.6089107233172939 6
0.5935998363668495 0.7331678780812051 0.38450894883974496 0.4378591524579104 0.2819950003521958 7
0.9349042781799037 0.878820035768161 0.6069157502746569 0.6268875171512152 0.05986761210436842 5
0.9311413337597606 0.8699942927137634 0.6586571834225853 0.6076586424813232 0.9378268659752078 6
0.6905195461456292 0.702877402276612 0.9115997232121222 0.4250339448956231 0.6807836289702525 2
0.6905195461456292 0.702877402276612 0.9115997232121222 0.4250339448956231 0.6807836289702525 2
0.2641011771108811 0.49830598417881555 0.3279403045240007 0.8475581708277131 0.7503932661800151 1
0.6905195461456292 0.702877402276612 0.9115997232121222 0.4250339448956231 0.6807836289702525 2
0.7550623757463657 0.00878274810221591 0.08184959653357426 0.17324587879566522 0.1861448627703709 2
0.3474840939113165 0.1510619556696785 0.17423914389529505 0.6587937719190886 0.6938695960206366 1
0.3474840939113165 0.1510619556696785 0.17423914389529505 0.6587937719190886 0.6938695960206366 1
0.9820930501419141 0.6402432011205423 0.8108500736337502 0.40335803620387856 0.10004114184536006 7
0.21264789855820965 0.6857171733249973 0.2319395164981497 0.3747323846912808 0.9677202665930142 3
0.21264789855820965 0.6857171733249973 0.2319395164981497 0.3747323846912808 0.9677202665930142 3
0.8453009449931883 0.6338069423157354 0.4472954468517606 0.25796576938132054 0.6642116006737359 3
0.6331757745005386 0.970728274163801 0.4307491666241835 0.24489182734876402 0.7396398862748441 6
0.3601982490450836 0.5402180788339842 0.9016851621160903 0.9420510241919977 0.6089107233172939 6
0.5935998363668495 0.7331678780812051 0.38450894883974496 0.4378591524579104 0.2819950003521958 7
0.9349042781799037 0.878820035768161 0.6069157502746569 0.6268875171512152 0.05986761210436842 5
0.669538537332077 0.29785590065951584 0.7250486927236727 0.04210894868059345 0.7066992821757551 1
0.9349042781799037 0.878820035768161 0.6069157502746569 0.6268875171512152 0.05986761210436842 5
0.9311413337597606 0.8699942927137634 0.6586571834225853 0.6076586424813232 0.9378268659752078 6
0.9311413337597606 0.8699942927137634 0.6586571834225853 0.6076586424813232 0.9378268659752078 6
0.2641011771108811 0.49830598417881555 0.3279403045240007 0.8475581708277131 0.7503932661800151 1
0.6905195461456292 0.702877402276612 0.9115997232121222 0.4250339448956231 0.6807836289702525 2
0.3474840939113165 0.1510619556696785 0.17423914389529505 0.6587937719190886 0.6938695960206366 1
0.3474840939113165 0.1510619556696785 0.17423914389529505 0.6587937719190886 0.6938695960206366 1
0.570916031287214 0.7736663006376772 0.14917836672384055 0.9038276293132166 0.4875341048048325 5
0.21264789855820965 0.6857171733249973 0.2319395164981497 0.3747323846912808 0.9677202665930142 3
0.3893248996982319 0.7605445038095754 0.6047561185092639 0.8999625728967025 0.5051929895148537 1
0.20205396848050694 0.8233190470927495 0.9516266397995533 0.8052155383942028 0.5198640579317885 7
0.3601982490450836 0.5402180788339842 0.9016851621160903 0.9420510241919977 0.6089107233172939 6
0.5935998363668495 0.7331678780812051 0.38450894883974496 0.4378591524579104 0.2819950003521958 7
0.3601982490450836 0.5402180788339842 0.9016851621160903 0.9420510241919977 0.6089107233172939 6
0.5935998363668495 0.7331678780812051 0.38450894883974496 0.4378591524579104 0.2819950003521958 7
0.9349042781799037 0.878820035768161 0.6069157502746569 0.6268875171512152 0.05986761210436842 5
0.9311413337597606 0.8699942927137634 0.6586571834225853 0.6076586424813232 0.9378268659752078 6
0.9311413337597606 0.8699942927137634 0.6586571834225853 0.6076586424813232 0.9378268659752078 6
0.2641011771108811 0.49830598417881555 0.3279403045240007 0.8475581708277131 0.7503932661800151 1
0.6905195461456292 0.702877402276612 0.9115997232121222 0.4250339448956231 0.6807836289702525 2
0.3474840939113165 0.1510619556696785 0.17423914389529505 0.6587937719190886 0.6938695960206366 1
0.3474840939113165 0.1510619556696785 0.17423914389529505 0.6587937719190886 0.6938695960206366 1
0.570916031287214 0.7736663006376772 0.14917836672384055 0.9038276293132166 0.4875341048048325 5
0.21264789855820965 0.6857171733249973 0.2319395164981497 0.3747323846912808 0.9677202665930142 3
0.3893248996982319 0.7605445038095754 0.6047561185092639 0.8999625728967025 0.5051929895148537 1
0.20205396848050694 0.8233190470927495 0.9516266397995533 0.8052155383942028 0.5198640579317885 7
0.3601982490450836 0.5402180788339842 0.9016851621160903 0.9420510241919977 0.6089107233172939 6
0.5935998363668495 0.7331678780812051 0.38450894883974496 0.4378591524579104 0.2819950003521958 7
0.3601982490450836 0.5402180788339842 0.9016851621160903 0.9420510241919977 0.6089107233172939 6
0.5935998363668495 0.7331678780812051 0.38450894883974496 0.4378591524579104 0.2819950003521958 7
0.6900811148572202 0.1876487676187375 0.9085796094463492 0.8222661563656374 0.7822209428580229 2
0.3700612426568448 0.9680928608805041 0.5039428062527088 0.666117022273755 0.7888960242895342 2
0.9311413337597606 0.8699942927137634 0.6586571834225853 0.6076586424813232 0.9378268659752078 6
0.2641011771108811 0.49830598417881555 0.3279403045240007 0.8475581708277131 0.7503932661800151 1
0.6905195461456292 0.702877402276612 0.9115997232121222 0.4250339448956231 0.6807836289702525 2
0.6905195461456292 0.702877402276612 0.9115997232121222 0.4250339448956231 0.6807836289702525 2
0.570916031287214 0.7736663006376772 0.14917836672384055 0.9038276293132166 0.4875341048048325 5
0.3474840939113165 0.1510619556696785 0.17423914389529505 0.6587937719190886 0.6938695960206366 1
0.3474840939113165 0.1510619556696785 0.17423914389529505 0.6587937719190886 0.6938695960206366 1
0.21264789855820965 0.6857171733249973 0.2319395164981497 0.3747323846912808 0.9677202665930142 3
0.21264789855820965 0.6857171733249973 0.2319395164981497 0.3747323846912808 0.9677202665930142 3
0.8453009449931883 0.6338069423157354 0.4472954468517606 0.25796576938132054 0.6642116006737359 3
0.669538537332077 0.29785590065951584 0.7250486927236727 0.04210894868059345 0.7066992821757551 1
0.669538537332077 0.29785590065951584 0.7250486927236727 0.04210894868059345 0.7066992821757551 1
0.3601982490450836 0.5402180788339842 0.9016851621160903 0.9420510241919977 0.6089107233172939 6
0.669538537332077 0.29785590065951584 0.7250486927236727 0.04210894868059345 0.7066992821757551 1
0.9349042781799037 0.878820035768161 0.6069157502746569 0.6268875171512152 0.05986761210436842 5
0.6905195461456292 0.702877402276612 0.9115997232121222 0.4250339448956231 0.6807836289702525 2
0.6905195461456292 0.702877402276612 0.9115997232121222 0.4250339448956231 0.6807836289702525 2
0.570916031287214 0.7736663006376772 0.14917836672384055 0.9038276293132166 0.4875341048048325 5
0.3474840939113165 0.1510619556696785 0.17423914389529505 0.6587937719190886 0.6938695960206366 1
0.570916031287214 0.7736663006376772 0.14917836672384055 0.9038276293132166 0.4875341048048325 5
0.3474840939113165 0.1510619556696785 0.17423914389529505 0.6587937719190886 0.6938695960206366 1
0.3474840939113165 0.1510619556696785 0.17423914389529505 0.6587937719190886 0.6938695960206366 1
0.21264789855820965 0.6857171733249973 0.2319395164981497 0.3747323846912808 0.9677202665930142 3
0.21264789855820965 0.6857171733249973 0.2319395164981497 0.3747323846912808 0.9677202665930142 3
0.8453009449931883 0.6338069423157354 0.4472954468517606 0.25796576938132054 0.6642116006737359 3
0.6331757745005386 0.970728274163801 0.4307491666241835 0.24489182734876402 0.7396398862748441 6
0.3601982490450836 0.5402180788339842 0.9016851621160903 0.9420510241919977 0.6089107233172939 6
0.5935998363668495 0.7331678780812051 0.38450894883974496 0.4378591524579104 0.2819950003521958 7
0.9349042781799037 0.878820035768161 0.6069157502746569 0.6268875171512152 0.05986761210436842 5
0.3700612426568448 0.9680928608805041 0.5039428062527088 0.666117022273755 0.7888960242895342 2
0.669538537332077 0.29785590065951584 0.7250486927236727 0.04210894868059345 0.7066992821757551 1
0.9363495201601363 0.14601858484389396 0.8012724307462524 0.18943181839346734 0.8142293762987153 8
0.6905195461456292 0.702877402276612 0.9115997232121222 0.4250339448956231 0.6807836289702525 2
0.6905195461456292 0.702877402276612 0.9115997232121222 0.4250339448956231 0.6807836289702525 2
0.3474840939113165 0.1510619556696785 0.17423914389529505 0.6587937719190886 0.6938695960206366 1
0.3474840939113165 0.1510619556696785 0.17423914389529505 0.6587937719190886 0.6938695960206366 1
0.570916031287214 0.7736663006376772 0.14917836672384055 0.9038276293132166 0.4875341048048325 5
0.9820930501419141 0.6402432011205423 0.8108500736337502 0.40335803620387856 0.10004114184536006 7
0.21264789855820965 0.6857171733249973 0.2319395164981497 0.3747323846912808 0.9677202665930142 3
0.21264789855820965 0.6857171733249973 0.2319395164981497 0.3747323846912808 0.9677202665930142 3
0.6880711580969628 0.33793859390894476 0.7824855281048768 0.18066054027572365 0.1799751078811319 3
0.6331757745005386 0.970728274163801 0.4307491666241835 0.24489182734876402 0.7396398862748441 6
0.3601982490450836 0.5402180788339842 0.9016851621160903 0.9420510241919977 0.6089107233172939 6
0.3601982490450836 0.5402180788339842 0.9016851621160903 0.9420510241919977 0.6089107233172939 6
0.6900811148572202 0.1876487676187375 0.9085796094463492 0.8222661563656374 0.7822209428580229 2
0.3072230016766231 0.6920730169085407 0.6228411615505544 0.2596792065435869 0.036369462716495105 2
0.2694420917612764 0.790519896025431 0.8455452083866014 0.6254015379125718 0.6068242973237709 3
0.6900811148572202 0.1876487676187375 0.9085796094463492 0.8222661563656374 0.7822209428580229 2
0.6331757745005386 0.970728274163801 0.4307491666241835 0.24489182734876402 0.7396398862748441 6
0.669538537332077 0.29785590065951584 0.7250486927236727 0.04210894868059345 0.7066992821757551 1
0.9311413337597606 0.8699942927137634 0.6586571834225853 0.6076586424813232 0.9378268659752078 6
0.6905195461456292 0.702877402276612 0.9115997232121222 0.4250339448956231 0.6807836289702525 2
0.7550623757463657 0.00878274810221591 0.08184959653357426 0.17324587879566522 0.1861448627703709 2
0.570916031287214 0.7736663006376772 0.14917836672384055 0.9038276293132166 0.4875341048048325 5
0.3474840939113165 0.1510619556696785 0.17423914389529505 0.6587937719190886 0.6938695960206366 1
0.570916031287214 0.7736663006376772 0.14917836672384055 0.9038276293132166 0.4875341048048325 5
0.21264789855820965 0.6857171733249973 0.2319395164981497 0.3747323846912808 0.9677202665930142 3
0.3893248996982319 0.7605445038095754 0.6047561185092639 0.8999625728967025 0.5051929895148537 1
0.20205396848050694 0.8233190470927495 0.9516266397995533 0.8052155383942028 0.5198640579317885 7
0.8453009449931883 0.6338069423157354 0.4472954468517606 0.25796576938132054 0.6642116006737359 3
0.669538537332077 0.29785590065951584 0.7250486927236727 0.04210894868059345 0.7066992821757551 1
0.6331757745005386 0.970728274163801 0.4307491666241835 0.24489182734876402 0.7396398862748441 6
0.5935998363668495 0.7331678780812051 0.38450894883974496 0.4378591524579104 0.2819950003521958 7
0.9311413337597606 0.8699942927137634 0.6586571834225853 0.6076586424813232 0.9378268659752078 6
0.3474840939113165 0.1510619556696785 0.17423914389529505 0.6587937719190886 0.6938695960206366 1
0.570916031287214 0.7736663006376772 0.14917836672384055 0.9038276293132166 0.4875341048048325 5
0.570916031287214 0.7736663006376772 0.14917836672384055 0.9038276293132166 0.4875341048048325 5
0.3474840939113165 0.1510619556696785 0.17423914389529505 0.6587937719190886 0.6938695960206366 1
0.21264789855820965 0.6857171733249973 0.2319395164981497 0.3747323846912808 0.9677202665930142 3
0.21264789855820965 0.6857171733249973 0.2319395164981497 0.3747323846912808 0.9677202665930142 3
0.9311413337597606 0.8699942927137634 0.6586571834225853 0.6076586424813232 0.9378268659752078 6
0.9311413337597606 0.8699942927137634 0.6586571834225853 0.6076586424813232 0.9378268659752078 6
0.9311413337597606 0.8699942927137634 0.6586571834225853 0.6076586424813232 0.9378268659752078 6
0.2641011771108811 0.49830598417881555 0.3279403045240007 0.8475581708277131 0.7503932661800151 1
0.6905195461456292 0.702877402276612 0.9115997232121222 0.4250339448956231 0.6807836289702525 2
0.3474840939113165 0.1510619556696785 0.17423914389529505 0.6587937719190886 0.6938695960206366 1
0.570916031287214 0.7736663006376772 0.14917836672384055 0.9038276293132166 0.4875341048048325 5
0.3474840939113165 0.1510619556696785 0.17423914389529505 0.6587937719190886 0.6938695960206366 1
0.9820930501419141 0.6402432011205423 0.8108500736337502 0.40335803620387856 0.10004114184536006 7
0.21264789855820965 0.6857171733249973 0.2319395164981497 0.3747323846912808 0.9677202665930142 3
0.21264789855820965 0.6857171733249973 0.2319395164981497 0.3747323846912808 0.9677202665930142 3
0.8453009449931883 0.6338069423157354 0.4472954468517606 0.25796576938132054 0.6642116006737359 3
0.6331757745005386 0.970728274163801 0.4307491666241835 0.24489182734876402 0.7396398862748441 6
0.3601982490450836 0.5402180788339842 0.9016851621160903 0.9420510241919977 0.6089107233172939 6
0.5935998363668495 0.7331678780812051 0.38450894883974496 0.4378591524579104 0.2819950003521958 7
0.9349042781799037 0.878820035768161 0.6069157502746569 0.6268875171512152 0.05986761210436842 5
0.669538537332077 0.29785590065951584 0.7250486927236727 0.04210894868059345 0.7066992821757551 1
0.9311413337597606 0.8699942927137634 0.6586571834225853 0.6076586424813232 0.9378268659752078 6
0.4470663777810948 0.4956162216402755 0.6728647356210553 0.7100416713756654 0.5335906898343887 8
0.9311413337597606 0.8699942927137634 0.6586571834225853 0.6076586424813232 0.9378268659752078 6
0.9311413337597606 0.8699942927137634 0.6586571834225853 0.6076586424813232 0.9378268659752078 6
0.6905195461456292 0.702877402276612 0.9115997232121222 0.4250339448956231 0.6807836289702525 2
0.7550623757463657 0.00878274810221591 0.08184959653357426 0.17324587879566522 0.1861448627703709 2
0.3474840939113165 0.1510619556696785 0.17423914389529505 0.6587937719190886 0.6938695960206366 1
0.570916031287214 0.7736663006376772 0.14917836672384055 0.9038276293132166 0.4875341048048325 5
0.570916031287214 0.7736663006376772 0.14917836672384055 0.9038276293132166 0.4875341048048325 5
0.21264789855820965 0.6857171733249973 0.2319395164981497 0.3747323846912808 0.9677202665930142 3
0.20205396848050694 0.8233190470927495 0.9516266397995533 0.8052155383942028 0.5198640579317885 7
0.6900811148572202 0.1876487676187375 0.9085796094463492 0.8222661563656374 0.7822209428580229 2
0.669538537332077 0.29785590065951584 0.7250486927236727 0.04210894868059345 0.7066992821757551 1
0.3601982490450836 0.5402180788339842 0.9016851621160903 0.9420510241919977 0.6089107233172939 6
0.3601982490450836 0.5402180788339842 0.9016851621160903 0.9420510241919977 0.6089107233172939 6
0.6900811148572202 0.1876487676187375 0.9085796094463492 0.8222661563656374 0.7822209428580229 2
0.3700612426568448 0.9680928608805041 0.5039428062527088 0.666117022273755 0.7888960242895342 2
0.3072230016766231 0.6920730169085407 0.6228411615505544 0.2596792065435869 0.036369462716495105 2
0.7082709577820174 0.5382199754907572 0.1635568562782893 0.9996685160378633 0.0949924569463575 1
0.9349042781799037 0.878820035768161 0.6069157502746569 0.6268875171512152 0.05986761210436842 5
0.4470663777810948 0.4956162216402755 0.6728647356210553 0.7100416713756654 0.5335906898343887 8
0.9311413337597606 0.8699942927137634 0.6586571834225853 0.6076586424813232 0.9378268659752078 6
0.9311413337597606 0.8699942927137634 0.6586571834225853 0.6076586424813232 0.9378268659752078 6
0.6905195461456292 0.702877402276612 0.9115997232121222 0.4250339448956231 0.6807836289702525 2
0.7550623757463657 0.00878274810221591 0.08184959653357426 0.17324587879566522 0.1861448627703709 2
0.3474840939113165 0.1510619556696785 0.17423914389529505 0.6587937719190886 0.6938695960206366 1
0.3474840939113165 0.1510619556696785 0.17423914389529505 0.6587937719190886 0.6938695960206366 1
0.3474840939113165 0.1510619556696785 0.17423914389529505 0.6587937719190886 0.6938695960206366 1
0.3893248996982319 0.7605445038095754 0.6047561185092639 0.8999625728967025 0.5051929895148537 1
0.3893248996982319 0.7605445038095754 0.6047561185092639 0.8999625728967025 0.5051929895148537 1
0.8453009449931883 0.6338069423157354 0.4472954468517606 0.25796576938132054 0.6642116006737359 3
0.6331757745005386 0.970728274163801 0.4307491666241835 0.24489182734876402 0.7396398862748441 6
0.3601982490450836 0.5402180788339842 0.9016851621160903 0.9420510241919977 0.6089107233172939 6
0.3601982490450836 0.5402180788339842 0.9016851621160903 0.9420510241919977 0.6089107233172939 6
0.5935998363668495 0.7331678780812051 0.38450894883974496 0.4378591524579104 0.2819950003521958 7
0.9311413337597606 0.8699942927137634 0.6586571834225853 0.6076586424813232 0.9378268659752078 6
0.669538537332077 0.29785590065951584 0.7250486927236727 0.04210894868059345 0.7066992821757551 1
0.669538537332077 0.29785590065951584 0.7250486927236727 0.04210894868059345 0.7066992821757551 1
0.9311413337597606 0.8699942927137634 0.6586571834225853 0.6076586424813232 0.9378268659752078 6
0.6905195461456292 0.702877402276612 0.9115997232121222 0.4250339448956231 0.6807836289702525 2
0.3474840939113165 0.1510619556696785 0.17423914389529505 0.6587937719190886 0.6938695960206366 1
0.570916031287214 0.7736663006376772 0.14917836672384055 0.9038276293132166 0.4875341048048325 5
0.3474840939113165 0.1510619556696785 0.17423914389529505 0.6587937719190886 0.6938695960206366 1
0.9820930501419141 0.6402432011205423 0.8108500736337502 0.40335803620387856 0.10004114184536006 7
0.21264789855820965 0.6857171733249973 0.2319395164981497 0.3747323846912808 0.9677202665930142 3
0.21264789855820965 0.6857171733249973 0.2319395164981497 0.3747323846912808 0.9677202665930142 3
0.8453009449931883 0.6338069423157354 0.4472954468517606 0.25796576938132054 0.6642116006737359 3
0.5935998363668495 0.7331678780812051 0.38450894883974496 0.4378591524579104 0.2819950003521958 7
0.3601982490450836 0.5402180788339842 0.9016851621160903 0.9420510241919977 0.6089107233172939 6
0.5935998363668495 0.7331678780812051 0.38450894883974496 0.4378591524579104 0.2819950003521958 7
0.9349042781799037 0.878820035768161 0.6069157502746569 0.6268875171512152 0.05986761210436842 5
0.669538537332077 0.29785590065951584 0.7250486927236727 0.04210894868059345 0.7066992821757551 1
0.9311413337597606 0.8699942927137634 0.6586571834225853 0.6076586424813232 0.9378268659752078 6
0.6905195461456292 0.702877402276612 0.9115997232121222 0.4250339448956231 0.6807836289702525 2
0.6905195461456292 0.702877402276612 0.9115997232121222 0.4250339448956231 0.6807836289702525 2
0.2641011771108811 0.49830598417881555 0.3279403045240007 0.8475581708277131 0.7503932661800151 1
0.6905195461456292 0.702877402276612 0.9115997232121222 0.4250339448956231 0.6807836289702525 2
0.6905195461456292 0.702877402276612 0.9115997232121222 0.4250339448956231 0.6807836289702525 2
0.6905195461456292 0.702877402276612 0.9115997232121222 0.4250339448956231 0.6807836289702525 2
0.9820930501419141 0.6402432011205423 0.8108500736337502 0.40335803620387856 0.10004114184536006 7
0.21264789855820965 0.6857171733249973 0.2319395164981497 0.3747323846912808 0.9677202665930142 3
0.21264789855820965 0.6857171733249973 0.2319395164981497 0.3747323846912808 0.9677202665930142 3
0.8453009449931883 0.6338069423157354 0.4472954468517606 0.25796576938132054 0.6642116006737359 3
0.8453009449931883 0.6338069423157354 0.4472954468517606 0.25796576938132054 0.6642116006737359 3
0.43410616066478225 0.2082738736629054 0.719479739169396 0.3655807675144742 0.6763282359706143 6
0.3601982490450836 0.5402180788339842 0.9016851621160903 0.9420510241919977 0.6089107233172939 6
0.3601982490450836 0.5402180788339842 0.9016851621160903 0.9420510241919977 0.6089107233172939 6
0.9349042781799037 0.878820035768161 0.6069157502746569 0.6268875171512152 0.05986761210436842 5
0.669538537332077 0.29785590065951584 0.7250486927236727 0.04210894868059345 0.7066992821757551 1
0.9349042781799037 0.878820035768161 0.6069157502746569 0.6268875171512152 0.05986761210436842 5
0.9311413337597606 0.8699942927137634 0.6586571834225853 0.6076586424813232 0.9378268659752078 6
0.9311413337597606 0.8699942927137634 0.6586571834225853 0.6076586424813232 0.9378268659752078 6
0.2641011771108811 0.49830598417881555 0.3279403045240007 0.8475581708277131 0.7503932661800151 1
0.6905195461456292 0.702877402276612 0.9115997232121222 0.4250339448956231 0.6807836289702525 2
0.3474840939113165 0.1510619556696785 0.17423914389529505 0.6587937719190886 0.6938695960206366 1
0.3474840939113165 0.1510619556696785 0.17423914389529505 0.6587937719190886 0.6938695960206366 1
0.570916031287214 0.7736663006376772 0.14917836672384055 0.9038276293132166 0.4875341048048325 5
0.21264789855820965 0.6857171733249973 0.2319395164981497 0.3747323846912808 0.9677202665930142 3
0.3893248996982319 0.7605445038095754 0.6047561185092639 0.8999625728967025 0.5051929895148537 1
0.20205396848050694 0.8233190470927495 0.9516266397995533 0.8052155383942028 0.5198640579317885 7
0.3601982490450836 0.5402180788339842 0.9016851621160903 0.9420510241919977 0.6089107233172939 6
0.5935998363668495 0.7331678780812051 0.38450894883974496 0.4378591524579104 0.2819950003521958 7
0.3601982490450836 0.5402180788339842 0.9016851621160903 0.9420510241919977 0.6089107233172939 6
0.3601982490450836 0.5402180788339842 0.9016851621160903 0.9420510241919977 0.6089107233172939 6
0.7082709577820174 0.5382199754907572 0.1635568562782893 0.9996685160378633 0.0949924569463575 1
0.9349042781799037 0.878820035768161 0.6069157502746569 0.6268875171512152 0.05986761210436842 5
0.669538537332077 0.29785590065951584 0.7250486927236727 0.04210894868059345 0.7066992821757551 1
0.9311413337597606 0.8699942927137634 0.6586571834225853 0.6076586424813232 0.9378268659752078 6
0.2641011771108811 0.49830598417881555 0.3279403045240007 0.8475581708277131 0.7503932661800151 1
0.6905195461456292 0.702877402276612 0.9115997232121222 0.4250339448956231 0.6807836289702525 2
0.3474840939113165 0.1510619556696785 0.17423914389529505 0.6587937719190886 0.6938695960206366 1
0.570916031287214 0.7736663006376772 0.14917836672384055 0.9038276293132166 0.4875341048048325 5
0.9820930501419141 0.6402432011205423 0.8108500736337502 0.40335803620387856 0.10004114184536006 7
0.21264789855820965 0.6857171733249973 0.2319395164981497 0.3747323846912808 0.9677202665930142 3
0.3893248996982319 0.7605445038095754 0.6047561185092639 0.8999625728967025 0.5051929895148537 1
0.20205396848050694 0.8233190470927495 0.9516266397995533 0.8052155383942028 0.5198640579317885 7
0.9311413337597606 0.8699942927137634 0.6586571834225853 0.6076586424813232 0.9378268659752078 6
0.9311413337597606 0.8699942927137634 0.6586571834225853 0.6076586424813232 0.9378268659752078 6
0.9311413337597606 0.8699942927137634 0.6586571834225853 0.6076586424813232 0.9378268659752078 6
0.2641011771108811 0.49830598417881555 0.3279403045240007 0.8475581708277131 0.7503932661800151 1
0.6905195461456292 0.702877402276612 0.9115997232121222 0.4250339448956231 0.6807836289702525 2
0.7550623757463657 0.00878274810221591 0.08184959653357426 0.17324587879566522 0.1861448627703709 2
0.3474840939113165 0.1510619556696785 0.17423914389529505 0.6587937719190886 0.6938695960206366 1
0.3474840939113165 0.1510619556696785 0.17423914389529505 0.6587937719190886 0.6938695960206366 1
0.3474840939113165 0.1510619556696785 0.17423914389529505 0.6587937719190886 0.6938695960206366 1
0.3893248996982319 0.7605445038095754 0.6047561185092639 0.8999625728967025 0.5051929895148537 1
0.21264789855820965 0.6857171733249973 0.2319395164981497 0.3747323846912808 0.9677202665930142 3
0.8453009449931883 0.6338069423157354 0.4472954468517606 0.25796576938132054 0.6642116006737359 3
0.6331757745005386 0.970728274163801 0.4307491666241835 0.24489182734876402 0.7396398862748441 6
0.3601982490450836 0.5402180788339842 0.9016851621160903 0.9420510241919977 0.6089107233172939 6
0.5935998363668495 0.7331678780812051 0.38450894883974496 0.4378591524579104 0.2819950003521958 7
0.9349042781799037 0.878820035768161 0.6069157502746569 0.6268875171512152 0.05986761210436842 5
0.669538537332077 0.29785590065951584 0.7250486927236727 0.04210894868059345 0.7066992821757551 1
0.3700612426568448 0.9680928608805041 0.5039428062527088 0.666117022273755 0.7888960242895342 2
0.3072230016766231 0.6920730169085407 0.6228411615505544 0.2596792065435869 0.036369462716495105 2
0.9311413337597606 0.8699942927137634 0.6586571834225853 0.6076586424813232 0.9378268659752078 6
0.669538537332077 0.29785590065951584 0.7250486927236727 0.04210894868059345 0.7066992821757551 1
0.9363495201601363 0.14601858484389396 0.8012724307462524 0.18943181839346734 0.8142293762987153 8
0.6905195461456292 0.702877402276612 0.9115997232121222 0.4250339448956231 0.6807836289702525 2
0.6905195461456292 0.702877402276612 0.9115997232121222 0.4250339448956231 0.6807836289702525 2
0.3474840939113165 0.1510619556696785 0.17423914389529505 0.6587937719190886 0.6938695960206366 1
0.3474840939113165 0.1510619556696785 0.17423914389529505 0.6587937719190886 0.6938695960206366 1
0.21264789855820965 0.6857171733249973 0.2319395164981497 0.3747323846912808 0.9677202665930142 3
0.21264789855820965 0.6857171733249973 0.2319395164981497 0.3747323846912808 0.9677202665930142 3
0.6880711580969628 0.33793859390894476 0.7824855281048768 0.18066054027572365 0.1799751078811319 3
0.6331757745005386 0.970728274163801 0.4307491666241835 0.24489182734876402 0.7396398862748441 6
0.3601982490450836 0.5402180788339842 0.9016851621160903 0.9420510241919977 0.6089107233172939 6
0.3601982490450836 0.5402180788339842 0.9016851621160903 0.9420510241919977 0.6089107233172939 6
0.6900811148572202 0.1876487676187375 0.9085796094463492 0.8222661563656374 0.7822209428580229 2
0.8453009449931883 0.6338069423157354 0.4472954468517606 0.25796576938132054 0.6642116006737359 3
0.669538537332077 0.29785590065951584 0.7250486927236727 0.04210894868059345 0.7066992821757551 1
0.6331757745005386 0.970728274163801 0.4307491666241835 0.24489182734876402 0.7396398862748441 6
0.5935998363668495 0.7331678780812051 0.38450894883974496 0.4378591524579104 0.2819950003521958 7
0.9311413337597606 0.8699942927137634 0.6586571834225853 0.6076586424813232 0.9378268659752078 6
0.3474840939113165 0.1510619556696785 0.17423914389529505 0.6587937719190886 0.6938695960206366 1
0.570916031287214 0.7736663006376772 0.14917836672384055 0.9038276293132166 0.4875341048048325 5
0.570916031287214 0.7736663006376772 0.14917836672384055 0.9038276293132166 0.4875341048048325 5
0.3474840939113165 0.1510619556696785 0.17423914389529505 0.6587937719190886 0.6938695960206366 1
0.3893248996982319 0.7605445038095754 0.6047561185092639 0.8999625728967025 0.5051929895148537 1
0.20205396848050694 0.8233190470927495 0.9516266397995533 0.8052155383942028 0.5198640579317885 7
0.9311413337597606 0.8699942927137634 0.6586571834225853 0.6076586424813232 0.9378268659752078 6
0.669538537332077 0.29785590065951584 0.7250486927236727 0.04210894868059345 0.7066992821757551 1
0.9311413337597606 0.8699942927137634 0.6586571834225853 0.6076586424813232 0.9378268659752078 6
0.9311413337597606 0.8699942927137634 0.6586571834225853 0.6076586424813232 0.9378268659752078 6
0.6905195461456292 0.702877402276612 0.9115997232121222 0.4250339448956231 0.6807836289702525 2
0.7550623757463657 0.00878274810221591 0.08184959653357426 0.17324587879566522 0.1861448627703709 2
0.3474840939113165 0.1510619556696785 0.17423914389529505 0.6587937719190886 0.6938695960206366 1
0.570916031287214 0.7736663006376772 0.14917836672384055 0.9038276293132166 0.4875341048048325 5
0.9820930501419141 0.6402432011205423 0.8108500736337502 0.40335803620387856 0.10004114184536006 7
0.21264789855820965 0.6857171733249973 0.2319395164981497 0.3747323846912808 0.9677202665930142 3
0.20205396848050694 0.8233190470927495 0.9516266397995533 0.8052155383942028 0.5198640579317885 7
0.6900811148572202 0.1876487676187375 0.9085796094463492 0.8222661563656374 0.7822209428580229 2
0.669538537332077 0.29785590065951584 0.7250486927236727 0.04210894868059345 0.7066992821757551 1
0.3601982490450836 0.5402180788339842 0.9016851621160903 0.9420510241919977 0.6089107233172939 6
0.3601982490450836 0.5402180788339842 0.9016851621160903 0.9420510241919977 0.6089107233172939 6
0.6900811148572202 0.1876487676187375 0.9085796094463492 0.8222661563656374 0.7822209428580229 2
0.3700612426568448 0.9680928608805041 0.5039428062527088 0.666117022273755 0.7888960242895342 2
0.3072230016766231 0.6920730169085407 0.6228411615505544 0.2596792065435869 0.036369462716495105 2
0.7082709577820174 0.5382199754907572 0.1635568562782893 0.9996685160378633 0.0949924569463575 1
