population 0 fitness 0.5103247266643188 years 35.0 length 16
population 1 fitness 0.5102037499955479 years 34.0 length 17
population 2 fitness 0.5104830922603822 years 34.0 length 16
population 3 fitness 0.5103258004143022 years 30.0 length 16
population 4 fitness 0.510411029492947 years 30.0 length 15
population 5 fitness 0.510209183265897 years 28.0 length 15
population 6 fitness 0.5100441756146923 years 27.0 length 14
population 7 fitness 0.5103484501623794 years 27.0 length 15
population 8 fitness 0.5096083474336418 years 26.0 length 15
population 9 fitness 0.5098552318109228 years 26.0 length 16
population 10 fitness 0.5083270692692645 years 25.0 length 16
population 11 fitness 0.5090579521341791 years 25.0 length 16
population 12 fitness 0.5099599194161463 years 24.0 length 16
population 13 fitness 0.5096639749901799 years 23.0 length 14
population 14 fitness 0.5097127085721201 years 23.0 length 15
population 15 fitness 0.5082946957782111 years 22.0 length 15
population 16 fitness 0.5088282172516058 years 22.0 length 16
population 17 fitness 0.5070600904765263 years 21.0 length 16
population 18 fitness 0.5075844934082673 years 21.0 length 16
population 19 fitness 0.5067442200707777 years 20.0 length 15
population 20 fitness 0.50686346797907 years 20.0 length 17
population 21 fitness 0.5090383893645052 years 19.0 length 15
population 22 fitness 0.5090431849966952 years 19.0 length 15
population 23 fitness 0.5087128555834821 years 18.0 length 16
population 24 fitness 0.5091587185889851 years 18.0 length 16
population 25 fitness 0.5107178024852351 years 17.0 length 16
population 26 fitness 0.510776220346279 years 17.0 length 15
population 27 fitness 0.5112545064834495 years 15.0 length 15
population 28 fitness 0.5104619535780203 years 12.0 length 15
population 29 fitness 0.5084245832877925 years 11.0 length 14
population 30 fitness 0.5053109572220015 years 9.0 length 15
population 31 fitness 0.510001487959316 years 9.0 length 15
population 32 fitness 0.5055325866664967 years 8.0 length 15
population 33 fitness 0.505804365237824 years 8.0 length 15
population 34 fitness 0.5024956002381815 years 7.0 length 16
population 35 fitness 0.5044755242732757 years 7.0 length 15
population 36 fitness 0.5012593507687885 years 6.0 length 15
population 37 fitness 0.5018319300626617 years 6.0 length 17
population 38 fitness 0.499876537605361 years 5.0 length 16
population 39 fitness 0.5038891906914864 years 5.0 length 15

0.779471643869624 0.2823489433200479 0.3603354914352235 0.09433004376792109 0.2642849308341074 8
0.09141304589761834 0.8240001392521545 0.24258530707554438 0.6353788001815931 0.26636259752196156 8
0.23198811780750006 0.9273454059532392 0.2187757800946606 0.43829688609200346 0.33766607942183124 8
0.17800929875895322 0.07354211217669537 0.07087039584592336 0.06142116757177163 0.9216676127435868 8
0.3196386178706957 0.2667775115005243 0.7807663626536931 0.5920278579781761 0.1632980628541788 5
0.5176552180494552 0.18690931193715576 0.9639956453008132 0.9512617386458587 0.6107384040816587 4
0.9694823153825691 0.40060489882903905 0.7385506243734253 0.18969379763263772 0.18834708569453928 1
0.4839541032620711 0.2753907805194632 0.880185854108393 0.9029205050892132 0.44560079292665566 5
0.25037093583107906 0.46189726433343625 0.6929023533164834 0.662812931091996 0.7162179346084457 1
0.37276564116325683 0.4032550716717437 0.33066153412132493 0.8893082345139274 0.635881840926211 1
0.10130570527724003 0.9937491240816178 0.027305906023764592 0.18399368677527295 0.01702615028663257 8
0.5172794483440699 0.360832348806723 0.9024967140501761 0.19722704788323597 0.9497066129330446 7
0.779471643869624 0.2823489433200479 0.3603354914352235 0.09433004376792109 0.2642849308341074 8
0.779471643869624 0.2823489433200479 0.3603354914352235 0.09433004376792109 0.2642849308341074 8
0.779471643869624 0.2823489433200479 0.3603354914352235 0.09433004376792109 0.2642849308341074 8
0.022283895779894647 0.8149592626357368 0.01830459185281952 0.7688314724072545 0.7621719634421904 7
0.779471643869624 0.2823489433200479 0.3603354914352235 0.09433004376792109 0.2642849308341074 8
0.09141304589761834 0.8240001392521545 0.24258530707554438 0.6353788001815931 0.26636259752196156 8
0.5176552180494552 0.18690931193715576 0.9639956453008132 0.9512617386458587 0.6107384040816587 4
0.37276564116325683 0.4032550716717437 0.33066153412132493 0.8893082345139274 0.635881840926211 1
0.3196386178706957 0.2667775115005243 0.7807663626536931 0.5920278579781761 0.1632980628541788 5
0.3196386178706957 0.2667775115005243 0.7807663626536931 0.5920278579781761 0.1632980628541788 5
0.4839541032620711 0.2753907805194632 0.880185854108393 0.9029205050892132 0.44560079292665566 5
0.25037093583107906 0.46189726433343625 0.6929023533164834 0.662812931091996 0.7162179346084457 1
0.8643381157945631 0.5084524642215933 0.1493107090308219 0.6983858496004037 0.8976185956348605 7
0.5172794483440699 0.360832348806723 0.9024967140501761 0.19722704788323597 0.9497066129330446 7
0.5172794483440699 0.360832348806723 0.9024967140501761 0.19722704788323597 0.9497066129330446 7
0.5172794483440699 0.360832348806723 0.9024967140501761 0.19722704788323597 0.9497066129330446 7
0.5750906107922512 0.422327251175462 0.47063867710449603 0.2522581970793467 0.565486499525774 3
0.779471643869624 0.2823489433200479 0.3603354914352235 0.09433004376792109 0.2642849308341074 8
0.779471643869624 0.2823489433200479 0.3603354914352235 0.09433004376792109 0.2642849308341074 8
0.4672086564254939 0.726644439963109 0.37107683348682674 0.9972953981302469 0.06653736477845473 4
0.38651360048349903 0.5950528384639077 0.42670071252144914 0.93227529876319 0.1293548209400549 2
0.09141304589761834 0.8240001392521545 0.24258530707554438 0.6353788001815931 0.26636259752196156 8
0.09141304589761834 0.8240001392521545 0.24258530707554438 0.6353788001815931 0.26636259752196156 8
0.17800929875895322 0.07354211217669537 0.07087039584592336 0.06142116757177163 0.9216676127435868 8
0.17800929875895322 0.07354211217669537 0.07087039584592336 0.06142116757177163 0.9216676127435868 8
0.37276564116325683 0.4032550716717437 0.33066153412132493 0.8893082345139274 0.635881840926211 1
0.4008123816748079 0.4320049385438586 0.49061857390273655 0.604881733875068 0.9096504876536405 4
0.25037093583107906 0.46189726433343625 0.6929023533164834 0.662812931091996 0.7162179346084457 1
0.25037093583107906 0.46189726433343625 0.6929023533164834 0.662812931091996 0.7162179346084457 1
0.25037093583107906 0.46189726433343625 0.6929023533164834 0.662812931091996 0.7162179346084457 1
0.8643381157945631 0.5084524642215933 0.1493107090308219 0.6983858496004037 0.8976185956348605 7
0.5172794483440699 0.360832348806723 0.9024967140501761 0.19722704788323597 0.9497066129330446 7
0.5172794483440699 0.360832348806723 0.9024967140501761 0.19722704788323597 0.9497066129330446 7
0.5750906107922512 0.422327251175462 0.47063867710449603 0.2522581970793467 0.565486499525774 3
0.02227420003820313 0.3097358453671494 0.08000917677168462 0.18690086128473093 0.4174212364069403 5
0.779471643869624 0.2823489433200479 0.3603354914352235 0.09433004376792109 0.2642849308341074 8
0.7476549297958875 0.6833546598754174 0.8495770244429034 0.189633723584134 0.5773345322870949 5
0.23198811780750006 0.9273454059532392 0.2187757800946606 0.43829688609200346 0.33766607942183124 8
0.17800929875895322 0.07354211217669537 0.07087039584592336 0.06142116757177163 0.9216676127435868 8
0.17800929875895322 0.07354211217669537 0.07087039584592336 0.06142116757177163 0.9216676127435868 8
0.17800929875895322 0.07354211217669537 0.07087039584592336 0.06142116757177163 0.9216676127435868 8
0.37276564116325683 0.4032550716717437 0.33066153412132493 0.8893082345139274 0.635881840926211 1
0.9694823153825691 0.40060489882903905 0.7385506243734253 0.18969379763263772 0.18834708569453928 1
0.25037093583107906 0.46189726433343625 0.6929023533164834 0.662812931091996 0.7162179346084457 1
0.8643381157945631 0.5084524642215933 0.1493107090308219 0.6983858496004037 0.8976185956348605 7
0.37276564116325683 0.4032550716717437 0.33066153412132493 0.8893082345139274 0.635881840926211 1
0.17547060458381036 0.47520391710207766 0.33326672454481543 0.4878730245236276 0.05579187525426765 1
0.17585435195713184 0.746723752856838 0.04222654873876153 0.4287857938552604 0.9012665553988856 2
0.5750906107922512 0.422327251175462 0.47063867710449603 0.2522581970793467 0.565486499525774 3
0.779471643869624 0.2823489433200479 0.3603354914352235 0.09433004376792109 0.2642849308341074 8
0.779471643869624 0.2823489433200479 0.3603354914352235 0.09433004376792109 0.2642849308341074 8
0.09141304589761834 0.8240001392521545 0.24258530707554438 0.6353788001815931 0.26636259752196156 8
0.019299464710738512 0.13352058572575154 0.7296052693630712 0.07087737056873156 0.04053521601706045 8
0.7476549297958875 0.6833546598754174 0.8495770244429034 0.189633723584134 0.5773345322870949 5
0.09141304589761834 0.8240001392521545 0.24258530707554438 0.6353788001815931 0.26636259752196156 8
0.09141304589761834 0.8240001392521545 0.24258530707554438 0.6353788001815931 0.26636259752196156 8
0.17800929875895322 0.07354211217669537 0.07087039584592336 0.06142116757177163 0.9216676127435868 8
0.37276564116325683 0.4032550716717437 0.33066153412132493 0.8893082345139274 0.635881840926211 1
0.4839541032620711 0.2753907805194632 0.880185854108393 0.9029205050892132 0.44560079292665566 5
0.25037093583107906 0.46189726433343625 0.6929023533164834 0.662812931091996 0.7162179346084457 1
0.8643381157945631 0.5084524642215933 0.1493107090308219 0.6983858496004037 0.8976185956348605 7
0.37276564116325683 0.4032550716717437 0.33066153412132493 0.8893082345139274 0.635881840926211 1
0.10130570527724003 0.9937491240816178 0.027305906023764592 0.18399368677527295 0.01702615028663257 8
0.5172794483440699 0.360832348806723 0.9024967140501761 0.19722704788323597 0.9497066129330446 7
0.02227420003820313 0.3097358453671494 0.08000917677168462 0.18690086128473093 0.4174212364069403 5
0.5750906107922512 0.422327251175462 0.47063867710449603 0.2522581970793467 0.565486499525774 3
0.779471643869624 0.2823489433200479 0.3603354914352235 0.09433004376792109 0.2642849308341074 8
0.2219340626396753 0.7486100130629383 0.46776981510550386 0.778800421105555 0.36941342573146174 7
0.09141304589761834 0.8240001392521545 0.24258530707554438 0.6353788001815931 0.26636259752196156 8
0.17540879225024575 0.17679647794125686 0.9369562012296141 0.7652083466907363 0.9382949488300912 6
0.17540879225024575 0.17679647794125686 0.9369562012296141 0.7652083466907363 0.9382949488300912 6
0.37276564116325683 0.4032550716717437 0.33066153412132493 0.8893082345139274 0.635881840926211 1
0.4008123816748079 0.4320049385438586 0.49061857390273655 0.604881733875068 0.9096504876536405 4
0.9694823153825691 0.40060489882903905 0.7385506243734253 0.18969379763263772 0.18834708569453928 1
0.25037093583107906 0.46189726433343625 0.6929023533164834 0.662812931091996 0.7162179346084457 1
0.8643381157945631 0.5084524642215933 0.1493107090308219 0.6983858496004037 0.8976185956348605 7
0.37276564116325683 0.4032550716717437 0.33066153412132493 0.8893082345139274 0.635881840926211 1
0.10130570527724003 0.9937491240816178 0.027305906023764592 0.18399368677527295 0.01702615028663257 8
0.02227420003820313 0.3097358453671494 0.08000917677168462 0.18690086128473093 0.4174212364069403 5
0.5750906107922512 0.422327251175462 0.47063867710449603 0.2522581970793467 0.565486499525774 3
0.5750906107922512 0.422327251175462 0.47063867710449603 0.2522581970793467 0.565486499525774 3
0.7767478231781141 0.8826422922615014 0.7597981824961205 0.7050455529536547 0.6817779219664585 6
0.2219340626396753 0.7486100130629383 0.46776981510550386 0.778800421105555 0.36941342573146174 7
0.779471643869624 0.2823489433200479 0.3603354914352235 0.09433004376792109 0.2642849308341074 8
0.09141304589761834 0.8240001392521545 0.24258530707554438 0.6353788001815931 0.26636259752196156 8
0.23198811780750006 0.9273454059532392 0.2187757800946606 0.43829688609200346 0.33766607942183124 8
0.17800929875895322 0.07354211217669537 0.07087039584592336 0.06142116757177163 0.9216676127435868 8
0.3196386178706957 0.2667775115005243 0.7807663626536931 0.5920278579781761 0.1632980628541788 5
0.5176552180494552 0.18690931193715576 0.9639956453008132 0.9512617386458587 0.6107384040816587 4
0.9694823153825691 0.40060489882903905 0.7385506243734253 0.18969379763263772 0.18834708569453928 1
0.4839541032620711 0.2753907805194632 0.880185854108393 0.9029205050892132 0.44560079292665566 5
0.25037093583107906 0.46189726433343625 0.6929023533164834 0.662812931091996 0.7162179346084457 1
0.37276564116325683 0.4032550716717437 0.33066153412132493 0.8893082345139274 0.635881840926211 1
0.10130570527724003 0.9937491240816178 0.027305906023764592 0.18399368677527295 0.01702615028663257 8
0.5750906107922512 0.422327251175462 0.47063867710449603 0.2522581970793467 0.565486499525774 3
0.779471643869624 0.2823489433200479 0.3603354914352235 0.09433004376792109 0.2642849308341074 8
0.7416305687921652 0.1293885574610576 0.12811821185443673 0.8538715104391248 0.7107316765030465 1
0.7476549297958875 0.6833546598754174 0.8495770244429034 0.189633723584134 0.5773345322870949 5
0.09141304589761834 0.8240001392521545 0.24258530707554438 0.6353788001815931 0.26636259752196156 8
0.09141304589761834 0.8240001392521545 0.24258530707554438 0.6353788001815931 0.26636259752196156 8
0.17800929875895322 0.07354211217669537 0.07087039584592336 0.06142116757177163 0.9216676127435868 8
0.37276564116325683 0.4032550716717437 0.33066153412132493 0.8893082345139274 0.635881840926211 1
0.4839541032620711 0.2753907805194632 0.880185854108393 0.9029205050892132 0.44560079292665566 5
0.25037093583107906 0.46189726433343625 0.6929023533164834 0.662812931091996 0.7162179346084457 1
0.8643381157945631 0.5084524642215933 0.1493107090308219 0.6983858496004037 0.8976185956348605 7
0.37276564116325683 0.4032550716717437 0.33066153412132493 0.8893082345139274 0.635881840926211 1
0.10130570527724003 0.9937491240816178 0.027305906023764592 0.18399368677527295 0.01702615028663257 8
0.5172794483440699 0.360832348806723 0.9024967140501761 0.19722704788323597 0.9497066129330446 7
0.02227420003820313 0.3097358453671494 0.08000917677168462 0.18690086128473093 0.4174212364069403 5
0.5750906107922512 0.422327251175462 0.47063867710449603 0.2522581970793467 0.565486499525774 3
0.779471643869624 0.2823489433200479 0.3603354914352235 0.09433004376792109 0.2642849308341074 8
0.2219340626396753 0.7486100130629383 0.46776981510550386 0.778800421105555 0.36941342573146174 7
0.8515730754428146 0.037308464045331835 0.11889089020341292 0.7788779728884931 0.2495627964318431 1
0.17540879225024575 0.17679647794125686 0.9369562012296141 0.7652083466907363 0.9382949488300912 6
0.09141304589761834 0.8240001392521545 0.24258530707554438 0.6353788001815931 0.26636259752196156 8
0.37276564116325683 0.4032550716717437 0.33066153412132493 0.8893082345139274 0.635881840926211 1
0.17800929875895322 0.07354211217669537 0.07087039584592336 0.06142116757177163 0.9216676127435868 8
0.9694823153825691 0.40060489882903905 0.7385506243734253 0.18969379763263772 0.18834708569453928 1
0.4008123816748079 0.4320049385438586 0.49061857390273655 0.604881733875068 0.9096504876536405 4
0.25037093583107906 0.46189726433343625 0.6929023533164834 0.662812931091996 0.7162179346084457 1
0.25037093583107906 0.46189726433343625 0.6929023533164834 0.662812931091996 0.7162179346084457 1
0.37276564116325683 0.4032550716717437 0.33066153412132493 0.8893082345139274 0.635881840926211 1
0.02227420003820313 0.3097358453671494 0.08000917677168462 0.18690086128473093 0.4174212364069403 5
0.5172794483440699 0.360832348806723 0.9024967140501761 0.19722704788323597 0.9497066129330446 7
0.5750906107922512 0.422327251175462 0.47063867710449603 0.2522581970793467 0.565486499525774 3
0.5750906107922512 0.422327251175462 0.47063867710449603 0.2522581970793467 0.565486499525774 3
0.21030335433832692 0.8400380998749558 0.407239769578415 0.07627036436060197 0.5465543167045127 2
0.23198811780750006 0.9273454059532392 0.2187757800946606 0.43829688609200346 0.33766607942183124 8
0.17800929875895322 0.07354211217669537 0.07087039584592336 0.06142116757177163 0.9216676127435868 8
0.17800929875895322 0.07354211217669537 0.07087039584592336 0.06142116757177163 0.9216676127435868 8
0.37276564116325683 0.4032550716717437 0.33066153412132493 0.8893082345139274 0.635881840926211 1
0.37276564116325683 0.4032550716717437 0.33066153412132493 0.8893082345139274 0.635881840926211 1
0.5176552180494552 0.18690931193715576 0.9639956453008132 0.9512617386458587 0.6107384040816587 4
0.9694823153825691 0.40060489882903905 0.7385506243734253 0.18969379763263772 0.18834708569453928 1
0.4839541032620711 0.2753907805194632 0.880185854108393 0.9029205050892132 0.44560079292665566 5
0.25037093583107906 0.46189726433343625 0.6929023533164834 0.662812931091996 0.7162179346084457 1
0.37276564116325683 0.4032550716717437 0.33066153412132493 0.8893082345139274 0.635881840926211 1
0.10130570527724003 0.9937491240816178 0.027305906023764592 0.18399368677527295 0.01702615028663257 8
0.5172794483440699 0.360832348806723 0.9024967140501761 0.19722704788323597 0.9497066129330446 7
0.779471643869624 0.2823489433200479 0.3603354914352235 0.09433004376792109 0.2642849308341074 8
0.779471643869624 0.2823489433200479 0.3603354914352235 0.09433004376792109 0.2642849308341074 8
0.7416305687921652 0.1293885574610576 0.12811821185443673 0.8538715104391248 0.7107316765030465 1
0.09141304589761834 0.8240001392521545 0.24258530707554438 0.6353788001815931 0.26636259752196156 8
0.09141304589761834 0.8240001392521545 0.24258530707554438 0.6353788001815931 0.26636259752196156 8
8.076058094610428E-4 0.31325448757038843 0.7766684396326623 0.9505864903571953 0.3159243606739315 2
0.17800929875895322 0.07354211217669537 0.07087039584592336 0.06142116757177163 0.9216676127435868 8
0.37276564116325683 0.4032550716717437 0.33066153412132493 0.8893082345139274 0.635881840926211 1
0.4008123816748079 0.4320049385438586 0.49061857390273655 0.604881733875068 0.9096504876536405 4
0.9694823153825691 0.40060489882903905 0.7385506243734253 0.18969379763263772 0.18834708569453928 1
0.25037093583107906 0.46189726433343625 0.6929023533164834 0.662812931091996 0.7162179346084457 1
0.25037093583107906 0.46189726433343625 0.6929023533164834 0.662812931091996 0.7162179346084457 1
0.25037093583107906 0.46189726433343625 0.6929023533164834 0.662812931091996 0.7162179346084457 1
0.31496604375006887 0.6357277931312565 0.8743019270894964 0.5414107740740712 0.570659386256117 2
0.5172794483440699 0.360832348806723 0.9024967140501761 0.19722704788323597 0.9497066129330446 7
0.5172794483440699 0.360832348806723 0.9024967140501761 0.19722704788323597 0.9497066129330446 7
0.02227420003820313 0.3097358453671494 0.08000917677168462 0.18690086128473093 0.4174212364069403 5
0.5750906107922512 0.422327251175462 0.47063867710449603 0.2522581970793467 0.565486499525774 3
0.1601442463901599 0.6088635710648336 0.559552313796391 0.343913205606287 0.1883012055351987 1
0.02449219788758772 0.875170000278515 0.6669218310184933 0.8440176677555339 0.6940098879048903 4
0.779471643869624 0.2823489433200479 0.3603354914352235 0.09433004376792109 0.2642849308341074 8
0.17800929875895322 0.07354211217669537 0.07087039584592336 0.06142116757177163 0.9216676127435868 8
0.17800929875895322 0.07354211217669537 0.07087039584592336 0.06142116757177163 0.9216676127435868 8
0.17800929875895322 0.07354211217669537 0.07087039584592336 0.06142116757177163 0.9216676127435868 8
0.37276564116325683 0.4032550716717437 0.33066153412132493 0.8893082345139274 0.635881840926211 1
0.9694823153825691 0.40060489882903905 0.7385506243734253 0.18969379763263772 0.18834708569453928 1
0.25037093583107906 0.46189726433343625 0.6929023533164834 0.662812931091996 0.7162179346084457 1
0.8643381157945631 0.5084524642215933 0.1493107090308219 0.6983858496004037 0.8976185956348605 7
0.37276564116325683 0.4032550716717437 0.33066153412132493 0.8893082345139274 0.635881840926211 1
0.17547060458381036 0.47520391710207766 0.33326672454481543 0.4878730245236276 0.05579187525426765 1
0.17585435195713184 0.746723752856838 0.04222654873876153 0.4287857938552604 0.9012665553988856 2
0.5750906107922512 0.422327251175462 0.47063867710449603 0.2522581970793467 0.565486499525774 3
0.779471643869624 0.2823489433200479 0.3603354914352235 0.09433004376792109 0.2642849308341074 8
0.779471643869624 0.2823489433200479 0.3603354914352235 0.09433004376792109 0.2642849308341074 8
0.09141304589761834 0.8240001392521545 0.24258530707554438 0.6353788001815931 0.26636259752196156 8
0.4672086564254939 0.726644439963109 0.37107683348682674 0.9972953981302469 0.06653736477845473 4
0.23198811780750006 0.9273454059532392 0.2187757800946606 0.43829688609200346 0.33766607942183124 8
0.09141304589761834 0.8240001392521545 0.24258530707554438 0.6353788001815931 0.26636259752196156 8
0.23198811780750006 0.9273454059532392 0.2187757800946606 0.43829688609200346 0.33766607942183124 8
0.17800929875895322 0.07354211217669537 0.07087039584592336 0.06142116757177163 0.9216676127435868 8
0.3196386178706957 0.2667775115005243 0.7807663626536931 0.5920278579781761 0.1632980628541788 5
0.5176552180494552 0.18690931193715576 0.9639956453008132 0.9512617386458587 0.6107384040816587 4
0.9694823153825691 0.40060489882903905 0.7385506243734253 0.18969379763263772 0.18834708569453928 1
0.4839541032620711 0.2753907805194632 0.880185854108393 0.9029205050892132 0.44560079292665566 5
0.37276564116325683 0.4032550716717437 0.33066153412132493 0.8893082345139274 0.635881840926211 1
0.10130570527724003 0.9937491240816178 0.027305906023764592 0.18399368677527295 0.01702615028663257 8
0.17547060458381036 0.47520391710207766 0.33326672454481543 0.4878730245236276 0.05579187525426765 1
0.17585435195713184 0.746723752856838 0.04222654873876153 0.4287857938552604 0.9012665553988856 2
0.5750906107922512 0.422327251175462 0.47063867710449603 0.2522581970793467 0.565486499525774 3
0.779471643869624 0.2823489433200479 0.3603354914352235 0.09433004376792109 0.2642849308341074 8
0.2219340626396753 0.7486100130629383 0.46776981510550386 0.778800421105555 0.36941342573146174 7
0.09141304589761834 0.8240001392521545 0.24258530707554438 0.6353788001815931 0.26636259752196156 8
0.09141304589761834 0.8240001392521545 0.24258530707554438 0.6353788001815931 0.26636259752196156 8
0.5176552180494552 0.18690931193715576 0.9639956453008132 0.9512617386458587 0.6107384040816587 4
0.17800929875895322 0.07354211217669537 0.07087039584592336 0.06142116757177163 0.9216676127435868 8
0.3196386178706957 0.2667775115005243 0.7807663626536931 0.5920278579781761 0.1632980628541788 5
0.37276564116325683 0.4032550716717437 0.33066153412132493 0.8893082345139274 0.635881840926211 1
0.25037093583107906 0.46189726433343625 0.6929023533164834 0.662812931091996 0.7162179346084457 1
0.9694823153825691 0.40060489882903905 0.7385506243734253 0.18969379763263772 0.18834708569453928 1
0.37276564116325683 0.4032550716717437 0.33066153412132493 0.8893082345139274 0.635881840926211 1
0.10130570527724003 0.9937491240816178 0.027305906023764592 0.18399368677527295 0.01702615028663257 8
0.17547060458381036 0.47520391710207766 0.33326672454481543 0.4878730245236276 0.05579187525426765 1
0.02227420003820313 0.3097358453671494 0.08000917677168462 0.18690086128473093 0.4174212364069403 5
0.5750906107922512 0.422327251175462 0.47063867710449603 0.2522581970793467 0.565486499525774 3
0.5750906107922512 0.422327251175462 0.47063867710449603 0.2522581970793467 0.565486499525774 3
0.7416305687921652 0.1293885574610576 0.12811821185443673 0.8538715104391248 0.7107316765030465 1
0.4672086564254939 0.726644439963109 0.37107683348682674 0.9972953981302469 0.06653736477845473 4
0.38651360048349903 0.5950528384639077 0.42670071252144914 0.93227529876319 0.1293548209400549 2
0.779471643869624 0.2823489433200479 0.3603354914352235 0.09433004376792109 0.2642849308341074 8
0.09141304589761834 0.8240001392521545 0.24258530707554438 0.6353788001815931 0.26636259752196156 8
0.17800929875895322 0.07354211217669537 0.07087039584592336 0.06142116757177163 0.9216676127435868 8
0.17800929875895322 0.07354211217669537 0.07087039584592336 0.06142116757177163 0.9216676127435868 8
0.37276564116325683 0.4032550716717437 0.33066153412132493 0.8893082345139274 0.635881840926211 1
0.4008123816748079 0.4320049385438586 0.49061857390273655 0.604881733875068 0.9096504876536405 4
0.37276564116325683 0.4032550716717437 0.33066153412132493 0.8893082345139274 0.635881840926211 1
0.10130570527724003 0.9937491240816178 0.027305906023764592 0.18399368677527295 0.01702615028663257 8
0.02227420003820313 0.3097358453671494 0.08000917677168462 0.18690086128473093 0.4174212364069403 5
0.5172794483440699 0.360832348806723 0.9024967140501761 0.19722704788323597 0.9497066129330446 7
0.5750906107922512 0.422327251175462 0.47063867710449603 0.2522581970793467 0.565486499525774 3
0.779471643869624 0.2823489433200479 0.3603354914352235 0.09433004376792109 0.2642849308341074 8
0.779471643869624 0.2823489433200479 0.3603354914352235 0.09433004376792109 0.2642849308341074 8
0.779471643869624 0.2823489433200479 0.3603354914352235 0.09433004376792109 0.2642849308341074 8
8.076058094610428E-4 0.31325448757038843 0.7766684396326623 0.9505864903571953 0.3159243606739315 2
0.23198811780750006 0.9273454059532392 0.2187757800946606 0.43829688609200346 0.33766607942183124 8
0.17800929875895322 0.07354211217669537 0.07087039584592336 0.06142116757177163 0.9216676127435868 8
0.37276564116325683 0.4032550716717437 0.33066153412132493 0.8893082345139274 0.635881840926211 1
0.5176552180494552 0.18690931193715576 0.9639956453008132 0.9512617386458587 0.6107384040816587 4
0.9694823153825691 0.40060489882903905 0.7385506243734253 0.18969379763263772 0.18834708569453928 1
0.4839541032620711 0.2753907805194632 0.880185854108393 0.9029205050892132 0.44560079292665566 5
0.37276564116325683 0.4032550716717437 0.33066153412132493 0.8893082345139274 0.635881840926211 1
0.5172794483440699 0.360832348806723 0.9024967140501761 0.19722704788323597 0.9497066129330446 7
0.02227420003820313 0.3097358453671494 0.08000917677168462 0.18690086128473093 0.4174212364069403 5
0.5750906107922512 0.422327251175462 0.47063867710449603 0.2522581970793467 0.565486499525774 3
0.02227420003820313 0.3097358453671494 0.08000917677168462 0.18690086128473093 0.4174212364069403 5
0.779471643869624 0.2823489433200479 0.3603354914352235 0.09433004376792109 0.2642849308341074 8
0.09141304589761834 0.8240001392521545 0.24258530707554438 0.6353788001815931 0.26636259752196156 8
0.09141304589761834 0.8240001392521545 0.24258530707554438 0.6353788001815931 0.26636259752196156 8
0.09141304589761834 0.8240001392521545 0.24258530707554438 0.6353788001815931 0.26636259752196156 8
0.17800929875895322 0.07354211217669537 0.07087039584592336 0.06142116757177163 0.9216676127435868 8
0.17800929875895322 0.07354211217669537 0.07087039584592336 0.06142116757177163 0.9216676127435868 8
0.4008123816748079 0.4320049385438586 0.49061857390273655 0.604881733875068 0.9096504876536405 4
0.4008123816748079 0.4320049385438586 0.49061857390273655 0.604881733875068 0.9096504876536405 4
0.25037093583107906 0.46189726433343625 0.6929023533164834 0.662812931091996 0.7162179346084457 1
0.8643381157945631 0.5084524642215933 0.1493107090308219 0.6983858496004037 0.8976185956348605 7
0.37276564116325683 0.4032550716717437 0.33066153412132493 0.8893082345139274 0.635881840926211 1
0.37276564116325683 0.4032550716717437 0.33066153412132493 0.8893082345139274 0.635881840926211 1
0.5172794483440699 0.360832348806723 0.9024967140501761 0.19722704788323597 0.9497066129330446 7
0.5172794483440699 0.360832348806723 0.9024967140501761 0.19722704788323597 0.9497066129330446 7
0.5750906107922512 0.422327251175462 0.47063867710449603 0.2522581970793467 0.565486499525774 3
0.779471643869624 0.2823489433200479 0.3603354914352235 0.09433004376792109 0.2642849308341074 8
0.2219340626396753 0.7486100130629383 0.46776981510550386 0.778800421105555 0.36941342573146174 7
0.7476549297958875 0.6833546598754174 0.8495770244429034 0.189633723584134 0.5773345322870949 5
0.09141304589761834 0.8240001392521545 0.24258530707554438 0.6353788001815931 0.26636259752196156 8
8.076058094610428E-4 0.31325448757038843 0.7766684396326623 0.9505864903571953 0.3159243606739315 2
0.23198811780750006 0.9273454059532392 0.2187757800946606 0.43829688609200346 0.33766607942183124 8
0.17800929875895322 0.07354211217669537 0.07087039584592336 0.06142116757177163 0.9216676127435868 8
0.3196386178706957 0.2667775115005243 0.7807663626536931 0.5920278579781761 0.1632980628541788 5
0.4008123816748079 0.4320049385438586 0.49061857390273655 0.604881733875068 0.9096504876536405 4
0.4839541032620711 0.2753907805194632 0.880185854108393 0.9029205050892132 0.44560079292665566 5
0.4839541032620711 0.2753907805194632 0.880185854108393 0.9029205050892132 0.44560079292665566 5
0.37276564116325683 0.4032550716717437 0.33066153412132493 0.8893082345139274 0.635881840926211 1
0.8643381157945631 0.5084524642215933 0.1493107090308219 0.6983858496004037 0.8976185956348605 7
0.31496604375006887 0.6357277931312565 0.8743019270894964 0.5414107740740712 0.570659386256117 2
0.5172794483440699 0.360832348806723 0.9024967140501761 0.19722704788323597 0.9497066129330446 7
0.5750906107922512 0.422327251175462 0.47063867710449603 0.2522581970793467 0.565486499525774 3
0.02227420003820313 0.3097358453671494 0.08000917677168462 0.18690086128473093 0.4174212364069403 5
0.779471643869624 0.2823489433200479 0.3603354914352235 0.09433004376792109 0.2642849308341074 8
0.1601442463901599 0.6088635710648336 0.559552313796391 0.343913205606287 0.1883012055351987 1
0.23198811780750006 0.9273454059532392 0.2187757800946606 0.43829688609200346 0.33766607942183124 8
0.17800929875895322 0.07354211217669537 0.07087039584592336 0.06142116757177163 0.9216676127435868 8
0.17800929875895322 0.07354211217669537 0.07087039584592336 0.06142116757177163 0.9216676127435868 8
0.37276564116325683 0.4032550716717437 0.33066153412132493 0.8893082345139274 0.635881840926211 1
0.37276564116325683 0.4032550716717437 0.33066153412132493 0.8893082345139274 0.635881840926211 1
0.9694823153825691 0.40060489882903905 0.7385506243734253 0.18969379763263772 0.18834708569453928 1
0.9694823153825691 0.40060489882903905 0.7385506243734253 0.18969379763263772 0.18834708569453928 1
0.4839541032620711 0.2753907805194632 0.880185854108393 0.9029205050892132 0.44560079292665566 5
0.25037093583107906 0.46189726433343625 0.6929023533164834 0.662812931091996 0.7162179346084457 1
0.10130570527724003 0.9937491240816178 0.027305906023764592 0.18399368677527295 0.01702615028663257 8
0.17547060458381036 0.47520391710207766 0.33326672454481543 0.4878730245236276 0.05579187525426765 1
0.02227420003820313 0.3097358453671494 0.08000917677168462 0.18690086128473093 0.4174212364069403 5
0.5750906107922512 0.422327251175462 0.47063867710449603 0.2522581970793467 0.565486499525774 3
0.779471643869624 0.2823489433200479 0.3603354914352235 0.09433004376792109 0.2642849308341074 8
0.7416305687921652 0.1293885574610576 0.12811821185443673 0.8538715104391248 0.7107316765030465 1
0.09141304589761834 0.8240001392521545 0.24258530707554438 0.6353788001815931 0.26636259752196156 8
0.779471643869624 0.2823489433200479 0.3603354914352235 0.09433004376792109 0.2642849308341074 8
0.09141304589761834 0.8240001392521545 0.24258530707554438 0.6353788001815931 0.26636259752196156 8
0.5176552180494552 0.18690931193715576 0.9639956453008132 0.9512617386458587 0.6107384040816587 4
0.23198811780750006 0.9273454059532392 0.2187757800946606 0.43829688609200346 0.33766607942183124 8
0.3196386178706957 0.2667775115005243 0.7807663626536931 0.5920278579781761 0.1632980628541788 5
0.4839541032620711 0.2753907805194632 0.880185854108393 0.9029205050892132 0.44560079292665566 5
0.25037093583107906 0.46189726433343625 0.6929023533164834 0.662812931091996 0.7162179346084457 1
0.8643381157945631 0.5084524642215933 0.1493107090308219 0.6983858496004037 0.8976185956348605 7
0.37276564116325683 0.4032550716717437 0.33066153412132493 0.8893082345139274 0.635881840926211 1
0.10130570527724003 0.9937491240816178 0.027305906023764592 0.18399368677527295 0.01702615028663257 8
0.17547060458381036 0.47520391710207766 0.33326672454481543 0.4878730245236276 0.05579187525426765 1
0.5750906107922512 0.422327251175462 0.47063867710449603 0.2522581970793467 0.565486499525774 3
0.5750906107922512 0.422327251175462 0.47063867710449603 0.2522581970793467 0.565486499525774 3
0.779471643869624 0.2823489433200479 0.3603354914352235 0.09433004376792109 0.2642849308341074 8
0.7200863648783956 0.8123621809777302 0.07268181724893186 0.8270356456865455 0.28158576848658967 8
0.09141304589761834 0.8240001392521545 0.24258530707554438 0.6353788001815931 0.26636259752196156 8
0.17800929875895322 0.07354211217669537 0.07087039584592336 0.06142116757177163 0.9216676127435868 8
0.17800929875895322 0.07354211217669537 0.07087039584592336 0.06142116757177163 0.9216676127435868 8
0.17800929875895322 0.07354211217669537 0.07087039584592336 0.06142116757177163 0.9216676127435868 8
0.37276564116325683 0.4032550716717437 0.33066153412132493 0.8893082345139274 0.635881840926211 1
0.4008123816748079 0.4320049385438586 0.49061857390273655 0.604881733875068 0.9096504876536405 4
0.25037093583107906 0.46189726433343625 0.6929023533164834 0.662812931091996 0.7162179346084457 1
0.4839541032620711 0.2753907805194632 0.880185854108393 0.9029205050892132 0.44560079292665566 5
0.37276564116325683 0.4032550716717437 0.33066153412132493 0.8893082345139274 0.635881840926211 1
0.5172794483440699 0.360832348806723 0.9024967140501761 0.19722704788323597 0.9497066129330446 7
0.02227420003820313 0.3097358453671494 0.08000917677168462 0.18690086128473093 0.4174212364069403 5
0.5172794483440699 0.360832348806723 0.9024967140501761 0.19722704788323597 0.9497066129330446 7
0.5750906107922512 0.422327251175462 0.47063867710449603 0.2522581970793467 0.565486499525774 3
0.02227420003820313 0.3097358453671494 0.08000917677168462 0.18690086128473093 0.4174212364069403 5
0.779471643869624 0.2823489433200479 0.3603354914352235 0.09433004376792109 0.2642849308341074 8
0.7476549297958875 0.6833546598754174 0.8495770244429034 0.189633723584134 0.5773345322870949 5
0.09141304589761834 0.8240001392521545 0.24258530707554438 0.6353788001815931 0.26636259752196156 8
0.09141304589761834 0.8240001392521545 0.24258530707554438 0.6353788001815931 0.26636259752196156 8
0.09141304589761834 0.8240001392521545 0.24258530707554438 0.6353788001815931 0.26636259752196156 8
0.5176552180494552 0.18690931193715576 0.9639956453008132 0.9512617386458587 0.6107384040816587 4
0.23198811780750006 0.9273454059532392 0.2187757800946606 0.43829688609200346 0.33766607942183124 8
0.3196386178706957 0.2667775115005243 0.7807663626536931 0.5920278579781761 0.1632980628541788 5
0.4839541032620711 0.2753907805194632 0.880185854108393 0.9029205050892132 0.44560079292665566 5
0.25037093583107906 0.46189726433343625 0.6929023533164834 0.662812931091996 0.7162179346084457 1
0.8643381157945631 0.5084524642215933 0.1493107090308219 0.6983858496004037 0.8976185956348605 7
0.37276564116325683 0.4032550716717437 0.33066153412132493 0.8893082345139274 0.635881840926211 1
0.10130570527724003 0.9937491240816178 0.027305906023764592 0.18399368677527295 0.01702615028663257 8
0.17547060458381036 0.47520391710207766 0.33326672454481543 0.4878730245236276 0.05579187525426765 1
0.17585435195713184 0.746723752856838 0.04222654873876153 0.4287857938552604 0.9012665553988856 2
0.5750906107922512 0.422327251175462 0.47063867710449603 0.2522581970793467 0.565486499525774 3
0.779471643869624 0.2823489433200479 0.3603354914352235 0.09433004376792109 0.2642849308341074 8
0.779471643869624 0.2823489433200479 0.3603354914352235 0.09433004376792109 0.2642849308341074 8
0.02449219788758772 0.875170000278515 0.6669218310184933 0.8440176677555339 0.6940098879048903 4
0.09141304589761834 0.8240001392521545 0.24258530707554438 0.6353788001815931 0.26636259752196156 8
8.076058094610428E-4 0.31325448757038843 0.7766684396326623 0.9505864903571953 0.3159243606739315 2
0.17800929875895322 0.07354211217669537 0.07087039584592336 0.06142116757177163 0.9216676127435868 8
0.37276564116325683 0.4032550716717437 0.33066153412132493 0.8893082345139274 0.635881840926211 1
0.4008123816748079 0.4320049385438586 0.49061857390273655 0.604881733875068 0.9096504876536405 4
0.9694823153825691 0.40060489882903905 0.7385506243734253 0.18969379763263772 0.18834708569453928 1
0.8643381157945631 0.5084524642215933 0.1493107090308219 0.6983858496004037 0.8976185956348605 7
0.37276564116325683 0.4032550716717437 0.33066153412132493 0.8893082345139274 0.635881840926211 1
0.31496604375006887 0.6357277931312565 0.8743019270894964 0.5414107740740712 0.570659386256117 2
0.5172794483440699 0.360832348806723 0.9024967140501761 0.19722704788323597 0.9497066129330446 7
0.5172794483440699 0.360832348806723 0.9024967140501761 0.19722704788323597 0.9497066129330446 7
0.02227420003820313 0.3097358453671494 0.08000917677168462 0.18690086128473093 0.4174212364069403 5
0.5750906107922512 0.422327251175462 0.47063867710449603 0.2522581970793467 0.565486499525774 3
0.1601442463901599 0.6088635710648336 0.559552313796391 0.343913205606287 0.1883012055351987 1
0.09141304589761834 0.8240001392521545 0.24258530707554438 0.6353788001815931 0.26636259752196156 8
8.076058094610428E-4 0.31325448757038843 0.7766684396326623 0.9505864903571953 0.3159243606739315 2
0.17800929875895322 0.07354211217669537 0.07087039584592336 0.06142116757177163 0.9216676127435868 8
0.37276564116325683 0.4032550716717437 0.33066153412132493 0.8893082345139274 0.635881840926211 1
0.37276564116325683 0.4032550716717437 0.33066153412132493 0.8893082345139274 0.635881840926211 1
0.5176552180494552 0.18690931193715576 0.9639956453008132 0.9512617386458587 0.6107384040816587 4
0.9694823153825691 0.40060489882903905 0.7385506243734253 0.18969379763263772 0.18834708569453928 1
0.4839541032620711 0.2753907805194632 0.880185854108393 0.9029205050892132 0.44560079292665566 5
0.25037093583107906 0.46189726433343625 0.6929023533164834 0.662812931091996 0.7162179346084457 1
0.37276564116325683 0.4032550716717437 0.33066153412132493 0.8893082345139274 0.635881840926211 1
0.10130570527724003 0.9937491240816178 0.027305906023764592 0.18399368677527295 0.01702615028663257 8
0.5172794483440699 0.360832348806723 0.9024967140501761 0.19722704788323597 0.9497066129330446 7
0.779471643869624 0.2823489433200479 0.3603354914352235 0.09433004376792109 0.2642849308341074 8
0.5750906107922512 0.422327251175462 0.47063867710449603 0.2522581970793467 0.565486499525774 3
0.1601442463901599 0.6088635710648336 0.559552313796391 0.343913205606287 0.1883012055351987 1
0.02449219788758772 0.875170000278515 0.6669218310184933 0.8440176677555339 0.6940098879048903 4
0.779471643869624 0.2823489433200479 0.3603354914352235 0.09433004376792109 0.2642849308341074 8
0.09141304589761834 0.8240001392521545 0.24258530707554438 0.6353788001815931 0.26636259752196156 8
0.23198811780750006 0.9273454059532392 0.2187757800946606 0.43829688609200346 0.33766607942183124 8
0.17800929875895322 0.07354211217669537 0.07087039584592336 0.06142116757177163 0.9216676127435868 8
0.3196386178706957 0.2667775115005243 0.7807663626536931 0.5920278579781761 0.1632980628541788 5
0.5176552180494552 0.18690931193715576 0.9639956453008132 0.9512617386458587 0.6107384040816587 4
0.9694823153825691 0.40060489882903905 0.7385506243734253 0.18969379763263772 0.18834708569453928 1
0.4839541032620711 0.2753907805194632 0.880185854108393 0.9029205050892132 0.44560079292665566 5
0.10130570527724003 0.9937491240816178 0.027305906023764592 0.18399368677527295 0.01702615028663257 8
0.37276564116325683 0.4032550716717437 0.33066153412132493 0.8893082345139274 0.635881840926211 1
0.02227420003820313 0.3097358453671494 0.08000917677168462 0.18690086128473093 0.4174212364069403 5
0.5172794483440699 0.360832348806723 0.9024967140501761 0.19722704788323597 0.9497066129330446 7
0.779471643869624 0.2823489433200479 0.3603354914352235 0.09433004376792109 0.2642849308341074 8
0.779471643869624 0.2823489433200479 0.3603354914352235 0.09433004376792109 0.2642849308341074 8
0.779471643869624 0.2823489433200479 0.3603354914352235 0.09433004376792109 0.2642849308341074 8
0.022283895779894647 0.8149592626357368 0.01830459185281952 0.7688314724072545 0.7621719634421904 7
0.17800929875895322 0.07354211217669537 0.07087039584592336 0.06142116757177163 0.9216676127435868 8
0.17800929875895322 0.07354211217669537 0.07087039584592336 0.06142116757177163 0.9216676127435868 8
0.37276564116325683 0.4032550716717437 0.33066153412132493 0.8893082345139274 0.635881840926211 1
0.37276564116325683 0.4032550716717437 0.33066153412132493 0.8893082345139274 0.635881840926211 1
0.5176552180494552 0.18690931193715576 0.9639956453008132 0.9512617386458587 0.6107384040816587 4
0.9694823153825691 0.40060489882903905 0.7385506243734253 0.18969379763263772 0.18834708569453928 1
0.4839541032620711 0.2753907805194632 0.880185854108393 0.9029205050892132 0.44560079292665566 5
0.25037093583107906 0.46189726433343625 0.6929023533164834 0.662812931091996 0.7162179346084457 1
0.37276564116325683 0.4032550716717437 0.33066153412132493 0.8893082345139274 0.635881840926211 1
0.10130570527724003 0.9937491240816178 0.027305906023764592 0.18399368677527295 0.01702615028663257 8
0.5172794483440699 0.360832348806723 0.9024967140501761 0.19722704788323597 0.9497066129330446 7
0.779471643869624 0.2823489433200479 0.3603354914352235 0.09433004376792109 0.2642849308341074 8
0.5750906107922512 0.422327251175462 0.47063867710449603 0.2522581970793467 0.565486499525774 3
0.1601442463901599 0.6088635710648336 0.559552313796391 0.343913205606287 0.1883012055351987 1
0.09141304589761834 0.8240001392521545 0.24258530707554438 0.6353788001815931 0.26636259752196156 8
0.07119561694268739 0.5083171775193713 0.20639179726767276 0.7455889191395789 0.46450690576009956 1
0.022283895779894647 0.8149592626357368 0.01830459185281952 0.7688314724072545 0.7621719634421904 7
0.779471643869624 0.2823489433200479 0.3603354914352235 0.09433004376792109 0.2642849308341074 8
0.09141304589761834 0.8240001392521545 0.24258530707554438 0.6353788001815931 0.26636259752196156 8
0.23198811780750006 0.9273454059532392 0.2187757800946606 0.43829688609200346 0.33766607942183124 8
0.17800929875895322 0.07354211217669537 0.07087039584592336 0.06142116757177163 0.9216676127435868 8
0.5176552180494552 0.18690931193715576 0.9639956453008132 0.9512617386458587 0.6107384040816587 4
0.4839541032620711 0.2753907805194632 0.880185854108393 0.9029205050892132 0.44560079292665566 5
0.25037093583107906 0.46189726433343625 0.6929023533164834 0.662812931091996 0.7162179346084457 1
0.37276564116325683 0.4032550716717437 0.33066153412132493 0.8893082345139274 0.635881840926211 1
0.10130570527724003 0.9937491240816178 0.027305906023764592 0.18399368677527295 0.01702615028663257 8
0.17547060458381036 0.47520391710207766 0.33326672454481543 0.4878730245236276 0.05579187525426765 1
0.02227420003820313 0.3097358453671494 0.08000917677168462 0.18690086128473093 0.4174212364069403 5
0.5750906107922512 0.422327251175462 0.47063867710449603 0.2522581970793467 0.565486499525774 3
0.779471643869624 0.2823489433200479 0.3603354914352235 0.09433004376792109 0.2642849308341074 8
0.779471643869624 0.2823489433200479 0.3603354914352235 0.09433004376792109 0.2642849308341074 8
0.779471643869624 0.2823489433200479 0.3603354914352235 0.09433004376792109 0.2642849308341074 8
0.09141304589761834 0.8240001392521545 0.24258530707554438 0.6353788001815931 0.26636259752196156 8
0.23198811780750006 0.9273454059532392 0.2187757800946606 0.43829688609200346 0.33766607942183124 8
0.17800929875895322 0.07354211217669537 0.07087039584592336 0.06142116757177163 0.9216676127435868 8
0.3196386178706957 0.2667775115005243 0.7807663626536931 0.5920278579781761 0.1632980628541788 5
0.5176552180494552 0.18690931193715576 0.9639956453008132 0.9512617386458587 0.6107384040816587 4
0.9694823153825691 0.40060489882903905 0.7385506243734253 0.18969379763263772 0.18834708569453928 1
0.4839541032620711 0.2753907805194632 0.880185854108393 0.9029205050892132 0.44560079292665566 5
0.25037093583107906 0.46189726433343625 0.6929023533164834 0.662812931091996 0.7162179346084457 1
0.37276564116325683 0.4032550716717437 0.33066153412132493 0.8893082345139274 0.635881840926211 1
0.10130570527724003 0.9937491240816178 0.027305906023764592 0.18399368677527295 0.01702615028663257 8
0.5172794483440699 0.360832348806723 0.9024967140501761 0.19722704788323597 0.9497066129330446 7
0.779471643869624 0.2823489433200479 0.3603354914352235 0.09433004376792109 0.2642849308341074 8
0.779471643869624 0.2823489433200479 0.3603354914352235 0.09433004376792109 0.2642849308341074 8
0.779471643869624 0.2823489433200479 0.3603354914352235 0.09433004376792109 0.2642849308341074 8
0.09141304589761834 0.8240001392521545 0.24258530707554438 0.6353788001815931 0.26636259752196156 8
0.09141304589761834 0.8240001392521545 0.24258530707554438 0.6353788001815931 0.26636259752196156 8
0.5176552180494552 0.18690931193715576 0.9639956453008132 0.9512617386458587 0.6107384040816587 4
0.17800929875895322 0.07354211217669537 0.07087039584592336 0.06142116757177163 0.9216676127435868 8
0.37276564116325683 0.4032550716717437 0.33066153412132493 0.8893082345139274 0.635881840926211 1
0.37276564116325683 0.4032550716717437 0.33066153412132493 0.8893082345139274 0.635881840926211 1
0.25037093583107906 0.46189726433343625 0.6929023533164834 0.662812931091996 0.7162179346084457 1
0.8643381157945631 0.5084524642215933 0.1493107090308219 0.6983858496004037 0.8976185956348605 7
0.37276564116325683 0.4032550716717437 0.33066153412132493 0.8893082345139274 0.635881840926211 1
0.10130570527724003 0.9937491240816178 0.027305906023764592 0.18399368677527295 0.01702615028663257 8
0.17547060458381036 0.47520391710207766 0.33326672454481543 0.4878730245236276 0.05579187525426765 1
0.17585435195713184 0.746723752856838 0.04222654873876153 0.4287857938552604 0.9012665553988856 2
0.5750906107922512 0.422327251175462 0.47063867710449603 0.2522581970793467 0.565486499525774 3
0.779471643869624 0.2823489433200479 0.3603354914352235 0.09433004376792109 0.2642849308341074 8
0.779471643869624 0.2823489433200479 0.3603354914352235 0.09433004376792109 0.2642849308341074 8
0.2219340626396753 0.7486100130629383 0.46776981510550386 0.778800421105555 0.36941342573146174 7
0.5176552180494552 0.18690931193715576 0.9639956453008132 0.9512617386458587 0.6107384040816587 4
0.17800929875895322 0.07354211217669537 0.07087039584592336 0.06142116757177163 0.9216676127435868 8
0.3196386178706957 0.2667775115005243 0.7807663626536931 0.5920278579781761 0.1632980628541788 5
0.37276564116325683 0.4032550716717437 0.33066153412132493 0.8893082345139274 0.635881840926211 1
0.25037093583107906 0.46189726433343625 0.6929023533164834 0.662812931091996 0.7162179346084457 1
0.25037093583107906 0.46189726433343625 0.6929023533164834 0.662812931091996 0.7162179346084457 1
0.8643381157945631 0.5084524642215933 0.1493107090308219 0.6983858496004037 0.8976185956348605 7
0.37276564116325683 0.4032550716717437 0.33066153412132493 0.8893082345139274 0.635881840926211 1
0.37276564116325683 0.4032550716717437 0.33066153412132493 0.8893082345139274 0.635881840926211 1
0.5172794483440699 0.360832348806723 0.9024967140501761 0.19722704788323597 0.9497066129330446 7
0.5172794483440699 0.360832348806723 0.9024967140501761 0.19722704788323597 0.9497066129330446 7
0.5750906107922512 0.422327251175462 0.47063867710449603 0.2522581970793467 0.565486499525774 3
0.779471643869624 0.2823489433200479 0.3603354914352235 0.09433004376792109 0.2642849308341074 8
0.09141304589761834 0.8240001392521545 0.24258530707554438 0.6353788001815931 0.26636259752196156 8
0.09141304589761834 0.8240001392521545 0.24258530707554438 0.6353788001815931 0.26636259752196156 8
0.09141304589761834 0.8240001392521545 0.24258530707554438 0.6353788001815931 0.26636259752196156 8
0.37276564116325683 0.4032550716717437 0.33066153412132493 0.8893082345139274 0.635881840926211 1
0.4839541032620711 0.2753907805194632 0.880185854108393 0.9029205050892132 0.44560079292665566 5
0.4839541032620711 0.2753907805194632 0.880185854108393 0.9029205050892132 0.44560079292665566 5
0.25037093583107906 0.46189726433343625 0.6929023533164834 0.662812931091996 0.7162179346084457 1
0.8643381157945631 0.5084524642215933 0.1493107090308219 0.6983858496004037 0.8976185956348605 7
0.37276564116325683 0.4032550716717437 0.33066153412132493 0.8893082345139274 0.635881840926211 1
0.10130570527724003 0.9937491240816178 0.027305906023764592 0.18399368677527295 0.01702615028663257 8
0.5172794483440699 0.360832348806723 0.9024967140501761 0.19722704788323597 0.9497066129330446 7
0.02227420003820313 0.3097358453671494 0.08000917677168462 0.18690086128473093 0.4174212364069403 5
0.5750906107922512 0.422327251175462 0.47063867710449603 0.2522581970793467 0.565486499525774 3
0.779471643869624 0.2823489433200479 0.3603354914352235 0.09433004376792109 0.2642849308341074 8
0.2219340626396753 0.7486100130629383 0.46776981510550386 0.778800421105555 0.36941342573146174 7
0.4672086564254939 0.726644439963109 0.37107683348682674 0.9972953981302469 0.06653736477845473 4
0.09141304589761834 0.8240001392521545 0.24258530707554438 0.6353788001815931 0.26636259752196156 8
0.779471643869624 0.2823489433200479 0.3603354914352235 0.09433004376792109 0.2642849308341074 8
0.09141304589761834 0.8240001392521545 0.24258530707554438 0.6353788001815931 0.26636259752196156 8
0.17800929875895322 0.07354211217669537 0.07087039584592336 0.06142116757177163 0.9216676127435868 8
0.17800929875895322 0.07354211217669537 0.07087039584592336 0.06142116757177163 0.9216676127435868 8
0.37276564116325683 0.4032550716717437 0.33066153412132493 0.8893082345139274 0.635881840926211 1
0.8643381157945631 0.5084524642215933 0.1493107090308219 0.6983858496004037 0.8976185956348605 7
0.37276564116325683 0.4032550716717437 0.33066153412132493 0.8893082345139274 0.635881840926211 1
0.10130570527724003 0.9937491240816178 0.027305906023764592 0.18399368677527295 0.01702615028663257 8
0.02227420003820313 0.3097358453671494 0.08000917677168462 0.18690086128473093 0.4174212364069403 5
0.5750906107922512 0.422327251175462 0.47063867710449603 0.2522581970793467 0.565486499525774 3
0.5750906107922512 0.422327251175462 0.47063867710449603 0.2522581970793467 0.565486499525774 3
0.779471643869624 0.2823489433200479 0.3603354914352235 0.09433004376792109 0.2642849308341074 8
0.779471643869624 0.2823489433200479 0.3603354914352235 0.09433004376792109 0.2642849308341074 8
0.022283895779894647 0.8149592626357368 0.01830459185281952 0.7688314724072545 0.7621719634421904 7
0.779471643869624 0.2823489433200479 0.3603354914352235 0.09433004376792109 0.2642849308341074 8
0.09141304589761834 0.8240001392521545 0.24258530707554438 0.6353788001815931 0.26636259752196156 8
0.23198811780750006 0.9273454059532392 0.2187757800946606 0.43829688609200346 0.33766607942183124 8
0.17800929875895322 0.07354211217669537 0.07087039584592336 0.06142116757177163 0.9216676127435868 8
0.5176552180494552 0.18690931193715576 0.9639956453008132 0.9512617386458587 0.6107384040816587 4
0.4839541032620711 0.2753907805194632 0.880185854108393 0.9029205050892132 0.44560079292665566 5
0.25037093583107906 0.46189726433343625 0.6929023533164834 0.662812931091996 0.7162179346084457 1
0.37276564116325683 0.4032550716717437 0.33066153412132493 0.8893082345139274 0.635881840926211 1
0.10130570527724003 0.9937491240816178 0.027305906023764592 0.18399368677527295 0.01702615028663257 8
0.17547060458381036 0.47520391710207766 0.33326672454481543 0.4878730245236276 0.05579187525426765 1
0.02227420003820313 0.3097358453671494 0.08000917677168462 0.18690086128473093 0.4174212364069403 5
0.5750906107922512 0.422327251175462 0.47063867710449603 0.2522581970793467 0.565486499525774 3
0.779471643869624 0.2823489433200479 0.3603354914352235 0.09433004376792109 0.2642849308341074 8
0.779471643869624 0.2823489433200479 0.3603354914352235 0.09433004376792109 0.2642849308341074 8
0.09141304589761834 0.8240001392521545 0.24258530707554438 0.6353788001815931 0.26636259752196156 8
0.09141304589761834 0.8240001392521545 0.24258530707554438 0.6353788001815931 0.26636259752196156 8
0.5176552180494552 0.18690931193715576 0.9639956453008132 0.9512617386458587 0.6107384040816587 4
0.17800929875895322 0.07354211217669537 0.07087039584592336 0.06142116757177163 0.9216676127435868 8
0.37276564116325683 0.4032550716717437 0.33066153412132493 0.8893082345139274 0.635881840926211 1
0.37276564116325683 0.4032550716717437 0.33066153412132493 0.8893082345139274 0.635881840926211 1
0.25037093583107906 0.46189726433343625 0.6929023533164834 0.662812931091996 0.7162179346084457 1
0.8643381157945631 0.5084524642215933 0.1493107090308219 0.6983858496004037 0.8976185956348605 7
0.37276564116325683 0.4032550716717437 0.33066153412132493 0.8893082345139274 0.635881840926211 1
0.10130570527724003 0.9937491240816178 0.027305906023764592 0.18399368677527295 0.01702615028663257 8
0.17547060458381036 0.47520391710207766 0.33326672454481543 0.4878730245236276 0.05579187525426765 1
0.5172794483440699 0.360832348806723 0.9024967140501761 0.19722704788323597 0.9497066129330446 7
0.779471643869624 0.2823489433200479 0.3603354914352235 0.09433004376792109 0.2642849308341074 8
0.779471643869624 0.2823489433200479 0.3603354914352235 0.09433004376792109 0.2642849308341074 8
0.779471643869624 0.2823489433200479 0.3603354914352235 0.09433004376792109 0.2642849308341074 8
8.076058094610428E-4 0.31325448757038843 0.7766684396326623 0.9505864903571953 0.3159243606739315 2
0.23198811780750006 0.9273454059532392 0.2187757800946606 0.43829688609200346 0.33766607942183124 8
0.17800929875895322 0.07354211217669537 0.07087039584592336 0.06142116757177163 0.9216676127435868 8
0.37276564116325683 0.4032550716717437 0.33066153412132493 0.8893082345139274 0.635881840926211 1
0.5176552180494552 0.18690931193715576 0.9639956453008132 0.9512617386458587 0.6107384040816587 4
0.9694823153825691 0.40060489882903905 0.7385506243734253 0.18969379763263772 0.18834708569453928 1
0.4839541032620711 0.2753907805194632 0.880185854108393 0.9029205050892132 0.44560079292665566 5
0.25037093583107906 0.46189726433343625 0.6929023533164834 0.662812931091996 0.7162179346084457 1
0.37276564116325683 0.4032550716717437 0.33066153412132493 0.8893082345139274 0.635881840926211 1
0.5172794483440699 0.360832348806723 0.9024967140501761 0.19722704788323597 0.9497066129330446 7
0.02227420003820313 0.3097358453671494 0.08000917677168462 0.18690086128473093 0.4174212364069403 5
0.5750906107922512 0.422327251175462 0.47063867710449603 0.2522581970793467 0.565486499525774 3
0.02227420003820313 0.3097358453671494 0.08000917677168462 0.18690086128473093 0.4174212364069403 5
0.779471643869624 0.2823489433200479 0.3603354914352235 0.09433004376792109 0.2642849308341074 8
0.09141304589761834 0.8240001392521545 0.24258530707554438 0.6353788001815931 0.26636259752196156 8
0.779471643869624 0.2823489433200479 0.3603354914352235 0.09433004376792109 0.2642849308341074 8
0.07119561694268739 0.5083171775193713 0.20639179726767276 0.7455889191395789 0.46450690576009956 1
0.17800929875895322 0.07354211217669537 0.07087039584592336 0.06142116757177163 0.9216676127435868 8
0.17800929875895322 0.07354211217669537 0.07087039584592336 0.06142116757177163 0.9216676127435868 8
0.37276564116325683 0.4032550716717437 0.33066153412132493 0.8893082345139274 0.635881840926211 1
0.37276564116325683 0.4032550716717437 0.33066153412132493 0.8893082345139274 0.635881840926211 1
0.5176552180494552 0.18690931193715576 0.9639956453008132 0.9512617386458587 0.6107384040816587 4
0.9694823153825691 0.40060489882903905 0.7385506243734253 0.18969379763263772 0.18834708569453928 1
0.4839541032620711 0.2753907805194632 0.880185854108393 0.9029205050892132 0.44560079292665566 5
0.37276564116325683 0.4032550716717437 0.33066153412132493 0.8893082345139274 0.635881840926211 1
0.10130570527724003 0.9937491240816178 0.027305906023764592 0.18399368677527295 0.01702615028663257 8
0.5172794483440699 0.360832348806723 0.9024967140501761 0.19722704788323597 0.9497066129330446 7
0.779471643869624 0.2823489433200479 0.3603354914352235 0.09433004376792109 0.2642849308341074 8
0.5750906107922512 0.422327251175462 0.47063867710449603 0.2522581970793467 0.565486499525774 3
0.1601442463901599 0.6088635710648336 0.559552313796391 0.343913205606287 0.1883012055351987 1
0.09141304589761834 0.8240001392521545 0.24258530707554438 0.6353788001815931 0.26636259752196156 8
0.8515730754428146 0.037308464045331835 0.11889089020341292 0.7788779728884931 0.2495627964318431 1
0.17540879225024575 0.17679647794125686 0.9369562012296141 0.7652083466907363 0.9382949488300912 6
0.17800929875895322 0.07354211217669537 0.07087039584592336 0.06142116757177163 0.9216676127435868 8
0.37276564116325683 0.4032550716717437 0.33066153412132493 0.8893082345139274 0.635881840926211 1
0.37276564116325683 0.4032550716717437 0.33066153412132493 0.8893082345139274 0.635881840926211 1
0.5176552180494552 0.18690931193715576 0.9639956453008132 0.9512617386458587 0.6107384040816587 4
0.9694823153825691 0.40060489882903905 0.7385506243734253 0.18969379763263772 0.18834708569453928 1
0.4839541032620711 0.2753907805194632 0.880185854108393 0.9029205050892132 0.44560079292665566 5
0.37276564116325683 0.4032550716717437 0.33066153412132493 0.8893082345139274 0.635881840926211 1
0.10130570527724003 0.9937491240816178 0.027305906023764592 0.18399368677527295 0.01702615028663257 8
0.5172794483440699 0.360832348806723 0.9024967140501761 0.19722704788323597 0.9497066129330446 7
0.5172794483440699 0.360832348806723 0.9024967140501761 0.19722704788323597 0.9497066129330446 7
0.5750906107922512 0.422327251175462 0.47063867710449603 0.2522581970793467 0.565486499525774 3
0.5750906107922512 0.422327251175462 0.47063867710449603 0.2522581970793467 0.565486499525774 3
0.21030335433832692 0.8400380998749558 0.407239769578415 0.07627036436060197 0.5465543167045127 2
0.779471643869624 0.2823489433200479 0.3603354914352235 0.09433004376792109 0.2642849308341074 8
0.09141304589761834 0.8240001392521545 0.24258530707554438 0.6353788001815931 0.26636259752196156 8
0.5176552180494552 0.18690931193715576 0.9639956453008132 0.9512617386458587 0.6107384040816587 4
0.37276564116325683 0.4032550716717437 0.33066153412132493 0.8893082345139274 0.635881840926211 1
0.3196386178706957 0.2667775115005243 0.7807663626536931 0.5920278579781761 0.1632980628541788 5
0.3196386178706957 0.2667775115005243 0.7807663626536931 0.5920278579781761 0.1632980628541788 5
0.4839541032620711 0.2753907805194632 0.880185854108393 0.9029205050892132 0.44560079292665566 5
0.25037093583107906 0.46189726433343625 0.6929023533164834 0.662812931091996 0.7162179346084457 1
0.8643381157945631 0.5084524642215933 0.1493107090308219 0.6983858496004037 0.8976185956348605 7
0.5172794483440699 0.360832348806723 0.9024967140501761 0.19722704788323597 0.9497066129330446 7
0.5172794483440699 0.360832348806723 0.9024967140501761 0.19722704788323597 0.9497066129330446 7
0.5172794483440699 0.360832348806723 0.9024967140501761 0.19722704788323597 0.9497066129330446 7
0.5750906107922512 0.422327251175462 0.47063867710449603 0.2522581970793467 0.565486499525774 3
0.779471643869624 0.2823489433200479 0.3603354914352235 0.09433004376792109 0.2642849308341074 8
0.779471643869624 0.2823489433200479 0.3603354914352235 0.09433004376792109 0.2642849308341074 8
0.4672086564254939 0.726644439963109 0.37107683348682674 0.9972953981302469 0.06653736477845473 4
0.38651360048349903 0.5950528384639077 0.42670071252144914 0.93227529876319 0.1293548209400549 2
0.17800929875895322 0.07354211217669537 0.07087039584592336 0.06142116757177163 0.9216676127435868 8
0.17800929875895322 0.07354211217669537 0.07087039584592336 0.06142116757177163 0.9216676127435868 8
0.09141304589761834 0.8240001392521545 0.24258530707554438 0.6353788001815931 0.26636259752196156 8
0.17800929875895322 0.07354211217669537 0.07087039584592336 0.06142116757177163 0.9216676127435868 8
0.37276564116325683 0.4032550716717437 0.33066153412132493 0.8893082345139274 0.635881840926211 1
0.4839541032620711 0.2753907805194632 0.880185854108393 0.9029205050892132 0.44560079292665566 5
0.25037093583107906 0.46189726433343625 0.6929023533164834 0.662812931091996 0.7162179346084457 1
0.8643381157945631 0.5084524642215933 0.1493107090308219 0.6983858496004037 0.8976185956348605 7
0.37276564116325683 0.4032550716717437 0.33066153412132493 0.8893082345139274 0.635881840926211 1
0.10130570527724003 0.9937491240816178 0.027305906023764592 0.18399368677527295 0.01702615028663257 8
0.5172794483440699 0.360832348806723 0.9024967140501761 0.19722704788323597 0.9497066129330446 7
0.779471643869624 0.2823489433200479 0.3603354914352235 0.09433004376792109 0.2642849308341074 8
0.5750906107922512 0.422327251175462 0.47063867710449603 0.2522581970793467 0.565486499525774 3
0.1601442463901599 0.6088635710648336 0.559552313796391 0.343913205606287 0.1883012055351987 1
0.09141304589761834 0.8240001392521545 0.24258530707554438 0.6353788001815931 0.26636259752196156 8
0.07119561694268739 0.5083171775193713 0.20639179726767276 0.7455889191395789 0.46450690576009956 1
0.09141304589761834 0.8240001392521545 0.24258530707554438 0.6353788001815931 0.26636259752196156 8
0.17540879225024575 0.17679647794125686 0.9369562012296141 0.7652083466907363 0.9382949488300912 6
0.17540879225024575 0.17679647794125686 0.9369562012296141 0.7652083466907363 0.9382949488300912 6
0.37276564116325683 0.4032550716717437 0.33066153412132493 0.8893082345139274 0.635881840926211 1
0.4008123816748079 0.4320049385438586 0.49061857390273655 0.604881733875068 0.9096504876536405 4
0.9694823153825691 0.40060489882903905 0.7385506243734253 0.18969379763263772 0.18834708569453928 1
0.25037093583107906 0.46189726433343625 0.6929023533164834 0.662812931091996 0.7162179346084457 1
0.8643381157945631 0.5084524642215933 0.1493107090308219 0.6983858496004037 0.8976185956348605 7
0.37276564116325683 0.4032550716717437 0.33066153412132493 0.8893082345139274 0.635881840926211 1
0.10130570527724003 0.9937491240816178 0.027305906023764592 0.18399368677527295 0.01702615028663257 8
0.5172794483440699 0.360832348806723 0.9024967140501761 0.19722704788323597 0.9497066129330446 7
0.02227420003820313 0.3097358453671494 0.08000917677168462 0.18690086128473093 0.4174212364069403 5
0.5750906107922512 0.422327251175462 0.47063867710449603 0.2522581970793467 0.565486499525774 3
0.7767478231781141 0.8826422922615014 0.7597981824961205 0.7050455529536547 0.6817779219664585 6
0.2219340626396753 0.7486100130629383 0.46776981510550386 0.778800421105555 0.36941342573146174 7
