population 0 fitness 0.5061804651610744 years 40.0 length 17
population 1 fitness 0.5066837424751188 years 40.0 length 16
population 2 fitness 0.5069142527279435 years 39.0 length 16
population 3 fitness 0.5072214288488491 years 39.0 length 16
population 4 fitness 0.5074644668396815 years 38.0 length 16
population 5 fitness 0.5073543286409155 years 36.0 length 16
population 6 fitness 0.5074928945943344 years 36.0 length 16
population 7 fitness 0.5076420637627785 years 35.0 length 16
population 8 fitness 0.5070815551592103 years 34.0 length 16
population 9 fitness 0.5076099470457385 years 34.0 length 16
population 10 fitness 0.5077196955187344 years 32.0 length 15
population 11 fitness 0.5072001714137792 years 27.0 length 16
population 12 fitness 0.507662951300937 years 27.0 length 16
population 13 fitness 0.5069607230238657 years 26.0 length 16
population 14 fitness 0.5074735040355465 years 26.0 length 16
population 15 fitness 0.5061746131776381 years 25.0 length 16
population 16 fitness 0.5063024685373647 years 25.0 length 16
population 17 fitness 0.5070228041048376 years 24.0 length 16
population 18 fitness 0.5072115584584718 years 24.0 length 15
population 19 fitness 0.5058539947846517 years 23.0 length 15
population 20 fitness 0.5065510854666939 years 23.0 length 16
population 21 fitness 0.5063693816396111 years 22.0 length 16
population 22 fitness 0.5071319709099044 years 22.0 length 16
population 23 fitness 0.5064205782509174 years 21.0 length 16
population 24 fitness 0.5069069933717504 years 21.0 length 16
population 25 fitness 0.507729966066707 years 20.0 length 16
population 26 fitness 0.5073048579501007 years 16.0 length 16
population 27 fitness 0.5069790138641752 years 11.0 length 16
population 28 fitness 0.5072147917408896 years 11.0 length 16
population 29 fitness 0.5072213426795346 years 10.0 length 15
population 30 fitness 0.5050252366120983 years 9.0 length 16
population 31 fitness 0.5064297789651604 years 9.0 length 16
population 32 fitness 0.49993019089594437 years 8.0 length 16
population 33 fitness 0.5013487809170519 years 8.0 length 15
population 34 fitness 0.5028015985113009 years 7.0 length 16
population 35 fitness 0.5032009818952018 years 7.0 length 16
population 36 fitness 0.501714640444878 years 6.0 length 17
population 37 fitness 0.5036947055879373 years 6.0 length 16
population 38 fitness 0.5021054075485709 years 5.0 length 16
population 39 fitness 0.5024047640581812 years 5.0 length 16

0.41482335150450045 0.9804907031093729 0.18722294134538542 0.9661931959136014 0.1506180345746615 3
0.6232147856279976 0.4997024680967945 0.7866886383100853 0.5759424487312452 0.9298052689418462 2
0.926067120569571 0.9222122891148462 0.3562876055451254 0.6676441555247322 0.6622751167546846 1
0.3293441756409804 0.3360369648081939 0.021769228942276952 0.6531729303671995 0.6037002450688275 5
0.3479858571361042 0.1381422447059344 0.17262492192639367 0.16647760117885257 0.788618718970324 6
0.07572434702490194 0.3964351729322788 0.5159975900228158 0.07840350269442498 0.4510248845337276 5
0.26709184685977605 0.7751575205074301 0.42876819386930376 0.7524625296770006 0.5090986234771832 2
0.7871740165872886 0.2431767167704535 0.8286495515176209 0.3362196059807735 0.9876748394389865 7
0.35584649058328544 0.07027312965343457 0.34445285356540367 0.7956342502729559 0.5125733065702772 3
0.35584649058328544 0.07027312965343457 0.34445285356540367 0.7956342502729559 0.5125733065702772 3
0.04661687228563005 0.9817294256825103 0.5177726102347938 0.6484841171468555 0.1379879881712469 8
0.2687330313764126 0.3894236686952769 0.5086723616360058 0.7900686882071275 0.5970841082196441 2
0.2687330313764126 0.3894236686952769 0.5086723616360058 0.7900686882071275 0.5970841082196441 2
0.6160256340921112 0.5765170595007425 0.9365992051086327 0.29694564413127145 0.9752409807386442 6
0.1846585289786461 0.9295435075553254 0.2136451608953932 0.5733578555524675 0.9845322935219777 3
0.14311047540954236 0.6272622872725322 0.07787335147841801 0.5297055704670034 0.5930704246361039 5
0.0012104786559646863 0.49878732034667805 0.4270696420978993 0.9434162967080877 0.9184839014864808 1
0.9318835593500618 0.8742025102765753 0.8417367219628508 0.34326903140157705 0.9250815135574794 8
0.9318835593500618 0.8742025102765753 0.8417367219628508 0.34326903140157705 0.9250815135574794 8
0.2719927968161653 0.6967073974099751 0.9006960587098876 0.8740769189792067 0.0416742035999389 2
0.3293441756409804 0.3360369648081939 0.021769228942276952 0.6531729303671995 0.6037002450688275 5
0.4930231385486745 0.9983432964811937 0.764588371705855 0.1384923795285148 0.08450273820091769 2
0.07572434702490194 0.3964351729322788 0.5159975900228158 0.07840350269442498 0.4510248845337276 5
0.26709184685977605 0.7751575205074301 0.42876819386930376 0.7524625296770006 0.5090986234771832 2
0.7871740165872886 0.2431767167704535 0.8286495515176209 0.3362196059807735 0.9876748394389865 7
0.35584649058328544 0.07027312965343457 0.34445285356540367 0.7956342502729559 0.5125733065702772 3
0.1537348736772991 0.25381373551345976 0.14061285675608048 0.5203813049650687 0.29852226752197963 5
0.1537348736772991 0.25381373551345976 0.14061285675608048 0.5203813049650687 0.29852226752197963 5
0.2687330313764126 0.3894236686952769 0.5086723616360058 0.7900686882071275 0.5970841082196441 2
0.2687330313764126 0.3894236686952769 0.5086723616360058 0.7900686882071275 0.5970841082196441 2
0.6160256340921112 0.5765170595007425 0.9365992051086327 0.29694564413127145 0.9752409807386442 6
0.1846585289786461 0.9295435075553254 0.2136451608953932 0.5733578555524675 0.9845322935219777 3
0.6232147856279976 0.4997024680967945 0.7866886383100853 0.5759424487312452 0.9298052689418462 2
0.9318835593500618 0.8742025102765753 0.8417367219628508 0.34326903140157705 0.9250815135574794 8
0.923135255552636 0.7907432939058294 0.4023919246148613 0.7826919570383647 0.6511644366118897 4
0.926067120569571 0.9222122891148462 0.3562876055451254 0.6676441555247322 0.6622751167546846 1
0.3293441756409804 0.3360369648081939 0.021769228942276952 0.6531729303671995 0.6037002450688275 5
0.3479858571361042 0.1381422447059344 0.17262492192639367 0.16647760117885257 0.788618718970324 6
0.07572434702490194 0.3964351729322788 0.5159975900228158 0.07840350269442498 0.4510248845337276 5
0.7871740165872886 0.2431767167704535 0.8286495515176209 0.3362196059807735 0.9876748394389865 7
0.7871740165872886 0.2431767167704535 0.8286495515176209 0.3362196059807735 0.9876748394389865 7
0.35584649058328544 0.07027312965343457 0.34445285356540367 0.7956342502729559 0.5125733065702772 3
0.35584649058328544 0.07027312965343457 0.34445285356540367 0.7956342502729559 0.5125733065702772 3
0.04661687228563005 0.9817294256825103 0.5177726102347938 0.6484841171468555 0.1379879881712469 8
0.2687330313764126 0.3894236686952769 0.5086723616360058 0.7900686882071275 0.5970841082196441 2
0.2687330313764126 0.3894236686952769 0.5086723616360058 0.7900686882071275 0.5970841082196441 2
0.6160256340921112 0.5765170595007425 0.9365992051086327 0.29694564413127145 0.9752409807386442 6
0.1846585289786461 0.9295435075553254 0.2136451608953932 0.5733578555524675 0.9845322935219777 3
0.6232147856279976 0.4997024680967945 0.7866886383100853 0.5759424487312452 0.9298052689418462 2
0.9318835593500618 0.8742025102765753 0.8417367219628508 0.34326903140157705 0.9250815135574794 8
0.923135255552636 0.7907432939058294 0.4023919246148613 0.7826919570383647 0.6511644366118897 4
0.926067120569571 0.9222122891148462 0.3562876055451254 0.6676441555247322 0.6622751167546846 1
0.3293441756409804 0.3360369648081939 0.021769228942276952 0.6531729303671995 0.6037002450688275 5
0.3479858571361042 0.1381422447059344 0.17262492192639367 0.16647760117885257 0.788618718970324 6
0.07572434702490194 0.3964351729322788 0.5159975900228158 0.07840350269442498 0.4510248845337276 5
0.26709184685977605 0.7751575205074301 0.42876819386930376 0.7524625296770006 0.5090986234771832 2
0.7871740165872886 0.2431767167704535 0.8286495515176209 0.3362196059807735 0.9876748394389865 7
0.35584649058328544 0.07027312965343457 0.34445285356540367 0.7956342502729559 0.5125733065702772 3
0.1537348736772991 0.25381373551345976 0.14061285675608048 0.5203813049650687 0.29852226752197963 5
0.1537348736772991 0.25381373551345976 0.14061285675608048 0.5203813049650687 0.29852226752197963 5
0.04198322820961964 0.2944952059178626 0.6834331221986498 0.6282650159950665 0.9385000449587675 1
0.04198322820961964 0.2944952059178626 0.6834331221986498 0.6282650159950665 0.9385000449587675 1
0.38636508209809295 0.9798629034238967 0.7161812617179157 0.4767142932099808 0.012350103714600102 8
0.14311047540954236 0.6272622872725322 0.07787335147841801 0.5297055704670034 0.5930704246361039 5
0.434642332023897 0.9146140097227978 0.35814341230261637 0.5389780652519287 0.018532856777320972 2
0.923135255552636 0.7907432939058294 0.4023919246148613 0.7826919570383647 0.6511644366118897 4
0.923135255552636 0.7907432939058294 0.4023919246148613 0.7826919570383647 0.6511644366118897 4
0.07175639668589573 0.9668144457418728 0.9378733239488068 0.7826045745621846 0.661557138405624 3
0.3293441756409804 0.3360369648081939 0.021769228942276952 0.6531729303671995 0.6037002450688275 5
0.4930231385486745 0.9983432964811937 0.764588371705855 0.1384923795285148 0.08450273820091769 2
0.07572434702490194 0.3964351729322788 0.5159975900228158 0.07840350269442498 0.4510248845337276 5
0.26709184685977605 0.7751575205074301 0.42876819386930376 0.7524625296770006 0.5090986234771832 2
0.35584649058328544 0.07027312965343457 0.34445285356540367 0.7956342502729559 0.5125733065702772 3
0.35584649058328544 0.07027312965343457 0.34445285356540367 0.7956342502729559 0.5125733065702772 3
0.1537348736772991 0.25381373551345976 0.14061285675608048 0.5203813049650687 0.29852226752197963 5
0.1537348736772991 0.25381373551345976 0.14061285675608048 0.5203813049650687 0.29852226752197963 5
0.04198322820961964 0.2944952059178626 0.6834331221986498 0.6282650159950665 0.9385000449587675 1
0.2687330313764126 0.3894236686952769 0.5086723616360058 0.7900686882071275 0.5970841082196441 2
0.38636508209809295 0.9798629034238967 0.7161812617179157 0.4767142932099808 0.012350103714600102 8
0.1846585289786461 0.9295435075553254 0.2136451608953932 0.5733578555524675 0.9845322935219777 3
0.6076788700093334 0.3523422177211196 0.009352758045267695 0.800368474844833 0.9368062021583047 5
0.9318835593500618 0.8742025102765753 0.8417367219628508 0.34326903140157705 0.9250815135574794 8
0.923135255552636 0.7907432939058294 0.4023919246148613 0.7826919570383647 0.6511644366118897 4
0.926067120569571 0.9222122891148462 0.3562876055451254 0.6676441555247322 0.6622751167546846 1
0.3293441756409804 0.3360369648081939 0.021769228942276952 0.6531729303671995 0.6037002450688275 5
0.3479858571361042 0.1381422447059344 0.17262492192639367 0.16647760117885257 0.788618718970324 6
0.07572434702490194 0.3964351729322788 0.5159975900228158 0.07840350269442498 0.4510248845337276 5
0.7871740165872886 0.2431767167704535 0.8286495515176209 0.3362196059807735 0.9876748394389865 7
0.7871740165872886 0.2431767167704535 0.8286495515176209 0.3362196059807735 0.9876748394389865 7
0.35584649058328544 0.07027312965343457 0.34445285356540367 0.7956342502729559 0.5125733065702772 3
0.1537348736772991 0.25381373551345976 0.14061285675608048 0.5203813049650687 0.29852226752197963 5
0.04661687228563005 0.9817294256825103 0.5177726102347938 0.6484841171468555 0.1379879881712469 8
0.2687330313764126 0.3894236686952769 0.5086723616360058 0.7900686882071275 0.5970841082196441 2
0.2687330313764126 0.3894236686952769 0.5086723616360058 0.7900686882071275 0.5970841082196441 2
0.6160256340921112 0.5765170595007425 0.9365992051086327 0.29694564413127145 0.9752409807386442 6
0.1846585289786461 0.9295435075553254 0.2136451608953932 0.5733578555524675 0.9845322935219777 3
0.6232147856279976 0.4997024680967945 0.7866886383100853 0.5759424487312452 0.9298052689418462 2
0.9318835593500618 0.8742025102765753 0.8417367219628508 0.34326903140157705 0.9250815135574794 8
0.923135255552636 0.7907432939058294 0.4023919246148613 0.7826919570383647 0.6511644366118897 4
0.926067120569571 0.9222122891148462 0.3562876055451254 0.6676441555247322 0.6622751167546846 1
0.3293441756409804 0.3360369648081939 0.021769228942276952 0.6531729303671995 0.6037002450688275 5
0.3479858571361042 0.1381422447059344 0.17262492192639367 0.16647760117885257 0.788618718970324 6
0.07572434702490194 0.3964351729322788 0.5159975900228158 0.07840350269442498 0.4510248845337276 5
0.26709184685977605 0.7751575205074301 0.42876819386930376 0.7524625296770006 0.5090986234771832 2
0.7871740165872886 0.2431767167704535 0.8286495515176209 0.3362196059807735 0.9876748394389865 7
0.35584649058328544 0.07027312965343457 0.34445285356540367 0.7956342502729559 0.5125733065702772 3
0.35584649058328544 0.07027312965343457 0.34445285356540367 0.7956342502729559 0.5125733065702772 3
0.04198322820961964 0.2944952059178626 0.6834331221986498 0.6282650159950665 0.9385000449587675 1
0.2687330313764126 0.3894236686952769 0.5086723616360058 0.7900686882071275 0.5970841082196441 2
0.2687330313764126 0.3894236686952769 0.5086723616360058 0.7900686882071275 0.5970841082196441 2
0.6160256340921112 0.5765170595007425 0.9365992051086327 0.29694564413127145 0.9752409807386442 6
0.1846585289786461 0.9295435075553254 0.2136451608953932 0.5733578555524675 0.9845322935219777 3
0.6232147856279976 0.4997024680967945 0.7866886383100853 0.5759424487312452 0.9298052689418462 2
0.9318835593500618 0.8742025102765753 0.8417367219628508 0.34326903140157705 0.9250815135574794 8
0.923135255552636 0.7907432939058294 0.4023919246148613 0.7826919570383647 0.6511644366118897 4
0.926067120569571 0.9222122891148462 0.3562876055451254 0.6676441555247322 0.6622751167546846 1
0.3293441756409804 0.3360369648081939 0.021769228942276952 0.6531729303671995 0.6037002450688275 5
0.3479858571361042 0.1381422447059344 0.17262492192639367 0.16647760117885257 0.788618718970324 6
0.07572434702490194 0.3964351729322788 0.5159975900228158 0.07840350269442498 0.4510248845337276 5
0.7871740165872886 0.2431767167704535 0.8286495515176209 0.3362196059807735 0.9876748394389865 7
0.7871740165872886 0.2431767167704535 0.8286495515176209 0.3362196059807735 0.9876748394389865 7
0.35584649058328544 0.07027312965343457 0.34445285356540367 0.7956342502729559 0.5125733065702772 3
0.35584649058328544 0.07027312965343457 0.34445285356540367 0.7956342502729559 0.5125733065702772 3
0.04661687228563005 0.9817294256825103 0.5177726102347938 0.6484841171468555 0.1379879881712469 8
0.2687330313764126 0.3894236686952769 0.5086723616360058 0.7900686882071275 0.5970841082196441 2
0.2687330313764126 0.3894236686952769 0.5086723616360058 0.7900686882071275 0.5970841082196441 2
0.6160256340921112 0.5765170595007425 0.9365992051086327 0.29694564413127145 0.9752409807386442 6
0.1846585289786461 0.9295435075553254 0.2136451608953932 0.5733578555524675 0.9845322935219777 3
0.6232147856279976 0.4997024680967945 0.7866886383100853 0.5759424487312452 0.9298052689418462 2
0.9318835593500618 0.8742025102765753 0.8417367219628508 0.34326903140157705 0.9250815135574794 8
0.923135255552636 0.7907432939058294 0.4023919246148613 0.7826919570383647 0.6511644366118897 4
0.926067120569571 0.9222122891148462 0.3562876055451254 0.6676441555247322 0.6622751167546846 1
0.3293441756409804 0.3360369648081939 0.021769228942276952 0.6531729303671995 0.6037002450688275 5
0.3479858571361042 0.1381422447059344 0.17262492192639367 0.16647760117885257 0.788618718970324 6
0.07572434702490194 0.3964351729322788 0.5159975900228158 0.07840350269442498 0.4510248845337276 5
0.7871740165872886 0.2431767167704535 0.8286495515176209 0.3362196059807735 0.9876748394389865 7
0.7871740165872886 0.2431767167704535 0.8286495515176209 0.3362196059807735 0.9876748394389865 7
0.35584649058328544 0.07027312965343457 0.34445285356540367 0.7956342502729559 0.5125733065702772 3
0.35584649058328544 0.07027312965343457 0.34445285356540367 0.7956342502729559 0.5125733065702772 3
0.04661687228563005 0.9817294256825103 0.5177726102347938 0.6484841171468555 0.1379879881712469 8
0.2687330313764126 0.3894236686952769 0.5086723616360058 0.7900686882071275 0.5970841082196441 2
0.2687330313764126 0.3894236686952769 0.5086723616360058 0.7900686882071275 0.5970841082196441 2
0.6160256340921112 0.5765170595007425 0.9365992051086327 0.29694564413127145 0.9752409807386442 6
0.1846585289786461 0.9295435075553254 0.2136451608953932 0.5733578555524675 0.9845322935219777 3
0.3700611964718059 0.5691522233499011 0.9664047055886036 0.9953627041096593 0.15536338571655772 3
0.923135255552636 0.7907432939058294 0.4023919246148613 0.7826919570383647 0.6511644366118897 4
0.2719927968161653 0.6967073974099751 0.9006960587098876 0.8740769189792067 0.0416742035999389 2
0.07175639668589573 0.9668144457418728 0.9378733239488068 0.7826045745621846 0.661557138405624 3
0.3293441756409804 0.3360369648081939 0.021769228942276952 0.6531729303671995 0.6037002450688275 5
0.7871740165872886 0.2431767167704535 0.8286495515176209 0.3362196059807735 0.9876748394389865 7
0.07572434702490194 0.3964351729322788 0.5159975900228158 0.07840350269442498 0.4510248845337276 5
0.26709184685977605 0.7751575205074301 0.42876819386930376 0.7524625296770006 0.5090986234771832 2
0.7871740165872886 0.2431767167704535 0.8286495515176209 0.3362196059807735 0.9876748394389865 7
0.35584649058328544 0.07027312965343457 0.34445285356540367 0.7956342502729559 0.5125733065702772 3
0.35584649058328544 0.07027312965343457 0.34445285356540367 0.7956342502729559 0.5125733065702772 3
0.04661687228563005 0.9817294256825103 0.5177726102347938 0.6484841171468555 0.1379879881712469 8
0.2687330313764126 0.3894236686952769 0.5086723616360058 0.7900686882071275 0.5970841082196441 2
0.2687330313764126 0.3894236686952769 0.5086723616360058 0.7900686882071275 0.5970841082196441 2
0.6160256340921112 0.5765170595007425 0.9365992051086327 0.29694564413127145 0.9752409807386442 6
0.1846585289786461 0.9295435075553254 0.2136451608953932 0.5733578555524675 0.9845322935219777 3
0.9635986170685198 0.6312545551366897 0.17538348685684813 0.6205976466143723 0.8454342815920225 5
0.41482335150450045 0.9804907031093729 0.18722294134538542 0.9661931959136014 0.1506180345746615 3
0.6232147856279976 0.4997024680967945 0.7866886383100853 0.5759424487312452 0.9298052689418462 2
0.923135255552636 0.7907432939058294 0.4023919246148613 0.7826919570383647 0.6511644366118897 4
0.3293441756409804 0.3360369648081939 0.021769228942276952 0.6531729303671995 0.6037002450688275 5
0.4930231385486745 0.9983432964811937 0.764588371705855 0.1384923795285148 0.08450273820091769 2
0.07572434702490194 0.3964351729322788 0.5159975900228158 0.07840350269442498 0.4510248845337276 5
0.26709184685977605 0.7751575205074301 0.42876819386930376 0.7524625296770006 0.5090986234771832 2
0.7871740165872886 0.2431767167704535 0.8286495515176209 0.3362196059807735 0.9876748394389865 7
0.35584649058328544 0.07027312965343457 0.34445285356540367 0.7956342502729559 0.5125733065702772 3
0.1537348736772991 0.25381373551345976 0.14061285675608048 0.5203813049650687 0.29852226752197963 5
0.1537348736772991 0.25381373551345976 0.14061285675608048 0.5203813049650687 0.29852226752197963 5
0.04198322820961964 0.2944952059178626 0.6834331221986498 0.6282650159950665 0.9385000449587675 1
0.2687330313764126 0.3894236686952769 0.5086723616360058 0.7900686882071275 0.5970841082196441 2
0.14311047540954236 0.6272622872725322 0.07787335147841801 0.5297055704670034 0.5930704246361039 5
0.7981736354064688 0.6906600965836631 0.877209048325151 0.7539144552618045 0.49381794567633497 8
0.923135255552636 0.7907432939058294 0.4023919246148613 0.7826919570383647 0.6511644366118897 4
0.923135255552636 0.7907432939058294 0.4023919246148613 0.7826919570383647 0.6511644366118897 4
0.07175639668589573 0.9668144457418728 0.9378733239488068 0.7826045745621846 0.661557138405624 3
0.3293441756409804 0.3360369648081939 0.021769228942276952 0.6531729303671995 0.6037002450688275 5
0.4930231385486745 0.9983432964811937 0.764588371705855 0.1384923795285148 0.08450273820091769 2
0.07572434702490194 0.3964351729322788 0.5159975900228158 0.07840350269442498 0.4510248845337276 5
0.26709184685977605 0.7751575205074301 0.42876819386930376 0.7524625296770006 0.5090986234771832 2
0.35584649058328544 0.07027312965343457 0.34445285356540367 0.7956342502729559 0.5125733065702772 3
0.35584649058328544 0.07027312965343457 0.34445285356540367 0.7956342502729559 0.5125733065702772 3
0.1537348736772991 0.25381373551345976 0.14061285675608048 0.5203813049650687 0.29852226752197963 5
0.1537348736772991 0.25381373551345976 0.14061285675608048 0.5203813049650687 0.29852226752197963 5
0.04198322820961964 0.2944952059178626 0.6834331221986498 0.6282650159950665 0.9385000449587675 1
0.2687330313764126 0.3894236686952769 0.5086723616360058 0.7900686882071275 0.5970841082196441 2
0.38636508209809295 0.9798629034238967 0.7161812617179157 0.4767142932099808 0.012350103714600102 8
0.1846585289786461 0.9295435075553254 0.2136451608953932 0.5733578555524675 0.9845322935219777 3
0.6076788700093334 0.3523422177211196 0.009352758045267695 0.800368474844833 0.9368062021583047 5
0.9318835593500618 0.8742025102765753 0.8417367219628508 0.34326903140157705 0.9250815135574794 8
0.9318835593500618 0.8742025102765753 0.8417367219628508 0.34326903140157705 0.9250815135574794 8
0.2719927968161653 0.6967073974099751 0.9006960587098876 0.8740769189792067 0.0416742035999389 2
0.3293441756409804 0.3360369648081939 0.021769228942276952 0.6531729303671995 0.6037002450688275 5
0.4930231385486745 0.9983432964811937 0.764588371705855 0.1384923795285148 0.08450273820091769 2
0.36274395835715545 0.6123642382833244 0.046742677097195484 0.06843893806670343 0.8353182154923363 4
0.26709184685977605 0.7751575205074301 0.42876819386930376 0.7524625296770006 0.5090986234771832 2
0.7871740165872886 0.2431767167704535 0.8286495515176209 0.3362196059807735 0.9876748394389865 7
0.35584649058328544 0.07027312965343457 0.34445285356540367 0.7956342502729559 0.5125733065702772 3
0.1537348736772991 0.25381373551345976 0.14061285675608048 0.5203813049650687 0.29852226752197963 5
0.04198322820961964 0.2944952059178626 0.6834331221986498 0.6282650159950665 0.9385000449587675 1
0.2687330313764126 0.3894236686952769 0.5086723616360058 0.7900686882071275 0.5970841082196441 2
0.38636508209809295 0.9798629034238967 0.7161812617179157 0.4767142932099808 0.012350103714600102 8
0.6076788700093334 0.3523422177211196 0.009352758045267695 0.800368474844833 0.9368062021583047 5
0.49927441849126397 0.42980273923191303 0.26703025675057346 0.5129653860930686 0.6670100700571865 8
0.007744809866186753 0.9198856944566225 0.4681625395350658 0.016808392791056503 0.98870495809708 4
0.9318835593500618 0.8742025102765753 0.8417367219628508 0.34326903140157705 0.9250815135574794 8
0.923135255552636 0.7907432939058294 0.4023919246148613 0.7826919570383647 0.6511644366118897 4
0.926067120569571 0.9222122891148462 0.3562876055451254 0.6676441555247322 0.6622751167546846 1
0.3293441756409804 0.3360369648081939 0.021769228942276952 0.6531729303671995 0.6037002450688275 5
0.3479858571361042 0.1381422447059344 0.17262492192639367 0.16647760117885257 0.788618718970324 6
0.07572434702490194 0.3964351729322788 0.5159975900228158 0.07840350269442498 0.4510248845337276 5
0.7871740165872886 0.2431767167704535 0.8286495515176209 0.3362196059807735 0.9876748394389865 7
0.7871740165872886 0.2431767167704535 0.8286495515176209 0.3362196059807735 0.9876748394389865 7
0.35584649058328544 0.07027312965343457 0.34445285356540367 0.7956342502729559 0.5125733065702772 3
0.35584649058328544 0.07027312965343457 0.34445285356540367 0.7956342502729559 0.5125733065702772 3
0.04661687228563005 0.9817294256825103 0.5177726102347938 0.6484841171468555 0.1379879881712469 8
0.2687330313764126 0.3894236686952769 0.5086723616360058 0.7900686882071275 0.5970841082196441 2
0.2687330313764126 0.3894236686952769 0.5086723616360058 0.7900686882071275 0.5970841082196441 2
0.6160256340921112 0.5765170595007425 0.9365992051086327 0.29694564413127145 0.9752409807386442 6
0.1846585289786461 0.9295435075553254 0.2136451608953932 0.5733578555524675 0.9845322935219777 3
0.6232147856279976 0.4997024680967945 0.7866886383100853 0.5759424487312452 0.9298052689418462 2
0.9318835593500618 0.8742025102765753 0.8417367219628508 0.34326903140157705 0.9250815135574794 8
0.923135255552636 0.7907432939058294 0.4023919246148613 0.7826919570383647 0.6511644366118897 4
0.926067120569571 0.9222122891148462 0.3562876055451254 0.6676441555247322 0.6622751167546846 1
0.4930231385486745 0.9983432964811937 0.764588371705855 0.1384923795285148 0.08450273820091769 2
0.36274395835715545 0.6123642382833244 0.046742677097195484 0.06843893806670343 0.8353182154923363 4
0.26709184685977605 0.7751575205074301 0.42876819386930376 0.7524625296770006 0.5090986234771832 2
0.7871740165872886 0.2431767167704535 0.8286495515176209 0.3362196059807735 0.9876748394389865 7
0.35584649058328544 0.07027312965343457 0.34445285356540367 0.7956342502729559 0.5125733065702772 3
0.1537348736772991 0.25381373551345976 0.14061285675608048 0.5203813049650687 0.29852226752197963 5
0.1537348736772991 0.25381373551345976 0.14061285675608048 0.5203813049650687 0.29852226752197963 5
0.1537348736772991 0.25381373551345976 0.14061285675608048 0.5203813049650687 0.29852226752197963 5
0.2687330313764126 0.3894236686952769 0.5086723616360058 0.7900686882071275 0.5970841082196441 2
0.2687330313764126 0.3894236686952769 0.5086723616360058 0.7900686882071275 0.5970841082196441 2
0.6160256340921112 0.5765170595007425 0.9365992051086327 0.29694564413127145 0.9752409807386442 6
0.1846585289786461 0.9295435075553254 0.2136451608953932 0.5733578555524675 0.9845322935219777 3
0.6232147856279976 0.4997024680967945 0.7866886383100853 0.5759424487312452 0.9298052689418462 2
0.923135255552636 0.7907432939058294 0.4023919246148613 0.7826919570383647 0.6511644366118897 4
0.9318835593500618 0.8742025102765753 0.8417367219628508 0.34326903140157705 0.9250815135574794 8
0.07175639668589573 0.9668144457418728 0.9378733239488068 0.7826045745621846 0.661557138405624 3
0.3293441756409804 0.3360369648081939 0.021769228942276952 0.6531729303671995 0.6037002450688275 5
0.4930231385486745 0.9983432964811937 0.764588371705855 0.1384923795285148 0.08450273820091769 2
0.36274395835715545 0.6123642382833244 0.046742677097195484 0.06843893806670343 0.8353182154923363 4
0.26709184685977605 0.7751575205074301 0.42876819386930376 0.7524625296770006 0.5090986234771832 2
0.7871740165872886 0.2431767167704535 0.8286495515176209 0.3362196059807735 0.9876748394389865 7
0.35584649058328544 0.07027312965343457 0.34445285356540367 0.7956342502729559 0.5125733065702772 3
0.1537348736772991 0.25381373551345976 0.14061285675608048 0.5203813049650687 0.29852226752197963 5
0.04198322820961964 0.2944952059178626 0.6834331221986498 0.6282650159950665 0.9385000449587675 1
0.2687330313764126 0.3894236686952769 0.5086723616360058 0.7900686882071275 0.5970841082196441 2
0.38636508209809295 0.9798629034238967 0.7161812617179157 0.4767142932099808 0.012350103714600102 8
0.6076788700093334 0.3523422177211196 0.009352758045267695 0.800368474844833 0.9368062021583047 5
0.49927441849126397 0.42980273923191303 0.26703025675057346 0.5129653860930686 0.6670100700571865 8
0.007744809866186753 0.9198856944566225 0.4681625395350658 0.016808392791056503 0.98870495809708 4
0.9318835593500618 0.8742025102765753 0.8417367219628508 0.34326903140157705 0.9250815135574794 8
0.923135255552636 0.7907432939058294 0.4023919246148613 0.7826919570383647 0.6511644366118897 4
0.926067120569571 0.9222122891148462 0.3562876055451254 0.6676441555247322 0.6622751167546846 1
0.3293441756409804 0.3360369648081939 0.021769228942276952 0.6531729303671995 0.6037002450688275 5
0.4930231385486745 0.9983432964811937 0.764588371705855 0.1384923795285148 0.08450273820091769 2
0.07572434702490194 0.3964351729322788 0.5159975900228158 0.07840350269442498 0.4510248845337276 5
0.7871740165872886 0.2431767167704535 0.8286495515176209 0.3362196059807735 0.9876748394389865 7
0.7871740165872886 0.2431767167704535 0.8286495515176209 0.3362196059807735 0.9876748394389865 7
0.35584649058328544 0.07027312965343457 0.34445285356540367 0.7956342502729559 0.5125733065702772 3
0.35584649058328544 0.07027312965343457 0.34445285356540367 0.7956342502729559 0.5125733065702772 3
0.04661687228563005 0.9817294256825103 0.5177726102347938 0.6484841171468555 0.1379879881712469 8
0.2687330313764126 0.3894236686952769 0.5086723616360058 0.7900686882071275 0.5970841082196441 2
0.2687330313764126 0.3894236686952769 0.5086723616360058 0.7900686882071275 0.5970841082196441 2
0.6160256340921112 0.5765170595007425 0.9365992051086327 0.29694564413127145 0.9752409807386442 6
0.1846585289786461 0.9295435075553254 0.2136451608953932 0.5733578555524675 0.9845322935219777 3
0.6232147856279976 0.4997024680967945 0.7866886383100853 0.5759424487312452 0.9298052689418462 2
0.9318835593500618 0.8742025102765753 0.8417367219628508 0.34326903140157705 0.9250815135574794 8
0.923135255552636 0.7907432939058294 0.4023919246148613 0.7826919570383647 0.6511644366118897 4
0.926067120569571 0.9222122891148462 0.3562876055451254 0.6676441555247322 0.6622751167546846 1
0.3293441756409804 0.3360369648081939 0.021769228942276952 0.6531729303671995 0.6037002450688275 5
0.3479858571361042 0.1381422447059344 0.17262492192639367 0.16647760117885257 0.788618718970324 6
0.07572434702490194 0.3964351729322788 0.5159975900228158 0.07840350269442498 0.4510248845337276 5
0.7871740165872886 0.2431767167704535 0.8286495515176209 0.3362196059807735 0.9876748394389865 7
0.7871740165872886 0.2431767167704535 0.8286495515176209 0.3362196059807735 0.9876748394389865 7
0.35584649058328544 0.07027312965343457 0.34445285356540367 0.7956342502729559 0.5125733065702772 3
0.35584649058328544 0.07027312965343457 0.34445285356540367 0.7956342502729559 0.5125733065702772 3
0.04661687228563005 0.9817294256825103 0.5177726102347938 0.6484841171468555 0.1379879881712469 8
0.2687330313764126 0.3894236686952769 0.5086723616360058 0.7900686882071275 0.5970841082196441 2
0.2687330313764126 0.3894236686952769 0.5086723616360058 0.7900686882071275 0.5970841082196441 2
0.6076788700093334 0.3523422177211196 0.009352758045267695 0.800368474844833 0.9368062021583047 5
0.1846585289786461 0.9295435075553254 0.2136451608953932 0.5733578555524675 0.9845322935219777 3
0.3700611964718059 0.5691522233499011 0.9664047055886036 0.9953627041096593 0.15536338571655772 3
0.41482335150450045 0.9804907031093729 0.18722294134538542 0.9661931959136014 0.1506180345746615 3
0.6232147856279976 0.4997024680967945 0.7866886383100853 0.5759424487312452 0.9298052689418462 2
0.923135255552636 0.7907432939058294 0.4023919246148613 0.7826919570383647 0.6511644366118897 4
0.3293441756409804 0.3360369648081939 0.021769228942276952 0.6531729303671995 0.6037002450688275 5
0.4930231385486745 0.9983432964811937 0.764588371705855 0.1384923795285148 0.08450273820091769 2
0.07572434702490194 0.3964351729322788 0.5159975900228158 0.07840350269442498 0.4510248845337276 5
0.26709184685977605 0.7751575205074301 0.42876819386930376 0.7524625296770006 0.5090986234771832 2
0.7871740165872886 0.2431767167704535 0.8286495515176209 0.3362196059807735 0.9876748394389865 7
0.35584649058328544 0.07027312965343457 0.34445285356540367 0.7956342502729559 0.5125733065702772 3
0.35584649058328544 0.07027312965343457 0.34445285356540367 0.7956342502729559 0.5125733065702772 3
0.04661687228563005 0.9817294256825103 0.5177726102347938 0.6484841171468555 0.1379879881712469 8
0.2687330313764126 0.3894236686952769 0.5086723616360058 0.7900686882071275 0.5970841082196441 2
0.2687330313764126 0.3894236686952769 0.5086723616360058 0.7900686882071275 0.5970841082196441 2
0.38636508209809295 0.9798629034238967 0.7161812617179157 0.4767142932099808 0.012350103714600102 8
0.14311047540954236 0.6272622872725322 0.07787335147841801 0.5297055704670034 0.5930704246361039 5
0.41482335150450045 0.9804907031093729 0.18722294134538542 0.9661931959136014 0.1506180345746615 3
0.6232147856279976 0.4997024680967945 0.7866886383100853 0.5759424487312452 0.9298052689418462 2
0.923135255552636 0.7907432939058294 0.4023919246148613 0.7826919570383647 0.6511644366118897 4
0.3293441756409804 0.3360369648081939 0.021769228942276952 0.6531729303671995 0.6037002450688275 5
0.4930231385486745 0.9983432964811937 0.764588371705855 0.1384923795285148 0.08450273820091769 2
0.07572434702490194 0.3964351729322788 0.5159975900228158 0.07840350269442498 0.4510248845337276 5
0.26709184685977605 0.7751575205074301 0.42876819386930376 0.7524625296770006 0.5090986234771832 2
0.7871740165872886 0.2431767167704535 0.8286495515176209 0.3362196059807735 0.9876748394389865 7
0.35584649058328544 0.07027312965343457 0.34445285356540367 0.7956342502729559 0.5125733065702772 3
0.1537348736772991 0.25381373551345976 0.14061285675608048 0.5203813049650687 0.29852226752197963 5
0.1537348736772991 0.25381373551345976 0.14061285675608048 0.5203813049650687 0.29852226752197963 5
0.04198322820961964 0.2944952059178626 0.6834331221986498 0.6282650159950665 0.9385000449587675 1
0.2687330313764126 0.3894236686952769 0.5086723616360058 0.7900686882071275 0.5970841082196441 2
0.14311047540954236 0.6272622872725322 0.07787335147841801 0.5297055704670034 0.5930704246361039 5
0.7981736354064688 0.6906600965836631 0.877209048325151 0.7539144552618045 0.49381794567633497 8
0.6232147856279976 0.4997024680967945 0.7866886383100853 0.5759424487312452 0.9298052689418462 2
0.9318835593500618 0.8742025102765753 0.8417367219628508 0.34326903140157705 0.9250815135574794 8
0.2719927968161653 0.6967073974099751 0.9006960587098876 0.8740769189792067 0.0416742035999389 2
0.3293441756409804 0.3360369648081939 0.021769228942276952 0.6531729303671995 0.6037002450688275 5
0.4930231385486745 0.9983432964811937 0.764588371705855 0.1384923795285148 0.08450273820091769 2
0.36274395835715545 0.6123642382833244 0.046742677097195484 0.06843893806670343 0.8353182154923363 4
0.26709184685977605 0.7751575205074301 0.42876819386930376 0.7524625296770006 0.5090986234771832 2
0.7871740165872886 0.2431767167704535 0.8286495515176209 0.3362196059807735 0.9876748394389865 7
0.35584649058328544 0.07027312965343457 0.34445285356540367 0.7956342502729559 0.5125733065702772 3
0.1537348736772991 0.25381373551345976 0.14061285675608048 0.5203813049650687 0.29852226752197963 5
0.1537348736772991 0.25381373551345976 0.14061285675608048 0.5203813049650687 0.29852226752197963 5
0.04198322820961964 0.2944952059178626 0.6834331221986498 0.6282650159950665 0.9385000449587675 1
0.2687330313764126 0.3894236686952769 0.5086723616360058 0.7900686882071275 0.5970841082196441 2
0.2687330313764126 0.3894236686952769 0.5086723616360058 0.7900686882071275 0.5970841082196441 2
0.1846585289786461 0.9295435075553254 0.2136451608953932 0.5733578555524675 0.9845322935219777 3
0.6076788700093334 0.3523422177211196 0.009352758045267695 0.800368474844833 0.9368062021583047 5
0.9318835593500618 0.8742025102765753 0.8417367219628508 0.34326903140157705 0.9250815135574794 8
0.923135255552636 0.7907432939058294 0.4023919246148613 0.7826919570383647 0.6511644366118897 4
0.926067120569571 0.9222122891148462 0.3562876055451254 0.6676441555247322 0.6622751167546846 1
0.3293441756409804 0.3360369648081939 0.021769228942276952 0.6531729303671995 0.6037002450688275 5
0.3479858571361042 0.1381422447059344 0.17262492192639367 0.16647760117885257 0.788618718970324 6
0.07572434702490194 0.3964351729322788 0.5159975900228158 0.07840350269442498 0.4510248845337276 5
0.26709184685977605 0.7751575205074301 0.42876819386930376 0.7524625296770006 0.5090986234771832 2
0.7871740165872886 0.2431767167704535 0.8286495515176209 0.3362196059807735 0.9876748394389865 7
0.35584649058328544 0.07027312965343457 0.34445285356540367 0.7956342502729559 0.5125733065702772 3
0.35584649058328544 0.07027312965343457 0.34445285356540367 0.7956342502729559 0.5125733065702772 3
0.04198322820961964 0.2944952059178626 0.6834331221986498 0.6282650159950665 0.9385000449587675 1
0.2687330313764126 0.3894236686952769 0.5086723616360058 0.7900686882071275 0.5970841082196441 2
0.2687330313764126 0.3894236686952769 0.5086723616360058 0.7900686882071275 0.5970841082196441 2
0.6160256340921112 0.5765170595007425 0.9365992051086327 0.29694564413127145 0.9752409807386442 6
0.1846585289786461 0.9295435075553254 0.2136451608953932 0.5733578555524675 0.9845322935219777 3
0.6232147856279976 0.4997024680967945 0.7866886383100853 0.5759424487312452 0.9298052689418462 2
0.6232147856279976 0.4997024680967945 0.7866886383100853 0.5759424487312452 0.9298052689418462 2
0.9318835593500618 0.8742025102765753 0.8417367219628508 0.34326903140157705 0.9250815135574794 8
0.2719927968161653 0.6967073974099751 0.9006960587098876 0.8740769189792067 0.0416742035999389 2
0.3293441756409804 0.3360369648081939 0.021769228942276952 0.6531729303671995 0.6037002450688275 5
0.4930231385486745 0.9983432964811937 0.764588371705855 0.1384923795285148 0.08450273820091769 2
0.36274395835715545 0.6123642382833244 0.046742677097195484 0.06843893806670343 0.8353182154923363 4
0.26709184685977605 0.7751575205074301 0.42876819386930376 0.7524625296770006 0.5090986234771832 2
0.35584649058328544 0.07027312965343457 0.34445285356540367 0.7956342502729559 0.5125733065702772 3
0.35584649058328544 0.07027312965343457 0.34445285356540367 0.7956342502729559 0.5125733065702772 3
0.1537348736772991 0.25381373551345976 0.14061285675608048 0.5203813049650687 0.29852226752197963 5
0.1537348736772991 0.25381373551345976 0.14061285675608048 0.5203813049650687 0.29852226752197963 5
0.2687330313764126 0.3894236686952769 0.5086723616360058 0.7900686882071275 0.5970841082196441 2
0.2687330313764126 0.3894236686952769 0.5086723616360058 0.7900686882071275 0.5970841082196441 2
0.6160256340921112 0.5765170595007425 0.9365992051086327 0.29694564413127145 0.9752409807386442 6
0.1846585289786461 0.9295435075553254 0.2136451608953932 0.5733578555524675 0.9845322935219777 3
0.9635986170685198 0.6312545551366897 0.17538348685684813 0.6205976466143723 0.8454342815920225 5
0.41482335150450045 0.9804907031093729 0.18722294134538542 0.9661931959136014 0.1506180345746615 3
0.6232147856279976 0.4997024680967945 0.7866886383100853 0.5759424487312452 0.9298052689418462 2
0.923135255552636 0.7907432939058294 0.4023919246148613 0.7826919570383647 0.6511644366118897 4
0.3293441756409804 0.3360369648081939 0.021769228942276952 0.6531729303671995 0.6037002450688275 5
0.4930231385486745 0.9983432964811937 0.764588371705855 0.1384923795285148 0.08450273820091769 2
0.07572434702490194 0.3964351729322788 0.5159975900228158 0.07840350269442498 0.4510248845337276 5
0.26709184685977605 0.7751575205074301 0.42876819386930376 0.7524625296770006 0.5090986234771832 2
0.7871740165872886 0.2431767167704535 0.8286495515176209 0.3362196059807735 0.9876748394389865 7
0.35584649058328544 0.07027312965343457 0.34445285356540367 0.7956342502729559 0.5125733065702772 3
0.35584649058328544 0.07027312965343457 0.34445285356540367 0.7956342502729559 0.5125733065702772 3
0.04661687228563005 0.9817294256825103 0.5177726102347938 0.6484841171468555 0.1379879881712469 8
0.2687330313764126 0.3894236686952769 0.5086723616360058 0.7900686882071275 0.5970841082196441 2
0.2687330313764126 0.3894236686952769 0.5086723616360058 0.7900686882071275 0.5970841082196441 2
0.6160256340921112 0.5765170595007425 0.9365992051086327 0.29694564413127145 0.9752409807386442 6
0.1846585289786461 0.9295435075553254 0.2136451608953932 0.5733578555524675 0.9845322935219777 3
0.14311047540954236 0.6272622872725322 0.07787335147841801 0.5297055704670034 0.5930704246361039 5
0.6232147856279976 0.4997024680967945 0.7866886383100853 0.5759424487312452 0.9298052689418462 2
0.9318835593500618 0.8742025102765753 0.8417367219628508 0.34326903140157705 0.9250815135574794 8
0.2719927968161653 0.6967073974099751 0.9006960587098876 0.8740769189792067 0.0416742035999389 2
0.3293441756409804 0.3360369648081939 0.021769228942276952 0.6531729303671995 0.6037002450688275 5
0.4930231385486745 0.9983432964811937 0.764588371705855 0.1384923795285148 0.08450273820091769 2
0.36274395835715545 0.6123642382833244 0.046742677097195484 0.06843893806670343 0.8353182154923363 4
0.26709184685977605 0.7751575205074301 0.42876819386930376 0.7524625296770006 0.5090986234771832 2
0.35584649058328544 0.07027312965343457 0.34445285356540367 0.7956342502729559 0.5125733065702772 3
0.35584649058328544 0.07027312965343457 0.34445285356540367 0.7956342502729559 0.5125733065702772 3
0.1537348736772991 0.25381373551345976 0.14061285675608048 0.5203813049650687 0.29852226752197963 5
0.1537348736772991 0.25381373551345976 0.14061285675608048 0.5203813049650687 0.29852226752197963 5
0.2687330313764126 0.3894236686952769 0.5086723616360058 0.7900686882071275 0.5970841082196441 2
0.2687330313764126 0.3894236686952769 0.5086723616360058 0.7900686882071275 0.5970841082196441 2
0.6160256340921112 0.5765170595007425 0.9365992051086327 0.29694564413127145 0.9752409807386442 6
0.1846585289786461 0.9295435075553254 0.2136451608953932 0.5733578555524675 0.9845322935219777 3
0.9635986170685198 0.6312545551366897 0.17538348685684813 0.6205976466143723 0.8454342815920225 5
0.6232147856279976 0.4997024680967945 0.7866886383100853 0.5759424487312452 0.9298052689418462 2
0.9318835593500618 0.8742025102765753 0.8417367219628508 0.34326903140157705 0.9250815135574794 8
0.2719927968161653 0.6967073974099751 0.9006960587098876 0.8740769189792067 0.0416742035999389 2
0.3293441756409804 0.3360369648081939 0.021769228942276952 0.6531729303671995 0.6037002450688275 5
0.4930231385486745 0.9983432964811937 0.764588371705855 0.1384923795285148 0.08450273820091769 2
0.36274395835715545 0.6123642382833244 0.046742677097195484 0.06843893806670343 0.8353182154923363 4
0.26709184685977605 0.7751575205074301 0.42876819386930376 0.7524625296770006 0.5090986234771832 2
0.7871740165872886 0.2431767167704535 0.8286495515176209 0.3362196059807735 0.9876748394389865 7
0.35584649058328544 0.07027312965343457 0.34445285356540367 0.7956342502729559 0.5125733065702772 3
0.1537348736772991 0.25381373551345976 0.14061285675608048 0.5203813049650687 0.29852226752197963 5
0.1537348736772991 0.25381373551345976 0.14061285675608048 0.5203813049650687 0.29852226752197963 5
0.04198322820961964 0.2944952059178626 0.6834331221986498 0.6282650159950665 0.9385000449587675 1
0.2687330313764126 0.3894236686952769 0.5086723616360058 0.7900686882071275 0.5970841082196441 2
0.6160256340921112 0.5765170595007425 0.9365992051086327 0.29694564413127145 0.9752409807386442 6
0.1846585289786461 0.9295435075553254 0.2136451608953932 0.5733578555524675 0.9845322935219777 3
0.9635986170685198 0.6312545551366897 0.17538348685684813 0.6205976466143723 0.8454342815920225 5
0.6232147856279976 0.4997024680967945 0.7866886383100853 0.5759424487312452 0.9298052689418462 2
0.6232147856279976 0.4997024680967945 0.7866886383100853 0.5759424487312452 0.9298052689418462 2
0.2719927968161653 0.6967073974099751 0.9006960587098876 0.8740769189792067 0.0416742035999389 2
0.3293441756409804 0.3360369648081939 0.021769228942276952 0.6531729303671995 0.6037002450688275 5
0.4930231385486745 0.9983432964811937 0.764588371705855 0.1384923795285148 0.08450273820091769 2
0.36274395835715545 0.6123642382833244 0.046742677097195484 0.06843893806670343 0.8353182154923363 4
0.26709184685977605 0.7751575205074301 0.42876819386930376 0.7524625296770006 0.5090986234771832 2
0.7871740165872886 0.2431767167704535 0.8286495515176209 0.3362196059807735 0.9876748394389865 7
0.35584649058328544 0.07027312965343457 0.34445285356540367 0.7956342502729559 0.5125733065702772 3
0.1537348736772991 0.25381373551345976 0.14061285675608048 0.5203813049650687 0.29852226752197963 5
0.1537348736772991 0.25381373551345976 0.14061285675608048 0.5203813049650687 0.29852226752197963 5
0.04198322820961964 0.2944952059178626 0.6834331221986498 0.6282650159950665 0.9385000449587675 1
0.2687330313764126 0.3894236686952769 0.5086723616360058 0.7900686882071275 0.5970841082196441 2
0.2687330313764126 0.3894236686952769 0.5086723616360058 0.7900686882071275 0.5970841082196441 2
0.1846585289786461 0.9295435075553254 0.2136451608953932 0.5733578555524675 0.9845322935219777 3
0.6076788700093334 0.3523422177211196 0.009352758045267695 0.800368474844833 0.9368062021583047 5
0.9318835593500618 0.8742025102765753 0.8417367219628508 0.34326903140157705 0.9250815135574794 8
0.923135255552636 0.7907432939058294 0.4023919246148613 0.7826919570383647 0.6511644366118897 4
0.926067120569571 0.9222122891148462 0.3562876055451254 0.6676441555247322 0.6622751167546846 1
0.3293441756409804 0.3360369648081939 0.021769228942276952 0.6531729303671995 0.6037002450688275 5
0.3479858571361042 0.1381422447059344 0.17262492192639367 0.16647760117885257 0.788618718970324 6
0.07572434702490194 0.3964351729322788 0.5159975900228158 0.07840350269442498 0.4510248845337276 5
0.26709184685977605 0.7751575205074301 0.42876819386930376 0.7524625296770006 0.5090986234771832 2
0.7871740165872886 0.2431767167704535 0.8286495515176209 0.3362196059807735 0.9876748394389865 7
0.1537348736772991 0.25381373551345976 0.14061285675608048 0.5203813049650687 0.29852226752197963 5
0.1537348736772991 0.25381373551345976 0.14061285675608048 0.5203813049650687 0.29852226752197963 5
0.04661687228563005 0.9817294256825103 0.5177726102347938 0.6484841171468555 0.1379879881712469 8
0.04198322820961964 0.2944952059178626 0.6834331221986498 0.6282650159950665 0.9385000449587675 1
0.2687330313764126 0.3894236686952769 0.5086723616360058 0.7900686882071275 0.5970841082196441 2
0.14311047540954236 0.6272622872725322 0.07787335147841801 0.5297055704670034 0.5930704246361039 5
0.1846585289786461 0.9295435075553254 0.2136451608953932 0.5733578555524675 0.9845322935219777 3
0.3700611964718059 0.5691522233499011 0.9664047055886036 0.9953627041096593 0.15536338571655772 3
0.9318835593500618 0.8742025102765753 0.8417367219628508 0.34326903140157705 0.9250815135574794 8
0.923135255552636 0.7907432939058294 0.4023919246148613 0.7826919570383647 0.6511644366118897 4
0.926067120569571 0.9222122891148462 0.3562876055451254 0.6676441555247322 0.6622751167546846 1
0.3293441756409804 0.3360369648081939 0.021769228942276952 0.6531729303671995 0.6037002450688275 5
0.4930231385486745 0.9983432964811937 0.764588371705855 0.1384923795285148 0.08450273820091769 2
0.07572434702490194 0.3964351729322788 0.5159975900228158 0.07840350269442498 0.4510248845337276 5
0.7871740165872886 0.2431767167704535 0.8286495515176209 0.3362196059807735 0.9876748394389865 7
0.35584649058328544 0.07027312965343457 0.34445285356540367 0.7956342502729559 0.5125733065702772 3
0.1537348736772991 0.25381373551345976 0.14061285675608048 0.5203813049650687 0.29852226752197963 5
0.1537348736772991 0.25381373551345976 0.14061285675608048 0.5203813049650687 0.29852226752197963 5
0.1537348736772991 0.25381373551345976 0.14061285675608048 0.5203813049650687 0.29852226752197963 5
0.2687330313764126 0.3894236686952769 0.5086723616360058 0.7900686882071275 0.5970841082196441 2
0.2687330313764126 0.3894236686952769 0.5086723616360058 0.7900686882071275 0.5970841082196441 2
0.6160256340921112 0.5765170595007425 0.9365992051086327 0.29694564413127145 0.9752409807386442 6
0.1846585289786461 0.9295435075553254 0.2136451608953932 0.5733578555524675 0.9845322935219777 3
0.6232147856279976 0.4997024680967945 0.7866886383100853 0.5759424487312452 0.9298052689418462 2
0.41482335150450045 0.9804907031093729 0.18722294134538542 0.9661931959136014 0.1506180345746615 3
0.6232147856279976 0.4997024680967945 0.7866886383100853 0.5759424487312452 0.9298052689418462 2
0.923135255552636 0.7907432939058294 0.4023919246148613 0.7826919570383647 0.6511644366118897 4
0.3293441756409804 0.3360369648081939 0.021769228942276952 0.6531729303671995 0.6037002450688275 5
0.4930231385486745 0.9983432964811937 0.764588371705855 0.1384923795285148 0.08450273820091769 2
0.07572434702490194 0.3964351729322788 0.5159975900228158 0.07840350269442498 0.4510248845337276 5
0.26709184685977605 0.7751575205074301 0.42876819386930376 0.7524625296770006 0.5090986234771832 2
0.7871740165872886 0.2431767167704535 0.8286495515176209 0.3362196059807735 0.9876748394389865 7
0.35584649058328544 0.07027312965343457 0.34445285356540367 0.7956342502729559 0.5125733065702772 3
0.35584649058328544 0.07027312965343457 0.34445285356540367 0.7956342502729559 0.5125733065702772 3
0.1537348736772991 0.25381373551345976 0.14061285675608048 0.5203813049650687 0.29852226752197963 5
0.04198322820961964 0.2944952059178626 0.6834331221986498 0.6282650159950665 0.9385000449587675 1
0.2687330313764126 0.3894236686952769 0.5086723616360058 0.7900686882071275 0.5970841082196441 2
0.6160256340921112 0.5765170595007425 0.9365992051086327 0.29694564413127145 0.9752409807386442 6
0.1846585289786461 0.9295435075553254 0.2136451608953932 0.5733578555524675 0.9845322935219777 3
0.9318835593500618 0.8742025102765753 0.8417367219628508 0.34326903140157705 0.9250815135574794 8
0.923135255552636 0.7907432939058294 0.4023919246148613 0.7826919570383647 0.6511644366118897 4
0.926067120569571 0.9222122891148462 0.3562876055451254 0.6676441555247322 0.6622751167546846 1
0.3293441756409804 0.3360369648081939 0.021769228942276952 0.6531729303671995 0.6037002450688275 5
0.3479858571361042 0.1381422447059344 0.17262492192639367 0.16647760117885257 0.788618718970324 6
0.07572434702490194 0.3964351729322788 0.5159975900228158 0.07840350269442498 0.4510248845337276 5
0.7871740165872886 0.2431767167704535 0.8286495515176209 0.3362196059807735 0.9876748394389865 7
0.35584649058328544 0.07027312965343457 0.34445285356540367 0.7956342502729559 0.5125733065702772 3
0.35584649058328544 0.07027312965343457 0.34445285356540367 0.7956342502729559 0.5125733065702772 3
0.35584649058328544 0.07027312965343457 0.34445285356540367 0.7956342502729559 0.5125733065702772 3
0.04661687228563005 0.9817294256825103 0.5177726102347938 0.6484841171468555 0.1379879881712469 8
0.2687330313764126 0.3894236686952769 0.5086723616360058 0.7900686882071275 0.5970841082196441 2
0.2687330313764126 0.3894236686952769 0.5086723616360058 0.7900686882071275 0.5970841082196441 2
0.6076788700093334 0.3523422177211196 0.009352758045267695 0.800368474844833 0.9368062021583047 5
0.1846585289786461 0.9295435075553254 0.2136451608953932 0.5733578555524675 0.9845322935219777 3
0.6232147856279976 0.4997024680967945 0.7866886383100853 0.5759424487312452 0.9298052689418462 2
0.6232147856279976 0.4997024680967945 0.7866886383100853 0.5759424487312452 0.9298052689418462 2
0.9318835593500618 0.8742025102765753 0.8417367219628508 0.34326903140157705 0.9250815135574794 8
0.2719927968161653 0.6967073974099751 0.9006960587098876 0.8740769189792067 0.0416742035999389 2
0.3293441756409804 0.3360369648081939 0.021769228942276952 0.6531729303671995 0.6037002450688275 5
0.4930231385486745 0.9983432964811937 0.764588371705855 0.1384923795285148 0.08450273820091769 2
0.36274395835715545 0.6123642382833244 0.046742677097195484 0.06843893806670343 0.8353182154923363 4
0.26709184685977605 0.7751575205074301 0.42876819386930376 0.7524625296770006 0.5090986234771832 2
0.35584649058328544 0.07027312965343457 0.34445285356540367 0.7956342502729559 0.5125733065702772 3
0.35584649058328544 0.07027312965343457 0.34445285356540367 0.7956342502729559 0.5125733065702772 3
0.35584649058328544 0.07027312965343457 0.34445285356540367 0.7956342502729559 0.5125733065702772 3
0.04661687228563005 0.9817294256825103 0.5177726102347938 0.6484841171468555 0.1379879881712469 8
0.2687330313764126 0.3894236686952769 0.5086723616360058 0.7900686882071275 0.5970841082196441 2
0.2687330313764126 0.3894236686952769 0.5086723616360058 0.7900686882071275 0.5970841082196441 2
0.6160256340921112 0.5765170595007425 0.9365992051086327 0.29694564413127145 0.9752409807386442 6
0.1846585289786461 0.9295435075553254 0.2136451608953932 0.5733578555524675 0.9845322935219777 3
0.9635986170685198 0.6312545551366897 0.17538348685684813 0.6205976466143723 0.8454342815920225 5
0.41482335150450045 0.9804907031093729 0.18722294134538542 0.9661931959136014 0.1506180345746615 3
0.6232147856279976 0.4997024680967945 0.7866886383100853 0.5759424487312452 0.9298052689418462 2
0.923135255552636 0.7907432939058294 0.4023919246148613 0.7826919570383647 0.6511644366118897 4
0.3293441756409804 0.3360369648081939 0.021769228942276952 0.6531729303671995 0.6037002450688275 5
0.4930231385486745 0.9983432964811937 0.764588371705855 0.1384923795285148 0.08450273820091769 2
0.07572434702490194 0.3964351729322788 0.5159975900228158 0.07840350269442498 0.4510248845337276 5
0.26709184685977605 0.7751575205074301 0.42876819386930376 0.7524625296770006 0.5090986234771832 2
0.7871740165872886 0.2431767167704535 0.8286495515176209 0.3362196059807735 0.9876748394389865 7
0.35584649058328544 0.07027312965343457 0.34445285356540367 0.7956342502729559 0.5125733065702772 3
0.35584649058328544 0.07027312965343457 0.34445285356540367 0.7956342502729559 0.5125733065702772 3
0.04661687228563005 0.9817294256825103 0.5177726102347938 0.6484841171468555 0.1379879881712469 8
0.2687330313764126 0.3894236686952769 0.5086723616360058 0.7900686882071275 0.5970841082196441 2
0.2687330313764126 0.3894236686952769 0.5086723616360058 0.7900686882071275 0.5970841082196441 2
0.6160256340921112 0.5765170595007425 0.9365992051086327 0.29694564413127145 0.9752409807386442 6
0.1846585289786461 0.9295435075553254 0.2136451608953932 0.5733578555524675 0.9845322935219777 3
0.3700611964718059 0.5691522233499011 0.9664047055886036 0.9953627041096593 0.15536338571655772 3
0.9635986170685198 0.6312545551366897 0.17538348685684813 0.6205976466143723 0.8454342815920225 5
0.923135255552636 0.7907432939058294 0.4023919246148613 0.7826919570383647 0.6511644366118897 4
0.2719927968161653 0.6967073974099751 0.9006960587098876 0.8740769189792067 0.0416742035999389 2
0.07175639668589573 0.9668144457418728 0.9378733239488068 0.7826045745621846 0.661557138405624 3
0.3293441756409804 0.3360369648081939 0.021769228942276952 0.6531729303671995 0.6037002450688275 5
0.7871740165872886 0.2431767167704535 0.8286495515176209 0.3362196059807735 0.9876748394389865 7
0.07572434702490194 0.3964351729322788 0.5159975900228158 0.07840350269442498 0.4510248845337276 5
0.26709184685977605 0.7751575205074301 0.42876819386930376 0.7524625296770006 0.5090986234771832 2
0.7871740165872886 0.2431767167704535 0.8286495515176209 0.3362196059807735 0.9876748394389865 7
0.1537348736772991 0.25381373551345976 0.14061285675608048 0.5203813049650687 0.29852226752197963 5
0.1537348736772991 0.25381373551345976 0.14061285675608048 0.5203813049650687 0.29852226752197963 5
0.04198322820961964 0.2944952059178626 0.6834331221986498 0.6282650159950665 0.9385000449587675 1
0.2687330313764126 0.3894236686952769 0.5086723616360058 0.7900686882071275 0.5970841082196441 2
0.6160256340921112 0.5765170595007425 0.9365992051086327 0.29694564413127145 0.9752409807386442 6
0.1846585289786461 0.9295435075553254 0.2136451608953932 0.5733578555524675 0.9845322935219777 3
0.9318835593500618 0.8742025102765753 0.8417367219628508 0.34326903140157705 0.9250815135574794 8
0.923135255552636 0.7907432939058294 0.4023919246148613 0.7826919570383647 0.6511644366118897 4
0.923135255552636 0.7907432939058294 0.4023919246148613 0.7826919570383647 0.6511644366118897 4
0.3293441756409804 0.3360369648081939 0.021769228942276952 0.6531729303671995 0.6037002450688275 5
0.4930231385486745 0.9983432964811937 0.764588371705855 0.1384923795285148 0.08450273820091769 2
0.07572434702490194 0.3964351729322788 0.5159975900228158 0.07840350269442498 0.4510248845337276 5
0.26709184685977605 0.7751575205074301 0.42876819386930376 0.7524625296770006 0.5090986234771832 2
0.7871740165872886 0.2431767167704535 0.8286495515176209 0.3362196059807735 0.9876748394389865 7
0.35584649058328544 0.07027312965343457 0.34445285356540367 0.7956342502729559 0.5125733065702772 3
0.35584649058328544 0.07027312965343457 0.34445285356540367 0.7956342502729559 0.5125733065702772 3
0.04661687228563005 0.9817294256825103 0.5177726102347938 0.6484841171468555 0.1379879881712469 8
0.2687330313764126 0.3894236686952769 0.5086723616360058 0.7900686882071275 0.5970841082196441 2
0.2687330313764126 0.3894236686952769 0.5086723616360058 0.7900686882071275 0.5970841082196441 2
0.6160256340921112 0.5765170595007425 0.9365992051086327 0.29694564413127145 0.9752409807386442 6
0.1846585289786461 0.9295435075553254 0.2136451608953932 0.5733578555524675 0.9845322935219777 3
0.6232147856279976 0.4997024680967945 0.7866886383100853 0.5759424487312452 0.9298052689418462 2
0.923135255552636 0.7907432939058294 0.4023919246148613 0.7826919570383647 0.6511644366118897 4
0.923135255552636 0.7907432939058294 0.4023919246148613 0.7826919570383647 0.6511644366118897 4
0.07175639668589573 0.9668144457418728 0.9378733239488068 0.7826045745621846 0.661557138405624 3
0.3293441756409804 0.3360369648081939 0.021769228942276952 0.6531729303671995 0.6037002450688275 5
0.4930231385486745 0.9983432964811937 0.764588371705855 0.1384923795285148 0.08450273820091769 2
0.07572434702490194 0.3964351729322788 0.5159975900228158 0.07840350269442498 0.4510248845337276 5
0.26709184685977605 0.7751575205074301 0.42876819386930376 0.7524625296770006 0.5090986234771832 2
0.35584649058328544 0.07027312965343457 0.34445285356540367 0.7956342502729559 0.5125733065702772 3
0.35584649058328544 0.07027312965343457 0.34445285356540367 0.7956342502729559 0.5125733065702772 3
0.1537348736772991 0.25381373551345976 0.14061285675608048 0.5203813049650687 0.29852226752197963 5
0.1537348736772991 0.25381373551345976 0.14061285675608048 0.5203813049650687 0.29852226752197963 5
0.2687330313764126 0.3894236686952769 0.5086723616360058 0.7900686882071275 0.5970841082196441 2
0.2687330313764126 0.3894236686952769 0.5086723616360058 0.7900686882071275 0.5970841082196441 2
0.38636508209809295 0.9798629034238967 0.7161812617179157 0.4767142932099808 0.012350103714600102 8
0.1846585289786461 0.9295435075553254 0.2136451608953932 0.5733578555524675 0.9845322935219777 3
0.6232147856279976 0.4997024680967945 0.7866886383100853 0.5759424487312452 0.9298052689418462 2
0.923135255552636 0.7907432939058294 0.4023919246148613 0.7826919570383647 0.6511644366118897 4
0.923135255552636 0.7907432939058294 0.4023919246148613 0.7826919570383647 0.6511644366118897 4
0.07175639668589573 0.9668144457418728 0.9378733239488068 0.7826045745621846 0.661557138405624 3
0.3293441756409804 0.3360369648081939 0.021769228942276952 0.6531729303671995 0.6037002450688275 5
0.4930231385486745 0.9983432964811937 0.764588371705855 0.1384923795285148 0.08450273820091769 2
0.07572434702490194 0.3964351729322788 0.5159975900228158 0.07840350269442498 0.4510248845337276 5
0.26709184685977605 0.7751575205074301 0.42876819386930376 0.7524625296770006 0.5090986234771832 2
0.35584649058328544 0.07027312965343457 0.34445285356540367 0.7956342502729559 0.5125733065702772 3
0.1537348736772991 0.25381373551345976 0.14061285675608048 0.5203813049650687 0.29852226752197963 5
0.1537348736772991 0.25381373551345976 0.14061285675608048 0.5203813049650687 0.29852226752197963 5
0.1537348736772991 0.25381373551345976 0.14061285675608048 0.5203813049650687 0.29852226752197963 5
0.2687330313764126 0.3894236686952769 0.5086723616360058 0.7900686882071275 0.5970841082196441 2
0.2687330313764126 0.3894236686952769 0.5086723616360058 0.7900686882071275 0.5970841082196441 2
0.38636508209809295 0.9798629034238967 0.7161812617179157 0.4767142932099808 0.012350103714600102 8
0.1846585289786461 0.9295435075553254 0.2136451608953932 0.5733578555524675 0.9845322935219777 3
0.6232147856279976 0.4997024680967945 0.7866886383100853 0.5759424487312452 0.9298052689418462 2
0.0873412900675461 0.6664163741660887 0.6784057689018393 0.620822805795022 0.0536391544789635 2
0.923135255552636 0.7907432939058294 0.4023919246148613 0.7826919570383647 0.6511644366118897 4
0.923135255552636 0.7907432939058294 0.4023919246148613 0.7826919570383647 0.6511644366118897 4
0.07175639668589573 0.9668144457418728 0.9378733239488068 0.7826045745621846 0.661557138405624 3
0.3293441756409804 0.3360369648081939 0.021769228942276952 0.6531729303671995 0.6037002450688275 5
0.4930231385486745 0.9983432964811937 0.764588371705855 0.1384923795285148 0.08450273820091769 2
0.07572434702490194 0.3964351729322788 0.5159975900228158 0.07840350269442498 0.4510248845337276 5
0.26709184685977605 0.7751575205074301 0.42876819386930376 0.7524625296770006 0.5090986234771832 2
0.35584649058328544 0.07027312965343457 0.34445285356540367 0.7956342502729559 0.5125733065702772 3
0.35584649058328544 0.07027312965343457 0.34445285356540367 0.7956342502729559 0.5125733065702772 3
0.1537348736772991 0.25381373551345976 0.14061285675608048 0.5203813049650687 0.29852226752197963 5
0.1537348736772991 0.25381373551345976 0.14061285675608048 0.5203813049650687 0.29852226752197963 5
0.04198322820961964 0.2944952059178626 0.6834331221986498 0.6282650159950665 0.9385000449587675 1
0.2687330313764126 0.3894236686952769 0.5086723616360058 0.7900686882071275 0.5970841082196441 2
0.6160256340921112 0.5765170595007425 0.9365992051086327 0.29694564413127145 0.9752409807386442 6
0.1846585289786461 0.9295435075553254 0.2136451608953932 0.5733578555524675 0.9845322935219777 3
0.9635986170685198 0.6312545551366897 0.17538348685684813 0.6205976466143723 0.8454342815920225 5
0.9318835593500618 0.8742025102765753 0.8417367219628508 0.34326903140157705 0.9250815135574794 8
0.923135255552636 0.7907432939058294 0.4023919246148613 0.7826919570383647 0.6511644366118897 4
0.926067120569571 0.9222122891148462 0.3562876055451254 0.6676441555247322 0.6622751167546846 1
0.3293441756409804 0.3360369648081939 0.021769228942276952 0.6531729303671995 0.6037002450688275 5
0.3479858571361042 0.1381422447059344 0.17262492192639367 0.16647760117885257 0.788618718970324 6
0.07572434702490194 0.3964351729322788 0.5159975900228158 0.07840350269442498 0.4510248845337276 5
0.26709184685977605 0.7751575205074301 0.42876819386930376 0.7524625296770006 0.5090986234771832 2
0.35584649058328544 0.07027312965343457 0.34445285356540367 0.7956342502729559 0.5125733065702772 3
0.35584649058328544 0.07027312965343457 0.34445285356540367 0.7956342502729559 0.5125733065702772 3
0.35584649058328544 0.07027312965343457 0.34445285356540367 0.7956342502729559 0.5125733065702772 3
0.04198322820961964 0.2944952059178626 0.6834331221986498 0.6282650159950665 0.9385000449587675 1
0.2687330313764126 0.3894236686952769 0.5086723616360058 0.7900686882071275 0.5970841082196441 2
0.2687330313764126 0.3894236686952769 0.5086723616360058 0.7900686882071275 0.5970841082196441 2
0.6160256340921112 0.5765170595007425 0.9365992051086327 0.29694564413127145 0.9752409807386442 6
0.1846585289786461 0.9295435075553254 0.2136451608953932 0.5733578555524675 0.9845322935219777 3
0.6232147856279976 0.4997024680967945 0.7866886383100853 0.5759424487312452 0.9298052689418462 2
0.6232147856279976 0.4997024680967945 0.7866886383100853 0.5759424487312452 0.9298052689418462 2
0.9318835593500618 0.8742025102765753 0.8417367219628508 0.34326903140157705 0.9250815135574794 8
0.2719927968161653 0.6967073974099751 0.9006960587098876 0.8740769189792067 0.0416742035999389 2
0.3293441756409804 0.3360369648081939 0.021769228942276952 0.6531729303671995 0.6037002450688275 5
0.4930231385486745 0.9983432964811937 0.764588371705855 0.1384923795285148 0.08450273820091769 2
0.36274395835715545 0.6123642382833244 0.046742677097195484 0.06843893806670343 0.8353182154923363 4
0.26709184685977605 0.7751575205074301 0.42876819386930376 0.7524625296770006 0.5090986234771832 2
0.35584649058328544 0.07027312965343457 0.34445285356540367 0.7956342502729559 0.5125733065702772 3
0.35584649058328544 0.07027312965343457 0.34445285356540367 0.7956342502729559 0.5125733065702772 3
0.35584649058328544 0.07027312965343457 0.34445285356540367 0.7956342502729559 0.5125733065702772 3
0.04661687228563005 0.9817294256825103 0.5177726102347938 0.6484841171468555 0.1379879881712469 8
0.2687330313764126 0.3894236686952769 0.5086723616360058 0.7900686882071275 0.5970841082196441 2
0.2687330313764126 0.3894236686952769 0.5086723616360058 0.7900686882071275 0.5970841082196441 2
0.6160256340921112 0.5765170595007425 0.9365992051086327 0.29694564413127145 0.9752409807386442 6
0.1846585289786461 0.9295435075553254 0.2136451608953932 0.5733578555524675 0.9845322935219777 3
0.9635986170685198 0.6312545551366897 0.17538348685684813 0.6205976466143723 0.8454342815920225 5
