Bin size: 200
Number of elements: 320
10
95
19
3
29
81
88
94
85
30
44
89
67
89
67
57
13
91
13
37
86
89
4
28
65
21
13
11
81
14
13
67
68
9
76
8
39
45
27
53
42
55
63
54
82
18
43
29
90
87
51
17
72
46
12
59
70
62
9
2
14
20
68
32
12
18
83
32
33
81
37
85
88
44
30
62
48
99
51
10
85
44
31
66
32
89
25
9
61
27
40
76
4
26
9
20
80
79
64
30
60
78
22
18
92
72
58
56
21
4
28
21
59
62
90
22
53
53
67
2
70
30
33
97
79
48
77
96
36
65
4
49
3
95
97
44
70
82
86
6
28
49
8
71
21
71
55
52
63
29
15
33
83
59
35
34
87
45
25
92
46
40
94
6
61
15
61
94
10
83
55
100
28
88
21
15
62
80
42
97
40
30
25
44
72
23
39
90
59
83
46
46
23
38
54
38
55
54
28
74
85
97
23
73
35
15
15
23
37
31
49
99
51
20
19
69
44
43
30
80
40
32
23
50
2
36
32
57
42
63
14
65
67
53
3
60
13
95
71
72
96
50
24
15
11
18
22
46
61
8
74
34
5
83
72
29
66
40
93
85
63
96
83
93
26
34
47
9
38
29
35
45
55
6
21
26
54
93
66
85
79
67
37
43
25
6
6
17
21
61
90
81
3
65
52
54
33
85
48
20
43
35
53
41
11
63
33
37
37
18
46
7
66
84
31
50
19
15
93
51