0.7335654546298748 0.1657918151848604 0.3278454575865779 0.005190001382274989 0.793244534992938 7 1
0.06769092682935995 0.6699432630207178 0.46626537792518963 0.14194876047304217 0.7401046250018471 7 7
0.1300435345985682 0.6292905140265592 0.9826367853860962 0.42494267340304614 0.035040288233053274 4 8
0.09461329272229668 0.3432771697497151 0.24142937710695112 0.3988433379441396 0.3467360936781215 6 5
0.5238234232725372 0.6155833091157665 0.1303794260880301 0.590375793484266 0.7610605374901322 7 4
0.17250698297010036 0.07532638842757533 0.4078072318077194 0.43067208022050385 0.34214126888225826 3 2
0.11165712346336198 0.9702135299440746 0.06092344884841805 0.8456086641062771 0.19954992299467145 4 3
0.08450027875414945 0.9703406339225256 0.6120068424379536 0.7134471693590825 0.3515920183030049 7 5
0.2873941442598399 0.24664186778903407 0.7194367791624886 0.13933970809410157 0.17938522803011103 7 5
0.2873941442598399 0.24664186778903407 0.7194367791624886 0.13933970809410157 0.17938522803011103 7 5
0.5604451602406737 0.5973241108590887 0.14626618011180592 0.8031548154370801 0.38258668355766334 6 6
0.14116401119200017 0.2004928748339746 0.505794966589451 0.24546705202599517 0.4432803933518561 2 1
0.5604451602406737 0.5973241108590887 0.14626618011180592 0.8031548154370801 0.38258668355766334 6 6
0.03776087191431754 0.8923555875305313 0.36717182340234455 0.9892135353396656 0.8244513953983803 6 5
0.7335654546298748 0.1657918151848604 0.3278454575865779 0.005190001382274989 0.793244534992938 7 1
0.03776087191431754 0.8923555875305313 0.36717182340234455 0.9892135353396656 0.8244513953983803 6 5