0.7725558126938307 0.22991813730641353 0.9915444641445914 0.6533220735593239 0.1356650433205886 6 3
0.8612498240855518 0.824657376956058 0.6572082595474474 0.9041061317560536 0.25916321571308765 1 7
0.8612498240855518 0.824657376956058 0.6572082595474474 0.9041061317560536 0.25916321571308765 1 7
0.2591974193870099 0.5519443824325131 0.20608671837193548 0.19661690093344364 0.046613028940918455 8 1
0.08171932125194514 0.3246864801791144 0.35507470526608775 0.5377524174445056 0.988028260261513 1 1
0.15992799101554012 0.37094728486458506 0.4820829147721539 0.028164518284855222 0.20248212479726557 1 1
0.9334811251107441 0.02232766858465396 0.16852370161349162 0.11552974924393566 0.7387806912726739 3 8
0.9334811251107441 0.02232766858465396 0.16852370161349162 0.11552974924393566 0.7387806912726739 3 8
0.8538968154155772 0.4748900217492814 0.9353141126631813 0.5480695921572265 0.11312992981983572 7 1
0.6666840263688153 0.5752730865570745 0.11066911140317448 0.7654102917975644 0.6074813312451571 6 1
0.9235422234256849 0.99671344090851 0.8810969150935196 0.10291507459491189 0.08016911078510713 8 7
0.3563030809553158 0.888145717171949 0.7492917329597587 0.25780607934242283 0.7671134298793189 6 3
0.9883101741650239 0.4444564382141619 0.2797071868158093 0.9553452671191162 0.7797068452713447 8 5
0.929130926331333 0.18576706854394154 0.8233403309892684 0.10890288503713019 0.2197727871030617 2 7
0.8064020132251495 0.8380889888864458 0.1782252797040046 0.8006214216704521 0.5072683433578162 8 6
0.8064020132251495 0.8380889888864458 0.1782252797040046 0.8006214216704521 0.5072683433578162 8 6
0.7606664874445245 0.8316890080742427 0.4497244480547189 0.10859948265737573 0.8471318885811809 6 3
0.6041870441561441 0.8210038833966617 0.23607206607952325 0.3129523340659146 0.19878130055599785 2 8