0.7335654546298748 0.1657918151848604 0.3278454575865779 0.005190001382274989 0.793244534992938 7 1
0.7335654546298748 0.1657918151848604 0.3278454575865779 0.005190001382274989 0.793244534992938 7 1
0.1300435345985682 0.6292905140265592 0.9826367853860962 0.42494267340304614 0.035040288233053274 4 8
0.013342895899508989 0.9184601233715604 0.6902735787138651 0.07785113240534447 0.11487110594055816 5 6
0.1300435345985682 0.6292905140265592 0.9826367853860962 0.42494267340304614 0.035040288233053274 4 8
0.17250698297010036 0.07532638842757533 0.4078072318077194 0.43067208022050385 0.34214126888225826 3 2
0.11165712346336198 0.9702135299440746 0.06092344884841805 0.8456086641062771 0.19954992299467145 4 3
0.2873941442598399 0.24664186778903407 0.7194367791624886 0.13933970809410157 0.17938522803011103 7 5
0.14116401119200017 0.2004928748339746 0.505794966589451 0.24546705202599517 0.4432803933518561 2 1
0.5055780675296492 0.33253893014784497 0.9158158600093217 0.612647142244729 0.08989867210014124 8 6
0.5604451602406737 0.5973241108590887 0.14626618011180592 0.8031548154370801 0.38258668355766334 6 6
0.49448817208874274 0.009202752809697401 0.563537738425101 0.18258467269529854 0.9961911720101067 4 3
0.25330829114707953 0.09156673154208994 0.6306510182653187 0.6946461746987711 0.9482750523490915 4 1
0.7335654546298748 0.1657918151848604 0.3278454575865779 0.005190001382274989 0.793244534992938 7 1
0.9821992845488206 0.9832203844054234 0.08723540127669138 0.3719108338360144 0.9666271115445005 7 4
0.08891972102178891 0.2046017344613238 0.8016992239224071 0.48615673682447735 0.9556951988015859 7 5