0.09010500462899196 0.14026472316127048 0.7715811862586831 0.2914676928221789 0.3257790259158928 5 1
0.8873324102423127 0.8763001469572208 0.07590451102870688 0.6350860944291045 0.22629819918245175 1 4
0.38787616742050535 0.39899954026079987 0.8046739063637225 0.6512914004483569 0.9402687271972344 8 1
0.6801590331125513 0.17260281540161282 0.31178792462584237 0.3183942045837642 0.23328384779414546 3 4
0.8873324102423127 0.8763001469572208 0.07590451102870688 0.6350860944291045 0.22629819918245175 1 4
0.02141902107782956 0.0664024078276727 0.3233184615623046 0.10028297730116942 0.49707411628498976 1 5
0.02141902107782956 0.0664024078276727 0.3233184615623046 0.10028297730116942 0.49707411628498976 1 5
0.8099371382117151 0.9911396962829643 0.24524906573134497 0.533562639936864 0.8365598029060461 7 7
0.8226102819088393 0.5588211939219431 0.37740773760034896 0.10009649914943619 0.7688544742839136 2 7
0.8226102819088393 0.5588211939219431 0.37740773760034896 0.10009649914943619 0.7688544742839136 2 7
0.8720137759075103 0.11433600885263795 0.9336090165366521 0.8954847662728004 0.9012102305595537 5 2
0.15169370555765205 0.5734067808939631 0.3292752245315296 0.20561445853720217 0.8386978108346065 7 5
0.6482279907590093 0.8093409128538414 0.7773636641234694 0.634451113165523 0.27178226761063895 3 4
0.6482279907590093 0.8093409128538414 0.7773636641234694 0.634451113165523 0.27178226761063895 3 4
0.5985809523477329 0.8508832011456662 0.07124232306864531 0.2703879014800423 0.9103210095264805 7 6
0.5985809523477329 0.8508832011456662 0.07124232306864531 0.2703879014800423 0.9103210095264805 7 6
0.9326983813187764 0.2954467643291976 0.33347766728080686 0.8517831343693423 0.13092353355288 6 8
0.04126325098311345 0.8763077296172493 0.4362730279072342 0.23643903144136857 0.8775853491308735 3 7