0.7335654546298748 0.1657918151848604 0.3278454575865779 0.005190001382274989 0.793244534992938 7 1
0.1300435345985682 0.6292905140265592 0.9826367853860962 0.42494267340304614 0.035040288233053274 4 8
0.1300435345985682 0.6292905140265592 0.9826367853860962 0.42494267340304614 0.035040288233053274 4 8
0.09461329272229668 0.3432771697497151 0.24142937710695112 0.3988433379441396 0.3467360936781215 6 5
0.4160968597878435 0.8354970755393958 0.9252532705801673 0.9784479665580997 0.29005256408612456 1 3
0.17250698297010036 0.07532638842757533 0.4078072318077194 0.43067208022050385 0.34214126888225826 3 2
0.11165712346336198 0.9702135299440746 0.06092344884841805 0.8456086641062771 0.19954992299467145 4 3
0.5137394276867726 0.42502591595750405 0.9774260156915136 0.9066054013024679 0.13391824328682 6 4
0.2873941442598399 0.24664186778903407 0.7194367791624886 0.13933970809410157 0.17938522803011103 7 5
0.14116401119200017 0.2004928748339746 0.505794966589451 0.24546705202599517 0.4432803933518561 2 1
0.5055780675296492 0.33253893014784497 0.9158158600093217 0.612647142244729 0.08989867210014124 8 6
0.5604451602406737 0.5973241108590887 0.14626618011180592 0.8031548154370801 0.38258668355766334 6 6
0.5604451602406737 0.5973241108590887 0.14626618011180592 0.8031548154370801 0.38258668355766334 6 6
0.25330829114707953 0.09156673154208994 0.6306510182653187 0.6946461746987711 0.9482750523490915 4 1
0.004628285636793739 0.74476089718969 0.6067299230286858 0.794010940672909 0.6603759935013019 3 2
0.9821992845488206 0.9832203844054234 0.08723540127669138 0.3719108338360144 0.9666271115445005 7 4