0.1893334622920818 0.8804688187423699 0.5013989796964466 0.695992120647513 0.08324271259045013 7 7
0.6566332058958438 0.41318999323310546 0.8329263867134403 0.27563531224442417 0.6927944600423521 5 1
0.761045507673102 0.5671501240020314 0.666399710773458 0.39976348148793295 0.55473251037732 2 5
0.9863085665987237 0.006648507073852783 0.9912521679053656 0.21034363795634503 0.5087637150936105 6 6
0.761045507673102 0.5671501240020314 0.666399710773458 0.39976348148793295 0.55473251037732 2 5
0.9863085665987237 0.006648507073852783 0.9912521679053656 0.21034363795634503 0.5087637150936105 6 6
0.7701499268691346 0.9766739577028452 0.227863187878261 0.6699711336663907 0.7282854551551189 7 6
0.5681225477472678 0.15065987293234484 0.853785974070685 0.09449483181554352 0.31052561821431734 5 5
0.04160165684050421 0.23345822420469242 0.3478624691147991 0.0543953877338349 0.9159826703934657 3 5
0.5993120653086217 0.8426036398251084 0.01969752799590585 0.15640393090976434 0.26778659644554104 5 5
0.3305476260526846 0.06360409512551546 0.9871953147262639 0.7638362548602446 0.8471899856205006 4 1
0.3839578317640713 0.09754721860525828 0.8318825766427405 0.38794868380052816 0.6327143496324845 1 1
0.14388830606404646 0.5322601388533253 0.3749152584092841 0.023824978006195652 0.2576049567548119 6 5
0.14388830606404646 0.5322601388533253 0.3749152584092841 0.023824978006195652 0.2576049567548119 6 5
0.5843522404092548 0.7994770499451399 0.6774517586330301 0.27448726152295644 0.5763971779882567 5 5
0.1442695273871365 0.2523726214786899 0.7826981303842875 0.4920183840410829 0.8152091947978302 3 4