0.6094530103210589 0.07432859078857668 0.7374911661380111 0.36874104728130397 0.25598689854782364 2 1
0.5032348576544379 0.677543105772464 0.017272606840698534 0.2264542251837679 0.962527291685601 8 7
0.6278268312452358 0.3519719778247895 0.7308543856758045 0.04546100227790151 0.738401718750803 6 2
0.4485022331278037 0.5154171204497283 0.7193329349036944 0.4421326270666378 0.5406342659576363 7 4
0.7580980753793027 0.6120858830956621 0.3941867780566346 0.5435049929122235 0.3734375337827496 6 8
0.563967761452118 0.022830819017368276 0.2340458978530825 0.006532402183066388 0.2545123804202958 5 1
0.5138077858275607 0.773924074761186 0.014362017495465063 0.18282653815349337 0.19117623472893197 8 4
0.5847937003752668 0.34011973690420827 0.03593108305338166 0.256651571045972 0.4176993153145967 8 8
0.5847937003752668 0.34011973690420827 0.03593108305338166 0.256651571045972 0.4176993153145967 8 8
0.9358431073527587 0.572694238062174 0.6846770524532301 0.44246539214668346 0.3961149374568259 5 5
0.6299166421095895 0.6794217155704964 0.9641636336271592 0.6635284436708523 0.45193106905067937 4 1
0.6299166421095895 0.6794217155704964 0.9641636336271592 0.6635284436708523 0.45193106905067937 4 1
0.6299166421095895 0.6794217155704964 0.9641636336271592 0.6635284436708523 0.45193106905067937 4 1
0.3219613699363999 0.5735636368126801 0.19590178603628827 0.1729850439783659 0.6617393713957789 4 1
0.7843580352584119 0.16782387742394655 0.907652075319397 0.8601775748093999 0.14837878828186057 8 6
0.7843580352584119 0.16782387742394655 0.907652075319397 0.8601775748093999 0.14837878828186057 8 6