0.09010500462899196 0.14026472316127048 0.7715811862586831 0.2914676928221789 0.3257790259158928 5 1
0.09010500462899196 0.14026472316127048 0.7715811862586831 0.2914676928221789 0.3257790259158928 5 1
0.6801590331125513 0.17260281540161282 0.31178792462584237 0.3183942045837642 0.23328384779414546 3 4
0.7721171616520863 0.26700063693474096 0.08861410772589928 0.7491897308978684 0.36520487801604773 5 8
0.8873324102423127 0.8763001469572208 0.07590451102870688 0.6350860944291045 0.22629819918245175 1 4
0.02141902107782956 0.0664024078276727 0.3233184615623046 0.10028297730116942 0.49707411628498976 1 5
0.4921388627658271 0.3586963058038536 0.9199465391832248 0.07068536246303136 0.8042366684521959 2 5
0.4921388627658271 0.3586963058038536 0.9199465391832248 0.07068536246303136 0.8042366684521959 2 5
0.2747179907610865 0.5102566162619374 0.4114165669115286 0.323734166911279 0.4921035472565355 8 5
0.8720137759075103 0.11433600885263795 0.9336090165366521 0.8954847662728004 0.9012102305595537 5 2
0.6482279907590093 0.8093409128538414 0.7773636641234694 0.634451113165523 0.27178226761063895 3 4
0.6482279907590093 0.8093409128538414 0.7773636641234694 0.634451113165523 0.27178226761063895 3 4
0.15169370555765205 0.5734067808939631 0.3292752245315296 0.20561445853720217 0.8386978108346065 7 5
0.5521244518626384 0.4103722601403582 0.8655317341266788 0.3592714293919248 0.7354755138059916 1 5
0.5521244518626384 0.4103722601403582 0.8655317341266788 0.3592714293919248 0.7354755138059916 1 5
0.5490400243727404 0.13095558486498526 0.30022589093974883 0.3037981632743475 0.8337747703133649 3 1
0.04126325098311345 0.8763077296172493 0.4362730279072342 0.23643903144136857 0.8775853491308735 3 7