0.1179765058506812 0.9605347587029144 0.00427881907676797 0.649252684481674 0.12067331690952543 6 3
0.4270884578512739 0.41426770903725474 0.6934367991562739 0.45010950058601307 0.008566464784080852 3 2
0.42053015746434896 0.5176824443293886 0.9366351852487321 0.5376205392282857 0.28092225840051877 8 3
0.9559312682553561 0.3318941633513698 0.6111225801434856 0.4744644659203232 0.9162231347643658 3 4
0.17471606753302826 0.7566153869888195 0.5120501805022342 0.22534414420526527 0.5991843463867652 8 5
0.12605636982758284 0.4846492023618194 0.4256294271222836 0.3110939155038469 0.2109906760426582 4 5
0.07428944689061046 0.23868965330727476 0.1962512634067778 0.15624580876422256 0.5715827682882719 2 1
0.07428944689061046 0.23868965330727476 0.1962512634067778 0.15624580876422256 0.5715827682882719 2 1
0.07428944689061046 0.23868965330727476 0.1962512634067778 0.15624580876422256 0.5715827682882719 2 1
0.49762517992311184 0.8866876490398199 0.8328202938898464 0.4750609282561996 0.8342191376146461 4 8
0.13660228683389775 0.36249071330014093 0.7562949246618673 0.6195623842315315 0.03460300106317071 5 1
0.3107920871903014 0.5712224789716748 0.5550696969978832 0.6074978647052515 0.3576633002369416 6 1
0.6755766504088465 0.4808828141151734 0.9560702947967339 0.02068381765820393 0.2586196345655909 4 1
0.609874859405626 0.9721936180739996 0.6398859646350548 0.25679161013787277 0.3906175107376808 2 6
0.6410901005187126 0.7435239192173521 0.03870703881640336 0.07076050880961349 0.8822302813161492 2 2
0.6410901005187126 0.7435239192173521 0.03870703881640336 0.07076050880961349 0.8822302813161492 2 2