0.09010500462899196 0.14026472316127048 0.7715811862586831 0.2914676928221789 0.3257790259158928 5 1
0.3176860908081638 0.05944218526958678 0.5853380529318257 0.6757823616935934 0.9998903227504189 8 8
0.38787616742050535 0.39899954026079987 0.8046739063637225 0.6512914004483569 0.9402687271972344 8 1
0.09010500462899196 0.14026472316127048 0.7715811862586831 0.2914676928221789 0.3257790259158928 5 1
0.04126325098311345 0.8763077296172493 0.4362730279072342 0.23643903144136857 0.8775853491308735 3 7
0.6865263928900115 0.5778411432056402 0.698822829703347 0.6457434121355881 0.8246085873150221 4 7
0.02141902107782956 0.0664024078276727 0.3233184615623046 0.10028297730116942 0.49707411628498976 1 5
0.02141902107782956 0.0664024078276727 0.3233184615623046 0.10028297730116942 0.49707411628498976 1 5
0.8226102819088393 0.5588211939219431 0.37740773760034896 0.10009649914943619 0.7688544742839136 2 7
0.8226102819088393 0.5588211939219431 0.37740773760034896 0.10009649914943619 0.7688544742839136 2 7
0.4921388627658271 0.3586963058038536 0.9199465391832248 0.07068536246303136 0.8042366684521959 2 5
0.2747179907610865 0.5102566162619374 0.4114165669115286 0.323734166911279 0.4921035472565355 8 5
0.4921388627658271 0.3586963058038536 0.9199465391832248 0.07068536246303136 0.8042366684521959 2 5
0.15169370555765205 0.5734067808939631 0.3292752245315296 0.20561445853720217 0.8386978108346065 7 5
0.9829536180790115 0.8585912152790551 0.6113529376772863 0.6288108703283647 0.8678796015066683 6 4
0.5521244518626384 0.4103722601403582 0.8655317341266788 0.3592714293919248 0.7354755138059916 1 5
0.09010500462899196 0.14026472316127048 0.7715811862586831 0.2914676928221789 0.3257790259158928 5 1
0.04126325098311345 0.8763077296172493 0.4362730279072342 0.23643903144136857 0.8775853491308735 3 7