0.46222494500218936 0.9036256446293575 0.11717399393652406 0.11549542142545788 0.8412665885332197 7 2
0.5032348576544379 0.677543105772464 0.017272606840698534 0.2264542251837679 0.962527291685601 8 7
0.6278268312452358 0.3519719778247895 0.7308543856758045 0.04546100227790151 0.738401718750803 6 2
0.4485022331278037 0.5154171204497283 0.7193329349036944 0.4421326270666378 0.5406342659576363 7 4
0.8233866380400677 0.8038944544406867 0.19698862576425547 0.3948030191744252 0.9124728999707671 7 3
0.5519636113497716 0.2619576742522388 0.3811950085786938 0.2924747557484937 0.1959424884575126 3 2
0.17379558505138482 0.8093297921046559 0.3603459408496801 0.055638526231095775 0.20144189272710633 2 1
0.5847937003752668 0.34011973690420827 0.03593108305338166 0.256651571045972 0.4176993153145967 8 8
0.5847937003752668 0.34011973690420827 0.03593108305338166 0.256651571045972 0.4176993153145967 8 8
0.5981493115501234 0.43486634154983217 0.25271361870313525 0.06405151533129338 0.8591175782212253 1 1
0.9917077835429293 0.32505836007289324 0.19177280485187376 0.06026625015927267 0.5372290165505739 5 5
0.9358431073527587 0.572694238062174 0.6846770524532301 0.44246539214668346 0.3961149374568259 5 5
0.5981493115501234 0.43486634154983217 0.25271361870313525 0.06405151533129338 0.8591175782212253 1 1
0.6299166421095895 0.6794217155704964 0.9641636336271592 0.6635284436708523 0.45193106905067937 4 1
0.7843580352584119 0.16782387742394655 0.907652075319397 0.8601775748093999 0.14837878828186057 8 6