0.8612498240855518 0.824657376956058 0.6572082595474474 0.9041061317560536 0.25916321571308765 1 7
0.8612498240855518 0.824657376956058 0.6572082595474474 0.9041061317560536 0.25916321571308765 1 7
0.8612498240855518 0.824657376956058 0.6572082595474474 0.9041061317560536 0.25916321571308765 1 7
0.8612498240855518 0.824657376956058 0.6572082595474474 0.9041061317560536 0.25916321571308765 1 7
0.017572065845135598 0.9549811554291053 0.3768906014080735 0.8522490536580515 0.8150154179990114 4 1
0.08171932125194514 0.3246864801791144 0.35507470526608775 0.5377524174445056 0.988028260261513 1 1
0.5647565990173355 0.09964873946264652 0.13047618399662542 0.9380582704982632 0.03899081868299514 2 7
0.539110412264341 0.29879547665508266 0.40814930080630374 0.9054210767118863 0.06067348831339847 3 1
0.539110412264341 0.29879547665508266 0.40814930080630374 0.9054210767118863 0.06067348831339847 3 1
0.23935711961573536 0.0034386131261608943 0.35741240896678916 0.5187669670158889 0.40905861530610566 5 1
0.9235422234256849 0.99671344090851 0.8810969150935196 0.10291507459491189 0.08016911078510713 8 7
0.9235422234256849 0.99671344090851 0.8810969150935196 0.10291507459491189 0.08016911078510713 8 7
0.929130926331333 0.18576706854394154 0.8233403309892684 0.10890288503713019 0.2197727871030617 2 7
0.929130926331333 0.18576706854394154 0.8233403309892684 0.10890288503713019 0.2197727871030617 2 7
0.9883101741650239 0.4444564382141619 0.2797071868158093 0.9553452671191162 0.7797068452713447 8 5