0.7725558126938307 0.22991813730641353 0.9915444641445914 0.6533220735593239 0.1356650433205886 6 3
0.8612498240855518 0.824657376956058 0.6572082595474474 0.9041061317560536 0.25916321571308765 1 7
0.8612498240855518 0.824657376956058 0.6572082595474474 0.9041061317560536 0.25916321571308765 1 7
0.19872471606506592 0.4828083834362581 0.9238255408383571 0.801080458866899 0.17553090538192107 2 1
0.08171932125194514 0.3246864801791144 0.35507470526608775 0.5377524174445056 0.988028260261513 1 1
0.017572065845135598 0.9549811554291053 0.3768906014080735 0.8522490536580515 0.8150154179990114 4 1
0.5647565990173355 0.09964873946264652 0.13047618399662542 0.9380582704982632 0.03899081868299514 2 7
0.6405457413007114 0.713388774283237 0.15330890758185822 0.42387296816581643 0.2630288216250617 5 7
0.3941768697749286 0.8829950596594041 0.6828957610779366 0.6791771134891602 0.8384284147385574 6 2
0.163560071937499 0.6193737816768963 0.976930590286143 0.4088221835250426 0.8820246423738736 1 4
0.23935711961573536 0.0034386131261608943 0.35741240896678916 0.5187669670158889 0.40905861530610566 5 1
0.9883101741650239 0.4444564382141619 0.2797071868158093 0.9553452671191162 0.7797068452713447 8 5
0.929130926331333 0.18576706854394154 0.8233403309892684 0.10890288503713019 0.2197727871030617 2 7
0.9883101741650239 0.4444564382141619 0.2797071868158093 0.9553452671191162 0.7797068452713447 8 5
0.9883101741650239 0.4444564382141619 0.2797071868158093 0.9553452671191162 0.7797068452713447 8 5
0.8111192760121595 0.48869953295850765 0.06638523940428098 0.8407515907583073 0.7688862930068749 6 3
0.3148798753956107 0.6939513084267354 0.8413323877796267 0.45544443540930424 0.9769308353562813 6 6