0.7335654546298748 0.1657918151848604 0.3278454575865779 0.005190001382274989 0.793244534992938 7 1
0.09461329272229668 0.3432771697497151 0.24142937710695112 0.3988433379441396 0.3467360936781215 6 5
0.1300435345985682 0.6292905140265592 0.9826367853860962 0.42494267340304614 0.035040288233053274 4 8
0.09461329272229668 0.3432771697497151 0.24142937710695112 0.3988433379441396 0.3467360936781215 6 5
0.1300435345985682 0.6292905140265592 0.9826367853860962 0.42494267340304614 0.035040288233053274 4 8
0.17250698297010036 0.07532638842757533 0.4078072318077194 0.43067208022050385 0.34214126888225826 3 2
0.5137394276867726 0.42502591595750405 0.9774260156915136 0.9066054013024679 0.13391824328682 6 4
0.5137394276867726 0.42502591595750405 0.9774260156915136 0.9066054013024679 0.13391824328682 6 4
0.14116401119200017 0.2004928748339746 0.505794966589451 0.24546705202599517 0.4432803933518561 2 1
0.14116401119200017 0.2004928748339746 0.505794966589451 0.24546705202599517 0.4432803933518561 2 1
0.5604451602406737 0.5973241108590887 0.14626618011180592 0.8031548154370801 0.38258668355766334 6 6
0.14116401119200017 0.2004928748339746 0.505794966589451 0.24546705202599517 0.4432803933518561 2 1
0.17179954115979434 0.18101569470091294 0.39186453644050456 0.39977288110429976 0.17737094874591453 5 7
0.27924454317450975 0.9832565342189882 0.5228280979085409 0.8895520986179447 0.18534235346545314 1 8
0.12544956318135403 0.5560283372184635 0.32303956673292733 0.6311892629869165 0.5067270413761149 2 6
0.9821992845488206 0.9832203844054234 0.08723540127669138 0.3719108338360144 0.9666271115445005 7 4
0.1300435345985682 0.6292905140265592 0.9826367853860962 0.42494267340304614 0.035040288233053274 4 8
0.9785821143448068 0.014487391830611762 0.14715069777519152 0.21557413226084254 0.7795642503736255 4 1