0.4245271552137946 0.16446168565575126 0.9487130744722272 0.43456519667001214 0.16245009072674732 1 1
0.908552374310492 0.30207144210147197 0.7806761790763151 0.5186326072182454 0.3605549806302264 6 4
0.4245271552137946 0.16446168565575126 0.9487130744722272 0.43456519667001214 0.16245009072674732 1 1
0.8733810342180784 0.10958429214120369 0.0938089705260452 0.6020663425850776 0.045053681387525746 4 6
0.8024504173019887 0.5196983822244952 0.928421631432589 0.6889829705167023 0.12639286572330732 6 1
0.05356096464865434 0.34521244017955066 0.3489819221417426 0.053758705951372665 0.06563769461912605 4 5
0.007418034525235817 0.6024587273838019 0.08940499834822146 0.22150903332676009 0.0802195907988299 6 4
0.73210764371674 0.9023131568556614 0.2994413032684998 0.9632884057271832 0.7884049632331924 5 5
0.73210764371674 0.9023131568556614 0.2994413032684998 0.9632884057271832 0.7884049632331924 5 5
0.73210764371674 0.9023131568556614 0.2994413032684998 0.9632884057271832 0.7884049632331924 5 5
0.3919754775428277 0.8925250528868564 0.30531845455002493 0.8710273464706412 0.8081064659014405 6 2
0.49559563310315313 0.5907862998527877 0.9287101578331446 0.011487158011850185 0.7394630564879675 3 8
0.7589759793818835 0.5135059123073459 0.13481519829618072 0.8670631513558704 0.18191250663692438 8 5
0.013991135809722666 0.671935849628483 0.7973898263154625 0.07960798065446706 0.2885548375592044 7 5
0.013991135809722666 0.671935849628483 0.7973898263154625 0.07960798065446706 0.2885548375592044 7 5
0.3158929637772908 0.7938813106748241 0.07981141772460132 0.39955403823149993 0.8968376080930123 2 8