0.8111192760121595 0.48869953295850765 0.06638523940428098 0.8407515907583073 0.7688862930068749 6 3
0.8612498240855518 0.824657376956058 0.6572082595474474 0.9041061317560536 0.25916321571308765 1 7
0.19872471606506592 0.4828083834362581 0.9238255408383571 0.801080458866899 0.17553090538192107 2 1
0.19872471606506592 0.4828083834362581 0.9238255408383571 0.801080458866899 0.17553090538192107 2 1
0.08171932125194514 0.3246864801791144 0.35507470526608775 0.5377524174445056 0.988028260261513 1 1
0.017572065845135598 0.9549811554291053 0.3768906014080735 0.8522490536580515 0.8150154179990114 4 1
0.08171932125194514 0.3246864801791144 0.35507470526608775 0.5377524174445056 0.988028260261513 1 1
0.8538968154155772 0.4748900217492814 0.9353141126631813 0.5480695921572265 0.11312992981983572 7 1
0.23935711961573536 0.0034386131261608943 0.35741240896678916 0.5187669670158889 0.40905861530610566 5 1
0.23935711961573536 0.0034386131261608943 0.35741240896678916 0.5187669670158889 0.40905861530610566 5 1
0.23935711961573536 0.0034386131261608943 0.35741240896678916 0.5187669670158889 0.40905861530610566 5 1
0.9883101741650239 0.4444564382141619 0.2797071868158093 0.9553452671191162 0.7797068452713447 8 5
0.46060538612123014 0.2209625736957994 0.7134243843179467 0.7927332216724745 0.4671029294665856 8 2
0.929130926331333 0.18576706854394154 0.8233403309892684 0.10890288503713019 0.2197727871030617 2 7
0.8064020132251495 0.8380889888864458 0.1782252797040046 0.8006214216704521 0.5072683433578162 8 6
0.8064020132251495 0.8380889888864458 0.1782252797040046 0.8006214216704521 0.5072683433578162 8 6
0.8612498240855518 0.824657376956058 0.6572082595474474 0.9041061317560536 0.25916321571308765 1 7