0.3176860908081638 0.05944218526958678 0.5853380529318257 0.6757823616935934 0.9998903227504189 8 8
0.04126325098311345 0.8763077296172493 0.4362730279072342 0.23643903144136857 0.8775853491308735 3 7
0.09010500462899196 0.14026472316127048 0.7715811862586831 0.2914676928221789 0.3257790259158928 5 1
0.7721171616520863 0.26700063693474096 0.08861410772589928 0.7491897308978684 0.36520487801604773 5 8
0.8873324102423127 0.8763001469572208 0.07590451102870688 0.6350860944291045 0.22629819918245175 1 4
0.8873324102423127 0.8763001469572208 0.07590451102870688 0.6350860944291045 0.22629819918245175 1 4
0.02141902107782956 0.0664024078276727 0.3233184615623046 0.10028297730116942 0.49707411628498976 1 5
0.8099371382117151 0.9911396962829643 0.24524906573134497 0.533562639936864 0.8365598029060461 7 7
0.8226102819088393 0.5588211939219431 0.37740773760034896 0.10009649914943619 0.7688544742839136 2 7
0.8720137759075103 0.11433600885263795 0.9336090165366521 0.8954847662728004 0.9012102305595537 5 2
0.5503697930314477 0.639118397268372 0.031430784589064675 0.021753718719628612 0.3383780420113415 2 6
0.6482279907590093 0.8093409128538414 0.7773636641234694 0.634451113165523 0.27178226761063895 3 4
0.04638494844129948 0.5535716707468153 0.9941515590504066 0.1864576561689153 0.9210396166563556 4 5
0.15169370555765205 0.5734067808939631 0.3292752245315296 0.20561445853720217 0.8386978108346065 7 5
0.9829536180790115 0.8585912152790551 0.6113529376772863 0.6288108703283647 0.8678796015066683 6 4
0.5521244518626384 0.4103722601403582 0.8655317341266788 0.3592714293919248 0.7354755138059916 1 5
0.09010500462899196 0.14026472316127048 0.7715811862586831 0.2914676928221789 0.3257790259158928 5 1
0.016098168569264604 0.19404252485199314 0.23410947158364126 0.6968441137497408 0.6379501413147985 6 5