0.3816471004401899 0.28034266543308917 0.7834234934274625 0.7123813055128656 0.7401654322589646 6 5
0.7482655265039747 0.9471263125858133 0.6788120772480477 0.9696281726493975 0.5998336375891974 7 2
0.7904780263209813 0.975827889241074 0.953815148363185 0.8793086775131669 0.02452467031175587 4 1
0.7904780263209813 0.975827889241074 0.953815148363185 0.8793086775131669 0.02452467031175587 4 1
0.5512633648689794 0.14689368341440623 0.9038473041215304 0.37179876331185857 0.31830094066229664 1 5
0.5924554840373251 0.18647888378942212 0.4643156645336747 0.6406329732008723 0.48138463090059547 8 1
0.32654438431492283 0.9608335937037172 0.4935055228755386 0.1614701889228245 0.8551829026328426 7 6
0.5924554840373251 0.18647888378942212 0.4643156645336747 0.6406329732008723 0.48138463090059547 8 1
0.8811625707462286 0.5484607139595813 0.17789707337221217 0.5139983317642283 0.4246088440992637 4 5
0.951219129612944 0.8340258215378544 0.530853267226741 0.24388336500140517 0.07173860522325815 7 2
0.134914583052954 0.47670976446908575 0.8231293623114967 0.3630212083478447 0.7389640402735717 5 1
0.2717115343863632 0.4807202093172399 0.1867496903183199 0.13506569509237598 0.09834394622981768 5 5
0.32528189015798226 0.6826662401733221 0.9186590849842321 0.9634451183857267 0.7379587367532556 8 1
0.5135772877184158 0.20216320742749472 0.09542347407523966 0.46750696189188645 0.061019275585799004 3 5
0.2990839602517329 0.8421899880328678 0.5464035195780605 0.8790089257772308 0.1322996857438442 3 3
0.6481718033301536 0.7822308858170066 0.11730663401759256 0.3576758595746852 0.6846146452175927 4 5