0.5135772877184158 0.20216320742749472 0.09542347407523966 0.46750696189188645 0.061019275585799004 3 5
0.45496631040603663 0.5400731672966381 0.931609501196723 0.817254295122946 0.2566624704016097 1 1
0.45496631040603663 0.5400731672966381 0.931609501196723 0.817254295122946 0.2566624704016097 1 1
0.7904780263209813 0.975827889241074 0.953815148363185 0.8793086775131669 0.02452467031175587 4 1
0.5512633648689794 0.14689368341440623 0.9038473041215304 0.37179876331185857 0.31830094066229664 1 5
0.5924554840373251 0.18647888378942212 0.4643156645336747 0.6406329732008723 0.48138463090059547 8 1
0.5924554840373251 0.18647888378942212 0.4643156645336747 0.6406329732008723 0.48138463090059547 8 1
0.9667274717032949 0.03616877967804666 0.38387411439738917 0.4948895402945266 0.6698045071307367 6 5
0.9667274717032949 0.03616877967804666 0.38387411439738917 0.4948895402945266 0.6698045071307367 6 5
0.951219129612944 0.8340258215378544 0.530853267226741 0.24388336500140517 0.07173860522325815 7 2
0.134914583052954 0.47670976446908575 0.8231293623114967 0.3630212083478447 0.7389640402735717 5 1
0.2717115343863632 0.4807202093172399 0.1867496903183199 0.13506569509237598 0.09834394622981768 5 5
0.6440618864218227 0.22392572830599644 0.7110430839378066 0.5289234275602241 0.8810023483067563 5 6
0.3742788817189382 0.6439795678377088 0.9348560423680218 0.9427688768008613 0.8844308187838379 5 4
0.39135527468064146 0.16149741641604454 0.6413339438023117 0.8206134542604948 0.0374822162752676 8 4