0.908552374310492 0.30207144210147197 0.7806761790763151 0.5186326072182454 0.3605549806302264 6 4
0.4245271552137946 0.16446168565575126 0.9487130744722272 0.43456519667001214 0.16245009072674732 1 1
0.18975958584595098 0.1819737009473259 0.1814368495454779 0.9247262891545194 0.3257175714865209 5 7
0.73210764371674 0.9023131568556614 0.2994413032684998 0.9632884057271832 0.7884049632331924 5 5
0.9721992421662558 0.9305465260805965 0.03534592043747409 0.8817788152554632 0.07504871122904133 3 1
0.19744100848557689 0.039420609649353455 0.2916604831434707 0.7198207270219492 0.21900325217772454 4 5
0.19744100848557689 0.039420609649353455 0.2916604831434707 0.7198207270219492 0.21900325217772454 4 5
0.73210764371674 0.9023131568556614 0.2994413032684998 0.9632884057271832 0.7884049632331924 5 5
0.73210764371674 0.9023131568556614 0.2994413032684998 0.9632884057271832 0.7884049632331924 5 5
0.73210764371674 0.9023131568556614 0.2994413032684998 0.9632884057271832 0.7884049632331924 5 5
0.18700043685467516 0.299170817377749 0.49318296707824916 0.1241522969190626 0.2475499278583163 1 1
0.3919754775428277 0.8925250528868564 0.30531845455002493 0.8710273464706412 0.8081064659014405 6 2
0.7589759793818835 0.5135059123073459 0.13481519829618072 0.8670631513558704 0.18191250663692438 8 5
0.013991135809722666 0.671935849628483 0.7973898263154625 0.07960798065446706 0.2885548375592044 7 5
0.9268587982606603 0.5222466653983533 0.8791177913420348 0.822552091228756 0.7953887113375033 7 1
0.7308831190606789 0.45814316146300005 0.5225417593703292 0.3429771327039196 0.22085682115326888 6 3