0.6712380645956868 0.3926243397047713 0.964853746357483 0.5193977957280007 0.7989713058194705 8 1
0.6712380645956868 0.3926243397047713 0.964853746357483 0.5193977957280007 0.7989713058194705 8 1
0.2189089088251599 0.3001173620744395 0.6653836762923561 0.053333713097868385 0.9077071643876121 2 1
0.6218773982199124 0.26704770791055044 0.6861482978098095 0.7659507272434111 0.7486267117473313 5 1
0.1645584008424531 0.4660422143752593 0.2258458086550319 0.3825072412940007 0.8938860020294573 2 5
0.1645584008424531 0.4660422143752593 0.2258458086550319 0.3825072412940007 0.8938860020294573 2 5
0.030599085955237526 0.2387506879666803 0.6767293692682372 0.08291895201052724 0.6272083297986548 8 8
0.030599085955237526 0.2387506879666803 0.6767293692682372 0.08291895201052724 0.6272083297986548 8 8
0.1645584008424531 0.4660422143752593 0.2258458086550319 0.3825072412940007 0.8938860020294573 2 5
0.5064051776112274 0.36635936504778455 0.328261064818269 0.25031889339606384 0.713070316739065 4 5
0.5064051776112274 0.36635936504778455 0.328261064818269 0.25031889339606384 0.713070316739065 4 5
0.5064051776112274 0.36635936504778455 0.328261064818269 0.25031889339606384 0.713070316739065 4 5
0.6252884273070336 0.9217344314740573 0.25772616301125273 0.6958440665793076 0.9534748778089066 5 6
0.6712380645956868 0.3926243397047713 0.964853746357483 0.5193977957280007 0.7989713058194705 8 1
0.2189089088251599 0.3001173620744395 0.6653836762923561 0.053333713097868385 0.9077071643876121 2 1
0.2189089088251599 0.3001173620744395 0.6653836762923561 0.053333713097868385 0.9077071643876121 2 1
0.04763741905460139 0.47895343985904026 0.7170616472152754 0.19152168197749364 0.03906545847714493 3 7
0.1645584008424531 0.4660422143752593 0.2258458086550319 0.3825072412940007 0.8938860020294573 2 5
0.030599085955237526 0.2387506879666803 0.6767293692682372 0.08291895201052724 0.6272083297986548 8 8
0.1645584008424531 0.4660422143752593 0.2258458086550319 0.3825072412940007 0.8938860020294573 2 5
0.6223975910957318 0.11378354016199732 0.7153579151383807 0.03777131021907065 0.707987300890954 7 6
0.25422380174863946 0.9267792780373384 0.7872273928115514 0.4341356081250827 0.36462343992694857 6 5
0.5064051776112274 0.36635936504778455 0.328261064818269 0.25031889339606384 0.713070316739065 4 5
0.5064051776112274 0.36635936504778455 0.328261064818269 0.25031889339606384 0.713070316739065 4 5
0.5587557600729502 0.847379835983646 0.0030511491407474445 0.2043069911721196 0.9220031323445267 2 1
0.2189089088251599 0.3001173620744395 0.6653836762923561 0.053333713097868385 0.9077071643876121 2 1
0.6218773982199124 0.26704770791055044 0.6861482978098095 0.7659507272434111 0.7486267117473313 5 1
0.04763741905460139 0.47895343985904026 0.7170616472152754 0.19152168197749364 0.03906545847714493 3 7
0.30531319200218865 0.8713401843820383 0.2644853265819779 0.7307215251607025 0.715894710004753 8 8
0.030599085955237526 0.2387506879666803 0.6767293692682372 0.08291895201052724 0.6272083297986548 8 8
0.030599085955237526 0.2387506879666803 0.6767293692682372 0.08291895201052724 0.6272083297986548 8 8
0.5064051776112274 0.36635936504778455 0.328261064818269 0.25031889339606384 0.713070316739065 4 5
0.5064051776112274 0.36635936504778455 0.328261064818269 0.25031889339606384 0.713070316739065 4 5
0.5064051776112274 0.36635936504778455 0.328261064818269 0.25031889339606384 0.713070316739065 4 5
0.18753527885887977 0.43856773727306386 0.02482740901585112 0.16311202321966922 0.5676268188053726 5 1
0.8071806251795497 0.520362753588376 0.2904297327486378 0.03709924724975333 0.3384265010013101 2 3
0.8971131374399889 0.3125742156576986 0.9653159276627659 0.5360592678641314 0.8571236813163204 4 5
0.2189089088251599 0.3001173620744395 0.6653836762923561 0.053333713097868385 0.9077071643876121 2 1
0.6712380645956868 0.3926243397047713 0.964853746357483 0.5193977957280007 0.7989713058194705 8 1
0.6218773982199124 0.26704770791055044 0.6861482978098095 0.7659507272434111 0.7486267117473313 5 1
0.6218773982199124 0.26704770791055044 0.6861482978098095 0.7659507272434111 0.7486267117473313 5 1
0.04763741905460139 0.47895343985904026 0.7170616472152754 0.19152168197749364 0.03906545847714493 3 7
0.1645584008424531 0.4660422143752593 0.2258458086550319 0.3825072412940007 0.8938860020294573 2 5
0.030599085955237526 0.2387506879666803 0.6767293692682372 0.08291895201052724 0.6272083297986548 8 8
0.1645584008424531 0.4660422143752593 0.2258458086550319 0.3825072412940007 0.8938860020294573 2 5
0.6223975910957318 0.11378354016199732 0.7153579151383807 0.03777131021907065 0.707987300890954 7 6
0.5064051776112274 0.36635936504778455 0.328261064818269 0.25031889339606384 0.713070316739065 4 5
0.18753527885887977 0.43856773727306386 0.02482740901585112 0.16311202321966922 0.5676268188053726 5 1
0.6252884273070336 0.9217344314740573 0.25772616301125273 0.6958440665793076 0.9534748778089066 5 6
0.2189089088251599 0.3001173620744395 0.6653836762923561 0.053333713097868385 0.9077071643876121 2 1
0.2189089088251599 0.3001173620744395 0.6653836762923561 0.053333713097868385 0.9077071643876121 2 1
0.6218773982199124 0.26704770791055044 0.6861482978098095 0.7659507272434111 0.7486267117473313 5 1
0.6218773982199124 0.26704770791055044 0.6861482978098095 0.7659507272434111 0.7486267117473313 5 1
0.6218773982199124 0.26704770791055044 0.6861482978098095 0.7659507272434111 0.7486267117473313 5 1
0.04763741905460139 0.47895343985904026 0.7170616472152754 0.19152168197749364 0.03906545847714493 3 7
0.1645584008424531 0.4660422143752593 0.2258458086550319 0.3825072412940007 0.8938860020294573 2 5
0.030599085955237526 0.2387506879666803 0.6767293692682372 0.08291895201052724 0.6272083297986548 8 8
0.1645584008424531 0.4660422143752593 0.2258458086550319 0.3825072412940007 0.8938860020294573 2 5
0.6223975910957318 0.11378354016199732 0.7153579151383807 0.03777131021907065 0.707987300890954 7 6
0.5064051776112274 0.36635936504778455 0.328261064818269 0.25031889339606384 0.713070316739065 4 5
0.5064051776112274 0.36635936504778455 0.328261064818269 0.25031889339606384 0.713070316739065 4 5
0.6252884273070336 0.9217344314740573 0.25772616301125273 0.6958440665793076 0.9534748778089066 5 6
0.2189089088251599 0.3001173620744395 0.6653836762923561 0.053333713097868385 0.9077071643876121 2 1
0.2189089088251599 0.3001173620744395 0.6653836762923561 0.053333713097868385 0.9077071643876121 2 1
0.2189089088251599 0.3001173620744395 0.6653836762923561 0.053333713097868385 0.9077071643876121 2 1
0.2189089088251599 0.3001173620744395 0.6653836762923561 0.053333713097868385 0.9077071643876121 2 1
0.6218773982199124 0.26704770791055044 0.6861482978098095 0.7659507272434111 0.7486267117473313 5 1
0.04763741905460139 0.47895343985904026 0.7170616472152754 0.19152168197749364 0.03906545847714493 3 7
0.030599085955237526 0.2387506879666803 0.6767293692682372 0.08291895201052724 0.6272083297986548 8 8
0.030599085955237526 0.2387506879666803 0.6767293692682372 0.08291895201052724 0.6272083297986548 8 8
0.6223975910957318 0.11378354016199732 0.7153579151383807 0.03777131021907065 0.707987300890954 7 6
0.1645584008424531 0.4660422143752593 0.2258458086550319 0.3825072412940007 0.8938860020294573 2 5
0.5064051776112274 0.36635936504778455 0.328261064818269 0.25031889339606384 0.713070316739065 4 5
0.18753527885887977 0.43856773727306386 0.02482740901585112 0.16311202321966922 0.5676268188053726 5 1
0.6252884273070336 0.9217344314740573 0.25772616301125273 0.6958440665793076 0.9534748778089066 5 6
0.2189089088251599 0.3001173620744395 0.6653836762923561 0.053333713097868385 0.9077071643876121 2 1
0.6218773982199124 0.26704770791055044 0.6861482978098095 0.7659507272434111 0.7486267117473313 5 1
0.6218773982199124 0.26704770791055044 0.6861482978098095 0.7659507272434111 0.7486267117473313 5 1
0.030599085955237526 0.2387506879666803 0.6767293692682372 0.08291895201052724 0.6272083297986548 8 8
0.030599085955237526 0.2387506879666803 0.6767293692682372 0.08291895201052724 0.6272083297986548 8 8
0.030599085955237526 0.2387506879666803 0.6767293692682372 0.08291895201052724 0.6272083297986548 8 8
0.030599085955237526 0.2387506879666803 0.6767293692682372 0.08291895201052724 0.6272083297986548 8 8
0.5064051776112274 0.36635936504778455 0.328261064818269 0.25031889339606384 0.713070316739065 4 5
0.5064051776112274 0.36635936504778455 0.328261064818269 0.25031889339606384 0.713070316739065 4 5
0.5064051776112274 0.36635936504778455 0.328261064818269 0.25031889339606384 0.713070316739065 4 5
0.18753527885887977 0.43856773727306386 0.02482740901585112 0.16311202321966922 0.5676268188053726 5 1
0.0025310658147758014 0.22964654920540195 0.7096714802156313 0.5840992293453328 0.3944992916694887 5 4
0.8774720467567954 0.20856190383695883 0.806713447699225 0.6301609069368688 0.24480334778414647 2 1
0.2189089088251599 0.3001173620744395 0.6653836762923561 0.053333713097868385 0.9077071643876121 2 1
0.2189089088251599 0.3001173620744395 0.6653836762923561 0.053333713097868385 0.9077071643876121 2 1
0.6218773982199124 0.26704770791055044 0.6861482978098095 0.7659507272434111 0.7486267117473313 5 1
0.04763741905460139 0.47895343985904026 0.7170616472152754 0.19152168197749364 0.03906545847714493 3 7
0.04763741905460139 0.47895343985904026 0.7170616472152754 0.19152168197749364 0.03906545847714493 3 7
0.1645584008424531 0.4660422143752593 0.2258458086550319 0.3825072412940007 0.8938860020294573 2 5
0.030599085955237526 0.2387506879666803 0.6767293692682372 0.08291895201052724 0.6272083297986548 8 8
0.030599085955237526 0.2387506879666803 0.6767293692682372 0.08291895201052724 0.6272083297986548 8 8
0.5064051776112274 0.36635936504778455 0.328261064818269 0.25031889339606384 0.713070316739065 4 5
0.5064051776112274 0.36635936504778455 0.328261064818269 0.25031889339606384 0.713070316739065 4 5
0.5064051776112274 0.36635936504778455 0.328261064818269 0.25031889339606384 0.713070316739065 4 5
0.18753527885887977 0.43856773727306386 0.02482740901585112 0.16311202321966922 0.5676268188053726 5 1
0.2189089088251599 0.3001173620744395 0.6653836762923561 0.053333713097868385 0.9077071643876121 2 1
0.6712380645956868 0.3926243397047713 0.964853746357483 0.5193977957280007 0.7989713058194705 8 1
0.6218773982199124 0.26704770791055044 0.6861482978098095 0.7659507272434111 0.7486267117473313 5 1
0.6218773982199124 0.26704770791055044 0.6861482978098095 0.7659507272434111 0.7486267117473313 5 1
0.04763741905460139 0.47895343985904026 0.7170616472152754 0.19152168197749364 0.03906545847714493 3 7
0.1645584008424531 0.4660422143752593 0.2258458086550319 0.3825072412940007 0.8938860020294573 2 5
0.030599085955237526 0.2387506879666803 0.6767293692682372 0.08291895201052724 0.6272083297986548 8 8
0.1645584008424531 0.4660422143752593 0.2258458086550319 0.3825072412940007 0.8938860020294573 2 5
0.6223975910957318 0.11378354016199732 0.7153579151383807 0.03777131021907065 0.707987300890954 7 6
0.5064051776112274 0.36635936504778455 0.328261064818269 0.25031889339606384 0.713070316739065 4 5
0.5064051776112274 0.36635936504778455 0.328261064818269 0.25031889339606384 0.713070316739065 4 5
0.5064051776112274 0.36635936504778455 0.328261064818269 0.25031889339606384 0.713070316739065 4 5
0.2189089088251599 0.3001173620744395 0.6653836762923561 0.053333713097868385 0.9077071643876121 2 1
0.2189089088251599 0.3001173620744395 0.6653836762923561 0.053333713097868385 0.9077071643876121 2 1
0.6218773982199124 0.26704770791055044 0.6861482978098095 0.7659507272434111 0.7486267117473313 5 1
0.2189089088251599 0.3001173620744395 0.6653836762923561 0.053333713097868385 0.9077071643876121 2 1
0.6218773982199124 0.26704770791055044 0.6861482978098095 0.7659507272434111 0.7486267117473313 5 1
0.1645584008424531 0.4660422143752593 0.2258458086550319 0.3825072412940007 0.8938860020294573 2 5
0.1645584008424531 0.4660422143752593 0.2258458086550319 0.3825072412940007 0.8938860020294573 2 5
0.6223975910957318 0.11378354016199732 0.7153579151383807 0.03777131021907065 0.707987300890954 7 6
0.1645584008424531 0.4660422143752593 0.2258458086550319 0.3825072412940007 0.8938860020294573 2 5
0.5064051776112274 0.36635936504778455 0.328261064818269 0.25031889339606384 0.713070316739065 4 5
0.5064051776112274 0.36635936504778455 0.328261064818269 0.25031889339606384 0.713070316739065 4 5
0.18753527885887977 0.43856773727306386 0.02482740901585112 0.16311202321966922 0.5676268188053726 5 1
0.6252884273070336 0.9217344314740573 0.25772616301125273 0.6958440665793076 0.9534748778089066 5 6
0.2189089088251599 0.3001173620744395 0.6653836762923561 0.053333713097868385 0.9077071643876121 2 1
0.2189089088251599 0.3001173620744395 0.6653836762923561 0.053333713097868385 0.9077071643876121 2 1
0.2189089088251599 0.3001173620744395 0.6653836762923561 0.053333713097868385 0.9077071643876121 2 1
0.6218773982199124 0.26704770791055044 0.6861482978098095 0.7659507272434111 0.7486267117473313 5 1
0.04763741905460139 0.47895343985904026 0.7170616472152754 0.19152168197749364 0.03906545847714493 3 7
0.30531319200218865 0.8713401843820383 0.2644853265819779 0.7307215251607025 0.715894710004753 8 8
0.1645584008424531 0.4660422143752593 0.2258458086550319 0.3825072412940007 0.8938860020294573 2 5
0.030599085955237526 0.2387506879666803 0.6767293692682372 0.08291895201052724 0.6272083297986548 8 8
0.6223975910957318 0.11378354016199732 0.7153579151383807 0.03777131021907065 0.707987300890954 7 6
0.6223975910957318 0.11378354016199732 0.7153579151383807 0.03777131021907065 0.707987300890954 7 6
0.5064051776112274 0.36635936504778455 0.328261064818269 0.25031889339606384 0.713070316739065 4 5
0.5064051776112274 0.36635936504778455 0.328261064818269 0.25031889339606384 0.713070316739065 4 5
0.6252884273070336 0.9217344314740573 0.25772616301125273 0.6958440665793076 0.9534748778089066 5 6
0.2189089088251599 0.3001173620744395 0.6653836762923561 0.053333713097868385 0.9077071643876121 2 1
0.6712380645956868 0.3926243397047713 0.964853746357483 0.5193977957280007 0.7989713058194705 8 1
0.6712380645956868 0.3926243397047713 0.964853746357483 0.5193977957280007 0.7989713058194705 8 1
0.2189089088251599 0.3001173620744395 0.6653836762923561 0.053333713097868385 0.9077071643876121 2 1
0.04763741905460139 0.47895343985904026 0.7170616472152754 0.19152168197749364 0.03906545847714493 3 7
0.04763741905460139 0.47895343985904026 0.7170616472152754 0.19152168197749364 0.03906545847714493 3 7
0.030599085955237526 0.2387506879666803 0.6767293692682372 0.08291895201052724 0.6272083297986548 8 8
0.030599085955237526 0.2387506879666803 0.6767293692682372 0.08291895201052724 0.6272083297986548 8 8
0.5064051776112274 0.36635936504778455 0.328261064818269 0.25031889339606384 0.713070316739065 4 5
0.5064051776112274 0.36635936504778455 0.328261064818269 0.25031889339606384 0.713070316739065 4 5
0.5064051776112274 0.36635936504778455 0.328261064818269 0.25031889339606384 0.713070316739065 4 5
0.18753527885887977 0.43856773727306386 0.02482740901585112 0.16311202321966922 0.5676268188053726 5 1
0.6252884273070336 0.9217344314740573 0.25772616301125273 0.6958440665793076 0.9534748778089066 5 6
0.29794345226866215 0.656531981368573 0.568058221736923 0.3494562615731378 0.8889115966761992 4 6
0.2189089088251599 0.3001173620744395 0.6653836762923561 0.053333713097868385 0.9077071643876121 2 1
0.2189089088251599 0.3001173620744395 0.6653836762923561 0.053333713097868385 0.9077071643876121 2 1
0.6218773982199124 0.26704770791055044 0.6861482978098095 0.7659507272434111 0.7486267117473313 5 1
0.2189089088251599 0.3001173620744395 0.6653836762923561 0.053333713097868385 0.9077071643876121 2 1
0.04763741905460139 0.47895343985904026 0.7170616472152754 0.19152168197749364 0.03906545847714493 3 7
0.1645584008424531 0.4660422143752593 0.2258458086550319 0.3825072412940007 0.8938860020294573 2 5
0.030599085955237526 0.2387506879666803 0.6767293692682372 0.08291895201052724 0.6272083297986548 8 8
0.030599085955237526 0.2387506879666803 0.6767293692682372 0.08291895201052724 0.6272083297986548 8 8
0.5064051776112274 0.36635936504778455 0.328261064818269 0.25031889339606384 0.713070316739065 4 5
0.5064051776112274 0.36635936504778455 0.328261064818269 0.25031889339606384 0.713070316739065 4 5
0.5064051776112274 0.36635936504778455 0.328261064818269 0.25031889339606384 0.713070316739065 4 5
0.18753527885887977 0.43856773727306386 0.02482740901585112 0.16311202321966922 0.5676268188053726 5 1
0.2189089088251599 0.3001173620744395 0.6653836762923561 0.053333713097868385 0.9077071643876121 2 1
0.2189089088251599 0.3001173620744395 0.6653836762923561 0.053333713097868385 0.9077071643876121 2 1
0.6218773982199124 0.26704770791055044 0.6861482978098095 0.7659507272434111 0.7486267117473313 5 1
0.030599085955237526 0.2387506879666803 0.6767293692682372 0.08291895201052724 0.6272083297986548 8 8
0.030599085955237526 0.2387506879666803 0.6767293692682372 0.08291895201052724 0.6272083297986548 8 8
0.030599085955237526 0.2387506879666803 0.6767293692682372 0.08291895201052724 0.6272083297986548 8 8
0.030599085955237526 0.2387506879666803 0.6767293692682372 0.08291895201052724 0.6272083297986548 8 8
0.5064051776112274 0.36635936504778455 0.328261064818269 0.25031889339606384 0.713070316739065 4 5
0.5064051776112274 0.36635936504778455 0.328261064818269 0.25031889339606384 0.713070316739065 4 5
0.5064051776112274 0.36635936504778455 0.328261064818269 0.25031889339606384 0.713070316739065 4 5
0.18753527885887977 0.43856773727306386 0.02482740901585112 0.16311202321966922 0.5676268188053726 5 1
0.0025310658147758014 0.22964654920540195 0.7096714802156313 0.5840992293453328 0.3944992916694887 5 4
0.8774720467567954 0.20856190383695883 0.806713447699225 0.6301609069368688 0.24480334778414647 2 1
0.2189089088251599 0.3001173620744395 0.6653836762923561 0.053333713097868385 0.9077071643876121 2 1
0.6218773982199124 0.26704770791055044 0.6861482978098095 0.7659507272434111 0.7486267117473313 5 1
0.6218773982199124 0.26704770791055044 0.6861482978098095 0.7659507272434111 0.7486267117473313 5 1
0.6218773982199124 0.26704770791055044 0.6861482978098095 0.7659507272434111 0.7486267117473313 5 1
0.04763741905460139 0.47895343985904026 0.7170616472152754 0.19152168197749364 0.03906545847714493 3 7
0.030599085955237526 0.2387506879666803 0.6767293692682372 0.08291895201052724 0.6272083297986548 8 8
0.6223975910957318 0.11378354016199732 0.7153579151383807 0.03777131021907065 0.707987300890954 7 6
0.1645584008424531 0.4660422143752593 0.2258458086550319 0.3825072412940007 0.8938860020294573 2 5
0.5064051776112274 0.36635936504778455 0.328261064818269 0.25031889339606384 0.713070316739065 4 5
0.5064051776112274 0.36635936504778455 0.328261064818269 0.25031889339606384 0.713070316739065 4 5
0.18753527885887977 0.43856773727306386 0.02482740901585112 0.16311202321966922 0.5676268188053726 5 1
0.18753527885887977 0.43856773727306386 0.02482740901585112 0.16311202321966922 0.5676268188053726 5 1
0.2189089088251599 0.3001173620744395 0.6653836762923561 0.053333713097868385 0.9077071643876121 2 1
0.2189089088251599 0.3001173620744395 0.6653836762923561 0.053333713097868385 0.9077071643876121 2 1
0.6712380645956868 0.3926243397047713 0.964853746357483 0.5193977957280007 0.7989713058194705 8 1
0.6218773982199124 0.26704770791055044 0.6861482978098095 0.7659507272434111 0.7486267117473313 5 1
0.6218773982199124 0.26704770791055044 0.6861482978098095 0.7659507272434111 0.7486267117473313 5 1
0.04763741905460139 0.47895343985904026 0.7170616472152754 0.19152168197749364 0.03906545847714493 3 7
0.1645584008424531 0.4660422143752593 0.2258458086550319 0.3825072412940007 0.8938860020294573 2 5
0.030599085955237526 0.2387506879666803 0.6767293692682372 0.08291895201052724 0.6272083297986548 8 8
0.1645584008424531 0.4660422143752593 0.2258458086550319 0.3825072412940007 0.8938860020294573 2 5
0.6223975910957318 0.11378354016199732 0.7153579151383807 0.03777131021907065 0.707987300890954 7 6
0.5064051776112274 0.36635936504778455 0.328261064818269 0.25031889339606384 0.713070316739065 4 5
0.5064051776112274 0.36635936504778455 0.328261064818269 0.25031889339606384 0.713070316739065 4 5
0.5064051776112274 0.36635936504778455 0.328261064818269 0.25031889339606384 0.713070316739065 4 5
0.5587557600729502 0.847379835983646 0.0030511491407474445 0.2043069911721196 0.9220031323445267 2 1
0.2189089088251599 0.3001173620744395 0.6653836762923561 0.053333713097868385 0.9077071643876121 2 1
0.6218773982199124 0.26704770791055044 0.6861482978098095 0.7659507272434111 0.7486267117473313 5 1
0.04763741905460139 0.47895343985904026 0.7170616472152754 0.19152168197749364 0.03906545847714493 3 7
0.1645584008424531 0.4660422143752593 0.2258458086550319 0.3825072412940007 0.8938860020294573 2 5
0.030599085955237526 0.2387506879666803 0.6767293692682372 0.08291895201052724 0.6272083297986548 8 8
0.030599085955237526 0.2387506879666803 0.6767293692682372 0.08291895201052724 0.6272083297986548 8 8
0.030599085955237526 0.2387506879666803 0.6767293692682372 0.08291895201052724 0.6272083297986548 8 8
0.5064051776112274 0.36635936504778455 0.328261064818269 0.25031889339606384 0.713070316739065 4 5
0.5064051776112274 0.36635936504778455 0.328261064818269 0.25031889339606384 0.713070316739065 4 5
0.18753527885887977 0.43856773727306386 0.02482740901585112 0.16311202321966922 0.5676268188053726 5 1
0.8071806251795497 0.520362753588376 0.2904297327486378 0.03709924724975333 0.3384265010013101 2 3
0.8971131374399889 0.3125742156576986 0.9653159276627659 0.5360592678641314 0.8571236813163204 4 5
0.6712380645956868 0.3926243397047713 0.964853746357483 0.5193977957280007 0.7989713058194705 8 1
0.6712380645956868 0.3926243397047713 0.964853746357483 0.5193977957280007 0.7989713058194705 8 1
0.2189089088251599 0.3001173620744395 0.6653836762923561 0.053333713097868385 0.9077071643876121 2 1
0.6218773982199124 0.26704770791055044 0.6861482978098095 0.7659507272434111 0.7486267117473313 5 1
0.04763741905460139 0.47895343985904026 0.7170616472152754 0.19152168197749364 0.03906545847714493 3 7
0.030599085955237526 0.2387506879666803 0.6767293692682372 0.08291895201052724 0.6272083297986548 8 8
0.030599085955237526 0.2387506879666803 0.6767293692682372 0.08291895201052724 0.6272083297986548 8 8
0.1645584008424531 0.4660422143752593 0.2258458086550319 0.3825072412940007 0.8938860020294573 2 5
0.5064051776112274 0.36635936504778455 0.328261064818269 0.25031889339606384 0.713070316739065 4 5
0.5064051776112274 0.36635936504778455 0.328261064818269 0.25031889339606384 0.713070316739065 4 5
0.18753527885887977 0.43856773727306386 0.02482740901585112 0.16311202321966922 0.5676268188053726 5 1
0.6252884273070336 0.9217344314740573 0.25772616301125273 0.6958440665793076 0.9534748778089066 5 6
0.29794345226866215 0.656531981368573 0.568058221736923 0.3494562615731378 0.8889115966761992 4 6
0.2189089088251599 0.3001173620744395 0.6653836762923561 0.053333713097868385 0.9077071643876121 2 1
0.2189089088251599 0.3001173620744395 0.6653836762923561 0.053333713097868385 0.9077071643876121 2 1
0.6218773982199124 0.26704770791055044 0.6861482978098095 0.7659507272434111 0.7486267117473313 5 1
0.030599085955237526 0.2387506879666803 0.6767293692682372 0.08291895201052724 0.6272083297986548 8 8
0.030599085955237526 0.2387506879666803 0.6767293692682372 0.08291895201052724 0.6272083297986548 8 8
0.030599085955237526 0.2387506879666803 0.6767293692682372 0.08291895201052724 0.6272083297986548 8 8
0.030599085955237526 0.2387506879666803 0.6767293692682372 0.08291895201052724 0.6272083297986548 8 8
0.5064051776112274 0.36635936504778455 0.328261064818269 0.25031889339606384 0.713070316739065 4 5
0.5064051776112274 0.36635936504778455 0.328261064818269 0.25031889339606384 0.713070316739065 4 5
0.5064051776112274 0.36635936504778455 0.328261064818269 0.25031889339606384 0.713070316739065 4 5
0.18753527885887977 0.43856773727306386 0.02482740901585112 0.16311202321966922 0.5676268188053726 5 1
0.0025310658147758014 0.22964654920540195 0.7096714802156313 0.5840992293453328 0.3944992916694887 5 4
0.8774720467567954 0.20856190383695883 0.806713447699225 0.6301609069368688 0.24480334778414647 2 1
0.2189089088251599 0.3001173620744395 0.6653836762923561 0.053333713097868385 0.9077071643876121 2 1
0.2189089088251599 0.3001173620744395 0.6653836762923561 0.053333713097868385 0.9077071643876121 2 1
0.6712380645956868 0.3926243397047713 0.964853746357483 0.5193977957280007 0.7989713058194705 8 1
0.6218773982199124 0.26704770791055044 0.6861482978098095 0.7659507272434111 0.7486267117473313 5 1
0.1645584008424531 0.4660422143752593 0.2258458086550319 0.3825072412940007 0.8938860020294573 2 5
0.1645584008424531 0.4660422143752593 0.2258458086550319 0.3825072412940007 0.8938860020294573 2 5
0.030599085955237526 0.2387506879666803 0.6767293692682372 0.08291895201052724 0.6272083297986548 8 8
0.1645584008424531 0.4660422143752593 0.2258458086550319 0.3825072412940007 0.8938860020294573 2 5
0.5064051776112274 0.36635936504778455 0.328261064818269 0.25031889339606384 0.713070316739065 4 5
0.5064051776112274 0.36635936504778455 0.328261064818269 0.25031889339606384 0.713070316739065 4 5
0.18753527885887977 0.43856773727306386 0.02482740901585112 0.16311202321966922 0.5676268188053726 5 1
0.6252884273070336 0.9217344314740573 0.25772616301125273 0.6958440665793076 0.9534748778089066 5 6
0.6712380645956868 0.3926243397047713 0.964853746357483 0.5193977957280007 0.7989713058194705 8 1
0.2189089088251599 0.3001173620744395 0.6653836762923561 0.053333713097868385 0.9077071643876121 2 1
0.6218773982199124 0.26704770791055044 0.6861482978098095 0.7659507272434111 0.7486267117473313 5 1
0.04763741905460139 0.47895343985904026 0.7170616472152754 0.19152168197749364 0.03906545847714493 3 7
0.030599085955237526 0.2387506879666803 0.6767293692682372 0.08291895201052724 0.6272083297986548 8 8
0.030599085955237526 0.2387506879666803 0.6767293692682372 0.08291895201052724 0.6272083297986548 8 8
0.1645584008424531 0.4660422143752593 0.2258458086550319 0.3825072412940007 0.8938860020294573 2 5
0.6223975910957318 0.11378354016199732 0.7153579151383807 0.03777131021907065 0.707987300890954 7 6
0.25422380174863946 0.9267792780373384 0.7872273928115514 0.4341356081250827 0.36462343992694857 6 5
0.18753527885887977 0.43856773727306386 0.02482740901585112 0.16311202321966922 0.5676268188053726 5 1
0.6252884273070336 0.9217344314740573 0.25772616301125273 0.6958440665793076 0.9534748778089066 5 6
0.29794345226866215 0.656531981368573 0.568058221736923 0.3494562615731378 0.8889115966761992 4 6
0.847254471060037 0.3208938059135996 0.2144855175733379 0.5459698626940112 0.7345967620161296 8 6
0.2189089088251599 0.3001173620744395 0.6653836762923561 0.053333713097868385 0.9077071643876121 2 1
0.6712380645956868 0.3926243397047713 0.964853746357483 0.5193977957280007 0.7989713058194705 8 1
0.6218773982199124 0.26704770791055044 0.6861482978098095 0.7659507272434111 0.7486267117473313 5 1
0.030599085955237526 0.2387506879666803 0.6767293692682372 0.08291895201052724 0.6272083297986548 8 8
0.030599085955237526 0.2387506879666803 0.6767293692682372 0.08291895201052724 0.6272083297986548 8 8
0.1645584008424531 0.4660422143752593 0.2258458086550319 0.3825072412940007 0.8938860020294573 2 5
0.030599085955237526 0.2387506879666803 0.6767293692682372 0.08291895201052724 0.6272083297986548 8 8
0.6223975910957318 0.11378354016199732 0.7153579151383807 0.03777131021907065 0.707987300890954 7 6
0.1645584008424531 0.4660422143752593 0.2258458086550319 0.3825072412940007 0.8938860020294573 2 5
0.5064051776112274 0.36635936504778455 0.328261064818269 0.25031889339606384 0.713070316739065 4 5
0.18753527885887977 0.43856773727306386 0.02482740901585112 0.16311202321966922 0.5676268188053726 5 1
0.6252884273070336 0.9217344314740573 0.25772616301125273 0.6958440665793076 0.9534748778089066 5 6
0.2189089088251599 0.3001173620744395 0.6653836762923561 0.053333713097868385 0.9077071643876121 2 1
0.6712380645956868 0.3926243397047713 0.964853746357483 0.5193977957280007 0.7989713058194705 8 1
0.6712380645956868 0.3926243397047713 0.964853746357483 0.5193977957280007 0.7989713058194705 8 1
0.6218773982199124 0.26704770791055044 0.6861482978098095 0.7659507272434111 0.7486267117473313 5 1
0.6218773982199124 0.26704770791055044 0.6861482978098095 0.7659507272434111 0.7486267117473313 5 1
0.04763741905460139 0.47895343985904026 0.7170616472152754 0.19152168197749364 0.03906545847714493 3 7
0.1645584008424531 0.4660422143752593 0.2258458086550319 0.3825072412940007 0.8938860020294573 2 5
0.030599085955237526 0.2387506879666803 0.6767293692682372 0.08291895201052724 0.6272083297986548 8 8
0.1645584008424531 0.4660422143752593 0.2258458086550319 0.3825072412940007 0.8938860020294573 2 5
0.6223975910957318 0.11378354016199732 0.7153579151383807 0.03777131021907065 0.707987300890954 7 6
0.5064051776112274 0.36635936504778455 0.328261064818269 0.25031889339606384 0.713070316739065 4 5
0.5064051776112274 0.36635936504778455 0.328261064818269 0.25031889339606384 0.713070316739065 4 5
0.8509615506642754 0.2359040319331036 0.39400148788037126 0.43412240330504037 0.3063401022552692 6 5
0.04855103080929679 0.9033321766246755 0.5983393061164181 0.48448557069510323 0.3411781108641221 8 4
0.5418337216498774 0.5272217301739665 0.8992588862040989 0.9633569033469541 0.843288842264298 7 4
0.2189089088251599 0.3001173620744395 0.6653836762923561 0.053333713097868385 0.9077071643876121 2 1
0.6712380645956868 0.3926243397047713 0.964853746357483 0.5193977957280007 0.7989713058194705 8 1
0.6218773982199124 0.26704770791055044 0.6861482978098095 0.7659507272434111 0.7486267117473313 5 1
0.030599085955237526 0.2387506879666803 0.6767293692682372 0.08291895201052724 0.6272083297986548 8 8
0.030599085955237526 0.2387506879666803 0.6767293692682372 0.08291895201052724 0.6272083297986548 8 8
0.030599085955237526 0.2387506879666803 0.6767293692682372 0.08291895201052724 0.6272083297986548 8 8
0.6223975910957318 0.11378354016199732 0.7153579151383807 0.03777131021907065 0.707987300890954 7 6
0.6223975910957318 0.11378354016199732 0.7153579151383807 0.03777131021907065 0.707987300890954 7 6
0.1645584008424531 0.4660422143752593 0.2258458086550319 0.3825072412940007 0.8938860020294573 2 5
0.5064051776112274 0.36635936504778455 0.328261064818269 0.25031889339606384 0.713070316739065 4 5
0.18753527885887977 0.43856773727306386 0.02482740901585112 0.16311202321966922 0.5676268188053726 5 1
0.0025310658147758014 0.22964654920540195 0.7096714802156313 0.5840992293453328 0.3944992916694887 5 4
0.2189089088251599 0.3001173620744395 0.6653836762923561 0.053333713097868385 0.9077071643876121 2 1
0.2189089088251599 0.3001173620744395 0.6653836762923561 0.053333713097868385 0.9077071643876121 2 1
0.6712380645956868 0.3926243397047713 0.964853746357483 0.5193977957280007 0.7989713058194705 8 1
0.6218773982199124 0.26704770791055044 0.6861482978098095 0.7659507272434111 0.7486267117473313 5 1
0.030599085955237526 0.2387506879666803 0.6767293692682372 0.08291895201052724 0.6272083297986548 8 8
0.30531319200218865 0.8713401843820383 0.2644853265819779 0.7307215251607025 0.715894710004753 8 8
0.1645584008424531 0.4660422143752593 0.2258458086550319 0.3825072412940007 0.8938860020294573 2 5
0.030599085955237526 0.2387506879666803 0.6767293692682372 0.08291895201052724 0.6272083297986548 8 8
0.030599085955237526 0.2387506879666803 0.6767293692682372 0.08291895201052724 0.6272083297986548 8 8
0.6223975910957318 0.11378354016199732 0.7153579151383807 0.03777131021907065 0.707987300890954 7 6
0.5064051776112274 0.36635936504778455 0.328261064818269 0.25031889339606384 0.713070316739065 4 5
0.18753527885887977 0.43856773727306386 0.02482740901585112 0.16311202321966922 0.5676268188053726 5 1
0.6252884273070336 0.9217344314740573 0.25772616301125273 0.6958440665793076 0.9534748778089066 5 6
0.2189089088251599 0.3001173620744395 0.6653836762923561 0.053333713097868385 0.9077071643876121 2 1
0.6712380645956868 0.3926243397047713 0.964853746357483 0.5193977957280007 0.7989713058194705 8 1
0.6712380645956868 0.3926243397047713 0.964853746357483 0.5193977957280007 0.7989713058194705 8 1
0.2189089088251599 0.3001173620744395 0.6653836762923561 0.053333713097868385 0.9077071643876121 2 1
0.6218773982199124 0.26704770791055044 0.6861482978098095 0.7659507272434111 0.7486267117473313 5 1
0.30531319200218865 0.8713401843820383 0.2644853265819779 0.7307215251607025 0.715894710004753 8 8
0.030599085955237526 0.2387506879666803 0.6767293692682372 0.08291895201052724 0.6272083297986548 8 8
0.030599085955237526 0.2387506879666803 0.6767293692682372 0.08291895201052724 0.6272083297986548 8 8
0.5064051776112274 0.36635936504778455 0.328261064818269 0.25031889339606384 0.713070316739065 4 5
0.5064051776112274 0.36635936504778455 0.328261064818269 0.25031889339606384 0.713070316739065 4 5
0.5064051776112274 0.36635936504778455 0.328261064818269 0.25031889339606384 0.713070316739065 4 5
0.5064051776112274 0.36635936504778455 0.328261064818269 0.25031889339606384 0.713070316739065 4 5
0.5064051776112274 0.36635936504778455 0.328261064818269 0.25031889339606384 0.713070316739065 4 5
0.6252884273070336 0.9217344314740573 0.25772616301125273 0.6958440665793076 0.9534748778089066 5 6
0.2189089088251599 0.3001173620744395 0.6653836762923561 0.053333713097868385 0.9077071643876121 2 1
0.6218773982199124 0.26704770791055044 0.6861482978098095 0.7659507272434111 0.7486267117473313 5 1
0.04763741905460139 0.47895343985904026 0.7170616472152754 0.19152168197749364 0.03906545847714493 3 7
0.04763741905460139 0.47895343985904026 0.7170616472152754 0.19152168197749364 0.03906545847714493 3 7
0.030599085955237526 0.2387506879666803 0.6767293692682372 0.08291895201052724 0.6272083297986548 8 8
0.030599085955237526 0.2387506879666803 0.6767293692682372 0.08291895201052724 0.6272083297986548 8 8
0.1645584008424531 0.4660422143752593 0.2258458086550319 0.3825072412940007 0.8938860020294573 2 5
0.6223975910957318 0.11378354016199732 0.7153579151383807 0.03777131021907065 0.707987300890954 7 6
0.25422380174863946 0.9267792780373384 0.7872273928115514 0.4341356081250827 0.36462343992694857 6 5
0.5064051776112274 0.36635936504778455 0.328261064818269 0.25031889339606384 0.713070316739065 4 5
0.6252884273070336 0.9217344314740573 0.25772616301125273 0.6958440665793076 0.9534748778089066 5 6
0.2189089088251599 0.3001173620744395 0.6653836762923561 0.053333713097868385 0.9077071643876121 2 1
0.6252884273070336 0.9217344314740573 0.25772616301125273 0.6958440665793076 0.9534748778089066 5 6
0.2189089088251599 0.3001173620744395 0.6653836762923561 0.053333713097868385 0.9077071643876121 2 1
0.6218773982199124 0.26704770791055044 0.6861482978098095 0.7659507272434111 0.7486267117473313 5 1
0.04763741905460139 0.47895343985904026 0.7170616472152754 0.19152168197749364 0.03906545847714493 3 7
0.1645584008424531 0.4660422143752593 0.2258458086550319 0.3825072412940007 0.8938860020294573 2 5
0.030599085955237526 0.2387506879666803 0.6767293692682372 0.08291895201052724 0.6272083297986548 8 8
0.030599085955237526 0.2387506879666803 0.6767293692682372 0.08291895201052724 0.6272083297986548 8 8
0.030599085955237526 0.2387506879666803 0.6767293692682372 0.08291895201052724 0.6272083297986548 8 8
0.6223975910957318 0.11378354016199732 0.7153579151383807 0.03777131021907065 0.707987300890954 7 6
0.18753527885887977 0.43856773727306386 0.02482740901585112 0.16311202321966922 0.5676268188053726 5 1
0.8071806251795497 0.520362753588376 0.2904297327486378 0.03709924724975333 0.3384265010013101 2 3
0.8971131374399889 0.3125742156576986 0.9653159276627659 0.5360592678641314 0.8571236813163204 4 5
0.4576044514604548 0.9716293689989294 0.45718904484418177 0.6186932155944832 0.4102113984731023 6 5
0.2189089088251599 0.3001173620744395 0.6653836762923561 0.053333713097868385 0.9077071643876121 2 1
0.6712380645956868 0.3926243397047713 0.964853746357483 0.5193977957280007 0.7989713058194705 8 1
0.6218773982199124 0.26704770791055044 0.6861482978098095 0.7659507272434111 0.7486267117473313 5 1
0.030599085955237526 0.2387506879666803 0.6767293692682372 0.08291895201052724 0.6272083297986548 8 8
0.030599085955237526 0.2387506879666803 0.6767293692682372 0.08291895201052724 0.6272083297986548 8 8
0.1645584008424531 0.4660422143752593 0.2258458086550319 0.3825072412940007 0.8938860020294573 2 5
0.030599085955237526 0.2387506879666803 0.6767293692682372 0.08291895201052724 0.6272083297986548 8 8
0.1645584008424531 0.4660422143752593 0.2258458086550319 0.3825072412940007 0.8938860020294573 2 5
0.6223975910957318 0.11378354016199732 0.7153579151383807 0.03777131021907065 0.707987300890954 7 6
0.5064051776112274 0.36635936504778455 0.328261064818269 0.25031889339606384 0.713070316739065 4 5
0.5064051776112274 0.36635936504778455 0.328261064818269 0.25031889339606384 0.713070316739065 4 5
0.5064051776112274 0.36635936504778455 0.328261064818269 0.25031889339606384 0.713070316739065 4 5
0.6252884273070336 0.9217344314740573 0.25772616301125273 0.6958440665793076 0.9534748778089066 5 6
0.2189089088251599 0.3001173620744395 0.6653836762923561 0.053333713097868385 0.9077071643876121 2 1
0.6218773982199124 0.26704770791055044 0.6861482978098095 0.7659507272434111 0.7486267117473313 5 1
0.04763741905460139 0.47895343985904026 0.7170616472152754 0.19152168197749364 0.03906545847714493 3 7
0.04763741905460139 0.47895343985904026 0.7170616472152754 0.19152168197749364 0.03906545847714493 3 7
0.030599085955237526 0.2387506879666803 0.6767293692682372 0.08291895201052724 0.6272083297986548 8 8
0.030599085955237526 0.2387506879666803 0.6767293692682372 0.08291895201052724 0.6272083297986548 8 8
0.1645584008424531 0.4660422143752593 0.2258458086550319 0.3825072412940007 0.8938860020294573 2 5
0.6223975910957318 0.11378354016199732 0.7153579151383807 0.03777131021907065 0.707987300890954 7 6
0.25422380174863946 0.9267792780373384 0.7872273928115514 0.4341356081250827 0.36462343992694857 6 5
0.5064051776112274 0.36635936504778455 0.328261064818269 0.25031889339606384 0.713070316739065 4 5
0.6252884273070336 0.9217344314740573 0.25772616301125273 0.6958440665793076 0.9534748778089066 5 6
0.2189089088251599 0.3001173620744395 0.6653836762923561 0.053333713097868385 0.9077071643876121 2 1
0.2189089088251599 0.3001173620744395 0.6653836762923561 0.053333713097868385 0.9077071643876121 2 1
0.2189089088251599 0.3001173620744395 0.6653836762923561 0.053333713097868385 0.9077071643876121 2 1
0.6218773982199124 0.26704770791055044 0.6861482978098095 0.7659507272434111 0.7486267117473313 5 1
0.030599085955237526 0.2387506879666803 0.6767293692682372 0.08291895201052724 0.6272083297986548 8 8
0.030599085955237526 0.2387506879666803 0.6767293692682372 0.08291895201052724 0.6272083297986548 8 8
0.1645584008424531 0.4660422143752593 0.2258458086550319 0.3825072412940007 0.8938860020294573 2 5
0.030599085955237526 0.2387506879666803 0.6767293692682372 0.08291895201052724 0.6272083297986548 8 8
0.030599085955237526 0.2387506879666803 0.6767293692682372 0.08291895201052724 0.6272083297986548 8 8
0.5064051776112274 0.36635936504778455 0.328261064818269 0.25031889339606384 0.713070316739065 4 5
0.5064051776112274 0.36635936504778455 0.328261064818269 0.25031889339606384 0.713070316739065 4 5
0.18753527885887977 0.43856773727306386 0.02482740901585112 0.16311202321966922 0.5676268188053726 5 1
0.18753527885887977 0.43856773727306386 0.02482740901585112 0.16311202321966922 0.5676268188053726 5 1
0.5587557600729502 0.847379835983646 0.0030511491407474445 0.2043069911721196 0.9220031323445267 2 1
0.2189089088251599 0.3001173620744395 0.6653836762923561 0.053333713097868385 0.9077071643876121 2 1
0.6218773982199124 0.26704770791055044 0.6861482978098095 0.7659507272434111 0.7486267117473313 5 1
0.04763741905460139 0.47895343985904026 0.7170616472152754 0.19152168197749364 0.03906545847714493 3 7
0.30531319200218865 0.8713401843820383 0.2644853265819779 0.7307215251607025 0.715894710004753 8 8
0.030599085955237526 0.2387506879666803 0.6767293692682372 0.08291895201052724 0.6272083297986548 8 8
0.030599085955237526 0.2387506879666803 0.6767293692682372 0.08291895201052724 0.6272083297986548 8 8
0.5064051776112274 0.36635936504778455 0.328261064818269 0.25031889339606384 0.713070316739065 4 5
0.5064051776112274 0.36635936504778455 0.328261064818269 0.25031889339606384 0.713070316739065 4 5
0.5064051776112274 0.36635936504778455 0.328261064818269 0.25031889339606384 0.713070316739065 4 5
0.18753527885887977 0.43856773727306386 0.02482740901585112 0.16311202321966922 0.5676268188053726 5 1
0.8071806251795497 0.520362753588376 0.2904297327486378 0.03709924724975333 0.3384265010013101 2 3
0.8971131374399889 0.3125742156576986 0.9653159276627659 0.5360592678641314 0.8571236813163204 4 5
0.2189089088251599 0.3001173620744395 0.6653836762923561 0.053333713097868385 0.9077071643876121 2 1
0.6218773982199124 0.26704770791055044 0.6861482978098095 0.7659507272434111 0.7486267117473313 5 1
0.2189089088251599 0.3001173620744395 0.6653836762923561 0.053333713097868385 0.9077071643876121 2 1
0.6218773982199124 0.26704770791055044 0.6861482978098095 0.7659507272434111 0.7486267117473313 5 1
0.1645584008424531 0.4660422143752593 0.2258458086550319 0.3825072412940007 0.8938860020294573 2 5
0.1645584008424531 0.4660422143752593 0.2258458086550319 0.3825072412940007 0.8938860020294573 2 5
0.6223975910957318 0.11378354016199732 0.7153579151383807 0.03777131021907065 0.707987300890954 7 6
0.1645584008424531 0.4660422143752593 0.2258458086550319 0.3825072412940007 0.8938860020294573 2 5
0.5064051776112274 0.36635936504778455 0.328261064818269 0.25031889339606384 0.713070316739065 4 5
0.5064051776112274 0.36635936504778455 0.328261064818269 0.25031889339606384 0.713070316739065 4 5
0.18753527885887977 0.43856773727306386 0.02482740901585112 0.16311202321966922 0.5676268188053726 5 1
0.6252884273070336 0.9217344314740573 0.25772616301125273 0.6958440665793076 0.9534748778089066 5 6
0.2189089088251599 0.3001173620744395 0.6653836762923561 0.053333713097868385 0.9077071643876121 2 1
0.2189089088251599 0.3001173620744395 0.6653836762923561 0.053333713097868385 0.9077071643876121 2 1
0.6712380645956868 0.3926243397047713 0.964853746357483 0.5193977957280007 0.7989713058194705 8 1
0.6218773982199124 0.26704770791055044 0.6861482978098095 0.7659507272434111 0.7486267117473313 5 1
0.030599085955237526 0.2387506879666803 0.6767293692682372 0.08291895201052724 0.6272083297986548 8 8
0.030599085955237526 0.2387506879666803 0.6767293692682372 0.08291895201052724 0.6272083297986548 8 8
0.030599085955237526 0.2387506879666803 0.6767293692682372 0.08291895201052724 0.6272083297986548 8 8
0.6223975910957318 0.11378354016199732 0.7153579151383807 0.03777131021907065 0.707987300890954 7 6
0.6223975910957318 0.11378354016199732 0.7153579151383807 0.03777131021907065 0.707987300890954 7 6
0.1645584008424531 0.4660422143752593 0.2258458086550319 0.3825072412940007 0.8938860020294573 2 5
0.5064051776112274 0.36635936504778455 0.328261064818269 0.25031889339606384 0.713070316739065 4 5
0.18753527885887977 0.43856773727306386 0.02482740901585112 0.16311202321966922 0.5676268188053726 5 1
0.6252884273070336 0.9217344314740573 0.25772616301125273 0.6958440665793076 0.9534748778089066 5 6
0.2189089088251599 0.3001173620744395 0.6653836762923561 0.053333713097868385 0.9077071643876121 2 1
0.6712380645956868 0.3926243397047713 0.964853746357483 0.5193977957280007 0.7989713058194705 8 1
0.6712380645956868 0.3926243397047713 0.964853746357483 0.5193977957280007 0.7989713058194705 8 1
0.2189089088251599 0.3001173620744395 0.6653836762923561 0.053333713097868385 0.9077071643876121 2 1
0.6218773982199124 0.26704770791055044 0.6861482978098095 0.7659507272434111 0.7486267117473313 5 1
0.1645584008424531 0.4660422143752593 0.2258458086550319 0.3825072412940007 0.8938860020294573 2 5
0.1645584008424531 0.4660422143752593 0.2258458086550319 0.3825072412940007 0.8938860020294573 2 5
0.030599085955237526 0.2387506879666803 0.6767293692682372 0.08291895201052724 0.6272083297986548 8 8
0.030599085955237526 0.2387506879666803 0.6767293692682372 0.08291895201052724 0.6272083297986548 8 8
0.1645584008424531 0.4660422143752593 0.2258458086550319 0.3825072412940007 0.8938860020294573 2 5
0.5064051776112274 0.36635936504778455 0.328261064818269 0.25031889339606384 0.713070316739065 4 5
0.5064051776112274 0.36635936504778455 0.328261064818269 0.25031889339606384 0.713070316739065 4 5
0.5064051776112274 0.36635936504778455 0.328261064818269 0.25031889339606384 0.713070316739065 4 5
0.2189089088251599 0.3001173620744395 0.6653836762923561 0.053333713097868385 0.9077071643876121 2 1
0.6218773982199124 0.26704770791055044 0.6861482978098095 0.7659507272434111 0.7486267117473313 5 1
0.6218773982199124 0.26704770791055044 0.6861482978098095 0.7659507272434111 0.7486267117473313 5 1
0.030599085955237526 0.2387506879666803 0.6767293692682372 0.08291895201052724 0.6272083297986548 8 8
0.030599085955237526 0.2387506879666803 0.6767293692682372 0.08291895201052724 0.6272083297986548 8 8
0.030599085955237526 0.2387506879666803 0.6767293692682372 0.08291895201052724 0.6272083297986548 8 8
0.030599085955237526 0.2387506879666803 0.6767293692682372 0.08291895201052724 0.6272083297986548 8 8
0.5064051776112274 0.36635936504778455 0.328261064818269 0.25031889339606384 0.713070316739065 4 5
0.5064051776112274 0.36635936504778455 0.328261064818269 0.25031889339606384 0.713070316739065 4 5
0.5064051776112274 0.36635936504778455 0.328261064818269 0.25031889339606384 0.713070316739065 4 5
0.18753527885887977 0.43856773727306386 0.02482740901585112 0.16311202321966922 0.5676268188053726 5 1
0.0025310658147758014 0.22964654920540195 0.7096714802156313 0.5840992293453328 0.3944992916694887 5 4
0.8774720467567954 0.20856190383695883 0.806713447699225 0.6301609069368688 0.24480334778414647 2 1
0.6712380645956868 0.3926243397047713 0.964853746357483 0.5193977957280007 0.7989713058194705 8 1
0.6712380645956868 0.3926243397047713 0.964853746357483 0.5193977957280007 0.7989713058194705 8 1
0.2189089088251599 0.3001173620744395 0.6653836762923561 0.053333713097868385 0.9077071643876121 2 1
0.6218773982199124 0.26704770791055044 0.6861482978098095 0.7659507272434111 0.7486267117473313 5 1
0.04763741905460139 0.47895343985904026 0.7170616472152754 0.19152168197749364 0.03906545847714493 3 7
0.030599085955237526 0.2387506879666803 0.6767293692682372 0.08291895201052724 0.6272083297986548 8 8
0.030599085955237526 0.2387506879666803 0.6767293692682372 0.08291895201052724 0.6272083297986548 8 8
0.1645584008424531 0.4660422143752593 0.2258458086550319 0.3825072412940007 0.8938860020294573 2 5
0.1645584008424531 0.4660422143752593 0.2258458086550319 0.3825072412940007 0.8938860020294573 2 5
0.5064051776112274 0.36635936504778455 0.328261064818269 0.25031889339606384 0.713070316739065 4 5
0.18753527885887977 0.43856773727306386 0.02482740901585112 0.16311202321966922 0.5676268188053726 5 1
0.6252884273070336 0.9217344314740573 0.25772616301125273 0.6958440665793076 0.9534748778089066 5 6
0.29794345226866215 0.656531981368573 0.568058221736923 0.3494562615731378 0.8889115966761992 4 6
0.5418337216498774 0.5272217301739665 0.8992588862040989 0.9633569033469541 0.843288842264298 7 4
0.6712380645956868 0.3926243397047713 0.964853746357483 0.5193977957280007 0.7989713058194705 8 1
0.6712380645956868 0.3926243397047713 0.964853746357483 0.5193977957280007 0.7989713058194705 8 1
0.6218773982199124 0.26704770791055044 0.6861482978098095 0.7659507272434111 0.7486267117473313 5 1
0.04763741905460139 0.47895343985904026 0.7170616472152754 0.19152168197749364 0.03906545847714493 3 7
0.030599085955237526 0.2387506879666803 0.6767293692682372 0.08291895201052724 0.6272083297986548 8 8
0.030599085955237526 0.2387506879666803 0.6767293692682372 0.08291895201052724 0.6272083297986548 8 8
0.1645584008424531 0.4660422143752593 0.2258458086550319 0.3825072412940007 0.8938860020294573 2 5
0.6223975910957318 0.11378354016199732 0.7153579151383807 0.03777131021907065 0.707987300890954 7 6
0.5064051776112274 0.36635936504778455 0.328261064818269 0.25031889339606384 0.713070316739065 4 5
0.5064051776112274 0.36635936504778455 0.328261064818269 0.25031889339606384 0.713070316739065 4 5
0.8509615506642754 0.2359040319331036 0.39400148788037126 0.43412240330504037 0.3063401022552692 6 5
0.04855103080929679 0.9033321766246755 0.5983393061164181 0.48448557069510323 0.3411781108641221 8 4
0.6712380645956868 0.3926243397047713 0.964853746357483 0.5193977957280007 0.7989713058194705 8 1
0.2189089088251599 0.3001173620744395 0.6653836762923561 0.053333713097868385 0.9077071643876121 2 1
0.6218773982199124 0.26704770791055044 0.6861482978098095 0.7659507272434111 0.7486267117473313 5 1
0.04763741905460139 0.47895343985904026 0.7170616472152754 0.19152168197749364 0.03906545847714493 3 7
0.030599085955237526 0.2387506879666803 0.6767293692682372 0.08291895201052724 0.6272083297986548 8 8
0.030599085955237526 0.2387506879666803 0.6767293692682372 0.08291895201052724 0.6272083297986548 8 8
0.1645584008424531 0.4660422143752593 0.2258458086550319 0.3825072412940007 0.8938860020294573 2 5
0.6223975910957318 0.11378354016199732 0.7153579151383807 0.03777131021907065 0.707987300890954 7 6
0.25422380174863946 0.9267792780373384 0.7872273928115514 0.4341356081250827 0.36462343992694857 6 5
0.18753527885887977 0.43856773727306386 0.02482740901585112 0.16311202321966922 0.5676268188053726 5 1
0.6252884273070336 0.9217344314740573 0.25772616301125273 0.6958440665793076 0.9534748778089066 5 6
0.29794345226866215 0.656531981368573 0.568058221736923 0.3494562615731378 0.8889115966761992 4 6
0.847254471060037 0.3208938059135996 0.2144855175733379 0.5459698626940112 0.7345967620161296 8 6
0.6712380645956868 0.3926243397047713 0.964853746357483 0.5193977957280007 0.7989713058194705 8 1
0.6712380645956868 0.3926243397047713 0.964853746357483 0.5193977957280007 0.7989713058194705 8 1
0.2189089088251599 0.3001173620744395 0.6653836762923561 0.053333713097868385 0.9077071643876121 2 1
0.030599085955237526 0.2387506879666803 0.6767293692682372 0.08291895201052724 0.6272083297986548 8 8
0.04763741905460139 0.47895343985904026 0.7170616472152754 0.19152168197749364 0.03906545847714493 3 7
0.030599085955237526 0.2387506879666803 0.6767293692682372 0.08291895201052724 0.6272083297986548 8 8
0.030599085955237526 0.2387506879666803 0.6767293692682372 0.08291895201052724 0.6272083297986548 8 8
0.1645584008424531 0.4660422143752593 0.2258458086550319 0.3825072412940007 0.8938860020294573 2 5
0.1645584008424531 0.4660422143752593 0.2258458086550319 0.3825072412940007 0.8938860020294573 2 5
0.5064051776112274 0.36635936504778455 0.328261064818269 0.25031889339606384 0.713070316739065 4 5
0.18753527885887977 0.43856773727306386 0.02482740901585112 0.16311202321966922 0.5676268188053726 5 1
0.6252884273070336 0.9217344314740573 0.25772616301125273 0.6958440665793076 0.9534748778089066 5 6
0.29794345226866215 0.656531981368573 0.568058221736923 0.3494562615731378 0.8889115966761992 4 6
