Bin size: 215
Number of elements: 576
122
6
161
10
148
166
91
43
214
174
78
37
119
4
138
47
180
84
3
95
126
82
128
146
116
118
29
166
84
92
64
63
211
155
213
138
39
49
55
95
205
43
57
190
54
9
55
183
10
182
142
113
67
83
109
44
29
155
73
29
46
24
20
71
193
45
41
57
106
28
192
155
32
130
52
12
151
175
79
105
201
47
156
32
121
85
185
11
126
80
132
58
71
171
78
27
55
215
138
75
194
140
186
183
134
137
18
193
132
118
151
20
159
209
184
13
155
164
131
49
58
71
152
127
211
194
68
15
123
161
121
122
194
73
195
126
71
97
47
161
119
67
68
141
161
201
14
156
197
9
141
8
111
209
104
84
68
71
49
47
210
50
9
73
66
80
101
186
64
67
158
37
14
178
27
11
115
87
179
203
50
88
92
101
192
194
14
16
142
89
24
61
123
129
57
118
127
15
95
83
215
81
141
55
29
127
153
27
78
107
90
153
40
60
167
184
149
183
55
120
14
27
137
181
210
182
208
126
107
144
36
78
215
165
97
37
177
34
86
10
195
167
100
77
101
45
19
169
152
190
32
209
19
112
74
169
33
120
35
123
195
73
141
118
175
180
180
215
43
165
116
190
43
21
179
197
196
10
137
59
48
171
17
131
179
97
10
18
105
191
16
186
195
95
24
117
15
159
168
168
105
27
16
103
173
155
144
164
152
64
49
29
63
171
155
19
56
114
110
154
23
172
82
174
38
12
139
68
187
48
169
180
107
114
72
109
63
146
169
101
197
172
10
146
52
93
113
178
151
64
88
193
94
118
139
163
122
158
65
211
95
144
87
71
62
34
26
183
198
83
44
207
33
126
168
125
89
161
75
149
142
155
102
124
11
90
13
61
210
114
57
179
2
87
5
19
16
146
210
41
125
105
1
185
130
10
214
16
41
158
78
209
183
188
205
26
153
151
82
155
90
57
80
135
199
51
189
140
85
12
162
178
215
212
93
28
47
64
160
72
55
209
41
117
107
190
60
64
154
202
35
190
88
6
186
27
17
57
74
128
114
138
94
173
38
126
45
204
48
184
95
30
21
124
72
69
185
35
211
107
97
90
43
19
119
207
76
185
106
196
95
18
37
109
39
50
20
70
28
179
175
107
209
170
163
77
168
202
6
179
196
46
48
188
52
85
85
59
21
37
52
49
134
152
69
3
132
194
139
87
194
2
34
90
16
53
185
55
204
148
208
97
134
158
69
110
211
26
114
107
101
109
119
96
170
111
103
139
86
23
184
71
51
12
133
134
203
119
184
213
172
154
173
205
21
31
