Bin size: 139
Number of elements: 561
1
87
54
133
127
41
83
102
104
41
115
127
125
100
118
121
41
65
64
118
6
68
6
65
58
106
74
50
24
58
110
46
100
9
17
37
52
60
66
130
131
33
127
99
34
7
113
58
67
63
16
3
108
97
15
112
63
103
13
58
34
94
70
128
111
97
135
31
95
125
5
71
19
61
48
22
124
70
54
64
61
47
123
105
15
5
68
28
106
14
44
10
87
128
76
90
65
15
48
34
14
37
137
36
113
38
28
76
53
37
63
11
107
87
10
130
131
109
129
120
68
79
75
45
60
116
60
86
103
56
102
5
107
15
9
21
32
79
135
28
123
90
36
72
100
107
128
137
2
59
59
56
27
118
85
138
25
63
70
119
90
20
131
25
26
63
10
121
27
90
50
19
40
75
130
111
65
32
126
84
70
33
53
80
94
96
117
71
132
105
90
20
97
73
76
133
127
73
17
101
9
77
44
130
69
37
48
98
106
110
52
93
124
15
138
33
23
40
21
123
115
86
31
3
77
113
85
56
87
93
15
98
2
74
45
120
130
74
17
121
97
16
52
64
10
90
115
83
96
123
64
138
77
130
32
13
4
1
95
91
40
82
71
119
82
110
126
39
54
106
2
35
115
75
102
14
98
72
103
96
99
90
49
12
64
2
109
81
35
112
135
68
91
111
49
121
57
67
63
36
5
80
57
109
67
21
59
35
116
1
138
13
7
110
1
73
90
35
106
13
19
104
118
26
4
45
65
132
34
134
28
65
103
83
26
35
48
9
21
6
106
123
85
126
136
128
45
112
55
138
109
93
13
93
80
76
31
96
138
127
35
37
79
42
87
64
103
72
40
139
28
44
16
67
6
139
91
94
47
117
116
101
53
11
136
53
32
38
111
17
18
73
68
118
88
39
114
12
47
126
61
10
74
139
37
2
139
61
104
84
124
58
124
63
59
48
40
80
136
68
77
137
21
18
96
84
134
94
79
30
88
117
73
122
14
122
124
27
85
41
43
33
74
139
60
46
114
78
87
6
68
83
38
75
87
65
40
10
87
54
68
23
74
115
63
104
69
68
118
8
108
74
133
70
91
98
98
84
66
126
54
12
100
46
94
119
132
114
94
135
64
12
16
123
29
77
17
50
106
47
43
3
112
43
33
47
130
84
139
101
61
131
104
25
114
10
98
8
10
46
99
126
89
83
101
26
65
47
72
69
68
47
11
40
41
56
37
73
136
26
83
108
51
22
117
132
56
62
133
110
71
84
69
52
58
71
53
44
34
110
3
