Bin size: 250
Number of elements: 682
41
232
149
63
12
84
1
161
156
61
65
2
103
239
22
204
242
159
195
185
229
7
56
38
13
174
116
110
208
97
161
181
162
242
22
224
192
224
181
3
217
141
211
204
169
239
230
247
104
246
230
235
76
139
109
90
144
225
153
136
66
216
224
118
33
22
86
239
239
136
70
175
174
194
237
15
228
78
202
84
18
20
33
229
115
110
163
71
165
74
240
218
165
37
147
8
16
63
190
224
233
47
245
199
86
230
212
246
213
245
174
190
148
14
219
212
2
32
224
192
202
145
202
56
235
56
187
243
60
212
187
139
123
45
126
60
162
44
37
226
33
145
135
84
33
45
41
51
19
186
60
48
139
203
30
102
68
121
219
186
172
42
89
10
138
201
207
54
125
103
248
33
134
241
197
196
92
110
79
183
23
173
212
242
18
27
207
76
103
113
141
65
196
31
44
200
13
15
97
205
131
242
127
46
113
12
34
44
184
105
245
175
201
139
72
83
233
135
109
39
77
176
85
185
161
58
121
9
30
164
127
233
8
174
130
46
146
217
122
222
231
95
100
97
143
57
16
91
53
78
206
35
233
17
200
195
184
211
156
74
120
67
19
98
46
61
123
137
238
230
51
208
163
156
232
209
223
77
105
65
197
39
87
39
97
24
238
179
190
155
162
90
25
14
116
97
115
154
188
232
20
180
149
225
159
25
201
209
48
176
99
214
224
8
39
224
60
180
206
45
194
62
58
84
29
105
172
25
80
233
229
97
120
154
159
173
218
61
39
40
211
138
27
101
241
250
194
37
32
58
87
242
144
111
194
13
243
1
216
152
41
124
155
205
92
221
243
116
28
24
68
20
116
81
79
150
163
106
233
85
149
116
109
26
81
39
208
162
208
241
210
10
125
18
116
162
159
6
36
84
158
159
30
25
109
58
52
213
47
88
161
90
47
59
93
45
102
13
183
120
62
115
38
242
100
107
52
186
20
87
16
195
56
101
29
232
175
209
113
202
227
53
134
153
202
13
100
240
144
63
119
48
12
110
44
14
45
30
59
150
213
200
194
75
112
85
33
190
192
240
123
34
22
177
107
76
72
14
149
48
83
75
219
34
127
156
141
244
85
136
66
198
46
3
105
104
35
224
193
184
8
199
25
132
1
247
40
5
66
53
243
179
132
96
239
234
190
195
228
132
189
53
68
154
95
161
119
218
36
94
222
177
69
77
43
1
60
18
167
132
62
191
212
198
66
207
145
102
110
56
169
16
28
75
185
16
249
237
61
22
86
137
82
53
116
214
193
103
61
124
82
204
244
231
112
170
1
202
89
159
149
146
88
33
147
111
20
240
88
147
147
220
222
125
247
183
193
21
111
54
43
60
129
106
3
206
190
123
240
87
191
92
214
199
226
91
202
190
84
108
55
178
229
105
174
182
10
45
219
13
183
128
229
224
111
243
146
177
166
67
175
129
140
155
206
98
107
160
6
40
42
141
201
67
101
113
54
127
121
162
119
153
2
77
108
17
62
248
172
96
70
79
13
232
104
138
186
242
19
119
136
217
