Bin size: 193
Number of elements: 622
183
169
20
53
115
158
14
54
51
24
143
172
163
93
64
61
128
93
165
98
38
88
77
6
90
7
131
165
143
33
118
11
169
95
39
3
6
55
126
188
119
101
97
60
86
154
181
64
110
52
159
160
29
49
189
53
123
66
1
3
191
95
136
66
54
1
84
26
164
137
167
43
94
75
147
73
89
165
171
114
22
169
166
183
117
116
182
54
165
2
178
97
35
70
9
79
47
116
121
123
124
38
73
43
103
172
140
74
139
95
53
152
54
163
108
174
96
150
87
148
189
14
54
150
36
17
95
185
28
175
166
128
38
145
132
52
113
104
19
38
73
82
117
60
164
70
45
64
93
158
36
176
17
175
171
119
44
96
16
7
140
184
87
3
114
104
110
2
146
142
17
58
12
13
69
19
115
73
193
25
26
176
191
143
133
174
130
59
37
170
131
190
77
84
31
173
103
81
168
1
163
112
134
25
58
125
150
138
140
185
26
57
91
7
135
151
50
70
16
11
32
42
180
131
161
35
127
173
192
137
92
98
183
174
42
118
35
97
182
138
110
170
121
17
120
161
58
1
193
139
140
139
42
116
83
193
149
174
42
52
8
35
108
90
70
110
11
193
52
128
13
43
107
102
6
74
167
152
54
181
160
178
54
138
87
187
29
103
20
33
137
81
182
68
13
164
135
6
135
177
149
137
13
151
70
186
111
57
154
111
45
19
127
23
122
40
54
7
26
107
35
124
151
127
101
191
91
27
58
24
6
133
185
155
65
90
77
62
88
16
166
144
145
125
173
113
56
109
191
101
80
50
75
110
66
38
146
170
147
29
160
20
163
172
156
13
162
37
96
76
88
44
8
112
104
56
39
174
4
5
96
113
38
39
189
99
50
79
123
164
132
5
36
187
118
34
183
25
75
67
163
99
151
165
166
49
146
85
97
67
145
129
80
101
57
9
25
65
63
61
52
5
46
105
124
188
97
63
156
184
42
117
34
123
24
65
113
43
130
121
48
119
140
109
66
146
156
99
52
86
95
68
40
66
80
124
39
88
131
111
4
184
150
8
50
140
5
33
142
166
98
27
175
136
173
46
74
193
11
119
124
49
54
71
20
64
38
39
48
169
155
30
23
52
153
91
104
68
86
21
149
69
109
184
146
21
113
68
185
141
145
23
29
185
105
166
96
24
155
15
85
22
158
26
80
75
110
9
23
108
118
102
22
164
115
170
164
42
69
123
160
174
83
51
76
92
78
96
187
139
32
74
157
193
187
92
40
186
108
17
183
186
18
14
66
159
79
186
62
4
40
20
78
169
28
143
4
137
91
166
92
98
134
3
38
29
16
62
27
169
27
39
49
25
30
98
130
146
147
29
166
2
179
85
52
125
75
173
55
7
59
83
182
3
50
86
162
189
16
115
179
113
