Bin size: 112
Number of elements: 650
50
28
101
55
80
2
45
34
39
95
51
54
20
59
103
68
22
33
14
9
111
103
18
16
77
40
47
77
44
16
72
98
68
19
30
90
110
88
35
96
24
105
105
30
108
10
9
36
16
7
63
17
100
46
62
53
49
101
8
67
75
90
104
37
58
11
47
69
83
61
83
81
15
40
7
64
76
83
1
42
75
103
33
6
60
30
11
101
33
19
100
24
88
81
21
84
92
13
8
90
72
27
17
79
39
90
84
53
7
22
43
53
111
78
74
13
92
26
93
35
22
78
87
38
41
15
4
94
69
41
10
27
44
53
41
51
53
54
78
11
35
2
48
5
80
107
85
91
10
41
41
91
77
84
89
109
14
36
76
55
110
54
32
4
9
103
71
30
63
69
81
103
104
13
57
18
63
59
45
7
66
67
19
70
22
100
75
84
100
25
73
80
83
20
55
14
86
107
107
11
57
8
43
44
97
50
9
68
27
28
27
108
15
59
105
31
51
91
58
70
95
36
96
104
58
18
92
111
29
72
77
100
63
39
95
86
101
1
90
34
67
111
27
74
6
49
41
4
26
40
92
101
1
77
90
50
112
29
26
78
24
91
38
19
30
84
109
18
29
7
104
97
7
99
35
53
43
66
6
67
36
102
75
43
2
44
17
20
55
90
38
22
46
61
73
88
53
97
78
104
54
70
107
60
29
95
30
37
35
87
83
1
83
104
27
96
12
7
52
78
76
29
48
90
40
91
108
111
82
25
71
26
61
18
57
27
105
43
107
46
95
14
83
91
23
84
61
91
42
87
25
44
75
13
88
1
6
43
84
87
96
30
106
98
32
67
57
111
14
56
83
1
87
10
73
63
97
80
47
44
28
12
11
6
31
1
27
55
11
110
54
43
90
60
47
43
108
61
57
57
62
6
11
83
93
89
36
46
28
50
82
68
34
60
53
61
61
14
105
43
112
85
75
16
83
15
100
42
19
83
44
8
31
24
70
100
17
59
4
13
55
47
100
89
22
4
23
94
59
92
47
89
78
97
27
57
45
42
88
11
106
93
28
72
69
26
15
13
108
66
111
17
92
91
65
39
106
100
69
26
37
55
103
70
47
50
9
42
75
90
2
35
20
33
53
27
33
52
15
32
58
28
107
24
28
63
81
74
50
96
92
96
46
83
96
59
83
88
97
69
49
37
12
38
21
80
27
61
95
67
51
75
30
13
33
95
65
75
84
37
19
50
19
48
6
83
82
25
97
76
17
104
79
78
58
50
70
26
6
89
33
21
25
37
37
72
12
42
64
88
8
72
27
68
8
24
24
97
8
4
26
19
79
94
101
20
29
41
70
31
80
95
2
45
110
85
18
102
80
14
54
7
88
32
70
56
110
34
59
66
89
68
32
44
10
6
56
61
87
22
14
60
47
72
107
6
17
90
53
75
39
89
80
17
79
32
73
74
78
8
64
68
84
112
65
89
53
109
95
22
