Bin size: 277
Number of elements: 521
184
36
2
219
150
211
102
179
151
9
106
191
41
109
7
200
233
71
168
181
99
136
208
114
170
258
159
250
163
254
231
36
215
247
89
46
267
98
93
30
31
127
69
228
214
4
35
221
25
173
79
36
162
54
9
81
66
42
109
5
252
77
159
120
46
48
265
61
172
273
277
132
127
92
265
204
131
252
163
115
1
167
269
249
122
201
130
107
154
61
113
141
210
155
113
212
151
129
147
232
225
106
73
223
114
53
34
130
88
134
43
276
11
89
252
74
123
95
131
140
8
200
21
253
208
126
83
80
245
55
131
235
48
259
239
227
96
131
101
154
109
269
26
141
136
121
225
132
79
122
122
68
74
8
11
9
105
69
120
167
175
132
110
156
119
56
204
198
127
231
205
29
161
142
179
225
228
3
94
90
197
56
72
253
116
202
187
31
258
10
213
65
48
26
192
141
102
201
182
59
76
199
109
33
174
144
195
75
73
173
229
25
172
144
18
196
233
90
243
86
191
54
243
100
148
214
105
132
29
8
36
234
123
47
131
25
124
73
215
172
178
214
71
177
128
37
72
39
272
45
27
114
95
26
276
221
101
186
58
212
155
257
143
142
209
246
85
227
187
197
48
22
130
129
135
231
227
15
209
193
147
174
177
208
187
21
104
69
34
38
7
197
57
12
114
75
111
154
224
138
133
176
126
193
76
35
204
49
84
60
138
213
231
162
54
125
137
186
226
213
155
192
97
126
18
165
81
110
147
106
41
8
169
260
37
270
56
195
85
193
183
106
59
232
144
14
175
236
228
18
143
145
116
87
71
262
264
119
109
185
275
260
182
172
196
74
170
201
232
18
156
23
39
83
119
241
115
43
13
64
84
229
39
206
112
250
126
62
268
83
233
255
104
58
2
167
236
236
107
50
84
164
43
28
33
31
199
4
193
88
10
205
253
239
34
277
107
14
181
256
62
111
12
235
79
249
170
142
107
165
134
96
164
24
138
56
268
3
61
144
76
189
69
177
241
182
73
181
242
14
45
13
240
43
85
11
238
4
85
117
263
116
47
174
40
246
139
123
43
43
110
249
126
225
49
196
226
201
146
167
196
34
205
273
84
64
206
79
152
185
68
145
221
239
246
188
194
65
152
169
179
224
10
99
233
173
53
274
71
94
36
78
12
261
192
214
191
236
108
36
37
