Bin size: 245
Number of elements: 587
119
212
244
96
84
88
80
168
34
38
39
75
107
104
127
146
20
117
115
35
206
98
194
21
139
110
107
233
123
62
11
103
140
212
242
16
239
14
98
125
40
93
117
97
81
232
215
212
220
231
92
59
9
126
18
45
59
191
89
86
5
82
141
106
90
195
145
68
73
188
32
127
194
144
63
62
203
81
167
239
165
132
192
25
130
46
216
73
199
168
71
223
142
147
171
180
152
66
27
129
102
96
31
184
150
44
126
18
42
180
63
122
41
183
231
2
74
211
25
227
159
133
100
124
181
114
240
97
36
43
202
30
209
220
91
237
82
50
112
7
228
109
126
176
76
170
189
74
24
75
40
168
93
8
74
7
197
3
71
98
23
243
99
60
79
102
158
4
28
55
233
229
216
133
108
138
152
148
90
145
92
209
154
197
84
33
136
42
196
193
106
166
121
88
144
72
200
146
57
106
38
113
62
26
28
195
214
195
203
119
202
51
117
209
243
205
74
97
145
105
177
204
5
101
4
216
18
109
217
43
213
74
128
36
241
131
99
206
118
100
194
14
62
220
16
99
188
166
101
99
191
92
6
236
149
144
244
50
175
125
53
210
228
92
64
43
87
64
203
138
15
78
157
234
19
193
194
80
200
189
104
140
196
42
93
76
23
190
173
73
219
242
102
91
218
102
170
236
160
3
157
189
2
67
44
37
143
143
58
89
218
151
37
23
55
86
159
21
80
49
218
17
58
100
21
208
1
205
12
139
235
28
92
25
27
11
132
162
171
9
23
164
119
119
45
61
95
197
34
155
4
6
131
31
119
221
28
96
63
129
66
22
33
150
56
41
128
202
14
116
6
152
145
126
218
105
206
211
118
19
23
170
208
221
217
215
167
11
60
231
141
242
27
68
9
164
167
240
15
226
113
179
36
127
45
67
127
119
96
15
223
213
105
234
215
189
179
201
145
224
212
87
63
168
115
99
3
52
84
144
166
165
57
45
42
197
113
154
116
47
126
76
217
197
182
200
39
222
226
30
85
108
19
185
165
161
241
99
151
201
25
1
60
152
69
212
121
221
89
11
92
75
3
149
72
111
133
106
154
55
37
103
92
239
1
32
50
91
209
59
142
212
112
85
135
227
205
11
212
71
142
119
106
194
188
8
192
144
182
244
59
199
236
222
139
30
79
41
114
207
232
132
14
222
43
62
139
14
144
97
164
114
59
97
186
14
233
116
30
174
102
62
88
180
13
149
168
198
26
90
175
245
29
110
22
80
32
134
231
172
26
112
112
32
210
222
232
107
124
155
199
199
188
77
90
23
188
240
6
154
207
89
141
68
199
195
83
