Bin size: 152
Number of elements: 596
139
126
89
88
97
123
47
40
19
124
127
73
144
60
44
78
10
31
128
127
84
16
60
73
132
57
27
42
85
92
107
82
26
29
128
145
65
67
15
29
138
22
77
91
104
16
124
53
95
77
48
15
60
52
105
105
62
131
27
94
87
13
57
16
98
100
151
66
145
134
144
90
21
114
45
8
92
119
83
30
43
2
24
34
70
14
11
132
63
82
70
132
113
57
10
47
64
146
112
28
107
95
34
24
44
138
49
51
55
78
46
19
37
110
66
74
5
25
37
139
69
123
63
19
133
119
120
5
106
48
57
144
103
19
4
130
48
17
116
113
115
104
83
70
58
10
125
146
86
4
11
36
135
32
122
3
58
96
142
30
69
51
65
81
46
34
97
68
123
145
8
140
34
67
53
58
151
128
67
19
111
45
24
64
26
72
15
65
137
126
55
70
51
16
89
88
87
119
30
49
73
56
53
109
84
62
107
119
131
79
128
119
108
85
101
20
67
124
13
63
17
106
119
33
121
89
130
83
77
89
97
71
131
2
41
31
131
98
148
55
69
108
50
22
117
51
56
44
55
79
106
64
136
15
63
124
71
32
146
3
123
76
137
127
38
148
130
9
133
131
100
151
75
134
68
39
6
65
146
73
27
107
20
111
102
108
121
7
129
115
149
26
120
130
53
124
141
106
119
12
55
136
61
47
107
62
122
95
85
56
97
94
8
65
27
20
2
104
148
129
23
73
46
81
82
17
68
12
92
22
128
9
137
59
36
85
126
116
15
10
87
39
136
133
101
143
122
138
76
63
130
47
70
69
112
4
54
113
111
88
17
41
100
122
131
118
13
108
136
4
56
137
15
113
91
125
2
44
2
152
127
102
125
134
19
33
145
28
63
61
149
130
58
98
98
74
96
75
79
125
112
99
85
43
106
49
45
130
77
12
146
70
33
140
94
130
61
94
18
106
104
48
99
89
97
66
39
35
15
66
114
93
115
64
44
130
83
131
117
133
44
85
38
23
139
139
74
16
52
143
123
22
18
139
87
56
128
84
62
135
61
101
134
52
144
111
135
98
109
54
134
26
125
140
85
107
27
79
79
6
144
45
26
4
8
118
133
112
64
16
39
22
138
58
62
135
21
4
104
26
112
147
91
94
110
130
74
105
45
125
47
131
79
29
52
149
137
109
31
76
29
9
18
127
66
21
149
19
84
94
77
130
58
45
50
12
125
54
97
15
152
67
124
2
56
69
10
55
9
37
19
36
88
29
107
77
117
41
60
78
80
92
78
96
110
137
73
9
77
115
146
150
7
21
72
140
98
44
98
139
15
26
128
17
13
38
94
36
56
101
128
145
87
27
30
129
