Bin size: 270
Number of elements: 619
38
142
205
5
139
84
20
4
54
116
209
125
30
145
253
73
89
51
252
173
15
160
71
77
180
95
142
245
243
17
150
47
17
237
147
8
23
212
64
5
50
49
32
124
248
111
259
161
92
137
234
204
20
242
147
59
46
261
77
26
194
149
238
196
83
1
129
35
170
96
35
15
171
26
206
163
1
168
255
244
222
253
270
149
200
75
181
101
45
121
196
254
107
75
195
193
269
83
93
17
43
266
142
126
39
249
4
25
136
136
205
169
57
257
2
158
94
73
234
189
183
231
165
224
241
122
251
188
22
21
243
93
142
246
128
123
204
216
253
250
96
213
209
235
251
116
57
4
91
261
186
237
35
55
110
89
14
3
51
82
56
161
214
4
157
77
1
248
114
120
215
200
4
88
23
77
107
247
166
140
157
214
232
68
251
207
235
43
122
124
108
58
238
144
191
176
165
14
12
121
189
155
217
235
122
10
13
40
79
26
51
106
256
142
84
270
76
169
242
97
138
253
79
108
227
146
211
171
1
38
166
174
194
159
16
184
107
37
270
196
22
150
107
260
21
155
141
143
75
131
163
203
236
159
87
156
192
35
67
170
48
221
76
176
101
137
213
33
215
157
76
239
208
206
266
54
123
133
15
43
62
195
187
171
269
32
208
258
239
213
100
105
201
102
221
254
210
38
220
154
156
213
127
248
250
87
1
166
184
208
106
8
65
186
9
195
4
175
39
57
182
96
152
195
254
4
46
95
265
143
72
240
168
162
242
184
256
123
27
106
13
230
265
71
9
77
137
95
231
215
212
191
188
168
226
208
81
265
169
108
244
167
150
202
268
135
105
248
158
203
12
205
83
108
152
103
10
198
29
249
162
3
204
261
141
61
114
140
155
266
72
213
151
53
159
54
117
15
75
236
187
43
140
174
201
225
197
265
191
182
77
162
24
47
260
115
148
200
189
149
243
230
174
60
134
15
68
135
26
176
171
42
71
63
38
145
125
27
197
170
30
117
143
65
212
111
141
103
46
19
94
14
62
109
197
116
137
124
32
46
145
119
212
221
183
167
201
172
254
187
149
12
204
163
65
167
238
55
111
65
38
11
203
21
2
167
26
127
158
210
113
91
252
151
16
196
62
216
251
63
218
249
58
135
180
226
214
231
181
190
84
263
64
80
177
16
21
10
96
68
31
124
71
78
156
158
214
43
242
28
222
90
248
126
94
136
193
246
241
28
36
93
206
237
38
106
22
151
237
108
231
95
95
50
30
80
169
69
153
178
95
247
33
151
174
29
268
189
55
6
51
143
225
178
142
140
156
49
129
75
227
150
163
8
28
83
135
189
16
114
195
34
61
55
101
70
109
213
184
9
184
94
24
126
268
101
56
265
194
114
33
87
22
161
127
142
184
144
268
