Bin size: 115
Number of elements: 584
31
72
36
9
42
56
11
74
70
113
58
83
9
100
20
62
12
104
112
45
3
84
41
76
47
100
69
8
75
45
34
104
92
69
81
62
62
108
93
83
2
89
59
16
54
14
79
86
49
35
24
100
77
70
88
37
98
70
53
34
16
9
10
52
40
106
26
47
8
44
24
66
102
61
29
23
78
93
27
111
58
50
82
109
7
115
4
96
62
115
84
24
99
32
60
45
109
43
89
1
88
29
34
39
101
102
30
111
26
115
89
89
107
79
88
13
111
40
79
32
91
25
77
75
112
92
73
80
26
50
21
7
31
32
105
114
63
98
14
27
57
91
4
8
10
81
84
53
12
59
46
63
33
103
62
60
102
5
31
84
45
56
11
27
103
86
98
47
106
2
104
20
7
54
21
26
44
82
2
48
17
5
20
67
103
54
13
56
91
40
106
53
74
27
114
107
82
103
24
82
49
7
88
22
47
11
91
54
77
4
31
74
106
90
98
94
70
90
49
112
51
76
86
4
75
38
62
42
105
72
114
97
111
53
100
6
96
25
108
61
104
104
96
25
100
80
95
105
98
109
91
49
22
47
103
59
50
38
21
99
45
54
113
48
39
54
58
27
64
105
83
66
18
55
52
11
92
105
6
81
108
49
10
90
30
72
3
107
42
96
110
46
68
86
101
89
95
41
58
68
22
4
96
36
84
17
25
87
93
9
32
48
98
46
28
26
33
38
16
62
63
104
64
51
68
6
68
45
12
99
99
16
41
78
64
48
72
10
90
17
64
103
60
13
27
41
5
21
13
21
67
40
37
87
81
111
55
105
105
42
38
110
73
30
69
4
105
22
28
115
94
97
80
111
92
50
72
113
14
65
90
42
46
104
13
72
80
91
104
89
41
40
66
91
11
2
63
34
9
48
34
25
80
62
70
97
16
63
113
23
24
29
99
78
95
34
55
113
27
12
111
18
28
66
44
107
10
92
38
114
8
65
1
108
54
75
42
46
89
38
49
68
80
97
109
113
14
51
49
105
60
35
32
15
13
25
78
96
82
18
26
52
74
18
66
93
7
35
109
39
76
102
29
109
42
73
54
89
71
73
113
90
65
4
36
1
34
110
107
69
24
111
63
67
59
47
93
77
85
55
85
6
26
25
17
15
48
105
80
15
113
30
1
23
90
56
3
31
88
99
51
104
6
87
98
101
82
18
13
73
89
55
25
77
35
23
84
24
85
42
5
89
94
102
28
13
95
112
77
90
33
49
7
30
46
41
34
78
39
115
76
43
52
64
107
46
47
92
31
88
48
105
68
61
46
56
73
32
74
80
103
29
87
107
