Bin size: 154
Number of elements: 583
21
106
10
105
45
114
67
22
150
146
111
124
153
80
123
39
110
121
53
144
18
12
18
67
110
2
35
149
41
8
126
26
48
13
151
66
17
142
75
36
7
127
47
124
132
142
91
148
132
55
73
83
71
139
104
18
50
122
82
77
101
105
23
63
19
32
82
55
43
99
22
150
46
132
61
24
59
103
14
78
2
133
37
138
19
95
2
125
129
105
25
14
85
148
102
139
128
8
132
77
89
46
154
150
133
54
95
79
131
126
108
139
5
78
84
144
65
1
83
9
5
131
2
20
39
16
5
83
143
95
110
109
150
12
83
36
94
150
132
43
90
38
117
33
138
111
53
1
140
109
52
57
17
19
147
135
139
30
148
62
81
75
136
141
47
19
42
65
16
66
36
142
27
131
47
140
41
147
24
41
29
71
70
108
123
125
137
138
137
85
11
37
3
109
126
104
33
140
29
64
126
59
44
87
145
154
11
73
37
99
131
50
147
97
78
8
106
115
22
122
64
43
2
36
148
140
87
135
42
139
70
12
91
103
77
118
106
40
113
37
54
69
106
18
45
2
70
66
122
94
2
21
59
20
133
140
29
104
141
120
71
69
55
51
50
106
151
98
107
52
63
79
132
120
91
7
36
125
105
150
58
70
102
97
78
91
111
66
39
25
125
42
125
147
72
66
142
17
67
18
143
50
64
141
38
77
104
55
82
146
49
65
8
84
26
96
98
31
97
4
5
146
154
56
50
37
15
72
83
123
64
92
85
18
42
153
2
146
10
119
115
90
121
111
16
60
137
113
65
26
99
117
97
29
146
149
26
36
152
37
150
153
113
107
101
26
146
7
102
26
132
60
77
135
95
151
9
8
9
130
20
26
39
73
79
145
154
138
11
129
36
32
66
112
40
54
35
66
54
41
150
63
74
122
8
2
81
94
78
112
98
44
121
72
153
4
142
126
119
16
4
14
76
129
67
83
124
21
61
86
16
10
83
131
26
71
15
76
112
118
33
79
58
42
78
37
50
121
75
129
127
37
28
89
64
20
8
55
64
129
143
59
81
104
80
96
120
57
123
98
72
151
64
74
32
94
20
26
112
51
20
83
87
54
6
9
49
61
52
112
123
43
145
98
136
5
98
5
125
141
13
57
136
16
64
153
124
100
10
38
20
69
33
58
62
145
133
60
24
48
8
33
8
56
142
137
140
129
73
11
104
3
36
39
3
71
63
37
68
70
63
142
78
55
143
47
22
31
55
99
102
31
92
13
99
68
143
117
82
143
153
19
39
78
94
115
28
41
87
9
11
43
47
59
115
27
143
101
104
81
91
83
129
