Bin size: 272
Number of elements: 697
264
67
117
207
117
22
72
150
85
18
204
146
88
242
233
102
144
14
151
131
200
86
51
38
113
173
268
210
123
31
23
62
19
111
133
83
175
62
79
101
216
149
28
65
10
133
52
57
123
208
228
161
105
24
180
200
247
238
74
45
219
39
67
25
74
144
200
87
257
268
56
61
6
203
167
77
34
250
28
108
74
40
194
29
233
144
247
163
191
57
185
106
113
248
235
76
271
224
245
114
99
82
154
3
205
266
128
98
53
3
269
268
53
117
4
148
133
176
120
121
58
160
152
43
73
2
172
118
135
13
191
200
121
53
104
145
225
126
205
83
141
194
177
105
220
189
180
35
259
194
235
60
143
115
224
87
233
168
219
189
272
189
32
230
253
196
127
201
109
13
220
174
211
164
182
52
89
56
22
231
13
105
89
131
195
134
107
135
13
45
191
168
30
117
256
269
189
57
269
51
104
56
227
83
13
186
13
58
42
260
237
219
211
5
61
270
125
12
260
264
55
62
130
94
123
214
150
142
253
193
80
221
44
84
199
193
19
109
24
213
169
135
193
212
168
80
35
161
233
51
249
226
148
190
33
9
159
26
265
165
153
199
268
240
156
31
61
266
191
255
145
83
9
270
147
19
31
11
2
80
141
141
173
99
209
50
196
145
35
185
44
52
258
55
68
69
24
140
53
126
191
203
257
12
256
145
261
153
181
93
176
179
245
266
251
189
252
183
261
78
50
79
145
52
214
189
111
228
82
147
78
146
187
88
89
49
179
190
245
19
158
236
100
108
247
271
199
185
143
117
245
145
265
216
207
260
87
240
206
98
172
168
210
158
109
66
9
28
10
103
148
245
105
134
259
63
194
238
45
12
250
45
263
193
203
31
223
263
205
78
170
88
74
18
174
71
55
122
241
264
136
224
130
190
103
29
235
2
230
103
188
214
245
116
59
35
249
113
73
215
255
58
193
70
116
228
259
14
217
210
152
131
85
266
33
138
121
204
182
16
146
178
168
216
160
76
232
246
127
149
218
80
79
271
171
52
206
145
123
271
67
197
58
260
26
5
104
33
27
249
204
219
83
89
227
208
147
53
264
33
166
198
6
21
1
125
208
110
24
178
111
197
51
142
105
166
167
51
155
174
216
50
68
170
213
241
208
90
32
56
157
73
182
132
134
56
119
173
87
109
106
23
196
195
98
103
32
28
217
230
158
86
132
9
71
261
223
84
170
123
28
90
230
242
67
230
7
37
228
199
173
41
264
236
76
225
88
8
93
98
3
216
76
170
115
261
75
182
220
257
238
17
158
59
169
144
164
210
61
257
63
99
212
155
258
50
150
11
123
139
139
159
158
226
52
163
62
220
241
181
72
171
262
261
11
15
52
243
89
232
72
208
175
2
95
70
262
168
124
136
51
55
132
160
156
154
112
108
45
102
195
199
187
17
80
257
204
199
76
75
58
64
256
135
133
199
151
131
35
177
121
208
146
28
183
86
221
132
207
41
201
65
174
185
169
121
124
57
101
65
84
62
117
223
261
207
80
44
148
114
70
113
236
90
215
98
108
179
43
72
56
6
127
239
58
183
2
