Bin size: 244
Number of elements: 579
132
4
42
119
137
129
184
29
158
172
21
85
49
240
51
76
40
109
122
17
168
115
217
147
239
196
201
205
71
79
236
20
25
98
30
168
171
76
156
225
19
205
130
69
132
213
242
198
244
98
123
95
180
59
164
38
161
79
10
208
107
98
179
18
173
170
66
28
108
232
43
75
227
39
27
152
95
67
226
121
236
237
213
170
46
171
84
138
25
40
235
151
84
98
123
28
225
194
36
27
61
76
201
238
1
139
235
96
148
79
186
114
227
73
60
127
102
111
173
238
60
244
224
165
91
212
65
192
53
142
105
151
125
199
126
103
112
102
129
125
102
229
8
214
200
73
67
180
102
140
164
111
21
126
109
121
122
207
110
39
91
10
179
64
236
192
2
199
68
34
111
112
230
193
113
88
47
209
139
197
85
14
178
10
72
31
75
70
225
222
120
89
41
139
168
171
97
21
110
26
7
37
165
45
228
106
151
178
2
67
207
56
90
140
160
232
14
5
177
7
233
112
136
92
65
138
55
49
147
231
58
102
195
238
200
61
194
186
195
222
169
242
95
64
170
112
117
28
46
103
212
179
37
70
149
28
99
60
33
126
137
25
22
164
112
161
192
64
205
161
47
30
95
132
172
222
231
226
170
223
116
24
146
1
174
86
162
177
193
181
216
231
221
33
94
110
30
96
158
125
195
226
65
84
132
176
117
30
168
143
175
42
70
32
114
193
23
208
76
42
192
101
162
173
147
24
184
35
214
99
182
214
142
115
104
237
159
24
179
67
67
36
145
103
104
230
233
109
221
123
122
6
195
105
169
127
219
89
223
73
186
30
19
243
68
172
225
187
81
162
66
216
219
103
241
99
56
133
238
244
10
21
135
132
116
149
189
108
128
182
184
69
243
129
219
162
105
58
238
13
147
200
86
143
228
138
86
198
223
19
145
165
12
63
110
235
20
119
27
240
36
206
165
27
110
206
144
121
127
192
47
36
102
140
154
83
123
131
104
70
46
135
13
170
196
146
84
25
51
160
84
105
10
166
42
152
95
95
196
202
184
87
55
11
113
242
78
224
71
211
226
167
27
215
239
75
82
218
83
33
160
80
214
113
14
128
166
200
105
178
192
214
12
160
156
91
47
219
156
148
149
147
126
139
43
34
222
13
5
170
126
164
147
43
101
237
200
9
159
123
191
22
10
36
76
191
23
137
30
204
119
46
182
146
6
234
165
24
6
76
223
29
52
19
9
103
189
44
38
148
217
41
178
235
39
24
226
33
177
71
92
66
91
38
121
231
217
82
74
234
29
22
103
217
128
5
99
34
234
