Bin size: 264
Number of elements: 554
43
226
58
201
103
202
44
100
202
195
60
247
12
29
4
105
47
180
44
39
38
102
260
205
176
22
19
36
224
12
10
128
160
91
222
195
57
80
251
137
122
251
188
3
12
89
109
81
154
116
64
86
62
107
43
39
74
216
225
17
62
160
75
113
236
115
66
244
138
80
25
205
233
76
54
252
14
126
81
103
17
73
143
224
54
134
80
41
149
247
73
23
170
24
200
96
43
153
81
255
33
101
1
14
259
258
28
167
45
146
194
94
210
244
53
158
24
74
17
100
106
87
147
118
236
243
2
112
203
199
9
158
243
108
221
171
251
120
150
110
88
22
261
119
258
97
197
13
214
250
100
48
59
164
247
181
258
48
92
249
248
133
31
51
141
219
153
163
242
253
24
87
15
255
193
96
152
9
192
249
246
216
163
53
221
234
100
236
241
167
34
131
167
64
182
158
65
65
90
96
235
104
93
106
104
169
97
98
88
55
163
60
195
264
2
18
130
171
145
54
223
259
58
47
182
210
95
46
41
64
239
126
248
120
79
81
44
120
174
200
8
188
257
68
131
87
92
95
54
25
4
145
107
101
195
32
56
55
127
32
157
124
146
220
177
255
128
64
120
85
157
125
264
217
219
61
6
159
239
221
88
157
185
176
79
61
19
82
51
206
178
12
210
259
25
248
238
132
170
11
84
162
133
7
231
116
92
226
115
4
163
237
102
106
163
89
46
40
24
153
109
99
163
202
210
210
50
139
160
66
145
148
202
76
114
174
159
139
187
87
63
229
135
84
31
174
216
237
189
76
176
243
146
254
11
99
163
192
240
104
34
32
22
81
260
77
199
195
186
200
72
126
153
139
102
53
215
167
159
261
263
212
104
263
158
110
9
150
177
130
137
135
161
28
153
79
222
53
12
112
207
122
259
63
210
162
198
55
239
49
260
145
21
174
159
248
121
149
144
49
114
263
148
93
187
231
109
57
151
29
51
151
74
210
261
85
57
126
264
7
197
139
107
21
233
163
156
99
228
127
44
11
88
250
36
130
134
176
219
198
207
205
205
237
129
38
153
41
52
236
223
23
190
50
184
33
71
139
31
184
128
11
43
258
255
177
128
121
201
98
11
64
181
2
178
97
214
216
84
21
105
264
260
141
142
70
74
13
105
216
39
163
86
190
193
51
122
48
201
217
77
239
148
152
143
81
247
231
69
254
112
206
89
139
15
119
220
237
171
5
88
76
223
246
95
167
145
206
45
140
32
142
192
216
