Bin size: 231
Number of elements: 675
168
79
42
101
213
136
164
106
75
75
79
94
76
27
65
147
146
51
131
16
167
148
214
128
24
84
109
58
11
57
50
102
221
39
73
203
7
83
225
182
182
199
77
70
45
137
111
40
112
109
96
97
150
157
70
150
83
57
165
148
145
161
81
222
174
188
215
59
66
20
32
43
138
182
72
185
48
68
84
141
146
144
156
105
127
209
55
205
55
212
220
129
209
156
51
192
37
113
22
181
53
193
16
83
127
204
69
138
99
118
81
107
9
44
214
229
104
49
198
53
203
64
130
141
227
153
128
55
69
192
21
190
24
111
229
210
141
202
168
70
117
104
74
141
167
127
85
37
21
91
80
136
23
87
178
182
17
210
58
17
86
79
70
189
213
103
217
9
2
99
91
217
177
117
24
129
204
111
200
117
18
228
116
161
141
126
174
21
164
192
231
80
212
8
88
108
170
145
96
122
123
85
160
161
133
179
50
230
68
225
46
59
68
72
123
43
101
172
226
91
54
149
33
196
78
88
144
43
45
145
81
218
29
44
13
217
214
188
198
126
211
62
138
213
138
196
27
214
144
41
179
138
119
61
186
14
146
109
148
179
76
42
60
27
157
178
155
100
72
155
35
188
182
37
122
22
160
178
166
149
45
32
43
227
219
99
55
68
100
102
57
88
132
202
157
200
30
85
104
203
190
34
151
159
43
125
160
117
76
188
29
171
75
36
9
195
148
29
108
27
54
31
141
151
18
23
196
223
178
195
55
147
111
71
16
193
225
46
74
81
162
76
61
95
188
71
71
84
217
45
33
1
214
10
152
50
58
59
151
81
189
39
62
172
199
58
62
116
59
201
161
194
26
143
60
222
175
202
155
172
27
58
152
57
126
110
165
77
122
45
180
140
56
31
204
36
219
30
118
130
55
122
212
8
207
122
168
99
118
39
85
131
88
185
120
23
63
222
96
199
99
218
39
158
192
82
113
57
50
96
223
177
93
218
217
202
134
57
80
96
202
153
66
102
17
151
226
47
166
220
194
99
194
150
158
198
118
115
179
133
1
96
97
69
197
108
191
124
69
97
151
41
127
79
63
201
39
127
202
53
91
167
215
202
130
178
11
221
214
178
40
201
23
6
69
127
223
22
67
220
105
104
24
228
191
72
176
86
230
16
178
183
117
129
28
218
19
129
6
193
58
150
129
64
142
180
208
34
61
174
110
153
150
22
85
164
123
155
135
197
49
171
75
142
219
37
59
51
148
169
193
20
62
202
53
204
14
18
204
57
133
196
221
194
189
67
209
150
53
141
12
58
6
110
205
210
128
79
165
73
115
106
200
1
158
157
27
101
167
168
5
13
88
16
9
149
158
52
172
153
155
179
73
92
161
41
90
17
143
215
196
72
113
123
132
192
164
63
52
88
57
163
42
144
110
100
59
174
91
155
130
111
108
203
215
34
55
149
106
130
152
220
136
103
186
197
155
45
199
136
86
19
119
40
135
198
195
133
40
44
102
132
227
72
17
128
162
173
92
164
179
15
93
12
87
