Bin size: 227
Number of elements: 687
147
25
223
186
218
42
115
28
6
195
16
81
169
72
157
50
157
156
22
159
175
224
219
52
175
131
131
134
151
178
118
121
95
103
188
134
35
189
195
118
37
102
96
128
172
46
35
142
36
74
2
45
185
105
139
4
38
123
191
35
160
211
71
88
72
145
142
128
92
98
55
198
191
201
103
193
200
146
111
32
107
91
17
43
190
75
189
15
26
32
156
12
204
8
43
134
222
115
216
144
48
11
149
158
79
103
13
26
8
169
23
129
131
78
204
20
197
122
119
83
25
214
171
128
15
27
160
44
112
68
10
90
24
151
179
42
169
85
5
15
210
54
189
187
128
160
111
22
217
123
126
191
39
105
203
143
182
164
151
87
192
149
86
202
153
213
140
64
96
84
159
117
17
191
151
124
57
64
2
23
64
48
115
117
110
190
213
78
146
88
216
52
148
198
121
141
179
58
74
218
191
111
208
223
33
194
145
220
5
111
165
182
118
1
157
214
68
177
170
139
119
86
133
147
19
90
66
191
21
223
96
175
129
32
32
118
114
226
20
5
209
226
60
28
110
81
91
201
18
170
115
31
97
146
12
150
30
132
222
11
174
9
28
149
129
103
205
177
225
111
13
155
221
133
17
188
217
77
99
51
206
91
58
139
76
6
201
198
4
154
21
172
111
145
223
223
159
179
101
80
5
98
1
138
179
68
34
100
188
133
190
30
27
64
153
40
93
173
106
44
213
23
31
118
161
80
181
191
115
135
149
80
196
85
172
222
88
181
6
81
109
95
209
115
50
169
31
26
92
41
24
193
3
210
163
44
29
86
162
138
55
100
50
53
43
37
159
137
67
227
223
62
84
66
118
147
7
37
1
187
87
152
85
136
115
141
209
103
98
16
141
163
32
82
11
198
206
8
50
71
199
214
124
178
208
92
113
34
18
81
32
226
135
208
149
50
63
18
202
126
70
164
181
168
213
86
208
205
42
222
93
120
207
210
45
71
142
150
115
26
57
62
166
22
162
78
222
57
112
193
157
82
152
140
178
148
146
81
95
66
178
70
1
32
102
196
83
52
101
178
1
123
159
215
69
12
51
197
21
220
138
144
93
137
35
62
114
91
134
10
21
37
136
118
134
144
203
215
144
56
87
167
112
6
222
152
5
47
28
192
176
146
125
13
116
89
196
4
154
159
151
88
196
201
105
87
8
95
75
109
56
18
89
87
13
149
105
99
52
122
195
66
95
224
47
148
99
226
84
167
98
17
199
21
158
91
48
64
46
106
25
7
182
68
106
90
20
49
223
142
55
20
109
81
190
212
27
25
104
194
213
209
42
35
23
104
117
180
224
186
200
34
159
182
61
117
6
95
74
132
162
217
87
158
23
14
79
134
101
181
176
188
9
217
183
53
27
94
82
28
179
149
227
84
175
58
41
168
119
102
22
92
81
149
62
209
126
51
20
110
42
111
201
170
19
144
218
13
201
192
186
119
62
135
11
206
116
223
28
11
73
119
187
9
116
207
84
64
80
166
134
12
144
86
35
34
93
216
176
200
14
36
152
113
190
217
181
