Bin size: 246
Number of elements: 576
124
56
176
233
179
170
205
27
118
140
84
139
87
189
145
223
118
97
40
246
153
192
94
239
160
86
88
33
108
43
75
150
176
242
208
82
88
136
46
110
12
10
16
141
90
165
177
86
195
6
24
161
74
245
244
106
196
159
204
140
185
130
71
100
58
5
40
119
117
209
67
213
40
162
136
244
164
164
242
56
96
159
79
132
158
68
49
104
105
147
141
41
190
177
29
142
98
54
164
7
166
131
110
58
32
146
124
72
13
95
68
228
215
129
38
84
173
12
94
21
71
134
141
120
130
98
206
151
181
107
89
133
144
115
13
157
235
82
228
232
136
179
150
58
165
206
108
81
27
27
138
37
181
150
100
181
24
112
9
202
198
103
207
203
125
97
68
50
173
160
72
187
150
210
130
58
240
173
57
184
191
170
92
226
54
191
131
64
216
36
95
85
57
241
30
119
56
29
65
48
37
205
228
134
113
113
197
111
230
119
187
126
217
193
79
111
9
63
196
68
30
118
116
110
12
102
173
180
29
236
121
85
155
41
156
230
201
69
80
64
22
74
157
35
23
175
59
11
87
19
49
215
178
211
198
5
56
35
226
107
121
110
86
110
45
158
151
131
188
209
75
128
15
213
77
228
5
232
13
234
106
236
224
63
59
233
35
93
129
159
122
104
48
66
7
47
228
238
142
65
225
124
168
122
121
118
186
94
231
44
181
77
35
97
134
58
47
202
5
64
127
154
99
11
108
111
151
59
166
188
41
4
199
159
196
242
58
83
108
220
192
161
143
101
175
246
164
240
140
83
141
30
231
103
224
242
223
207
111
143
202
14
139
117
146
61
80
179
194
22
129
170
79
178
159
22
179
35
139
242
157
192
135
163
55
164
231
73
24
186
188
28
111
1
103
69
225
155
107
16
243
145
80
244
166
167
128
121
94
190
66
86
238
182
159
142
84
53
153
178
227
240
123
117
183
215
236
86
18
106
53
202
230
239
2
111
2
201
72
6
242
129
200
61
171
59
5
150
206
73
34
63
132
221
111
31
141
65
98
134
108
224
89
113
51
227
134
208
122
188
197
136
172
20
184
166
20
33
31
197
40
232
198
228
111
6
150
171
98
145
141
123
26
105
19
119
67
55
226
241
138
13
24
213
138
189
227
110
69
181
177
7
57
156
96
216
212
151
193
142
93
197
207
189
194
51
65
24
47
136
140
223
82
228
50
98
172
103
118
108
91
169
47
192
59
58
170
162
63
164
111
183
188
92
51
41
1
88
229
19
136
122
31
77
90
105
20
49
217
111
36
17
158
28
25
42
