Bin size: 165
Number of elements: 676
51
24
53
77
6
64
118
108
87
70
126
49
66
54
4
23
71
64
128
91
46
135
62
99
138
159
75
58
23
139
62
115
139
12
104
31
128
112
40
2
147
88
22
104
12
121
84
55
56
102
94
53
7
85
108
132
16
162
115
162
133
120
22
131
35
157
155
89
87
99
32
142
81
76
88
113
89
137
66
11
77
27
59
65
13
123
130
66
60
61
83
51
72
93
163
60
144
156
19
160
65
159
141
111
141
54
164
32
43
32
62
128
48
35
8
50
150
84
147
108
22
105
103
141
103
108
153
7
138
78
35
7
100
118
23
15
114
104
17
6
82
81
35
6
61
62
164
145
46
39
116
83
24
100
108
115
59
75
15
64
131
8
9
53
121
12
112
92
23
105
106
103
92
26
165
124
109
98
113
31
73
2
136
62
129
151
127
2
64
59
13
39
97
58
2
74
21
143
27
38
33
7
73
98
50
51
78
92
4
61
106
128
128
12
28
27
101
130
120
140
145
124
74
39
134
95
13
79
102
25
150
7
82
139
81
112
152
153
118
92
8
35
106
20
91
86
113
78
51
5
17
28
49
50
86
108
130
161
28
83
77
16
119
25
43
80
53
144
153
46
3
38
10
57
22
61
9
55
50
22
116
53
130
19
84
90
60
78
113
118
110
75
91
7
160
82
87
42
103
142
66
93
11
102
71
108
148
45
145
96
26
154
26
119
120
94
33
101
17
111
157
159
40
38
134
150
151
120
103
155
18
107
88
148
50
130
17
149
1
77
81
154
7
109
27
74
154
148
83
56
71
134
164
30
150
6
158
129
52
51
151
111
104
81
61
67
98
82
68
27
162
144
13
59
21
48
32
143
114
3
144
89
60
139
11
123
54
161
69
129
40
145
127
20
89
6
132
119
24
23
15
91
42
77
98
24
153
91
133
129
13
110
35
93
52
25
73
123
56
144
85
27
32
152
128
143
54
121
141
99
102
155
93
27
132
38
16
21
81
103
1
157
118
152
46
12
51
148
141
13
133
69
152
116
67
96
40
4
80
81
28
146
91
63
85
45
20
61
52
24
147
30
135
137
122
1
52
18
92
94
21
127
107
76
62
45
75
141
147
26
100
99
131
106
1
150
107
133
63
130
77
137
150
101
30
103
7
50
148
65
33
131
18
92
26
105
99
118
14
151
145
69
126
143
25
103
77
140
122
5
144
133
54
88
5
88
3
87
130
106
20
142
56
67
136
120
88
31
84
161
49
126
164
152
24
4
55
150
161
101
153
83
112
22
94
100
103
91
99
40
25
139
156
77
54
123
149
29
118
15
109
70
116
15
24
68
147
67
96
138
93
21
41
50
99
13
50
141
69
40
25
126
46
78
140
38
44
40
41
124
70
62
155
83
13
70
13
21
41
139
12
29
142
86
74
73
58
7
153
51
34
66
114
62
96
150
116
87
132
38
154
137
77
118
84
91
39
79
62
159
147
135
151
93
5
14
160
101
161
33
30
27
137
96
25
153
31
99
150
110
24
163
63
25
49
49
