Bin size: 125
Number of elements: 667
41
125
59
93
124
29
87
38
37
44
85
59
3
117
74
105
47
20
118
71
107
75
10
75
74
16
42
89
10
30
9
3
38
110
64
73
77
27
15
36
62
49
108
17
97
123
88
3
111
16
43
68
27
80
29
122
53
2
79
76
67
54
76
79
27
84
82
71
82
114
83
93
33
76
3
63
53
42
100
31
41
22
78
106
3
65
80
11
102
70
55
95
6
38
62
100
78
22
72
26
53
34
124
123
27
13
96
19
68
48
17
1
57
61
1
20
23
90
83
62
110
13
3
31
25
54
63
62
63
53
102
113
122
74
77
53
43
114
49
66
21
86
72
15
32
51
49
92
29
88
85
72
82
105
50
31
92
24
57
32
45
65
117
52
57
109
97
7
82
107
70
56
95
45
4
33
11
41
71
124
103
46
8
16
105
98
14
83
77
43
96
107
70
86
100
67
88
43
67
22
8
89
27
106
44
88
17
95
24
108
83
43
58
96
56
24
104
3
34
123
39
93
34
25
109
71
29
8
17
47
27
46
64
66
89
104
124
20
25
81
43
42
109
33
61
12
26
25
125
29
107
58
45
51
37
61
42
100
101
121
104
66
119
90
52
32
33
112
49
47
47
114
107
48
54
75
39
107
30
34
24
46
25
59
16
95
119
84
39
99
121
109
114
108
79
41
30
79
70
53
109
88
17
13
93
120
105
19
114
43
116
111
61
89
104
16
117
24
90
6
105
101
48
89
16
73
122
122
56
37
86
63
67
94
114
5
24
58
40
62
68
45
55
83
30
13
58
25
33
101
29
32
25
31
64
90
94
107
118
20
75
16
38
110
83
45
9
115
34
23
67
5
95
22
22
64
41
49
34
30
46
55
48
47
91
28
60
72
83
106
42
38
96
114
2
29
52
89
11
73
111
125
73
48
78
94
70
122
85
30
59
117
7
121
74
47
117
44
18
113
90
18
87
26
21
22
9
86
93
92
124
5
121
36
24
104
22
20
4
103
3
9
6
100
88
99
51
95
99
101
59
115
45
34
51
102
8
39
28
73
71
96
5
36
116
14
24
32
27
43
34
113
116
43
105
124
78
81
37
64
43
82
12
54
60
71
12
22
111
117
117
59
24
55
84
39
49
81
31
22
33
6
93
33
7
1
96
63
68
77
90
28
63
46
24
122
64
32
30
82
82
69
93
45
121
103
88
54
13
111
101
5
96
8
53
59
85
36
50
64
54
46
54
69
23
82
69
38
103
97
6
54
74
43
118
32
33
108
90
98
24
65
45
102
82
81
97
33
56
81
93
2
69
94
7
104
71
65
119
9
38
49
74
31
3
47
60
110
71
122
105
19
70
21
106
104
125
32
9
42
50
8
30
93
96
63
113
4
90
69
89
99
28
2
22
40
66
111
17
91
121
124
73
123
79
99
56
101
6
66
102
64
31
60
9
31
6
39
3
115
51
60
73
124
45
36
120
78
40
121
112
35
100
34
13
87
38
46
62
29
55
57
68
7
110
72
88
