Bin size: 131
Number of elements: 555
117
28
74
98
49
26
70
40
87
83
115
5
31
26
46
30
20
35
4
82
17
3
70
41
110
60
57
71
75
92
11
9
95
7
93
127
130
125
51
45
5
60
71
79
46
64
123
88
76
57
118
94
126
103
25
82
102
67
41
130
78
25
62
1
103
13
13
1
71
78
121
50
59
76
117
3
54
5
115
24
116
120
108
64
79
14
46
48
128
90
21
33
112
109
37
58
12
69
42
74
42
63
120
43
94
44
74
39
1
80
47
38
124
104
93
121
75
131
26
130
123
4
96
33
107
70
103
52
102
63
14
122
44
21
62
130
55
39
28
24
27
42
2
92
74
100
22
48
81
88
106
37
92
98
122
31
120
119
108
33
90
127
71
6
48
121
32
67
63
89
107
112
83
105
32
34
9
18
111
93
117
33
67
115
77
96
23
72
111
66
31
113
21
116
64
115
40
98
114
126
14
2
21
108
124
90
99
19
42
3
131
120
57
109
61
3
22
46
6
89
14
58
71
111
13
57
38
8
101
50
100
35
108
2
78
20
55
36
44
44
111
108
41
95
116
87
72
79
72
64
24
75
97
24
106
29
34
87
95
92
119
97
5
44
120
103
9
107
113
60
118
40
36
126
124
87
56
96
59
52
109
105
51
24
50
80
116
20
108
43
24
70
65
69
100
60
130
25
44
54
106
123
105
128
4
106
117
32
3
56
129
80
114
36
3
31
67
44
97
16
26
131
21
34
38
14
58
124
117
68
69
10
111
85
44
122
34
126
71
66
112
79
98
83
33
130
86
42
3
37
26
23
8
52
114
20
77
81
94
131
103
54
114
88
42
57
73
112
2
86
61
92
7
106
124
4
73
24
122
20
124
62
105
75
89
128
38
124
10
51
49
116
69
131
93
22
29
131
38
33
88
70
72
39
85
102
65
113
112
63
92
20
65
12
131
71
61
104
35
119
124
68
72
43
41
41
99
47
41
15
61
53
80
77
34
28
104
27
49
21
54
61
55
28
45
108
75
59
102
75
5
31
22
103
30
15
67
122
79
101
73
2
82
70
24
49
31
42
26
96
32
92
95
62
101
101
20
53
36
4
127
11
114
85
17
97
123
2
105
121
65
106
98
17
94
43
110
67
17
19
115
25
35
5
99
74
72
11
44
56
99
7
92
94
6
29
62
17
101
121
70
126
42
31
57
129
18
75
77
48
84
114
14
15
33
98
52
115
105
106
10
54
96
13
68
41
3
74
17
62
75
30
46
99
115
