Bin size: 117
Number of elements: 697
95
23
91
70
105
88
88
13
90
73
39
40
117
105
20
51
6
61
73
23
8
28
116
106
71
40
104
29
43
36
100
39
10
92
83
87
93
22
43
59
109
68
95
69
69
57
103
112
95
94
87
40
83
81
103
18
61
70
76
54
18
25
66
91
91
105
88
77
82
64
14
22
84
63
20
65
6
43
73
43
102
83
23
6
33
43
79
100
109
101
15
1
116
31
24
53
87
36
44
25
88
29
108
87
8
30
46
98
67
86
63
86
40
5
63
70
67
40
71
14
36
75
16
64
6
36
75
113
18
100
21
26
72
99
99
100
101
89
53
39
15
18
76
90
63
30
15
54
69
116
105
31
14
95
113
48
28
23
28
82
89
86
94
8
47
48
39
63
77
76
103
1
114
108
76
11
25
106
25
22
73
55
9
13
88
11
7
52
105
40
91
17
29
4
21
79
108
9
82
68
82
85
59
101
59
84
108
88
21
35
31
43
73
42
78
70
74
96
102
13
80
48
69
72
115
58
113
77
18
102
100
32
21
95
53
23
25
56
103
5
12
48
65
117
87
75
113
71
68
100
5
106
89
46
4
12
110
72
28
91
108
90
32
43
83
104
52
9
117
62
57
53
64
5
113
4
30
103
24
6
54
101
90
110
20
93
14
53
103
103
55
72
109
6
32
32
13
50
37
14
85
114
4
2
37
30
11
18
69
81
104
25
4
91
50
94
59
27
55
88
91
37
85
57
111
98
55
64
45
117
87
52
112
39
31
93
2
2
68
103
82
48
50
40
13
61
60
83
98
10
56
113
65
37
12
78
29
106
59
67
113
14
36
110
3
48
67
76
98
15
78
94
76
5
112
55
104
116
89
99
96
73
83
103
113
73
53
87
47
95
7
65
29
44
86
87
35
52
73
33
76
43
6
25
55
59
58
60
72
33
59
116
20
19
73
21
95
80
37
45
20
20
9
83
36
86
46
117
84
57
16
60
36
111
109
102
29
117
33
70
54
18
44
47
29
73
52
110
45
14
19
24
93
25
26
85
108
24
15
99
67
3
106
92
25
16
45
7
54
90
44
78
73
94
16
107
3
36
43
22
17
67
93
115
48
76
79
59
94
74
23
76
62
104
14
113
13
22
104
105
69
117
61
34
83
89
103
34
24
98
114
99
78
84
12
9
92
85
6
8
14
96
68
60
111
42
107
39
23
62
25
105
111
7
35
92
44
25
45
105
75
59
105
105
95
67
114
11
37
62
81
97
28
108
60
117
41
67
19
104
44
16
52
90
93
106
49
59
23
46
87
60
2
82
87
86
23
116
62
101
22
67
12
3
82
114
25
16
32
17
59
100
103
27
39
55
76
95
44
57
91
44
35
57
83
85
34
100
99
62
67
65
108
71
86
49
63
94
106
81
28
5
81
55
2
21
104
61
107
35
35
28
17
2
89
10
114
91
103
87
17
49
31
20
2
85
108
34
81
12
14
68
11
89
9
117
36
76
23
65
84
38
8
98
46
22
67
13
41
24
10
2
7
103
14
21
115
73
19
72
97
94
20
83
58
75
53
1
88
7
57
14
115
87
77
35
58
