Bin size: 204
Number of elements: 646
135
83
151
150
106
180
184
81
90
61
92
158
203
175
114
136
168
182
12
23
101
190
21
54
128
184
156
147
198
52
51
97
195
86
34
82
9
54
179
192
130
184
202
142
108
82
52
57
12
164
187
180
157
12
8
176
48
97
189
142
157
84
133
106
67
33
183
154
86
12
172
26
204
23
88
137
84
146
124
80
51
36
32
72
98
63
144
62
138
75
187
6
42
60
99
200
61
74
130
196
98
2
158
1
76
165
163
186
60
68
201
73
164
186
157
153
117
14
158
132
34
164
83
180
23
151
170
32
80
105
159
58
180
157
140
195
117
121
165
83
58
29
117
23
122
158
41
30
15
29
154
138
81
25
16
146
7
146
182
16
21
128
5
28
140
96
56
4
92
35
111
107
113
101
10
7
16
60
25
124
152
91
155
67
139
54
87
8
195
112
170
109
34
58
56
75
19
108
172
96
33
183
90
182
29
120
125
28
128
189
92
136
201
188
117
87
87
99
174
74
51
94
189
67
7
187
153
169
96
148
95
131
155
136
92
99
13
18
36
83
40
92
116
193
197
154
187
120
160
66
200
96
186
58
174
166
126
68
82
34
132
102
82
4
200
197
104
1
130
1
175
98
34
132
180
22
9
159
2
100
119
168
45
179
202
100
72
129
60
101
105
174
86
105
157
114
64
54
42
96
17
168
145
108
94
38
111
6
82
40
68
53
110
204
122
118
66
86
7
154
26
115
124
105
70
99
89
52
59
115
155
19
71
179
143
80
188
160
98
43
196
101
142
46
133
116
166
6
99
163
104
152
80
37
117
91
148
46
44
203
9
55
41
79
39
199
186
199
189
129
128
92
103
134
104
175
182
184
120
79
3
100
150
53
58
202
10
89
192
201
53
128
27
59
166
107
110
54
12
181
51
6
98
160
22
115
70
195
31
54
41
202
175
97
123
170
191
87
10
164
188
199
150
58
116
73
173
192
9
79
40
68
39
61
164
130
157
149
140
26
83
55
70
19
21
26
166
181
134
152
175
142
195
44
149
197
30
130
90
42
194
168
141
54
191
193
141
53
65
42
3
97
30
121
33
175
186
142
198
201
84
62
34
129
141
121
88
76
200
118
172
26
34
108
93
154
36
16
157
81
112
157
15
115
15
199
124
118
155
15
187
78
119
22
91
62
89
31
107
198
66
204
170
23
121
169
89
135
199
7
153
42
132
79
85
124
2
82
201
36
182
160
75
153
196
117
119
129
133
141
177
71
127
88
91
161
148
105
66
100
183
64
37
90
164
180
38
193
18
121
158
192
2
49
151
46
196
115
157
12
154
112
83
156
166
145
182
172
101
49
109
115
73
147
88
176
32
180
34
148
39
149
148
101
56
48
55
135
32
139
128
18
24
138
70
203
181
173
158
30
67
27
92
82
53
161
198
188
183
203
14
178
126
83
30
10
100
145
70
30
203
163
124
19
75
197
