Bin size: 125
Number of elements: 666
104
26
45
79
90
105
85
65
90
103
92
99
112
80
45
79
107
80
41
35
58
20
33
68
16
102
105
2
33
101
23
30
45
77
30
25
98
90
37
52
51
35
123
51
115
42
44
122
70
24
100
79
26
79
38
93
22
37
18
91
96
36
60
108
1
5
90
14
52
5
107
124
92
37
88
88
61
102
21
41
58
118
65
44
69
68
114
113
38
17
40
53
3
85
47
101
52
61
65
23
17
109
46
38
111
69
11
17
11
34
30
109
70
58
45
54
18
52
41
97
63
72
75
17
124
91
119
73
106
54
81
111
96
3
75
94
21
53
35
16
51
74
121
48
69
1
23
21
40
87
111
53
22
37
80
72
69
75
45
27
109
42
40
92
103
63
34
9
20
74
104
71
35
117
61
24
74
25
108
89
90
52
41
33
58
18
10
87
74
81
91
52
31
53
17
117
32
44
66
55
31
102
56
57
2
72
84
57
43
108
74
101
8
16
43
47
113
11
56
72
54
46
32
115
13
84
65
39
43
83
74
124
38
7
124
117
103
6
52
83
31
24
53
108
32
5
58
11
27
49
29
56
49
81
83
15
41
10
46
51
116
110
100
54
83
94
87
56
76
56
20
40
7
13
10
24
82
59
12
91
52
10
35
11
88
27
99
116
27
20
123
116
98
42
91
123
47
52
80
29
123
10
80
1
75
115
123
68
84
59
109
90
21
75
46
46
80
50
64
110
53
91
30
45
50
6
87
74
77
56
66
2
58
34
112
73
108
24
73
110
70
97
27
110
46
104
11
15
110
9
109
66
9
112
4
114
103
93
55
42
57
28
79
123
3
64
70
87
29
110
109
51
62
118
22
120
125
26
120
24
15
112
59
6
22
38
113
75
114
22
12
13
101
47
5
1
103
97
46
64
2
91
25
104
109
97
64
61
26
28
97
103
122
102
14
13
38
85
2
88
96
79
48
68
82
52
19
9
27
17
115
90
33
108
38
113
111
1
2
95
84
12
28
23
12
95
87
122
63
70
36
49
47
93
7
28
64
64
52
1
124
77
88
97
99
92
81
24
42
23
13
27
23
89
91
32
67
78
44
115
50
40
104
77
76
65
80
9
21
73
34
57
110
37
42
49
53
26
116
11
86
106
77
120
62
108
75
111
50
63
105
97
84
52
80
37
44
81
41
7
76
77
57
9
39
83
17
35
72
120
110
12
49
120
116
70
52
79
43
21
86
22
25
109
82
112
58
82
2
2
31
14
35
30
54
125
51
27
102
16
1
13
43
44
55
68
33
14
19
17
40
121
57
102
75
12
39
23
5
117
17
64
108
42
70
68
19
69
28
39
70
109
110
13
69
52
24
76
34
69
112
56
71
100
19
124
69
36
37
6
60
31
49
9
91
50
54
17
2
29
36
32
35
24
124
109
83
31
53
41
109
28
86
100
116
114
36
108
28
111
56
110
120
95
94
119
48
30
64
61
20
109
37
87
11
27
46
21
73
69
82
54
39
79
64
7
