Bin size: 102
Number of elements: 580
56
74
22
98
66
79
2
26
94
66
74
30
10
52
14
61
97
13
93
43
61
71
85
59
101
18
31
26
85
20
22
55
68
47
26
53
56
25
75
102
13
42
36
8
59
13
74
78
41
41
64
42
3
20
101
77
4
9
93
73
97
16
9
41
33
76
61
17
91
91
62
94
94
9
98
34
25
14
57
96
70
2
38
76
36
74
70
33
95
17
36
15
77
50
44
5
43
36
24
88
95
84
72
50
95
15
85
43
53
43
73
65
8
23
44
20
98
91
58
93
81
24
92
100
77
24
46
66
67
39
99
42
11
24
49
48
89
82
73
94
50
39
51
9
81
65
92
57
35
86
63
21
5
23
80
82
6
62
6
72
87
90
47
32
97
83
73
9
99
24
84
6
78
84
51
101
40
96
78
57
5
72
27
28
87
40
27
92
35
6
5
85
51
69
35
87
9
34
81
35
53
97
6
39
68
17
83
44
52
90
19
16
92
40
72
1
92
92
6
3
18
61
52
90
61
48
73
52
68
59
17
75
84
46
62
65
63
92
68
9
77
46
14
100
49
57
57
97
36
61
96
52
50
36
49
25
66
18
86
53
88
43
4
11
26
17
62
102
79
25
15
72
89
40
15
11
82
92
66
30
13
1
70
49
41
38
89
45
2
55
6
79
78
23
43
81
66
59
20
50
98
10
30
80
23
91
43
102
29
63
18
12
41
68
15
48
21
71
65
94
48
97
2
92
45
47
29
2
94
65
80
61
80
24
32
55
43
60
16
81
99
18
3
97
31
64
64
19
70
70
17
22
99
57
11
64
29
62
8
56
96
43
55
25
5
74
20
10
31
74
10
75
1
32
42
52
96
23
61
59
60
58
100
19
76
62
14
43
60
23
45
57
63
7
14
100
41
66
49
97
6
70
37
97
33
28
66
74
65
16
49
10
44
25
65
64
59
4
31
33
43
38
22
81
31
90
84
34
25
102
27
71
73
71
55
43
62
36
37
1
44
73
87
32
54
38
88
14
39
35
40
5
67
25
63
97
41
79
60
56
89
95
55
94
79
78
99
22
52
59
77
76
83
35
82
63
26
68
2
15
102
63
21
38
35
101
75
33
25
96
78
49
88
11
71
48
17
96
34
97
15
80
26
11
72
44
58
37
58
47
75
26
26
99
28
74
31
93
30
72
17
71
74
80
76
50
34
90
45
77
50
60
75
83
35
4
75
31
42
12
80
55
87
86
26
5
79
8
95
78
60
51
97
73
92
31
91
21
30
6
16
98
52
37
63
3
71
53
72
57
77
19
63
18
55
87
97
96
80
102
