Bin size: 251
Number of elements: 592
65
34
156
249
223
68
86
46
52
209
30
83
227
4
248
225
33
196
10
128
114
108
178
193
172
219
106
93
135
168
177
18
65
126
226
33
112
141
28
152
143
102
45
154
216
87
18
247
131
227
48
3
128
14
203
218
106
5
19
35
115
5
196
73
176
26
56
102
110
85
134
101
185
225
248
249
206
80
188
59
120
35
228
229
35
38
151
84
222
60
112
247
69
99
127
92
112
129
150
226
170
13
179
5
68
17
238
221
70
57
130
209
133
88
238
158
235
178
225
194
51
218
132
145
143
246
224
175
110
174
77
147
90
108
27
240
1
164
16
173
159
212
2
220
143
107
36
116
77
108
5
209
212
220
247
24
11
224
139
26
215
85
9
91
122
99
111
199
193
188
159
230
40
102
117
120
35
197
164
177
3
186
227
89
120
104
1
108
157
68
76
18
120
130
76
72
135
49
231
124
82
130
59
114
68
201
126
27
234
29
127
16
247
18
96
201
5
160
93
157
206
157
13
53
87
136
25
27
99
208
163
235
145
28
237
42
246
11
24
53
142
92
98
66
88
96
192
229
246
185
205
143
84
102
231
2
164
16
205
251
129
166
87
176
10
213
202
180
162
247
215
9
147
248
170
236
188
234
161
158
8
69
156
239
233
214
155
192
221
114
95
148
87
90
62
30
129
166
138
154
239
69
127
192
189
109
178
194
217
81
240
61
216
177
115
115
132
20
18
218
48
107
168
54
5
2
81
141
15
187
140
143
40
143
162
214
136
226
81
219
60
184
79
209
52
55
120
50
145
101
77
60
16
227
45
105
62
134
176
244
52
132
24
9
143
251
187
156
232
77
160
105
77
123
136
227
60
190
168
109
170
236
139
19
51
34
231
182
129
85
93
166
99
203
191
15
67
221
102
33
91
142
23
132
177
203
128
84
23
89
110
126
102
112
163
205
167
13
144
158
121
55
24
86
169
58
59
79
29
168
212
66
26
13
180
99
202
209
48
128
183
169
115
3
115
98
162
96
64
228
227
222
173
121
158
111
169
235
55
117
245
47
167
24
168
88
170
174
131
228
244
190
251
204
195
76
248
75
173
162
41
32
104
245
113
97
35
151
201
126
169
176
53
15
211
120
162
65
10
44
93
25
54
251
245
93
35
35
61
86
37
41
218
110
64
229
9
190
224
127
174
28
71
147
101
117
247
228
172
7
207
148
185
244
22
172
134
186
149
160
99
43
248
36
66
58
96
51
25
226
52
227
230
2
45
25
86
14
208
158
195
213
69
200
115
154
150
235
44
169
86
123
167
4
103
172
16
46
239
38
88
189
158
225
234
39
227
251
70
51
248
241
