Bin size: 114
Number of elements: 507
42
36
104
4
42
11
80
88
77
58
92
13
79
29
76
109
69
39
51
68
4
91
7
82
78
36
106
1
106
19
106
47
41
20
93
56
80
81
45
35
3
83
106
12
43
103
111
74
71
17
42
47
76
70
87
110
68
2
70
6
21
71
53
15
34
32
82
25
93
8
35
65
109
2
101
40
81
55
55
91
96
95
11
51
57
58
73
109
35
114
64
86
77
72
54
15
81
93
106
88
17
39
64
70
56
92
97
97
54
67
100
51
109
86
22
95
36
68
82
92
44
61
95
43
4
27
107
13
71
50
17
13
62
63
79
104
36
41
46
76
91
22
21
112
34
112
82
18
64
98
111
18
108
113
39
95
34
100
2
83
48
91
35
91
41
79
38
68
13
37
101
15
93
92
3
49
91
108
29
90
66
44
15
57
19
66
37
3
77
82
44
114
100
41
78
45
92
9
2
107
29
79
14
47
68
98
2
110
22
47
10
50
15
97
67
93
8
36
15
63
74
13
90
113
63
51
24
26
69
102
42
8
74
98
31
26
38
39
54
86
55
69
80
114
9
20
86
44
60
34
34
59
25
51
95
79
36
64
10
31
90
8
47
111
106
114
5
99
83
86
39
108
70
77
55
69
47
62
55
107
56
24
89
83
54
10
12
27
23
107
72
44
98
37
31
79
92
81
5
55
81
21
46
111
54
43
80
108
56
65
97
110
67
2
59
3
45
83
49
30
52
37
43
84
14
63
114
95
82
95
54
61
37
88
76
14
5
113
84
96
53
92
19
39
94
114
23
109
102
96
51
71
107
7
45
59
35
42
81
28
86
73
2
70
106
35
15
32
102
58
57
10
12
48
22
21
70
110
34
72
14
60
53
31
70
46
104
99
48
112
110
7
83
14
3
47
67
21
74
114
100
7
28
55
79
17
79
106
7
88
42
101
112
55
53
49
49
4
17
13
99
28
43
102
74
78
99
111
87
56
19
89
7
67
48
23
39
63
16
80
53
7
63
73
113
35
51
2
46
103
44
15
92
1
60
32
35
108
75
28
30
50
16
73
111
92
2
35
46
49
82
106
11
27
43
61
30
114
114
36
105
30
43
18
85
82
6
56
22
103
13
92
40
4
26
95
1
39
104
72
31
66
69
20
22
84
92
