Bin size: 256
Number of elements: 526
54
252
5
120
87
224
105
249
3
173
207
177
243
221
47
229
170
83
108
111
242
136
25
102
221
41
197
20
6
67
65
238
43
244
177
212
57
172
108
188
60
114
67
40
227
78
235
10
130
227
253
178
227
154
47
32
132
29
32
150
77
211
110
156
30
8
128
194
38
214
216
77
88
129
151
154
214
233
65
119
191
235
197
254
95
248
64
88
73
3
230
179
153
231
29
72
67
176
188
138
240
235
33
216
211
229
211
228
101
5
14
172
252
215
218
104
218
22
224
14
61
21
153
2
224
39
21
118
49
63
248
134
144
221
33
113
205
125
200
149
41
55
204
175
38
224
71
147
127
4
158
47
208
84
127
206
110
180
150
185
76
211
254
46
217
121
207
39
9
242
153
5
252
210
217
49
1
16
33
221
8
246
216
195
233
161
67
82
76
195
193
248
112
116
256
95
111
16
59
86
42
239
116
175
128
163
5
239
255
136
211
200
208
24
218
95
67
12
214
50
228
123
65
236
225
128
6
236
250
106
192
60
45
148
148
206
225
243
81
83
63
8
174
165
40
151
47
218
11
114
143
52
230
22
54
233
116
74
162
96
153
240
127
198
36
47
131
52
217
195
2
87
230
182
191
127
234
243
62
62
186
80
139
61
106
59
87
218
251
10
220
14
152
27
28
166
56
48
153
101
247
75
223
169
162
33
217
67
80
141
33
249
54
217
77
137
85
160
95
134
245
250
101
88
99
38
172
163
222
98
189
246
33
181
194
10
122
138
230
44
6
114
187
81
37
75
160
40
255
231
183
19
118
195
8
61
187
248
248
47
90
94
101
30
89
34
89
243
219
104
124
109
127
110
22
22
149
138
179
180
21
188
87
197
84
29
88
31
42
82
239
52
119
70
211
153
194
225
50
119
227
50
168
28
138
87
244
148
204
240
127
79
192
50
246
4
152
187
161
208
184
66
94
42
130
180
157
190
225
243
5
99
235
96
1
89
37
156
173
195
113
105
99
219
4
102
108
158
35
112
24
220
222
204
236
105
139
248
100
217
38
196
57
163
90
182
248
188
143
18
67
189
220
196
5
117
108
87
96
68
158
145
77
17
186
220
79
186
223
138
219
200
172
47
171
227
168
199
101
254
164
5
192
112
187
77
116
50
230
7
43
84
169
161
216
76
132
113
198
42
196
191
5
210
64
183
