Bin size: 297
Number of elements: 536
78
94
79
173
123
253
222
285
40
199
32
230
42
285
297
168
191
110
110
124
94
38
241
208
190
102
261
238
113
231
296
86
202
89
123
96
147
202
209
40
35
269
62
146
195
80
277
125
142
129
83
92
260
125
78
97
75
278
241
154
193
231
286
110
111
21
268
155
34
293
7
125
294
43
98
9
180
130
265
157
94
7
67
201
176
113
258
293
191
279
226
51
25
131
124
77
244
108
73
228
23
294
283
221
236
137
74
24
186
258
235
138
286
249
194
155
160
111
92
46
148
159
211
276
257
174
159
100
259
151
170
34
186
113
210
118
64
23
241
129
145
215
162
205
85
11
271
184
87
30
61
66
32
129
237
118
197
58
68
134
193
62
235
220
33
31
279
59
14
53
196
214
103
236
25
231
66
33
171
83
215
154
196
238
284
244
50
136
3
114
80
83
217
158
5
253
282
120
128
277
271
295
68
102
79
176
187
271
22
8
288
113
23
291
35
81
164
162
29
103
273
191
209
282
158
56
70
243
235
33
15
11
71
32
287
211
277
207
62
188
11
179
291
190
83
199
128
179
160
170
102
1
229
90
142
271
289
4
72
173
290
53
285
153
139
12
248
204
206
110
122
248
294
44
26
42
148
81
54
114
10
203
222
194
127
78
100
17
116
225
236
93
62
145
20
39
161
20
11
93
231
119
124
295
152
101
206
32
287
258
84
46
65
121
35
190
183
291
286
23
203
20
16
88
151
259
218
248
179
82
2
225
242
63
78
200
53
109
188
274
9
34
232
282
59
70
95
151
166
201
109
27
217
225
73
23
115
122
215
133
289
272
187
160
173
61
103
78
25
91
297
121
143
194
284
33
22
16
192
109
247
250
158
152
14
97
175
264
88
290
120
175
113
279
224
292
1
112
62
290
188
223
55
104
31
230
189
97
91
251
125
131
154
279
91
46
204
207
137
78
93
3
64
254
123
251
269
278
118
47
161
25
169
212
49
80
147
102
234
285
89
188
258
275
165
116
161
187
117
72
248
286
21
174
106
74
78
219
83
214
293
155
135
126
75
220
20
132
39
283
99
173
77
205
63
25
113
241
146
275
7
9
278
33
286
199
223
259
195
193
289
106
190
100
295
36
57
90
284
59
201
101
73
237
78
284
15
166
238
141
129
93
59
102
53
177
168
204
73
251
36
37
141
6
261
288
270
179
249
129
261
120
163
17
257
85
