Bin size: 211
Number of elements: 686
51
96
89
11
139
158
179
12
166
76
188
196
80
118
62
116
100
32
125
188
85
64
101
121
102
52
191
130
108
39
24
179
189
195
39
108
127
168
94
162
107
75
10
21
90
129
49
159
62
134
104
146
17
88
98
185
172
65
152
186
161
69
177
94
44
21
183
146
95
62
69
101
125
196
208
96
113
28
59
64
204
79
211
151
130
126
197
142
1
37
113
156
192
206
72
24
60
98
158
92
2
44
207
93
171
164
126
166
206
127
123
140
206
9
41
8
205
105
210
136
50
27
37
62
192
122
21
62
37
129
49
61
180
141
9
40
151
184
41
82
24
27
77
172
140
138
78
37
64
56
160
184
189
153
2
38
163
77
112
76
158
53
20
113
47
45
14
74
112
6
171
137
77
65
159
136
43
144
87
53
201
209
48
167
128
105
79
56
128
67
209
24
167
101
207
101
27
81
118
146
74
155
158
194
75
68
180
115
174
98
86
82
151
74
99
74
109
194
54
133
198
89
197
109
72
58
31
207
160
101
49
98
110
53
88
120
88
68
24
67
61
177
111
81
69
115
209
99
180
127
47
167
65
29
90
154
67
67
93
52
24
137
116
199
70
192
70
76
51
3
186
59
131
9
25
127
55
100
84
155
145
159
126
34
13
29
174
71
75
197
119
177
184
31
104
50
194
149
102
9
181
114
56
139
20
179
21
28
147
34
64
65
2
184
188
161
94
63
158
178
192
92
116
207
113
194
124
79
90
30
177
37
169
120
43
40
94
201
118
44
170
85
96
33
207
150
106
49
192
197
62
94
131
121
110
15
173
78
35
127
91
59
39
52
123
141
170
4
75
132
136
179
53
153
35
94
105
104
131
208
146
59
105
5
189
73
141
103
58
91
193
199
127
20
36
210
78
196
203
173
38
125
139
164
198
114
196
56
208
69
88
157
134
46
6
81
165
1
105
124
37
178
132
8
129
6
128
7
200
166
28
35
196
39
93
122
10
119
73
117
87
202
102
45
53
60
40
163
12
65
71
4
138
151
49
35
66
179
5
139
189
36
103
33
101
154
205
20
55
105
54
59
129
145
106
14
12
187
18
131
122
12
10
52
18
68
18
124
30
149
103
208
12
178
43
64
17
40
56
19
63
199
31
188
167
126
38
37
29
168
24
114
191
179
13
68
151
31
101
24
167
98
137
52
43
4
15
135
12
11
98
37
140
124
170
210
74
208
92
12
203
186
142
123
26
20
123
195
117
38
85
188
24
62
10
91
5
46
68
24
166
99
46
195
136
130
42
64
191
19
172
131
97
20
23
158
204
62
23
137
105
98
128
104
65
102
139
21
58
81
155
42
201
141
64
68
128
81
138
173
121
7
40
22
73
150
199
150
37
115
34
111
154
191
177
44
66
113
154
103
57
50
199
166
209
118
102
83
94
74
49
59
113
4
143
70
146
169
70
179
16
66
58
170
71
65
80
134
102
101
167
183
114
188
8
62
177
139
133
28
86
51
82
175
168
170
172
33
156
207
162
99
94
93
54
1
41
142
176
98
104
98
1
21
170
149
