Bin size: 180
Number of elements: 658
46
158
55
135
47
70
71
45
52
70
90
115
24
90
119
168
43
50
33
61
60
124
124
28
20
9
118
43
65
53
134
103
44
111
6
27
66
75
78
164
140
44
97
77
155
174
72
95
134
94
123
59
120
165
169
19
92
132
167
105
119
38
12
95
3
50
82
38
15
21
10
58
162
160
32
20
90
156
81
8
119
152
27
8
134
180
176
99
52
81
161
159
78
119
10
13
7
78
89
62
137
141
113
77
64
13
51
107
146
170
106
165
13
30
103
65
91
52
26
120
62
36
136
91
174
150
119
80
4
50
124
34
162
1
179
52
77
132
42
6
44
55
66
68
113
73
49
177
48
62
26
15
142
12
128
130
139
132
40
11
31
81
33
151
31
101
150
151
144
158
89
25
97
67
166
48
170
84
7
140
157
168
87
144
161
52
126
16
49
45
84
84
118
29
180
63
128
96
28
167
109
142
83
136
100
13
21
24
37
81
92
74
21
54
25
61
45
96
62
30
142
85
131
98
71
99
100
84
111
127
23
106
139
74
95
113
68
54
160
102
9
30
150
39
69
122
87
24
45
80
27
77
136
49
82
176
8
47
80
115
143
35
21
103
100
4
77
91
118
109
157
140
129
150
97
55
103
8
82
30
129
75
173
80
35
19
164
177
44
58
77
43
166
59
179
16
66
27
143
72
38
25
40
82
68
8
124
170
42
21
177
163
164
117
121
59
77
20
38
41
22
41
129
12
141
144
119
158
149
134
2
31
156
151
142
150
144
8
49
28
180
115
117
76
118
80
29
70
10
72
89
18
9
56
88
18
137
3
157
80
18
104
50
61
97
161
74
5
39
28
153
112
39
155
114
144
149
128
94
17
28
119
84
19
116
59
117
86
117
138
48
110
77
165
168
18
109
79
102
117
77
95
76
135
158
57
156
141
1
146
92
40
142
172
17
116
1
58
152
135
121
14
121
51
173
82
10
121
85
87
41
109
39
22
108
16
136
148
83
122
77
98
40
57
123
143
113
165
41
130
134
65
138
68
117
81
150
79
49
151
79
22
173
37
167
165
178
167
150
134
70
91
34
85
15
61
41
86
143
32
28
124
97
72
21
153
56
91
81
21
153
133
142
177
52
91
72
75
147
29
169
91
68
70
117
79
6
114
122
113
56
31
67
132
130
107
167
15
58
131
12
71
3
171
22
166
56
157
6
63
151
73
121
61
24
40
28
70
178
14
114
10
112
154
83
99
18
100
85
173
44
15
106
134
98
139
173
172
100
151
38
119
85
68
99
53
129
98
173
67
96
96
136
144
156
65
90
26
9
47
66
138
13
42
120
67
105
142
107
85
15
35
161
132
34
92
75
91
42
129
76
154
161
92
132
82
24
37
147
28
10
145
18
111
3
150
174
116
131
122
31
122
157
53
95
157
31
147
19
126
137
53
75
46
23
22
92
137
166
135
177
85
82
72
148
7
99
2
139
132
64
48
9
51
71
122
24
5
