Bin size: 128
Number of elements: 630
62
44
102
45
8
88
40
117
35
34
19
96
19
64
45
48
23
18
96
69
88
78
7
112
115
70
77
101
99
41
48
57
128
6
75
124
8
100
79
10
91
116
66
34
76
38
37
39
44
108
52
24
6
29
117
3
44
123
25
37
51
128
14
67
23
93
9
53
63
124
48
25
91
102
8
97
5
32
26
58
80
112
92
74
5
93
68
90
5
5
111
63
85
107
87
66
69
19
109
72
3
109
35
36
10
38
93
90
52
98
90
1
75
54
48
10
125
128
39
6
21
66
50
58
110
67
19
122
35
8
35
102
30
14
25
82
43
86
42
66
113
107
28
79
56
126
27
17
17
8
84
13
41
46
12
32
44
54
60
124
92
113
102
30
39
85
56
19
85
98
62
106
15
35
90
100
66
11
94
85
72
41
46
28
78
67
124
60
122
115
45
102
118
66
85
34
117
5
14
106
21
119
113
10
95
17
85
51
10
38
115
93
17
13
9
98
122
7
127
109
71
115
53
60
75
62
103
39
57
8
112
76
31
27
92
41
12
61
52
83
39
56
19
42
107
57
18
126
88
45
98
38
121
104
67
106
24
39
1
100
50
95
105
41
45
99
55
41
26
38
69
11
72
17
90
83
41
14
93
25
49
98
39
128
122
71
58
95
48
14
38
55
1
50
92
18
122
75
84
107
5
95
89
127
120
62
9
44
90
106
7
28
117
46
22
121
101
111
93
74
77
64
78
97
36
8
52
122
88
44
59
31
124
73
74
1
125
14
109
30
79
112
1
128
105
2
104
75
86
123
100
117
4
86
91
109
8
25
65
30
110
84
103
39
66
114
26
118
95
48
96
20
63
106
119
71
109
88
18
98
87
39
40
72
86
99
43
44
65
62
46
10
17
61
35
35
42
8
45
107
5
115
114
14
17
71
90
16
103
126
49
124
109
95
117
96
97
72
78
90
95
9
26
62
60
101
5
25
56
126
51
62
121
33
38
84
61
69
5
76
79
127
26
92
72
105
121
78
52
27
86
92
104
117
80
115
45
68
7
63
93
65
30
109
76
3
94
66
88
49
7
20
89
39
1
37
17
47
87
119
66
61
82
37
102
55
30
126
31
98
75
102
84
18
74
128
22
125
88
62
53
74
14
30
59
40
71
84
88
43
82
13
113
8
92
49
39
56
80
90
33
16
109
125
36
8
57
27
24
79
87
71
44
66
103
81
29
104
103
89
31
115
35
46
78
25
80
46
11
33
67
72
20
64
10
65
58
35
117
39
127
116
103
38
5
104
48
123
31
98
1
79
15
100
102
34
95
70
32
53
127
17
36
24
66
122
82
3
41
12
15
33
71
32
59
63
120
98
26
36
4
48
9
86
62
105
40
55
21
42
70
50
16
115
66
10
28
114
76
16
10
112
62
7
60
94
59
5
86
25
