Bin size: 161
Number of elements: 502
49
160
22
99
140
149
12
124
44
159
68
115
154
72
14
133
130
46
66
2
149
117
156
116
53
56
141
23
147
11
39
159
141
27
17
97
64
40
76
33
141
10
56
89
14
152
106
88
127
115
100
102
147
113
103
49
22
120
45
53
141
159
129
148
150
61
100
57
132
153
136
40
98
8
60
10
62
139
40
19
144
154
5
151
114
67
115
57
46
157
33
91
105
48
135
139
161
58
78
118
82
133
99
73
97
33
95
80
107
72
107
71
112
100
109
61
82
67
37
47
61
157
20
14
97
1
54
124
48
123
32
44
153
2
108
64
85
154
62
71
134
70
12
30
106
136
46
136
92
89
112
148
124
113
60
157
27
138
27
76
26
144
4
33
112
77
74
153
11
22
96
63
142
19
25
96
107
15
78
110
48
96
55
129
25
85
63
132
158
85
66
105
119
110
49
101
93
126
58
126
109
90
143
82
31
110
80
93
137
47
37
21
91
22
97
148
78
143
36
102
46
12
138
5
146
143
7
7
29
8
44
25
91
123
62
113
7
119
47
6
105
25
82
143
54
108
129
87
8
31
47
6
94
100
131
134
75
91
114
12
86
43
77
144
150
13
89
145
60
22
37
71
13
126
50
160
75
3
31
63
137
160
64
107
84
46
23
77
91
131
52
71
17
118
117
113
80
142
55
99
134
8
108
107
53
80
123
148
131
149
21
4
36
62
159
137
11
60
90
91
60
116
125
35
156
138
99
104
31
24
91
120
7
47
9
9
87
154
106
152
91
152
94
74
115
107
103
90
142
131
24
5
4
94
64
48
52
18
26
152
30
34
84
98
19
136
93
126
141
77
12
123
132
89
136
17
30
36
138
87
157
138
30
105
128
64
124
22
21
54
110
153
22
132
146
38
72
113
15
61
135
104
59
57
70
87
84
138
30
118
7
123
100
4
26
113
84
88
132
120
26
31
140
75
104
66
147
153
117
150
48
100
125
25
57
10
18
105
120
84
94
84
128
12
78
40
10
153
48
130
19
146
22
150
27
34
6
101
104
20
31
156
18
90
121
145
123
159
117
66
108
71
64
42
60
24
7
58
149
135
64
86
76
111
36
67
60
101
56
21
117
41
34
35
61
142
89
54
148
93
148
48
