Bin size: 179
Number of elements: 534
174
150
87
114
38
138
112
166
83
28
127
27
134
60
82
156
96
108
37
46
178
144
138
85
4
6
125
92
167
19
157
135
52
100
54
107
48
67
163
115
164
159
144
62
26
131
128
16
3
9
122
1
117
128
167
46
107
104
131
140
125
100
57
148
111
91
123
29
177
141
124
30
119
124
27
99
33
132
14
169
70
56
119
23
85
7
167
47
23
113
148
11
32
36
86
97
68
42
132
86
7
133
106
127
3
89
29
135
73
104
132
64
75
157
47
13
78
104
160
172
165
48
126
61
168
91
86
59
45
119
92
155
115
145
131
163
154
125
14
70
155
151
178
99
53
157
2
69
174
117
166
152
11
107
159
134
1
52
102
48
100
39
12
43
83
55
135
102
19
148
6
57
14
171
65
53
23
72
6
48
2
25
54
48
170
106
173
123
167
51
64
81
155
50
126
140
137
93
26
107
63
100
72
14
40
168
161
78
119
2
78
68
47
148
151
88
23
34
176
33
27
10
49
120
155
141
84
158
147
20
133
36
149
167
62
61
113
76
153
117
56
95
163
155
127
167
109
8
55
113
30
92
98
19
59
47
88
34
166
51
95
148
99
67
105
141
114
123
83
160
85
90
66
11
114
122
72
172
143
53
126
9
154
8
57
47
8
51
50
106
29
95
63
77
137
102
159
93
132
98
125
30
25
113
92
53
74
22
87
130
166
49
104
59
131
61
6
53
131
159
177
26
7
111
77
157
11
118
166
5
22
86
62
34
124
63
100
4
10
113
84
125
42
135
8
37
36
99
177
145
167
173
85
128
127
169
1
140
28
27
135
171
152
111
158
179
11
67
79
164
178
149
132
99
61
105
21
104
28
2
139
62
28
8
145
143
67
80
14
15
102
115
78
23
66
80
177
176
15
147
79
103
35
151
64
176
32
49
7
27
158
12
28
138
156
78
114
119
52
11
48
178
122
88
92
55
109
132
90
71
117
93
130
144
50
148
11
135
28
143
144
40
51
44
17
161
126
106
143
140
6
65
179
32
4
148
118
25
51
148
112
17
4
87
8
24
160
138
100
8
100
127
179
150
53
101
27
70
171
142
38
79
178
93
160
37
143
125
112
68
87
16
70
98
80
130
132
110
66
97
7
177
38
79
150
16
108
31
3
149
52
3
172
127
28
77
72
41
126
102
74
65
87
117
70
13
1
40
178
150
105
36
170
87
