Bin size: 277
Number of elements: 576
222
102
199
175
272
128
277
240
93
48
254
216
157
69
162
168
10
178
179
108
15
43
48
90
274
48
96
9
193
152
191
250
14
149
117
240
245
110
61
118
255
205
141
130
241
265
95
128
85
26
190
228
127
93
249
274
161
247
56
109
79
114
222
250
170
69
107
122
138
224
228
137
218
266
222
271
235
258
121
87
88
139
240
16
170
67
27
90
94
134
135
71
220
81
173
80
131
44
108
153
140
60
148
203
217
249
61
276
160
175
125
272
98
169
177
229
187
64
277
24
240
160
250
263
152
134
216
179
259
58
197
262
52
50
90
233
33
177
81
273
260
224
44
51
207
53
13
104
271
273
92
219
34
33
35
161
163
107
23
57
179
51
243
248
48
262
127
17
258
258
268
63
275
62
27
26
3
213
169
161
267
75
131
98
38
44
75
52
34
96
75
155
230
166
193
128
139
85
218
267
33
39
53
38
149
160
127
58
57
170
133
83
92
264
244
3
258
248
162
54
74
199
277
173
217
217
143
270
243
211
84
131
104
102
210
225
273
196
50
116
157
265
231
4
121
70
217
122
196
265
115
20
275
53
24
232
181
67
204
213
63
244
259
38
146
250
100
231
122
14
85
93
108
131
137
189
267
68
20
52
83
264
109
77
103
100
268
179
115
68
162
56
129
262
164
181
22
241
261
92
12
87
170
250
39
1
234
236
226
178
138
83
235
69
253
124
6
151
128
55
34
194
36
242
148
230
131
178
13
41
74
81
159
122
127
60
235
149
263
14
81
213
24
63
207
8
226
222
232
237
205
86
118
67
151
36
188
39
164
187
277
149
207
28
80
221
246
171
198
122
269
106
132
237
224
271
229
156
98
233
268
147
158
188
87
161
174
222
275
164
169
151
108
46
144
100
6
175
2
8
2
258
218
113
251
143
141
142
221
211
108
78
4
136
219
94
28
34
156
57
50
182
234
219
29
47
218
259
145
207
159
148
47
222
248
70
131
147
18
108
258
265
236
61
145
48
17
110
197
221
263
104
169
116
166
131
80
164
107
75
17
132
246
63
58
112
153
274
161
234
231
189
4
262
123
160
193
162
230
265
38
51
14
157
160
205
191
56
113
155
172
259
71
234
240
81
87
244
46
66
156
228
83
28
142
79
164
217
98
181
162
99
64
236
89
276
239
174
72
112
153
192
94
121
53
16
120
95
205
174
259
16
89
213
5
117
10
229
179
190
45
213
91
176
188
267
50
230
132
239
226
236
3
213
74
75
204
42
30
277
254
10
205
10
70
186
213
31
1
140
97
207
30
172
90
60
