Bin size: 299
Number of elements: 580
179
177
91
31
124
282
266
57
231
63
169
17
66
216
53
296
91
86
230
6
10
273
279
139
74
167
138
142
282
67
95
69
157
146
234
266
194
269
142
87
248
170
104
293
94
156
69
26
211
153
85
56
229
66
295
95
96
278
143
9
226
26
273
101
189
133
99
101
10
220
256
70
275
91
152
145
116
98
203
255
275
272
163
35
295
152
253
118
3
262
79
12
181
13
152
99
60
145
102
65
180
49
131
231
258
216
158
18
219
249
150
168
141
54
107
142
48
147
171
201
234
164
88
96
72
298
5
218
55
157
208
77
283
230
72
218
65
77
17
47
7
123
258
73
140
229
111
153
70
87
144
212
85
262
177
162
76
254
57
182
28
192
161
288
37
188
69
173
73
96
219
164
88
88
140
249
181
84
290
298
199
38
172
110
128
158
202
221
53
222
33
259
41
197
86
201
246
30
259
91
25
124
80
288
48
281
62
174
131
59
131
125
216
82
66
230
209
55
237
17
249
182
277
232
174
274
279
262
230
277
270
145
64
148
238
287
91
201
1
215
260
221
103
123
5
81
23
160
219
293
109
224
281
270
259
222
123
99
162
233
122
166
134
192
41
173
136
17
57
177
278
104
277
25
59
135
88
112
83
72
43
82
209
131
288
193
136
108
59
205
10
34
240
216
81
249
100
182
66
31
20
210
178
184
228
230
101
238
145
76
258
41
174
185
288
181
67
202
9
202
72
56
65
60
244
83
107
150
138
166
299
269
48
92
223
31
273
110
33
197
293
286
139
38
19
299
114
104
72
50
138
219
282
79
17
80
150
78
212
167
236
236
286
28
55
193
43
152
243
125
68
201
52
31
67
293
162
95
213
115
102
120
53
103
135
181
58
4
239
72
122
225
270
202
34
85
13
238
201
158
163
175
137
164
80
105
294
240
216
38
283
88
152
234
111
41
163
137
219
123
127
264
274
70
195
134
52
122
246
240
215
8
257
28
146
12
86
26
215
228
43
185
83
9
146
31
156
245
225
56
73
234
13
237
190
125
103
96
186
109
6
24
234
134
125
118
32
36
118
118
62
14
147
256
93
196
42
17
37
217
225
20
20
32
208
172
213
24
56
250
16
266
2
15
106
137
96
28
171
124
125
72
292
30
51
81
157
109
11
4
203
176
1
97
243
175
131
55
26
207
295
144
226
207
231
10
6
260
255
35
87
269
189
285
138
22
39
112
294
213
97
7
286
175
186
132
42
136
86
144
242
6
31
165
167
242
265
114
249
235
148
41
207
252
246
269
138
167
279
230
90
40
243
30
137
178
154
211
239
15
