Bin size: 198
Number of elements: 658
198
132
6
43
186
57
107
121
41
28
115
76
174
60
173
114
114
155
41
6
73
163
139
54
157
81
162
189
161
164
89
56
59
56
148
198
130
29
42
12
56
148
71
48
42
59
168
97
8
161
41
19
56
148
77
78
135
61
67
181
137
75
64
146
44
71
57
4
175
9
125
103
123
68
182
59
42
84
136
125
57
102
40
131
143
123
57
25
14
194
89
23
67
41
107
148
161
154
149
41
181
120
66
125
188
35
109
10
104
17
111
97
147
80
114
61
175
142
79
149
22
107
130
135
176
13
64
87
44
47
15
177
114
95
112
148
39
79
95
47
2
53
50
128
125
31
111
7
188
17
100
180
175
130
189
145
44
65
15
86
34
99
20
83
41
82
88
153
3
185
13
184
174
33
76
31
122
6
98
186
50
145
84
107
16
101
35
126
38
143
148
78
139
189
3
172
191
107
78
47
122
105
51
178
197
10
176
40
123
96
61
27
130
14
117
19
187
4
111
96
16
69
86
148
35
76
190
36
67
192
157
125
161
30
54
48
96
79
145
195
1
24
61
185
43
119
162
197
85
64
110
164
61
180
45
148
102
196
180
77
185
114
178
194
66
104
112
44
109
53
179
171
175
163
38
51
16
169
67
64
132
94
180
131
80
44
63
139
138
137
163
43
93
17
198
133
70
6
3
74
117
184
128
146
152
35
53
61
125
112
21
158
121
85
195
133
40
193
71
103
98
129
2
168
18
74
169
107
68
152
71
177
100
146
181
139
86
23
1
101
176
29
68
188
194
54
65
139
63
143
9
91
91
11
154
193
170
8
66
37
17
178
178
44
60
50
22
186
8
165
152
132
31
66
60
119
89
130
97
101
169
25
197
30
38
27
61
22
107
40
67
114
197
52
91
180
182
124
17
168
97
185
166
75
184
30
64
111
15
111
20
143
72
95
164
171
158
95
157
25
129
116
193
167
134
42
111
147
64
43
64
88
9
169
132
146
7
18
28
112
191
44
39
22
13
86
104
4
134
106
160
11
135
162
193
78
144
137
176
16
168
95
90
197
43
100
75
45
8
112
76
100
42
78
154
9
58
4
8
191
93
80
194
27
134
1
65
42
158
121
191
97
152
14
191
184
168
39
107
181
176
113
80
172
19
155
125
47
45
175
27
194
65
175
163
20
193
104
49
91
177
82
23
114
28
50
36
189
103
151
33
168
162
127
57
88
97
156
83
144
166
155
102
110
80
143
180
149
45
22
55
58
183
187
131
26
181
98
98
92
29
3
194
152
97
9
33
55
108
91
194
25
22
74
25
178
117
35
46
145
142
34
151
187
102
103
71
90
44
70
166
34
167
72
180
195
81
39
148
171
125
145
180
20
98
32
162
139
102
157
169
115
163
63
95
10
14
58
19
197
3
122
84
1
12
144
172
118
108
75
21
125
100
173
76
16
125
157
31
33
154
84
155
8
167
44
109
47
14
166
168
38
171
129
139
51
183
140
