Bin size: 174
Number of elements: 510
94
103
138
156
118
130
142
119
98
30
127
131
116
129
135
6
144
174
36
88
39
129
69
18
34
117
129
144
146
20
50
147
110
100
171
47
27
26
72
81
47
174
163
32
44
8
12
89
73
126
36
86
34
43
121
142
123
162
92
27
28
62
5
163
150
165
22
22
123
13
12
36
120
65
101
11
4
168
154
107
55
74
49
8
35
159
46
27
149
103
118
29
150
101
117
48
152
171
144
122
120
47
20
108
76
165
9
32
122
4
138
43
110
140
105
115
54
131
112
159
131
133
124
162
87
145
38
25
107
85
71
90
124
75
80
37
114
123
173
114
28
83
46
42
144
164
2
118
137
18
4
173
64
46
24
72
5
144
77
23
2
97
63
97
18
4
49
174
41
138
53
25
83
44
168
27
93
40
100
102
124
99
16
43
155
106
99
146
168
167
52
5
161
116
10
121
114
62
10
80
57
112
72
60
35
4
57
51
108
92
78
100
144
44
28
101
64
39
23
54
137
98
109
168
54
158
120
68
99
158
134
129
15
55
138
129
158
113
57
170
88
100
161
59
105
27
87
46
100
164
17
120
102
70
10
146
120
100
86
105
119
156
70
25
119
16
129
103
164
133
92
14
125
112
137
27
106
157
172
94
24
126
133
122
174
80
31
163
140
161
34
170
164
14
116
140
97
61
63
31
88
119
71
137
125
85
152
25
17
117
163
79
159
111
110
52
59
161
169
147
103
39
121
47
22
152
2
120
155
112
151
51
154
94
152
108
165
82
159
152
150
73
38
161
109
12
132
54
1
80
82
105
58
8
12
9
140
106
142
136
70
14
15
174
3
113
13
128
27
1
105
23
54
49
107
20
126
39
73
45
30
123
123
18
24
141
125
106
98
30
161
96
55
156
38
102
44
30
78
72
167
37
162
2
143
54
76
172
89
148
172
93
111
7
149
125
101
98
151
23
82
133
60
116
105
56
149
148
73
167
4
151
114
144
133
30
59
70
69
28
93
33
19
124
8
104
119
42
119
4
41
30
141
3
42
167
94
120
45
101
9
127
167
41
48
66
118
76
39
86
119
172
34
42
5
37
42
88
33
173
15
153
1
47
7
51
33
112
66
137
149
50
170
72
60
153
160
103
4
103
57
2
62
154
110
40
54
25
167
73
