Bin size: 256
Number of elements: 590
137
31
127
146
30
63
173
125
154
192
104
51
102
76
180
84
200
34
144
168
224
78
205
95
161
117
70
117
132
39
4
200
221
5
25
75
174
165
180
9
38
18
34
226
221
227
90
209
84
120
221
90
53
134
189
56
70
78
196
173
19
10
229
245
216
195
67
47
78
158
113
178
160
227
170
67
233
75
48
182
92
26
55
164
80
75
40
124
79
127
110
244
106
234
91
245
244
84
58
124
31
76
254
138
192
73
171
56
13
221
242
24
217
94
55
174
146
108
169
123
254
122
218
29
110
24
217
110
14
19
135
13
152
152
157
198
218
129
166
76
11
143
216
86
56
213
180
212
171
229
22
251
135
64
53
57
133
101
50
169
22
129
118
144
7
12
112
116
25
207
247
237
243
208
231
224
41
51
96
238
48
209
94
15
111
93
94
243
184
41
256
126
256
84
208
235
64
224
122
110
5
149
27
234
101
176
125
60
177
127
147
225
119
154
169
43
47
31
77
48
34
131
87
116
246
186
198
244
158
80
220
153
62
173
48
53
31
64
29
78
122
119
103
106
171
113
171
125
16
21
187
237
147
221
172
44
198
237
44
87
52
43
74
81
130
5
191
224
191
49
123
220
97
62
6
50
38
250
75
128
81
194
255
94
123
171
4
4
146
243
234
201
74
168
207
38
229
121
187
86
208
188
197
86
74
68
68
23
13
64
120
213
129
160
58
73
19
114
93
256
193
177
178
118
21
116
198
209
91
236
200
225
17
193
55
222
46
113
110
187
33
236
70
89
36
83
179
169
193
5
95
238
50
47
244
171
171
12
23
104
114
164
189
101
253
42
224
136
105
146
98
85
220
175
79
123
147
40
132
138
199
13
70
206
166
37
16
203
64
71
178
214
81
225
108
92
147
140
177
231
81
255
226
190
202
251
73
208
23
204
121
37
35
198
11
118
119
199
207
120
156
44
76
146
256
189
164
22
94
11
202
209
254
134
39
189
29
243
231
235
81
73
50
66
190
3
214
124
131
202
16
3
212
6
92
147
222
64
117
59
190
124
4
99
97
153
184
152
139
155
244
119
212
61
144
212
211
114
167
87
96
180
197
27
65
177
85
136
107
190
179
129
113
197
192
73
145
179
124
226
95
79
171
134
8
87
78
217
148
29
66
203
202
99
33
185
186
51
39
78
64
111
190
180
89
132
242
71
90
7
14
136
217
113
92
43
74
17
239
117
22
44
93
138
83
216
12
81
12
135
244
165
85
77
130
234
133
235
107
250
17
102
84
30
193
93
63
82
77
170
221
85
117
229
9
30
86
64
220
63
176
183
20
41
128
41
193
12
124
232
