Bin size: 275
Number of elements: 582
173
118
85
124
70
167
162
227
197
100
222
77
70
263
108
16
38
69
75
124
213
42
81
142
53
12
153
148
208
140
109
175
239
256
56
95
270
90
11
218
8
243
114
37
40
251
137
75
125
138
157
109
83
48
79
251
132
213
32
103
170
141
22
162
22
162
203
193
112
270
71
49
188
37
47
232
220
269
154
195
28
124
19
66
164
238
110
215
78
232
205
90
47
86
208
145
228
242
204
220
112
84
208
176
128
56
148
237
15
9
91
71
256
106
224
75
13
39
167
209
249
137
38
118
164
21
227
198
11
61
268
235
32
132
9
163
35
162
92
208
89
239
222
244
1
197
151
163
19
18
209
245
210
29
249
207
193
29
164
52
79
112
56
228
8
162
251
158
68
185
108
22
69
196
32
16
14
143
248
9
89
117
18
26
108
204
90
99
190
134
90
66
103
68
149
132
96
90
48
225
105
122
122
134
170
268
201
99
41
93
236
97
52
151
229
243
192
14
100
161
59
267
147
63
36
141
5
187
153
254
108
26
115
132
69
28
138
74
235
116
179
55
124
184
131
103
120
83
126
98
258
138
172
24
150
162
135
21
111
260
79
99
19
218
58
48
5
37
187
182
33
13
110
255
197
32
112
213
160
47
22
274
120
186
150
155
76
29
220
92
85
74
111
219
266
73
127
60
5
208
81
51
138
174
38
183
249
221
228
37
209
144
162
257
136
44
168
255
81
119
105
243
134
46
97
79
206
114
229
88
134
58
206
162
133
221
58
187
257
268
187
45
3
91
242
171
272
201
146
113
32
245
94
114
119
270
206
196
225
141
93
52
212
51
241
99
136
85
141
107
22
126
197
264
242
124
65
22
89
108
100
18
206
127
177
247
57
119
64
271
120
87
263
207
196
118
93
268
158
51
179
181
260
89
133
97
188
237
16
76
260
29
12
47
136
23
115
272
140
119
151
134
23
104
143
180
80
170
79
114
80
43
115
96
184
230
144
127
267
28
242
193
26
217
44
232
271
46
143
189
3
39
251
212
18
181
225
265
144
131
74
249
256
72
122
24
98
173
235
140
75
273
167
66
230
156
2
258
138
100
98
72
258
73
160
140
104
91
1
42
163
40
105
264
247
215
44
90
221
32
192
251
20
166
9
75
91
70
233
46
139
168
255
115
248
169
198
189
225
249
54
92
68
221
189
165
111
102
271
170
122
58
117
162
18
123
158
4
90
28
123
138
121
106
46
192
264
252
130
13
92
145
100
204
123
143
238
244
108
125
206
46
154
60
220
145
171
266
79
37
263
216
241
216
213
64
134
44
266
237
91
216
