Bin size: 145
Number of elements: 601
124
68
103
17
110
112
128
115
11
25
55
53
89
65
29
14
131
11
70
38
134
47
95
63
104
86
106
116
107
65
49
111
113
129
136
49
52
104
108
27
90
120
131
141
19
128
81
80
133
55
66
128
81
47
5
3
39
143
138
72
45
112
47
50
48
20
145
74
101
101
106
20
21
142
17
140
96
26
96
70
118
145
89
3
60
51
98
78
104
115
138
28
23
110
19
10
133
94
40
139
87
32
11
19
76
68
2
38
33
17
75
16
22
17
84
28
70
12
35
10
100
49
100
116
44
75
104
6
8
113
114
1
107
84
118
92
89
120
83
139
76
50
56
28
73
31
101
30
134
52
134
44
6
85
143
108
13
136
114
75
117
87
132
100
126
99
122
57
44
28
9
6
111
34
52
50
15
143
128
8
66
28
89
130
145
19
136
127
14
101
74
52
76
145
57
102
48
25
21
129
114
61
83
70
104
14
23
85
95
80
111
137
143
137
41
13
89
66
86
84
53
84
66
100
114
138
82
90
117
111
51
11
14
72
119
64
4
83
37
23
63
134
2
101
69
122
93
83
51
62
124
27
114
145
117
126
95
21
123
55
46
127
66
59
129
19
31
123
112
44
24
80
92
96
140
39
8
100
1
88
7
14
98
95
121
116
118
89
16
112
67
137
68
64
128
8
68
100
16
21
44
122
6
123
141
123
69
93
64
124
65
57
10
95
70
63
71
42
73
72
116
88
62
47
139
8
104
59
14
39
59
47
39
119
75
36
75
41
7
127
73
68
29
99
99
105
121
89
60
77
89
82
144
46
117
105
48
41
34
116
68
22
46
28
140
53
109
130
114
132
24
69
29
138
41
98
107
127
51
52
59
127
119
43
116
10
25
11
140
44
98
79
82
53
58
133
126
111
116
132
15
79
133
137
95
101
56
13
83
51
130
75
13
112
27
117
94
42
51
98
50
106
34
20
92
92
133
110
69
55
21
106
27
113
128
94
82
9
8
82
25
16
140
78
123
116
123
32
1
118
60
32
78
107
53
110
69
66
44
21
50
118
84
90
142
33
26
128
120
90
3
39
81
8
60
92
144
134
1
60
48
18
132
138
138
56
40
4
3
77
5
132
61
46
35
76
112
135
129
33
54
86
130
112
70
82
48
21
35
15
11
131
46
144
49
25
53
38
99
144
8
52
91
122
88
68
139
12
75
10
92
17
52
90
4
22
43
37
36
34
55
3
28
5
50
39
131
134
19
43
124
54
40
21
139
61
80
11
123
140
66
133
64
101
69
102
95
55
17
140
76
108
29
22
131
64
29
135
70
140
103
127
126
4
86
137
118
131
107
51
15
61
135
4
122
129
93
67
46
134
37
