Bin size: 204
Number of elements: 698
134
104
100
181
85
14
161
54
109
94
170
57
44
179
29
90
201
152
178
121
97
137
143
157
121
3
42
179
102
28
82
168
193
76
91
93
43
126
11
4
112
87
16
140
91
84
158
5
21
174
164
57
101
68
121
117
24
90
163
78
1
108
157
173
178
166
105
136
73
9
114
184
17
94
197
196
5
140
113
160
185
141
127
72
141
23
158
64
23
126
81
147
200
56
28
144
100
77
53
9
31
105
5
101
186
17
108
20
29
18
7
87
111
65
183
60
146
174
33
53
36
19
134
154
143
71
194
144
135
121
152
194
100
114
94
184
179
39
117
90
70
19
194
28
156
93
151
118
32
119
152
155
72
43
16
35
146
84
132
96
156
176
141
99
128
55
159
85
143
99
177
31
81
2
183
168
169
97
11
147
85
163
75
10
9
149
62
7
158
133
98
64
140
125
168
132
34
145
151
96
4
44
117
187
72
191
62
123
113
142
10
111
179
10
146
62
36
126
140
135
8
183
125
175
9
136
102
150
69
120
12
168
133
21
187
194
172
3
136
121
146
177
192
152
50
140
131
198
128
31
13
143
107
201
95
192
133
184
114
3
102
37
169
204
36
115
26
37
139
188
198
175
126
196
201
129
43
194
131
66
176
49
174
99
162
72
60
142
56
29
97
125
182
104
33
200
142
29
128
150
137
120
89
145
198
39
143
40
67
52
137
57
179
1
66
126
184
188
3
198
119
58
140
141
135
155
18
25
180
49
90
135
138
40
96
36
195
50
73
74
29
148
26
92
71
123
37
170
123
41
64
187
78
145
49
171
21
195
146
78
56
10
180
182
192
84
177
158
129
172
152
112
118
2
34
98
11
66
70
13
159
128
199
184
20
187
132
150
35
179
125
147
165
158
103
95
137
177
58
99
98
97
27
88
115
65
40
118
109
181
5
167
33
43
93
124
105
81
2
11
51
51
98
165
123
13
52
202
172
183
194
7
62
90
109
199
191
151
135
73
3
12
6
154
51
73
152
84
146
164
77
130
32
28
4
196
6
150
187
78
58
107
127
75
62
19
41
148
113
153
17
181
115
92
59
106
107
4
86
5
72
67
78
177
79
132
23
69
195
149
163
166
203
143
165
87
90
76
73
71
140
11
60
3
102
126
144
177
181
4
6
73
21
71
20
76
132
171
41
72
67
59
131
193
143
159
44
24
7
113
40
78
135
124
1
185
18
75
37
201
73
139
128
131
79
62
28
180
122
182
193
81
192
91
170
80
145
54
96
122
125
59
25
62
148
189
114
183
84
75
188
20
7
138
132
168
77
177
14
87
176
109
27
151
98
143
164
91
193
161
16
153
7
175
49
162
39
125
195
106
116
194
2
62
53
33
199
35
38
62
200
146
59
145
162
156
163
202
149
7
59
72
132
194
164
139
22
54
169
39
27
169
16
42
41
137
19
21
59
32
78
27
81
167
97
106
132
74
101
180
93
195
32
165
65
12
146
21
149
133
98
25
97
201
112
61
198
122
1
185
132
120
141
3
73
10
99
75
143
131
136
8
138
71
60
119
106
136
139
78
161
91
196
24
125
9
117
12
