Bin size: 164
Number of elements: 671
11
84
33
123
54
84
1
157
76
33
30
163
92
45
159
119
43
113
71
62
90
78
31
47
65
61
104
54
98
102
136
88
88
97
154
58
121
95
31
105
76
30
4
8
143
126
64
89
95
10
118
16
157
142
94
10
135
116
107
110
102
139
28
33
122
92
103
123
14
90
24
37
81
101
120
41
53
24
30
104
158
118
34
16
121
44
31
20
62
71
114
82
138
92
113
13
2
65
75
17
116
159
137
60
146
89
90
132
38
5
43
40
100
118
9
69
57
155
150
126
107
66
1
73
140
44
96
21
141
110
70
92
74
70
140
87
138
97
114
124
24
70
92
129
96
108
40
14
17
68
21
109
92
4
12
84
106
16
37
89
156
91
142
57
159
4
118
20
149
163
78
28
119
42
143
15
160
131
26
55
99
9
22
10
5
68
137
67
90
80
14
20
60
160
34
14
34
20
70
143
141
140
91
85
126
32
151
133
37
63
82
18
57
159
131
55
149
130
13
11
71
18
162
133
11
21
156
73
31
58
32
80
111
110
89
63
97
118
120
22
121
35
65
123
105
18
77
118
24
23
28
69
28
9
90
87
104
24
155
157
4
137
88
83
145
20
128
55
90
64
32
121
127
83
128
1
117
107
21
57
37
14
160
78
57
42
151
41
42
15
141
23
32
113
84
73
14
14
74
20
152
70
157
157
84
160
3
42
27
99
132
79
136
11
6
94
31
30
122
49
158
25
159
138
7
128
45
31
125
149
137
10
160
87
77
45
75
24
127
160
87
109
36
5
121
119
7
155
132
124
62
158
19
19
22
140
91
114
138
101
52
153
152
122
41
147
60
158
1
162
26
76
40
61
115
51
9
91
80
81
99
89
61
44
22
11
6
120
60
162
24
80
62
47
36
149
33
91
6
14
56
115
13
136
119
72
56
9
94
133
100
138
4
27
28
15
80
60
118
156
8
113
49
95
57
143
124
102
162
150
78
107
88
138
145
38
133
63
69
110
81
103
101
101
78
3
16
74
153
138
51
34
98
7
22
8
31
112
80
115
94
94
65
14
147
106
38
53
61
69
4
124
53
76
12
162
90
27
94
14
162
44
5
7
39
80
163
18
80
47
129
62
7
58
89
149
97
98
36
163
34
88
162
137
7
118
103
75
77
87
96
49
112
11
72
116
65
150
120
143
123
105
49
32
30
106
51
114
82
50
124
62
34
146
5
65
90
105
152
151
131
56
64
162
86
47
155
40
163
24
7
83
152
14
162
32
51
152
95
45
54
89
29
3
116
68
29
22
54
80
136
151
62
128
85
2
125
130
92
139
159
115
156
100
40
102
72
53
59
96
135
25
161
104
26
66
29
113
68
75
57
148
133
35
92
157
158
117
138
120
145
78
4
123
101
138
39
76
76
15
34
159
69
40
23
163
131
110
9
12
96
42
45
96
111
89
106
7
107
129
27
42
58
112
105
68
60
136
6
128
140
81
41
116
48
127
25
164
1
95
156
7
92
148
140
31
84
116
94
123
32
