Bin size: 105
Number of elements: 567
58
55
31
27
17
4
67
6
63
81
36
100
24
37
51
10
42
104
34
90
6
90
16
93
89
54
11
79
73
6
65
103
89
98
17
71
53
40
73
104
101
97
68
74
78
70
103
68
55
22
56
69
88
89
15
33
56
51
56
58
49
91
47
17
65
40
83
99
2
2
66
10
78
82
52
64
37
15
44
105
63
5
101
8
64
31
35
6
93
101
90
96
74
3
63
13
76
51
62
7
75
22
30
48
7
67
4
34
24
4
2
26
96
3
10
87
48
91
86
74
47
96
87
36
54
75
101
87
64
84
6
46
47
83
104
94
73
95
86
105
65
39
10
37
96
16
98
75
76
73
67
87
4
30
59
30
52
105
54
22
66
47
76
75
81
64
53
7
43
37
89
81
71
85
4
99
75
65
7
55
101
101
90
32
30
23
78
74
73
100
43
5
62
101
34
97
5
8
27
95
64
44
83
38
75
93
69
21
82
84
1
37
17
60
93
81
36
68
96
88
102
98
47
1
57
38
29
84
80
13
89
26
21
99
54
5
51
47
69
12
82
48
80
105
20
22
17
49
96
3
22
30
48
20
78
104
92
52
40
46
11
25
77
74
75
3
89
88
99
33
52
95
91
21
65
82
56
60
98
19
46
42
16
31
37
63
62
73
61
71
75
11
88
99
24
87
70
24
60
90
7
25
41
75
4
23
29
49
24
90
40
58
67
70
89
32
101
87
71
51
87
49
93
40
34
34
76
50
17
96
74
4
4
8
63
64
87
27
11
58
10
57
104
63
25
13
35
77
99
60
51
44
82
87
47
56
98
102
20
51
82
103
103
7
67
27
103
79
30
85
80
74
18
37
12
46
102
23
26
6
90
13
100
63
66
46
64
8
62
8
90
58
76
76
66
54
93
46
81
88
7
65
105
54
50
56
93
38
84
66
70
8
98
26
39
81
95
29
18
72
65
86
25
38
10
105
38
32
100
49
66
90
102
41
76
52
96
38
26
6
47
53
27
49
8
18
62
14
4
51
78
28
87
104
34
102
67
68
71
35
35
56
99
102
56
77
36
32
54
91
38
14
8
3
74
64
18
98
42
42
19
50
17
35
87
91
10
53
52
13
33
48
18
71
34
84
105
45
31
25
95
89
19
96
38
17
27
63
61
100
21
18
23
25
19
68
72
35
22
102
40
46
5
62
104
42
46
84
53
88
96
98
1
13
36
44
70
76
73
60
98
87
100
49
13
103
50
1
70
29
1
50
101
27
70
21
58
68
6
2
50
72
51
45
104
3
20
