Bin size: 189
Number of elements: 684
146
22
44
161
57
15
40
147
17
60
63
168
161
96
37
171
187
91
90
186
5
51
164
154
16
56
138
101
24
15
165
35
59
158
21
74
93
141
98
139
89
138
18
54
93
18
72
98
136
105
180
10
9
93
14
68
24
165
127
171
162
78
184
174
130
49
43
84
154
132
171
7
61
38
88
14
61
57
9
57
148
145
188
5
95
137
135
10
89
75
136
41
103
95
119
49
117
45
176
100
110
68
163
176
68
153
26
71
172
169
124
8
108
9
2
99
88
186
130
28
102
165
28
113
154
42
99
26
166
172
100
143
19
8
72
146
38
3
159
71
131
86
67
11
93
128
11
155
96
74
153
93
33
99
189
115
38
45
102
145
59
77
134
102
143
182
169
105
89
170
155
114
22
174
6
51
31
22
70
135
171
57
177
26
167
34
128
118
78
135
168
161
29
149
40
109
65
85
95
117
32
134
113
86
6
76
108
95
154
16
34
114
20
123
52
45
55
176
153
96
159
39
96
185
105
51
146
10
117
84
80
131
46
115
180
185
57
37
74
9
180
168
145
157
74
107
187
27
170
5
74
96
57
159
140
67
68
122
55
23
25
43
137
21
90
132
33
172
134
23
41
93
55
2
146
56
159
43
4
153
8
188
23
78
14
143
37
133
33
7
52
119
57
79
48
65
108
55
102
179
15
8
17
143
168
175
138
53
102
189
36
75
21
9
10
182
25
142
174
91
120
151
97
13
136
37
166
138
92
77
15
56
127
126
125
84
112
36
173
104
187
142
100
32
11
136
81
100
126
39
151
59
180
144
1
156
141
148
177
89
15
108
103
83
151
116
133
70
130
143
66
133
160
94
163
114
18
145
158
183
160
55
37
126
134
124
27
115
58
38
179
172
174
151
129
34
138
131
170
73
153
108
29
145
160
47
121
144
129
55
103
158
154
65
160
151
170
161
27
39
185
44
109
2
79
167
132
173
153
85
159
86
22
75
13
5
187
24
8
178
144
28
24
143
181
109
7
180
37
50
138
83
61
127
161
19
31
171
1
31
159
185
63
180
133
167
52
25
1
135
58
99
42
110
66
18
79
184
183
147
101
115
12
71
80
151
115
170
100
188
46
68
139
182
170
44
52
171
86
85
11
127
59
23
121
23
51
164
159
93
81
7
162
154
173
156
137
23
43
143
101
67
92
169
72
184
107
85
6
25
15
122
125
116
78
177
46
134
115
169
73
86
128
101
33
144
20
4
24
68
109
27
177
100
143
68
147
3
165
114
166
165
187
101
170
33
103
77
29
22
71
36
189
46
116
57
165
38
35
117
49
131
41
78
109
172
144
23
81
61
30
164
150
27
32
31
163
81
100
10
161
105
138
124
170
41
30
8
41
188
67
173
17
40
170
153
1
97
169
16
183
80
18
29
101
188
160
34
65
84
133
120
173
113
19
182
67
166
172
157
30
101
124
56
139
132
45
131
61
188
87
136
10
77
82
173
99
20
140
77
150
35
134
97
185
55
104
134
129
58
8
4
74
90
78
186
100
107
130
13
51
172
37
69
