Bin size: 123
Number of elements: 593
122
117
87
35
64
3
25
95
104
47
13
111
43
98
16
65
37
89
108
2
92
19
45
119
84
105
40
1
57
59
51
14
68
52
98
43
102
101
32
105
31
107
30
59
54
35
43
62
3
31
70
53
74
34
47
14
37
81
120
107
47
70
40
78
120
23
88
101
23
38
4
109
102
103
102
17
7
38
43
3
43
80
110
64
27
39
97
2
79
123
106
90
69
7
108
19
31
122
52
23
3
34
119
93
114
21
68
20
18
5
3
65
97
19
24
26
25
7
77
34
53
99
15
78
87
98
53
106
91
10
66
4
24
69
63
84
88
88
116
29
66
118
63
122
55
37
40
33
32
30
71
112
115
60
77
10
80
75
38
111
79
37
14
15
51
52
52
3
89
109
24
14
53
94
85
48
64
10
69
68
96
5
45
51
76
86
115
98
112
48
37
119
78
51
90
93
115
17
43
55
68
72
39
62
24
72
90
43
17
51
101
54
78
99
65
119
117
45
72
95
82
41
58
17
99
84
91
43
65
107
85
34
101
40
60
30
39
42
9
17
47
104
9
74
33
3
42
117
64
116
70
67
101
64
18
110
96
84
110
36
78
94
82
16
54
78
84
88
88
59
64
99
68
64
2
113
2
76
7
85
50
116
7
88
49
88
28
58
23
49
10
4
107
41
80
100
5
86
66
56
26
104
84
81
93
44
4
90
81
42
42
59
93
84
52
96
28
52
83
51
37
68
55
52
81
7
97
50
93
27
57
16
37
110
71
112
79
64
39
40
33
73
122
99
82
38
56
12
91
17
39
46
114
23
78
40
28
29
98
82
20
77
1
78
23
11
72
83
61
15
46
73
34
44
114
105
29
11
108
25
23
118
105
21
76
58
49
56
96
12
7
82
61
46
61
65
122
72
69
11
59
21
81
9
95
55
42
34
121
108
10
43
119
42
17
19
7
99
46
55
116
21
120
77
21
83
109
87
37
19
29
100
27
97
61
14
11
2
30
21
49
116
13
35
36
19
87
85
91
18
17
29
58
110
69
11
59
42
107
32
113
42
109
81
68
79
38
47
78
32
10
44
100
113
112
31
5
120
67
7
107
69
67
79
23
58
29
32
72
113
35
85
105
113
25
73
73
84
122
68
117
50
98
103
63
15
103
40
115
83
12
53
67
11
29
26
21
121
118
81
88
14
84
31
74
63
58
107
3
8
78
37
4
120
116
73
9
7
47
111
108
19
71
32
19
99
57
36
29
91
66
118
86
52
28
83
81
72
119
62
74
43
54
63
112
29
27
69
119
21
19
62
76
55
59
98
6
20
21
52
72
112
29
21
77
121
99
4
30
67
70
116
2
