Bin size: 135
Number of elements: 582
47
54
66
66
88
41
55
107
96
134
73
97
95
101
9
110
97
43
4
94
57
73
134
47
66
109
24
90
51
95
85
79
35
86
54
129
131
37
15
135
8
104
129
82
6
30
93
22
70
70
110
36
67
125
99
114
28
108
41
62
55
89
8
37
128
88
124
124
51
67
9
104
16
85
57
80
123
100
134
22
104
23
28
84
29
95
34
74
11
132
43
26
89
57
79
65
85
14
115
30
104
98
83
76
31
43
66
43
72
83
125
135
78
97
48
41
44
133
113
92
111
127
88
41
119
19
59
101
106
40
69
50
124
69
80
103
74
85
19
111
63
85
131
133
75
118
36
4
4
46
32
35
56
71
42
33
2
82
16
79
21
60
123
88
22
74
114
62
78
106
86
107
124
67
29
42
120
4
16
7
113
35
45
123
111
36
111
116
87
114
85
56
130
38
40
91
63
39
132
53
129
11
75
18
36
63
95
21
92
130
118
101
94
117
132
9
115
25
49
3
91
113
128
98
50
119
114
4
82
109
54
33
63
104
7
96
125
41
132
129
79
107
25
58
50
126
25
37
49
105
31
79
38
86
89
72
26
95
90
36
100
117
76
12
48
23
62
49
51
55
128
131
81
23
60
60
9
10
66
113
82
41
65
64
10
83
134
7
120
129
6
18
15
42
68
23
113
11
8
29
64
32
127
12
23
97
24
70
44
34
82
91
129
35
118
17
76
135
132
83
103
14
122
133
7
85
80
118
119
55
15
23
7
135
7
121
79
101
88
46
15
63
44
61
102
21
4
16
114
91
122
118
60
104
77
73
37
114
75
133
36
3
28
96
93
71
95
130
69
24
100
53
29
105
85
127
68
71
116
11
68
31
5
28
83
99
98
110
42
81
100
22
111
126
103
121
109
64
66
53
115
100
135
6
119
66
15
85
35
27
33
111
116
31
76
57
127
40
90
50
44
67
87
95
134
87
112
88
129
97
33
90
118
60
12
119
91
90
80
83
40
104
126
103
49
105
109
89
47
113
107
97
8
98
87
69
82
108
23
39
55
3
50
89
68
34
43
41
81
113
5
93
3
53
102
75
39
39
89
82
60
85
42
12
19
122
10
51
125
9
71
38
127
129
60
130
132
3
75
47
67
131
92
99
14
105
2
1
93
71
41
123
36
127
36
50
70
22
57
57
121
34
23
40
125
8
135
60
85
99
42
107
87
97
59
44
123
60
21
27
78
123
23
114
32
42
98
41
38
73
124
121
97
97
97
62
84
35
88
4
3
121
15
64
90
120
69
82
20
32
97
126
49
5
17
37
54
20
43
132
82
74
