Bin size: 176
Number of elements: 505
145
156
100
14
83
95
158
75
113
162
68
77
87
18
110
135
24
66
24
134
9
19
45
124
11
50
62
71
20
91
140
49
88
27
121
48
62
86
114
81
133
85
116
163
11
50
46
127
82
150
28
134
69
63
122
93
103
131
79
166
91
116
133
66
6
40
101
147
152
111
176
79
46
31
67
28
96
105
116
7
4
133
109
14
110
58
48
47
174
30
133
164
149
11
127
131
20
7
85
71
163
61
131
48
159
152
21
37
101
64
55
115
157
72
51
125
150
108
62
38
171
9
122
3
94
36
121
119
100
53
126
66
88
12
41
73
106
25
51
10
78
144
140
45
136
156
46
176
64
20
173
62
125
107
14
145
105
132
23
147
161
82
120
14
77
147
36
32
102
74
140
145
93
130
20
99
121
21
15
154
102
124
153
118
12
4
150
58
28
52
92
111
26
11
34
34
96
16
158
23
125
48
153
42
157
54
73
148
155
58
43
75
48
31
107
127
16
159
15
81
37
66
25
150
140
29
12
73
160
133
68
137
26
176
40
68
37
36
151
111
174
117
145
117
1
70
27
83
132
170
42
164
112
121
14
99
38
37
159
61
87
91
29
95
31
87
79
114
156
5
139
139
82
18
83
106
148
135
92
61
161
7
115
65
82
107
94
38
24
1
31
123
169
69
5
166
55
55
102
171
81
152
24
128
49
104
96
87
54
154
138
99
104
43
52
115
72
160
60
11
83
174
90
121
130
93
21
7
119
176
2
56
42
31
14
164
138
80
106
74
102
77
45
122
73
81
138
89
106
137
131
135
60
138
52
122
67
48
54
23
106
126
112
70
36
163
169
125
168
7
8
9
168
88
1
89
67
10
107
66
112
7
80
50
71
167
79
31
17
81
137
125
85
3
33
117
24
163
73
38
134
110
16
122
96
147
96
3
145
147
116
91
147
115
160
3
65
2
92
153
112
172
151
114
161
175
155
90
1
85
143
122
152
99
165
103
40
113
140
142
117
42
168
61
131
84
143
33
145
130
172
27
56
101
25
112
2
103
53
136
113
40
157
175
93
119
38
75
153
84
61
109
156
148
117
8
162
39
160
83
47
118
138
131
71
158
141
160
10
27
89
79
102
50
118
59
142
159
118
31
134
75
153
27
49
