Bin size: 198
Number of elements: 575
51
32
4
33
51
167
89
9
159
11
43
26
15
150
50
178
81
160
193
161
23
100
185
57
31
72
56
18
171
178
133
175
148
36
37
141
68
81
78
144
155
53
105
196
153
189
105
52
111
146
97
164
94
142
181
3
94
180
35
150
86
28
40
145
114
68
156
178
196
127
88
188
170
79
20
5
100
141
144
76
67
29
49
17
21
87
189
108
4
152
20
180
148
122
30
94
49
149
140
195
53
179
1
120
19
102
113
84
25
174
77
189
152
49
155
118
198
149
24
68
40
34
40
7
96
35
49
48
53
93
51
114
97
95
106
90
66
99
22
162
38
17
4
153
12
39
26
84
96
29
151
46
131
136
197
154
79
103
34
150
14
107
181
11
187
123
107
28
138
32
138
151
51
175
128
151
135
52
133
42
7
146
119
91
183
88
155
108
144
79
48
94
45
60
47
57
167
180
159
72
63
114
118
98
79
25
122
54
131
46
39
2
81
137
21
9
51
121
52
79
167
33
68
1
172
181
16
103
109
154
174
69
74
135
34
181
2
116
125
114
31
16
50
64
188
185
18
72
157
24
88
28
32
100
16
146
76
28
13
117
11
75
161
113
60
30
172
165
163
173
12
131
52
175
139
81
44
19
117
192
180
130
157
142
60
92
42
150
68
82
51
66
137
123
28
140
65
96
100
93
40
106
95
49
18
195
110
170
163
140
188
141
171
172
118
160
98
138
64
196
140
18
30
55
21
100
25
168
41
70
151
39
128
91
92
13
10
80
15
74
98
125
41
9
129
170
124
140
45
194
150
119
50
4
166
111
94
139
44
191
43
44
194
101
122
99
130
73
90
103
15
165
92
156
135
126
31
179
7
89
34
192
153
125
52
66
98
27
192
70
167
123
84
36
28
60
105
73
8
145
60
190
100
120
8
16
171
35
99
88
94
30
65
42
192
185
94
91
14
35
99
34
61
183
34
11
35
69
12
150
99
9
69
156
58
18
91
116
96
99
136
57
101
131
83
78
191
54
48
87
46
152
128
144
25
149
167
154
87
5
133
145
124
163
84
180
82
108
192
6
183
178
94
23
48
81
116
172
65
152
2
91
118
166
181
10
85
41
168
189
102
67
78
71
148
136
198
144
44
24
38
88
152
139
97
38
44
104
51
77
144
102
194
125
30
66
38
86
147
65
175
147
38
28
167
119
47
37
195
16
6
33
139
31
144
29
124
69
114
42
65
30
75
99
8
8
195
132
89
102
191
10
87
189
154
128
106
85
12
155
161
76
186
159
174
186
136
86
128
39
77
73
109
2
138
