Bin size: 188
Number of elements: 619
84
61
46
186
103
26
35
166
7
82
92
179
102
58
61
78
157
140
151
185
32
101
20
180
33
68
131
61
98
56
96
13
92
127
150
146
30
80
37
18
89
170
156
77
96
95
110
132
87
24
139
88
95
29
166
10
42
36
118
186
166
128
6
48
115
10
132
147
132
168
122
164
168
102
68
134
167
9
85
99
119
113
14
91
4
39
143
184
68
70
145
72
108
97
7
35
111
153
150
121
59
20
110
43
148
129
140
71
116
131
164
13
66
13
118
59
168
16
10
107
145
132
51
133
72
16
127
48
91
177
167
32
186
116
138
128
20
4
27
59
170
187
70
83
12
168
46
92
50
120
13
33
147
178
166
175
11
135
11
14
181
53
180
19
172
94
41
153
123
70
91
30
126
70
162
151
11
51
30
130
145
162
3
54
63
143
66
40
159
4
31
127
164
5
118
15
13
21
110
3
136
143
2
150
34
86
132
126
35
155
107
161
39
138
15
89
147
163
16
120
51
54
9
183
10
85
166
177
18
23
5
105
181
133
4
40
188
123
187
103
150
90
90
108
106
77
155
96
163
86
10
21
39
45
50
94
79
168
5
34
70
141
163
159
102
145
174
103
23
184
29
139
180
104
149
129
42
108
148
154
2
169
170
107
25
183
100
71
53
188
167
134
75
59
61
180
93
65
92
73
73
28
133
89
160
25
118
35
82
21
67
18
150
120
78
76
129
27
129
98
169
38
54
166
70
184
95
83
75
134
74
67
36
167
62
43
100
128
176
64
12
182
170
42
139
68
19
31
87
83
159
21
61
86
140
135
10
145
116
60
39
63
182
172
63
99
37
62
154
169
57
10
102
61
24
84
55
85
25
94
8
56
161
63
89
44
84
78
163
162
94
74
83
78
47
81
45
154
91
151
101
155
13
94
23
182
127
143
21
118
89
60
52
152
178
62
79
139
88
18
49
12
65
146
97
128
45
91
63
5
42
86
175
39
122
188
63
175
5
110
103
166
55
49
159
183
130
78
1
77
38
153
52
116
131
124
78
82
83
83
140
45
59
44
69
21
21
30
137
75
114
122
82
125
115
70
6
25
32
105
118
124
21
152
86
34
131
67
105
163
116
47
33
184
164
153
57
148
7
41
158
159
27
31
13
51
37
6
147
128
74
19
61
157
125
185
169
24
106
109
177
107
154
100
22
187
140
83
83
141
110
131
80
77
57
44
89
105
134
31
180
2
3
136
19
90
103
131
119
8
69
184
96
70
126
163
41
69
65
6
43
35
158
50
175
107
99
93
176
157
22
124
173
133
43
125
93
153
27
135
40
93
184
173
151
70
168
70
184
155
132
97
94
98
76
165
45
186
37
9
135
11
61
12
55
8
179
36
75
84
43
96
108
11
67
97
157
44
11
