Bin size: 181
Number of elements: 670
12
34
59
33
139
10
157
26
81
174
72
147
69
88
91
143
79
99
126
149
93
104
73
171
126
88
148
16
93
125
53
35
80
40
127
60
8
31
106
60
161
28
142
88
114
8
125
111
92
76
43
24
159
44
38
47
46
181
92
63
123
30
88
75
74
36
136
48
12
92
26
56
128
85
5
36
109
136
113
61
132
26
35
50
74
148
159
46
165
126
179
138
39
109
117
141
105
66
128
104
16
97
7
38
144
78
75
133
120
68
64
168
8
78
117
125
15
147
52
153
180
12
8
131
172
112
12
33
148
118
62
179
175
82
16
29
155
54
125
149
23
98
16
75
111
44
34
60
103
139
177
59
61
169
26
88
94
9
149
92
130
159
84
32
165
160
118
21
73
55
17
179
103
94
4
142
68
21
92
110
16
23
95
65
78
146
111
26
145
155
131
120
52
34
111
149
79
152
28
181
4
23
117
128
64
47
64
34
164
129
46
100
97
49
23
37
152
90
9
165
110
52
84
156
166
130
11
170
114
166
147
6
161
121
122
142
81
116
117
55
84
112
21
57
147
161
96
34
144
176
173
108
104
43
18
34
104
95
181
85
113
143
120
59
96
4
106
1
83
2
66
8
61
77
30
148
83
103
23
79
24
94
120
74
63
172
130
63
48
142
6
11
61
164
144
138
158
131
168
179
168
173
128
80
77
180
83
130
92
108
60
153
75
9
89
167
4
158
69
136
134
37
160
31
80
79
157
14
83
45
116
60
165
60
117
152
10
9
159
109
109
16
39
60
57
141
26
66
141
150
55
140
77
130
68
70
113
92
152
37
1
136
110
3
131
97
46
53
15
174
44
79
60
55
69
49
50
9
67
21
154
74
57
56
121
74
114
177
11
119
177
166
26
9
78
3
5
3
49
41
34
147
111
48
159
40
15
48
69
86
160
83
120
115
95
100
27
122
103
134
24
97
22
115
83
160
83
32
23
14
167
66
87
127
168
25
153
75
111
16
93
53
92
110
48
150
48
8
112
127
110
6
81
160
31
99
133
72
16
68
90
157
172
160
61
54
150
59
70
17
167
170
136
179
104
170
2
144
53
173
149
17
115
28
9
133
152
176
88
163
49
162
107
124
177
152
79
116
138
139
102
86
87
164
179
32
109
96
86
38
39
116
132
153
43
154
166
159
117
171
130
149
55
7
161
88
4
150
26
39
57
136
172
63
78
124
151
125
33
164
112
44
33
75
177
90
28
34
123
103
36
16
169
181
159
6
37
120
63
162
9
40
147
158
89
169
172
105
139
177
30
5
43
93
150
107
104
104
1
108
115
91
117
124
78
26
60
30
40
11
91
128
146
32
31
42
113
171
158
130
94
128
6
107
108
33
81
142
154
47
50
36
171
1
87
11
141
108
39
28
51
49
118
172
43
124
178
156
114
171
104
94
128
113
104
91
70
69
82
81
123
63
93
68
30
93
89
33
113
54
7
143
84
24
21
6
111
91
157
83
46
166
16
80
134
127
144
118
161
157
