Bin size: 278
Number of elements: 640
36
225
90
265
190
44
97
189
107
19
190
10
149
168
206
188
23
60
229
88
59
257
118
43
101
76
175
129
17
88
154
65
157
103
163
199
196
35
60
22
260
197
260
235
3
187
239
236
146
131
151
93
240
263
150
133
27
127
84
39
201
249
10
209
32
96
75
132
34
139
19
79
34
246
235
140
162
258
36
113
27
118
188
251
166
107
188
274
156
147
36
165
180
134
185
199
155
186
142
60
126
80
211
127
216
48
89
24
243
91
168
157
112
261
76
193
46
48
8
106
147
175
252
2
148
132
24
74
39
83
251
46
52
142
76
235
21
194
151
75
81
172
98
110
120
207
243
106
156
26
166
141
87
227
139
271
117
118
114
129
263
255
30
105
249
256
173
262
130
252
43
276
198
36
256
6
278
61
67
98
78
172
53
163
220
255
46
72
141
264
220
166
131
246
202
155
171
272
274
231
228
154
183
99
119
226
7
12
139
138
91
186
227
3
193
199
186
192
23
231
62
251
71
207
134
118
109
48
133
27
25
223
230
276
30
213
91
147
146
61
234
208
149
75
113
191
167
169
10
56
44
37
148
221
217
160
27
20
39
211
162
27
241
65
185
180
7
95
95
166
168
107
193
222
55
124
10
227
209
161
40
121
20
170
137
123
175
111
41
104
7
148
33
265
94
195
253
225
157
153
34
159
66
183
263
254
82
151
193
47
105
224
118
62
158
137
25
251
255
136
210
232
267
60
207
211
208
99
189
169
266
33
273
82
248
237
116
244
129
260
242
61
97
226
217
91
5
221
75
173
126
170
55
30
237
36
60
267
272
145
13
85
45
52
28
48
137
42
237
92
59
61
84
140
195
56
37
242
57
172
79
239
226
240
272
126
264
145
72
231
46
162
197
216
221
192
259
204
168
16
33
89
118
193
273
61
112
185
47
259
105
182
65
97
188
195
53
118
124
44
193
57
167
28
242
80
87
8
257
111
251
158
187
37
23
16
114
20
100
62
114
127
152
271
247
60
108
71
28
224
98
47
228
123
245
48
119
137
117
262
122
150
241
164
86
102
70
106
23
109
193
196
130
104
9
12
208
40
224
248
2
231
169
33
8
187
80
16
98
193
209
193
261
209
208
179
27
70
91
87
72
131
72
141
165
277
74
1
99
218
103
4
88
172
120
98
191
72
120
9
101
100
220
120
124
114
212
216
173
57
141
152
265
50
113
163
126
176
231
51
241
118
121
30
251
238
260
164
76
148
41
147
229
243
14
240
56
124
152
209
123
191
148
147
52
223
274
190
42
136
212
248
239
252
236
19
192
214
275
206
203
212
177
137
255
153
134
42
175
110
241
132
226
65
188
116
136
43
179
234
149
223
29
119
109
219
218
206
143
84
89
6
29
113
237
276
7
245
45
16
141
193
157
189
185
223
272
84
180
261
86
38
195
58
194
102
92
208
223
202
