Bin size: 248
Number of elements: 596
40
120
156
105
67
25
13
224
9
35
227
229
4
115
136
180
158
209
187
46
61
205
82
220
24
69
36
180
203
213
92
130
9
126
203
126
196
97
76
167
86
127
192
102
82
216
112
230
159
166
190
131
155
209
192
8
241
240
217
16
99
87
46
96
178
226
150
231
37
104
148
139
168
96
30
84
53
238
145
85
185
4
155
242
51
179
177
248
195
177
222
137
127
56
180
161
123
117
133
205
206
180
53
240
103
162
129
91
240
165
125
174
101
52
232
167
98
40
209
146
48
177
35
114
61
127
23
181
201
14
172
28
184
179
140
134
18
51
180
187
72
137
170
178
103
104
173
83
176
157
150
247
168
180
166
172
70
136
243
125
169
170
120
146
162
14
124
5
186
151
142
5
191
186
228
134
109
211
60
108
86
212
162
201
35
207
153
151
135
6
48
202
93
214
173
68
221
52
224
99
217
237
21
208
159
21
241
107
202
51
98
170
2
137
141
64
192
110
119
247
20
71
107
84
77
43
203
3
74
95
132
71
42
11
206
50
195
136
120
181
144
98
232
190
239
103
200
180
36
143
141
99
48
217
76
151
56
20
143
76
103
143
25
127
220
184
141
208
6
234
25
1
195
118
61
70
96
87
229
120
139
90
196
157
203
83
152
86
149
10
186
102
232
241
155
11
70
159
21
210
145
202
223
128
1
214
66
245
227
240
8
175
162
206
150
142
45
63
214
8
78
197
57
174
96
134
247
19
85
235
84
154
220
154
6
225
36
196
164
62
116
76
128
177
64
223
74
43
161
142
14
172
138
245
79
57
27
220
204
106
190
154
201
3
134
39
143
31
121
2
65
196
83
206
246
117
122
165
113
189
219
27
172
246
4
239
70
151
103
95
131
38
46
191
31
175
150
57
196
153
237
180
181
154
118
160
127
87
31
226
178
143
57
95
19
132
63
215
43
17
14
127
167
109
161
72
232
229
27
144
99
193
171
210
126
73
27
4
10
31
43
214
189
130
82
161
198
102
103
235
215
209
229
120
135
175
86
187
4
72
198
11
78
156
200
96
244
88
130
16
39
53
184
56
139
60
7
49
137
15
27
43
92
180
242
22
1
248
147
138
160
2
33
1
126
186
111
50
231
16
38
194
5
49
37
109
213
89
121
223
34
67
147
8
98
232
111
204
140
153
10
77
56
67
144
7
42
122
21
232
47
94
222
64
144
137
65
47
229
10
146
2
179
134
43
155
34
53
73
60
181
242
44
117
35
226
23
201
24
96
10
55
145
37
171
39
10
166
28
46
134
188
135
52
98
153
220
242
88
37
220
139
142
184
8
62
220
75
217
87
88
211
71
36
31
151
