Bin size: 147
Number of elements: 589
49
12
84
11
39
21
56
31
107
10
50
71
17
143
146
104
94
42
3
99
83
49
87
64
67
82
64
31
26
133
132
8
35
28
144
67
60
140
10
40
90
135
132
22
43
66
26
41
108
109
14
92
142
18
128
26
47
124
65
66
137
133
48
64
116
21
103
104
70
48
115
77
143
52
84
23
80
132
40
38
139
63
81
139
1
80
46
86
135
120
67
93
35
79
93
99
44
2
143
112
30
85
45
105
41
27
69
27
105
140
111
109
86
124
137
118
67
135
81
35
50
8
129
89
128
105
2
87
5
63
69
147
17
125
134
71
12
139
34
139
97
94
135
113
88
68
17
38
21
11
76
84
32
46
125
29
100
67
77
74
12
63
97
26
103
77
73
50
68
126
3
28
139
126
85
68
78
98
124
50
41
120
102
145
38
80
49
61
62
64
145
58
75
79
68
99
111
117
147
136
104
135
99
5
114
1
7
41
112
143
60
58
138
106
94
38
6
24
60
125
122
116
1
53
96
19
11
144
10
86
9
80
32
53
26
69
36
143
51
94
1
72
105
107
122
9
118
22
13
87
128
51
139
25
58
48
114
144
23
60
43
89
138
131
101
35
45
22
109
38
103
105
7
91
74
62
49
16
78
45
17
4
146
133
102
8
104
146
135
18
23
13
12
114
95
15
77
55
89
69
100
66
31
75
103
7
124
66
110
85
52
56
95
66
91
125
105
45
16
147
147
138
143
25
74
122
52
141
77
73
83
119
67
129
130
27
12
138
135
2
117
62
77
65
109
136
72
41
67
142
69
60
27
70
116
49
96
24
14
66
118
92
7
16
94
83
118
91
11
56
145
27
64
113
117
84
15
14
114
97
71
46
105
56
74
8
39
71
84
142
88
71
141
109
146
94
64
55
90
36
6
18
96
106
120
31
66
114
47
146
134
120
8
26
60
19
101
14
122
110
54
87
77
138
71
98
51
5
55
72
38
14
128
79
54
24
88
41
86
15
69
5
95
6
144
71
87
16
44
32
58
103
92
27
118
131
68
33
36
91
44
7
135
25
22
119
27
34
65
26
97
6
129
44
56
80
98
12
133
70
14
80
22
123
2
76
50
21
72
94
69
132
78
14
38
140
101
61
108
57
116
117
35
21
27
9
101
16
69
112
132
113
90
49
109
43
35
21
132
142
120
27
19
57
52
113
130
40
35
123
77
103
125
138
11
133
92
84
26
144
39
89
97
127
9
114
94
126
16
109
39
18
118
12
84
95
100
104
9
51
70
76
56
140
135
120
51
135
88
8
77
11
41
73
93
25
60
17
109
20
147
111
97
18
85
96
91
78
10
