Bin size: 253
Number of elements: 668
5
170
176
9
44
26
191
32
90
178
108
17
104
179
210
43
168
196
182
81
129
14
4
71
155
28
178
10
116
163
165
62
77
107
195
147
126
15
55
29
216
158
211
81
93
127
205
217
217
75
179
232
34
13
51
84
71
120
174
122
66
118
182
113
102
171
133
188
182
120
62
142
215
69
104
62
66
204
27
107
241
150
183
44
43
137
176
59
208
100
146
93
36
106
1
162
239
145
112
142
22
54
123
187
64
57
102
244
251
92
228
96
219
123
206
177
43
97
9
94
246
183
103
184
123
212
128
94
161
249
27
52
114
203
252
143
107
216
32
138
52
43
161
96
31
9
25
128
210
55
105
231
3
92
74
17
130
61
192
194
99
15
54
13
111
60
193
115
94
103
14
158
133
227
160
163
31
46
232
40
79
104
85
199
16
130
167
31
158
213
148
9
183
7
215
251
221
15
137
104
57
101
44
72
11
126
240
149
162
175
59
63
192
69
143
228
168
37
173
215
5
82
19
74
91
60
5
249
108
176
228
90
227
51
135
43
6
33
132
193
149
84
72
20
26
125
73
154
153
189
5
174
136
214
212
139
37
117
104
226
136
12
130
190
14
229
32
222
229
70
128
248
7
68
121
146
23
221
143
107
246
76
190
11
192
80
123
7
45
113
111
133
150
73
185
105
78
113
238
144
127
37
231
188
108
195
136
129
147
63
252
2
127
132
156
14
92
229
100
171
41
178
124
242
78
245
98
163
164
240
80
219
130
81
120
225
40
27
229
229
22
181
164
93
31
87
114
151
188
207
172
242
22
141
120
25
111
88
212
136
39
84
133
241
56
159
190
131
69
187
101
192
143
19
65
87
203
166
233
131
207
78
114
221
18
115
149
128
163
239
75
152
236
50
155
244
122
77
132
29
128
184
26
241
112
136
161
81
150
72
118
37
48
236
73
66
133
126
86
112
178
101
88
148
83
230
120
156
243
94
93
249
133
105
129
115
234
173
91
49
246
58
135
12
113
24
4
79
129
62
207
47
225
135
202
149
87
245
52
18
149
74
148
230
115
88
238
191
135
167
181
151
104
37
2
4
204
197
167
92
99
195
58
154
165
172
176
102
92
160
171
18
78
213
66
9
158
112
45
140
223
162
215
94
46
24
242
85
235
150
182
232
180
241
167
247
136
70
167
24
20
190
96
78
11
67
168
12
146
107
95
177
185
131
59
70
113
127
144
68
14
5
162
238
86
3
27
5
86
171
107
218
177
227
130
16
236
170
218
145
84
119
49
96
68
222
80
246
146
108
96
207
86
240
146
98
208
84
191
61
134
59
161
32
98
182
78
15
203
168
148
212
227
44
53
142
166
47
120
59
178
4
184
184
116
106
93
248
15
125
125
123
231
161
238
222
245
141
161
155
223
59
88
145
4
171
145
169
208
63
45
103
145
65
117
181
115
168
199
61
38
143
175
190
136
124
64
67
217
74
210
250
205
228
204
41
47
30
224
134
123
231
110
39
147
243
231
2
