Bin size: 152
Number of elements: 613
67
101
102
73
19
71
12
4
94
145
5
110
24
21
18
12
18
117
4
60
94
40
68
66
28
31
98
49
137
146
88
134
64
1
4
52
69
68
33
39
119
12
98
42
74
52
32
18
42
80
102
37
133
78
60
52
38
94
128
142
9
128
102
36
26
57
71
76
13
135
15
1
50
118
53
19
46
59
150
109
135
104
125
80
34
2
25
29
17
2
24
129
96
132
143
57
122
118
152
114
142
85
68
20
35
2
93
104
46
150
59
83
14
104
21
88
19
10
48
23
46
18
13
72
131
144
6
97
85
86
122
130
40
108
121
10
24
135
87
101
77
51
24
77
54
83
103
42
133
84
149
106
43
48
83
140
124
134
112
26
42
69
115
45
101
130
11
137
5
34
98
65
51
66
83
60
6
150
97
146
107
135
97
124
17
48
104
67
87
118
110
94
10
117
54
44
52
125
82
95
119
55
71
83
132
105
33
109
39
125
48
83
22
18
14
65
52
16
139
21
96
123
109
21
45
144
117
9
84
152
133
112
55
36
8
97
68
117
76
128
143
82
53
143
96
57
115
5
24
20
34
141
92
24
114
96
123
42
32
54
62
137
91
149
5
102
33
72
69
104
120
48
30
36
29
103
63
76
23
99
119
114
100
111
25
37
116
33
57
140
84
32
123
142
102
67
138
146
35
37
56
21
41
80
135
107
125
121
96
146
101
1
22
136
29
143
28
31
63
150
60
23
23
146
110
67
62
127
105
102
113
31
15
19
128
76
69
124
115
152
108
5
86
140
113
6
106
18
34
91
24
148
134
130
146
80
104
145
89
3
110
110
144
70
76
116
51
13
5
23
37
6
146
26
37
2
125
55
42
142
24
59
84
58
101
41
138
137
76
116
131
129
38
102
149
11
31
61
145
36
114
134
116
54
68
104
115
93
116
31
118
62
21
23
131
15
128
4
69
143
44
104
54
27
144
48
91
54
102
148
144
104
55
134
113
147
21
98
82
141
112
114
93
49
114
84
126
63
76
53
72
57
104
12
90
25
107
69
18
76
75
84
91
117
5
18
81
96
35
6
69
73
91
146
115
145
73
9
122
150
104
90
56
10
54
24
89
129
96
1
80
55
144
38
58
84
72
40
98
30
119
26
5
114
5
118
13
4
54
141
2
18
90
148
58
80
113
76
38
139
52
45
142
86
123
40
66
28
38
90
34
44
91
51
150
22
148
81
133
135
137
60
26
32
8
90
35
107
5
126
4
115
75
91
38
124
60
38
36
77
56
10
118
27
52
109
146
19
33
102
93
151
48
28
40
78
34
98
146
149
65
10
118
119
79
152
9
75
135
138
87
140
21
117
22
138
133
81
83
101
56
102
5
93
135
29
101
16
86
148
3
65
97
