Bin size: 133
Number of elements: 652
90
63
15
121
54
16
4
97
122
54
20
71
86
116
108
98
30
33
75
131
32
101
32
76
34
91
79
21
53
43
68
16
119
74
115
82
100
14
89
37
86
52
76
22
76
123
35
86
110
33
4
69
40
37
118
106
76
18
125
70
23
63
41
91
69
95
127
105
50
30
90
23
82
49
50
82
106
114
1
95
55
84
19
74
50
54
127
89
105
74
46
10
89
23
74
101
3
91
2
8
4
76
58
86
73
67
117
34
80
35
91
92
131
90
37
97
129
7
58
49
10
50
82
3
37
119
100
109
98
71
107
92
125
9
58
74
50
111
98
24
64
43
109
52
13
98
91
48
7
78
98
125
71
118
23
26
82
77
14
54
49
89
99
44
109
33
121
59
105
112
81
75
27
15
64
38
65
47
24
56
20
100
52
64
116
127
116
64
90
15
42
119
86
13
104
5
14
44
97
109
1
32
9
25
15
32
38
51
121
81
19
83
96
104
16
75
40
125
6
72
38
3
89
59
45
121
70
70
61
60
71
95
103
13
100
43
89
88
70
43
24
103
97
111
106
112
10
116
93
120
102
102
101
63
48
34
58
3
75
96
63
27
11
63
90
10
107
104
39
105
91
96
75
26
49
96
109
89
43
24
130
4
55
62
114
63
8
6
81
29
12
67
97
59
126
109
83
8
72
33
49
112
9
110
46
53
62
82
105
67
84
63
100
45
58
45
124
43
96
104
125
49
97
95
131
43
48
17
89
123
44
114
78
55
108
45
85
61
54
93
81
27
62
56
33
78
58
24
53
52
91
90
117
124
89
58
93
72
44
133
132
84
105
4
66
47
3
70
69
88
102
46
94
94
34
132
57
67
53
107
52
4
128
54
60
96
133
70
98
120
10
4
26
67
25
74
38
112
35
82
43
46
105
108
123
84
119
57
56
24
38
39
91
108
110
84
94
117
41
45
57
12
81
118
110
112
16
120
118
95
31
47
35
5
18
10
81
29
68
52
17
106
107
54
120
2
86
90
61
22
72
105
99
92
89
78
19
91
54
109
28
14
96
122
31
111
108
4
131
66
61
52
23
71
59
44
123
43
123
77
30
57
14
77
110
67
106
7
20
121
37
20
104
33
105
131
124
5
61
112
106
86
78
61
3
104
101
79
79
106
86
35
60
49
31
99
97
6
104
121
116
70
102
121
65
79
32
16
23
132
104
80
20
95
100
10
49
76
126
38
80
16
112
9
130
71
73
56
51
44
32
70
116
33
53
84
85
20
38
51
63
34
42
30
85
62
77
44
111
33
77
70
97
2
55
64
95
77
128
110
117
124
73
43
1
40
11
124
41
10
68
21
122
128
47
76
95
77
61
49
107
59
93
18
30
5
23
13
89
100
99
75
127
31
123
43
67
67
40
46
113
69
11
42
27
56
32
114
40
6
107
3
85
30
9
82
67
61
31
116
12
89
118
17
92
131
115
123
25
73
66
53
