Bin size: 155
Number of elements: 677
137
98
52
48
86
130
108
108
155
67
40
61
129
1
33
130
76
153
140
81
110
113
131
64
62
25
154
77
67
40
17
127
27
105
150
63
74
99
26
152
155
134
130
32
12
54
148
136
6
105
19
48
130
58
128
150
13
148
104
51
8
6
119
94
27
50
129
51
57
127
76
9
25
33
35
44
2
8
19
124
53
137
145
79
114
49
29
29
94
82
22
48
5
115
17
102
114
99
46
24
76
113
78
1
114
69
65
155
31
100
134
82
66
149
30
113
91
95
87
151
105
150
128
108
32
66
22
89
137
155
139
135
27
16
56
112
109
25
114
30
70
123
79
141
23
52
140
148
15
140
138
19
63
9
144
59
20
116
86
114
25
34
60
127
112
154
93
94
34
46
128
17
128
125
107
146
102
125
54
6
70
69
96
23
138
19
101
3
24
95
154
102
42
150
147
52
85
147
62
83
40
15
8
99
129
65
104
49
26
12
78
83
100
68
10
53
152
21
98
58
124
8
79
101
142
65
114
107
91
70
24
11
89
51
153
128
133
113
150
28
142
84
100
114
150
90
19
20
59
5
96
148
44
51
45
106
147
30
97
42
146
97
35
139
137
118
49
91
145
81
31
21
68
46
37
148
124
139
24
97
142
52
72
128
64
55
102
90
111
70
32
151
120
24
4
80
41
136
130
108
103
111
30
83
7
70
12
17
96
120
27
76
16
154
44
119
99
40
43
53
105
57
12
142
70
74
42
37
135
133
131
4
66
22
48
152
90
100
105
76
48
48
38
150
150
72
140
97
63
47
96
133
45
115
49
51
153
35
83
56
133
120
100
4
136
83
13
14
60
126
136
125
99
132
24
41
11
10
89
139
114
2
114
114
17
143
41
115
96
142
7
96
84
14
63
72
96
120
8
80
90
41
117
80
10
127
50
14
132
88
143
95
10
81
30
75
28
151
79
62
119
138
112
141
132
56
38
65
29
64
136
33
81
142
117
52
118
119
151
76
23
7
17
70
51
35
49
138
95
9
29
147
27
75
69
33
154
30
78
76
39
64
104
149
88
131
9
9
134
107
88
148
4
151
49
11
48
98
102
103
79
19
69
53
43
78
98
130
63
79
56
50
15
19
96
18
10
13
35
92
6
93
63
111
128
86
65
116
31
80
116
50
4
120
35
5
135
136
1
131
141
148
100
45
47
89
128
101
91
97
13
43
31
52
98
52
72
53
148
38
72
44
8
52
120
74
43
57
5
94
97
119
25
105
136
84
114
147
65
60
69
113
133
64
92
96
49
85
1
7
44
136
143
92
30
81
68
143
60
46
35
149
31
84
49
39
98
27
115
54
139
84
61
68
84
9
4
57
144
51
70
103
12
142
10
34
69
107
97
108
143
41
114
141
96
117
154
143
14
120
95
120
116
75
105
58
87
14
64
44
150
32
123
127
152
27
103
34
72
81
154
31
91
62
48
127
112
8
62
12
133
18
47
63
43
117
34
117
97
77
85
96
139
135
53
51
88
138
94
41
38
112
97
124
60
144
6
