Bin size: 143
Number of elements: 629
120
37
105
24
38
94
89
140
123
113
56
104
25
95
88
30
134
71
124
118
85
58
142
86
4
4
77
7
8
82
8
32
133
68
67
133
21
63
30
11
75
106
32
63
63
129
86
93
12
74
122
22
71
100
142
121
18
1
72
95
90
128
75
6
117
84
125
4
66
22
70
41
4
142
62
70
71
38
69
111
49
115
12
88
48
13
57
25
109
38
109
98
5
120
28
61
131
101
9
139
134
39
56
12
131
19
141
19
130
52
102
46
33
107
48
142
110
64
49
28
35
65
48
59
65
128
102
107
48
85
78
139
143
113
115
11
88
72
26
85
95
47
46
62
103
89
35
83
81
95
45
133
42
38
48
64
95
84
142
88
137
30
117
85
14
41
134
100
10
115
111
116
15
130
124
57
62
35
13
139
1
116
92
98
111
15
38
76
12
106
36
107
104
63
18
102
41
30
132
16
83
131
55
56
4
122
80
97
4
122
92
14
87
87
32
11
101
15
70
99
1
135
45
22
29
25
85
92
6
65
93
68
132
1
9
121
14
76
99
21
130
41
60
72
11
11
67
53
66
42
140
80
20
44
14
65
50
79
68
81
50
21
124
45
102
120
29
10
72
113
40
88
16
52
12
132
76
68
78
9
43
11
50
140
49
65
64
83
84
68
110
26
6
104
75
41
1
55
98
11
115
13
140
82
74
77
22
4
130
70
118
98
6
136
8
123
99
108
18
86
14
61
142
94
54
33
52
10
23
94
28
137
18
122
36
29
33
114
131
71
103
93
91
126
16
65
136
41
99
120
19
126
50
62
39
109
120
123
108
87
137
110
131
19
73
12
108
95
44
116
94
42
140
4
28
104
106
55
143
125
119
46
28
67
133
58
91
40
37
112
119
73
137
46
52
114
82
37
143
80
88
47
8
29
57
20
121
45
65
38
42
52
48
114
85
106
80
87
86
99
17
26
112
113
13
135
73
97
58
59
38
104
8
120
130
91
123
25
76
79
117
8
43
64
27
14
22
34
59
67
137
15
18
81
68
112
79
22
26
1
99
76
110
33
138
65
5
93
18
52
74
36
61
14
51
134
55
111
81
123
94
83
125
51
10
49
44
50
127
62
96
106
17
25
7
90
112
12
70
36
109
102
48
64
17
51
62
9
66
120
127
30
36
142
22
73
123
85
39
47
51
84
90
3
2
44
90
68
143
113
143
136
53
131
7
137
69
122
17
10
36
109
49
32
141
104
121
64
128
22
47
34
78
42
23
134
35
65
133
12
42
70
91
74
6
73
95
31
82
58
129
18
133
101
49
15
115
80
7
121
89
128
143
29
34
140
33
70
48
8
62
78
142
118
111
6
5
51
130
49
131
80
89
53
35
5
112
54
45
2
137
41
53
45
27
22
74
125
39
116
126
12
12
137
101
43
39
31
108
