Bin size: 218
Number of elements: 661
40
11
49
134
175
34
15
185
83
144
172
143
157
190
115
56
73
117
74
140
76
187
33
43
151
68
130
126
49
73
170
72
185
122
130
63
213
102
190
181
101
28
142
173
46
160
42
164
188
148
186
72
138
1
169
20
39
213
135
132
112
217
156
49
99
161
216
42
163
16
155
168
7
33
140
36
8
115
84
29
217
72
193
89
7
187
172
41
106
66
13
35
83
147
139
201
22
75
18
157
16
45
38
217
166
152
29
89
109
133
155
100
159
9
143
49
32
97
49
45
146
50
42
160
178
32
132
181
198
33
166
34
174
64
85
205
73
162
156
159
86
206
21
35
123
113
82
163
151
106
104
82
64
25
185
193
123
135
74
190
4
166
164
154
39
113
155
103
105
138
195
108
129
58
114
199
128
110
4
164
33
17
22
188
129
40
44
218
181
202
18
108
180
133
113
176
141
136
139
107
66
145
8
23
191
91
1
167
191
209
68
49
147
139
178
105
197
57
188
60
54
19
148
211
105
59
82
146
183
2
208
157
173
203
125
19
8
217
177
124
21
98
1
11
44
23
183
143
76
160
41
201
20
1
204
189
138
212
194
18
192
1
40
179
150
92
97
105
43
51
206
125
79
176
85
202
199
77
87
133
169
172
189
152
161
110
50
186
89
83
110
97
195
98
46
155
105
80
169
95
89
24
189
77
83
11
7
117
181
196
116
182
201
185
156
131
82
124
80
151
146
140
93
17
171
113
50
28
166
182
186
11
106
160
107
204
176
114
177
213
163
181
28
173
185
72
171
192
209
184
144
114
112
145
165
170
58
166
194
104
163
123
67
115
19
211
85
42
185
69
34
94
77
217
44
186
139
126
140
58
96
83
68
78
216
140
192
130
26
98
159
199
22
16
121
109
14
68
60
104
33
202
122
19
145
99
101
113
65
24
212
97
46
141
216
190
26
180
20
195
161
20
177
141
215
1
108
141
8
4
163
116
201
30
74
67
141
33
17
190
210
18
85
177
181
171
153
87
27
129
108
142
194
65
147
120
79
151
104
123
52
102
53
134
59
47
143
16
25
188
159
59
71
218
110
97
213
17
192
49
202
150
23
217
162
176
101
210
123
12
99
189
128
178
60
194
187
62
164
135
199
81
196
67
65
151
55
73
143
163
164
13
191
172
60
5
31
179
81
172
16
142
104
121
11
183
203
19
163
1
104
86
59
202
86
7
208
116
100
192
148
201
200
188
170
56
64
180
29
120
63
178
132
6
77
134
46
17
121
82
114
101
8
47
107
200
37
80
158
198
143
138
78
196
50
174
21
44
63
172
160
10
158
66
86
74
136
194
23
45
168
110
144
77
2
150
178
180
72
186
173
206
39
55
105
140
193
122
103
161
76
36
210
56
211
172
167
38
159
40
69
148
149
46
32
76
131
194
133
84
100
123
178
100
98
169
112
118
166
183
101
116
199
182
25
72
112
43
202
139
104
137
68
123
78
186
78
173
32
62
158
