Bin size: 101
Number of elements: 510
77
42
44
47
86
28
33
55
69
40
4
29
30
61
23
51
31
42
100
1
82
50
89
81
57
88
12
74
45
29
88
86
8
52
32
86
77
99
4
29
2
5
25
1
52
28
1
9
8
75
1
85
27
86
67
97
79
53
22
63
12
49
77
38
30
37
63
23
10
94
39
58
58
96
19
93
2
75
84
32
61
99
52
86
63
44
32
47
92
61
70
38
56
63
48
39
74
80
26
56
36
10
50
88
40
60
65
38
49
94
56
15
91
74
34
57
24
11
65
6
73
93
75
15
85
27
13
58
38
75
34
3
23
48
66
6
10
18
73
21
29
26
3
16
85
92
47
50
50
20
43
16
50
19
12
87
35
90
99
9
74
76
60
65
89
97
47
101
27
12
86
36
25
55
85
24
18
31
57
85
16
51
75
52
60
67
27
96
62
3
24
26
8
52
9
101
35
58
38
35
28
71
8
72
69
36
38
42
80
28
84
34
95
63
56
20
38
95
72
28
52
61
26
61
85
86
15
31
22
91
33
63
23
10
56
21
63
42
6
3
30
89
101
49
35
50
57
76
26
6
65
43
65
61
95
13
26
83
52
70
68
71
81
52
20
56
25
19
38
41
96
11
83
5
72
95
76
25
31
70
10
84
84
15
95
89
42
79
34
16
87
74
61
95
99
52
73
85
99
100
26
92
45
100
5
17
5
16
70
20
50
15
80
43
73
9
62
32
91
27
1
86
40
27
11
90
26
66
54
101
70
82
64
69
40
20
50
87
37
35
51
18
62
85
16
24
85
79
26
19
92
100
56
13
87
41
21
60
93
64
56
27
91
83
17
17
33
63
12
98
33
61
11
11
78
29
1
91
41
86
23
77
62
38
28
54
69
86
75
54
15
13
11
31
49
49
35
18
98
86
6
87
26
35
11
80
77
21
57
73
19
53
34
16
54
35
41
38
46
40
66
59
22
37
43
68
67
19
25
97
11
83
70
95
65
99
11
95
47
28
2
19
69
31
69
54
45
9
32
36
58
76
38
16
101
93
38
52
26
10
57
37
54
71
98
43
4
79
31
55
40
1
41
85
44
2
87
36
49
5
92
47
20
61
57
68
62
83
46
55
20
23
86
41
37
6
93
39
4
12
32
38
57
1
73
37
68
101
28
9
