Bin size: 116
Number of elements: 617
11
53
1
66
15
74
72
53
115
47
87
52
111
59
37
89
116
47
63
89
84
6
100
41
113
45
55
1
60
83
59
56
96
73
26
104
1
57
35
23
33
88
94
84
103
2
83
113
18
102
2
49
74
54
55
83
80
79
46
34
29
9
83
22
3
56
54
43
9
62
11
107
78
54
76
92
99
54
66
19
50
68
114
83
44
82
111
57
39
5
61
69
87
44
55
3
67
7
19
110
101
68
99
62
30
60
34
94
77
55
97
78
69
82
36
64
40
111
112
34
115
11
13
95
62
28
15
66
105
10
116
78
18
17
31
27
68
115
70
31
37
64
2
34
2
82
102
70
88
94
54
6
83
106
11
20
46
85
18
18
14
91
55
66
22
58
106
14
98
43
115
53
29
89
41
60
109
39
31
31
116
69
116
89
111
66
91
77
90
14
46
30
56
110
84
83
14
12
73
10
45
26
23
9
95
73
22
106
4
91
79
101
21
92
11
58
17
100
105
108
46
114
71
113
3
35
66
65
86
19
8
107
49
11
54
19
10
38
75
98
22
22
13
19
113
94
116
73
61
41
94
23
17
52
29
108
59
6
92
66
41
63
67
83
2
73
104
28
94
10
58
49
62
34
93
1
76
111
76
40
32
73
114
74
27
91
54
29
60
83
88
4
5
92
27
53
34
113
5
86
83
104
41
77
89
46
105
46
53
77
101
47
99
94
92
99
62
19
47
111
111
24
16
19
8
70
24
108
109
49
95
75
2
45
3
109
76
71
48
72
12
116
98
17
70
38
52
78
30
85
83
54
78
21
5
53
70
41
43
96
108
36
68
45
14
7
23
80
96
32
42
89
78
44
93
83
69
110
36
23
94
106
39
51
43
66
32
33
74
114
10
16
54
16
61
5
84
73
35
36
100
77
26
51
76
64
4
69
87
3
35
6
109
108
57
97
91
56
107
83
26
14
39
87
30
114
31
80
113
89
82
45
60
107
71
84
28
100
5
37
21
1
83
110
14
73
3
25
10
23
12
74
102
51
5
41
113
14
88
12
7
2
9
14
34
39
26
45
111
81
6
59
91
26
22
53
19
58
100
39
67
65
13
11
33
27
74
66
112
110
44
76
107
105
5
1
29
82
114
44
47
29
80
12
13
106
107
3
16
2
95
106
64
62
75
102
33
38
109
34
29
9
34
53
32
52
13
90
115
13
59
64
49
58
111
101
54
51
24
33
56
14
69
86
59
4
47
42
116
20
22
40
86
91
10
90
101
89
92
68
116
95
91
69
39
50
53
19
28
101
17
65
45
11
12
113
66
116
100
71
42
20
53
39
84
71
74
80
116
3
114
55
21
60
7
33
63
64
95
103
62
81
77
77
52
64
109
78
10
86
43
86
84
39
16
94
69
