Bin size: 281
Number of elements: 533
43
25
118
157
76
237
82
202
208
107
133
231
123
168
211
6
246
10
180
184
38
244
250
97
224
89
259
80
49
261
16
157
180
216
234
195
182
257
27
40
31
124
174
219
48
115
249
270
13
71
91
72
155
98
197
136
21
135
183
57
95
106
83
146
269
149
173
163
256
257
280
249
107
130
119
58
274
152
70
173
71
267
29
262
199
145
93
171
206
168
229
5
242
130
64
226
175
235
238
278
164
160
244
95
227
232
201
131
215
243
68
61
239
12
263
191
53
102
8
132
277
146
89
215
218
54
233
239
24
259
250
276
191
269
34
140
91
244
218
132
21
276
130
51
181
66
184
58
237
41
188
278
77
106
180
60
152
142
254
175
227
116
180
76
92
254
264
184
193
22
178
174
211
57
7
100
27
221
94
116
151
259
38
12
149
246
67
268
241
109
147
275
170
55
279
252
176
181
229
83
251
150
167
3
241
215
37
143
220
142
245
52
39
95
270
147
200
247
61
199
201
56
203
74
69
156
159
26
216
206
81
80
225
167
12
254
248
85
251
12
28
281
240
112
213
182
56
178
160
63
71
263
196
78
128
55
72
155
192
124
116
56
272
84
16
231
134
113
43
159
113
2
69
49
184
52
71
2
162
121
189
214
208
179
154
218
220
269
13
178
172
73
83
270
221
134
63
55
224
121
147
109
14
87
117
279
222
129
269
281
241
176
192
195
62
127
270
215
90
158
61
146
5
69
28
130
141
103
56
149
239
259
83
257
29
64
74
133
144
190
194
119
137
179
248
36
11
274
183
161
264
132
44
94
199
101
164
171
131
22
237
48
61
79
117
15
147
31
177
262
191
236
275
89
134
247
268
248
76
97
183
107
200
123
250
273
172
276
263
252
178
202
253
264
70
24
251
62
9
112
135
139
237
224
162
69
150
89
275
160
245
19
242
21
27
178
39
204
278
81
110
238
229
17
37
85
103
10
136
81
126
235
39
238
170
203
51
235
125
73
210
249
30
27
245
91
112
280
192
47
263
254
34
178
51
131
203
235
166
49
174
231
67
271
208
63
63
255
127
157
202
116
72
55
57
45
3
265
129
241
265
75
24
221
90
6
11
15
262
252
94
88
166
148
100
239
265
189
128
214
63
209
128
49
141
93
78
98
180
134
171
218
225
217
168
105
170
140
232
37
277
157
129
217
276
279
83
25
247
156
190
28
11
