Bin size: 112
Number of elements: 697
106
3
95
45
69
107
8
96
9
56
87
87
112
65
53
56
29
86
88
7
30
50
89
74
43
21
15
93
32
62
100
47
56
5
106
75
58
47
35
75
72
97
103
54
4
70
7
38
2
35
84
9
30
95
13
80
5
46
105
34
33
87
56
70
13
56
96
91
68
109
96
29
15
17
20
19
50
67
99
104
11
11
16
105
36
45
111
7
42
82
11
103
25
78
3
21
44
99
46
77
67
102
15
79
104
94
83
10
22
14
86
88
18
93
8
41
37
73
75
57
27
50
22
9
11
49
38
37
109
83
53
108
74
14
6
32
103
105
108
45
70
83
87
66
1
4
44
13
14
58
36
62
45
79
61
41
12
41
77
111
34
30
108
76
110
91
41
58
98
77
4
91
67
67
12
38
57
91
102
77
21
22
46
63
3
38
101
34
97
104
83
8
78
26
18
110
64
42
24
54
3
60
88
43
94
50
26
79
82
96
86
17
66
12
51
23
42
104
52
30
100
82
97
101
68
6
29
21
39
67
106
39
103
31
92
68
67
97
31
72
43
76
17
42
18
25
106
15
88
14
9
80
42
106
69
2
16
26
14
2
45
4
28
25
55
61
99
88
57
83
76
27
49
19
20
39
103
69
63
102
100
24
87
74
19
97
59
16
97
108
49
20
71
80
49
20
47
57
51
63
80
112
7
101
7
34
10
99
91
26
72
20
9
108
51
41
5
86
12
44
93
3
97
7
56
112
4
62
84
87
69
92
27
63
45
71
84
23
75
55
66
103
96
15
27
74
102
36
23
4
14
96
94
104
82
93
11
92
68
60
77
74
18
79
72
67
43
82
85
38
104
62
4
86
22
16
77
50
4
51
112
55
13
27
1
30
79
75
57
5
95
105
82
60
107
2
93
110
8
68
83
11
2
77
44
66
17
81
49
102
36
63
109
2
16
105
59
41
105
35
34
15
102
29
2
71
63
85
30
5
88
103
77
54
42
47
6
83
19
80
70
98
66
8
8
42
93
24
77
20
35
90
48
11
109
4
98
100
7
1
31
60
30
105
3
18
23
11
55
19
41
77
29
53
111
108
20
38
68
85
20
46
111
61
21
71
8
34
82
27
24
108
82
94
4
19
9
81
13
111
51
76
52
73
20
57
25
112
93
4
28
41
71
101
27
64
71
61
21
57
16
109
88
35
97
54
6
25
81
19
3
83
47
54
5
107
32
108
1
21
30
63
70
109
41
29
51
3
8
46
65
54
22
55
18
90
50
93
67
105
28
77
42
111
27
111
103
57
109
99
97
55
71
92
81
101
49
83
53
2
102
54
37
89
7
26
23
10
15
9
49
79
62
72
58
32
14
98
104
20
101
45
7
87
57
69
104
36
107
45
10
63
80
100
25
31
96
97
46
93
13
56
21
19
62
97
48
23
91
34
90
54
105
10
97
4
72
3
56
2
62
52
102
103
55
2
88
97
85
84
20
110
108
99
108
2
91
15
66
89
1
59
51
57
41
56
112
98
110
111
44
41
23
106
39
9
34
19
72
70
33
68
58
48
89
33
33
14
55
105
20
22
8
75
40
14
44
