Bin size: 157
Number of elements: 639
121
138
132
94
61
46
103
134
77
154
42
45
136
101
98
35
95
83
108
23
106
11
64
74
152
81
126
152
121
35
35
77
153
67
15
90
89
102
120
48
112
11
120
128
77
76
110
89
142
144
61
110
127
10
15
94
115
61
136
142
7
148
101
46
142
75
98
45
55
137
95
105
85
79
31
23
96
90
144
146
119
6
102
68
45
87
127
40
3
23
65
1
17
42
137
129
94
90
88
121
36
32
85
104
130
89
88
43
73
145
41
47
128
53
2
150
96
7
148
71
147
66
157
58
17
91
66
22
42
69
145
138
70
53
153
147
107
7
5
107
18
25
35
45
55
1
9
41
3
22
141
20
139
115
90
72
92
53
43
25
49
108
2
149
7
57
50
94
92
80
80
107
103
156
131
27
72
126
157
87
112
113
24
117
122
133
24
84
118
118
10
136
97
119
20
130
36
2
29
151
120
132
52
139
84
17
145
36
73
23
72
57
43
40
91
34
83
67
100
45
155
110
70
111
18
19
77
8
140
24
138
85
118
154
42
5
38
21
101
45
92
69
83
135
57
67
10
152
122
149
155
117
92
143
121
53
84
119
63
53
73
78
12
48
44
148
121
156
23
154
41
84
133
102
14
75
110
156
52
59
136
126
83
71
123
58
153
80
78
130
111
46
154
98
126
25
55
17
74
12
104
62
26
94
40
20
57
117
35
142
3
53
8
111
97
134
2
1
113
47
116
103
69
61
62
32
103
116
97
110
143
84
96
113
23
134
31
112
110
59
84
103
6
32
2
58
77
151
65
97
127
80
112
142
125
28
25
70
38
58
152
95
86
57
139
154
145
151
19
4
104
99
100
140
20
134
89
51
60
41
89
4
129
62
53
11
42
120
4
141
143
54
58
51
156
53
44
27
145
115
67
12
46
141
130
43
114
16
98
21
141
139
86
81
4
88
8
20
18
83
25
59
111
62
1
48
78
43
108
124
45
23
106
14
114
83
146
94
6
49
71
116
98
153
22
79
81
30
19
87
3
14
64
36
90
77
91
64
111
92
69
101
26
107
150
88
147
152
116
21
60
43
20
18
3
63
61
73
98
72
22
74
3
83
144
128
133
123
153
109
102
7
150
143
36
138
90
98
129
9
109
43
119
54
42
27
78
95
50
14
87
35
135
23
111
135
145
39
144
141
8
69
153
129
98
64
70
25
153
92
81
102
133
52
111
123
3
138
128
127
150
115
47
153
31
103
100
117
130
57
37
67
123
66
73
124
148
29
17
138
140
125
145
74
6
113
62
69
42
104
109
63
95
8
121
3
87
137
3
74
86
151
79
104
95
60
118
3
139
41
18
101
120
110
85
28
60
42
145
90
23
9
108
93
53
151
35
143
53
104
102
25
6
47
23
97
2
134
50
90
88
114
75
137
64
28
80
113
143
133
150
157
113
92
45
50
119
126
138
