Bin size: 264
Number of elements: 652
40
56
97
128
73
4
170
82
19
103
16
75
158
83
39
241
7
244
65
204
205
205
96
6
129
141
214
211
136
47
239
31
126
98
120
198
220
44
85
208
85
103
233
29
161
12
231
186
140
235
189
220
173
233
3
108
63
142
193
132
242
98
62
224
230
133
17
94
166
51
56
11
6
143
126
181
114
221
59
87
180
26
233
50
220
26
101
17
77
223
169
54
147
203
61
188
88
43
107
8
147
44
150
187
89
133
136
181
223
145
187
144
144
169
42
208
94
157
119
248
176
64
224
131
132
112
125
14
106
77
247
161
40
243
261
25
180
74
49
75
50
71
211
220
217
42
178
7
230
256
37
204
5
142
123
225
166
212
240
19
238
155
231
201
28
118
55
123
14
161
83
259
120
194
74
194
187
80
245
160
82
203
68
127
19
23
157
147
232
94
84
78
249
24
256
263
16
140
40
149
155
176
172
171
166
16
228
117
12
127
176
173
209
60
177
217
86
157
209
237
180
88
14
77
47
16
133
239
168
164
60
100
98
249
128
221
73
173
11
166
177
216
8
25
199
80
188
75
258
39
206
152
186
227
9
163
79
15
152
172
189
259
232
49
135
115
119
88
106
116
55
144
16
104
252
69
106
241
233
63
30
132
100
108
214
70
255
11
208
79
162
186
256
16
99
211
118
13
164
255
142
75
4
91
55
191
211
204
86
117
195
88
43
166
195
65
76
167
222
2
242
72
36
226
170
38
229
31
133
73
218
171
23
186
258
179
194
125
63
169
115
141
26
42
148
134
203
43
80
171
175
87
1
151
202
116
159
54
181
235
189
24
61
188
243
215
88
140
73
118
112
171
28
13
115
33
187
41
226
229
169
171
118
48
240
5
134
221
155
20
231
194
236
33
49
114
58
134
46
80
27
214
90
254
155
98
151
165
40
245
215
109
172
251
114
75
208
263
68
57
202
213
3
111
246
23
72
226
151
244
203
42
264
151
129
1
175
233
158
115
3
14
25
26
132
115
155
100
24
17
152
141
134
81
63
103
96
112
174
224
85
34
56
157
106
81
194
150
145
195
9
96
185
111
59
178
159
91
88
248
216
213
183
202
111
62
149
140
50
61
178
103
39
18
68
80
198
37
130
49
16
233
70
35
218
165
139
200
98
98
143
35
3
248
207
106
168
32
110
54
247
112
165
39
246
201
117
59
33
253
21
198
6
74
55
147
106
68
20
136
45
258
198
6
137
173
127
52
86
200
114
137
255
40
235
74
220
197
116
242
36
239
102
98
241
120
63
244
74
116
232
157
145
253
178
13
258
60
172
43
133
220
136
226
11
122
61
126
169
208
178
33
7
29
199
136
206
61
94
171
222
163
94
83
182
71
241
191
24
230
104
211
11
214
33
167
37
55
106
74
100
211
47
163
17
169
29
93
105
198
163
43
245
160
9
21
40
25
254
158
26
221
85
160
255
19
218
91
137
61
247
167
