Bin size: 247
Number of elements: 526
34
10
6
13
161
185
145
207
29
38
60
147
125
184
63
146
33
127
76
207
190
148
125
220
202
116
20
64
99
52
84
32
190
236
116
103
47
111
95
243
120
71
168
115
188
115
189
200
114
93
156
102
190
145
119
119
139
80
51
246
139
202
18
143
22
85
93
67
200
13
176
64
48
101
94
94
234
126
21
69
144
32
97
2
102
10
146
222
158
178
132
129
2
65
201
184
93
27
6
206
216
180
59
201
220
125
207
103
220
125
170
34
59
241
71
26
138
245
237
223
213
220
53
122
145
179
149
243
247
58
209
39
196
137
217
37
183
46
113
3
9
124
69
116
156
113
93
109
65
8
41
165
239
62
4
26
233
176
109
102
58
216
227
131
97
96
70
195
78
91
6
216
211
93
79
125
93
168
163
120
63
78
212
133
155
47
235
32
6
164
237
59
79
173
158
11
115
246
138
39
168
43
124
42
117
139
208
20
162
193
226
45
151
199
148
12
165
24
43
56
216
181
82
86
187
123
165
121
157
102
62
179
198
20
4
233
150
239
112
82
166
161
183
231
189
193
239
49
142
160
24
122
160
215
108
30
213
3
32
110
106
147
138
95
31
84
30
193
165
39
161
163
80
223
223
209
168
145
228
235
59
82
195
61
219
32
70
130
146
6
17
159
153
68
208
31
119
154
76
185
49
200
91
229
30
23
221
45
81
155
94
5
234
58
150
21
10
57
162
107
139
180
33
146
199
25
76
220
42
234
188
137
127
96
183
225
95
46
186
34
100
155
25
217
153
20
19
44
63
91
14
51
99
74
130
100
67
246
6
183
87
200
94
239
144
24
40
5
165
70
34
199
71
33
188
6
75
124
5
203
91
73
210
131
65
186
48
236
8
199
31
58
164
150
4
125
48
13
142
56
109
144
164
100
58
61
81
120
230
141
234
58
55
149
169
118
164
6
72
49
53
39
75
20
17
72
247
86
89
180
245
74
4
150
108
194
215
162
158
151
73
148
173
148
38
80
37
213
126
83
211
197
153
147
128
3
247
70
219
126
234
160
80
56
181
166
226
36
218
210
69
18
74
37
77
89
195
174
176
195
106
192
190
244
137
234
247
234
175
152
119
64
147
78
93
233
97
146
236
7
243
162
167
31
111
82
39
195
15
77
213
124
76
35
235
167
234
238
112
91
220
87
19
198
209
103
