Bin size: 175
Number of elements: 601
93
95
104
13
104
139
50
86
148
76
155
122
95
142
170
163
74
58
25
89
19
142
103
22
47
125
161
113
134
131
158
145
127
32
120
19
172
137
30
117
72
31
67
19
159
43
108
133
14
105
111
65
9
144
174
26
1
152
32
59
106
74
28
69
126
22
90
113
62
124
89
100
28
103
130
69
65
52
112
81
92
32
24
165
165
1
119
133
75
10
163
57
70
134
12
87
27
106
59
93
143
173
133
14
15
174
138
44
132
103
27
113
112
76
156
132
88
152
38
94
40
114
115
12
88
2
98
33
19
53
164
111
150
155
81
132
29
47
21
12
42
71
26
22
168
16
99
125
80
117
130
60
100
175
53
20
94
90
125
73
22
43
168
111
31
75
138
22
168
133
1
138
135
125
110
58
150
49
118
3
81
84
118
135
153
90
40
11
159
155
8
85
91
171
80
8
125
99
69
49
79
91
83
170
117
60
1
159
167
136
42
55
59
86
116
148
125
172
81
135
100
53
5
146
151
154
117
83
173
105
82
111
27
124
117
25
86
84
127
101
131
87
130
12
78
93
138
158
19
22
32
146
175
27
143
3
144
149
14
29
115
145
15
3
75
57
83
67
35
71
31
47
96
52
45
42
76
148
1
145
163
80
78
47
79
150
55
164
25
33
128
136
58
83
137
168
19
25
66
26
86
84
147
87
111
162
158
32
25
30
154
78
117
53
31
89
84
174
72
61
169
121
129
68
109
149
65
45
56
158
96
68
78
57
114
165
111
61
89
134
139
2
89
38
66
30
72
102
116
110
89
105
59
14
21
135
83
135
7
134
106
132
43
147
71
63
115
65
35
33
94
143
76
27
130
28
157
51
133
104
111
165
50
109
175
105
144
165
127
38
118
83
40
169
68
115
15
85
161
122
164
95
44
127
113
87
112
9
60
80
30
79
52
12
123
33
77
164
6
160
159
45
73
138
141
151
78
39
170
15
111
69
90
167
25
65
76
12
28
145
137
12
158
137
62
33
53
66
23
55
127
127
57
34
94
20
23
4
90
41
161
43
96
19
19
122
106
49
84
54
21
53
45
86
131
34
9
158
119
59
18
160
76
124
65
1
82
111
49
127
124
10
10
39
101
87
8
43
150
172
90
112
73
11
169
104
95
124
30
145
52
50
124
83
60
7
11
173
28
67
166
112
133
52
156
34
123
65
126
16
18
126
11
39
80
115
131
104
153
82
51
77
81
128
116
37
98
83
155
120
114
96
9
140
154
112
122
38
22
13
127
121
171
51
59
3
151
7
140
20
17
128
50
31
106
171
55
161
114
70
149
9
159
4
97
131
150
167
22
80
114
12
52
136
36
41
80
13
80
44
112
