0.13197050296355295 0.6350146435988929 0.6153325314376523 0.15403210775188814 0.5882079611422711 7
0.8411102843594944 0.5135682863601135 0.7243144555421056 0.5802135195630562 0.6761120301125113 3
0.02480946545767082 0.7637218672109581 0.7394657963422172 0.5136011340751963 0.18626552121345952 7
0.26688554650268237 0.6726052904515271 0.05758841198940445 0.7726498461512605 0.23403832663696023 3
0.9235906175040961 0.32390923665677573 0.956276472520621 0.7825531153739312 0.8357459126298727 3
0.6855172947811301 0.9693518115038311 0.27311444226614845 0.31170038355721874 0.3197794504690117 5
0.276779651985284 0.0827110595250703 0.7168615408122544 0.7959436656708716 0.34273952975200794 3
0.2608748680738827 0.06057744533746767 0.7810462002224627 0.9291942370310301 0.26881952931557784 8
0.9530900306535536 0.7108335459715701 0.5441185882502836 0.274710018934349 0.7842750893441228 6
0.8850026139295329 0.41379866789749153 0.2159352028327518 0.6957198650576771 0.6378628155769211 7
0.8081908575488359 0.12171194191863022 0.44916766102889705 0.6521113693881024 0.5345489608235366 6
0.2142647502394991 0.696367029090279 0.9193991359467679 0.39401335024102213 0.8473656777574461 4
0.06116159749158889 0.7857359191351906 0.9042390431778657 0.8823328584674036 0.7566932579588977 3
0.2776121843363718 0.8686752699012413 0.8966603165045685 0.7566361224807108 0.15501023381013823 1
0.5369374284178862 0.9095269697076089 0.179735893863887 0.7750454530500004 0.5676942196128392 6
0.28792172796128923 0.4657033993320806 0.6996828805442461 0.08878535773909146 0.008061864215378911 5
0.8591040726280964 0.6043375216763615 0.8813218494577217 0.6917577756945377 0.6846448729175795 2
0.6075144017147753 0.41579704518382055 0.12628999621307646 0.46683213870937923 0.6026794599960296 1
0.26935141492006964 0.9089141294487064 0.7257724883005119 0.4147657929617369 0.30719540721105576 1
0.5619211477625387 0.09828022985857132 0.7108167492246064 0.2864036605266137 0.8695686175739545 4
0.25488944453671314 0.858198542313682 0.853103223564013 0.9773503264850388 0.6510574035444457 3
0.5786315366344176 0.0664862063492121 0.6183290513431379 0.9692047937432208 0.9452792293863775 2
0.5807925939679272 0.575213335905035 0.5003803179826251 0.9164275243428815 0.824468856038087 4
0.04414166791477736 0.3710927388151354 0.8679714928992623 0.8016232857717343 0.40784680527300166 4
0.005744821502685626 0.09594620690163258 0.009389078079247382 0.382472993243109 0.46800209604935217 1
0.7909011861134019 0.753713854847821 0.4080875598323541 0.7036914271745289 0.9254743735035493 1
0.975838161353768 0.40456727041042173 0.24343719924834595 0.9825789930485521 0.06462169048219224 5
0.6733907071867304 0.9554370016437636 0.9300800556703881 0.22919847386678371 0.11917275703022467 4
0.7702075638196985 0.6131482186826575 0.10115130828618224 0.11104622768585137 0.5292462727064663 3
0.17872294499995778 0.031723909187125976 0.6419813926909258 0.19327633049059234 0.6406193084625953 4
0.17037146547820758 0.816492145717447 0.20060091871124397 0.20192782095692963 0.8010502406628237 7
0.46834402600732916 0.548522980455775 0.4700873767730147 0.088926268661354 0.7788033988495704 8
0.7426386538235422 0.33305673861437435 0.5103172482103743 0.42727744348442187 0.24726172464377194 7
0.2858794453092567 0.27737516852665123 0.2114111850295649 0.481006746718595 0.3815145946127174 8
0.9336258115901683 0.23240365763990856 0.7116870872745361 0.9482211913106838 0.3436973670950304 5
0.1264731880872817 0.7594195473192592 0.9093509544595019 0.225346620016164 0.8152932686156972 1
0.16258585099151213 0.22392586900815858 0.13525113707155223 0.1208531588095022 0.6433144921110037 6
0.9786130869680061 0.8297088443827595 0.6370393521629529 0.8184057006414424 0.38868588373962987 6
0.9436588428770125 0.28435982756677136 0.5093290162523383 0.7661263110030736 0.056094419813507046 1
0.1105634548565878 0.5450344438016871 0.5502836866195491 0.346514623826363 0.8712157468690646 4
0.1921848100193907 0.531794457066638 0.31926267821316745 0.7066312167890769 0.2527897006677746 3
0.8315181152208138 0.2640264014739213 0.7887448070193607 0.1841528176313023 0.3765309818729451 2
0.1940301586006954 0.5428861544526137 0.7480385851966931 0.5872076832472434 0.15724828942076563 3
0.8810475925266897 0.5860767133261292 0.26942692808217983 0.706722805455949 0.46859027113868623 6
0.9188403848646871 0.2340092487645673 0.5044306831308173 0.9384618205821378 0.7822065434133005 7
0.5654722852977793 0.8488729571614563 0.17571739812840792 0.643980986278401 0.6173445468949822 3
0.7647132242851947 0.47757553782773954 0.8776229448151155 0.8082317234321648 0.64741168484537 2
0.8033632211358439 0.45001385526799464 0.6259546281561622 0.8762186174368035 0.5831076286863104 3
0.5571375208993089 0.33667184157867114 0.6082466157103033 0.13858299495387205 0.03553688736123228 2
0.27459736363661225 0.14196904875939031 0.3033542596931169 0.24970001108323603 0.12228548758886304 5
0.20414491954359204 0.10682709543679547 0.760494340769172 0.012205455290725697 0.2017029689101526 8
0.24337163665737305 0.42718309678569977 0.9707245103620438 0.35603015981378716 0.5643606728821053 6
0.8324729805295819 0.2531358144171718 0.7184492694270401 0.9321206318501116 0.3565222688225945 1
0.3453065570637093 0.251413435934577 0.7787542849431446 0.1820370762959973 0.31100407710432 6
0.4961397530226668 0.824127916007052 0.7119943089237082 0.4323990948805799 0.7904324041006099 7
0.6922462056685676 0.35843109003222084 0.10575799331590541 0.09241891047466222 0.152914202101892 7
0.6591817117842182 0.010689846005742631 0.9036431354178425 0.5451259029483447 0.8986886138285223 1
0.055588676269571535 0.9280016359757834 0.33961347086092075 0.7568193563025154 0.48845910211616006 2
0.6084080252043113 0.1990048620539605 0.03736088451811381 0.9701407034066777 0.10173509950510085 8
0.639957039949684 0.4716034396723806 0.5292306436401173 0.37615948130861243 0.0604240464924366 2
0.7498764817551705 0.14089570950742036 0.9639193133467014 0.20911928365936727 0.7347775420336671 7
0.053747838934046555 0.4066288832002135 0.1932399759577571 0.899967790719433 0.703143687255452 7
0.3843967639770247 0.7331157668495799 0.014557775901435477 0.4343514176147234 0.903230212134358 6
0.5215704974608499 0.26985337223517536 0.7776915946588738 0.8571145485007727 0.8120243095213231 8
0.04271981773411326 0.35904973685607655 0.1956975077870723 0.4651093638953393 0.06731293745250122 7
0.16581756628565636 0.16474646081096678 0.302407468281382 0.9467704947436194 0.8109385722292454 6
0.790172157307909 0.8019484048292819 0.5221839952624358 0.9207903960588645 0.7294245886462868 1
0.3105824771024923 0.7647377151663246 0.6272304577685444 0.6545740179662983 0.8002012977206976 1
0.08334666186265394 0.38823651392111 0.4950079843940286 0.4100557869358732 0.05202139860023369 8
0.23086787728481828 0.015839791000101133 0.5047656574860321 0.8709048899737469 0.8188115780664366 2
0.7780622408731989 0.2625962591873626 0.7616828299411809 0.4989777292025396 0.5315797971865375 6
0.5835040760588365 0.5970695045609293 0.16531113626667537 0.7938271032226072 0.7493732271024336 1
0.7481567448861116 0.5334438097648951 0.37343225955679993 0.17874463326894874 0.9958254972597234 1
0.9134241969623171 0.20589747747995735 0.6025266701029411 0.29867686978685637 0.8325819132457196 4
0.27877866183529787 0.4580795478933568 0.7730689224247393 0.6247645187110139 0.17676132396668875 2
0.1299184355690609 0.8384954415954856 0.9949905544396185 0.44943613083416667 0.04039399378485142 2
0.9456953157969638 0.8612071062298754 0.7109212413428585 0.20404515115402722 0.9411286745129419 3
0.692216973675481 0.43083957447870425 0.8091461245894532 0.913946330356991 0.1829684361228472 6
0.08373603075519276 0.5986805244291009 0.6933920520409316 0.9465185303567205 0.9327886533225314 2
0.4322276195971404 0.5167673601769476 0.08324155523043009 0.7256805495627798 0.5942002537707338 6
0.18284100198980036 0.090252619358127 0.3197094389618784 0.048516679775381766 0.8981101891683121 8
0.4744803524268383 0.9428743136356661 0.18971743863473267 0.10920709082608326 0.5541399805207573 7
0.6292878839938926 0.7507616262370503 0.9571566323218698 0.42289445453258534 0.32580493881906514 6
0.589308091474639 0.15767627600537404 0.015098612586364801 0.95464038304084 0.2638201515708345 4
0.13251950376911192 0.5486078270807966 0.6435443236391813 0.85033433145689 0.23674914838814654 2
0.5350191491849983 0.16375168949226082 0.9817984562682939 0.9882907646821701 0.18898722597823803 3
0.9445979995597658 0.9135352860142223 0.8879154499960039 0.9201572756520007 0.007185140606888352 7
0.5082936702403893 0.8866176654777912 0.665344814595485 0.7423872817255401 0.9339626222376552 2
0.589662054293943 0.8026479550959796 0.16644910794970613 0.6765023458615297 2.9634112132048696E-4 6
0.729262570210081 0.47288263582521073 0.9333888154906165 0.07616256860222115 0.49533431637823644 4
0.2748655001595527 0.914254224711427 0.38025641371125574 0.7070276875730757 0.516501120529759 5
0.43870467331235063 0.8827569842140612 0.5494593223052571 0.2437526002160214 0.7774061503960747 2
0.45212707312925526 0.8135469808870289 0.35523827237127337 0.3263236155916007 0.15191256886927518 5
0.1795234221345372 0.08829305033462287 0.044776972608714605 0.34127838494549334 0.6273091794602599 5
0.14162285148837683 0.10229082530532352 0.6214012333287239 0.5150181978868622 0.07726281605716345 6
0.1731420005557135 0.2287639618736813 0.3655437826843927 0.39614049922925654 0.36740542654786257 5
0.6133041009502245 0.7266026285294014 0.21000403905295917 0.378094616487878 0.016192067730614434 5
0.8836816963859402 0.2083805878203162 0.35097560946972983 0.38597147393663034 0.8660913842373257 5
0.8518253459787246 0.07257441365354211 0.051634596723869275 0.08222871664615372 0.8121539025852859 6
0.488764903635444 0.44908446697746407 0.48894637162958776 0.09285546106374643 0.595334925797694 6
0.9031185106245408 0.648903251136359 0.7467929054905112 0.5219939216687527 0.4272902452436165 3
0.945511296054333 0.8324437848327962 0.6314642876213524 0.9103378611517775 0.8742560343364933 7
0.7174508149652669 0.898855246666086 0.012782712780598948 0.3485703692320997 0.01448087891570149 5
0.6537712478714018 0.2797188136791504 0.4313025489754443 0.5264127170357287 0.592788020641055 6
0.4641558959544224 0.020806081042213487 0.9866908478865535 0.4721333761453754 0.34537381188185845 2
0.37586843861342245 0.9279516818014144 0.1839576956125304 0.8050888186986705 0.14793282485607762 5
0.49732836065117025 0.6072639223445464 0.7839597949657372 0.7203862469788502 0.36255435053363394 4
0.0730988093185474 0.46247510303523276 0.5257108512319388 0.18230013380136734 0.10735039219132825 1
0.19962487917257032 0.436694871233298 0.2755358971055808 7.406996497243412E-4 0.9531127467891157 1
0.6639607037638813 0.8625230809430194 0.04891885265217155 0.4788396370673248 0.2409985446917382 4
0.8229148284810277 0.8706348554601493 0.9538015553349793 0.07243797681450426 0.21372105061432822 3
0.39756677936882234 0.6066663738604879 0.34976291576643415 0.2136607052501338 0.03126656755329016 4
0.17987691809880957 0.02048647518058555 0.008477091882260535 0.8874421251250354 0.4939322446639587 4
0.5679154162702436 0.2685838518227972 0.3215354583771035 0.27530288997544394 0.5855222040786092 3
0.6197378187566372 0.15406279419249003 0.32840408219213957 0.40522660747173644 0.36476555964389534 4
0.6706756545187699 0.41122046119130473 0.6481459205935627 0.17736420433343125 0.03221817635695445 2
0.14420217442661143 0.7113545152440043 0.08359816201575554 0.8266138479660976 0.3637438822145309 4
0.8238660275858464 0.758671415420025 0.4378785209790004 0.0858554860427243 0.9826812555661805 1
0.7862238463420503 0.7921609246424265 0.8241871339998872 0.32561689469205446 0.9154005243535008 2
0.33728484006167025 0.7901710915751453 0.7665369836672707 0.3619365380166414 0.48543288081886216 3
0.4846198526828849 0.06513899389837241 0.6588249685603265 0.5857711840314942 0.21787436716077102 4
0.7227753425994989 0.15935472171289045 0.5719617291130225 0.512947866080366 0.08836779760044888 8
0.6416307378667614 0.7284892777706646 0.044900558039908334 0.7687334159218356 0.12156371845506364 5
0.18838625710696855 0.6944991206588047 0.8585074599691893 0.18781600791915976 0.15634256489417464 3
0.34838192976920335 0.42691089947125993 0.03633549332918229 0.9579639358438096 0.10491092194004648 4
0.7542143819582018 0.18173891869032444 0.5304205284745239 0.18982423004803228 0.46770348970037234 3
0.9048024654915267 0.897622589172538 0.4919923076271414 0.6290974851653862 0.3752413344732045 2
0.5661929613108031 0.6732926583606469 0.3771563450114942 0.4104048186649215 0.3330094910175079 6
0.2499496651030525 0.41955388332712706 0.5853661349891925 0.23146575598115116 0.3966366069481798 5
0.6058978110083257 0.2713874145108214 0.8009872719751446 0.3048391890772568 0.47633165146022394 8
0.3808039661382513 0.7159400426841808 0.017234727809600336 0.2991366385234635 0.4945781651624239 2
0.16823412631862478 0.6626495394883722 0.5520662450876703 0.3367640002727713 0.0982080673362371 6
0.6344185747852144 0.7733710210799943 0.555758229349104 0.3088383129198278 0.5855616983265932 8
0.8635580348702273 0.09563555498519505 0.865636102674772 0.9046985487406478 0.804898554137834 7
0.5676428020738852 0.4669488758919407 0.2767301367872754 0.4276241136117961 0.39005408710749456 7
0.9907244573863533 0.9791745531274517 0.030995123005868153 0.9265394640864214 0.6923580003619068 3
0.4237043983699734 0.31362525492981974 0.33774512667160494 0.8596742239294322 0.4683331863109752 4
0.4189245979213092 0.3930187807743838 0.431745128718794 0.457660380638391 0.16053095744243973 6
0.9848290410470623 0.7656660954501835 0.6242578611433386 0.6557303170908761 0.9259392863964151 3
0.8522475323844619 0.20675220949510376 0.9994300441072846 0.6997602742930261 0.05651706244959398 6
0.8598506964967141 0.7548192178119543 0.5187584106034165 0.6279844841683737 0.15522203019786784 7
0.3033261802569882 0.40892026938017545 0.9069135238153315 0.9152607322535562 0.105953086814221 8
0.8489942922761321 0.900606509133621 0.5617103940707268 0.8126528482526696 0.15653158322549943 8
0.11795624602945409 0.7790408446976193 0.04016217477365114 0.7915333193580112 0.14149221675475965 6
0.013363621746489085 0.7580761023794615 0.27387456217569517 0.025003083312408525 0.24920412873599807 1
0.1748031193899765 0.16894549942479786 0.3349509092087154 0.8236521503847597 0.7007375461111374 5
0.9057689939510564 0.03601467545741732 0.2543673721230487 0.24789437050786645 0.09284344834250435 1
0.5102882369874528 0.8874387590679209 0.45661005172354385 0.9025306149162847 0.9732139787679284 6
0.09238077611611073 0.8660333240674755 0.8572803988915243 0.8849269567872381 0.8935018294345658 2
0.5884730485832999 0.003552852076561086 0.5362840173272818 0.5072156303901328 0.8269382923815026 4
0.6112962825002314 0.9461053069231369 0.2819130119792129 0.2930879652884216 0.4672151250210502 1
0.7492352432685525 0.7987138959380528 0.7562742231094391 0.7057764340616681 0.7398746435965864 2
0.3744596185607636 0.7190471337312665 0.78764741353487 0.4873188797678507 0.47494840528803084 8
0.025258530480807395 0.10692478352716761 0.49988910410232335 0.5686396879962616 0.9000387210678523 2
0.723474694462963 0.677099362422085 0.964221807232084 0.4807194674802846 0.6283600000573476 5
0.5193336036736489 0.8846089265075889 0.5478271722801499 0.591385716777051 0.5202406989962293 8
0.39770431271097684 0.40817706763554895 0.5516334920935845 0.3891415500408859 0.9948938209164657 5
0.8781950443558231 0.048048632318191675 0.41346908574571284 0.3109356761429227 0.5394333075070753 7
0.0646487493982687 0.11752404043338538 0.21113104841278474 0.18771558913878905 0.7035606147061683 6
0.08759454114852383 0.40638989004668835 0.3635574199024191 0.4797231883125438 0.35235843067172334 3
0.2979496850776697 0.07041891768159614 0.8997307025305903 0.8593917503015227 0.36937099301434684 5
0.8455384638842586 0.4019756074988755 0.9685940516734614 0.9368576683970213 0.022661701351907704 4
0.467466048753465 0.7072457675479378 0.09541873318755179 0.6218663588423984 0.4147345744656432 5
0.14659338916589315 0.3473075556767834 0.16888609291312795 0.6834514279512934 0.5918713426652387 8
0.4287210124877564 0.08165495318750626 0.058678296897500704 0.9593034692805207 0.17024078515046404 4
0.42989054022503415 0.9192266265319715 0.827523898394727 0.6311958898455234 0.5976141295606946 3
0.1656194995389585 0.7657050570572753 0.5982059440288184 0.3190509442075974 0.18508869647375925 4
0.7069360617140688 0.8359401839588524 0.570675191272019 0.04893692308946318 0.7591679448665022 8
0.6506885698343416 0.4527902186692143 0.4346590448301041 0.5610885220956291 0.5690349939658856 8
0.49256111753219156 0.9013140928221614 0.3884317733064402 0.8814127695094296 0.9769265351939379 3
0.14119363300882515 0.16982131140892387 0.22600229755033874 0.5692354519758535 0.42308024364420393 1
0.11332184605655682 0.9533863106398781 0.9860461166578748 0.8574829088635871 0.32457920846446253 8
0.9273353663113532 0.2845436016846904 0.6314983463937721 0.8481835715747343 0.4952157232748511 6
0.062386199178574575 0.7003479316064932 0.2357473190822218 0.6420894701509114 0.5887845833360192 2
0.1903337240511459 0.36203734478753136 0.4486131181249319 0.4392112144018917 0.12040417290030037 8
0.508421049809241 0.9672764021508001 0.28342706077870206 0.21685729064432036 0.13084374218721562 3
0.11355718748115429 0.3863624281336958 0.8580843242746057 0.08997214309902368 0.2705699784324347 1
0.8482198244056607 0.5106950262354335 0.9123380127149862 0.19865270712313898 0.4083551029416469 7
0.7189563164092309 0.9189712898414408 0.1571271709426575 0.31004287906052497 0.15072491135855082 8
0.31878639523495733 0.28557201265713905 0.6575483166277609 0.9235851574349546 0.40205998269870247 3
0.07391337879556537 0.41492936103192246 0.04922799310709092 0.7339507507803743 0.231458391563914 4
0.15431958148457448 0.8706604853426815 0.9002479996838415 0.8358498536959494 0.444063581835355 4
0.5302199860975726 0.161145612659909 0.591203897700648 0.09719447552515659 0.9058715058641474 7
0.5870167444561757 0.6731215530259241 0.7501039538937977 0.026473803514107552 0.5383439362867651 2
0.5172474208636123 0.13773036760246804 0.27418187729743226 0.10830725813466802 0.10063654494123586 7
0.14784354573951508 0.542159726470151 0.9467124565343564 0.6664413174924391 0.20293672324785927 5
0.11547525360746569 0.53426123529677 0.4348784312888593 0.5713025748695219 0.15621496520377176 4
0.22439223475010683 0.5239408023212021 0.27779886970325574 0.5718396844045686 0.14541116171404656 4
0.18439565013004156 0.6771523444389574 0.25703648060714 0.27788085183556 0.12036798936603055 7
0.6776779395274022 0.6863499333061387 0.12216683018874064 0.22557908698988394 0.7092286289635329 5
0.21041212708884283 0.7424859013498819 0.030103757346063964 0.44756511032655566 0.27194649883701005 3
0.5081991021531476 0.23218760746788514 0.6794996931557262 0.26090566409196747 0.9983018368401219 4
0.2757033764235992 0.840579396551262 0.08321255417294537 0.8464720422830474 0.20854725348121106 8
0.09381406993477848 0.5031899391583082 0.2469693225511378 0.6863399186300068 0.90054953550642 8
0.6281241349492013 0.8642255364007919 0.9072480531811863 0.16171472918679364 0.1919752256025471 5
0.397963429001175 0.9547988793444736 0.5442086218856391 0.9998374356828627 0.8884677553485423 1
0.2550666392804033 0.8919563973010288 0.41626843956774984 0.7484714958766586 0.6495521569374466 3
0.7664933122945479 0.7528968032468657 0.5735555589426434 0.8018822348553503 0.4757155864826651 7
0.6308077696404267 0.9308471353269335 0.08176675819881773 0.5005453113254206 0.7771644809235594 4
0.4948121010831815 0.30875920428454173 0.8315786169573912 0.5728878971090092 0.5534396864052448 7
0.4172187725450195 0.3702885344653296 0.7992412903954499 0.3227764182014139 0.08154364138016168 7
0.25433900075739246 0.8272683336052318 0.8607441591085351 0.929695047154583 0.5185386047596775 4
0.35181565718200325 0.6988221890611104 0.8162673839722733 0.5049604871874683 0.4346250650004715 7
0.7181801578807002 0.7959693506108766 0.1466889821728481 0.9191180883959235 0.1382942490558119 2
0.8549802054190853 0.8105456258978329 0.8647404133936435 0.21196338987392704 0.7919322012153489 8
0.3206937779536113 0.28883997963578 0.2269117842538777 0.7434082054014948 0.4717746381725524 1
0.029782843577993434 0.5957591604588374 0.7971862679257361 0.3135128874778266 0.14978450836143165 3
0.024082992933863845 0.9986836539060296 0.5807997019443515 0.7431636583670173 0.8881386969351351 5
0.7131905428002224 0.47244008138916416 0.5280119870224727 0.879686277399248 0.5827295826052651 5
0.24738131713428646 0.04584493832601266 0.4187568333354085 0.4876322354164454 0.28544987735962024 2
0.06654420720247467 0.07079396969423202 0.9252959567716869 0.8644028158245364 0.3129508686220267 4
0.7391722227280977 0.8384852386460072 0.8798039586929426 0.44051538534503343 0.02083272784406054 5
0.8660414052351475 0.4325469887220518 0.4871937337897364 0.789267845114338 0.7175044973761715 5
0.1451110954873911 0.5809463218558368 0.3823699820862536 0.8812967754623784 0.8137826523624182 7
0.17056247026720106 0.8298069913944438 0.16926179036581424 0.6239052927288674 0.9770899485600744 6
0.33479404622074027 0.4417671583806062 0.952096674933709 0.56778278677728 0.9791654976997337 6
0.404528899966365 0.6452353867874384 0.6049782752993083 0.536454204658836 0.7116609681351238 5
0.2097449904567129 0.9017099400286709 0.2733308497600898 0.024956298287258427 0.7849206355831794 5
0.09758490040256396 0.6859356952966703 0.1814666030936004 0.759193782091039 0.4335346654238519 8
0.7152687718405601 0.40468903048531113 0.9775786425689961 0.3384090070702679 0.5117074228008003 8
0.5707445237713202 0.8278791814054154 0.9959037686247305 0.47930045237752494 0.9777583567517767 4
0.12364447461675532 0.13078664211459057 0.2925490541265282 0.9175318239512409 0.917711533052039 7
0.7502480339045895 0.005851201669747175 0.6253222699129729 0.4235299882093395 0.24234521571043932 4
0.34461031172772016 0.5005772998223229 0.6295145241356485 0.8743066667607625 0.2815545699345682 2
0.025723257314686943 0.2758168039700609 0.8934910074804386 0.6581563554236777 0.5875914615342099 6
0.05131700956813623 0.9037728087911474 0.9845688875502703 0.4379575559195903 0.00972619043137668 2
0.6483487426470429 0.9822678758337816 0.41328676829805455 0.07178787807931308 0.10403902610285742 6
0.7859043125965778 0.12273814854209075 0.1709636403265089 0.19388236311995344 0.9521853151248377 8
0.5875673462388614 0.9625278524952038 0.6214451919117163 0.048721114970522894 0.6627498321122899 3
0.9285806751769686 0.9927178717148445 0.8850559119387157 0.8972008848893354 0.07075310351465203 7
0.03150056642944765 0.21315462790058815 0.3048055353624678 0.9742809816146416 0.2094088442300347 8
0.47756381984642104 0.005651789859945966 0.4375022234131113 0.16691936375672045 0.9496471376027273 4
0.8265649086929503 0.5304960461481903 0.24314160212989666 0.44113546380298185 0.1553746352035077 7
0.9944654781605481 0.8232475482664489 0.6541845787307008 0.5161247151824195 0.8259826263478011 6
0.10589414685014953 0.3181164832748501 0.5633960372763863 0.34686174301457884 0.954148235609765 6
0.8206810027414959 0.01751685756540433 0.9679560136368927 0.9167869060230193 0.350293132941656 6
0.1540217676677743 0.028226874409709057 0.7136136111819101 0.4880802682579516 0.030832123417260937 1
0.7650703092876076 0.8032714827386117 0.0826454026790483 0.43466093815294604 0.16310005299506458 4
0.19688028959446036 0.5724154104137327 0.6220939204738541 0.7652615363153108 0.1550027435811453 5
0.9016939639452952 0.06711353224118888 0.7948617217336695 0.4004448465752408 0.5932862385986808 1
0.29152549137498407 0.498888683350884 0.6082618921010853 0.7148502717648911 0.1140223159440017 6
0.898594149657658 0.6312442422792967 0.6069905497304455 0.1077635231535361 0.34750603744067177 8
0.8190946476892066 0.7890990384400965 0.9564799821395347 0.7816401258006794 0.15416577742097515 4
0.4245871239775636 0.4179544065221813 0.6563763911208943 0.1467125581823061 0.9670905397365107 8
0.25736040511625846 0.7760461538603942 0.7525035448009436 0.5343714421498326 0.11104184642767156 7
0.6507603984701253 0.0019481576938089606 0.22103650931636287 0.1936103410810428 0.0798832221744451 8
0.9258425302619743 0.9297060946448441 0.6145062475150206 0.9113133705741588 0.4486378207267362 1
0.6768441070214382 0.9526916782172916 0.6413531307583736 0.3832706616721583 0.06916799874568569 8
0.2567919841859758 0.09195483235644775 0.326580065414121 0.5601311932539239 0.5679192515917179 2
0.8698530345065117 0.37776690526486434 0.9200427188091111 0.28952206438677 0.7203278603277138 6
0.8494628815104391 0.17401705291251657 0.10234026485399705 0.4076279912204239 0.7312678687984424 2
0.6033718496171806 0.18074935324948838 0.5293022596625448 0.032864437953348924 0.6880995218558241 4
0.11293987554106777 0.3538853782437218 0.26974251825970974 0.7599898312709146 0.7781419911932382 3
0.7305832229659726 0.7434186847719395 0.06438471359920284 0.12106723621969673 0.25326507093960593 1
0.694389777957883 0.4293192030852845 0.5754460471274229 0.49295186258227264 0.48019562004675 4
0.3126144935914684 0.032149337809619594 0.33695625212860614 0.3091777240702197 0.8073492054443284 6
0.12495786092389816 0.1939463302111285 0.05803300450450388 0.2438421014739225 0.9006937783493546 6
0.656005430054823 0.512117465186246 0.29944079720798367 0.0398220984570159 0.8173665494730075 6
0.1946307643717654 0.5096544609360966 0.5341208532644054 0.9637490007585324 0.48341344191833 1
0.5890762392441196 0.7305001985368187 0.8331576363993054 0.8928458029522465 0.6798901762425517 1
0.4902398825120057 0.1478742418950355 0.17988130179150563 0.7280975210120172 0.8003206837959156 4
0.12670138129888442 0.0011312649812821318 0.918410663330669 0.9352539211131988 0.874689470017807 5
0.2973800560464859 0.4655188530946469 0.47270593255613136 0.3377076114911628 0.9351664948048605 5
0.2364713252604459 0.2881171497461572 0.033788243285263975 0.9180763962898529 0.17291121822510336 2
0.6773704810334578 0.5682598325416052 0.8837346885669888 0.969948470304507 0.3717451519161735 1
0.32645105263905483 0.1447061546021401 0.804785105784785 0.9161967283557008 0.34325537894897296 3
0.9844860544870777 0.7944825255881474 0.18169068577884984 0.9608901817826682 0.9909103100981216 5
0.325720512536785 0.4162422476820149 0.9384588308157695 0.25034723294435945 0.8318225780305553 6
0.3865388493780382 0.12767883182952933 0.021940773603211117 0.7143944679431438 0.35954651875940513 6
0.8236090824330773 0.36232474686784577 0.34118513650043636 0.3673877985400684 0.26728767491604966 6
0.09349146496528804 0.5131987558551497 0.6519283741138503 0.7428742724846787 0.9175438705814266 3
0.6720122160356661 0.8933333731695717 0.02067763788710819 0.7856489074435999 0.36277991073122573 4
0.7285417349576555 0.2785668228923639 0.6178431187687475 0.13062447310344227 0.10655857183685857 8
0.4269531482043607 0.9100180694835555 0.922975393894253 0.8972349324881204 0.7018393348999147 8
0.6581315263903202 0.1413099769936751 0.4941082436147506 0.0015684518455352237 0.5610844522536097 7
0.8449894732348417 0.9929701395778118 0.44962374784187575 0.0370366712214838 0.24487680835754 3
0.4607556760422843 0.9925029680895842 0.45375594598063906 0.24406242860178018 0.44773448404324023 3
0.07048864820251244 0.20069800620694445 0.048816680050161376 0.06555209624009417 0.5836500930884457 4
0.06326751194752323 0.7366929708547837 0.7625923296734192 0.8773007503970416 0.6617494452325869 3
0.15463360937192316 0.3648834401625959 0.13107431804923153 0.9256721594203062 0.14274978765920032 5
0.3074025030136178 0.882648084062925 0.48787048831622115 0.81413349731661 0.5873240075609699 8
0.5308594319031825 0.7439369314205748 0.4228576242255224 0.36103343079578465 0.2614849971236206 2
0.50425623639004 0.28977926472143667 0.27516323152619904 0.2887413366076673 0.41360785250276155 7
0.2329824380637262 0.39930663470504335 0.39257316568020084 0.2811437589384618 0.8164950039007296 1
0.009202622988038534 0.3874329239299189 0.3259886055551864 0.2916202599356107 0.9316268596416628 4
0.00942536468026478 0.6682391689066381 0.7205164857936819 0.22297516170316634 0.92896452268346 5
0.5375584021060619 0.4836012544469045 0.6729600959144122 0.9072315194409407 0.9337975997590433 7
0.5035523591310238 0.8187770687111262 0.4295448619568404 0.6564294276742547 0.5934477690335626 6
0.4266522849791764 0.24151049632223387 0.8502090471693177 0.05221093476005312 0.10431043502584525 5
0.4523533870842119 0.6065668473896538 0.3411218517995429 0.40549723270175897 0.6287836839533363 4
0.3790580192664429 0.45821220766850146 0.4015536818330814 0.8083210648865421 0.8990078829933025 3
0.9816950803059697 0.18059079355573882 0.41297745393641117 0.5750940198486949 0.25881086737403636 2
0.39460249228973776 0.9287162273739034 0.35736565599171266 0.33436846767607264 0.36748653803987696 6
0.5460807764285865 0.6062244639823257 0.2499793857930821 0.08547168357561319 0.8815678554023286 1
0.615361468543494 0.4223682132420262 0.8433117115873934 0.22509765763504186 0.16800243572481754 6
0.8743395295232493 0.18906122846299267 0.6589124485376778 0.22176762394766447 0.1803902580585307 5
0.6682075557758071 0.6350888762398627 0.3601243016411023 0.1626122868928962 0.16736099409938554 8
0.439890427422829 0.7917339343983749 0.5407145502484247 0.5056680886383174 0.6687933850128893 3
0.7935753531289295 0.4117555492843875 0.9932820883894057 0.777163036480718 0.003324987045369432 3
0.47520492211127263 0.4385029803849614 0.6803198124086725 0.6893255500055335 0.04325529992087063 8
0.5969621631882993 0.5574215538583212 0.8749571870066212 0.7991811622593983 0.8161745520252536 4
0.3948165399742135 0.6986693129391378 0.10460984622231984 0.7585852379254931 0.3439919067647895 3
0.6512822182839632 0.17423220300240005 0.6278130801484124 0.8432249678327904 0.028905629221465334 6
0.6797039316625718 0.6299094925582499 0.6330771962540819 0.513238725485243 0.8935419837725085 8
0.6667523293114017 0.5405384119915484 0.20151289533203776 0.9716477629358361 0.7084324061703741 3
0.09226408545314391 0.5094730481183124 0.15384303212609451 0.32303498636134986 0.3499387131496785 5
0.6067503123765909 0.990103000741103 0.49863771131469803 0.15155554617954048 0.7023774904390772 7
0.14224325849687414 0.007894157352281495 0.6378798878560147 0.7668455157922058 0.6562521606610986 3
0.2174997854829227 0.2802681597632354 0.3945483549233394 0.5402176369178726 0.7256640974104483 7
0.29127232796265046 0.5761848827152115 0.020389416804973415 0.29003931857085286 0.8326713844759333 8
0.5997104529394607 0.12730165182845032 0.24979105464830154 0.873808673890847 0.0354495072664871 5
0.44009543293688047 0.8611377818966707 0.09149625984338772 0.9658643508457972 0.5645795407472921 8
0.04786841302842193 0.6046979421229985 0.486664328464832 0.9954271417521723 0.23717572510933016 5
0.22014120581585372 0.008360236509191932 0.566711216988931 0.3401278974396672 0.33565914616741477 3
0.8472448784166381 0.23424260948837983 0.8387248657350949 0.8506793079142554 0.07869721533389484 8
0.3769121439116001 0.4573226570993112 0.4532207083585008 0.6551250860245431 0.7599536470344654 2
0.7278197639068528 0.754781879879899 0.683614798758088 0.5352510376169902 0.7914906513806496 8
0.23672595981235423 0.8697239498863876 0.7059645717079204 0.35924344092912575 0.24047572306152232 7
0.23448888768785348 0.7868057280391322 0.7200446007309231 0.5163850003026107 0.8896827560739893 5
0.8408850625675098 0.7535211702418693 0.8293552464430901 0.7512119497021289 0.4554303742119573 4
0.5082750821259235 0.8228684357023139 7.41371615094355E-4 0.5027197821828501 0.8542336587978117 4
0.8635764448718676 0.7287601004419269 0.8783433359566004 0.8823771245779953 0.48659745601694937 2
0.05236571520902544 0.7795333996054589 0.4278996081569463 0.8832372743144273 0.4899652615960889 3
0.30578123088000575 0.8588823662331178 0.9541359601078071 0.7085529779554699 0.06164483377804619 8
0.9796494210097468 0.7459435820272495 0.2561480019823914 0.1961029389617196 0.9472252775870892 6
0.177199276356363 0.042473348598527916 0.775225803668504 0.9449050865813096 0.3831202403211409 8
0.00502808475192873 0.5572832640744547 0.9302720706265879 0.721972777224583 0.44782911864181474 4
0.9416713106006145 0.12545505881795582 0.23349034950177128 0.13299410767316633 0.3615958448387915 8
0.056130185970615476 0.4083100566119333 0.7109091711220242 0.023880461600534142 0.6465238886175928 4
0.40880685830117025 0.15251610782933345 0.017972486930643572 0.07851711899694191 0.758916632503873 8
0.830153791560084 0.9028012470884549 0.011159212417280018 0.07710642979919524 0.2945694911091252 2
0.005503976626867746 0.02911114694949901 0.40555502934878573 0.06144981353312373 0.7797301380174352 1
0.9224194101232578 0.7091714444936081 0.18053054558485726 0.5474700555118646 0.4511343265185407 6
0.955771890294283 0.8116501562476481 0.1780934205865885 0.05720656324260942 0.02545142241031695 5
0.2938137802062617 0.36068377846227084 0.6298672466916532 0.7852754536929545 0.9110537602825549 8
0.8357454780798077 0.8835377176966472 0.3296724161230915 0.6380992269182936 0.4445441912107554 3
0.7755723406360653 0.5063655073315666 0.8536712079860733 0.7000457937554944 0.039725053776856645 4
0.14386430441023423 0.8520934555776227 0.8485280440250028 0.7400466601423306 0.7172143267010596 4
0.12101288278064415 0.49162317382172105 0.09476937875251779 0.47158615682367533 0.17190345077590408 8
0.9560144180483203 0.8804901406423103 0.8038050793104774 0.07897923446291455 0.2685171764570793 8
0.4025988988858268 0.25407430432521216 0.17494539199017556 0.7026191135213031 0.9196170765607686 6
0.21292461290190579 0.7159066131402295 0.9532756251513854 0.34871497144393204 0.7879336657306714 8
0.7531936114654911 0.08971464141122287 0.9454106699683997 0.8927548848367836 0.8614287611314199 7
0.39546915463062216 0.6925371809192036 0.2783112337757804 0.1860874372680511 0.4321006112213095 8
0.4944586812437467 0.8855524825870729 0.8584663905202882 0.48268951319800757 0.4659076463197164 6
0.28085803845289814 0.6037812254290891 0.6258973006703537 0.9074351950260497 0.16613202701395358 6
0.3246939469900685 0.775271220874964 0.8709017141599334 0.4733468149244021 0.6679452837207526 7
0.44549486104550895 0.8813477079208393 0.584405995742686 0.5056244522158988 0.39166307986957183 4
0.09547672307494981 0.9454972331449379 0.710254786691493 0.07381508766532996 0.18185125282279968 5
0.5135406274729166 0.07979564789102911 0.3466670940935562 0.7962732353453167 0.19660675834663588 1
0.9599071252374005 0.7717195649966772 0.6632075377700617 0.8359327904412268 0.7354011265728794 8
0.3836962463735828 0.3147957642152458 0.2396274284612817 0.02308287465596104 0.12612884024295068 6
0.5269321674344553 0.5423533016413418 0.04120579209570985 0.7806607452928569 0.9104630748338332 8
0.9337665186701162 0.056216633511883995 0.5157115419687738 0.018870901890524205 0.6156650187177355 6
0.4639915839898032 0.2635014590802801 0.3104118933088832 0.5915020645254727 0.7157962898311008 2
0.6605417365946185 0.9451352087299256 0.7555618639986502 0.07316730752175149 0.3568167513511301 2
0.4178208615865272 0.2753109001000823 0.498922343498726 0.4555299362536791 0.7851944799100539 1
0.05999972973989742 0.8763429331116419 0.9177762993137256 0.3447040429314143 0.6720872380378178 7
0.28381098904957114 0.6038988758737475 0.575518032515373 0.28871941544126545 0.15317289545913926 6
0.9825492853382554 0.08724627488287195 0.8880015113609897 0.9574561885282347 0.29397384485867795 3
0.018951665295591225 0.87932843251979 0.5771921488898676 0.8297397652463624 0.23086878773849429 8
0.4651988935080349 0.8281082199411391 0.8983001726772268 0.05239147731032423 0.1681651802904065 3
0.60910533333623 0.18342495637523326 0.602773645982226 0.7093072560077108 0.19352993633920812 1
0.7391908023936067 0.769195157152074 0.13645958131239977 0.6573110347789851 0.1415369444169624 1
0.8921706062567865 0.8426314498229771 0.33494080192729947 0.6787031641774164 0.5437475718414161 2
0.07074291662636012 0.6406062218372428 0.45343795104765794 0.09407502456319161 0.781137638448948 3
0.03556623831343697 0.9855744309398687 0.5155209378434044 0.34593754598639914 0.5502316431443504 4
0.4330371782544774 0.14369464086042605 0.8638645847844861 0.8737444570489409 0.48929507596966393 5
0.4518189662991331 0.646925747374591 0.299949012261825 0.87057779246329 0.5285290822679679 2
0.2898193078781963 0.30678025270042786 0.08236084193013216 0.05458376795298758 0.14345055041825194 1
0.7651394363697465 0.7548103885254575 0.2614846937307487 0.26455049530647334 0.04043639572868918 2
0.3969513273243215 0.6853911746741399 0.7300510166046976 0.6560339073742003 0.8965547446991302 1
0.11472239398142148 0.48842391786069794 0.004263555161392096 0.23626397889296447 0.04296019675444829 2
0.4979853126128908 0.1285616895320757 0.08098351025669992 0.9336786485901722 0.5248353362637911 7
0.5971088742524727 0.23568757487502323 0.8764851400656362 0.8991878615653732 0.815530161690936 7
0.10330272788470674 0.2477525120655517 0.2972843956045166 0.1258914742413757 0.8044734516561769 1
0.01029955514942904 0.7176827894796168 0.15101681072664497 0.14356537808325853 0.1357711185776168 8
0.1995907174462609 0.23374888175637742 0.024716853860517585 0.6822645648917028 0.8372022145558106 1
0.2664098307151065 0.7772712261885262 0.2604189171570246 0.04122300088573916 0.6594920377425612 3
0.7374032450206769 0.26943032208156004 0.9869215901869995 0.9770850565691883 0.027067458537651246 6
0.8875094201765613 0.8537205925195531 0.23687375952029932 0.3184808260417046 0.7896515156291507 1
0.08928124979172725 0.4825958695487268 0.8269653124875603 0.09803819087858012 0.536567152309475 4
0.8908897540822552 0.2833199181419911 0.41472674421865796 0.6909568216076516 0.4919108063382076 1
0.3593828723577859 0.17306687233073936 0.898924937617251 0.480980450597704 0.5201126581213088 1
0.05801392290271867 0.525749997264122 0.5355468516855697 9.447026695970084E-4 0.5373030857446731 7
0.2008637322071034 0.011347156175094075 0.9888824656417144 0.26744249538496667 0.14839138289030285 6
0.6205698870314269 0.37883173245360324 0.7257525480340279 0.76813477831292 0.38308713485264856 5
0.3402000465716273 0.18497385199709826 0.8708351372117183 0.4668677276325942 0.1486801579680741 7
0.29008345342549424 0.15952740630873485 0.15931954557478023 0.6978955692855495 0.9953371187280116 8
0.8119933378503178 0.7435099933675018 0.17374495460715667 0.014410679133334159 0.2003584285411898 3
0.6177658921029575 0.545606477831634 0.9737125744368255 0.3891265784005913 0.167910649514314 1
0.6142663891613118 0.9563625693611362 0.3302279380352189 0.597900996816578 0.2238920324549477 6
0.7773061659911541 0.06129803401073919 0.17413881459553016 0.5115850245732011 0.9269126295133236 4
0.9742826412564726 0.24385868776062902 0.5589945157364347 0.1651783786624721 0.49440258934764236 2
0.47961657469100516 0.9369711453395051 0.24395471899673704 0.6023121972269876 0.5695130761983559 1
0.7510395371297771 0.8844643246370054 0.16528208360903562 0.6392931595128969 0.21353627287202814 6
0.6128526324029603 0.824254202572338 0.5005036187619744 0.4355319274563375 0.005706045376171032 3
0.27072323688218214 0.5643044316978557 0.5744351322697775 0.47211718110001943 0.44498844000862603 2
0.9295755657517616 0.14720280295633448 0.5197180911245153 0.6504386489800741 0.37624624644958826 7
0.24170085211888426 0.8938317483048597 0.8169863760711645 0.447833528381548 0.9772528037110308 5
0.3382787529386718 0.08203891662687424 0.703797295830781 0.6738321197722676 0.43660044541289966 2
0.927852516963293 0.4002810603502037 0.9814433813967987 0.4221878425028174 0.9906390664869371 5
0.435599082620165 0.9636490549564832 0.16099626915419996 0.420844567395222 0.557103234280877 3
0.6350223985129674 0.982084048351007 0.7925875949972062 0.5515475828098872 0.06283082327376077 7
0.8383878460268105 0.31644225710933205 0.5050402398104514 0.7970449697782368 0.3936079616565098 4
0.7850941846607493 0.3827096116545874 0.9584432879641197 0.027730058012478853 0.0482313386440969 3
0.641415491479765 0.7003338278836411 0.9639045586023752 0.6589947163092362 0.3307747750766542 7
0.41567340181625634 0.9064333050629408 0.2581760950319195 0.390224132451401 0.7110714862060379 2
0.9368374595876326 0.14953371189485942 0.31367617767642086 0.6178676258267679 0.6917401180395313 1
0.8505851853167853 0.3573285003774017 0.5160323219677515 0.1368441480551501 0.6807309768896942 4
0.7856490752000991 0.16248354230397621 0.6229402312875153 0.8920362118938555 0.44326292630098785 1
0.5373727750845126 0.03531098402595623 0.6230315225062166 0.5970191419802902 0.3299501035644409 7
0.3292095408249047 0.9756993756863311 0.606611149533293 0.32956567334104947 0.7045444888076197 3
0.6427086062349877 0.5693582955951428 0.6284767109550473 0.8688341555853162 0.5525863504484672 4
0.8705163397165214 0.22244238861517374 0.5453546214454188 0.7303456060479036 0.7907706738515331 1
0.9351066621900391 0.4080630102751823 0.6274477255473057 0.051604901811076354 0.13729624108825966 3
0.740262813596131 0.0390526126305516 0.22772336241770075 0.7001287727374844 0.7890266726604851 7
0.7665505643034622 0.92146967737653 0.7182954342792234 0.030180467290800705 0.49699971015512623 1
0.5918139558119354 0.23744574183786193 0.21685569048112208 0.46503540300727175 0.7745859234050773 3
0.590629622598969 0.29568277846226787 0.6957552951650514 0.6853335163797972 0.9212107408242703 2
0.4420858734874612 0.3116870619900487 0.9320632390499826 0.3651202172956749 0.7296763591046409 3
0.42450034130200565 0.7230233458909882 0.3806511224853255 0.6165110588780423 0.26929457731337325 4
0.2919169600480126 0.7897198450703844 0.567860003548518 0.1293888531781049 0.02467916919187163 3
0.9754683840882569 0.8055501663190673 0.5662606553600712 0.2688830445587149 0.11743827774472326 7
0.5198700359854405 0.7782406623064476 0.7489619434868737 0.5121891003816696 0.9633160139080061 2
0.8102123003025765 0.5985506598936362 0.48426693819799504 0.7560400510495026 0.8105981926947936 1
0.44750582741761136 0.4793772957223199 0.03951270724632938 0.4421915888017912 0.37873309327994886 6
0.9456465571132759 0.3231459933327908 0.45982037070463144 0.6628555692749056 0.6529142157358355 1
0.5220206043340226 0.9822394477225046 0.9882675485212125 0.5002137106497805 0.5964911613065255 5
0.5851483885185512 0.4734437107564131 0.03558810137416624 0.6999422665103556 0.5960574864437556 4
0.4537414790502343 0.7505764269548012 0.2986944441710815 0.3009291466228038 0.2533230674316507 6
0.41234948312260444 0.8337100589701902 0.2987694925843166 0.2617955681575591 0.2547045161582089 6
0.3813251230824325 0.9396898738551757 0.9639272981442131 0.20604525441072852 0.4771208867103891 6
0.8869198121661225 0.8048237654576811 0.44290671060795617 0.715132586375023 0.8918075996238649 4
0.7166066512777213 0.9814137831669102 0.8012336222523688 0.7428188006069634 0.793967384308274 3
0.3627477520919383 0.4168118372867967 0.7379227094090829 0.6120973779966181 0.17355751551053167 7
0.74389757448494 0.7753884492385437 0.7591347201343713 0.14182015871297837 0.8321272916908545 6
0.568647053771775 0.47555649412729417 0.06716878412119909 0.9849188186624448 0.9949115895354613 1
0.3151326074356293 0.31801808743000437 0.6525433098871896 0.541644772232912 0.44076575050080247 6
0.05519801768132637 0.4568026849650971 0.019366831409023955 0.43427059422416214 0.5212862583427577 6
0.09261731472613022 0.687417377574913 0.607260660486746 0.6358101660837279 0.23276286027138093 6
0.6185563630037807 0.019383057120502922 0.19618207526933795 0.8729969145035563 0.7804901036705457 5
0.7452297900708542 0.9833146985435759 0.4649007650167084 0.858365308459591 0.7963449501190185 3
0.4630402189823748 0.3621179020101879 0.9127637851053971 0.5300323099598759 0.6712000901914117 2
0.301781148339189 0.0952950836704427 0.7127865700635875 0.6197787054444116 0.8993541479291134 3
0.95903218203429 0.0951355193717478 0.8289436681525136 0.1562570882876666 0.13025960228056144 2
0.5068412831722328 0.04092932069294808 0.160589264042993 0.6134604788256789 0.9328304423849632 6
0.29120962119277727 0.8363978523240821 0.2528822531914622 0.304694477038462 0.42080438294773237 3
0.5096877922762033 0.07725006752330899 0.5864589438167022 0.8158123552664136 0.6071808193856507 6
0.07434356945473775 0.3780057191557753 0.9068057964028542 0.0818698636357219 0.06669819009489852 7
0.5461377193475827 0.8446994343911861 0.9201201269703758 0.49898954686222796 0.5245625411927145 6
0.13988243400752953 0.9943964461343037 0.8360775148932932 0.885315658638786 0.8659870601783956 6
0.44587300133812624 0.4520872500134081 0.21888399547116533 0.36559617405449085 0.7052086924622951 5
0.16626383788197863 0.28583588764377676 0.8781988683860618 0.3541206386800564 0.6670575403079988 3
0.8144724792121811 0.6542625171593348 0.7247542097882157 0.798326461800653 0.4432758879263917 1
0.6393741725728274 0.8656462734543312 0.6874374213794396 0.06508553788900306 0.18591062344617637 5
0.5997144946646963 0.11111524721101196 0.6667806410063245 0.19510160246489383 0.009395478802591173 5
0.7868020727749008 0.20840001972211386 0.7336304175597846 0.4064614125590018 0.08143982981189746 7
0.4558159445720059 0.14718964928722789 0.1925414980871889 0.43154234810905334 0.7024612156756407 5
0.6305088864926531 0.07884857879281804 0.9603137707169539 0.5544111912971302 0.7878286228217769 5
0.8671251412564773 0.45560350578538855 0.8761111792975105 0.6576557344974283 0.582288079903027 2
0.14726503979377492 0.15764494066184043 0.8976785365437754 0.5642486912890501 0.2291583252542726 1
0.3843873471929359 0.8081332825563372 0.6570974098242115 0.8944037698070179 0.887627914974833 3
0.714678622899727 0.7699571651234732 0.9799577247478175 0.2691737670527963 0.5110450714684998 4
0.5620533579647926 0.04523780358602336 0.8163081083328467 0.24836072912366824 0.6606301814087704 6
0.55286855800402 0.006859256993303364 0.6146988191181282 0.9536360882630732 0.9976003079308405 6
0.26420332491652476 0.42545787902561905 0.6883347765042503 0.008955341618091306 0.4591862129407196 4
0.7478112863337326 0.006924991027236649 0.19297785438044845 0.6366242119711863 0.8392357847438966 7
0.929509304581589 0.8130432639442949 0.24981583206922442 0.43283195862489 0.24269869864150806 6
0.6621168388060642 0.7367395161536395 0.7149634357598212 0.2620905108774242 0.01781149118222658 4
0.15226155555018983 0.17582223501472627 0.5043700138365748 0.6536557395815336 0.5646677069027699 1
0.10246617948210424 0.27408191571928275 0.03433986545225742 0.14938703730219816 0.32035015115065557 7
0.5468357326074582 0.4522432760095272 0.7111661061237665 0.8832238512664516 0.09708813669122673 8
0.5201687710354316 0.3563220538340952 0.8979509422507633 0.7060006198997746 0.3410199701036417 4
0.3170785132372035 0.027182309144251904 0.9738225181889335 0.8910355714238404 0.2470031314561617 6
0.772275633395446 0.8091128103579012 0.9736263904922557 0.6480407001206036 0.6433123230314346 4
0.24994231819901103 0.8305231790946311 0.5198059252107835 0.6645120171316061 0.20466136588493822 5
0.5654096446641547 0.41674925009795827 0.9195059163541494 0.810846281717161 0.5903192223159396 5
0.9942998741965232 0.4406829597854428 0.15772571794082202 0.16084592834365974 0.18557591376713756 2
0.6429516163520995 0.8356041550716633 0.25227592089142614 0.06274335955223354 0.07074050570325885 7
0.5620533579647926 0.04523780358602336 0.8163081083328467 0.24836072912366824 0.6606301814087704 6
0.55286855800402 0.006859256993303364 0.6146988191181282 0.9536360882630732 0.9976003079308405 6
0.26420332491652476 0.42545787902561905 0.6883347765042503 0.008955341618091306 0.4591862129407196 4
0.7478112863337326 0.006924991027236649 0.19297785438044845 0.6366242119711863 0.8392357847438966 7
0.8772494844676976 0.1512850715147177 0.009813963158888717 0.7568545012984184 0.6377096850497153 2
0.2034836408183106 0.30864669200735195 0.14158751155370708 0.6774246241143789 0.3988115347222433 8
0.27795616981058413 0.2934279455165306 0.0338118587917996 0.29262847930696034 0.1796340472797916 6
0.10246617948210424 0.27408191571928275 0.03433986545225742 0.14938703730219816 0.32035015115065557 7
0.5468357326074582 0.4522432760095272 0.7111661061237665 0.8832238512664516 0.09708813669122673 8
0.5201687710354316 0.3563220538340952 0.8979509422507633 0.7060006198997746 0.3410199701036417 4
0.3170785132372035 0.027182309144251904 0.9738225181889335 0.8910355714238404 0.2470031314561617 6
0.772275633395446 0.8091128103579012 0.9736263904922557 0.6480407001206036 0.6433123230314346 4
0.24994231819901103 0.8305231790946311 0.5198059252107835 0.6645120171316061 0.20466136588493822 5
0.5654096446641547 0.41674925009795827 0.9195059163541494 0.810846281717161 0.5903192223159396 5
0.9942998741965232 0.4406829597854428 0.15772571794082202 0.16084592834365974 0.18557591376713756 2
0.6429516163520995 0.8356041550716633 0.25227592089142614 0.06274335955223354 0.07074050570325885 7
0.5620533579647926 0.04523780358602336 0.8163081083328467 0.24836072912366824 0.6606301814087704 6
0.55286855800402 0.006859256993303364 0.6146988191181282 0.9536360882630732 0.9976003079308405 6
0.26420332491652476 0.42545787902561905 0.6883347765042503 0.008955341618091306 0.4591862129407196 4
0.7478112863337326 0.006924991027236649 0.19297785438044845 0.6366242119711863 0.8392357847438966 7
0.929509304581589 0.8130432639442949 0.24981583206922442 0.43283195862489 0.24269869864150806 6
0.6621168388060642 0.7367395161536395 0.7149634357598212 0.2620905108774242 0.01781149118222658 4
0.15226155555018983 0.17582223501472627 0.5043700138365748 0.6536557395815336 0.5646677069027699 1
0.10246617948210424 0.27408191571928275 0.03433986545225742 0.14938703730219816 0.32035015115065557 7
0.5468357326074582 0.4522432760095272 0.7111661061237665 0.8832238512664516 0.09708813669122673 8
0.5201687710354316 0.3563220538340952 0.8979509422507633 0.7060006198997746 0.3410199701036417 4
0.3170785132372035 0.027182309144251904 0.9738225181889335 0.8910355714238404 0.2470031314561617 6
0.772275633395446 0.8091128103579012 0.9736263904922557 0.6480407001206036 0.6433123230314346 4
0.24994231819901103 0.8305231790946311 0.5198059252107835 0.6645120171316061 0.20466136588493822 5
0.5654096446641547 0.41674925009795827 0.9195059163541494 0.810846281717161 0.5903192223159396 5
0.9942998741965232 0.4406829597854428 0.15772571794082202 0.16084592834365974 0.18557591376713756 2
0.6429516163520995 0.8356041550716633 0.25227592089142614 0.06274335955223354 0.07074050570325885 7
0.3382787529386718 0.08203891662687424 0.703797295830781 0.6738321197722676 0.43660044541289966 2
0.927852516963293 0.4002810603502037 0.9814433813967987 0.4221878425028174 0.9906390664869371 5
0.435599082620165 0.9636490549564832 0.16099626915419996 0.420844567395222 0.557103234280877 3
0.6350223985129674 0.982084048351007 0.7925875949972062 0.5515475828098872 0.06283082327376077 7
0.8383878460268105 0.31644225710933205 0.5050402398104514 0.7970449697782368 0.3936079616565098 4
0.7850941846607493 0.3827096116545874 0.9584432879641197 0.027730058012478853 0.0482313386440969 3
0.641415491479765 0.7003338278836411 0.9639045586023752 0.6589947163092362 0.3307747750766542 7
0.41567340181625634 0.9064333050629408 0.2581760950319195 0.390224132451401 0.7110714862060379 2
0.9368374595876326 0.14953371189485942 0.31367617767642086 0.6178676258267679 0.6917401180395313 1
0.8505851853167853 0.3573285003774017 0.5160323219677515 0.1368441480551501 0.6807309768896942 4
0.7856490752000991 0.16248354230397621 0.6229402312875153 0.8920362118938555 0.44326292630098785 1
0.5373727750845126 0.03531098402595623 0.6230315225062166 0.5970191419802902 0.3299501035644409 7
0.7780106035500005 0.5271039874423297 0.5291456321238796 0.7990115601414866 0.35440195117057904 6
0.6427086062349877 0.5693582955951428 0.6284767109550473 0.8688341555853162 0.5525863504484672 4
0.8705163397165214 0.22244238861517374 0.5453546214454188 0.7303456060479036 0.7907706738515331 1
0.9351066621900391 0.4080630102751823 0.6274477255473057 0.051604901811076354 0.13729624108825966 3
0.5571375208993089 0.33667184157867114 0.6082466157103033 0.13858299495387205 0.03553688736123228 2
0.27459736363661225 0.14196904875939031 0.3033542596931169 0.24970001108323603 0.12228548758886304 5
0.20414491954359204 0.10682709543679547 0.760494340769172 0.012205455290725697 0.2017029689101526 8
0.24337163665737305 0.42718309678569977 0.9707245103620438 0.35603015981378716 0.5643606728821053 6
0.8324729805295819 0.2531358144171718 0.7184492694270401 0.9321206318501116 0.3565222688225945 1
0.3453065570637093 0.251413435934577 0.7787542849431446 0.1820370762959973 0.31100407710432 6
0.4961397530226668 0.824127916007052 0.7119943089237082 0.4323990948805799 0.7904324041006099 7
0.6922462056685676 0.35843109003222084 0.10575799331590541 0.09241891047466222 0.152914202101892 7
0.6591817117842182 0.010689846005742631 0.9036431354178425 0.5451259029483447 0.8986886138285223 1
0.055588676269571535 0.9280016359757834 0.33961347086092075 0.7568193563025154 0.48845910211616006 2
0.6084080252043113 0.1990048620539605 0.03736088451811381 0.9701407034066777 0.10173509950510085 8
0.639957039949684 0.4716034396723806 0.5292306436401173 0.37615948130861243 0.0604240464924366 2
0.7498764817551705 0.14089570950742036 0.9639193133467014 0.20911928365936727 0.7347775420336671 7
0.053747838934046555 0.4066288832002135 0.1932399759577571 0.899967790719433 0.703143687255452 7
0.3843967639770247 0.7331157668495799 0.014557775901435477 0.4343514176147234 0.903230212134358 6
0.5215704974608499 0.26985337223517536 0.7776915946588738 0.8571145485007727 0.8120243095213231 8
0.5096877922762033 0.07725006752330899 0.5864589438167022 0.8158123552664136 0.6071808193856507 6
0.07434356945473775 0.3780057191557753 0.9068057964028542 0.0818698636357219 0.06669819009489852 7
0.5461377193475827 0.8446994343911861 0.9201201269703758 0.49898954686222796 0.5245625411927145 6
0.13988243400752953 0.9943964461343037 0.8360775148932932 0.885315658638786 0.8659870601783956 6
0.13251950376911192 0.5486078270807966 0.6435443236391813 0.85033433145689 0.23674914838814654 2
0.5350191491849983 0.16375168949226082 0.9817984562682939 0.9882907646821701 0.18898722597823803 3
0.8144724792121811 0.6542625171593348 0.7247542097882157 0.798326461800653 0.4432758879263917 1
0.6393741725728274 0.8656462734543312 0.6874374213794396 0.06508553788900306 0.18591062344617637 5
0.5997144946646963 0.11111524721101196 0.6667806410063245 0.19510160246489383 0.009395478802591173 5
0.7868020727749008 0.20840001972211386 0.7336304175597846 0.4064614125590018 0.08143982981189746 7
0.2748655001595527 0.914254224711427 0.38025641371125574 0.7070276875730757 0.516501120529759 5
0.6305088864926531 0.07884857879281804 0.9603137707169539 0.5544111912971302 0.7878286228217769 5
0.8671251412564773 0.45560350578538855 0.8761111792975105 0.6576557344974283 0.582288079903027 2
0.14726503979377492 0.15764494066184043 0.8976785365437754 0.5642486912890501 0.2291583252542726 1
0.3843873471929359 0.8081332825563372 0.6570974098242115 0.8944037698070179 0.887627914974833 3
0.714678622899727 0.7699571651234732 0.9799577247478175 0.2691737670527963 0.5110450714684998 4
0.3813251230824325 0.9396898738551757 0.9639272981442131 0.20604525441072852 0.4771208867103891 6
0.8869198121661225 0.8048237654576811 0.44290671060795617 0.715132586375023 0.8918075996238649 4
0.7166066512777213 0.9814137831669102 0.8012336222523688 0.7428188006069634 0.793967384308274 3
0.3627477520919383 0.4168118372867967 0.7379227094090829 0.6120973779966181 0.17355751551053167 7
0.74389757448494 0.7753884492385437 0.7591347201343713 0.14182015871297837 0.8321272916908545 6
0.4979853126128908 0.1285616895320757 0.08098351025669992 0.9336786485901722 0.5248353362637911 7
0.3151326074356293 0.31801808743000437 0.6525433098871896 0.541644772232912 0.44076575050080247 6
0.05519801768132637 0.4568026849650971 0.019366831409023955 0.43427059422416214 0.5212862583427577 6
0.09261731472613022 0.687417377574913 0.607260660486746 0.6358101660837279 0.23276286027138093 6
0.6185563630037807 0.019383057120502922 0.19618207526933795 0.8729969145035563 0.7804901036705457 5
0.7452297900708542 0.9833146985435759 0.4649007650167084 0.858365308459591 0.7963449501190185 3
0.4630402189823748 0.3621179020101879 0.9127637851053971 0.5300323099598759 0.6712000901914117 2
0.301781148339189 0.0952950836704427 0.7127865700635875 0.6197787054444116 0.8993541479291134 3
0.95903218203429 0.0951355193717478 0.8289436681525136 0.1562570882876666 0.13025960228056144 2
0.5068412831722328 0.04092932069294808 0.160589264042993 0.6134604788256789 0.9328304423849632 6
0.3593828723577859 0.17306687233073936 0.898924937617251 0.480980450597704 0.5201126581213088 1
0.16061691222258656 0.9248220255353661 0.04636209092848598 0.3359184310898753 0.17561287373504253 1
0.4489442921930238 0.937187033961759 0.6477418099095911 0.7565969970657802 0.9378233488428552 2
0.05480194207347766 0.14485271906819663 0.8643731195012744 0.15972745929645848 0.007377442971808534 6
0.9499662106267063 0.4524414751611685 0.9488386141361961 0.03887205516815917 0.7112971673249741 1
0.929509304581589 0.8130432639442949 0.24981583206922442 0.43283195862489 0.24269869864150806 6
0.6621168388060642 0.7367395161536395 0.7149634357598212 0.2620905108774242 0.01781149118222658 4
0.15226155555018983 0.17582223501472627 0.5043700138365748 0.6536557395815336 0.5646677069027699 1
0.10246617948210424 0.27408191571928275 0.03433986545225742 0.14938703730219816 0.32035015115065557 7
0.068125462617875 0.815886461641587 0.9596515393037545 0.5064164622206472 0.27280392456556024 2
0.9956424223168817 0.1513593047248264 0.6944924104863591 0.8581891180653343 0.7123525588369535 6
0.6296301843816354 0.6995331404278868 0.3550410472846285 0.7608624406775982 0.564671908831391 6
0.11211573283214393 0.8904934081611163 0.8526006794421964 0.17795421991419502 0.9351212204332167 6
0.660346467472294 0.5780263899926246 0.13575115151221662 0.6636598477742018 0.10584179514559389 2
0.9330111221132099 0.6611188941075693 0.9575478369075403 0.3716912610489892 0.5933846717025544 5
0.004635801518015126 0.33540960367771677 0.05783197292952791 0.6798466531340103 0.22260983817547464 6
0.9816771024142597 0.8117015124035566 0.15700968908971036 0.22250974834213988 0.9269162184404272 4
0.3813251230824325 0.9396898738551757 0.9639272981442131 0.20604525441072852 0.4771208867103891 6
0.8869198121661225 0.8048237654576811 0.44290671060795617 0.715132586375023 0.8918075996238649 4
0.7166066512777213 0.9814137831669102 0.8012336222523688 0.7428188006069634 0.793967384308274 3
0.3627477520919383 0.4168118372867967 0.7379227094090829 0.6120973779966181 0.17355751551053167 7
0.74389757448494 0.7753884492385437 0.7591347201343713 0.14182015871297837 0.8321272916908545 6
0.4979853126128908 0.1285616895320757 0.08098351025669992 0.9336786485901722 0.5248353362637911 7
0.3151326074356293 0.31801808743000437 0.6525433098871896 0.541644772232912 0.44076575050080247 6
0.6142663891613118 0.9563625693611362 0.3302279380352189 0.597900996816578 0.2238920324549477 6
0.7773061659911541 0.06129803401073919 0.17413881459553016 0.5115850245732011 0.9269126295133236 4
0.9742826412564726 0.24385868776062902 0.5589945157364347 0.1651783786624721 0.49440258934764236 2
0.47961657469100516 0.9369711453395051 0.24395471899673704 0.6023121972269876 0.5695130761983559 1
0.7510395371297771 0.8844643246370054 0.16528208360903562 0.6392931595128969 0.21353627287202814 6
0.6128526324029603 0.824254202572338 0.5005036187619744 0.4355319274563375 0.005706045376171032 3
0.27072323688218214 0.5643044316978557 0.5744351322697775 0.47211718110001943 0.44498844000862603 2
0.9295755657517616 0.14720280295633448 0.5197180911245153 0.6504386489800741 0.37624624644958826 7
0.3593828723577859 0.17306687233073936 0.898924937617251 0.480980450597704 0.5201126581213088 1
0.7131905428002224 0.47244008138916416 0.5280119870224727 0.879686277399248 0.5827295826052651 5
0.24738131713428646 0.04584493832601266 0.4187568333354085 0.4876322354164454 0.28544987735962024 2
0.06654420720247467 0.07079396969423202 0.9252959567716869 0.8644028158245364 0.3129508686220267 4
0.7391722227280977 0.8384852386460072 0.8798039586929426 0.44051538534503343 0.02083272784406054 5
0.8660414052351475 0.4325469887220518 0.4871937337897364 0.789267845114338 0.7175044973761715 5
0.1451110954873911 0.5809463218558368 0.3823699820862536 0.8812967754623784 0.8137826523624182 7
0.15226155555018983 0.17582223501472627 0.5043700138365748 0.6536557395815336 0.5646677069027699 1
0.10246617948210424 0.27408191571928275 0.03433986545225742 0.14938703730219816 0.32035015115065557 7
0.404528899966365 0.6452353867874384 0.6049782752993083 0.536454204658836 0.7116609681351238 5
0.2097449904567129 0.9017099400286709 0.2733308497600898 0.024956298287258427 0.7849206355831794 5
0.09758490040256396 0.6859356952966703 0.1814666030936004 0.759193782091039 0.4335346654238519 8
0.7152687718405601 0.40468903048531113 0.9775786425689961 0.3384090070702679 0.5117074228008003 8
0.5707445237713202 0.8278791814054154 0.9959037686247305 0.47930045237752494 0.9777583567517767 4
0.12364447461675532 0.13078664211459057 0.2925490541265282 0.9175318239512409 0.917711533052039 7
0.7502480339045895 0.005851201669747175 0.6253222699129729 0.4235299882093395 0.24234521571043932 4
0.34461031172772016 0.5005772998223229 0.6295145241356485 0.8743066667607625 0.2815545699345682 2
0.12495786092389816 0.1939463302111285 0.05803300450450388 0.2438421014739225 0.9006937783493546 6
0.656005430054823 0.512117465186246 0.29944079720798367 0.0398220984570159 0.8173665494730075 6
0.1946307643717654 0.5096544609360966 0.5341208532644054 0.9637490007585324 0.48341344191833 1
0.5890762392441196 0.7305001985368187 0.8331576363993054 0.8928458029522465 0.6798901762425517 1
0.4902398825120057 0.1478742418950355 0.17988130179150563 0.7280975210120172 0.8003206837959156 4
0.12670138129888442 0.0011312649812821318 0.918410663330669 0.9352539211131988 0.874689470017807 5
0.2973800560464859 0.4655188530946469 0.47270593255613136 0.3377076114911628 0.9351664948048605 5
0.2364713252604459 0.2881171497461572 0.033788243285263975 0.9180763962898529 0.17291121822510336 2
0.5468357326074582 0.4522432760095272 0.7111661061237665 0.8832238512664516 0.09708813669122673 8
0.5201687710354316 0.3563220538340952 0.8979509422507633 0.7060006198997746 0.3410199701036417 4
0.3170785132372035 0.027182309144251904 0.9738225181889335 0.8910355714238404 0.2470031314561617 6
0.772275633395446 0.8091128103579012 0.9736263904922557 0.6480407001206036 0.6433123230314346 4
0.3865388493780382 0.12767883182952933 0.021940773603211117 0.7143944679431438 0.35954651875940513 6
0.8236090824330773 0.36232474686784577 0.34118513650043636 0.3673877985400684 0.26728767491604966 6
0.09349146496528804 0.5131987558551497 0.6519283741138503 0.7428742724846787 0.9175438705814266 3
0.6720122160356661 0.8933333731695717 0.02067763788710819 0.7856489074435999 0.36277991073122573 4
