population 0 fitness 0.5092938453489887 years 43.0 length 16
population 1 fitness 0.5096870064144603 years 43.0 length 16
population 2 fitness 0.5090200760914899 years 42.0 length 16
population 3 fitness 0.5093592119949968 years 42.0 length 16
population 4 fitness 0.509686010740664 years 41.0 length 16
population 5 fitness 0.5097287311331847 years 41.0 length 16
population 6 fitness 0.5100411808000441 years 33.0 length 16
population 7 fitness 0.5101354299310791 years 33.0 length 16
population 8 fitness 0.5101783733996711 years 32.0 length 17
population 9 fitness 0.5100122737158888 years 31.0 length 16
population 10 fitness 0.5101662836230391 years 31.0 length 15
population 11 fitness 0.5101296720833886 years 28.0 length 17
population 12 fitness 0.5103593466382612 years 28.0 length 17
population 13 fitness 0.5099382541002189 years 27.0 length 15
population 14 fitness 0.5101796815435661 years 26.0 length 15
population 15 fitness 0.5103186475288368 years 26.0 length 17
population 16 fitness 0.5079123457578738 years 25.0 length 16
population 17 fitness 0.5082494941957547 years 25.0 length 16
population 18 fitness 0.5092073106282462 years 24.0 length 17
population 19 fitness 0.5100640362977382 years 24.0 length 16
population 20 fitness 0.5099508481814707 years 23.0 length 16
population 21 fitness 0.5103225168320856 years 23.0 length 17
population 22 fitness 0.5105945851515837 years 14.0 length 17
population 23 fitness 0.5107536120861887 years 14.0 length 17
population 24 fitness 0.5091439414085572 years 13.0 length 17
population 25 fitness 0.5093405562087387 years 13.0 length 17
population 26 fitness 0.5102680862679709 years 11.0 length 16
population 27 fitness 0.5104322446428433 years 11.0 length 17
population 28 fitness 0.5062151379208283 years 10.0 length 15
population 29 fitness 0.5075600824019643 years 10.0 length 17
population 30 fitness 0.5080875609998925 years 9.0 length 16
population 31 fitness 0.5101314952675841 years 9.0 length 17
population 32 fitness 0.5062617336178613 years 8.0 length 17
population 33 fitness 0.5091270394003655 years 8.0 length 17
population 34 fitness 0.5067062893156759 years 7.0 length 17
population 35 fitness 0.5073042028079219 years 7.0 length 17
population 36 fitness 0.5006904016123053 years 6.0 length 17
population 37 fitness 0.5031963490019461 years 6.0 length 16
population 38 fitness 0.5053353146929459 years 5.0 length 15
population 39 fitness 0.5061397741680473 years 5.0 length 15

0.3735273888487761 0.18657460464736753 0.46814681015090975 0.17876564329158495 0.9821407948247046 7
0.247903288769862 0.7253211772358594 0.515422703657324 0.7146489172918858 0.1437751497811227 6
0.3735273888487761 0.18657460464736753 0.46814681015090975 0.17876564329158495 0.9821407948247046 7
0.9932604237074308 0.8734097294312013 0.7186939043279972 0.3602475567330461 0.33568193107022937 2
0.9932604237074308 0.8734097294312013 0.7186939043279972 0.3602475567330461 0.33568193107022937 2
0.9932604237074308 0.8734097294312013 0.7186939043279972 0.3602475567330461 0.33568193107022937 2
0.04048726835231331 0.5014587107067566 0.5974035993067687 0.29679920050622277 0.2641807084256266 1
0.22797940556848673 0.2749017042830316 0.8682372244752944 0.12435552655147686 0.9409774539677765 7
0.7451947283245832 0.5424377463174188 0.9343568745709641 0.7365504475501862 0.930219349986293 6
0.3444381567106861 0.5730884141852557 0.24502482027553685 0.7693207341787234 0.6524919657627296 5
0.3444381567106861 0.5730884141852557 0.24502482027553685 0.7693207341787234 0.6524919657627296 5
0.5516234526863312 0.4369783205001816 0.607367065322329 0.21970477677624511 0.9211920014130904 2
0.2695381330858224 0.6285364412397407 0.007736418305776982 0.9967177697511653 0.6557586348379025 3
0.8689449636297242 0.9301313985393469 0.9460252492193676 0.029135043624847423 0.7118557700438106 7
0.5351435819381117 0.9562980839112246 0.04629940927821252 0.3044713041668837 0.6748036439592847 7
0.15392045579956992 0.0758795792598459 0.5399897508984001 0.24189446686219773 0.9836382556425793 8
0.3735273888487761 0.18657460464736753 0.46814681015090975 0.17876564329158495 0.9821407948247046 7
0.5137867497328498 0.02647317749420497 0.752520499539456 0.7268240631195719 0.955476711400352 4
0.247903288769862 0.7253211772358594 0.515422703657324 0.7146489172918858 0.1437751497811227 6
0.9932604237074308 0.8734097294312013 0.7186939043279972 0.3602475567330461 0.33568193107022937 2
0.9932604237074308 0.8734097294312013 0.7186939043279972 0.3602475567330461 0.33568193107022937 2
0.9932604237074308 0.8734097294312013 0.7186939043279972 0.3602475567330461 0.33568193107022937 2
0.04048726835231331 0.5014587107067566 0.5974035993067687 0.29679920050622277 0.2641807084256266 1
0.09022442160223365 0.08064671060337181 0.27435053730042025 0.45626945112544826 0.9122938661691754 5
0.7451947283245832 0.5424377463174188 0.9343568745709641 0.7365504475501862 0.930219349986293 6
0.3444381567106861 0.5730884141852557 0.24502482027553685 0.7693207341787234 0.6524919657627296 5
0.3444381567106861 0.5730884141852557 0.24502482027553685 0.7693207341787234 0.6524919657627296 5
0.5516234526863312 0.4369783205001816 0.607367065322329 0.21970477677624511 0.9211920014130904 2
0.3444381567106861 0.5730884141852557 0.24502482027553685 0.7693207341787234 0.6524919657627296 5
0.2695381330858224 0.6285364412397407 0.007736418305776982 0.9967177697511653 0.6557586348379025 3
0.5351435819381117 0.9562980839112246 0.04629940927821252 0.3044713041668837 0.6748036439592847 7
0.15392045579956992 0.0758795792598459 0.5399897508984001 0.24189446686219773 0.9836382556425793 8
0.3735273888487761 0.18657460464736753 0.46814681015090975 0.17876564329158495 0.9821407948247046 7
0.247903288769862 0.7253211772358594 0.515422703657324 0.7146489172918858 0.1437751497811227 6
0.3735273888487761 0.18657460464736753 0.46814681015090975 0.17876564329158495 0.9821407948247046 7
0.9932604237074308 0.8734097294312013 0.7186939043279972 0.3602475567330461 0.33568193107022937 2
0.9932604237074308 0.8734097294312013 0.7186939043279972 0.3602475567330461 0.33568193107022937 2
0.9932604237074308 0.8734097294312013 0.7186939043279972 0.3602475567330461 0.33568193107022937 2
0.04048726835231331 0.5014587107067566 0.5974035993067687 0.29679920050622277 0.2641807084256266 1
0.09022442160223365 0.08064671060337181 0.27435053730042025 0.45626945112544826 0.9122938661691754 5
0.7451947283245832 0.5424377463174188 0.9343568745709641 0.7365504475501862 0.930219349986293 6
0.22797940556848673 0.2749017042830316 0.8682372244752944 0.12435552655147686 0.9409774539677765 7
0.5516234526863312 0.4369783205001816 0.607367065322329 0.21970477677624511 0.9211920014130904 2
0.5516234526863312 0.4369783205001816 0.607367065322329 0.21970477677624511 0.9211920014130904 2
0.2695381330858224 0.6285364412397407 0.007736418305776982 0.9967177697511653 0.6557586348379025 3
0.5351435819381117 0.9562980839112246 0.04629940927821252 0.3044713041668837 0.6748036439592847 7
0.2686585894840159 0.534268194585963 0.05883917890442769 0.417502733906598 0.8730526266480801 7
0.3735273888487761 0.18657460464736753 0.46814681015090975 0.17876564329158495 0.9821407948247046 7
0.247903288769862 0.7253211772358594 0.515422703657324 0.7146489172918858 0.1437751497811227 6
0.3735273888487761 0.18657460464736753 0.46814681015090975 0.17876564329158495 0.9821407948247046 7
0.9932604237074308 0.8734097294312013 0.7186939043279972 0.3602475567330461 0.33568193107022937 2
0.9932604237074308 0.8734097294312013 0.7186939043279972 0.3602475567330461 0.33568193107022937 2
0.9932604237074308 0.8734097294312013 0.7186939043279972 0.3602475567330461 0.33568193107022937 2
0.9932604237074308 0.8734097294312013 0.7186939043279972 0.3602475567330461 0.33568193107022937 2
0.04048726835231331 0.5014587107067566 0.5974035993067687 0.29679920050622277 0.2641807084256266 1
0.09022442160223365 0.08064671060337181 0.27435053730042025 0.45626945112544826 0.9122938661691754 5
0.7451947283245832 0.5424377463174188 0.9343568745709641 0.7365504475501862 0.930219349986293 6
0.22797940556848673 0.2749017042830316 0.8682372244752944 0.12435552655147686 0.9409774539677765 7
0.7451947283245832 0.5424377463174188 0.9343568745709641 0.7365504475501862 0.930219349986293 6
0.3444381567106861 0.5730884141852557 0.24502482027553685 0.7693207341787234 0.6524919657627296 5
0.5516234526863312 0.4369783205001816 0.607367065322329 0.21970477677624511 0.9211920014130904 2
0.018637494265487997 0.02845101407463657 0.4394489613759027 0.8481457333712221 0.23634955686425285 2
0.018637494265487997 0.02845101407463657 0.4394489613759027 0.8481457333712221 0.23634955686425285 2
0.3735273888487761 0.18657460464736753 0.46814681015090975 0.17876564329158495 0.9821407948247046 7
0.3735273888487761 0.18657460464736753 0.46814681015090975 0.17876564329158495 0.9821407948247046 7
0.247903288769862 0.7253211772358594 0.515422703657324 0.7146489172918858 0.1437751497811227 6
0.9932604237074308 0.8734097294312013 0.7186939043279972 0.3602475567330461 0.33568193107022937 2
0.9932604237074308 0.8734097294312013 0.7186939043279972 0.3602475567330461 0.33568193107022937 2
0.9932604237074308 0.8734097294312013 0.7186939043279972 0.3602475567330461 0.33568193107022937 2
0.9932604237074308 0.8734097294312013 0.7186939043279972 0.3602475567330461 0.33568193107022937 2
0.04048726835231331 0.5014587107067566 0.5974035993067687 0.29679920050622277 0.2641807084256266 1
0.09022442160223365 0.08064671060337181 0.27435053730042025 0.45626945112544826 0.9122938661691754 5
0.09022442160223365 0.08064671060337181 0.27435053730042025 0.45626945112544826 0.9122938661691754 5
0.22797940556848673 0.2749017042830316 0.8682372244752944 0.12435552655147686 0.9409774539677765 7
0.5516234526863312 0.4369783205001816 0.607367065322329 0.21970477677624511 0.9211920014130904 2
0.3444381567106861 0.5730884141852557 0.24502482027553685 0.7693207341787234 0.6524919657627296 5
0.5516234526863312 0.4369783205001816 0.607367065322329 0.21970477677624511 0.9211920014130904 2
0.5351435819381117 0.9562980839112246 0.04629940927821252 0.3044713041668837 0.6748036439592847 7
0.5351435819381117 0.9562980839112246 0.04629940927821252 0.3044713041668837 0.6748036439592847 7
0.3735273888487761 0.18657460464736753 0.46814681015090975 0.17876564329158495 0.9821407948247046 7
0.5294906944263371 0.7254304246473875 0.03227125467566394 0.6787042211047174 0.8711849295197065 1
0.247903288769862 0.7253211772358594 0.515422703657324 0.7146489172918858 0.1437751497811227 6
0.3735273888487761 0.18657460464736753 0.46814681015090975 0.17876564329158495 0.9821407948247046 7
0.9932604237074308 0.8734097294312013 0.7186939043279972 0.3602475567330461 0.33568193107022937 2
0.9932604237074308 0.8734097294312013 0.7186939043279972 0.3602475567330461 0.33568193107022937 2
0.9932604237074308 0.8734097294312013 0.7186939043279972 0.3602475567330461 0.33568193107022937 2
0.04048726835231331 0.5014587107067566 0.5974035993067687 0.29679920050622277 0.2641807084256266 1
0.09022442160223365 0.08064671060337181 0.27435053730042025 0.45626945112544826 0.9122938661691754 5
0.7451947283245832 0.5424377463174188 0.9343568745709641 0.7365504475501862 0.930219349986293 6
0.7451947283245832 0.5424377463174188 0.9343568745709641 0.7365504475501862 0.930219349986293 6
0.5516234526863312 0.4369783205001816 0.607367065322329 0.21970477677624511 0.9211920014130904 2
0.5516234526863312 0.4369783205001816 0.607367065322329 0.21970477677624511 0.9211920014130904 2
0.3444381567106861 0.5730884141852557 0.24502482027553685 0.7693207341787234 0.6524919657627296 5
0.2695381330858224 0.6285364412397407 0.007736418305776982 0.9967177697511653 0.6557586348379025 3
0.2686585894840159 0.534268194585963 0.05883917890442769 0.417502733906598 0.8730526266480801 7
0.3735273888487761 0.18657460464736753 0.46814681015090975 0.17876564329158495 0.9821407948247046 7
0.3735273888487761 0.18657460464736753 0.46814681015090975 0.17876564329158495 0.9821407948247046 7
0.247903288769862 0.7253211772358594 0.515422703657324 0.7146489172918858 0.1437751497811227 6
0.3735273888487761 0.18657460464736753 0.46814681015090975 0.17876564329158495 0.9821407948247046 7
0.9932604237074308 0.8734097294312013 0.7186939043279972 0.3602475567330461 0.33568193107022937 2
0.9932604237074308 0.8734097294312013 0.7186939043279972 0.3602475567330461 0.33568193107022937 2
0.9932604237074308 0.8734097294312013 0.7186939043279972 0.3602475567330461 0.33568193107022937 2
0.04048726835231331 0.5014587107067566 0.5974035993067687 0.29679920050622277 0.2641807084256266 1
0.22797940556848673 0.2749017042830316 0.8682372244752944 0.12435552655147686 0.9409774539677765 7
0.7451947283245832 0.5424377463174188 0.9343568745709641 0.7365504475501862 0.930219349986293 6
0.22797940556848673 0.2749017042830316 0.8682372244752944 0.12435552655147686 0.9409774539677765 7
0.5516234526863312 0.4369783205001816 0.607367065322329 0.21970477677624511 0.9211920014130904 2
0.5516234526863312 0.4369783205001816 0.607367065322329 0.21970477677624511 0.9211920014130904 2
0.2695381330858224 0.6285364412397407 0.007736418305776982 0.9967177697511653 0.6557586348379025 3
0.5351435819381117 0.9562980839112246 0.04629940927821252 0.3044713041668837 0.6748036439592847 7
0.2686585894840159 0.534268194585963 0.05883917890442769 0.417502733906598 0.8730526266480801 7
0.3735273888487761 0.18657460464736753 0.46814681015090975 0.17876564329158495 0.9821407948247046 7
0.3735273888487761 0.18657460464736753 0.46814681015090975 0.17876564329158495 0.9821407948247046 7
0.5137867497328498 0.02647317749420497 0.752520499539456 0.7268240631195719 0.955476711400352 4
0.5137867497328498 0.02647317749420497 0.752520499539456 0.7268240631195719 0.955476711400352 4
0.247903288769862 0.7253211772358594 0.515422703657324 0.7146489172918858 0.1437751497811227 6
0.9932604237074308 0.8734097294312013 0.7186939043279972 0.3602475567330461 0.33568193107022937 2
0.21091698029411898 0.5495520072210747 0.09720521478639133 0.1394240964559228 0.18654825161667887 1
0.04048726835231331 0.5014587107067566 0.5974035993067687 0.29679920050622277 0.2641807084256266 1
0.04048726835231331 0.5014587107067566 0.5974035993067687 0.29679920050622277 0.2641807084256266 1
0.7451947283245832 0.5424377463174188 0.9343568745709641 0.7365504475501862 0.930219349986293 6
0.7451947283245832 0.5424377463174188 0.9343568745709641 0.7365504475501862 0.930219349986293 6
0.3444381567106861 0.5730884141852557 0.24502482027553685 0.7693207341787234 0.6524919657627296 5
0.5516234526863312 0.4369783205001816 0.607367065322329 0.21970477677624511 0.9211920014130904 2
0.3444381567106861 0.5730884141852557 0.24502482027553685 0.7693207341787234 0.6524919657627296 5
0.5516234526863312 0.4369783205001816 0.607367065322329 0.21970477677624511 0.9211920014130904 2
0.5351435819381117 0.9562980839112246 0.04629940927821252 0.3044713041668837 0.6748036439592847 7
0.15392045579956992 0.0758795792598459 0.5399897508984001 0.24189446686219773 0.9836382556425793 8
0.3735273888487761 0.18657460464736753 0.46814681015090975 0.17876564329158495 0.9821407948247046 7
0.5137867497328498 0.02647317749420497 0.752520499539456 0.7268240631195719 0.955476711400352 4
0.3735273888487761 0.18657460464736753 0.46814681015090975 0.17876564329158495 0.9821407948247046 7
0.9932604237074308 0.8734097294312013 0.7186939043279972 0.3602475567330461 0.33568193107022937 2
0.9932604237074308 0.8734097294312013 0.7186939043279972 0.3602475567330461 0.33568193107022937 2
0.9932604237074308 0.8734097294312013 0.7186939043279972 0.3602475567330461 0.33568193107022937 2
0.04048726835231331 0.5014587107067566 0.5974035993067687 0.29679920050622277 0.2641807084256266 1
0.09022442160223365 0.08064671060337181 0.27435053730042025 0.45626945112544826 0.9122938661691754 5
0.09022442160223365 0.08064671060337181 0.27435053730042025 0.45626945112544826 0.9122938661691754 5
0.7451947283245832 0.5424377463174188 0.9343568745709641 0.7365504475501862 0.930219349986293 6
0.5516234526863312 0.4369783205001816 0.607367065322329 0.21970477677624511 0.9211920014130904 2
0.3444381567106861 0.5730884141852557 0.24502482027553685 0.7693207341787234 0.6524919657627296 5
0.5516234526863312 0.4369783205001816 0.607367065322329 0.21970477677624511 0.9211920014130904 2
0.5351435819381117 0.9562980839112246 0.04629940927821252 0.3044713041668837 0.6748036439592847 7
0.2686585894840159 0.534268194585963 0.05883917890442769 0.417502733906598 0.8730526266480801 7
0.3735273888487761 0.18657460464736753 0.46814681015090975 0.17876564329158495 0.9821407948247046 7
0.11469861844636964 0.3573361632584189 0.5226056908007004 0.12798961781147766 0.7633919544277041 3
0.5294906944263371 0.7254304246473875 0.03227125467566394 0.6787042211047174 0.8711849295197065 1
0.5137867497328498 0.02647317749420497 0.752520499539456 0.7268240631195719 0.955476711400352 4
0.9932604237074308 0.8734097294312013 0.7186939043279972 0.3602475567330461 0.33568193107022937 2
0.9932604237074308 0.8734097294312013 0.7186939043279972 0.3602475567330461 0.33568193107022937 2
0.9932604237074308 0.8734097294312013 0.7186939043279972 0.3602475567330461 0.33568193107022937 2
0.9932604237074308 0.8734097294312013 0.7186939043279972 0.3602475567330461 0.33568193107022937 2
0.04048726835231331 0.5014587107067566 0.5974035993067687 0.29679920050622277 0.2641807084256266 1
0.09022442160223365 0.08064671060337181 0.27435053730042025 0.45626945112544826 0.9122938661691754 5
0.7451947283245832 0.5424377463174188 0.9343568745709641 0.7365504475501862 0.930219349986293 6
0.7451947283245832 0.5424377463174188 0.9343568745709641 0.7365504475501862 0.930219349986293 6
0.5516234526863312 0.4369783205001816 0.607367065322329 0.21970477677624511 0.9211920014130904 2
0.5516234526863312 0.4369783205001816 0.607367065322329 0.21970477677624511 0.9211920014130904 2
0.3444381567106861 0.5730884141852557 0.24502482027553685 0.7693207341787234 0.6524919657627296 5
0.5516234526863312 0.4369783205001816 0.607367065322329 0.21970477677624511 0.9211920014130904 2
0.2686585894840159 0.534268194585963 0.05883917890442769 0.417502733906598 0.8730526266480801 7
0.3735273888487761 0.18657460464736753 0.46814681015090975 0.17876564329158495 0.9821407948247046 7
0.3735273888487761 0.18657460464736753 0.46814681015090975 0.17876564329158495 0.9821407948247046 7
0.247903288769862 0.7253211772358594 0.515422703657324 0.7146489172918858 0.1437751497811227 6
0.9932604237074308 0.8734097294312013 0.7186939043279972 0.3602475567330461 0.33568193107022937 2
0.9932604237074308 0.8734097294312013 0.7186939043279972 0.3602475567330461 0.33568193107022937 2
0.9932604237074308 0.8734097294312013 0.7186939043279972 0.3602475567330461 0.33568193107022937 2
0.9932604237074308 0.8734097294312013 0.7186939043279972 0.3602475567330461 0.33568193107022937 2
0.04048726835231331 0.5014587107067566 0.5974035993067687 0.29679920050622277 0.2641807084256266 1
0.09022442160223365 0.08064671060337181 0.27435053730042025 0.45626945112544826 0.9122938661691754 5
0.7451947283245832 0.5424377463174188 0.9343568745709641 0.7365504475501862 0.930219349986293 6
0.22797940556848673 0.2749017042830316 0.8682372244752944 0.12435552655147686 0.9409774539677765 7
0.5516234526863312 0.4369783205001816 0.607367065322329 0.21970477677624511 0.9211920014130904 2
0.5516234526863312 0.4369783205001816 0.607367065322329 0.21970477677624511 0.9211920014130904 2
0.2695381330858224 0.6285364412397407 0.007736418305776982 0.9967177697511653 0.6557586348379025 3
0.5351435819381117 0.9562980839112246 0.04629940927821252 0.3044713041668837 0.6748036439592847 7
0.2686585894840159 0.534268194585963 0.05883917890442769 0.417502733906598 0.8730526266480801 7
0.3735273888487761 0.18657460464736753 0.46814681015090975 0.17876564329158495 0.9821407948247046 7
0.5137867497328498 0.02647317749420497 0.752520499539456 0.7268240631195719 0.955476711400352 4
0.9932604237074308 0.8734097294312013 0.7186939043279972 0.3602475567330461 0.33568193107022937 2
0.9932604237074308 0.8734097294312013 0.7186939043279972 0.3602475567330461 0.33568193107022937 2
0.9932604237074308 0.8734097294312013 0.7186939043279972 0.3602475567330461 0.33568193107022937 2
0.9932604237074308 0.8734097294312013 0.7186939043279972 0.3602475567330461 0.33568193107022937 2
0.04048726835231331 0.5014587107067566 0.5974035993067687 0.29679920050622277 0.2641807084256266 1
0.6577280454206812 0.769401646482149 0.34448698315471016 0.5359287267269334 0.8778150503723066 4
0.7451947283245832 0.5424377463174188 0.9343568745709641 0.7365504475501862 0.930219349986293 6
0.7451947283245832 0.5424377463174188 0.9343568745709641 0.7365504475501862 0.930219349986293 6
0.5516234526863312 0.4369783205001816 0.607367065322329 0.21970477677624511 0.9211920014130904 2
0.5516234526863312 0.4369783205001816 0.607367065322329 0.21970477677624511 0.9211920014130904 2
0.3444381567106861 0.5730884141852557 0.24502482027553685 0.7693207341787234 0.6524919657627296 5
0.2695381330858224 0.6285364412397407 0.007736418305776982 0.9967177697511653 0.6557586348379025 3
0.5351435819381117 0.9562980839112246 0.04629940927821252 0.3044713041668837 0.6748036439592847 7
0.3735273888487761 0.18657460464736753 0.46814681015090975 0.17876564329158495 0.9821407948247046 7
0.730568852680234 0.6707918855690439 0.24160132526176903 0.27037117742724437 0.9190971224385249 4
0.9932604237074308 0.8734097294312013 0.7186939043279972 0.3602475567330461 0.33568193107022937 2
0.9932604237074308 0.8734097294312013 0.7186939043279972 0.3602475567330461 0.33568193107022937 2
0.9932604237074308 0.8734097294312013 0.7186939043279972 0.3602475567330461 0.33568193107022937 2
0.9932604237074308 0.8734097294312013 0.7186939043279972 0.3602475567330461 0.33568193107022937 2
0.04048726835231331 0.5014587107067566 0.5974035993067687 0.29679920050622277 0.2641807084256266 1
0.09022442160223365 0.08064671060337181 0.27435053730042025 0.45626945112544826 0.9122938661691754 5
0.04048726835231331 0.5014587107067566 0.5974035993067687 0.29679920050622277 0.2641807084256266 1
0.09022442160223365 0.08064671060337181 0.27435053730042025 0.45626945112544826 0.9122938661691754 5
0.09022442160223365 0.08064671060337181 0.27435053730042025 0.45626945112544826 0.9122938661691754 5
0.7451947283245832 0.5424377463174188 0.9343568745709641 0.7365504475501862 0.930219349986293 6
0.5516234526863312 0.4369783205001816 0.607367065322329 0.21970477677624511 0.9211920014130904 2
0.3444381567106861 0.5730884141852557 0.24502482027553685 0.7693207341787234 0.6524919657627296 5
0.3444381567106861 0.5730884141852557 0.24502482027553685 0.7693207341787234 0.6524919657627296 5
0.2695381330858224 0.6285364412397407 0.007736418305776982 0.9967177697511653 0.6557586348379025 3
0.018637494265487997 0.02845101407463657 0.4394489613759027 0.8481457333712221 0.23634955686425285 2
0.5351435819381117 0.9562980839112246 0.04629940927821252 0.3044713041668837 0.6748036439592847 7
0.247903288769862 0.7253211772358594 0.515422703657324 0.7146489172918858 0.1437751497811227 6
0.5351435819381117 0.9562980839112246 0.04629940927821252 0.3044713041668837 0.6748036439592847 7
0.5137867497328498 0.02647317749420497 0.752520499539456 0.7268240631195719 0.955476711400352 4
0.9932604237074308 0.8734097294312013 0.7186939043279972 0.3602475567330461 0.33568193107022937 2
0.9932604237074308 0.8734097294312013 0.7186939043279972 0.3602475567330461 0.33568193107022937 2
0.9932604237074308 0.8734097294312013 0.7186939043279972 0.3602475567330461 0.33568193107022937 2
0.9932604237074308 0.8734097294312013 0.7186939043279972 0.3602475567330461 0.33568193107022937 2
0.04048726835231331 0.5014587107067566 0.5974035993067687 0.29679920050622277 0.2641807084256266 1
0.09022442160223365 0.08064671060337181 0.27435053730042025 0.45626945112544826 0.9122938661691754 5
0.7451947283245832 0.5424377463174188 0.9343568745709641 0.7365504475501862 0.930219349986293 6
0.22797940556848673 0.2749017042830316 0.8682372244752944 0.12435552655147686 0.9409774539677765 7
0.5516234526863312 0.4369783205001816 0.607367065322329 0.21970477677624511 0.9211920014130904 2
0.3444381567106861 0.5730884141852557 0.24502482027553685 0.7693207341787234 0.6524919657627296 5
0.3444381567106861 0.5730884141852557 0.24502482027553685 0.7693207341787234 0.6524919657627296 5
0.018637494265487997 0.02845101407463657 0.4394489613759027 0.8481457333712221 0.23634955686425285 2
0.018637494265487997 0.02845101407463657 0.4394489613759027 0.8481457333712221 0.23634955686425285 2
0.5351435819381117 0.9562980839112246 0.04629940927821252 0.3044713041668837 0.6748036439592847 7
0.5137867497328498 0.02647317749420497 0.752520499539456 0.7268240631195719 0.955476711400352 4
0.3735273888487761 0.18657460464736753 0.46814681015090975 0.17876564329158495 0.9821407948247046 7
0.9932604237074308 0.8734097294312013 0.7186939043279972 0.3602475567330461 0.33568193107022937 2
0.9932604237074308 0.8734097294312013 0.7186939043279972 0.3602475567330461 0.33568193107022937 2
0.04048726835231331 0.5014587107067566 0.5974035993067687 0.29679920050622277 0.2641807084256266 1
0.6577280454206812 0.769401646482149 0.34448698315471016 0.5359287267269334 0.8778150503723066 4
0.7451947283245832 0.5424377463174188 0.9343568745709641 0.7365504475501862 0.930219349986293 6
0.22797940556848673 0.2749017042830316 0.8682372244752944 0.12435552655147686 0.9409774539677765 7
0.5516234526863312 0.4369783205001816 0.607367065322329 0.21970477677624511 0.9211920014130904 2
0.5516234526863312 0.4369783205001816 0.607367065322329 0.21970477677624511 0.9211920014130904 2
0.2695381330858224 0.6285364412397407 0.007736418305776982 0.9967177697511653 0.6557586348379025 3
0.5516234526863312 0.4369783205001816 0.607367065322329 0.21970477677624511 0.9211920014130904 2
0.018637494265487997 0.02845101407463657 0.4394489613759027 0.8481457333712221 0.23634955686425285 2
0.15392045579956992 0.0758795792598459 0.5399897508984001 0.24189446686219773 0.9836382556425793 8
0.3735273888487761 0.18657460464736753 0.46814681015090975 0.17876564329158495 0.9821407948247046 7
0.5137867497328498 0.02647317749420497 0.752520499539456 0.7268240631195719 0.955476711400352 4
0.3735273888487761 0.18657460464736753 0.46814681015090975 0.17876564329158495 0.9821407948247046 7
0.22412533388847466 0.4587706043184686 0.8653293761723037 0.839100425588755 0.09090672718890547 3
0.9932604237074308 0.8734097294312013 0.7186939043279972 0.3602475567330461 0.33568193107022937 2
0.9932604237074308 0.8734097294312013 0.7186939043279972 0.3602475567330461 0.33568193107022937 2
0.04048726835231331 0.5014587107067566 0.5974035993067687 0.29679920050622277 0.2641807084256266 1
0.09022442160223365 0.08064671060337181 0.27435053730042025 0.45626945112544826 0.9122938661691754 5
0.7451947283245832 0.5424377463174188 0.9343568745709641 0.7365504475501862 0.930219349986293 6
0.7451947283245832 0.5424377463174188 0.9343568745709641 0.7365504475501862 0.930219349986293 6
0.5516234526863312 0.4369783205001816 0.607367065322329 0.21970477677624511 0.9211920014130904 2
0.5516234526863312 0.4369783205001816 0.607367065322329 0.21970477677624511 0.9211920014130904 2
0.3444381567106861 0.5730884141852557 0.24502482027553685 0.7693207341787234 0.6524919657627296 5
0.2695381330858224 0.6285364412397407 0.007736418305776982 0.9967177697511653 0.6557586348379025 3
0.2686585894840159 0.534268194585963 0.05883917890442769 0.417502733906598 0.8730526266480801 7
0.3735273888487761 0.18657460464736753 0.46814681015090975 0.17876564329158495 0.9821407948247046 7
0.730568852680234 0.6707918855690439 0.24160132526176903 0.27037117742724437 0.9190971224385249 4
0.5294906944263371 0.7254304246473875 0.03227125467566394 0.6787042211047174 0.8711849295197065 1
0.247903288769862 0.7253211772358594 0.515422703657324 0.7146489172918858 0.1437751497811227 6
0.3735273888487761 0.18657460464736753 0.46814681015090975 0.17876564329158495 0.9821407948247046 7
0.9932604237074308 0.8734097294312013 0.7186939043279972 0.3602475567330461 0.33568193107022937 2
0.9932604237074308 0.8734097294312013 0.7186939043279972 0.3602475567330461 0.33568193107022937 2
0.9932604237074308 0.8734097294312013 0.7186939043279972 0.3602475567330461 0.33568193107022937 2
0.04048726835231331 0.5014587107067566 0.5974035993067687 0.29679920050622277 0.2641807084256266 1
0.09022442160223365 0.08064671060337181 0.27435053730042025 0.45626945112544826 0.9122938661691754 5
0.7451947283245832 0.5424377463174188 0.9343568745709641 0.7365504475501862 0.930219349986293 6
0.7451947283245832 0.5424377463174188 0.9343568745709641 0.7365504475501862 0.930219349986293 6
0.5516234526863312 0.4369783205001816 0.607367065322329 0.21970477677624511 0.9211920014130904 2
0.5516234526863312 0.4369783205001816 0.607367065322329 0.21970477677624511 0.9211920014130904 2
0.5516234526863312 0.4369783205001816 0.607367065322329 0.21970477677624511 0.9211920014130904 2
0.018637494265487997 0.02845101407463657 0.4394489613759027 0.8481457333712221 0.23634955686425285 2
0.018637494265487997 0.02845101407463657 0.4394489613759027 0.8481457333712221 0.23634955686425285 2
0.3735273888487761 0.18657460464736753 0.46814681015090975 0.17876564329158495 0.9821407948247046 7
0.3735273888487761 0.18657460464736753 0.46814681015090975 0.17876564329158495 0.9821407948247046 7
0.3735273888487761 0.18657460464736753 0.46814681015090975 0.17876564329158495 0.9821407948247046 7
0.3735273888487761 0.18657460464736753 0.46814681015090975 0.17876564329158495 0.9821407948247046 7
0.22412533388847466 0.4587706043184686 0.8653293761723037 0.839100425588755 0.09090672718890547 3
0.9932604237074308 0.8734097294312013 0.7186939043279972 0.3602475567330461 0.33568193107022937 2
0.9932604237074308 0.8734097294312013 0.7186939043279972 0.3602475567330461 0.33568193107022937 2
0.04048726835231331 0.5014587107067566 0.5974035993067687 0.29679920050622277 0.2641807084256266 1
0.04048726835231331 0.5014587107067566 0.5974035993067687 0.29679920050622277 0.2641807084256266 1
0.7451947283245832 0.5424377463174188 0.9343568745709641 0.7365504475501862 0.930219349986293 6
0.7451947283245832 0.5424377463174188 0.9343568745709641 0.7365504475501862 0.930219349986293 6
0.3444381567106861 0.5730884141852557 0.24502482027553685 0.7693207341787234 0.6524919657627296 5
0.5516234526863312 0.4369783205001816 0.607367065322329 0.21970477677624511 0.9211920014130904 2
0.3444381567106861 0.5730884141852557 0.24502482027553685 0.7693207341787234 0.6524919657627296 5
0.2695381330858224 0.6285364412397407 0.007736418305776982 0.9967177697511653 0.6557586348379025 3
0.2686585894840159 0.534268194585963 0.05883917890442769 0.417502733906598 0.8730526266480801 7
0.3735273888487761 0.18657460464736753 0.46814681015090975 0.17876564329158495 0.9821407948247046 7
0.15392045579956992 0.0758795792598459 0.5399897508984001 0.24189446686219773 0.9836382556425793 8
0.3735273888487761 0.18657460464736753 0.46814681015090975 0.17876564329158495 0.9821407948247046 7
0.3735273888487761 0.18657460464736753 0.46814681015090975 0.17876564329158495 0.9821407948247046 7
0.22412533388847466 0.4587706043184686 0.8653293761723037 0.839100425588755 0.09090672718890547 3
0.9932604237074308 0.8734097294312013 0.7186939043279972 0.3602475567330461 0.33568193107022937 2
0.21091698029411898 0.5495520072210747 0.09720521478639133 0.1394240964559228 0.18654825161667887 1
0.04048726835231331 0.5014587107067566 0.5974035993067687 0.29679920050622277 0.2641807084256266 1
0.04048726835231331 0.5014587107067566 0.5974035993067687 0.29679920050622277 0.2641807084256266 1
0.7451947283245832 0.5424377463174188 0.9343568745709641 0.7365504475501862 0.930219349986293 6
0.7451947283245832 0.5424377463174188 0.9343568745709641 0.7365504475501862 0.930219349986293 6
0.5516234526863312 0.4369783205001816 0.607367065322329 0.21970477677624511 0.9211920014130904 2
0.5516234526863312 0.4369783205001816 0.607367065322329 0.21970477677624511 0.9211920014130904 2
0.3444381567106861 0.5730884141852557 0.24502482027553685 0.7693207341787234 0.6524919657627296 5
0.2695381330858224 0.6285364412397407 0.007736418305776982 0.9967177697511653 0.6557586348379025 3
0.2686585894840159 0.534268194585963 0.05883917890442769 0.417502733906598 0.8730526266480801 7
0.3735273888487761 0.18657460464736753 0.46814681015090975 0.17876564329158495 0.9821407948247046 7
0.11469861844636964 0.3573361632584189 0.5226056908007004 0.12798961781147766 0.7633919544277041 3
0.3735273888487761 0.18657460464736753 0.46814681015090975 0.17876564329158495 0.9821407948247046 7
0.5137867497328498 0.02647317749420497 0.752520499539456 0.7268240631195719 0.955476711400352 4
0.9932604237074308 0.8734097294312013 0.7186939043279972 0.3602475567330461 0.33568193107022937 2
0.9932604237074308 0.8734097294312013 0.7186939043279972 0.3602475567330461 0.33568193107022937 2
0.9932604237074308 0.8734097294312013 0.7186939043279972 0.3602475567330461 0.33568193107022937 2
0.9932604237074308 0.8734097294312013 0.7186939043279972 0.3602475567330461 0.33568193107022937 2
0.04048726835231331 0.5014587107067566 0.5974035993067687 0.29679920050622277 0.2641807084256266 1
0.09022442160223365 0.08064671060337181 0.27435053730042025 0.45626945112544826 0.9122938661691754 5
0.7451947283245832 0.5424377463174188 0.9343568745709641 0.7365504475501862 0.930219349986293 6
0.3444381567106861 0.5730884141852557 0.24502482027553685 0.7693207341787234 0.6524919657627296 5
0.2695381330858224 0.6285364412397407 0.007736418305776982 0.9967177697511653 0.6557586348379025 3
0.2695381330858224 0.6285364412397407 0.007736418305776982 0.9967177697511653 0.6557586348379025 3
0.2695381330858224 0.6285364412397407 0.007736418305776982 0.9967177697511653 0.6557586348379025 3
0.2695381330858224 0.6285364412397407 0.007736418305776982 0.9967177697511653 0.6557586348379025 3
0.5351435819381117 0.9562980839112246 0.04629940927821252 0.3044713041668837 0.6748036439592847 7
0.3735273888487761 0.18657460464736753 0.46814681015090975 0.17876564329158495 0.9821407948247046 7
0.3735273888487761 0.18657460464736753 0.46814681015090975 0.17876564329158495 0.9821407948247046 7
0.5137867497328498 0.02647317749420497 0.752520499539456 0.7268240631195719 0.955476711400352 4
0.9932604237074308 0.8734097294312013 0.7186939043279972 0.3602475567330461 0.33568193107022937 2
0.9932604237074308 0.8734097294312013 0.7186939043279972 0.3602475567330461 0.33568193107022937 2
0.9932604237074308 0.8734097294312013 0.7186939043279972 0.3602475567330461 0.33568193107022937 2
0.9932604237074308 0.8734097294312013 0.7186939043279972 0.3602475567330461 0.33568193107022937 2
0.04048726835231331 0.5014587107067566 0.5974035993067687 0.29679920050622277 0.2641807084256266 1
0.6577280454206812 0.769401646482149 0.34448698315471016 0.5359287267269334 0.8778150503723066 4
0.7451947283245832 0.5424377463174188 0.9343568745709641 0.7365504475501862 0.930219349986293 6
0.3444381567106861 0.5730884141852557 0.24502482027553685 0.7693207341787234 0.6524919657627296 5
0.3444381567106861 0.5730884141852557 0.24502482027553685 0.7693207341787234 0.6524919657627296 5
0.5516234526863312 0.4369783205001816 0.607367065322329 0.21970477677624511 0.9211920014130904 2
0.5516234526863312 0.4369783205001816 0.607367065322329 0.21970477677624511 0.9211920014130904 2
0.5516234526863312 0.4369783205001816 0.607367065322329 0.21970477677624511 0.9211920014130904 2
0.5351435819381117 0.9562980839112246 0.04629940927821252 0.3044713041668837 0.6748036439592847 7
0.15392045579956992 0.0758795792598459 0.5399897508984001 0.24189446686219773 0.9836382556425793 8
0.3735273888487761 0.18657460464736753 0.46814681015090975 0.17876564329158495 0.9821407948247046 7
0.5137867497328498 0.02647317749420497 0.752520499539456 0.7268240631195719 0.955476711400352 4
0.3735273888487761 0.18657460464736753 0.46814681015090975 0.17876564329158495 0.9821407948247046 7
0.9932604237074308 0.8734097294312013 0.7186939043279972 0.3602475567330461 0.33568193107022937 2
0.9932604237074308 0.8734097294312013 0.7186939043279972 0.3602475567330461 0.33568193107022937 2
0.9932604237074308 0.8734097294312013 0.7186939043279972 0.3602475567330461 0.33568193107022937 2
0.04048726835231331 0.5014587107067566 0.5974035993067687 0.29679920050622277 0.2641807084256266 1
0.09022442160223365 0.08064671060337181 0.27435053730042025 0.45626945112544826 0.9122938661691754 5
0.7451947283245832 0.5424377463174188 0.9343568745709641 0.7365504475501862 0.930219349986293 6
0.7451947283245832 0.5424377463174188 0.9343568745709641 0.7365504475501862 0.930219349986293 6
0.5516234526863312 0.4369783205001816 0.607367065322329 0.21970477677624511 0.9211920014130904 2
0.3444381567106861 0.5730884141852557 0.24502482027553685 0.7693207341787234 0.6524919657627296 5
0.5516234526863312 0.4369783205001816 0.607367065322329 0.21970477677624511 0.9211920014130904 2
0.8689449636297242 0.9301313985393469 0.9460252492193676 0.029135043624847423 0.7118557700438106 7
0.2686585894840159 0.534268194585963 0.05883917890442769 0.417502733906598 0.8730526266480801 7
0.15392045579956992 0.0758795792598459 0.5399897508984001 0.24189446686219773 0.9836382556425793 8
0.11469861844636964 0.3573361632584189 0.5226056908007004 0.12798961781147766 0.7633919544277041 3
0.3735273888487761 0.18657460464736753 0.46814681015090975 0.17876564329158495 0.9821407948247046 7
0.3735273888487761 0.18657460464736753 0.46814681015090975 0.17876564329158495 0.9821407948247046 7
0.9932604237074308 0.8734097294312013 0.7186939043279972 0.3602475567330461 0.33568193107022937 2
0.9932604237074308 0.8734097294312013 0.7186939043279972 0.3602475567330461 0.33568193107022937 2
0.9932604237074308 0.8734097294312013 0.7186939043279972 0.3602475567330461 0.33568193107022937 2
0.09022442160223365 0.08064671060337181 0.27435053730042025 0.45626945112544826 0.9122938661691754 5
0.04048726835231331 0.5014587107067566 0.5974035993067687 0.29679920050622277 0.2641807084256266 1
0.04048726835231331 0.5014587107067566 0.5974035993067687 0.29679920050622277 0.2641807084256266 1
0.09022442160223365 0.08064671060337181 0.27435053730042025 0.45626945112544826 0.9122938661691754 5
0.7451947283245832 0.5424377463174188 0.9343568745709641 0.7365504475501862 0.930219349986293 6
0.5516234526863312 0.4369783205001816 0.607367065322329 0.21970477677624511 0.9211920014130904 2
0.5516234526863312 0.4369783205001816 0.607367065322329 0.21970477677624511 0.9211920014130904 2
0.3444381567106861 0.5730884141852557 0.24502482027553685 0.7693207341787234 0.6524919657627296 5
0.2695381330858224 0.6285364412397407 0.007736418305776982 0.9967177697511653 0.6557586348379025 3
0.018637494265487997 0.02845101407463657 0.4394489613759027 0.8481457333712221 0.23634955686425285 2
0.3735273888487761 0.18657460464736753 0.46814681015090975 0.17876564329158495 0.9821407948247046 7
0.247903288769862 0.7253211772358594 0.515422703657324 0.7146489172918858 0.1437751497811227 6
0.15392045579956992 0.0758795792598459 0.5399897508984001 0.24189446686219773 0.9836382556425793 8
0.3735273888487761 0.18657460464736753 0.46814681015090975 0.17876564329158495 0.9821407948247046 7
0.9932604237074308 0.8734097294312013 0.7186939043279972 0.3602475567330461 0.33568193107022937 2
0.9932604237074308 0.8734097294312013 0.7186939043279972 0.3602475567330461 0.33568193107022937 2
0.9932604237074308 0.8734097294312013 0.7186939043279972 0.3602475567330461 0.33568193107022937 2
0.21091698029411898 0.5495520072210747 0.09720521478639133 0.1394240964559228 0.18654825161667887 1
0.04048726835231331 0.5014587107067566 0.5974035993067687 0.29679920050622277 0.2641807084256266 1
0.09022442160223365 0.08064671060337181 0.27435053730042025 0.45626945112544826 0.9122938661691754 5
0.7451947283245832 0.5424377463174188 0.9343568745709641 0.7365504475501862 0.930219349986293 6
0.22797940556848673 0.2749017042830316 0.8682372244752944 0.12435552655147686 0.9409774539677765 7
0.7451947283245832 0.5424377463174188 0.9343568745709641 0.7365504475501862 0.930219349986293 6
0.3444381567106861 0.5730884141852557 0.24502482027553685 0.7693207341787234 0.6524919657627296 5
0.5516234526863312 0.4369783205001816 0.607367065322329 0.21970477677624511 0.9211920014130904 2
0.018637494265487997 0.02845101407463657 0.4394489613759027 0.8481457333712221 0.23634955686425285 2
0.2686585894840159 0.534268194585963 0.05883917890442769 0.417502733906598 0.8730526266480801 7
0.3735273888487761 0.18657460464736753 0.46814681015090975 0.17876564329158495 0.9821407948247046 7
0.11469861844636964 0.3573361632584189 0.5226056908007004 0.12798961781147766 0.7633919544277041 3
0.247903288769862 0.7253211772358594 0.515422703657324 0.7146489172918858 0.1437751497811227 6
0.3735273888487761 0.18657460464736753 0.46814681015090975 0.17876564329158495 0.9821407948247046 7
0.3735273888487761 0.18657460464736753 0.46814681015090975 0.17876564329158495 0.9821407948247046 7
0.9932604237074308 0.8734097294312013 0.7186939043279972 0.3602475567330461 0.33568193107022937 2
0.9932604237074308 0.8734097294312013 0.7186939043279972 0.3602475567330461 0.33568193107022937 2
0.9932604237074308 0.8734097294312013 0.7186939043279972 0.3602475567330461 0.33568193107022937 2
0.04048726835231331 0.5014587107067566 0.5974035993067687 0.29679920050622277 0.2641807084256266 1
0.09022442160223365 0.08064671060337181 0.27435053730042025 0.45626945112544826 0.9122938661691754 5
0.7451947283245832 0.5424377463174188 0.9343568745709641 0.7365504475501862 0.930219349986293 6
0.3444381567106861 0.5730884141852557 0.24502482027553685 0.7693207341787234 0.6524919657627296 5
0.5516234526863312 0.4369783205001816 0.607367065322329 0.21970477677624511 0.9211920014130904 2
0.5516234526863312 0.4369783205001816 0.607367065322329 0.21970477677624511 0.9211920014130904 2
0.3444381567106861 0.5730884141852557 0.24502482027553685 0.7693207341787234 0.6524919657627296 5
0.2695381330858224 0.6285364412397407 0.007736418305776982 0.9967177697511653 0.6557586348379025 3
0.018637494265487997 0.02845101407463657 0.4394489613759027 0.8481457333712221 0.23634955686425285 2
0.3735273888487761 0.18657460464736753 0.46814681015090975 0.17876564329158495 0.9821407948247046 7
0.06407393563410224 0.6972121550753378 0.033387919607913985 0.24528291508609645 0.33334555355103845 6
0.247903288769862 0.7253211772358594 0.515422703657324 0.7146489172918858 0.1437751497811227 6
0.5137867497328498 0.02647317749420497 0.752520499539456 0.7268240631195719 0.955476711400352 4
0.9932604237074308 0.8734097294312013 0.7186939043279972 0.3602475567330461 0.33568193107022937 2
0.9932604237074308 0.8734097294312013 0.7186939043279972 0.3602475567330461 0.33568193107022937 2
0.9932604237074308 0.8734097294312013 0.7186939043279972 0.3602475567330461 0.33568193107022937 2
0.04048726835231331 0.5014587107067566 0.5974035993067687 0.29679920050622277 0.2641807084256266 1
0.09022442160223365 0.08064671060337181 0.27435053730042025 0.45626945112544826 0.9122938661691754 5
0.09022442160223365 0.08064671060337181 0.27435053730042025 0.45626945112544826 0.9122938661691754 5
0.22797940556848673 0.2749017042830316 0.8682372244752944 0.12435552655147686 0.9409774539677765 7
0.5516234526863312 0.4369783205001816 0.607367065322329 0.21970477677624511 0.9211920014130904 2
0.3444381567106861 0.5730884141852557 0.24502482027553685 0.7693207341787234 0.6524919657627296 5
0.5516234526863312 0.4369783205001816 0.607367065322329 0.21970477677624511 0.9211920014130904 2
0.5351435819381117 0.9562980839112246 0.04629940927821252 0.3044713041668837 0.6748036439592847 7
0.5351435819381117 0.9562980839112246 0.04629940927821252 0.3044713041668837 0.6748036439592847 7
0.3735273888487761 0.18657460464736753 0.46814681015090975 0.17876564329158495 0.9821407948247046 7
0.3735273888487761 0.18657460464736753 0.46814681015090975 0.17876564329158495 0.9821407948247046 7
0.7435256979551638 0.7799167093285757 0.08769505210146156 0.23856784724125335 0.5595341330560721 2
0.5294906944263371 0.7254304246473875 0.03227125467566394 0.6787042211047174 0.8711849295197065 1
0.247903288769862 0.7253211772358594 0.515422703657324 0.7146489172918858 0.1437751497811227 6
0.3735273888487761 0.18657460464736753 0.46814681015090975 0.17876564329158495 0.9821407948247046 7
0.9932604237074308 0.8734097294312013 0.7186939043279972 0.3602475567330461 0.33568193107022937 2
0.9932604237074308 0.8734097294312013 0.7186939043279972 0.3602475567330461 0.33568193107022937 2
0.9932604237074308 0.8734097294312013 0.7186939043279972 0.3602475567330461 0.33568193107022937 2
0.04048726835231331 0.5014587107067566 0.5974035993067687 0.29679920050622277 0.2641807084256266 1
0.22797940556848673 0.2749017042830316 0.8682372244752944 0.12435552655147686 0.9409774539677765 7
0.7451947283245832 0.5424377463174188 0.9343568745709641 0.7365504475501862 0.930219349986293 6
0.7451947283245832 0.5424377463174188 0.9343568745709641 0.7365504475501862 0.930219349986293 6
0.5516234526863312 0.4369783205001816 0.607367065322329 0.21970477677624511 0.9211920014130904 2
0.5516234526863312 0.4369783205001816 0.607367065322329 0.21970477677624511 0.9211920014130904 2
0.5516234526863312 0.4369783205001816 0.607367065322329 0.21970477677624511 0.9211920014130904 2
0.018637494265487997 0.02845101407463657 0.4394489613759027 0.8481457333712221 0.23634955686425285 2
0.018637494265487997 0.02845101407463657 0.4394489613759027 0.8481457333712221 0.23634955686425285 2
0.3735273888487761 0.18657460464736753 0.46814681015090975 0.17876564329158495 0.9821407948247046 7
0.3735273888487761 0.18657460464736753 0.46814681015090975 0.17876564329158495 0.9821407948247046 7
0.3735273888487761 0.18657460464736753 0.46814681015090975 0.17876564329158495 0.9821407948247046 7
0.22412533388847466 0.4587706043184686 0.8653293761723037 0.839100425588755 0.09090672718890547 3
0.9932604237074308 0.8734097294312013 0.7186939043279972 0.3602475567330461 0.33568193107022937 2
0.9932604237074308 0.8734097294312013 0.7186939043279972 0.3602475567330461 0.33568193107022937 2
0.04048726835231331 0.5014587107067566 0.5974035993067687 0.29679920050622277 0.2641807084256266 1
0.04048726835231331 0.5014587107067566 0.5974035993067687 0.29679920050622277 0.2641807084256266 1
0.04048726835231331 0.5014587107067566 0.5974035993067687 0.29679920050622277 0.2641807084256266 1
0.09022442160223365 0.08064671060337181 0.27435053730042025 0.45626945112544826 0.9122938661691754 5
0.7451947283245832 0.5424377463174188 0.9343568745709641 0.7365504475501862 0.930219349986293 6
0.5516234526863312 0.4369783205001816 0.607367065322329 0.21970477677624511 0.9211920014130904 2
0.5516234526863312 0.4369783205001816 0.607367065322329 0.21970477677624511 0.9211920014130904 2
0.3444381567106861 0.5730884141852557 0.24502482027553685 0.7693207341787234 0.6524919657627296 5
0.2695381330858224 0.6285364412397407 0.007736418305776982 0.9967177697511653 0.6557586348379025 3
0.2686585894840159 0.534268194585963 0.05883917890442769 0.417502733906598 0.8730526266480801 7
0.3735273888487761 0.18657460464736753 0.46814681015090975 0.17876564329158495 0.9821407948247046 7
0.3735273888487761 0.18657460464736753 0.46814681015090975 0.17876564329158495 0.9821407948247046 7
0.15392045579956992 0.0758795792598459 0.5399897508984001 0.24189446686219773 0.9836382556425793 8
0.247903288769862 0.7253211772358594 0.515422703657324 0.7146489172918858 0.1437751497811227 6
0.3735273888487761 0.18657460464736753 0.46814681015090975 0.17876564329158495 0.9821407948247046 7
0.22412533388847466 0.4587706043184686 0.8653293761723037 0.839100425588755 0.09090672718890547 3
0.9932604237074308 0.8734097294312013 0.7186939043279972 0.3602475567330461 0.33568193107022937 2
0.9932604237074308 0.8734097294312013 0.7186939043279972 0.3602475567330461 0.33568193107022937 2
0.04048726835231331 0.5014587107067566 0.5974035993067687 0.29679920050622277 0.2641807084256266 1
0.04048726835231331 0.5014587107067566 0.5974035993067687 0.29679920050622277 0.2641807084256266 1
0.7451947283245832 0.5424377463174188 0.9343568745709641 0.7365504475501862 0.930219349986293 6
0.7451947283245832 0.5424377463174188 0.9343568745709641 0.7365504475501862 0.930219349986293 6
0.5516234526863312 0.4369783205001816 0.607367065322329 0.21970477677624511 0.9211920014130904 2
0.3444381567106861 0.5730884141852557 0.24502482027553685 0.7693207341787234 0.6524919657627296 5
0.3444381567106861 0.5730884141852557 0.24502482027553685 0.7693207341787234 0.6524919657627296 5
0.2695381330858224 0.6285364412397407 0.007736418305776982 0.9967177697511653 0.6557586348379025 3
0.018637494265487997 0.02845101407463657 0.4394489613759027 0.8481457333712221 0.23634955686425285 2
0.3735273888487761 0.18657460464736753 0.46814681015090975 0.17876564329158495 0.9821407948247046 7
0.5137867497328498 0.02647317749420497 0.752520499539456 0.7268240631195719 0.955476711400352 4
0.247903288769862 0.7253211772358594 0.515422703657324 0.7146489172918858 0.1437751497811227 6
0.9932604237074308 0.8734097294312013 0.7186939043279972 0.3602475567330461 0.33568193107022937 2
0.9932604237074308 0.8734097294312013 0.7186939043279972 0.3602475567330461 0.33568193107022937 2
0.9932604237074308 0.8734097294312013 0.7186939043279972 0.3602475567330461 0.33568193107022937 2
0.04048726835231331 0.5014587107067566 0.5974035993067687 0.29679920050622277 0.2641807084256266 1
0.22797940556848673 0.2749017042830316 0.8682372244752944 0.12435552655147686 0.9409774539677765 7
0.7451947283245832 0.5424377463174188 0.9343568745709641 0.7365504475501862 0.930219349986293 6
0.7451947283245832 0.5424377463174188 0.9343568745709641 0.7365504475501862 0.930219349986293 6
0.5516234526863312 0.4369783205001816 0.607367065322329 0.21970477677624511 0.9211920014130904 2
0.5516234526863312 0.4369783205001816 0.607367065322329 0.21970477677624511 0.9211920014130904 2
0.3444381567106861 0.5730884141852557 0.24502482027553685 0.7693207341787234 0.6524919657627296 5
0.5351435819381117 0.9562980839112246 0.04629940927821252 0.3044713041668837 0.6748036439592847 7
0.2686585894840159 0.534268194585963 0.05883917890442769 0.417502733906598 0.8730526266480801 7
0.3735273888487761 0.18657460464736753 0.46814681015090975 0.17876564329158495 0.9821407948247046 7
0.11469861844636964 0.3573361632584189 0.5226056908007004 0.12798961781147766 0.7633919544277041 3
0.3735273888487761 0.18657460464736753 0.46814681015090975 0.17876564329158495 0.9821407948247046 7
0.5137867497328498 0.02647317749420497 0.752520499539456 0.7268240631195719 0.955476711400352 4
0.3735273888487761 0.18657460464736753 0.46814681015090975 0.17876564329158495 0.9821407948247046 7
0.9932604237074308 0.8734097294312013 0.7186939043279972 0.3602475567330461 0.33568193107022937 2
0.9932604237074308 0.8734097294312013 0.7186939043279972 0.3602475567330461 0.33568193107022937 2
0.9932604237074308 0.8734097294312013 0.7186939043279972 0.3602475567330461 0.33568193107022937 2
0.04048726835231331 0.5014587107067566 0.5974035993067687 0.29679920050622277 0.2641807084256266 1
0.09022442160223365 0.08064671060337181 0.27435053730042025 0.45626945112544826 0.9122938661691754 5
0.09022442160223365 0.08064671060337181 0.27435053730042025 0.45626945112544826 0.9122938661691754 5
0.7451947283245832 0.5424377463174188 0.9343568745709641 0.7365504475501862 0.930219349986293 6
0.5516234526863312 0.4369783205001816 0.607367065322329 0.21970477677624511 0.9211920014130904 2
0.3444381567106861 0.5730884141852557 0.24502482027553685 0.7693207341787234 0.6524919657627296 5
0.5516234526863312 0.4369783205001816 0.607367065322329 0.21970477677624511 0.9211920014130904 2
0.018637494265487997 0.02845101407463657 0.4394489613759027 0.8481457333712221 0.23634955686425285 2
0.018637494265487997 0.02845101407463657 0.4394489613759027 0.8481457333712221 0.23634955686425285 2
0.3735273888487761 0.18657460464736753 0.46814681015090975 0.17876564329158495 0.9821407948247046 7
0.3735273888487761 0.18657460464736753 0.46814681015090975 0.17876564329158495 0.9821407948247046 7
0.247903288769862 0.7253211772358594 0.515422703657324 0.7146489172918858 0.1437751497811227 6
0.3735273888487761 0.18657460464736753 0.46814681015090975 0.17876564329158495 0.9821407948247046 7
0.22412533388847466 0.4587706043184686 0.8653293761723037 0.839100425588755 0.09090672718890547 3
0.9932604237074308 0.8734097294312013 0.7186939043279972 0.3602475567330461 0.33568193107022937 2
0.9932604237074308 0.8734097294312013 0.7186939043279972 0.3602475567330461 0.33568193107022937 2
0.04048726835231331 0.5014587107067566 0.5974035993067687 0.29679920050622277 0.2641807084256266 1
0.09022442160223365 0.08064671060337181 0.27435053730042025 0.45626945112544826 0.9122938661691754 5
0.7451947283245832 0.5424377463174188 0.9343568745709641 0.7365504475501862 0.930219349986293 6
0.7451947283245832 0.5424377463174188 0.9343568745709641 0.7365504475501862 0.930219349986293 6
0.5516234526863312 0.4369783205001816 0.607367065322329 0.21970477677624511 0.9211920014130904 2
0.5516234526863312 0.4369783205001816 0.607367065322329 0.21970477677624511 0.9211920014130904 2
0.3444381567106861 0.5730884141852557 0.24502482027553685 0.7693207341787234 0.6524919657627296 5
0.2695381330858224 0.6285364412397407 0.007736418305776982 0.9967177697511653 0.6557586348379025 3
0.2686585894840159 0.534268194585963 0.05883917890442769 0.417502733906598 0.8730526266480801 7
0.3735273888487761 0.18657460464736753 0.46814681015090975 0.17876564329158495 0.9821407948247046 7
0.730568852680234 0.6707918855690439 0.24160132526176903 0.27037117742724437 0.9190971224385249 4
0.3735273888487761 0.18657460464736753 0.46814681015090975 0.17876564329158495 0.9821407948247046 7
0.5137867497328498 0.02647317749420497 0.752520499539456 0.7268240631195719 0.955476711400352 4
0.3735273888487761 0.18657460464736753 0.46814681015090975 0.17876564329158495 0.9821407948247046 7
0.22412533388847466 0.4587706043184686 0.8653293761723037 0.839100425588755 0.09090672718890547 3
0.9932604237074308 0.8734097294312013 0.7186939043279972 0.3602475567330461 0.33568193107022937 2
0.9932604237074308 0.8734097294312013 0.7186939043279972 0.3602475567330461 0.33568193107022937 2
0.04048726835231331 0.5014587107067566 0.5974035993067687 0.29679920050622277 0.2641807084256266 1
0.6577280454206812 0.769401646482149 0.34448698315471016 0.5359287267269334 0.8778150503723066 4
0.7451947283245832 0.5424377463174188 0.9343568745709641 0.7365504475501862 0.930219349986293 6
0.7451947283245832 0.5424377463174188 0.9343568745709641 0.7365504475501862 0.930219349986293 6
0.5516234526863312 0.4369783205001816 0.607367065322329 0.21970477677624511 0.9211920014130904 2
0.3444381567106861 0.5730884141852557 0.24502482027553685 0.7693207341787234 0.6524919657627296 5
0.3444381567106861 0.5730884141852557 0.24502482027553685 0.7693207341787234 0.6524919657627296 5
0.2695381330858224 0.6285364412397407 0.007736418305776982 0.9967177697511653 0.6557586348379025 3
0.5351435819381117 0.9562980839112246 0.04629940927821252 0.3044713041668837 0.6748036439592847 7
0.3735273888487761 0.18657460464736753 0.46814681015090975 0.17876564329158495 0.9821407948247046 7
0.730568852680234 0.6707918855690439 0.24160132526176903 0.27037117742724437 0.9190971224385249 4
0.5351435819381117 0.9562980839112246 0.04629940927821252 0.3044713041668837 0.6748036439592847 7
0.3735273888487761 0.18657460464736753 0.46814681015090975 0.17876564329158495 0.9821407948247046 7
0.3735273888487761 0.18657460464736753 0.46814681015090975 0.17876564329158495 0.9821407948247046 7
0.9932604237074308 0.8734097294312013 0.7186939043279972 0.3602475567330461 0.33568193107022937 2
0.9932604237074308 0.8734097294312013 0.7186939043279972 0.3602475567330461 0.33568193107022937 2
0.9932604237074308 0.8734097294312013 0.7186939043279972 0.3602475567330461 0.33568193107022937 2
0.04048726835231331 0.5014587107067566 0.5974035993067687 0.29679920050622277 0.2641807084256266 1
0.09022442160223365 0.08064671060337181 0.27435053730042025 0.45626945112544826 0.9122938661691754 5
0.7451947283245832 0.5424377463174188 0.9343568745709641 0.7365504475501862 0.930219349986293 6
0.22797940556848673 0.2749017042830316 0.8682372244752944 0.12435552655147686 0.9409774539677765 7
0.5516234526863312 0.4369783205001816 0.607367065322329 0.21970477677624511 0.9211920014130904 2
0.5516234526863312 0.4369783205001816 0.607367065322329 0.21970477677624511 0.9211920014130904 2
0.3444381567106861 0.5730884141852557 0.24502482027553685 0.7693207341787234 0.6524919657627296 5
0.2695381330858224 0.6285364412397407 0.007736418305776982 0.9967177697511653 0.6557586348379025 3
0.018637494265487997 0.02845101407463657 0.4394489613759027 0.8481457333712221 0.23634955686425285 2
0.3735273888487761 0.18657460464736753 0.46814681015090975 0.17876564329158495 0.9821407948247046 7
0.06407393563410224 0.6972121550753378 0.033387919607913985 0.24528291508609645 0.33334555355103845 6
0.3735273888487761 0.18657460464736753 0.46814681015090975 0.17876564329158495 0.9821407948247046 7
0.3735273888487761 0.18657460464736753 0.46814681015090975 0.17876564329158495 0.9821407948247046 7
0.22412533388847466 0.4587706043184686 0.8653293761723037 0.839100425588755 0.09090672718890547 3
0.9932604237074308 0.8734097294312013 0.7186939043279972 0.3602475567330461 0.33568193107022937 2
0.9932604237074308 0.8734097294312013 0.7186939043279972 0.3602475567330461 0.33568193107022937 2
0.9932604237074308 0.8734097294312013 0.7186939043279972 0.3602475567330461 0.33568193107022937 2
0.04048726835231331 0.5014587107067566 0.5974035993067687 0.29679920050622277 0.2641807084256266 1
0.09022442160223365 0.08064671060337181 0.27435053730042025 0.45626945112544826 0.9122938661691754 5
0.7451947283245832 0.5424377463174188 0.9343568745709641 0.7365504475501862 0.930219349986293 6
0.22797940556848673 0.2749017042830316 0.8682372244752944 0.12435552655147686 0.9409774539677765 7
0.5516234526863312 0.4369783205001816 0.607367065322329 0.21970477677624511 0.9211920014130904 2
0.5516234526863312 0.4369783205001816 0.607367065322329 0.21970477677624511 0.9211920014130904 2
0.3444381567106861 0.5730884141852557 0.24502482027553685 0.7693207341787234 0.6524919657627296 5
0.2695381330858224 0.6285364412397407 0.007736418305776982 0.9967177697511653 0.6557586348379025 3
0.2686585894840159 0.534268194585963 0.05883917890442769 0.417502733906598 0.8730526266480801 7
0.3735273888487761 0.18657460464736753 0.46814681015090975 0.17876564329158495 0.9821407948247046 7
0.3735273888487761 0.18657460464736753 0.46814681015090975 0.17876564329158495 0.9821407948247046 7
0.3735273888487761 0.18657460464736753 0.46814681015090975 0.17876564329158495 0.9821407948247046 7
0.5137867497328498 0.02647317749420497 0.752520499539456 0.7268240631195719 0.955476711400352 4
0.3735273888487761 0.18657460464736753 0.46814681015090975 0.17876564329158495 0.9821407948247046 7
0.9932604237074308 0.8734097294312013 0.7186939043279972 0.3602475567330461 0.33568193107022937 2
0.9932604237074308 0.8734097294312013 0.7186939043279972 0.3602475567330461 0.33568193107022937 2
0.9932604237074308 0.8734097294312013 0.7186939043279972 0.3602475567330461 0.33568193107022937 2
0.04048726835231331 0.5014587107067566 0.5974035993067687 0.29679920050622277 0.2641807084256266 1
0.09022442160223365 0.08064671060337181 0.27435053730042025 0.45626945112544826 0.9122938661691754 5
0.7451947283245832 0.5424377463174188 0.9343568745709641 0.7365504475501862 0.930219349986293 6
0.3444381567106861 0.5730884141852557 0.24502482027553685 0.7693207341787234 0.6524919657627296 5
0.2695381330858224 0.6285364412397407 0.007736418305776982 0.9967177697511653 0.6557586348379025 3
0.2695381330858224 0.6285364412397407 0.007736418305776982 0.9967177697511653 0.6557586348379025 3
0.2695381330858224 0.6285364412397407 0.007736418305776982 0.9967177697511653 0.6557586348379025 3
0.2695381330858224 0.6285364412397407 0.007736418305776982 0.9967177697511653 0.6557586348379025 3
0.5351435819381117 0.9562980839112246 0.04629940927821252 0.3044713041668837 0.6748036439592847 7
0.3735273888487761 0.18657460464736753 0.46814681015090975 0.17876564329158495 0.9821407948247046 7
0.9535893313497948 0.3941051043325935 0.5657758643060397 0.8996527519242062 0.6757801654850888 5
0.3735273888487761 0.18657460464736753 0.46814681015090975 0.17876564329158495 0.9821407948247046 7
0.3735273888487761 0.18657460464736753 0.46814681015090975 0.17876564329158495 0.9821407948247046 7
0.9932604237074308 0.8734097294312013 0.7186939043279972 0.3602475567330461 0.33568193107022937 2
0.9932604237074308 0.8734097294312013 0.7186939043279972 0.3602475567330461 0.33568193107022937 2
0.9932604237074308 0.8734097294312013 0.7186939043279972 0.3602475567330461 0.33568193107022937 2
0.9932604237074308 0.8734097294312013 0.7186939043279972 0.3602475567330461 0.33568193107022937 2
0.04048726835231331 0.5014587107067566 0.5974035993067687 0.29679920050622277 0.2641807084256266 1
0.04048726835231331 0.5014587107067566 0.5974035993067687 0.29679920050622277 0.2641807084256266 1
0.7451947283245832 0.5424377463174188 0.9343568745709641 0.7365504475501862 0.930219349986293 6
0.3444381567106861 0.5730884141852557 0.24502482027553685 0.7693207341787234 0.6524919657627296 5
0.5516234526863312 0.4369783205001816 0.607367065322329 0.21970477677624511 0.9211920014130904 2
0.5516234526863312 0.4369783205001816 0.607367065322329 0.21970477677624511 0.9211920014130904 2
0.3444381567106861 0.5730884141852557 0.24502482027553685 0.7693207341787234 0.6524919657627296 5
0.2695381330858224 0.6285364412397407 0.007736418305776982 0.9967177697511653 0.6557586348379025 3
0.018637494265487997 0.02845101407463657 0.4394489613759027 0.8481457333712221 0.23634955686425285 2
0.3735273888487761 0.18657460464736753 0.46814681015090975 0.17876564329158495 0.9821407948247046 7
0.247903288769862 0.7253211772358594 0.515422703657324 0.7146489172918858 0.1437751497811227 6
0.3735273888487761 0.18657460464736753 0.46814681015090975 0.17876564329158495 0.9821407948247046 7
0.3735273888487761 0.18657460464736753 0.46814681015090975 0.17876564329158495 0.9821407948247046 7
0.3735273888487761 0.18657460464736753 0.46814681015090975 0.17876564329158495 0.9821407948247046 7
0.22412533388847466 0.4587706043184686 0.8653293761723037 0.839100425588755 0.09090672718890547 3
0.9932604237074308 0.8734097294312013 0.7186939043279972 0.3602475567330461 0.33568193107022937 2
0.9932604237074308 0.8734097294312013 0.7186939043279972 0.3602475567330461 0.33568193107022937 2
0.04048726835231331 0.5014587107067566 0.5974035993067687 0.29679920050622277 0.2641807084256266 1
0.04048726835231331 0.5014587107067566 0.5974035993067687 0.29679920050622277 0.2641807084256266 1
0.7451947283245832 0.5424377463174188 0.9343568745709641 0.7365504475501862 0.930219349986293 6
0.3444381567106861 0.5730884141852557 0.24502482027553685 0.7693207341787234 0.6524919657627296 5
0.3444381567106861 0.5730884141852557 0.24502482027553685 0.7693207341787234 0.6524919657627296 5
0.5516234526863312 0.4369783205001816 0.607367065322329 0.21970477677624511 0.9211920014130904 2
0.3444381567106861 0.5730884141852557 0.24502482027553685 0.7693207341787234 0.6524919657627296 5
0.8689449636297242 0.9301313985393469 0.9460252492193676 0.029135043624847423 0.7118557700438106 7
0.5351435819381117 0.9562980839112246 0.04629940927821252 0.3044713041668837 0.6748036439592847 7
0.15392045579956992 0.0758795792598459 0.5399897508984001 0.24189446686219773 0.9836382556425793 8
0.3735273888487761 0.18657460464736753 0.46814681015090975 0.17876564329158495 0.9821407948247046 7
0.5137867497328498 0.02647317749420497 0.752520499539456 0.7268240631195719 0.955476711400352 4
0.9932604237074308 0.8734097294312013 0.7186939043279972 0.3602475567330461 0.33568193107022937 2
0.9932604237074308 0.8734097294312013 0.7186939043279972 0.3602475567330461 0.33568193107022937 2
0.9932604237074308 0.8734097294312013 0.7186939043279972 0.3602475567330461 0.33568193107022937 2
0.9932604237074308 0.8734097294312013 0.7186939043279972 0.3602475567330461 0.33568193107022937 2
0.04048726835231331 0.5014587107067566 0.5974035993067687 0.29679920050622277 0.2641807084256266 1
0.09022442160223365 0.08064671060337181 0.27435053730042025 0.45626945112544826 0.9122938661691754 5
0.7451947283245832 0.5424377463174188 0.9343568745709641 0.7365504475501862 0.930219349986293 6
0.7451947283245832 0.5424377463174188 0.9343568745709641 0.7365504475501862 0.930219349986293 6
0.5516234526863312 0.4369783205001816 0.607367065322329 0.21970477677624511 0.9211920014130904 2
0.5516234526863312 0.4369783205001816 0.607367065322329 0.21970477677624511 0.9211920014130904 2
0.3444381567106861 0.5730884141852557 0.24502482027553685 0.7693207341787234 0.6524919657627296 5
0.5516234526863312 0.4369783205001816 0.607367065322329 0.21970477677624511 0.9211920014130904 2
0.2686585894840159 0.534268194585963 0.05883917890442769 0.417502733906598 0.8730526266480801 7
0.5351435819381117 0.9562980839112246 0.04629940927821252 0.3044713041668837 0.6748036439592847 7
0.5137867497328498 0.02647317749420497 0.752520499539456 0.7268240631195719 0.955476711400352 4
0.9932604237074308 0.8734097294312013 0.7186939043279972 0.3602475567330461 0.33568193107022937 2
0.9932604237074308 0.8734097294312013 0.7186939043279972 0.3602475567330461 0.33568193107022937 2
0.9932604237074308 0.8734097294312013 0.7186939043279972 0.3602475567330461 0.33568193107022937 2
0.04048726835231331 0.5014587107067566 0.5974035993067687 0.29679920050622277 0.2641807084256266 1
0.6577280454206812 0.769401646482149 0.34448698315471016 0.5359287267269334 0.8778150503723066 4
0.7451947283245832 0.5424377463174188 0.9343568745709641 0.7365504475501862 0.930219349986293 6
0.22797940556848673 0.2749017042830316 0.8682372244752944 0.12435552655147686 0.9409774539677765 7
0.5516234526863312 0.4369783205001816 0.607367065322329 0.21970477677624511 0.9211920014130904 2
0.5516234526863312 0.4369783205001816 0.607367065322329 0.21970477677624511 0.9211920014130904 2
0.2695381330858224 0.6285364412397407 0.007736418305776982 0.9967177697511653 0.6557586348379025 3
0.5516234526863312 0.4369783205001816 0.607367065322329 0.21970477677624511 0.9211920014130904 2
0.018637494265487997 0.02845101407463657 0.4394489613759027 0.8481457333712221 0.23634955686425285 2
0.15392045579956992 0.0758795792598459 0.5399897508984001 0.24189446686219773 0.9836382556425793 8
