0.09103146070106738 0.6964821469578157 0.9757653362160189 0.8805567109177795 0.040999679663596855 2
0.9345784790556806 0.33352064089312516 0.02098852102299764 0.13306343011212807 0.15547197425581716 7
0.9229860101923109 0.8956501347168532 0.8672640491347733 0.6649341431515187 0.6029299583128213 7
0.7727241909344368 0.15508555359637222 0.32845756189539776 0.5697838979379843 0.7906606780965866 2
0.7727241909344368 0.15508555359637222 0.32845756189539776 0.5697838979379843 0.7906606780965866 2
0.5006971705813873 0.6653111715491627 0.5262863446251287 0.08246295881936216 0.48734497265780286 6
0.5841438239252228 0.4249410561236938 0.46216578688556764 0.9063780835170862 0.6381005844339529 6
0.2613653305807324 0.6706178637129664 0.08038895789946343 0.21347379091876795 0.9863037030256329 8
0.8981978714824148 0.3584643275440159 0.7434708051301605 0.6040620724744834 0.7358102423136008 3
0.23724197118494916 0.7317751833332764 0.6274206325318934 0.41770046453103093 0.5768652915398514 4
0.4823896664069991 0.09135516088044804 0.8836869659501471 0.1686870427075038 0.9321127261073638 1
0.4823896664069991 0.09135516088044804 0.8836869659501471 0.1686870427075038 0.9321127261073638 1
0.45894925515083196 0.6036034238830935 0.819387514789156 0.3843905057818562 0.8178240030965296 1
0.4301450251105824 0.4845848061656852 0.9082296356530224 0.4922693025246283 0.9249389428449576 6
0.9345784790556806 0.33352064089312516 0.02098852102299764 0.13306343011212807 0.15547197425581716 7
0.7310349513365599 0.785772217195105 0.7760432858763856 0.3035500797401076 0.7540934106588717 3
0.08569493814703655 0.9945362826799609 0.28192636006258287 0.3510202617969065 0.14148217238461336 4
0.09850641525747206 0.09435644224972684 0.9835977923309791 0.3369829527106665 0.6240771051811597 1
0.7727241909344368 0.15508555359637222 0.32845756189539776 0.5697838979379843 0.7906606780965866 2
0.5006971705813873 0.6653111715491627 0.5262863446251287 0.08246295881936216 0.48734497265780286 6
0.2613653305807324 0.6706178637129664 0.08038895789946343 0.21347379091876795 0.9863037030256329 8
0.23724197118494916 0.7317751833332764 0.6274206325318934 0.41770046453103093 0.5768652915398514 4
0.4823896664069991 0.09135516088044804 0.8836869659501471 0.1686870427075038 0.9321127261073638 1
0.4823896664069991 0.09135516088044804 0.8836869659501471 0.1686870427075038 0.9321127261073638 1
0.4823896664069991 0.09135516088044804 0.8836869659501471 0.1686870427075038 0.9321127261073638 1
0.4823896664069991 0.09135516088044804 0.8836869659501471 0.1686870427075038 0.9321127261073638 1
0.45894925515083196 0.6036034238830935 0.819387514789156 0.3843905057818562 0.8178240030965296 1
0.4301450251105824 0.4845848061656852 0.9082296356530224 0.4922693025246283 0.9249389428449576 6
0.09103146070106738 0.6964821469578157 0.9757653362160189 0.8805567109177795 0.040999679663596855 2
0.9787750690069585 0.19347740329377738 0.2252325565265736 0.2698076501786729 0.974558370882536 6
0.9345784790556806 0.33352064089312516 0.02098852102299764 0.13306343011212807 0.15547197425581716 7
0.9229860101923109 0.8956501347168532 0.8672640491347733 0.6649341431515187 0.6029299583128213 7
0.08569493814703655 0.9945362826799609 0.28192636006258287 0.3510202617969065 0.14148217238461336 4
0.09850641525747206 0.09435644224972684 0.9835977923309791 0.3369829527106665 0.6240771051811597 1
0.7727241909344368 0.15508555359637222 0.32845756189539776 0.5697838979379843 0.7906606780965866 2
0.5006971705813873 0.6653111715491627 0.5262863446251287 0.08246295881936216 0.48734497265780286 6
0.2613653305807324 0.6706178637129664 0.08038895789946343 0.21347379091876795 0.9863037030256329 8
0.8981978714824148 0.3584643275440159 0.7434708051301605 0.6040620724744834 0.7358102423136008 3
0.23724197118494916 0.7317751833332764 0.6274206325318934 0.41770046453103093 0.5768652915398514 4
0.4823896664069991 0.09135516088044804 0.8836869659501471 0.1686870427075038 0.9321127261073638 1
0.4823896664069991 0.09135516088044804 0.8836869659501471 0.1686870427075038 0.9321127261073638 1
0.4823896664069991 0.09135516088044804 0.8836869659501471 0.1686870427075038 0.9321127261073638 1
0.4823896664069991 0.09135516088044804 0.8836869659501471 0.1686870427075038 0.9321127261073638 1
0.8331615732459189 0.6043439359427423 0.3770557974744789 0.7091283002785317 0.7876023692111161 3
0.0013629370679141273 0.4726061579710361 0.7851850247217627 0.1953508547776236 0.7432158113899141 1
0.7310349513365599 0.785772217195105 0.7760432858763856 0.3035500797401076 0.7540934106588717 3
0.9229860101923109 0.8956501347168532 0.8672640491347733 0.6649341431515187 0.6029299583128213 7
0.7310349513365599 0.785772217195105 0.7760432858763856 0.3035500797401076 0.7540934106588717 3
6.512268702020263E-4 0.6795761131274385 0.051727733821048116 0.04961177456337085 0.1292468977615795 7
0.7727241909344368 0.15508555359637222 0.32845756189539776 0.5697838979379843 0.7906606780965866 2
0.5841438239252228 0.4249410561236938 0.46216578688556764 0.9063780835170862 0.6381005844339529 6
0.32389676676429935 0.8592890288181216 0.4137782436043862 0.7217951628968147 0.8040028146228265 1
0.2613653305807324 0.6706178637129664 0.08038895789946343 0.21347379091876795 0.9863037030256329 8
0.8981978714824148 0.3584643275440159 0.7434708051301605 0.6040620724744834 0.7358102423136008 3
0.08342130968433425 0.03233144604657878 0.27038610300511223 0.4641602273888271 0.44418462846980034 6
0.22959297245875532 0.9586273404758399 0.3951830053007669 0.8075881835119072 0.29748538099977384 2
0.4823896664069991 0.09135516088044804 0.8836869659501471 0.1686870427075038 0.9321127261073638 1
0.7205431338848025 0.6119838760860562 0.7188962700264574 0.04505743105685245 0.8964635257008956 5
0.6195983362087535 0.2288701737248724 0.8023040742886871 0.8633321437345586 0.21747287360003653 6
0.8331615732459189 0.6043439359427423 0.3770557974744789 0.7091283002785317 0.7876023692111161 3
0.09103146070106738 0.6964821469578157 0.9757653362160189 0.8805567109177795 0.040999679663596855 2
0.9345784790556806 0.33352064089312516 0.02098852102299764 0.13306343011212807 0.15547197425581716 7
0.90529645827252 0.09797199568925363 0.14603324960513686 0.42742493596670206 0.798035836246526 6
0.09850641525747206 0.09435644224972684 0.9835977923309791 0.3369829527106665 0.6240771051811597 1
0.23724197118494916 0.7317751833332764 0.6274206325318934 0.41770046453103093 0.5768652915398514 4
0.5841438239252228 0.4249410561236938 0.46216578688556764 0.9063780835170862 0.6381005844339529 6
0.2613653305807324 0.6706178637129664 0.08038895789946343 0.21347379091876795 0.9863037030256329 8
0.8981978714824148 0.3584643275440159 0.7434708051301605 0.6040620724744834 0.7358102423136008 3
0.23724197118494916 0.7317751833332764 0.6274206325318934 0.41770046453103093 0.5768652915398514 4
0.4823896664069991 0.09135516088044804 0.8836869659501471 0.1686870427075038 0.9321127261073638 1
0.4823896664069991 0.09135516088044804 0.8836869659501471 0.1686870427075038 0.9321127261073638 1
0.4823896664069991 0.09135516088044804 0.8836869659501471 0.1686870427075038 0.9321127261073638 1
0.6195983362087535 0.2288701737248724 0.8023040742886871 0.8633321437345586 0.21747287360003653 6
0.8331615732459189 0.6043439359427423 0.3770557974744789 0.7091283002785317 0.7876023692111161 3
0.9345784790556806 0.33352064089312516 0.02098852102299764 0.13306343011212807 0.15547197425581716 7
0.9345784790556806 0.33352064089312516 0.02098852102299764 0.13306343011212807 0.15547197425581716 7
0.90529645827252 0.09797199568925363 0.14603324960513686 0.42742493596670206 0.798035836246526 6
0.09850641525747206 0.09435644224972684 0.9835977923309791 0.3369829527106665 0.6240771051811597 1
0.23724197118494916 0.7317751833332764 0.6274206325318934 0.41770046453103093 0.5768652915398514 4
0.2613653305807324 0.6706178637129664 0.08038895789946343 0.21347379091876795 0.9863037030256329 8
0.2613653305807324 0.6706178637129664 0.08038895789946343 0.21347379091876795 0.9863037030256329 8
0.8981978714824148 0.3584643275440159 0.7434708051301605 0.6040620724744834 0.7358102423136008 3
0.23724197118494916 0.7317751833332764 0.6274206325318934 0.41770046453103093 0.5768652915398514 4
0.4823896664069991 0.09135516088044804 0.8836869659501471 0.1686870427075038 0.9321127261073638 1
0.4823896664069991 0.09135516088044804 0.8836869659501471 0.1686870427075038 0.9321127261073638 1
0.4823896664069991 0.09135516088044804 0.8836869659501471 0.1686870427075038 0.9321127261073638 1
0.6195983362087535 0.2288701737248724 0.8023040742886871 0.8633321437345586 0.21747287360003653 6
0.435721779978523 0.9768730688051602 0.6576534312560405 0.6638236285694127 0.09933922804072226 4
0.7310349513365599 0.785772217195105 0.7760432858763856 0.3035500797401076 0.7540934106588717 3
0.08569493814703655 0.9945362826799609 0.28192636006258287 0.3510202617969065 0.14148217238461336 4
0.9229860101923109 0.8956501347168532 0.8672640491347733 0.6649341431515187 0.6029299583128213 7
0.5841438239252228 0.4249410561236938 0.46216578688556764 0.9063780835170862 0.6381005844339529 6
0.32389676676429935 0.8592890288181216 0.4137782436043862 0.7217951628968147 0.8040028146228265 1
0.8981978714824148 0.3584643275440159 0.7434708051301605 0.6040620724744834 0.7358102423136008 3
0.8931128137634153 0.509117416075383 0.23391475490182312 0.26789351627936486 0.9754659143799225 2
0.8981978714824148 0.3584643275440159 0.7434708051301605 0.6040620724744834 0.7358102423136008 3
0.08342130968433425 0.03233144604657878 0.27038610300511223 0.4641602273888271 0.44418462846980034 6
0.4823896664069991 0.09135516088044804 0.8836869659501471 0.1686870427075038 0.9321127261073638 1
0.4823896664069991 0.09135516088044804 0.8836869659501471 0.1686870427075038 0.9321127261073638 1
0.7205431338848025 0.6119838760860562 0.7188962700264574 0.04505743105685245 0.8964635257008956 5
0.6195983362087535 0.2288701737248724 0.8023040742886871 0.8633321437345586 0.21747287360003653 6
0.09103146070106738 0.6964821469578157 0.9757653362160189 0.8805567109177795 0.040999679663596855 2
0.7310349513365599 0.785772217195105 0.7760432858763856 0.3035500797401076 0.7540934106588717 3
0.9229860101923109 0.8956501347168532 0.8672640491347733 0.6649341431515187 0.6029299583128213 7
0.08569493814703655 0.9945362826799609 0.28192636006258287 0.3510202617969065 0.14148217238461336 4
6.512268702020263E-4 0.6795761131274385 0.051727733821048116 0.04961177456337085 0.1292468977615795 7
0.7727241909344368 0.15508555359637222 0.32845756189539776 0.5697838979379843 0.7906606780965866 2
0.5006971705813873 0.6653111715491627 0.5262863446251287 0.08246295881936216 0.48734497265780286 6
0.2613653305807324 0.6706178637129664 0.08038895789946343 0.21347379091876795 0.9863037030256329 8
0.9893508100655516 0.01927683814572878 0.9871652927732292 0.11177124436224284 0.46192964760654154 4
0.23724197118494916 0.7317751833332764 0.6274206325318934 0.41770046453103093 0.5768652915398514 4
0.08342130968433425 0.03233144604657878 0.27038610300511223 0.4641602273888271 0.44418462846980034 6
0.22959297245875532 0.9586273404758399 0.3951830053007669 0.8075881835119072 0.29748538099977384 2
0.4823896664069991 0.09135516088044804 0.8836869659501471 0.1686870427075038 0.9321127261073638 1
0.4823896664069991 0.09135516088044804 0.8836869659501471 0.1686870427075038 0.9321127261073638 1
0.4301450251105824 0.4845848061656852 0.9082296356530224 0.4922693025246283 0.9249389428449576 6
0.6910785523126162 0.1381497053017604 0.8946368608791798 0.185745323628408 0.2458534360074699 4
0.7310349513365599 0.785772217195105 0.7760432858763856 0.3035500797401076 0.7540934106588717 3
0.435721779978523 0.9768730688051602 0.6576534312560405 0.6638236285694127 0.09933922804072226 4
0.7310349513365599 0.785772217195105 0.7760432858763856 0.3035500797401076 0.7540934106588717 3
0.08569493814703655 0.9945362826799609 0.28192636006258287 0.3510202617969065 0.14148217238461336 4
0.9229860101923109 0.8956501347168532 0.8672640491347733 0.6649341431515187 0.6029299583128213 7
0.5841438239252228 0.4249410561236938 0.46216578688556764 0.9063780835170862 0.6381005844339529 6
0.8981978714824148 0.3584643275440159 0.7434708051301605 0.6040620724744834 0.7358102423136008 3
0.23724197118494916 0.7317751833332764 0.6274206325318934 0.41770046453103093 0.5768652915398514 4
0.23724197118494916 0.7317751833332764 0.6274206325318934 0.41770046453103093 0.5768652915398514 4
0.4823896664069991 0.09135516088044804 0.8836869659501471 0.1686870427075038 0.9321127261073638 1
0.4823896664069991 0.09135516088044804 0.8836869659501471 0.1686870427075038 0.9321127261073638 1
0.7205431338848025 0.6119838760860562 0.7188962700264574 0.04505743105685245 0.8964635257008956 5
0.6195983362087535 0.2288701737248724 0.8023040742886871 0.8633321437345586 0.21747287360003653 6
0.09103146070106738 0.6964821469578157 0.9757653362160189 0.8805567109177795 0.040999679663596855 2
0.7310349513365599 0.785772217195105 0.7760432858763856 0.3035500797401076 0.7540934106588717 3
0.7310349513365599 0.785772217195105 0.7760432858763856 0.3035500797401076 0.7540934106588717 3
6.512268702020263E-4 0.6795761131274385 0.051727733821048116 0.04961177456337085 0.1292468977615795 7
0.7727241909344368 0.15508555359637222 0.32845756189539776 0.5697838979379843 0.7906606780965866 2
0.32389676676429935 0.8592890288181216 0.4137782436043862 0.7217951628968147 0.8040028146228265 1
0.2613653305807324 0.6706178637129664 0.08038895789946343 0.21347379091876795 0.9863037030256329 8
0.9893508100655516 0.01927683814572878 0.9871652927732292 0.11177124436224284 0.46192964760654154 4
0.23724197118494916 0.7317751833332764 0.6274206325318934 0.41770046453103093 0.5768652915398514 4
0.08342130968433425 0.03233144604657878 0.27038610300511223 0.4641602273888271 0.44418462846980034 6
0.22959297245875532 0.9586273404758399 0.3951830053007669 0.8075881835119072 0.29748538099977384 2
0.4823896664069991 0.09135516088044804 0.8836869659501471 0.1686870427075038 0.9321127261073638 1
0.4823896664069991 0.09135516088044804 0.8836869659501471 0.1686870427075038 0.9321127261073638 1
0.4301450251105824 0.4845848061656852 0.9082296356530224 0.4922693025246283 0.9249389428449576 6
0.09103146070106738 0.6964821469578157 0.9757653362160189 0.8805567109177795 0.040999679663596855 2
0.9787750690069585 0.19347740329377738 0.2252325565265736 0.2698076501786729 0.974558370882536 6
0.9229860101923109 0.8956501347168532 0.8672640491347733 0.6649341431515187 0.6029299583128213 7
0.7310349513365599 0.785772217195105 0.7760432858763856 0.3035500797401076 0.7540934106588717 3
0.08569493814703655 0.9945362826799609 0.28192636006258287 0.3510202617969065 0.14148217238461336 4
0.09850641525747206 0.09435644224972684 0.9835977923309791 0.3369829527106665 0.6240771051811597 1
0.5006971705813873 0.6653111715491627 0.5262863446251287 0.08246295881936216 0.48734497265780286 6
0.2613653305807324 0.6706178637129664 0.08038895789946343 0.21347379091876795 0.9863037030256329 8
0.9893508100655516 0.01927683814572878 0.9871652927732292 0.11177124436224284 0.46192964760654154 4
0.23724197118494916 0.7317751833332764 0.6274206325318934 0.41770046453103093 0.5768652915398514 4
0.08342130968433425 0.03233144604657878 0.27038610300511223 0.4641602273888271 0.44418462846980034 6
0.4823896664069991 0.09135516088044804 0.8836869659501471 0.1686870427075038 0.9321127261073638 1
0.4823896664069991 0.09135516088044804 0.8836869659501471 0.1686870427075038 0.9321127261073638 1
0.45894925515083196 0.6036034238830935 0.819387514789156 0.3843905057818562 0.8178240030965296 1
0.4301450251105824 0.4845848061656852 0.9082296356530224 0.4922693025246283 0.9249389428449576 6
0.8331615732459189 0.6043439359427423 0.3770557974744789 0.7091283002785317 0.7876023692111161 3
0.9345784790556806 0.33352064089312516 0.02098852102299764 0.13306343011212807 0.15547197425581716 7
0.9229860101923109 0.8956501347168532 0.8672640491347733 0.6649341431515187 0.6029299583128213 7
0.08569493814703655 0.9945362826799609 0.28192636006258287 0.3510202617969065 0.14148217238461336 4
0.09850641525747206 0.09435644224972684 0.9835977923309791 0.3369829527106665 0.6240771051811597 1
0.23724197118494916 0.7317751833332764 0.6274206325318934 0.41770046453103093 0.5768652915398514 4
0.5841438239252228 0.4249410561236938 0.46216578688556764 0.9063780835170862 0.6381005844339529 6
0.2613653305807324 0.6706178637129664 0.08038895789946343 0.21347379091876795 0.9863037030256329 8
0.8981978714824148 0.3584643275440159 0.7434708051301605 0.6040620724744834 0.7358102423136008 3
0.23724197118494916 0.7317751833332764 0.6274206325318934 0.41770046453103093 0.5768652915398514 4
0.23724197118494916 0.7317751833332764 0.6274206325318934 0.41770046453103093 0.5768652915398514 4
0.22959297245875532 0.9586273404758399 0.3951830053007669 0.8075881835119072 0.29748538099977384 2
0.4823896664069991 0.09135516088044804 0.8836869659501471 0.1686870427075038 0.9321127261073638 1
0.4823896664069991 0.09135516088044804 0.8836869659501471 0.1686870427075038 0.9321127261073638 1
0.7205431338848025 0.6119838760860562 0.7188962700264574 0.04505743105685245 0.8964635257008956 5
0.09103146070106738 0.6964821469578157 0.9757653362160189 0.8805567109177795 0.040999679663596855 2
0.9787750690069585 0.19347740329377738 0.2252325565265736 0.2698076501786729 0.974558370882536 6
0.9229860101923109 0.8956501347168532 0.8672640491347733 0.6649341431515187 0.6029299583128213 7
0.9229860101923109 0.8956501347168532 0.8672640491347733 0.6649341431515187 0.6029299583128213 7
0.08569493814703655 0.9945362826799609 0.28192636006258287 0.3510202617969065 0.14148217238461336 4
0.9229860101923109 0.8956501347168532 0.8672640491347733 0.6649341431515187 0.6029299583128213 7
0.5841438239252228 0.4249410561236938 0.46216578688556764 0.9063780835170862 0.6381005844339529 6
0.32389676676429935 0.8592890288181216 0.4137782436043862 0.7217951628968147 0.8040028146228265 1
0.8931128137634153 0.509117416075383 0.23391475490182312 0.26789351627936486 0.9754659143799225 2
0.8981978714824148 0.3584643275440159 0.7434708051301605 0.6040620724744834 0.7358102423136008 3
0.23724197118494916 0.7317751833332764 0.6274206325318934 0.41770046453103093 0.5768652915398514 4
0.4823896664069991 0.09135516088044804 0.8836869659501471 0.1686870427075038 0.9321127261073638 1
0.4823896664069991 0.09135516088044804 0.8836869659501471 0.1686870427075038 0.9321127261073638 1
0.4823896664069991 0.09135516088044804 0.8836869659501471 0.1686870427075038 0.9321127261073638 1
0.6195983362087535 0.2288701737248724 0.8023040742886871 0.8633321437345586 0.21747287360003653 6
0.09103146070106738 0.6964821469578157 0.9757653362160189 0.8805567109177795 0.040999679663596855 2
0.9345784790556806 0.33352064089312516 0.02098852102299764 0.13306343011212807 0.15547197425581716 7
0.7310349513365599 0.785772217195105 0.7760432858763856 0.3035500797401076 0.7540934106588717 3
0.08569493814703655 0.9945362826799609 0.28192636006258287 0.3510202617969065 0.14148217238461336 4
0.9229860101923109 0.8956501347168532 0.8672640491347733 0.6649341431515187 0.6029299583128213 7
0.5006971705813873 0.6653111715491627 0.5262863446251287 0.08246295881936216 0.48734497265780286 6
0.2613653305807324 0.6706178637129664 0.08038895789946343 0.21347379091876795 0.9863037030256329 8
0.9893508100655516 0.01927683814572878 0.9871652927732292 0.11177124436224284 0.46192964760654154 4
0.23724197118494916 0.7317751833332764 0.6274206325318934 0.41770046453103093 0.5768652915398514 4
0.08342130968433425 0.03233144604657878 0.27038610300511223 0.4641602273888271 0.44418462846980034 6
0.4823896664069991 0.09135516088044804 0.8836869659501471 0.1686870427075038 0.9321127261073638 1
0.4823896664069991 0.09135516088044804 0.8836869659501471 0.1686870427075038 0.9321127261073638 1
0.45894925515083196 0.6036034238830935 0.819387514789156 0.3843905057818562 0.8178240030965296 1
0.4301450251105824 0.4845848061656852 0.9082296356530224 0.4922693025246283 0.9249389428449576 6
0.09103146070106738 0.6964821469578157 0.9757653362160189 0.8805567109177795 0.040999679663596855 2
0.7310349513365599 0.785772217195105 0.7760432858763856 0.3035500797401076 0.7540934106588717 3
0.7310349513365599 0.785772217195105 0.7760432858763856 0.3035500797401076 0.7540934106588717 3
0.08569493814703655 0.9945362826799609 0.28192636006258287 0.3510202617969065 0.14148217238461336 4
0.09850641525747206 0.09435644224972684 0.9835977923309791 0.3369829527106665 0.6240771051811597 1
0.32389676676429935 0.8592890288181216 0.4137782436043862 0.7217951628968147 0.8040028146228265 1
0.2613653305807324 0.6706178637129664 0.08038895789946343 0.21347379091876795 0.9863037030256329 8
0.9893508100655516 0.01927683814572878 0.9871652927732292 0.11177124436224284 0.46192964760654154 4
0.23724197118494916 0.7317751833332764 0.6274206325318934 0.41770046453103093 0.5768652915398514 4
0.08342130968433425 0.03233144604657878 0.27038610300511223 0.4641602273888271 0.44418462846980034 6
0.4823896664069991 0.09135516088044804 0.8836869659501471 0.1686870427075038 0.9321127261073638 1
0.4823896664069991 0.09135516088044804 0.8836869659501471 0.1686870427075038 0.9321127261073638 1
0.45894925515083196 0.6036034238830935 0.819387514789156 0.3843905057818562 0.8178240030965296 1
0.4301450251105824 0.4845848061656852 0.9082296356530224 0.4922693025246283 0.9249389428449576 6
0.9345784790556806 0.33352064089312516 0.02098852102299764 0.13306343011212807 0.15547197425581716 7
0.9229860101923109 0.8956501347168532 0.8672640491347733 0.6649341431515187 0.6029299583128213 7
0.08569493814703655 0.9945362826799609 0.28192636006258287 0.3510202617969065 0.14148217238461336 4
0.7727241909344368 0.15508555359637222 0.32845756189539776 0.5697838979379843 0.7906606780965866 2
0.23724197118494916 0.7317751833332764 0.6274206325318934 0.41770046453103093 0.5768652915398514 4
0.5841438239252228 0.4249410561236938 0.46216578688556764 0.9063780835170862 0.6381005844339529 6
0.2613653305807324 0.6706178637129664 0.08038895789946343 0.21347379091876795 0.9863037030256329 8
0.8981978714824148 0.3584643275440159 0.7434708051301605 0.6040620724744834 0.7358102423136008 3
0.23724197118494916 0.7317751833332764 0.6274206325318934 0.41770046453103093 0.5768652915398514 4
0.23724197118494916 0.7317751833332764 0.6274206325318934 0.41770046453103093 0.5768652915398514 4
0.22959297245875532 0.9586273404758399 0.3951830053007669 0.8075881835119072 0.29748538099977384 2
0.4823896664069991 0.09135516088044804 0.8836869659501471 0.1686870427075038 0.9321127261073638 1
0.4823896664069991 0.09135516088044804 0.8836869659501471 0.1686870427075038 0.9321127261073638 1
0.7205431338848025 0.6119838760860562 0.7188962700264574 0.04505743105685245 0.8964635257008956 5
0.09103146070106738 0.6964821469578157 0.9757653362160189 0.8805567109177795 0.040999679663596855 2
0.09103146070106738 0.6964821469578157 0.9757653362160189 0.8805567109177795 0.040999679663596855 2
0.435721779978523 0.9768730688051602 0.6576534312560405 0.6638236285694127 0.09933922804072226 4
0.90529645827252 0.09797199568925363 0.14603324960513686 0.42742493596670206 0.798035836246526 6
0.9229860101923109 0.8956501347168532 0.8672640491347733 0.6649341431515187 0.6029299583128213 7
0.8931128137634153 0.509117416075383 0.23391475490182312 0.26789351627936486 0.9754659143799225 2
0.2613653305807324 0.6706178637129664 0.08038895789946343 0.21347379091876795 0.9863037030256329 8
0.32389676676429935 0.8592890288181216 0.4137782436043862 0.7217951628968147 0.8040028146228265 1
0.8931128137634153 0.509117416075383 0.23391475490182312 0.26789351627936486 0.9754659143799225 2
0.8981978714824148 0.3584643275440159 0.7434708051301605 0.6040620724744834 0.7358102423136008 3
0.08342130968433425 0.03233144604657878 0.27038610300511223 0.4641602273888271 0.44418462846980034 6
0.4823896664069991 0.09135516088044804 0.8836869659501471 0.1686870427075038 0.9321127261073638 1
0.4823896664069991 0.09135516088044804 0.8836869659501471 0.1686870427075038 0.9321127261073638 1
0.4823896664069991 0.09135516088044804 0.8836869659501471 0.1686870427075038 0.9321127261073638 1
0.6195983362087535 0.2288701737248724 0.8023040742886871 0.8633321437345586 0.21747287360003653 6
0.8331615732459189 0.6043439359427423 0.3770557974744789 0.7091283002785317 0.7876023692111161 3
0.09103146070106738 0.6964821469578157 0.9757653362160189 0.8805567109177795 0.040999679663596855 2
0.435721779978523 0.9768730688051602 0.6576534312560405 0.6638236285694127 0.09933922804072226 4
0.90529645827252 0.09797199568925363 0.14603324960513686 0.42742493596670206 0.798035836246526 6
0.9229860101923109 0.8956501347168532 0.8672640491347733 0.6649341431515187 0.6029299583128213 7
0.8931128137634153 0.509117416075383 0.23391475490182312 0.26789351627936486 0.9754659143799225 2
0.2613653305807324 0.6706178637129664 0.08038895789946343 0.21347379091876795 0.9863037030256329 8
0.32389676676429935 0.8592890288181216 0.4137782436043862 0.7217951628968147 0.8040028146228265 1
0.2613653305807324 0.6706178637129664 0.08038895789946343 0.21347379091876795 0.9863037030256329 8
0.8981978714824148 0.3584643275440159 0.7434708051301605 0.6040620724744834 0.7358102423136008 3
0.08342130968433425 0.03233144604657878 0.27038610300511223 0.4641602273888271 0.44418462846980034 6
0.4823896664069991 0.09135516088044804 0.8836869659501471 0.1686870427075038 0.9321127261073638 1
0.4823896664069991 0.09135516088044804 0.8836869659501471 0.1686870427075038 0.9321127261073638 1
0.4823896664069991 0.09135516088044804 0.8836869659501471 0.1686870427075038 0.9321127261073638 1
0.6195983362087535 0.2288701737248724 0.8023040742886871 0.8633321437345586 0.21747287360003653 6
0.8331615732459189 0.6043439359427423 0.3770557974744789 0.7091283002785317 0.7876023692111161 3
0.7310349513365599 0.785772217195105 0.7760432858763856 0.3035500797401076 0.7540934106588717 3
0.9229860101923109 0.8956501347168532 0.8672640491347733 0.6649341431515187 0.6029299583128213 7
0.7310349513365599 0.785772217195105 0.7760432858763856 0.3035500797401076 0.7540934106588717 3
6.512268702020263E-4 0.6795761131274385 0.051727733821048116 0.04961177456337085 0.1292468977615795 7
0.5841438239252228 0.4249410561236938 0.46216578688556764 0.9063780835170862 0.6381005844339529 6
0.32389676676429935 0.8592890288181216 0.4137782436043862 0.7217951628968147 0.8040028146228265 1
0.8981978714824148 0.3584643275440159 0.7434708051301605 0.6040620724744834 0.7358102423136008 3
0.8931128137634153 0.509117416075383 0.23391475490182312 0.26789351627936486 0.9754659143799225 2
0.8981978714824148 0.3584643275440159 0.7434708051301605 0.6040620724744834 0.7358102423136008 3
0.08342130968433425 0.03233144604657878 0.27038610300511223 0.4641602273888271 0.44418462846980034 6
0.22959297245875532 0.9586273404758399 0.3951830053007669 0.8075881835119072 0.29748538099977384 2
0.4823896664069991 0.09135516088044804 0.8836869659501471 0.1686870427075038 0.9321127261073638 1
0.7205431338848025 0.6119838760860562 0.7188962700264574 0.04505743105685245 0.8964635257008956 5
0.6195983362087535 0.2288701737248724 0.8023040742886871 0.8633321437345586 0.21747287360003653 6
0.8331615732459189 0.6043439359427423 0.3770557974744789 0.7091283002785317 0.7876023692111161 3
0.9787750690069585 0.19347740329377738 0.2252325565265736 0.2698076501786729 0.974558370882536 6
0.9229860101923109 0.8956501347168532 0.8672640491347733 0.6649341431515187 0.6029299583128213 7
0.9229860101923109 0.8956501347168532 0.8672640491347733 0.6649341431515187 0.6029299583128213 7
0.7727241909344368 0.15508555359637222 0.32845756189539776 0.5697838979379843 0.7906606780965866 2
0.7727241909344368 0.15508555359637222 0.32845756189539776 0.5697838979379843 0.7906606780965866 2
0.5006971705813873 0.6653111715491627 0.5262863446251287 0.08246295881936216 0.48734497265780286 6
0.2613653305807324 0.6706178637129664 0.08038895789946343 0.21347379091876795 0.9863037030256329 8
0.8981978714824148 0.3584643275440159 0.7434708051301605 0.6040620724744834 0.7358102423136008 3
0.23724197118494916 0.7317751833332764 0.6274206325318934 0.41770046453103093 0.5768652915398514 4
0.4823896664069991 0.09135516088044804 0.8836869659501471 0.1686870427075038 0.9321127261073638 1
0.4823896664069991 0.09135516088044804 0.8836869659501471 0.1686870427075038 0.9321127261073638 1
0.7205431338848025 0.6119838760860562 0.7188962700264574 0.04505743105685245 0.8964635257008956 5
0.7205431338848025 0.6119838760860562 0.7188962700264574 0.04505743105685245 0.8964635257008956 5
0.0013629370679141273 0.4726061579710361 0.7851850247217627 0.1953508547776236 0.7432158113899141 1
0.9787750690069585 0.19347740329377738 0.2252325565265736 0.2698076501786729 0.974558370882536 6
0.9229860101923109 0.8956501347168532 0.8672640491347733 0.6649341431515187 0.6029299583128213 7
0.7310349513365599 0.785772217195105 0.7760432858763856 0.3035500797401076 0.7540934106588717 3
0.08569493814703655 0.9945362826799609 0.28192636006258287 0.3510202617969065 0.14148217238461336 4
0.09850641525747206 0.09435644224972684 0.9835977923309791 0.3369829527106665 0.6240771051811597 1
0.5006971705813873 0.6653111715491627 0.5262863446251287 0.08246295881936216 0.48734497265780286 6
0.2613653305807324 0.6706178637129664 0.08038895789946343 0.21347379091876795 0.9863037030256329 8
0.9893508100655516 0.01927683814572878 0.9871652927732292 0.11177124436224284 0.46192964760654154 4
0.4823896664069991 0.09135516088044804 0.8836869659501471 0.1686870427075038 0.9321127261073638 1
0.4823896664069991 0.09135516088044804 0.8836869659501471 0.1686870427075038 0.9321127261073638 1
0.4823896664069991 0.09135516088044804 0.8836869659501471 0.1686870427075038 0.9321127261073638 1
0.4823896664069991 0.09135516088044804 0.8836869659501471 0.1686870427075038 0.9321127261073638 1
0.45894925515083196 0.6036034238830935 0.819387514789156 0.3843905057818562 0.8178240030965296 1
0.4301450251105824 0.4845848061656852 0.9082296356530224 0.4922693025246283 0.9249389428449576 6
0.09103146070106738 0.6964821469578157 0.9757653362160189 0.8805567109177795 0.040999679663596855 2
0.435721779978523 0.9768730688051602 0.6576534312560405 0.6638236285694127 0.09933922804072226 4
0.7310349513365599 0.785772217195105 0.7760432858763856 0.3035500797401076 0.7540934106588717 3
0.9229860101923109 0.8956501347168532 0.8672640491347733 0.6649341431515187 0.6029299583128213 7
0.08569493814703655 0.9945362826799609 0.28192636006258287 0.3510202617969065 0.14148217238461336 4
0.7727241909344368 0.15508555359637222 0.32845756189539776 0.5697838979379843 0.7906606780965866 2
0.5006971705813873 0.6653111715491627 0.5262863446251287 0.08246295881936216 0.48734497265780286 6
0.2613653305807324 0.6706178637129664 0.08038895789946343 0.21347379091876795 0.9863037030256329 8
0.8981978714824148 0.3584643275440159 0.7434708051301605 0.6040620724744834 0.7358102423136008 3
0.23724197118494916 0.7317751833332764 0.6274206325318934 0.41770046453103093 0.5768652915398514 4
0.4823896664069991 0.09135516088044804 0.8836869659501471 0.1686870427075038 0.9321127261073638 1
0.22959297245875532 0.9586273404758399 0.3951830053007669 0.8075881835119072 0.29748538099977384 2
0.4823896664069991 0.09135516088044804 0.8836869659501471 0.1686870427075038 0.9321127261073638 1
0.4823896664069991 0.09135516088044804 0.8836869659501471 0.1686870427075038 0.9321127261073638 1
0.4301450251105824 0.4845848061656852 0.9082296356530224 0.4922693025246283 0.9249389428449576 6
0.6910785523126162 0.1381497053017604 0.8946368608791798 0.185745323628408 0.2458534360074699 4
0.7310349513365599 0.785772217195105 0.7760432858763856 0.3035500797401076 0.7540934106588717 3
0.9229860101923109 0.8956501347168532 0.8672640491347733 0.6649341431515187 0.6029299583128213 7
0.08569493814703655 0.9945362826799609 0.28192636006258287 0.3510202617969065 0.14148217238461336 4
6.512268702020263E-4 0.6795761131274385 0.051727733821048116 0.04961177456337085 0.1292468977615795 7
0.7727241909344368 0.15508555359637222 0.32845756189539776 0.5697838979379843 0.7906606780965866 2
0.5006971705813873 0.6653111715491627 0.5262863446251287 0.08246295881936216 0.48734497265780286 6
0.2613653305807324 0.6706178637129664 0.08038895789946343 0.21347379091876795 0.9863037030256329 8
0.9893508100655516 0.01927683814572878 0.9871652927732292 0.11177124436224284 0.46192964760654154 4
0.23724197118494916 0.7317751833332764 0.6274206325318934 0.41770046453103093 0.5768652915398514 4
0.08342130968433425 0.03233144604657878 0.27038610300511223 0.4641602273888271 0.44418462846980034 6
0.22959297245875532 0.9586273404758399 0.3951830053007669 0.8075881835119072 0.29748538099977384 2
0.4823896664069991 0.09135516088044804 0.8836869659501471 0.1686870427075038 0.9321127261073638 1
0.4823896664069991 0.09135516088044804 0.8836869659501471 0.1686870427075038 0.9321127261073638 1
0.4301450251105824 0.4845848061656852 0.9082296356530224 0.4922693025246283 0.9249389428449576 6
0.6910785523126162 0.1381497053017604 0.8946368608791798 0.185745323628408 0.2458534360074699 4
0.9787750690069585 0.19347740329377738 0.2252325565265736 0.2698076501786729 0.974558370882536 6
0.9229860101923109 0.8956501347168532 0.8672640491347733 0.6649341431515187 0.6029299583128213 7
0.9229860101923109 0.8956501347168532 0.8672640491347733 0.6649341431515187 0.6029299583128213 7
0.08569493814703655 0.9945362826799609 0.28192636006258287 0.3510202617969065 0.14148217238461336 4
0.9229860101923109 0.8956501347168532 0.8672640491347733 0.6649341431515187 0.6029299583128213 7
0.5841438239252228 0.4249410561236938 0.46216578688556764 0.9063780835170862 0.6381005844339529 6
0.32389676676429935 0.8592890288181216 0.4137782436043862 0.7217951628968147 0.8040028146228265 1
0.8931128137634153 0.509117416075383 0.23391475490182312 0.26789351627936486 0.9754659143799225 2
0.8981978714824148 0.3584643275440159 0.7434708051301605 0.6040620724744834 0.7358102423136008 3
0.08342130968433425 0.03233144604657878 0.27038610300511223 0.4641602273888271 0.44418462846980034 6
0.4823896664069991 0.09135516088044804 0.8836869659501471 0.1686870427075038 0.9321127261073638 1
0.4823896664069991 0.09135516088044804 0.8836869659501471 0.1686870427075038 0.9321127261073638 1
0.7205431338848025 0.6119838760860562 0.7188962700264574 0.04505743105685245 0.8964635257008956 5
0.7205431338848025 0.6119838760860562 0.7188962700264574 0.04505743105685245 0.8964635257008956 5
0.9345784790556806 0.33352064089312516 0.02098852102299764 0.13306343011212807 0.15547197425581716 7
0.7310349513365599 0.785772217195105 0.7760432858763856 0.3035500797401076 0.7540934106588717 3
0.08569493814703655 0.9945362826799609 0.28192636006258287 0.3510202617969065 0.14148217238461336 4
0.09850641525747206 0.09435644224972684 0.9835977923309791 0.3369829527106665 0.6240771051811597 1
0.7727241909344368 0.15508555359637222 0.32845756189539776 0.5697838979379843 0.7906606780965866 2
0.5006971705813873 0.6653111715491627 0.5262863446251287 0.08246295881936216 0.48734497265780286 6
0.2613653305807324 0.6706178637129664 0.08038895789946343 0.21347379091876795 0.9863037030256329 8
0.9893508100655516 0.01927683814572878 0.9871652927732292 0.11177124436224284 0.46192964760654154 4
0.8981978714824148 0.3584643275440159 0.7434708051301605 0.6040620724744834 0.7358102423136008 3
0.08342130968433425 0.03233144604657878 0.27038610300511223 0.4641602273888271 0.44418462846980034 6
0.4823896664069991 0.09135516088044804 0.8836869659501471 0.1686870427075038 0.9321127261073638 1
0.4823896664069991 0.09135516088044804 0.8836869659501471 0.1686870427075038 0.9321127261073638 1
0.7205431338848025 0.6119838760860562 0.7188962700264574 0.04505743105685245 0.8964635257008956 5
0.7205431338848025 0.6119838760860562 0.7188962700264574 0.04505743105685245 0.8964635257008956 5
0.09103146070106738 0.6964821469578157 0.9757653362160189 0.8805567109177795 0.040999679663596855 2
0.9787750690069585 0.19347740329377738 0.2252325565265736 0.2698076501786729 0.974558370882536 6
0.435721779978523 0.9768730688051602 0.6576534312560405 0.6638236285694127 0.09933922804072226 4
0.7310349513365599 0.785772217195105 0.7760432858763856 0.3035500797401076 0.7540934106588717 3
0.08569493814703655 0.9945362826799609 0.28192636006258287 0.3510202617969065 0.14148217238461336 4
0.9229860101923109 0.8956501347168532 0.8672640491347733 0.6649341431515187 0.6029299583128213 7
0.5841438239252228 0.4249410561236938 0.46216578688556764 0.9063780835170862 0.6381005844339529 6
0.32389676676429935 0.8592890288181216 0.4137782436043862 0.7217951628968147 0.8040028146228265 1
0.8981978714824148 0.3584643275440159 0.7434708051301605 0.6040620724744834 0.7358102423136008 3
0.23724197118494916 0.7317751833332764 0.6274206325318934 0.41770046453103093 0.5768652915398514 4
0.4823896664069991 0.09135516088044804 0.8836869659501471 0.1686870427075038 0.9321127261073638 1
0.4823896664069991 0.09135516088044804 0.8836869659501471 0.1686870427075038 0.9321127261073638 1
0.4823896664069991 0.09135516088044804 0.8836869659501471 0.1686870427075038 0.9321127261073638 1
0.7205431338848025 0.6119838760860562 0.7188962700264574 0.04505743105685245 0.8964635257008956 5
0.7205431338848025 0.6119838760860562 0.7188962700264574 0.04505743105685245 0.8964635257008956 5
0.6910785523126162 0.1381497053017604 0.8946368608791798 0.185745323628408 0.2458534360074699 4
0.7310349513365599 0.785772217195105 0.7760432858763856 0.3035500797401076 0.7540934106588717 3
0.9345784790556806 0.33352064089312516 0.02098852102299764 0.13306343011212807 0.15547197425581716 7
0.90529645827252 0.09797199568925363 0.14603324960513686 0.42742493596670206 0.798035836246526 6
0.7727241909344368 0.15508555359637222 0.32845756189539776 0.5697838979379843 0.7906606780965866 2
0.5006971705813873 0.6653111715491627 0.5262863446251287 0.08246295881936216 0.48734497265780286 6
0.2613653305807324 0.6706178637129664 0.08038895789946343 0.21347379091876795 0.9863037030256329 8
0.9893508100655516 0.01927683814572878 0.9871652927732292 0.11177124436224284 0.46192964760654154 4
0.23724197118494916 0.7317751833332764 0.6274206325318934 0.41770046453103093 0.5768652915398514 4
0.08342130968433425 0.03233144604657878 0.27038610300511223 0.4641602273888271 0.44418462846980034 6
0.22959297245875532 0.9586273404758399 0.3951830053007669 0.8075881835119072 0.29748538099977384 2
0.4823896664069991 0.09135516088044804 0.8836869659501471 0.1686870427075038 0.9321127261073638 1
0.4823896664069991 0.09135516088044804 0.8836869659501471 0.1686870427075038 0.9321127261073638 1
0.4301450251105824 0.4845848061656852 0.9082296356530224 0.4922693025246283 0.9249389428449576 6
0.9345784790556806 0.33352064089312516 0.02098852102299764 0.13306343011212807 0.15547197425581716 7
0.9345784790556806 0.33352064089312516 0.02098852102299764 0.13306343011212807 0.15547197425581716 7
0.7310349513365599 0.785772217195105 0.7760432858763856 0.3035500797401076 0.7540934106588717 3
0.09850641525747206 0.09435644224972684 0.9835977923309791 0.3369829527106665 0.6240771051811597 1
0.23724197118494916 0.7317751833332764 0.6274206325318934 0.41770046453103093 0.5768652915398514 4
0.2613653305807324 0.6706178637129664 0.08038895789946343 0.21347379091876795 0.9863037030256329 8
0.8981978714824148 0.3584643275440159 0.7434708051301605 0.6040620724744834 0.7358102423136008 3
0.23724197118494916 0.7317751833332764 0.6274206325318934 0.41770046453103093 0.5768652915398514 4
0.23724197118494916 0.7317751833332764 0.6274206325318934 0.41770046453103093 0.5768652915398514 4
0.22959297245875532 0.9586273404758399 0.3951830053007669 0.8075881835119072 0.29748538099977384 2
0.4823896664069991 0.09135516088044804 0.8836869659501471 0.1686870427075038 0.9321127261073638 1
0.4823896664069991 0.09135516088044804 0.8836869659501471 0.1686870427075038 0.9321127261073638 1
0.7205431338848025 0.6119838760860562 0.7188962700264574 0.04505743105685245 0.8964635257008956 5
0.09103146070106738 0.6964821469578157 0.9757653362160189 0.8805567109177795 0.040999679663596855 2
0.7661662916831774 0.4382443696550731 0.9488596627187148 0.7424153532726643 0.7658071675106156 8
0.09103146070106738 0.6964821469578157 0.9757653362160189 0.8805567109177795 0.040999679663596855 2
0.9345784790556806 0.33352064089312516 0.02098852102299764 0.13306343011212807 0.15547197425581716 7
0.9229860101923109 0.8956501347168532 0.8672640491347733 0.6649341431515187 0.6029299583128213 7
0.7727241909344368 0.15508555359637222 0.32845756189539776 0.5697838979379843 0.7906606780965866 2
0.7727241909344368 0.15508555359637222 0.32845756189539776 0.5697838979379843 0.7906606780965866 2
0.5006971705813873 0.6653111715491627 0.5262863446251287 0.08246295881936216 0.48734497265780286 6
0.5841438239252228 0.4249410561236938 0.46216578688556764 0.9063780835170862 0.6381005844339529 6
0.2613653305807324 0.6706178637129664 0.08038895789946343 0.21347379091876795 0.9863037030256329 8
0.8981978714824148 0.3584643275440159 0.7434708051301605 0.6040620724744834 0.7358102423136008 3
0.23724197118494916 0.7317751833332764 0.6274206325318934 0.41770046453103093 0.5768652915398514 4
0.4823896664069991 0.09135516088044804 0.8836869659501471 0.1686870427075038 0.9321127261073638 1
0.4823896664069991 0.09135516088044804 0.8836869659501471 0.1686870427075038 0.9321127261073638 1
0.45894925515083196 0.6036034238830935 0.819387514789156 0.3843905057818562 0.8178240030965296 1
0.4301450251105824 0.4845848061656852 0.9082296356530224 0.4922693025246283 0.9249389428449576 6
0.9345784790556806 0.33352064089312516 0.02098852102299764 0.13306343011212807 0.15547197425581716 7
0.9229860101923109 0.8956501347168532 0.8672640491347733 0.6649341431515187 0.6029299583128213 7
0.7310349513365599 0.785772217195105 0.7760432858763856 0.3035500797401076 0.7540934106588717 3
6.512268702020263E-4 0.6795761131274385 0.051727733821048116 0.04961177456337085 0.1292468977615795 7
0.5841438239252228 0.4249410561236938 0.46216578688556764 0.9063780835170862 0.6381005844339529 6
0.32389676676429935 0.8592890288181216 0.4137782436043862 0.7217951628968147 0.8040028146228265 1
0.8981978714824148 0.3584643275440159 0.7434708051301605 0.6040620724744834 0.7358102423136008 3
0.8931128137634153 0.509117416075383 0.23391475490182312 0.26789351627936486 0.9754659143799225 2
0.8981978714824148 0.3584643275440159 0.7434708051301605 0.6040620724744834 0.7358102423136008 3
0.08342130968433425 0.03233144604657878 0.27038610300511223 0.4641602273888271 0.44418462846980034 6
0.22959297245875532 0.9586273404758399 0.3951830053007669 0.8075881835119072 0.29748538099977384 2
0.4823896664069991 0.09135516088044804 0.8836869659501471 0.1686870427075038 0.9321127261073638 1
0.45894925515083196 0.6036034238830935 0.819387514789156 0.3843905057818562 0.8178240030965296 1
0.4301450251105824 0.4845848061656852 0.9082296356530224 0.4922693025246283 0.9249389428449576 6
0.09103146070106738 0.6964821469578157 0.9757653362160189 0.8805567109177795 0.040999679663596855 2
0.7310349513365599 0.785772217195105 0.7760432858763856 0.3035500797401076 0.7540934106588717 3
0.435721779978523 0.9768730688051602 0.6576534312560405 0.6638236285694127 0.09933922804072226 4
0.7310349513365599 0.785772217195105 0.7760432858763856 0.3035500797401076 0.7540934106588717 3
0.09850641525747206 0.09435644224972684 0.9835977923309791 0.3369829527106665 0.6240771051811597 1
0.7727241909344368 0.15508555359637222 0.32845756189539776 0.5697838979379843 0.7906606780965866 2
0.5006971705813873 0.6653111715491627 0.5262863446251287 0.08246295881936216 0.48734497265780286 6
0.2613653305807324 0.6706178637129664 0.08038895789946343 0.21347379091876795 0.9863037030256329 8
0.9893508100655516 0.01927683814572878 0.9871652927732292 0.11177124436224284 0.46192964760654154 4
0.8981978714824148 0.3584643275440159 0.7434708051301605 0.6040620724744834 0.7358102423136008 3
0.08342130968433425 0.03233144604657878 0.27038610300511223 0.4641602273888271 0.44418462846980034 6
0.4823896664069991 0.09135516088044804 0.8836869659501471 0.1686870427075038 0.9321127261073638 1
0.7205431338848025 0.6119838760860562 0.7188962700264574 0.04505743105685245 0.8964635257008956 5
0.6195983362087535 0.2288701737248724 0.8023040742886871 0.8633321437345586 0.21747287360003653 6
0.09103146070106738 0.6964821469578157 0.9757653362160189 0.8805567109177795 0.040999679663596855 2
0.9345784790556806 0.33352064089312516 0.02098852102299764 0.13306343011212807 0.15547197425581716 7
0.7310349513365599 0.785772217195105 0.7760432858763856 0.3035500797401076 0.7540934106588717 3
0.08569493814703655 0.9945362826799609 0.28192636006258287 0.3510202617969065 0.14148217238461336 4
0.9229860101923109 0.8956501347168532 0.8672640491347733 0.6649341431515187 0.6029299583128213 7
0.5006971705813873 0.6653111715491627 0.5262863446251287 0.08246295881936216 0.48734497265780286 6
0.2613653305807324 0.6706178637129664 0.08038895789946343 0.21347379091876795 0.9863037030256329 8
0.9893508100655516 0.01927683814572878 0.9871652927732292 0.11177124436224284 0.46192964760654154 4
0.23724197118494916 0.7317751833332764 0.6274206325318934 0.41770046453103093 0.5768652915398514 4
0.08342130968433425 0.03233144604657878 0.27038610300511223 0.4641602273888271 0.44418462846980034 6
0.4823896664069991 0.09135516088044804 0.8836869659501471 0.1686870427075038 0.9321127261073638 1
0.4823896664069991 0.09135516088044804 0.8836869659501471 0.1686870427075038 0.9321127261073638 1
0.45894925515083196 0.6036034238830935 0.819387514789156 0.3843905057818562 0.8178240030965296 1
0.4301450251105824 0.4845848061656852 0.9082296356530224 0.4922693025246283 0.9249389428449576 6
0.8331615732459189 0.6043439359427423 0.3770557974744789 0.7091283002785317 0.7876023692111161 3
0.6910785523126162 0.1381497053017604 0.8946368608791798 0.185745323628408 0.2458534360074699 4
0.435721779978523 0.9768730688051602 0.6576534312560405 0.6638236285694127 0.09933922804072226 4
0.7310349513365599 0.785772217195105 0.7760432858763856 0.3035500797401076 0.7540934106588717 3
6.512268702020263E-4 0.6795761131274385 0.051727733821048116 0.04961177456337085 0.1292468977615795 7
0.7727241909344368 0.15508555359637222 0.32845756189539776 0.5697838979379843 0.7906606780965866 2
0.5006971705813873 0.6653111715491627 0.5262863446251287 0.08246295881936216 0.48734497265780286 6
0.2613653305807324 0.6706178637129664 0.08038895789946343 0.21347379091876795 0.9863037030256329 8
0.8981978714824148 0.3584643275440159 0.7434708051301605 0.6040620724744834 0.7358102423136008 3
0.23724197118494916 0.7317751833332764 0.6274206325318934 0.41770046453103093 0.5768652915398514 4
0.4823896664069991 0.09135516088044804 0.8836869659501471 0.1686870427075038 0.9321127261073638 1
0.4823896664069991 0.09135516088044804 0.8836869659501471 0.1686870427075038 0.9321127261073638 1
0.4823896664069991 0.09135516088044804 0.8836869659501471 0.1686870427075038 0.9321127261073638 1
0.4301450251105824 0.4845848061656852 0.9082296356530224 0.4922693025246283 0.9249389428449576 6
0.09103146070106738 0.6964821469578157 0.9757653362160189 0.8805567109177795 0.040999679663596855 2
0.9345784790556806 0.33352064089312516 0.02098852102299764 0.13306343011212807 0.15547197425581716 7
0.7310349513365599 0.785772217195105 0.7760432858763856 0.3035500797401076 0.7540934106588717 3
0.08569493814703655 0.9945362826799609 0.28192636006258287 0.3510202617969065 0.14148217238461336 4
0.9229860101923109 0.8956501347168532 0.8672640491347733 0.6649341431515187 0.6029299583128213 7
0.5006971705813873 0.6653111715491627 0.5262863446251287 0.08246295881936216 0.48734497265780286 6
0.2613653305807324 0.6706178637129664 0.08038895789946343 0.21347379091876795 0.9863037030256329 8
0.9893508100655516 0.01927683814572878 0.9871652927732292 0.11177124436224284 0.46192964760654154 4
0.23724197118494916 0.7317751833332764 0.6274206325318934 0.41770046453103093 0.5768652915398514 4
0.08342130968433425 0.03233144604657878 0.27038610300511223 0.4641602273888271 0.44418462846980034 6
0.4823896664069991 0.09135516088044804 0.8836869659501471 0.1686870427075038 0.9321127261073638 1
0.4823896664069991 0.09135516088044804 0.8836869659501471 0.1686870427075038 0.9321127261073638 1
0.7205431338848025 0.6119838760860562 0.7188962700264574 0.04505743105685245 0.8964635257008956 5
0.4301450251105824 0.4845848061656852 0.9082296356530224 0.4922693025246283 0.9249389428449576 6
0.8331615732459189 0.6043439359427423 0.3770557974744789 0.7091283002785317 0.7876023692111161 3
0.09103146070106738 0.6964821469578157 0.9757653362160189 0.8805567109177795 0.040999679663596855 2
0.9345784790556806 0.33352064089312516 0.02098852102299764 0.13306343011212807 0.15547197425581716 7
0.9229860101923109 0.8956501347168532 0.8672640491347733 0.6649341431515187 0.6029299583128213 7
0.7727241909344368 0.15508555359637222 0.32845756189539776 0.5697838979379843 0.7906606780965866 2
0.7727241909344368 0.15508555359637222 0.32845756189539776 0.5697838979379843 0.7906606780965866 2
0.5006971705813873 0.6653111715491627 0.5262863446251287 0.08246295881936216 0.48734497265780286 6
0.5841438239252228 0.4249410561236938 0.46216578688556764 0.9063780835170862 0.6381005844339529 6
0.8931128137634153 0.509117416075383 0.23391475490182312 0.26789351627936486 0.9754659143799225 2
0.8981978714824148 0.3584643275440159 0.7434708051301605 0.6040620724744834 0.7358102423136008 3
0.23724197118494916 0.7317751833332764 0.6274206325318934 0.41770046453103093 0.5768652915398514 4
0.4823896664069991 0.09135516088044804 0.8836869659501471 0.1686870427075038 0.9321127261073638 1
0.4823896664069991 0.09135516088044804 0.8836869659501471 0.1686870427075038 0.9321127261073638 1
0.45894925515083196 0.6036034238830935 0.819387514789156 0.3843905057818562 0.8178240030965296 1
0.4301450251105824 0.4845848061656852 0.9082296356530224 0.4922693025246283 0.9249389428449576 6
0.435721779978523 0.9768730688051602 0.6576534312560405 0.6638236285694127 0.09933922804072226 4
0.7310349513365599 0.785772217195105 0.7760432858763856 0.3035500797401076 0.7540934106588717 3
0.08569493814703655 0.9945362826799609 0.28192636006258287 0.3510202617969065 0.14148217238461336 4
0.9229860101923109 0.8956501347168532 0.8672640491347733 0.6649341431515187 0.6029299583128213 7
0.5841438239252228 0.4249410561236938 0.46216578688556764 0.9063780835170862 0.6381005844339529 6
0.32389676676429935 0.8592890288181216 0.4137782436043862 0.7217951628968147 0.8040028146228265 1
0.8981978714824148 0.3584643275440159 0.7434708051301605 0.6040620724744834 0.7358102423136008 3
0.2613653305807324 0.6706178637129664 0.08038895789946343 0.21347379091876795 0.9863037030256329 8
0.8981978714824148 0.3584643275440159 0.7434708051301605 0.6040620724744834 0.7358102423136008 3
0.08342130968433425 0.03233144604657878 0.27038610300511223 0.4641602273888271 0.44418462846980034 6
0.4823896664069991 0.09135516088044804 0.8836869659501471 0.1686870427075038 0.9321127261073638 1
0.4823896664069991 0.09135516088044804 0.8836869659501471 0.1686870427075038 0.9321127261073638 1
0.7205431338848025 0.6119838760860562 0.7188962700264574 0.04505743105685245 0.8964635257008956 5
0.6195983362087535 0.2288701737248724 0.8023040742886871 0.8633321437345586 0.21747287360003653 6
0.09103146070106738 0.6964821469578157 0.9757653362160189 0.8805567109177795 0.040999679663596855 2
0.09103146070106738 0.6964821469578157 0.9757653362160189 0.8805567109177795 0.040999679663596855 2
0.435721779978523 0.9768730688051602 0.6576534312560405 0.6638236285694127 0.09933922804072226 4
0.90529645827252 0.09797199568925363 0.14603324960513686 0.42742493596670206 0.798035836246526 6
0.9229860101923109 0.8956501347168532 0.8672640491347733 0.6649341431515187 0.6029299583128213 7
0.8931128137634153 0.509117416075383 0.23391475490182312 0.26789351627936486 0.9754659143799225 2
0.2613653305807324 0.6706178637129664 0.08038895789946343 0.21347379091876795 0.9863037030256329 8
0.32389676676429935 0.8592890288181216 0.4137782436043862 0.7217951628968147 0.8040028146228265 1
0.2613653305807324 0.6706178637129664 0.08038895789946343 0.21347379091876795 0.9863037030256329 8
0.8981978714824148 0.3584643275440159 0.7434708051301605 0.6040620724744834 0.7358102423136008 3
0.08342130968433425 0.03233144604657878 0.27038610300511223 0.4641602273888271 0.44418462846980034 6
0.4823896664069991 0.09135516088044804 0.8836869659501471 0.1686870427075038 0.9321127261073638 1
0.4823896664069991 0.09135516088044804 0.8836869659501471 0.1686870427075038 0.9321127261073638 1
0.7205431338848025 0.6119838760860562 0.7188962700264574 0.04505743105685245 0.8964635257008956 5
0.7205431338848025 0.6119838760860562 0.7188962700264574 0.04505743105685245 0.8964635257008956 5
0.9787750690069585 0.19347740329377738 0.2252325565265736 0.2698076501786729 0.974558370882536 6
0.9229860101923109 0.8956501347168532 0.8672640491347733 0.6649341431515187 0.6029299583128213 7
0.9229860101923109 0.8956501347168532 0.8672640491347733 0.6649341431515187 0.6029299583128213 7
0.08569493814703655 0.9945362826799609 0.28192636006258287 0.3510202617969065 0.14148217238461336 4
0.9229860101923109 0.8956501347168532 0.8672640491347733 0.6649341431515187 0.6029299583128213 7
0.5841438239252228 0.4249410561236938 0.46216578688556764 0.9063780835170862 0.6381005844339529 6
0.32389676676429935 0.8592890288181216 0.4137782436043862 0.7217951628968147 0.8040028146228265 1
0.8931128137634153 0.509117416075383 0.23391475490182312 0.26789351627936486 0.9754659143799225 2
0.8981978714824148 0.3584643275440159 0.7434708051301605 0.6040620724744834 0.7358102423136008 3
0.08342130968433425 0.03233144604657878 0.27038610300511223 0.4641602273888271 0.44418462846980034 6
0.4823896664069991 0.09135516088044804 0.8836869659501471 0.1686870427075038 0.9321127261073638 1
0.4823896664069991 0.09135516088044804 0.8836869659501471 0.1686870427075038 0.9321127261073638 1
0.7205431338848025 0.6119838760860562 0.7188962700264574 0.04505743105685245 0.8964635257008956 5
0.7205431338848025 0.6119838760860562 0.7188962700264574 0.04505743105685245 0.8964635257008956 5
0.6910785523126162 0.1381497053017604 0.8946368608791798 0.185745323628408 0.2458534360074699 4
0.7310349513365599 0.785772217195105 0.7760432858763856 0.3035500797401076 0.7540934106588717 3
0.9345784790556806 0.33352064089312516 0.02098852102299764 0.13306343011212807 0.15547197425581716 7
0.90529645827252 0.09797199568925363 0.14603324960513686 0.42742493596670206 0.798035836246526 6
0.7727241909344368 0.15508555359637222 0.32845756189539776 0.5697838979379843 0.7906606780965866 2
0.5006971705813873 0.6653111715491627 0.5262863446251287 0.08246295881936216 0.48734497265780286 6
0.2613653305807324 0.6706178637129664 0.08038895789946343 0.21347379091876795 0.9863037030256329 8
0.9893508100655516 0.01927683814572878 0.9871652927732292 0.11177124436224284 0.46192964760654154 4
0.23724197118494916 0.7317751833332764 0.6274206325318934 0.41770046453103093 0.5768652915398514 4
0.08342130968433425 0.03233144604657878 0.27038610300511223 0.4641602273888271 0.44418462846980034 6
0.4823896664069991 0.09135516088044804 0.8836869659501471 0.1686870427075038 0.9321127261073638 1
0.4823896664069991 0.09135516088044804 0.8836869659501471 0.1686870427075038 0.9321127261073638 1
0.45894925515083196 0.6036034238830935 0.819387514789156 0.3843905057818562 0.8178240030965296 1
0.4301450251105824 0.4845848061656852 0.9082296356530224 0.4922693025246283 0.9249389428449576 6
0.9787750690069585 0.19347740329377738 0.2252325565265736 0.2698076501786729 0.974558370882536 6
0.9345784790556806 0.33352064089312516 0.02098852102299764 0.13306343011212807 0.15547197425581716 7
0.9229860101923109 0.8956501347168532 0.8672640491347733 0.6649341431515187 0.6029299583128213 7
0.08569493814703655 0.9945362826799609 0.28192636006258287 0.3510202617969065 0.14148217238461336 4
0.09850641525747206 0.09435644224972684 0.9835977923309791 0.3369829527106665 0.6240771051811597 1
0.7727241909344368 0.15508555359637222 0.32845756189539776 0.5697838979379843 0.7906606780965866 2
0.5006971705813873 0.6653111715491627 0.5262863446251287 0.08246295881936216 0.48734497265780286 6
0.2613653305807324 0.6706178637129664 0.08038895789946343 0.21347379091876795 0.9863037030256329 8
0.8981978714824148 0.3584643275440159 0.7434708051301605 0.6040620724744834 0.7358102423136008 3
0.4823896664069991 0.09135516088044804 0.8836869659501471 0.1686870427075038 0.9321127261073638 1
0.4823896664069991 0.09135516088044804 0.8836869659501471 0.1686870427075038 0.9321127261073638 1
0.7205431338848025 0.6119838760860562 0.7188962700264574 0.04505743105685245 0.8964635257008956 5
0.6195983362087535 0.2288701737248724 0.8023040742886871 0.8633321437345586 0.21747287360003653 6
