0.6817568296065891 0.3133490393073799 0.8664244645022191 0.3359161666175735 0.4127627080131534 3
0.6817568296065891 0.3133490393073799 0.8664244645022191 0.3359161666175735 0.4127627080131534 3
0.6817568296065891 0.3133490393073799 0.8664244645022191 0.3359161666175735 0.4127627080131534 3
0.3381723003706042 0.973113813465783 0.047685782228119034 0.45906122882710887 0.04895447473153236 2
0.6817568296065891 0.3133490393073799 0.8664244645022191 0.3359161666175735 0.4127627080131534 3
0.920195114152024 0.29054113729623965 0.7897974040661404 0.4982375888204923 0.9908558833024544 1
0.3381723003706042 0.973113813465783 0.047685782228119034 0.45906122882710887 0.04895447473153236 2
0.3381723003706042 0.973113813465783 0.047685782228119034 0.45906122882710887 0.04895447473153236 2
0.2391844933811722 0.1864373437832627 0.028161469852313048 0.043457932010063205 0.2761384039422392 5
0.2391844933811722 0.1864373437832627 0.028161469852313048 0.043457932010063205 0.2761384039422392 5
0.6376309346489397 0.5135120490239861 0.010060367605111864 0.8658459335392573 0.691943419494476 6
0.6376309346489397 0.5135120490239861 0.010060367605111864 0.8658459335392573 0.691943419494476 6
0.2974567601959638 0.9742591235784314 0.20763169838340156 0.4118870739135283 0.8471335299823863 5
0.2974567601959638 0.9742591235784314 0.20763169838340156 0.4118870739135283 0.8471335299823863 5
0.6376309346489397 0.5135120490239861 0.010060367605111864 0.8658459335392573 0.691943419494476 6
0.2974567601959638 0.9742591235784314 0.20763169838340156 0.4118870739135283 0.8471335299823863 5
0.40804612389392825 0.6153390188966943 0.40518413073855375 0.4540349481866093 0.4090574110718306 6
0.6817568296065891 0.3133490393073799 0.8664244645022191 0.3359161666175735 0.4127627080131534 3
0.6817568296065891 0.3133490393073799 0.8664244645022191 0.3359161666175735 0.4127627080131534 3
0.3381723003706042 0.973113813465783 0.047685782228119034 0.45906122882710887 0.04895447473153236 2
0.6817568296065891 0.3133490393073799 0.8664244645022191 0.3359161666175735 0.4127627080131534 3
0.920195114152024 0.29054113729623965 0.7897974040661404 0.4982375888204923 0.9908558833024544 1
0.3381723003706042 0.973113813465783 0.047685782228119034 0.45906122882710887 0.04895447473153236 2
0.920195114152024 0.29054113729623965 0.7897974040661404 0.4982375888204923 0.9908558833024544 1
0.3381723003706042 0.973113813465783 0.047685782228119034 0.45906122882710887 0.04895447473153236 2
0.2391844933811722 0.1864373437832627 0.028161469852313048 0.043457932010063205 0.2761384039422392 5
0.2391844933811722 0.1864373437832627 0.028161469852313048 0.043457932010063205 0.2761384039422392 5
0.2391844933811722 0.1864373437832627 0.028161469852313048 0.043457932010063205 0.2761384039422392 5
0.6376309346489397 0.5135120490239861 0.010060367605111864 0.8658459335392573 0.691943419494476 6
0.2974567601959638 0.9742591235784314 0.20763169838340156 0.4118870739135283 0.8471335299823863 5
0.386417054440205 0.8543760186510975 0.7934440233128084 0.6474275006377833 0.8814973083638532 6
0.6817568296065891 0.3133490393073799 0.8664244645022191 0.3359161666175735 0.4127627080131534 3
0.11953204081969115 0.3279780589988366 0.6572297212859678 0.16062660554627772 0.07561650698791367 5
0.6349899330064731 0.8590394868904915 0.6510188595785984 0.3453014198388933 0.26398962841176865 2
0.003613659003408376 0.0572350184708843 0.5924341781756239 0.4664242370718701 0.4940057874354745 2
0.72020259260871 0.23564299699426772 0.6179637658624872 0.7263034549527246 0.2759563684371106 6
0.6817568296065891 0.3133490393073799 0.8664244645022191 0.3359161666175735 0.4127627080131534 3
0.3381723003706042 0.973113813465783 0.047685782228119034 0.45906122882710887 0.04895447473153236 2
0.6817568296065891 0.3133490393073799 0.8664244645022191 0.3359161666175735 0.4127627080131534 3
0.920195114152024 0.29054113729623965 0.7897974040661404 0.4982375888204923 0.9908558833024544 1
0.3381723003706042 0.973113813465783 0.047685782228119034 0.45906122882710887 0.04895447473153236 2
0.3381723003706042 0.973113813465783 0.047685782228119034 0.45906122882710887 0.04895447473153236 2
0.2617380412772222 0.17630837906979813 0.9937819861212909 0.7488430211953885 0.09015081522657675 4
0.05427217344303026 0.253624991938461 0.4462260427293563 0.3279254163273969 0.1574367063163845 5
0.2391844933811722 0.1864373437832627 0.028161469852313048 0.043457932010063205 0.2761384039422392 5
0.6376309346489397 0.5135120490239861 0.010060367605111864 0.8658459335392573 0.691943419494476 6
0.2391844933811722 0.1864373437832627 0.028161469852313048 0.043457932010063205 0.2761384039422392 5
0.6376309346489397 0.5135120490239861 0.010060367605111864 0.8658459335392573 0.691943419494476 6
0.2974567601959638 0.9742591235784314 0.20763169838340156 0.4118870739135283 0.8471335299823863 5
0.6376309346489397 0.5135120490239861 0.010060367605111864 0.8658459335392573 0.691943419494476 6
0.2974567601959638 0.9742591235784314 0.20763169838340156 0.4118870739135283 0.8471335299823863 5
0.760514247719277 0.9922248012575098 0.07803494319346771 0.016354105652811146 0.5391274099299234 6
0.72020259260871 0.23564299699426772 0.6179637658624872 0.7263034549527246 0.2759563684371106 6
0.6817568296065891 0.3133490393073799 0.8664244645022191 0.3359161666175735 0.4127627080131534 3
0.3381723003706042 0.973113813465783 0.047685782228119034 0.45906122882710887 0.04895447473153236 2
0.3381723003706042 0.973113813465783 0.047685782228119034 0.45906122882710887 0.04895447473153236 2
0.920195114152024 0.29054113729623965 0.7897974040661404 0.4982375888204923 0.9908558833024544 1
0.920195114152024 0.29054113729623965 0.7897974040661404 0.4982375888204923 0.9908558833024544 1
0.920195114152024 0.29054113729623965 0.7897974040661404 0.4982375888204923 0.9908558833024544 1
0.920195114152024 0.29054113729623965 0.7897974040661404 0.4982375888204923 0.9908558833024544 1
0.2391844933811722 0.1864373437832627 0.028161469852313048 0.043457932010063205 0.2761384039422392 5
0.2391844933811722 0.1864373437832627 0.028161469852313048 0.043457932010063205 0.2761384039422392 5
0.2391844933811722 0.1864373437832627 0.028161469852313048 0.043457932010063205 0.2761384039422392 5
0.2391844933811722 0.1864373437832627 0.028161469852313048 0.043457932010063205 0.2761384039422392 5
0.6376309346489397 0.5135120490239861 0.010060367605111864 0.8658459335392573 0.691943419494476 6
0.2974567601959638 0.9742591235784314 0.20763169838340156 0.4118870739135283 0.8471335299823863 5
0.451446512629352 0.0025287943161805826 0.8771524519031076 0.9514749775316783 0.21543303268748548 1
0.2974567601959638 0.9742591235784314 0.20763169838340156 0.4118870739135283 0.8471335299823863 5
0.72020259260871 0.23564299699426772 0.6179637658624872 0.7263034549527246 0.2759563684371106 6
0.6817568296065891 0.3133490393073799 0.8664244645022191 0.3359161666175735 0.4127627080131534 3
0.3381723003706042 0.973113813465783 0.047685782228119034 0.45906122882710887 0.04895447473153236 2
0.6817568296065891 0.3133490393073799 0.8664244645022191 0.3359161666175735 0.4127627080131534 3
0.920195114152024 0.29054113729623965 0.7897974040661404 0.4982375888204923 0.9908558833024544 1
0.920195114152024 0.29054113729623965 0.7897974040661404 0.4982375888204923 0.9908558833024544 1
0.920195114152024 0.29054113729623965 0.7897974040661404 0.4982375888204923 0.9908558833024544 1
0.920195114152024 0.29054113729623965 0.7897974040661404 0.4982375888204923 0.9908558833024544 1
0.2391844933811722 0.1864373437832627 0.028161469852313048 0.043457932010063205 0.2761384039422392 5
0.2391844933811722 0.1864373437832627 0.028161469852313048 0.043457932010063205 0.2761384039422392 5
0.2391844933811722 0.1864373437832627 0.028161469852313048 0.043457932010063205 0.2761384039422392 5
0.6376309346489397 0.5135120490239861 0.010060367605111864 0.8658459335392573 0.691943419494476 6
0.2974567601959638 0.9742591235784314 0.20763169838340156 0.4118870739135283 0.8471335299823863 5
0.5744989597826544 0.46800533484537676 0.909960025079214 0.7461253373566296 0.6055690859036413 3
0.451446512629352 0.0025287943161805826 0.8771524519031076 0.9514749775316783 0.21543303268748548 1
0.2974567601959638 0.9742591235784314 0.20763169838340156 0.4118870739135283 0.8471335299823863 5
0.6817568296065891 0.3133490393073799 0.8664244645022191 0.3359161666175735 0.4127627080131534 3
0.6817568296065891 0.3133490393073799 0.8664244645022191 0.3359161666175735 0.4127627080131534 3
0.3381723003706042 0.973113813465783 0.047685782228119034 0.45906122882710887 0.04895447473153236 2
0.6817568296065891 0.3133490393073799 0.8664244645022191 0.3359161666175735 0.4127627080131534 3
0.920195114152024 0.29054113729623965 0.7897974040661404 0.4982375888204923 0.9908558833024544 1
0.3381723003706042 0.973113813465783 0.047685782228119034 0.45906122882710887 0.04895447473153236 2
0.920195114152024 0.29054113729623965 0.7897974040661404 0.4982375888204923 0.9908558833024544 1
0.3381723003706042 0.973113813465783 0.047685782228119034 0.45906122882710887 0.04895447473153236 2
0.2391844933811722 0.1864373437832627 0.028161469852313048 0.043457932010063205 0.2761384039422392 5
0.2391844933811722 0.1864373437832627 0.028161469852313048 0.043457932010063205 0.2761384039422392 5
0.2391844933811722 0.1864373437832627 0.028161469852313048 0.043457932010063205 0.2761384039422392 5
0.6376309346489397 0.5135120490239861 0.010060367605111864 0.8658459335392573 0.691943419494476 6
0.6376309346489397 0.5135120490239861 0.010060367605111864 0.8658459335392573 0.691943419494476 6
0.2974567601959638 0.9742591235784314 0.20763169838340156 0.4118870739135283 0.8471335299823863 5
0.5744989597826544 0.46800533484537676 0.909960025079214 0.7461253373566296 0.6055690859036413 3
0.2974567601959638 0.9742591235784314 0.20763169838340156 0.4118870739135283 0.8471335299823863 5
0.6817568296065891 0.3133490393073799 0.8664244645022191 0.3359161666175735 0.4127627080131534 3
0.6817568296065891 0.3133490393073799 0.8664244645022191 0.3359161666175735 0.4127627080131534 3
0.6817568296065891 0.3133490393073799 0.8664244645022191 0.3359161666175735 0.4127627080131534 3
0.6817568296065891 0.3133490393073799 0.8664244645022191 0.3359161666175735 0.4127627080131534 3
0.6817568296065891 0.3133490393073799 0.8664244645022191 0.3359161666175735 0.4127627080131534 3
0.3381723003706042 0.973113813465783 0.047685782228119034 0.45906122882710887 0.04895447473153236 2
0.920195114152024 0.29054113729623965 0.7897974040661404 0.4982375888204923 0.9908558833024544 1
0.3381723003706042 0.973113813465783 0.047685782228119034 0.45906122882710887 0.04895447473153236 2
0.2391844933811722 0.1864373437832627 0.028161469852313048 0.043457932010063205 0.2761384039422392 5
0.2391844933811722 0.1864373437832627 0.028161469852313048 0.043457932010063205 0.2761384039422392 5
0.2391844933811722 0.1864373437832627 0.028161469852313048 0.043457932010063205 0.2761384039422392 5
0.6376309346489397 0.5135120490239861 0.010060367605111864 0.8658459335392573 0.691943419494476 6
0.6376309346489397 0.5135120490239861 0.010060367605111864 0.8658459335392573 0.691943419494476 6
0.2974567601959638 0.9742591235784314 0.20763169838340156 0.4118870739135283 0.8471335299823863 5
0.5744989597826544 0.46800533484537676 0.909960025079214 0.7461253373566296 0.6055690859036413 3
0.2974567601959638 0.9742591235784314 0.20763169838340156 0.4118870739135283 0.8471335299823863 5
0.6817568296065891 0.3133490393073799 0.8664244645022191 0.3359161666175735 0.4127627080131534 3
0.6817568296065891 0.3133490393073799 0.8664244645022191 0.3359161666175735 0.4127627080131534 3
0.3381723003706042 0.973113813465783 0.047685782228119034 0.45906122882710887 0.04895447473153236 2
0.3381723003706042 0.973113813465783 0.047685782228119034 0.45906122882710887 0.04895447473153236 2
0.6817568296065891 0.3133490393073799 0.8664244645022191 0.3359161666175735 0.4127627080131534 3
0.3381723003706042 0.973113813465783 0.047685782228119034 0.45906122882710887 0.04895447473153236 2
0.920195114152024 0.29054113729623965 0.7897974040661404 0.4982375888204923 0.9908558833024544 1
0.3381723003706042 0.973113813465783 0.047685782228119034 0.45906122882710887 0.04895447473153236 2
0.05427217344303026 0.253624991938461 0.4462260427293563 0.3279254163273969 0.1574367063163845 5
0.2391844933811722 0.1864373437832627 0.028161469852313048 0.043457932010063205 0.2761384039422392 5
0.2391844933811722 0.1864373437832627 0.028161469852313048 0.043457932010063205 0.2761384039422392 5
0.6376309346489397 0.5135120490239861 0.010060367605111864 0.8658459335392573 0.691943419494476 6
0.5744989597826544 0.46800533484537676 0.909960025079214 0.7461253373566296 0.6055690859036413 3
0.386417054440205 0.8543760186510975 0.7934440233128084 0.6474275006377833 0.8814973083638532 6
0.5744989597826544 0.46800533484537676 0.909960025079214 0.7461253373566296 0.6055690859036413 3
0.5933765128316218 0.6936724066052166 0.46189460961378803 0.571144378998172 0.7360899335513824 4
0.6817568296065891 0.3133490393073799 0.8664244645022191 0.3359161666175735 0.4127627080131534 3
0.6817568296065891 0.3133490393073799 0.8664244645022191 0.3359161666175735 0.4127627080131534 3
0.3381723003706042 0.973113813465783 0.047685782228119034 0.45906122882710887 0.04895447473153236 2
0.6817568296065891 0.3133490393073799 0.8664244645022191 0.3359161666175735 0.4127627080131534 3
0.920195114152024 0.29054113729623965 0.7897974040661404 0.4982375888204923 0.9908558833024544 1
0.3381723003706042 0.973113813465783 0.047685782228119034 0.45906122882710887 0.04895447473153236 2
0.920195114152024 0.29054113729623965 0.7897974040661404 0.4982375888204923 0.9908558833024544 1
0.3381723003706042 0.973113813465783 0.047685782228119034 0.45906122882710887 0.04895447473153236 2
0.2391844933811722 0.1864373437832627 0.028161469852313048 0.043457932010063205 0.2761384039422392 5
0.2391844933811722 0.1864373437832627 0.028161469852313048 0.043457932010063205 0.2761384039422392 5
0.2391844933811722 0.1864373437832627 0.028161469852313048 0.043457932010063205 0.2761384039422392 5
0.6376309346489397 0.5135120490239861 0.010060367605111864 0.8658459335392573 0.691943419494476 6
0.6376309346489397 0.5135120490239861 0.010060367605111864 0.8658459335392573 0.691943419494476 6
0.2974567601959638 0.9742591235784314 0.20763169838340156 0.4118870739135283 0.8471335299823863 5
0.5744989597826544 0.46800533484537676 0.909960025079214 0.7461253373566296 0.6055690859036413 3
0.2974567601959638 0.9742591235784314 0.20763169838340156 0.4118870739135283 0.8471335299823863 5
0.72020259260871 0.23564299699426772 0.6179637658624872 0.7263034549527246 0.2759563684371106 6
0.6817568296065891 0.3133490393073799 0.8664244645022191 0.3359161666175735 0.4127627080131534 3
0.3381723003706042 0.973113813465783 0.047685782228119034 0.45906122882710887 0.04895447473153236 2
0.3381723003706042 0.973113813465783 0.047685782228119034 0.45906122882710887 0.04895447473153236 2
0.920195114152024 0.29054113729623965 0.7897974040661404 0.4982375888204923 0.9908558833024544 1
0.920195114152024 0.29054113729623965 0.7897974040661404 0.4982375888204923 0.9908558833024544 1
0.920195114152024 0.29054113729623965 0.7897974040661404 0.4982375888204923 0.9908558833024544 1
0.2617380412772222 0.17630837906979813 0.9937819861212909 0.7488430211953885 0.09015081522657675 4
0.2391844933811722 0.1864373437832627 0.028161469852313048 0.043457932010063205 0.2761384039422392 5
0.2391844933811722 0.1864373437832627 0.028161469852313048 0.043457932010063205 0.2761384039422392 5
0.2391844933811722 0.1864373437832627 0.028161469852313048 0.043457932010063205 0.2761384039422392 5
0.6376309346489397 0.5135120490239861 0.010060367605111864 0.8658459335392573 0.691943419494476 6
0.5744989597826544 0.46800533484537676 0.909960025079214 0.7461253373566296 0.6055690859036413 3
0.2974567601959638 0.9742591235784314 0.20763169838340156 0.4118870739135283 0.8471335299823863 5
0.5744989597826544 0.46800533484537676 0.909960025079214 0.7461253373566296 0.6055690859036413 3
0.2974567601959638 0.9742591235784314 0.20763169838340156 0.4118870739135283 0.8471335299823863 5
0.760514247719277 0.9922248012575098 0.07803494319346771 0.016354105652811146 0.5391274099299234 6
0.6817568296065891 0.3133490393073799 0.8664244645022191 0.3359161666175735 0.4127627080131534 3
0.6817568296065891 0.3133490393073799 0.8664244645022191 0.3359161666175735 0.4127627080131534 3
0.3381723003706042 0.973113813465783 0.047685782228119034 0.45906122882710887 0.04895447473153236 2
0.6817568296065891 0.3133490393073799 0.8664244645022191 0.3359161666175735 0.4127627080131534 3
0.920195114152024 0.29054113729623965 0.7897974040661404 0.4982375888204923 0.9908558833024544 1
0.920195114152024 0.29054113729623965 0.7897974040661404 0.4982375888204923 0.9908558833024544 1
0.920195114152024 0.29054113729623965 0.7897974040661404 0.4982375888204923 0.9908558833024544 1
0.2617380412772222 0.17630837906979813 0.9937819861212909 0.7488430211953885 0.09015081522657675 4
0.2391844933811722 0.1864373437832627 0.028161469852313048 0.043457932010063205 0.2761384039422392 5
0.2391844933811722 0.1864373437832627 0.028161469852313048 0.043457932010063205 0.2761384039422392 5
0.2391844933811722 0.1864373437832627 0.028161469852313048 0.043457932010063205 0.2761384039422392 5
0.6376309346489397 0.5135120490239861 0.010060367605111864 0.8658459335392573 0.691943419494476 6
0.6376309346489397 0.5135120490239861 0.010060367605111864 0.8658459335392573 0.691943419494476 6
0.5744989597826544 0.46800533484537676 0.909960025079214 0.7461253373566296 0.6055690859036413 3
0.5974561919908657 0.38784195235184515 0.6797711064946934 0.9974668507681722 0.823399058009203 5
0.11953204081969115 0.3279780589988366 0.6572297212859678 0.16062660554627772 0.07561650698791367 5
0.5677930542279369 0.7688965236940392 0.10877034401706098 0.5293807033005575 0.29560169150087556 4
0.6817568296065891 0.3133490393073799 0.8664244645022191 0.3359161666175735 0.4127627080131534 3
0.6817568296065891 0.3133490393073799 0.8664244645022191 0.3359161666175735 0.4127627080131534 3
0.3381723003706042 0.973113813465783 0.047685782228119034 0.45906122882710887 0.04895447473153236 2
0.6817568296065891 0.3133490393073799 0.8664244645022191 0.3359161666175735 0.4127627080131534 3
0.920195114152024 0.29054113729623965 0.7897974040661404 0.4982375888204923 0.9908558833024544 1
0.3381723003706042 0.973113813465783 0.047685782228119034 0.45906122882710887 0.04895447473153236 2
0.920195114152024 0.29054113729623965 0.7897974040661404 0.4982375888204923 0.9908558833024544 1
0.3381723003706042 0.973113813465783 0.047685782228119034 0.45906122882710887 0.04895447473153236 2
0.2391844933811722 0.1864373437832627 0.028161469852313048 0.043457932010063205 0.2761384039422392 5
0.2391844933811722 0.1864373437832627 0.028161469852313048 0.043457932010063205 0.2761384039422392 5
0.2391844933811722 0.1864373437832627 0.028161469852313048 0.043457932010063205 0.2761384039422392 5
0.6376309346489397 0.5135120490239861 0.010060367605111864 0.8658459335392573 0.691943419494476 6
0.6376309346489397 0.5135120490239861 0.010060367605111864 0.8658459335392573 0.691943419494476 6
0.2974567601959638 0.9742591235784314 0.20763169838340156 0.4118870739135283 0.8471335299823863 5
0.5744989597826544 0.46800533484537676 0.909960025079214 0.7461253373566296 0.6055690859036413 3
0.2974567601959638 0.9742591235784314 0.20763169838340156 0.4118870739135283 0.8471335299823863 5
0.72020259260871 0.23564299699426772 0.6179637658624872 0.7263034549527246 0.2759563684371106 6
0.6817568296065891 0.3133490393073799 0.8664244645022191 0.3359161666175735 0.4127627080131534 3
0.6817568296065891 0.3133490393073799 0.8664244645022191 0.3359161666175735 0.4127627080131534 3
0.3381723003706042 0.973113813465783 0.047685782228119034 0.45906122882710887 0.04895447473153236 2
0.6817568296065891 0.3133490393073799 0.8664244645022191 0.3359161666175735 0.4127627080131534 3
0.920195114152024 0.29054113729623965 0.7897974040661404 0.4982375888204923 0.9908558833024544 1
0.3381723003706042 0.973113813465783 0.047685782228119034 0.45906122882710887 0.04895447473153236 2
0.920195114152024 0.29054113729623965 0.7897974040661404 0.4982375888204923 0.9908558833024544 1
0.3381723003706042 0.973113813465783 0.047685782228119034 0.45906122882710887 0.04895447473153236 2
0.05427217344303026 0.253624991938461 0.4462260427293563 0.3279254163273969 0.1574367063163845 5
0.2391844933811722 0.1864373437832627 0.028161469852313048 0.043457932010063205 0.2761384039422392 5
0.2391844933811722 0.1864373437832627 0.028161469852313048 0.043457932010063205 0.2761384039422392 5
0.6376309346489397 0.5135120490239861 0.010060367605111864 0.8658459335392573 0.691943419494476 6
0.6376309346489397 0.5135120490239861 0.010060367605111864 0.8658459335392573 0.691943419494476 6
0.2974567601959638 0.9742591235784314 0.20763169838340156 0.4118870739135283 0.8471335299823863 5
0.5744989597826544 0.46800533484537676 0.909960025079214 0.7461253373566296 0.6055690859036413 3
0.2974567601959638 0.9742591235784314 0.20763169838340156 0.4118870739135283 0.8471335299823863 5
0.760514247719277 0.9922248012575098 0.07803494319346771 0.016354105652811146 0.5391274099299234 6
0.72020259260871 0.23564299699426772 0.6179637658624872 0.7263034549527246 0.2759563684371106 6
0.6817568296065891 0.3133490393073799 0.8664244645022191 0.3359161666175735 0.4127627080131534 3
0.3381723003706042 0.973113813465783 0.047685782228119034 0.45906122882710887 0.04895447473153236 2
0.6817568296065891 0.3133490393073799 0.8664244645022191 0.3359161666175735 0.4127627080131534 3
0.920195114152024 0.29054113729623965 0.7897974040661404 0.4982375888204923 0.9908558833024544 1
0.920195114152024 0.29054113729623965 0.7897974040661404 0.4982375888204923 0.9908558833024544 1
0.920195114152024 0.29054113729623965 0.7897974040661404 0.4982375888204923 0.9908558833024544 1
0.920195114152024 0.29054113729623965 0.7897974040661404 0.4982375888204923 0.9908558833024544 1
0.2391844933811722 0.1864373437832627 0.028161469852313048 0.043457932010063205 0.2761384039422392 5
0.2391844933811722 0.1864373437832627 0.028161469852313048 0.043457932010063205 0.2761384039422392 5
0.2391844933811722 0.1864373437832627 0.028161469852313048 0.043457932010063205 0.2761384039422392 5
0.6376309346489397 0.5135120490239861 0.010060367605111864 0.8658459335392573 0.691943419494476 6
0.2974567601959638 0.9742591235784314 0.20763169838340156 0.4118870739135283 0.8471335299823863 5
0.5744989597826544 0.46800533484537676 0.909960025079214 0.7461253373566296 0.6055690859036413 3
0.451446512629352 0.0025287943161805826 0.8771524519031076 0.9514749775316783 0.21543303268748548 1
0.2974567601959638 0.9742591235784314 0.20763169838340156 0.4118870739135283 0.8471335299823863 5
0.6817568296065891 0.3133490393073799 0.8664244645022191 0.3359161666175735 0.4127627080131534 3
0.6817568296065891 0.3133490393073799 0.8664244645022191 0.3359161666175735 0.4127627080131534 3
0.3381723003706042 0.973113813465783 0.047685782228119034 0.45906122882710887 0.04895447473153236 2
0.6817568296065891 0.3133490393073799 0.8664244645022191 0.3359161666175735 0.4127627080131534 3
0.920195114152024 0.29054113729623965 0.7897974040661404 0.4982375888204923 0.9908558833024544 1
0.3381723003706042 0.973113813465783 0.047685782228119034 0.45906122882710887 0.04895447473153236 2
0.920195114152024 0.29054113729623965 0.7897974040661404 0.4982375888204923 0.9908558833024544 1
0.3381723003706042 0.973113813465783 0.047685782228119034 0.45906122882710887 0.04895447473153236 2
0.05427217344303026 0.253624991938461 0.4462260427293563 0.3279254163273969 0.1574367063163845 5
0.2391844933811722 0.1864373437832627 0.028161469852313048 0.043457932010063205 0.2761384039422392 5
0.6376309346489397 0.5135120490239861 0.010060367605111864 0.8658459335392573 0.691943419494476 6
0.6376309346489397 0.5135120490239861 0.010060367605111864 0.8658459335392573 0.691943419494476 6
0.2974567601959638 0.9742591235784314 0.20763169838340156 0.4118870739135283 0.8471335299823863 5
0.386417054440205 0.8543760186510975 0.7934440233128084 0.6474275006377833 0.8814973083638532 6
0.6817568296065891 0.3133490393073799 0.8664244645022191 0.3359161666175735 0.4127627080131534 3
0.11953204081969115 0.3279780589988366 0.6572297212859678 0.16062660554627772 0.07561650698791367 5
0.6349899330064731 0.8590394868904915 0.6510188595785984 0.3453014198388933 0.26398962841176865 2
0.003613659003408376 0.0572350184708843 0.5924341781756239 0.4664242370718701 0.4940057874354745 2
0.40804612389392825 0.6153390188966943 0.40518413073855375 0.4540349481866093 0.4090574110718306 6
0.6817568296065891 0.3133490393073799 0.8664244645022191 0.3359161666175735 0.4127627080131534 3
0.6817568296065891 0.3133490393073799 0.8664244645022191 0.3359161666175735 0.4127627080131534 3
0.3381723003706042 0.973113813465783 0.047685782228119034 0.45906122882710887 0.04895447473153236 2
0.6817568296065891 0.3133490393073799 0.8664244645022191 0.3359161666175735 0.4127627080131534 3
0.3381723003706042 0.973113813465783 0.047685782228119034 0.45906122882710887 0.04895447473153236 2
0.920195114152024 0.29054113729623965 0.7897974040661404 0.4982375888204923 0.9908558833024544 1
0.920195114152024 0.29054113729623965 0.7897974040661404 0.4982375888204923 0.9908558833024544 1
0.2391844933811722 0.1864373437832627 0.028161469852313048 0.043457932010063205 0.2761384039422392 5
0.2391844933811722 0.1864373437832627 0.028161469852313048 0.043457932010063205 0.2761384039422392 5
0.2391844933811722 0.1864373437832627 0.028161469852313048 0.043457932010063205 0.2761384039422392 5
0.6376309346489397 0.5135120490239861 0.010060367605111864 0.8658459335392573 0.691943419494476 6
0.2974567601959638 0.9742591235784314 0.20763169838340156 0.4118870739135283 0.8471335299823863 5
0.2974567601959638 0.9742591235784314 0.20763169838340156 0.4118870739135283 0.8471335299823863 5
0.6376309346489397 0.5135120490239861 0.010060367605111864 0.8658459335392573 0.691943419494476 6
0.2974567601959638 0.9742591235784314 0.20763169838340156 0.4118870739135283 0.8471335299823863 5
0.72020259260871 0.23564299699426772 0.6179637658624872 0.7263034549527246 0.2759563684371106 6
0.6817568296065891 0.3133490393073799 0.8664244645022191 0.3359161666175735 0.4127627080131534 3
0.3381723003706042 0.973113813465783 0.047685782228119034 0.45906122882710887 0.04895447473153236 2
0.6817568296065891 0.3133490393073799 0.8664244645022191 0.3359161666175735 0.4127627080131534 3
0.920195114152024 0.29054113729623965 0.7897974040661404 0.4982375888204923 0.9908558833024544 1
0.920195114152024 0.29054113729623965 0.7897974040661404 0.4982375888204923 0.9908558833024544 1
0.920195114152024 0.29054113729623965 0.7897974040661404 0.4982375888204923 0.9908558833024544 1
0.920195114152024 0.29054113729623965 0.7897974040661404 0.4982375888204923 0.9908558833024544 1
0.2391844933811722 0.1864373437832627 0.028161469852313048 0.043457932010063205 0.2761384039422392 5
0.2391844933811722 0.1864373437832627 0.028161469852313048 0.043457932010063205 0.2761384039422392 5
0.2391844933811722 0.1864373437832627 0.028161469852313048 0.043457932010063205 0.2761384039422392 5
0.6376309346489397 0.5135120490239861 0.010060367605111864 0.8658459335392573 0.691943419494476 6
0.6376309346489397 0.5135120490239861 0.010060367605111864 0.8658459335392573 0.691943419494476 6
0.2974567601959638 0.9742591235784314 0.20763169838340156 0.4118870739135283 0.8471335299823863 5
0.451446512629352 0.0025287943161805826 0.8771524519031076 0.9514749775316783 0.21543303268748548 1
0.2974567601959638 0.9742591235784314 0.20763169838340156 0.4118870739135283 0.8471335299823863 5
0.6817568296065891 0.3133490393073799 0.8664244645022191 0.3359161666175735 0.4127627080131534 3
0.6817568296065891 0.3133490393073799 0.8664244645022191 0.3359161666175735 0.4127627080131534 3
0.3381723003706042 0.973113813465783 0.047685782228119034 0.45906122882710887 0.04895447473153236 2
0.6817568296065891 0.3133490393073799 0.8664244645022191 0.3359161666175735 0.4127627080131534 3
0.920195114152024 0.29054113729623965 0.7897974040661404 0.4982375888204923 0.9908558833024544 1
0.3381723003706042 0.973113813465783 0.047685782228119034 0.45906122882710887 0.04895447473153236 2
0.920195114152024 0.29054113729623965 0.7897974040661404 0.4982375888204923 0.9908558833024544 1
0.3381723003706042 0.973113813465783 0.047685782228119034 0.45906122882710887 0.04895447473153236 2
0.2391844933811722 0.1864373437832627 0.028161469852313048 0.043457932010063205 0.2761384039422392 5
0.2391844933811722 0.1864373437832627 0.028161469852313048 0.043457932010063205 0.2761384039422392 5
0.2391844933811722 0.1864373437832627 0.028161469852313048 0.043457932010063205 0.2761384039422392 5
0.6376309346489397 0.5135120490239861 0.010060367605111864 0.8658459335392573 0.691943419494476 6
0.6376309346489397 0.5135120490239861 0.010060367605111864 0.8658459335392573 0.691943419494476 6
0.2974567601959638 0.9742591235784314 0.20763169838340156 0.4118870739135283 0.8471335299823863 5
0.5744989597826544 0.46800533484537676 0.909960025079214 0.7461253373566296 0.6055690859036413 3
0.2974567601959638 0.9742591235784314 0.20763169838340156 0.4118870739135283 0.8471335299823863 5
0.003613659003408376 0.0572350184708843 0.5924341781756239 0.4664242370718701 0.4940057874354745 2
0.6817568296065891 0.3133490393073799 0.8664244645022191 0.3359161666175735 0.4127627080131534 3
0.3381723003706042 0.973113813465783 0.047685782228119034 0.45906122882710887 0.04895447473153236 2
0.6817568296065891 0.3133490393073799 0.8664244645022191 0.3359161666175735 0.4127627080131534 3
0.920195114152024 0.29054113729623965 0.7897974040661404 0.4982375888204923 0.9908558833024544 1
0.3381723003706042 0.973113813465783 0.047685782228119034 0.45906122882710887 0.04895447473153236 2
0.920195114152024 0.29054113729623965 0.7897974040661404 0.4982375888204923 0.9908558833024544 1
0.3381723003706042 0.973113813465783 0.047685782228119034 0.45906122882710887 0.04895447473153236 2
0.2391844933811722 0.1864373437832627 0.028161469852313048 0.043457932010063205 0.2761384039422392 5
0.2391844933811722 0.1864373437832627 0.028161469852313048 0.043457932010063205 0.2761384039422392 5
0.6376309346489397 0.5135120490239861 0.010060367605111864 0.8658459335392573 0.691943419494476 6
0.6376309346489397 0.5135120490239861 0.010060367605111864 0.8658459335392573 0.691943419494476 6
0.2974567601959638 0.9742591235784314 0.20763169838340156 0.4118870739135283 0.8471335299823863 5
0.386417054440205 0.8543760186510975 0.7934440233128084 0.6474275006377833 0.8814973083638532 6
0.6817568296065891 0.3133490393073799 0.8664244645022191 0.3359161666175735 0.4127627080131534 3
0.11953204081969115 0.3279780589988366 0.6572297212859678 0.16062660554627772 0.07561650698791367 5
0.6349899330064731 0.8590394868904915 0.6510188595785984 0.3453014198388933 0.26398962841176865 2
0.72020259260871 0.23564299699426772 0.6179637658624872 0.7263034549527246 0.2759563684371106 6
0.6817568296065891 0.3133490393073799 0.8664244645022191 0.3359161666175735 0.4127627080131534 3
0.3381723003706042 0.973113813465783 0.047685782228119034 0.45906122882710887 0.04895447473153236 2
0.6817568296065891 0.3133490393073799 0.8664244645022191 0.3359161666175735 0.4127627080131534 3
0.920195114152024 0.29054113729623965 0.7897974040661404 0.4982375888204923 0.9908558833024544 1
0.3381723003706042 0.973113813465783 0.047685782228119034 0.45906122882710887 0.04895447473153236 2
0.3381723003706042 0.973113813465783 0.047685782228119034 0.45906122882710887 0.04895447473153236 2
0.2617380412772222 0.17630837906979813 0.9937819861212909 0.7488430211953885 0.09015081522657675 4
0.05427217344303026 0.253624991938461 0.4462260427293563 0.3279254163273969 0.1574367063163845 5
0.2391844933811722 0.1864373437832627 0.028161469852313048 0.043457932010063205 0.2761384039422392 5
0.6376309346489397 0.5135120490239861 0.010060367605111864 0.8658459335392573 0.691943419494476 6
0.2391844933811722 0.1864373437832627 0.028161469852313048 0.043457932010063205 0.2761384039422392 5
0.6376309346489397 0.5135120490239861 0.010060367605111864 0.8658459335392573 0.691943419494476 6
0.2974567601959638 0.9742591235784314 0.20763169838340156 0.4118870739135283 0.8471335299823863 5
0.6376309346489397 0.5135120490239861 0.010060367605111864 0.8658459335392573 0.691943419494476 6
0.2974567601959638 0.9742591235784314 0.20763169838340156 0.4118870739135283 0.8471335299823863 5
0.760514247719277 0.9922248012575098 0.07803494319346771 0.016354105652811146 0.5391274099299234 6
0.6349899330064731 0.8590394868904915 0.6510188595785984 0.3453014198388933 0.26398962841176865 2
0.6817568296065891 0.3133490393073799 0.8664244645022191 0.3359161666175735 0.4127627080131534 3
0.6817568296065891 0.3133490393073799 0.8664244645022191 0.3359161666175735 0.4127627080131534 3
0.3381723003706042 0.973113813465783 0.047685782228119034 0.45906122882710887 0.04895447473153236 2
0.6817568296065891 0.3133490393073799 0.8664244645022191 0.3359161666175735 0.4127627080131534 3
0.3381723003706042 0.973113813465783 0.047685782228119034 0.45906122882710887 0.04895447473153236 2
0.920195114152024 0.29054113729623965 0.7897974040661404 0.4982375888204923 0.9908558833024544 1
0.3381723003706042 0.973113813465783 0.047685782228119034 0.45906122882710887 0.04895447473153236 2
0.05427217344303026 0.253624991938461 0.4462260427293563 0.3279254163273969 0.1574367063163845 5
0.2391844933811722 0.1864373437832627 0.028161469852313048 0.043457932010063205 0.2761384039422392 5
0.2391844933811722 0.1864373437832627 0.028161469852313048 0.043457932010063205 0.2761384039422392 5
0.6376309346489397 0.5135120490239861 0.010060367605111864 0.8658459335392573 0.691943419494476 6
0.5744989597826544 0.46800533484537676 0.909960025079214 0.7461253373566296 0.6055690859036413 3
0.386417054440205 0.8543760186510975 0.7934440233128084 0.6474275006377833 0.8814973083638532 6
0.6817568296065891 0.3133490393073799 0.8664244645022191 0.3359161666175735 0.4127627080131534 3
0.11953204081969115 0.3279780589988366 0.6572297212859678 0.16062660554627772 0.07561650698791367 5
0.6349899330064731 0.8590394868904915 0.6510188595785984 0.3453014198388933 0.26398962841176865 2
0.6817568296065891 0.3133490393073799 0.8664244645022191 0.3359161666175735 0.4127627080131534 3
0.6817568296065891 0.3133490393073799 0.8664244645022191 0.3359161666175735 0.4127627080131534 3
0.3381723003706042 0.973113813465783 0.047685782228119034 0.45906122882710887 0.04895447473153236 2
0.6817568296065891 0.3133490393073799 0.8664244645022191 0.3359161666175735 0.4127627080131534 3
0.920195114152024 0.29054113729623965 0.7897974040661404 0.4982375888204923 0.9908558833024544 1
0.3381723003706042 0.973113813465783 0.047685782228119034 0.45906122882710887 0.04895447473153236 2
0.920195114152024 0.29054113729623965 0.7897974040661404 0.4982375888204923 0.9908558833024544 1
0.2391844933811722 0.1864373437832627 0.028161469852313048 0.043457932010063205 0.2761384039422392 5
0.2391844933811722 0.1864373437832627 0.028161469852313048 0.043457932010063205 0.2761384039422392 5
0.2391844933811722 0.1864373437832627 0.028161469852313048 0.043457932010063205 0.2761384039422392 5
0.6376309346489397 0.5135120490239861 0.010060367605111864 0.8658459335392573 0.691943419494476 6
0.5744989597826544 0.46800533484537676 0.909960025079214 0.7461253373566296 0.6055690859036413 3
0.2974567601959638 0.9742591235784314 0.20763169838340156 0.4118870739135283 0.8471335299823863 5
0.6817568296065891 0.3133490393073799 0.8664244645022191 0.3359161666175735 0.4127627080131534 3
0.11953204081969115 0.3279780589988366 0.6572297212859678 0.16062660554627772 0.07561650698791367 5
0.6817568296065891 0.3133490393073799 0.8664244645022191 0.3359161666175735 0.4127627080131534 3
0.6817568296065891 0.3133490393073799 0.8664244645022191 0.3359161666175735 0.4127627080131534 3
0.3381723003706042 0.973113813465783 0.047685782228119034 0.45906122882710887 0.04895447473153236 2
0.6817568296065891 0.3133490393073799 0.8664244645022191 0.3359161666175735 0.4127627080131534 3
0.920195114152024 0.29054113729623965 0.7897974040661404 0.4982375888204923 0.9908558833024544 1
0.3381723003706042 0.973113813465783 0.047685782228119034 0.45906122882710887 0.04895447473153236 2
0.3381723003706042 0.973113813465783 0.047685782228119034 0.45906122882710887 0.04895447473153236 2
0.920195114152024 0.29054113729623965 0.7897974040661404 0.4982375888204923 0.9908558833024544 1
0.2391844933811722 0.1864373437832627 0.028161469852313048 0.043457932010063205 0.2761384039422392 5
0.2391844933811722 0.1864373437832627 0.028161469852313048 0.043457932010063205 0.2761384039422392 5
0.6376309346489397 0.5135120490239861 0.010060367605111864 0.8658459335392573 0.691943419494476 6
0.6376309346489397 0.5135120490239861 0.010060367605111864 0.8658459335392573 0.691943419494476 6
0.5744989597826544 0.46800533484537676 0.909960025079214 0.7461253373566296 0.6055690859036413 3
0.386417054440205 0.8543760186510975 0.7934440233128084 0.6474275006377833 0.8814973083638532 6
0.6817568296065891 0.3133490393073799 0.8664244645022191 0.3359161666175735 0.4127627080131534 3
0.11953204081969115 0.3279780589988366 0.6572297212859678 0.16062660554627772 0.07561650698791367 5
0.6349899330064731 0.8590394868904915 0.6510188595785984 0.3453014198388933 0.26398962841176865 2
0.6817568296065891 0.3133490393073799 0.8664244645022191 0.3359161666175735 0.4127627080131534 3
0.6817568296065891 0.3133490393073799 0.8664244645022191 0.3359161666175735 0.4127627080131534 3
0.3381723003706042 0.973113813465783 0.047685782228119034 0.45906122882710887 0.04895447473153236 2
0.6817568296065891 0.3133490393073799 0.8664244645022191 0.3359161666175735 0.4127627080131534 3
0.920195114152024 0.29054113729623965 0.7897974040661404 0.4982375888204923 0.9908558833024544 1
0.920195114152024 0.29054113729623965 0.7897974040661404 0.4982375888204923 0.9908558833024544 1
0.920195114152024 0.29054113729623965 0.7897974040661404 0.4982375888204923 0.9908558833024544 1
0.3381723003706042 0.973113813465783 0.047685782228119034 0.45906122882710887 0.04895447473153236 2
0.2391844933811722 0.1864373437832627 0.028161469852313048 0.043457932010063205 0.2761384039422392 5
0.2391844933811722 0.1864373437832627 0.028161469852313048 0.043457932010063205 0.2761384039422392 5
0.2391844933811722 0.1864373437832627 0.028161469852313048 0.043457932010063205 0.2761384039422392 5
0.6376309346489397 0.5135120490239861 0.010060367605111864 0.8658459335392573 0.691943419494476 6
0.6376309346489397 0.5135120490239861 0.010060367605111864 0.8658459335392573 0.691943419494476 6
0.2974567601959638 0.9742591235784314 0.20763169838340156 0.4118870739135283 0.8471335299823863 5
0.5744989597826544 0.46800533484537676 0.909960025079214 0.7461253373566296 0.6055690859036413 3
0.2974567601959638 0.9742591235784314 0.20763169838340156 0.4118870739135283 0.8471335299823863 5
0.6817568296065891 0.3133490393073799 0.8664244645022191 0.3359161666175735 0.4127627080131534 3
0.6817568296065891 0.3133490393073799 0.8664244645022191 0.3359161666175735 0.4127627080131534 3
0.3381723003706042 0.973113813465783 0.047685782228119034 0.45906122882710887 0.04895447473153236 2
0.6817568296065891 0.3133490393073799 0.8664244645022191 0.3359161666175735 0.4127627080131534 3
0.920195114152024 0.29054113729623965 0.7897974040661404 0.4982375888204923 0.9908558833024544 1
0.3381723003706042 0.973113813465783 0.047685782228119034 0.45906122882710887 0.04895447473153236 2
0.920195114152024 0.29054113729623965 0.7897974040661404 0.4982375888204923 0.9908558833024544 1
0.3381723003706042 0.973113813465783 0.047685782228119034 0.45906122882710887 0.04895447473153236 2
0.2391844933811722 0.1864373437832627 0.028161469852313048 0.043457932010063205 0.2761384039422392 5
0.2391844933811722 0.1864373437832627 0.028161469852313048 0.043457932010063205 0.2761384039422392 5
0.2391844933811722 0.1864373437832627 0.028161469852313048 0.043457932010063205 0.2761384039422392 5
0.6376309346489397 0.5135120490239861 0.010060367605111864 0.8658459335392573 0.691943419494476 6
0.5744989597826544 0.46800533484537676 0.909960025079214 0.7461253373566296 0.6055690859036413 3
0.2974567601959638 0.9742591235784314 0.20763169838340156 0.4118870739135283 0.8471335299823863 5
0.2974567601959638 0.9742591235784314 0.20763169838340156 0.4118870739135283 0.8471335299823863 5
0.2974567601959638 0.9742591235784314 0.20763169838340156 0.4118870739135283 0.8471335299823863 5
0.40804612389392825 0.6153390188966943 0.40518413073855375 0.4540349481866093 0.4090574110718306 6
0.6817568296065891 0.3133490393073799 0.8664244645022191 0.3359161666175735 0.4127627080131534 3
0.6817568296065891 0.3133490393073799 0.8664244645022191 0.3359161666175735 0.4127627080131534 3
0.3381723003706042 0.973113813465783 0.047685782228119034 0.45906122882710887 0.04895447473153236 2
0.6817568296065891 0.3133490393073799 0.8664244645022191 0.3359161666175735 0.4127627080131534 3
0.3381723003706042 0.973113813465783 0.047685782228119034 0.45906122882710887 0.04895447473153236 2
0.920195114152024 0.29054113729623965 0.7897974040661404 0.4982375888204923 0.9908558833024544 1
0.920195114152024 0.29054113729623965 0.7897974040661404 0.4982375888204923 0.9908558833024544 1
0.2391844933811722 0.1864373437832627 0.028161469852313048 0.043457932010063205 0.2761384039422392 5
0.2391844933811722 0.1864373437832627 0.028161469852313048 0.043457932010063205 0.2761384039422392 5
0.2391844933811722 0.1864373437832627 0.028161469852313048 0.043457932010063205 0.2761384039422392 5
0.6376309346489397 0.5135120490239861 0.010060367605111864 0.8658459335392573 0.691943419494476 6
0.2974567601959638 0.9742591235784314 0.20763169838340156 0.4118870739135283 0.8471335299823863 5
0.2974567601959638 0.9742591235784314 0.20763169838340156 0.4118870739135283 0.8471335299823863 5
0.6376309346489397 0.5135120490239861 0.010060367605111864 0.8658459335392573 0.691943419494476 6
0.2974567601959638 0.9742591235784314 0.20763169838340156 0.4118870739135283 0.8471335299823863 5
0.40804612389392825 0.6153390188966943 0.40518413073855375 0.4540349481866093 0.4090574110718306 6
0.6817568296065891 0.3133490393073799 0.8664244645022191 0.3359161666175735 0.4127627080131534 3
0.6817568296065891 0.3133490393073799 0.8664244645022191 0.3359161666175735 0.4127627080131534 3
0.3381723003706042 0.973113813465783 0.047685782228119034 0.45906122882710887 0.04895447473153236 2
0.6817568296065891 0.3133490393073799 0.8664244645022191 0.3359161666175735 0.4127627080131534 3
0.3381723003706042 0.973113813465783 0.047685782228119034 0.45906122882710887 0.04895447473153236 2
0.920195114152024 0.29054113729623965 0.7897974040661404 0.4982375888204923 0.9908558833024544 1
0.920195114152024 0.29054113729623965 0.7897974040661404 0.4982375888204923 0.9908558833024544 1
0.2391844933811722 0.1864373437832627 0.028161469852313048 0.043457932010063205 0.2761384039422392 5
0.2391844933811722 0.1864373437832627 0.028161469852313048 0.043457932010063205 0.2761384039422392 5
0.2391844933811722 0.1864373437832627 0.028161469852313048 0.043457932010063205 0.2761384039422392 5
0.6376309346489397 0.5135120490239861 0.010060367605111864 0.8658459335392573 0.691943419494476 6
0.2974567601959638 0.9742591235784314 0.20763169838340156 0.4118870739135283 0.8471335299823863 5
0.2974567601959638 0.9742591235784314 0.20763169838340156 0.4118870739135283 0.8471335299823863 5
0.6376309346489397 0.5135120490239861 0.010060367605111864 0.8658459335392573 0.691943419494476 6
0.2974567601959638 0.9742591235784314 0.20763169838340156 0.4118870739135283 0.8471335299823863 5
0.6817568296065891 0.3133490393073799 0.8664244645022191 0.3359161666175735 0.4127627080131534 3
0.6817568296065891 0.3133490393073799 0.8664244645022191 0.3359161666175735 0.4127627080131534 3
0.3381723003706042 0.973113813465783 0.047685782228119034 0.45906122882710887 0.04895447473153236 2
0.6817568296065891 0.3133490393073799 0.8664244645022191 0.3359161666175735 0.4127627080131534 3
0.920195114152024 0.29054113729623965 0.7897974040661404 0.4982375888204923 0.9908558833024544 1
0.3381723003706042 0.973113813465783 0.047685782228119034 0.45906122882710887 0.04895447473153236 2
0.920195114152024 0.29054113729623965 0.7897974040661404 0.4982375888204923 0.9908558833024544 1
0.3381723003706042 0.973113813465783 0.047685782228119034 0.45906122882710887 0.04895447473153236 2
0.05427217344303026 0.253624991938461 0.4462260427293563 0.3279254163273969 0.1574367063163845 5
0.2391844933811722 0.1864373437832627 0.028161469852313048 0.043457932010063205 0.2761384039422392 5
0.2391844933811722 0.1864373437832627 0.028161469852313048 0.043457932010063205 0.2761384039422392 5
0.6376309346489397 0.5135120490239861 0.010060367605111864 0.8658459335392573 0.691943419494476 6
0.6376309346489397 0.5135120490239861 0.010060367605111864 0.8658459335392573 0.691943419494476 6
0.2974567601959638 0.9742591235784314 0.20763169838340156 0.4118870739135283 0.8471335299823863 5
0.5744989597826544 0.46800533484537676 0.909960025079214 0.7461253373566296 0.6055690859036413 3
0.2974567601959638 0.9742591235784314 0.20763169838340156 0.4118870739135283 0.8471335299823863 5
0.760514247719277 0.9922248012575098 0.07803494319346771 0.016354105652811146 0.5391274099299234 6
0.6349899330064731 0.8590394868904915 0.6510188595785984 0.3453014198388933 0.26398962841176865 2
0.6817568296065891 0.3133490393073799 0.8664244645022191 0.3359161666175735 0.4127627080131534 3
0.6817568296065891 0.3133490393073799 0.8664244645022191 0.3359161666175735 0.4127627080131534 3
0.6817568296065891 0.3133490393073799 0.8664244645022191 0.3359161666175735 0.4127627080131534 3
0.920195114152024 0.29054113729623965 0.7897974040661404 0.4982375888204923 0.9908558833024544 1
0.3381723003706042 0.973113813465783 0.047685782228119034 0.45906122882710887 0.04895447473153236 2
0.920195114152024 0.29054113729623965 0.7897974040661404 0.4982375888204923 0.9908558833024544 1
0.2391844933811722 0.1864373437832627 0.028161469852313048 0.043457932010063205 0.2761384039422392 5
0.2391844933811722 0.1864373437832627 0.028161469852313048 0.043457932010063205 0.2761384039422392 5
0.2391844933811722 0.1864373437832627 0.028161469852313048 0.043457932010063205 0.2761384039422392 5
0.6376309346489397 0.5135120490239861 0.010060367605111864 0.8658459335392573 0.691943419494476 6
0.5744989597826544 0.46800533484537676 0.909960025079214 0.7461253373566296 0.6055690859036413 3
0.2974567601959638 0.9742591235784314 0.20763169838340156 0.4118870739135283 0.8471335299823863 5
0.6817568296065891 0.3133490393073799 0.8664244645022191 0.3359161666175735 0.4127627080131534 3
0.11953204081969115 0.3279780589988366 0.6572297212859678 0.16062660554627772 0.07561650698791367 5
0.760514247719277 0.9922248012575098 0.07803494319346771 0.016354105652811146 0.5391274099299234 6
0.2701789910186644 0.01658914665508826 0.08681553403405073 0.11948133864241972 0.3808903022624053 7
0.6817568296065891 0.3133490393073799 0.8664244645022191 0.3359161666175735 0.4127627080131534 3
0.6817568296065891 0.3133490393073799 0.8664244645022191 0.3359161666175735 0.4127627080131534 3
0.3381723003706042 0.973113813465783 0.047685782228119034 0.45906122882710887 0.04895447473153236 2
0.3381723003706042 0.973113813465783 0.047685782228119034 0.45906122882710887 0.04895447473153236 2
0.6817568296065891 0.3133490393073799 0.8664244645022191 0.3359161666175735 0.4127627080131534 3
0.3381723003706042 0.973113813465783 0.047685782228119034 0.45906122882710887 0.04895447473153236 2
0.3381723003706042 0.973113813465783 0.047685782228119034 0.45906122882710887 0.04895447473153236 2
0.920195114152024 0.29054113729623965 0.7897974040661404 0.4982375888204923 0.9908558833024544 1
0.2391844933811722 0.1864373437832627 0.028161469852313048 0.043457932010063205 0.2761384039422392 5
0.2391844933811722 0.1864373437832627 0.028161469852313048 0.043457932010063205 0.2761384039422392 5
0.2391844933811722 0.1864373437832627 0.028161469852313048 0.043457932010063205 0.2761384039422392 5
0.6376309346489397 0.5135120490239861 0.010060367605111864 0.8658459335392573 0.691943419494476 6
0.2974567601959638 0.9742591235784314 0.20763169838340156 0.4118870739135283 0.8471335299823863 5
0.5744989597826544 0.46800533484537676 0.909960025079214 0.7461253373566296 0.6055690859036413 3
0.5744989597826544 0.46800533484537676 0.909960025079214 0.7461253373566296 0.6055690859036413 3
0.5933765128316218 0.6936724066052166 0.46189460961378803 0.571144378998172 0.7360899335513824 4
0.6817568296065891 0.3133490393073799 0.8664244645022191 0.3359161666175735 0.4127627080131534 3
0.6817568296065891 0.3133490393073799 0.8664244645022191 0.3359161666175735 0.4127627080131534 3
0.3381723003706042 0.973113813465783 0.047685782228119034 0.45906122882710887 0.04895447473153236 2
0.6817568296065891 0.3133490393073799 0.8664244645022191 0.3359161666175735 0.4127627080131534 3
0.920195114152024 0.29054113729623965 0.7897974040661404 0.4982375888204923 0.9908558833024544 1
0.3381723003706042 0.973113813465783 0.047685782228119034 0.45906122882710887 0.04895447473153236 2
0.920195114152024 0.29054113729623965 0.7897974040661404 0.4982375888204923 0.9908558833024544 1
0.3381723003706042 0.973113813465783 0.047685782228119034 0.45906122882710887 0.04895447473153236 2
0.05427217344303026 0.253624991938461 0.4462260427293563 0.3279254163273969 0.1574367063163845 5
0.2391844933811722 0.1864373437832627 0.028161469852313048 0.043457932010063205 0.2761384039422392 5
0.2391844933811722 0.1864373437832627 0.028161469852313048 0.043457932010063205 0.2761384039422392 5
0.6376309346489397 0.5135120490239861 0.010060367605111864 0.8658459335392573 0.691943419494476 6
0.5744989597826544 0.46800533484537676 0.909960025079214 0.7461253373566296 0.6055690859036413 3
0.386417054440205 0.8543760186510975 0.7934440233128084 0.6474275006377833 0.8814973083638532 6
0.5744989597826544 0.46800533484537676 0.909960025079214 0.7461253373566296 0.6055690859036413 3
0.5933765128316218 0.6936724066052166 0.46189460961378803 0.571144378998172 0.7360899335513824 4
0.72020259260871 0.23564299699426772 0.6179637658624872 0.7263034549527246 0.2759563684371106 6
0.6817568296065891 0.3133490393073799 0.8664244645022191 0.3359161666175735 0.4127627080131534 3
0.3381723003706042 0.973113813465783 0.047685782228119034 0.45906122882710887 0.04895447473153236 2
0.6817568296065891 0.3133490393073799 0.8664244645022191 0.3359161666175735 0.4127627080131534 3
0.920195114152024 0.29054113729623965 0.7897974040661404 0.4982375888204923 0.9908558833024544 1
0.920195114152024 0.29054113729623965 0.7897974040661404 0.4982375888204923 0.9908558833024544 1
0.920195114152024 0.29054113729623965 0.7897974040661404 0.4982375888204923 0.9908558833024544 1
0.920195114152024 0.29054113729623965 0.7897974040661404 0.4982375888204923 0.9908558833024544 1
0.2391844933811722 0.1864373437832627 0.028161469852313048 0.043457932010063205 0.2761384039422392 5
0.2391844933811722 0.1864373437832627 0.028161469852313048 0.043457932010063205 0.2761384039422392 5
0.2391844933811722 0.1864373437832627 0.028161469852313048 0.043457932010063205 0.2761384039422392 5
0.2391844933811722 0.1864373437832627 0.028161469852313048 0.043457932010063205 0.2761384039422392 5
0.2974567601959638 0.9742591235784314 0.20763169838340156 0.4118870739135283 0.8471335299823863 5
0.5744989597826544 0.46800533484537676 0.909960025079214 0.7461253373566296 0.6055690859036413 3
0.451446512629352 0.0025287943161805826 0.8771524519031076 0.9514749775316783 0.21543303268748548 1
0.2974567601959638 0.9742591235784314 0.20763169838340156 0.4118870739135283 0.8471335299823863 5
0.72020259260871 0.23564299699426772 0.6179637658624872 0.7263034549527246 0.2759563684371106 6
0.6817568296065891 0.3133490393073799 0.8664244645022191 0.3359161666175735 0.4127627080131534 3
0.3381723003706042 0.973113813465783 0.047685782228119034 0.45906122882710887 0.04895447473153236 2
0.6817568296065891 0.3133490393073799 0.8664244645022191 0.3359161666175735 0.4127627080131534 3
0.920195114152024 0.29054113729623965 0.7897974040661404 0.4982375888204923 0.9908558833024544 1
0.920195114152024 0.29054113729623965 0.7897974040661404 0.4982375888204923 0.9908558833024544 1
0.3381723003706042 0.973113813465783 0.047685782228119034 0.45906122882710887 0.04895447473153236 2
0.920195114152024 0.29054113729623965 0.7897974040661404 0.4982375888204923 0.9908558833024544 1
0.2391844933811722 0.1864373437832627 0.028161469852313048 0.043457932010063205 0.2761384039422392 5
0.2391844933811722 0.1864373437832627 0.028161469852313048 0.043457932010063205 0.2761384039422392 5
0.2391844933811722 0.1864373437832627 0.028161469852313048 0.043457932010063205 0.2761384039422392 5
0.2391844933811722 0.1864373437832627 0.028161469852313048 0.043457932010063205 0.2761384039422392 5
0.2974567601959638 0.9742591235784314 0.20763169838340156 0.4118870739135283 0.8471335299823863 5
0.5744989597826544 0.46800533484537676 0.909960025079214 0.7461253373566296 0.6055690859036413 3
0.451446512629352 0.0025287943161805826 0.8771524519031076 0.9514749775316783 0.21543303268748548 1
0.2974567601959638 0.9742591235784314 0.20763169838340156 0.4118870739135283 0.8471335299823863 5
0.6817568296065891 0.3133490393073799 0.8664244645022191 0.3359161666175735 0.4127627080131534 3
0.6817568296065891 0.3133490393073799 0.8664244645022191 0.3359161666175735 0.4127627080131534 3
0.3381723003706042 0.973113813465783 0.047685782228119034 0.45906122882710887 0.04895447473153236 2
0.6817568296065891 0.3133490393073799 0.8664244645022191 0.3359161666175735 0.4127627080131534 3
0.920195114152024 0.29054113729623965 0.7897974040661404 0.4982375888204923 0.9908558833024544 1
0.3381723003706042 0.973113813465783 0.047685782228119034 0.45906122882710887 0.04895447473153236 2
0.920195114152024 0.29054113729623965 0.7897974040661404 0.4982375888204923 0.9908558833024544 1
0.3381723003706042 0.973113813465783 0.047685782228119034 0.45906122882710887 0.04895447473153236 2
0.2391844933811722 0.1864373437832627 0.028161469852313048 0.043457932010063205 0.2761384039422392 5
0.2391844933811722 0.1864373437832627 0.028161469852313048 0.043457932010063205 0.2761384039422392 5
0.2391844933811722 0.1864373437832627 0.028161469852313048 0.043457932010063205 0.2761384039422392 5
0.6376309346489397 0.5135120490239861 0.010060367605111864 0.8658459335392573 0.691943419494476 6
0.6376309346489397 0.5135120490239861 0.010060367605111864 0.8658459335392573 0.691943419494476 6
0.386417054440205 0.8543760186510975 0.7934440233128084 0.6474275006377833 0.8814973083638532 6
0.5744989597826544 0.46800533484537676 0.909960025079214 0.7461253373566296 0.6055690859036413 3
0.2974567601959638 0.9742591235784314 0.20763169838340156 0.4118870739135283 0.8471335299823863 5
0.72020259260871 0.23564299699426772 0.6179637658624872 0.7263034549527246 0.2759563684371106 6
0.6817568296065891 0.3133490393073799 0.8664244645022191 0.3359161666175735 0.4127627080131534 3
0.3381723003706042 0.973113813465783 0.047685782228119034 0.45906122882710887 0.04895447473153236 2
0.6817568296065891 0.3133490393073799 0.8664244645022191 0.3359161666175735 0.4127627080131534 3
0.920195114152024 0.29054113729623965 0.7897974040661404 0.4982375888204923 0.9908558833024544 1
0.3381723003706042 0.973113813465783 0.047685782228119034 0.45906122882710887 0.04895447473153236 2
0.920195114152024 0.29054113729623965 0.7897974040661404 0.4982375888204923 0.9908558833024544 1
0.3381723003706042 0.973113813465783 0.047685782228119034 0.45906122882710887 0.04895447473153236 2
0.2391844933811722 0.1864373437832627 0.028161469852313048 0.043457932010063205 0.2761384039422392 5
0.2391844933811722 0.1864373437832627 0.028161469852313048 0.043457932010063205 0.2761384039422392 5
0.2391844933811722 0.1864373437832627 0.028161469852313048 0.043457932010063205 0.2761384039422392 5
0.2391844933811722 0.1864373437832627 0.028161469852313048 0.043457932010063205 0.2761384039422392 5
0.2974567601959638 0.9742591235784314 0.20763169838340156 0.4118870739135283 0.8471335299823863 5
0.5744989597826544 0.46800533484537676 0.909960025079214 0.7461253373566296 0.6055690859036413 3
0.451446512629352 0.0025287943161805826 0.8771524519031076 0.9514749775316783 0.21543303268748548 1
0.2974567601959638 0.9742591235784314 0.20763169838340156 0.4118870739135283 0.8471335299823863 5
0.72020259260871 0.23564299699426772 0.6179637658624872 0.7263034549527246 0.2759563684371106 6
0.6817568296065891 0.3133490393073799 0.8664244645022191 0.3359161666175735 0.4127627080131534 3
0.6817568296065891 0.3133490393073799 0.8664244645022191 0.3359161666175735 0.4127627080131534 3
0.3381723003706042 0.973113813465783 0.047685782228119034 0.45906122882710887 0.04895447473153236 2
0.6817568296065891 0.3133490393073799 0.8664244645022191 0.3359161666175735 0.4127627080131534 3
0.920195114152024 0.29054113729623965 0.7897974040661404 0.4982375888204923 0.9908558833024544 1
0.920195114152024 0.29054113729623965 0.7897974040661404 0.4982375888204923 0.9908558833024544 1
0.920195114152024 0.29054113729623965 0.7897974040661404 0.4982375888204923 0.9908558833024544 1
0.2391844933811722 0.1864373437832627 0.028161469852313048 0.043457932010063205 0.2761384039422392 5
0.2391844933811722 0.1864373437832627 0.028161469852313048 0.043457932010063205 0.2761384039422392 5
0.2391844933811722 0.1864373437832627 0.028161469852313048 0.043457932010063205 0.2761384039422392 5
0.6376309346489397 0.5135120490239861 0.010060367605111864 0.8658459335392573 0.691943419494476 6
0.6376309346489397 0.5135120490239861 0.010060367605111864 0.8658459335392573 0.691943419494476 6
0.2974567601959638 0.9742591235784314 0.20763169838340156 0.4118870739135283 0.8471335299823863 5
0.5744989597826544 0.46800533484537676 0.909960025079214 0.7461253373566296 0.6055690859036413 3
0.2974567601959638 0.9742591235784314 0.20763169838340156 0.4118870739135283 0.8471335299823863 5
0.6817568296065891 0.3133490393073799 0.8664244645022191 0.3359161666175735 0.4127627080131534 3
0.6817568296065891 0.3133490393073799 0.8664244645022191 0.3359161666175735 0.4127627080131534 3
0.3381723003706042 0.973113813465783 0.047685782228119034 0.45906122882710887 0.04895447473153236 2
0.3381723003706042 0.973113813465783 0.047685782228119034 0.45906122882710887 0.04895447473153236 2
0.6817568296065891 0.3133490393073799 0.8664244645022191 0.3359161666175735 0.4127627080131534 3
0.920195114152024 0.29054113729623965 0.7897974040661404 0.4982375888204923 0.9908558833024544 1
0.3381723003706042 0.973113813465783 0.047685782228119034 0.45906122882710887 0.04895447473153236 2
0.3381723003706042 0.973113813465783 0.047685782228119034 0.45906122882710887 0.04895447473153236 2
0.2391844933811722 0.1864373437832627 0.028161469852313048 0.043457932010063205 0.2761384039422392 5
0.2391844933811722 0.1864373437832627 0.028161469852313048 0.043457932010063205 0.2761384039422392 5
0.6376309346489397 0.5135120490239861 0.010060367605111864 0.8658459335392573 0.691943419494476 6
0.6376309346489397 0.5135120490239861 0.010060367605111864 0.8658459335392573 0.691943419494476 6
0.2974567601959638 0.9742591235784314 0.20763169838340156 0.4118870739135283 0.8471335299823863 5
0.2974567601959638 0.9742591235784314 0.20763169838340156 0.4118870739135283 0.8471335299823863 5
0.6376309346489397 0.5135120490239861 0.010060367605111864 0.8658459335392573 0.691943419494476 6
0.2974567601959638 0.9742591235784314 0.20763169838340156 0.4118870739135283 0.8471335299823863 5
0.40804612389392825 0.6153390188966943 0.40518413073855375 0.4540349481866093 0.4090574110718306 6
0.72020259260871 0.23564299699426772 0.6179637658624872 0.7263034549527246 0.2759563684371106 6
0.6817568296065891 0.3133490393073799 0.8664244645022191 0.3359161666175735 0.4127627080131534 3
0.3381723003706042 0.973113813465783 0.047685782228119034 0.45906122882710887 0.04895447473153236 2
0.6817568296065891 0.3133490393073799 0.8664244645022191 0.3359161666175735 0.4127627080131534 3
0.920195114152024 0.29054113729623965 0.7897974040661404 0.4982375888204923 0.9908558833024544 1
0.3381723003706042 0.973113813465783 0.047685782228119034 0.45906122882710887 0.04895447473153236 2
0.920195114152024 0.29054113729623965 0.7897974040661404 0.4982375888204923 0.9908558833024544 1
0.2617380412772222 0.17630837906979813 0.9937819861212909 0.7488430211953885 0.09015081522657675 4
0.05427217344303026 0.253624991938461 0.4462260427293563 0.3279254163273969 0.1574367063163845 5
0.2391844933811722 0.1864373437832627 0.028161469852313048 0.043457932010063205 0.2761384039422392 5
0.6376309346489397 0.5135120490239861 0.010060367605111864 0.8658459335392573 0.691943419494476 6
0.6376309346489397 0.5135120490239861 0.010060367605111864 0.8658459335392573 0.691943419494476 6
0.6376309346489397 0.5135120490239861 0.010060367605111864 0.8658459335392573 0.691943419494476 6
0.2974567601959638 0.9742591235784314 0.20763169838340156 0.4118870739135283 0.8471335299823863 5
0.6376309346489397 0.5135120490239861 0.010060367605111864 0.8658459335392573 0.691943419494476 6
0.2974567601959638 0.9742591235784314 0.20763169838340156 0.4118870739135283 0.8471335299823863 5
0.760514247719277 0.9922248012575098 0.07803494319346771 0.016354105652811146 0.5391274099299234 6
0.72020259260871 0.23564299699426772 0.6179637658624872 0.7263034549527246 0.2759563684371106 6
0.6817568296065891 0.3133490393073799 0.8664244645022191 0.3359161666175735 0.4127627080131534 3
0.3381723003706042 0.973113813465783 0.047685782228119034 0.45906122882710887 0.04895447473153236 2
0.6817568296065891 0.3133490393073799 0.8664244645022191 0.3359161666175735 0.4127627080131534 3
0.920195114152024 0.29054113729623965 0.7897974040661404 0.4982375888204923 0.9908558833024544 1
0.3381723003706042 0.973113813465783 0.047685782228119034 0.45906122882710887 0.04895447473153236 2
0.920195114152024 0.29054113729623965 0.7897974040661404 0.4982375888204923 0.9908558833024544 1
0.2617380412772222 0.17630837906979813 0.9937819861212909 0.7488430211953885 0.09015081522657675 4
0.05427217344303026 0.253624991938461 0.4462260427293563 0.3279254163273969 0.1574367063163845 5
0.2391844933811722 0.1864373437832627 0.028161469852313048 0.043457932010063205 0.2761384039422392 5
0.6376309346489397 0.5135120490239861 0.010060367605111864 0.8658459335392573 0.691943419494476 6
0.6376309346489397 0.5135120490239861 0.010060367605111864 0.8658459335392573 0.691943419494476 6
0.6376309346489397 0.5135120490239861 0.010060367605111864 0.8658459335392573 0.691943419494476 6
0.2974567601959638 0.9742591235784314 0.20763169838340156 0.4118870739135283 0.8471335299823863 5
0.6376309346489397 0.5135120490239861 0.010060367605111864 0.8658459335392573 0.691943419494476 6
0.2974567601959638 0.9742591235784314 0.20763169838340156 0.4118870739135283 0.8471335299823863 5
0.760514247719277 0.9922248012575098 0.07803494319346771 0.016354105652811146 0.5391274099299234 6
0.72020259260871 0.23564299699426772 0.6179637658624872 0.7263034549527246 0.2759563684371106 6
0.6817568296065891 0.3133490393073799 0.8664244645022191 0.3359161666175735 0.4127627080131534 3
0.3381723003706042 0.973113813465783 0.047685782228119034 0.45906122882710887 0.04895447473153236 2
0.3381723003706042 0.973113813465783 0.047685782228119034 0.45906122882710887 0.04895447473153236 2
0.6817568296065891 0.3133490393073799 0.8664244645022191 0.3359161666175735 0.4127627080131534 3
0.3381723003706042 0.973113813465783 0.047685782228119034 0.45906122882710887 0.04895447473153236 2
0.3381723003706042 0.973113813465783 0.047685782228119034 0.45906122882710887 0.04895447473153236 2
0.920195114152024 0.29054113729623965 0.7897974040661404 0.4982375888204923 0.9908558833024544 1
0.2391844933811722 0.1864373437832627 0.028161469852313048 0.043457932010063205 0.2761384039422392 5
0.2391844933811722 0.1864373437832627 0.028161469852313048 0.043457932010063205 0.2761384039422392 5
0.2391844933811722 0.1864373437832627 0.028161469852313048 0.043457932010063205 0.2761384039422392 5
0.2391844933811722 0.1864373437832627 0.028161469852313048 0.043457932010063205 0.2761384039422392 5
0.6376309346489397 0.5135120490239861 0.010060367605111864 0.8658459335392573 0.691943419494476 6
0.2974567601959638 0.9742591235784314 0.20763169838340156 0.4118870739135283 0.8471335299823863 5
0.451446512629352 0.0025287943161805826 0.8771524519031076 0.9514749775316783 0.21543303268748548 1
0.2974567601959638 0.9742591235784314 0.20763169838340156 0.4118870739135283 0.8471335299823863 5
