0.6624501446958307 0.8826113686627963 0.2440060449652014 0.11386560207970786 0.772204468129679 2
0.4735813475386792 0.7400331612183 0.6486633803980247 0.34112499670318064 0.3245308559767498 4
0.03044689138790757 0.028539198330943427 0.10174452138980361 0.9503992658393257 0.6731481965585726 2
0.5577980272966315 0.860302918407774 0.8433919804963074 0.22348168437935068 0.9285444650290444 1
0.33475672831587 0.2023664873572405 0.20447502225897118 0.9372102925488378 0.6665336594086144 8
0.601765089204814 0.19730517262645353 0.1543004014814514 0.10380151644723434 0.4518667013014741 4
0.601765089204814 0.19730517262645353 0.1543004014814514 0.10380151644723434 0.4518667013014741 4
0.701682709111963 0.9517194048344371 0.652360439814276 0.8594850860023646 0.6823552845371775 1
0.6341405189070312 0.16183738398894665 0.003653291529975622 0.3007249503834848 0.1326856447130722 5
0.30878295476089257 0.5137140734130652 0.33143731098672613 0.715994312116155 0.026490940405562657 8
0.5165836908521053 0.3503500429021027 0.6061307276910151 0.012531443571672574 0.6769974135583193 6
0.4735813475386792 0.7400331612183 0.6486633803980247 0.34112499670318064 0.3245308559767498 4
0.674862244867563 0.7152888979879274 0.4744028989649205 0.37016747470055056 0.6315420103144018 7
0.674862244867563 0.7152888979879274 0.4744028989649205 0.37016747470055056 0.6315420103144018 7
0.6624501446958307 0.8826113686627963 0.2440060449652014 0.11386560207970786 0.772204468129679 2
0.6624501446958307 0.8826113686627963 0.2440060449652014 0.11386560207970786 0.772204468129679 2
0.03044689138790757 0.028539198330943427 0.10174452138980361 0.9503992658393257 0.6731481965585726 2
0.03044689138790757 0.028539198330943427 0.10174452138980361 0.9503992658393257 0.6731481965585726 2
0.33475672831587 0.2023664873572405 0.20447502225897118 0.9372102925488378 0.6665336594086144 8
0.601765089204814 0.19730517262645353 0.1543004014814514 0.10380151644723434 0.4518667013014741 4
0.601765089204814 0.19730517262645353 0.1543004014814514 0.10380151644723434 0.4518667013014741 4
0.601765089204814 0.19730517262645353 0.1543004014814514 0.10380151644723434 0.4518667013014741 4
0.6341405189070312 0.16183738398894665 0.003653291529975622 0.3007249503834848 0.1326856447130722 5
0.6341405189070312 0.16183738398894665 0.003653291529975622 0.3007249503834848 0.1326856447130722 5
0.5165836908521053 0.3503500429021027 0.6061307276910151 0.012531443571672574 0.6769974135583193 6
0.5165836908521053 0.3503500429021027 0.6061307276910151 0.012531443571672574 0.6769974135583193 6
0.674862244867563 0.7152888979879274 0.4744028989649205 0.37016747470055056 0.6315420103144018 7
0.7811595869382283 0.6269559944550295 0.40520472428162235 0.04322548711510521 0.4972842782966971 1
0.5076874081348772 0.822173971045081 0.7790026128239497 0.07547408914207343 0.08254150957284101 7
0.5065942561863133 0.4827452121752225 0.5777503408638078 0.003973085884059868 0.9373271953298703 2
0.9147300228915735 0.30961543028876826 0.27246784799109924 0.3826635890122918 0.4297371488387116 8
0.6624501446958307 0.8826113686627963 0.2440060449652014 0.11386560207970786 0.772204468129679 2
0.4735813475386792 0.7400331612183 0.6486633803980247 0.34112499670318064 0.3245308559767498 4
0.03044689138790757 0.028539198330943427 0.10174452138980361 0.9503992658393257 0.6731481965585726 2
0.33475672831587 0.2023664873572405 0.20447502225897118 0.9372102925488378 0.6665336594086144 8
0.601765089204814 0.19730517262645353 0.1543004014814514 0.10380151644723434 0.4518667013014741 4
0.601765089204814 0.19730517262645353 0.1543004014814514 0.10380151644723434 0.4518667013014741 4
0.601765089204814 0.19730517262645353 0.1543004014814514 0.10380151644723434 0.4518667013014741 4
0.6341405189070312 0.16183738398894665 0.003653291529975622 0.3007249503834848 0.1326856447130722 5
0.6341405189070312 0.16183738398894665 0.003653291529975622 0.3007249503834848 0.1326856447130722 5
0.30878295476089257 0.5137140734130652 0.33143731098672613 0.715994312116155 0.026490940405562657 8
0.5165836908521053 0.3503500429021027 0.6061307276910151 0.012531443571672574 0.6769974135583193 6
0.4735813475386792 0.7400331612183 0.6486633803980247 0.34112499670318064 0.3245308559767498 4
0.674862244867563 0.7152888979879274 0.4744028989649205 0.37016747470055056 0.6315420103144018 7
0.674862244867563 0.7152888979879274 0.4744028989649205 0.37016747470055056 0.6315420103144018 7
0.6624501446958307 0.8826113686627963 0.2440060449652014 0.11386560207970786 0.772204468129679 2
0.8178459774995674 0.43311860970345073 0.8201320554530033 0.44486249635841657 0.48605731158751186 8
0.674862244867563 0.7152888979879274 0.4744028989649205 0.37016747470055056 0.6315420103144018 7
0.03044689138790757 0.028539198330943427 0.10174452138980361 0.9503992658393257 0.6731481965585726 2
0.03044689138790757 0.028539198330943427 0.10174452138980361 0.9503992658393257 0.6731481965585726 2
0.33475672831587 0.2023664873572405 0.20447502225897118 0.9372102925488378 0.6665336594086144 8
0.601765089204814 0.19730517262645353 0.1543004014814514 0.10380151644723434 0.4518667013014741 4
0.601765089204814 0.19730517262645353 0.1543004014814514 0.10380151644723434 0.4518667013014741 4
0.6341405189070312 0.16183738398894665 0.003653291529975622 0.3007249503834848 0.1326856447130722 5
0.6341405189070312 0.16183738398894665 0.003653291529975622 0.3007249503834848 0.1326856447130722 5
0.5165836908521053 0.3503500429021027 0.6061307276910151 0.012531443571672574 0.6769974135583193 6
0.5165836908521053 0.3503500429021027 0.6061307276910151 0.012531443571672574 0.6769974135583193 6
0.4735813475386792 0.7400331612183 0.6486633803980247 0.34112499670318064 0.3245308559767498 4
0.674862244867563 0.7152888979879274 0.4744028989649205 0.37016747470055056 0.6315420103144018 7
0.674862244867563 0.7152888979879274 0.4744028989649205 0.37016747470055056 0.6315420103144018 7
0.5065942561863133 0.4827452121752225 0.5777503408638078 0.003973085884059868 0.9373271953298703 2
0.8178459774995674 0.43311860970345073 0.8201320554530033 0.44486249635841657 0.48605731158751186 8
0.674862244867563 0.7152888979879274 0.4744028989649205 0.37016747470055056 0.6315420103144018 7
0.03044689138790757 0.028539198330943427 0.10174452138980361 0.9503992658393257 0.6731481965585726 2
0.03044689138790757 0.028539198330943427 0.10174452138980361 0.9503992658393257 0.6731481965585726 2
0.33475672831587 0.2023664873572405 0.20447502225897118 0.9372102925488378 0.6665336594086144 8
0.601765089204814 0.19730517262645353 0.1543004014814514 0.10380151644723434 0.4518667013014741 4
0.601765089204814 0.19730517262645353 0.1543004014814514 0.10380151644723434 0.4518667013014741 4
0.6341405189070312 0.16183738398894665 0.003653291529975622 0.3007249503834848 0.1326856447130722 5
0.6341405189070312 0.16183738398894665 0.003653291529975622 0.3007249503834848 0.1326856447130722 5
0.5165836908521053 0.3503500429021027 0.6061307276910151 0.012531443571672574 0.6769974135583193 6
0.5165836908521053 0.3503500429021027 0.6061307276910151 0.012531443571672574 0.6769974135583193 6
0.4735813475386792 0.7400331612183 0.6486633803980247 0.34112499670318064 0.3245308559767498 4
0.674862244867563 0.7152888979879274 0.4744028989649205 0.37016747470055056 0.6315420103144018 7
0.674862244867563 0.7152888979879274 0.4744028989649205 0.37016747470055056 0.6315420103144018 7
0.5065942561863133 0.4827452121752225 0.5777503408638078 0.003973085884059868 0.9373271953298703 2
0.4735813475386792 0.7400331612183 0.6486633803980247 0.34112499670318064 0.3245308559767498 4
0.03044689138790757 0.028539198330943427 0.10174452138980361 0.9503992658393257 0.6731481965585726 2
0.33475672831587 0.2023664873572405 0.20447502225897118 0.9372102925488378 0.6665336594086144 8
0.601765089204814 0.19730517262645353 0.1543004014814514 0.10380151644723434 0.4518667013014741 4
0.33475672831587 0.2023664873572405 0.20447502225897118 0.9372102925488378 0.6665336594086144 8
0.601765089204814 0.19730517262645353 0.1543004014814514 0.10380151644723434 0.4518667013014741 4
0.601765089204814 0.19730517262645353 0.1543004014814514 0.10380151644723434 0.4518667013014741 4
0.701682709111963 0.9517194048344371 0.652360439814276 0.8594850860023646 0.6823552845371775 1
0.6341405189070312 0.16183738398894665 0.003653291529975622 0.3007249503834848 0.1326856447130722 5
0.5165836908521053 0.3503500429021027 0.6061307276910151 0.012531443571672574 0.6769974135583193 6
0.5165836908521053 0.3503500429021027 0.6061307276910151 0.012531443571672574 0.6769974135583193 6
0.4735813475386792 0.7400331612183 0.6486633803980247 0.34112499670318064 0.3245308559767498 4
0.7811595869382283 0.6269559944550295 0.40520472428162235 0.04322548711510521 0.4972842782966971 1
0.5065942561863133 0.4827452121752225 0.5777503408638078 0.003973085884059868 0.9373271953298703 2
0.9147300228915735 0.30961543028876826 0.27246784799109924 0.3826635890122918 0.4297371488387116 8
0.6624501446958307 0.8826113686627963 0.2440060449652014 0.11386560207970786 0.772204468129679 2
0.6624501446958307 0.8826113686627963 0.2440060449652014 0.11386560207970786 0.772204468129679 2
0.03044689138790757 0.028539198330943427 0.10174452138980361 0.9503992658393257 0.6731481965585726 2
0.03044689138790757 0.028539198330943427 0.10174452138980361 0.9503992658393257 0.6731481965585726 2
0.5577980272966315 0.860302918407774 0.8433919804963074 0.22348168437935068 0.9285444650290444 1
0.601765089204814 0.19730517262645353 0.1543004014814514 0.10380151644723434 0.4518667013014741 4
0.601765089204814 0.19730517262645353 0.1543004014814514 0.10380151644723434 0.4518667013014741 4
0.601765089204814 0.19730517262645353 0.1543004014814514 0.10380151644723434 0.4518667013014741 4
0.6341405189070312 0.16183738398894665 0.003653291529975622 0.3007249503834848 0.1326856447130722 5
0.6341405189070312 0.16183738398894665 0.003653291529975622 0.3007249503834848 0.1326856447130722 5
0.5165836908521053 0.3503500429021027 0.6061307276910151 0.012531443571672574 0.6769974135583193 6
0.5165836908521053 0.3503500429021027 0.6061307276910151 0.012531443571672574 0.6769974135583193 6
0.674862244867563 0.7152888979879274 0.4744028989649205 0.37016747470055056 0.6315420103144018 7
0.7811595869382283 0.6269559944550295 0.40520472428162235 0.04322548711510521 0.4972842782966971 1
0.5076874081348772 0.822173971045081 0.7790026128239497 0.07547408914207343 0.08254150957284101 7
0.5065942561863133 0.4827452121752225 0.5777503408638078 0.003973085884059868 0.9373271953298703 2
0.9147300228915735 0.30961543028876826 0.27246784799109924 0.3826635890122918 0.4297371488387116 8
0.6624501446958307 0.8826113686627963 0.2440060449652014 0.11386560207970786 0.772204468129679 2
0.03044689138790757 0.028539198330943427 0.10174452138980361 0.9503992658393257 0.6731481965585726 2
0.03044689138790757 0.028539198330943427 0.10174452138980361 0.9503992658393257 0.6731481965585726 2
0.33475672831587 0.2023664873572405 0.20447502225897118 0.9372102925488378 0.6665336594086144 8
0.601765089204814 0.19730517262645353 0.1543004014814514 0.10380151644723434 0.4518667013014741 4
0.601765089204814 0.19730517262645353 0.1543004014814514 0.10380151644723434 0.4518667013014741 4
0.601765089204814 0.19730517262645353 0.1543004014814514 0.10380151644723434 0.4518667013014741 4
0.6341405189070312 0.16183738398894665 0.003653291529975622 0.3007249503834848 0.1326856447130722 5
0.6341405189070312 0.16183738398894665 0.003653291529975622 0.3007249503834848 0.1326856447130722 5
0.5165836908521053 0.3503500429021027 0.6061307276910151 0.012531443571672574 0.6769974135583193 6
0.5165836908521053 0.3503500429021027 0.6061307276910151 0.012531443571672574 0.6769974135583193 6
0.4735813475386792 0.7400331612183 0.6486633803980247 0.34112499670318064 0.3245308559767498 4
0.7811595869382283 0.6269559944550295 0.40520472428162235 0.04322548711510521 0.4972842782966971 1
0.5076874081348772 0.822173971045081 0.7790026128239497 0.07547408914207343 0.08254150957284101 7
0.5065942561863133 0.4827452121752225 0.5777503408638078 0.003973085884059868 0.9373271953298703 2
0.9147300228915735 0.30961543028876826 0.27246784799109924 0.3826635890122918 0.4297371488387116 8
0.4735813475386792 0.7400331612183 0.6486633803980247 0.34112499670318064 0.3245308559767498 4
0.03044689138790757 0.028539198330943427 0.10174452138980361 0.9503992658393257 0.6731481965585726 2
0.33475672831587 0.2023664873572405 0.20447502225897118 0.9372102925488378 0.6665336594086144 8
0.33475672831587 0.2023664873572405 0.20447502225897118 0.9372102925488378 0.6665336594086144 8
0.33475672831587 0.2023664873572405 0.20447502225897118 0.9372102925488378 0.6665336594086144 8
0.601765089204814 0.19730517262645353 0.1543004014814514 0.10380151644723434 0.4518667013014741 4
0.601765089204814 0.19730517262645353 0.1543004014814514 0.10380151644723434 0.4518667013014741 4
0.701682709111963 0.9517194048344371 0.652360439814276 0.8594850860023646 0.6823552845371775 1
0.6341405189070312 0.16183738398894665 0.003653291529975622 0.3007249503834848 0.1326856447130722 5
0.30878295476089257 0.5137140734130652 0.33143731098672613 0.715994312116155 0.026490940405562657 8
0.5165836908521053 0.3503500429021027 0.6061307276910151 0.012531443571672574 0.6769974135583193 6
0.4735813475386792 0.7400331612183 0.6486633803980247 0.34112499670318064 0.3245308559767498 4
0.674862244867563 0.7152888979879274 0.4744028989649205 0.37016747470055056 0.6315420103144018 7
0.674862244867563 0.7152888979879274 0.4744028989649205 0.37016747470055056 0.6315420103144018 7
0.6624501446958307 0.8826113686627963 0.2440060449652014 0.11386560207970786 0.772204468129679 2
0.6624501446958307 0.8826113686627963 0.2440060449652014 0.11386560207970786 0.772204468129679 2
0.4735813475386792 0.7400331612183 0.6486633803980247 0.34112499670318064 0.3245308559767498 4
0.03044689138790757 0.028539198330943427 0.10174452138980361 0.9503992658393257 0.6731481965585726 2
0.03044689138790757 0.028539198330943427 0.10174452138980361 0.9503992658393257 0.6731481965585726 2
0.33475672831587 0.2023664873572405 0.20447502225897118 0.9372102925488378 0.6665336594086144 8
0.601765089204814 0.19730517262645353 0.1543004014814514 0.10380151644723434 0.4518667013014741 4
0.601765089204814 0.19730517262645353 0.1543004014814514 0.10380151644723434 0.4518667013014741 4
0.601765089204814 0.19730517262645353 0.1543004014814514 0.10380151644723434 0.4518667013014741 4
0.701682709111963 0.9517194048344371 0.652360439814276 0.8594850860023646 0.6823552845371775 1
0.6341405189070312 0.16183738398894665 0.003653291529975622 0.3007249503834848 0.1326856447130722 5
0.30878295476089257 0.5137140734130652 0.33143731098672613 0.715994312116155 0.026490940405562657 8
0.5165836908521053 0.3503500429021027 0.6061307276910151 0.012531443571672574 0.6769974135583193 6
0.4735813475386792 0.7400331612183 0.6486633803980247 0.34112499670318064 0.3245308559767498 4
0.674862244867563 0.7152888979879274 0.4744028989649205 0.37016747470055056 0.6315420103144018 7
0.5076874081348772 0.822173971045081 0.7790026128239497 0.07547408914207343 0.08254150957284101 7
0.5065942561863133 0.4827452121752225 0.5777503408638078 0.003973085884059868 0.9373271953298703 2
0.5065942561863133 0.4827452121752225 0.5777503408638078 0.003973085884059868 0.9373271953298703 2
0.03044689138790757 0.028539198330943427 0.10174452138980361 0.9503992658393257 0.6731481965585726 2
0.5577980272966315 0.860302918407774 0.8433919804963074 0.22348168437935068 0.9285444650290444 1
0.33475672831587 0.2023664873572405 0.20447502225897118 0.9372102925488378 0.6665336594086144 8
0.601765089204814 0.19730517262645353 0.1543004014814514 0.10380151644723434 0.4518667013014741 4
0.601765089204814 0.19730517262645353 0.1543004014814514 0.10380151644723434 0.4518667013014741 4
0.601765089204814 0.19730517262645353 0.1543004014814514 0.10380151644723434 0.4518667013014741 4
0.701682709111963 0.9517194048344371 0.652360439814276 0.8594850860023646 0.6823552845371775 1
0.6341405189070312 0.16183738398894665 0.003653291529975622 0.3007249503834848 0.1326856447130722 5
0.30878295476089257 0.5137140734130652 0.33143731098672613 0.715994312116155 0.026490940405562657 8
0.5165836908521053 0.3503500429021027 0.6061307276910151 0.012531443571672574 0.6769974135583193 6
0.4735813475386792 0.7400331612183 0.6486633803980247 0.34112499670318064 0.3245308559767498 4
0.674862244867563 0.7152888979879274 0.4744028989649205 0.37016747470055056 0.6315420103144018 7
0.5076874081348772 0.822173971045081 0.7790026128239497 0.07547408914207343 0.08254150957284101 7
0.5065942561863133 0.4827452121752225 0.5777503408638078 0.003973085884059868 0.9373271953298703 2
0.6624501446958307 0.8826113686627963 0.2440060449652014 0.11386560207970786 0.772204468129679 2
0.03044689138790757 0.028539198330943427 0.10174452138980361 0.9503992658393257 0.6731481965585726 2
0.03044689138790757 0.028539198330943427 0.10174452138980361 0.9503992658393257 0.6731481965585726 2
0.33475672831587 0.2023664873572405 0.20447502225897118 0.9372102925488378 0.6665336594086144 8
0.601765089204814 0.19730517262645353 0.1543004014814514 0.10380151644723434 0.4518667013014741 4
0.601765089204814 0.19730517262645353 0.1543004014814514 0.10380151644723434 0.4518667013014741 4
0.601765089204814 0.19730517262645353 0.1543004014814514 0.10380151644723434 0.4518667013014741 4
0.6341405189070312 0.16183738398894665 0.003653291529975622 0.3007249503834848 0.1326856447130722 5
0.6341405189070312 0.16183738398894665 0.003653291529975622 0.3007249503834848 0.1326856447130722 5
0.5165836908521053 0.3503500429021027 0.6061307276910151 0.012531443571672574 0.6769974135583193 6
0.5165836908521053 0.3503500429021027 0.6061307276910151 0.012531443571672574 0.6769974135583193 6
0.674862244867563 0.7152888979879274 0.4744028989649205 0.37016747470055056 0.6315420103144018 7
0.7811595869382283 0.6269559944550295 0.40520472428162235 0.04322548711510521 0.4972842782966971 1
0.5076874081348772 0.822173971045081 0.7790026128239497 0.07547408914207343 0.08254150957284101 7
0.5065942561863133 0.4827452121752225 0.5777503408638078 0.003973085884059868 0.9373271953298703 2
0.9147300228915735 0.30961543028876826 0.27246784799109924 0.3826635890122918 0.4297371488387116 8
0.8178459774995674 0.43311860970345073 0.8201320554530033 0.44486249635841657 0.48605731158751186 8
0.674862244867563 0.7152888979879274 0.4744028989649205 0.37016747470055056 0.6315420103144018 7
0.03044689138790757 0.028539198330943427 0.10174452138980361 0.9503992658393257 0.6731481965585726 2
0.03044689138790757 0.028539198330943427 0.10174452138980361 0.9503992658393257 0.6731481965585726 2
0.33475672831587 0.2023664873572405 0.20447502225897118 0.9372102925488378 0.6665336594086144 8
0.601765089204814 0.19730517262645353 0.1543004014814514 0.10380151644723434 0.4518667013014741 4
0.601765089204814 0.19730517262645353 0.1543004014814514 0.10380151644723434 0.4518667013014741 4
0.6341405189070312 0.16183738398894665 0.003653291529975622 0.3007249503834848 0.1326856447130722 5
0.6341405189070312 0.16183738398894665 0.003653291529975622 0.3007249503834848 0.1326856447130722 5
0.5165836908521053 0.3503500429021027 0.6061307276910151 0.012531443571672574 0.6769974135583193 6
0.13584142504537478 0.6321207882521639 0.06553895404317078 0.1347781044747517 0.9569097053527381 2
0.4735813475386792 0.7400331612183 0.6486633803980247 0.34112499670318064 0.3245308559767498 4
0.7811595869382283 0.6269559944550295 0.40520472428162235 0.04322548711510521 0.4972842782966971 1
0.5076874081348772 0.822173971045081 0.7790026128239497 0.07547408914207343 0.08254150957284101 7
0.6624501446958307 0.8826113686627963 0.2440060449652014 0.11386560207970786 0.772204468129679 2
0.6624501446958307 0.8826113686627963 0.2440060449652014 0.11386560207970786 0.772204468129679 2
0.03044689138790757 0.028539198330943427 0.10174452138980361 0.9503992658393257 0.6731481965585726 2
0.33475672831587 0.2023664873572405 0.20447502225897118 0.9372102925488378 0.6665336594086144 8
0.601765089204814 0.19730517262645353 0.1543004014814514 0.10380151644723434 0.4518667013014741 4
0.601765089204814 0.19730517262645353 0.1543004014814514 0.10380151644723434 0.4518667013014741 4
0.601765089204814 0.19730517262645353 0.1543004014814514 0.10380151644723434 0.4518667013014741 4
0.601765089204814 0.19730517262645353 0.1543004014814514 0.10380151644723434 0.4518667013014741 4
0.6341405189070312 0.16183738398894665 0.003653291529975622 0.3007249503834848 0.1326856447130722 5
0.6341405189070312 0.16183738398894665 0.003653291529975622 0.3007249503834848 0.1326856447130722 5
0.5165836908521053 0.3503500429021027 0.6061307276910151 0.012531443571672574 0.6769974135583193 6
0.5165836908521053 0.3503500429021027 0.6061307276910151 0.012531443571672574 0.6769974135583193 6
0.674862244867563 0.7152888979879274 0.4744028989649205 0.37016747470055056 0.6315420103144018 7
0.7811595869382283 0.6269559944550295 0.40520472428162235 0.04322548711510521 0.4972842782966971 1
0.5076874081348772 0.822173971045081 0.7790026128239497 0.07547408914207343 0.08254150957284101 7
0.5065942561863133 0.4827452121752225 0.5777503408638078 0.003973085884059868 0.9373271953298703 2
0.9147300228915735 0.30961543028876826 0.27246784799109924 0.3826635890122918 0.4297371488387116 8
0.8178459774995674 0.43311860970345073 0.8201320554530033 0.44486249635841657 0.48605731158751186 8
0.674862244867563 0.7152888979879274 0.4744028989649205 0.37016747470055056 0.6315420103144018 7
0.03044689138790757 0.028539198330943427 0.10174452138980361 0.9503992658393257 0.6731481965585726 2
0.03044689138790757 0.028539198330943427 0.10174452138980361 0.9503992658393257 0.6731481965585726 2
0.33475672831587 0.2023664873572405 0.20447502225897118 0.9372102925488378 0.6665336594086144 8
0.601765089204814 0.19730517262645353 0.1543004014814514 0.10380151644723434 0.4518667013014741 4
0.601765089204814 0.19730517262645353 0.1543004014814514 0.10380151644723434 0.4518667013014741 4
0.6341405189070312 0.16183738398894665 0.003653291529975622 0.3007249503834848 0.1326856447130722 5
0.6341405189070312 0.16183738398894665 0.003653291529975622 0.3007249503834848 0.1326856447130722 5
0.5165836908521053 0.3503500429021027 0.6061307276910151 0.012531443571672574 0.6769974135583193 6
0.13584142504537478 0.6321207882521639 0.06553895404317078 0.1347781044747517 0.9569097053527381 2
0.4735813475386792 0.7400331612183 0.6486633803980247 0.34112499670318064 0.3245308559767498 4
0.7811595869382283 0.6269559944550295 0.40520472428162235 0.04322548711510521 0.4972842782966971 1
0.674862244867563 0.7152888979879274 0.4744028989649205 0.37016747470055056 0.6315420103144018 7
0.5065942561863133 0.4827452121752225 0.5777503408638078 0.003973085884059868 0.9373271953298703 2
0.674862244867563 0.7152888979879274 0.4744028989649205 0.37016747470055056 0.6315420103144018 7
0.5065942561863133 0.4827452121752225 0.5777503408638078 0.003973085884059868 0.9373271953298703 2
0.03044689138790757 0.028539198330943427 0.10174452138980361 0.9503992658393257 0.6731481965585726 2
0.5577980272966315 0.860302918407774 0.8433919804963074 0.22348168437935068 0.9285444650290444 1
0.33475672831587 0.2023664873572405 0.20447502225897118 0.9372102925488378 0.6665336594086144 8
0.7972662893712318 0.45986802693625206 0.7559796104614179 0.6625315094937035 0.9334587577441582 2
0.601765089204814 0.19730517262645353 0.1543004014814514 0.10380151644723434 0.4518667013014741 4
0.701682709111963 0.9517194048344371 0.652360439814276 0.8594850860023646 0.6823552845371775 1
0.6341405189070312 0.16183738398894665 0.003653291529975622 0.3007249503834848 0.1326856447130722 5
0.5165836908521053 0.3503500429021027 0.6061307276910151 0.012531443571672574 0.6769974135583193 6
0.5165836908521053 0.3503500429021027 0.6061307276910151 0.012531443571672574 0.6769974135583193 6
0.4735813475386792 0.7400331612183 0.6486633803980247 0.34112499670318064 0.3245308559767498 4
0.674862244867563 0.7152888979879274 0.4744028989649205 0.37016747470055056 0.6315420103144018 7
0.5076874081348772 0.822173971045081 0.7790026128239497 0.07547408914207343 0.08254150957284101 7
0.5065942561863133 0.4827452121752225 0.5777503408638078 0.003973085884059868 0.9373271953298703 2
0.5065942561863133 0.4827452121752225 0.5777503408638078 0.003973085884059868 0.9373271953298703 2
0.03044689138790757 0.028539198330943427 0.10174452138980361 0.9503992658393257 0.6731481965585726 2
0.5577980272966315 0.860302918407774 0.8433919804963074 0.22348168437935068 0.9285444650290444 1
0.33475672831587 0.2023664873572405 0.20447502225897118 0.9372102925488378 0.6665336594086144 8
0.601765089204814 0.19730517262645353 0.1543004014814514 0.10380151644723434 0.4518667013014741 4
0.601765089204814 0.19730517262645353 0.1543004014814514 0.10380151644723434 0.4518667013014741 4
0.601765089204814 0.19730517262645353 0.1543004014814514 0.10380151644723434 0.4518667013014741 4
0.6341405189070312 0.16183738398894665 0.003653291529975622 0.3007249503834848 0.1326856447130722 5
0.6341405189070312 0.16183738398894665 0.003653291529975622 0.3007249503834848 0.1326856447130722 5
0.5165836908521053 0.3503500429021027 0.6061307276910151 0.012531443571672574 0.6769974135583193 6
0.5165836908521053 0.3503500429021027 0.6061307276910151 0.012531443571672574 0.6769974135583193 6
0.7811595869382283 0.6269559944550295 0.40520472428162235 0.04322548711510521 0.4972842782966971 1
0.7811595869382283 0.6269559944550295 0.40520472428162235 0.04322548711510521 0.4972842782966971 1
0.5076874081348772 0.822173971045081 0.7790026128239497 0.07547408914207343 0.08254150957284101 7
0.5065942561863133 0.4827452121752225 0.5777503408638078 0.003973085884059868 0.9373271953298703 2
0.03044689138790757 0.028539198330943427 0.10174452138980361 0.9503992658393257 0.6731481965585726 2
0.5577980272966315 0.860302918407774 0.8433919804963074 0.22348168437935068 0.9285444650290444 1
0.33475672831587 0.2023664873572405 0.20447502225897118 0.9372102925488378 0.6665336594086144 8
0.601765089204814 0.19730517262645353 0.1543004014814514 0.10380151644723434 0.4518667013014741 4
0.601765089204814 0.19730517262645353 0.1543004014814514 0.10380151644723434 0.4518667013014741 4
0.601765089204814 0.19730517262645353 0.1543004014814514 0.10380151644723434 0.4518667013014741 4
0.601765089204814 0.19730517262645353 0.1543004014814514 0.10380151644723434 0.4518667013014741 4
0.701682709111963 0.9517194048344371 0.652360439814276 0.8594850860023646 0.6823552845371775 1
0.6341405189070312 0.16183738398894665 0.003653291529975622 0.3007249503834848 0.1326856447130722 5
0.30878295476089257 0.5137140734130652 0.33143731098672613 0.715994312116155 0.026490940405562657 8
0.5165836908521053 0.3503500429021027 0.6061307276910151 0.012531443571672574 0.6769974135583193 6
0.4735813475386792 0.7400331612183 0.6486633803980247 0.34112499670318064 0.3245308559767498 4
0.674862244867563 0.7152888979879274 0.4744028989649205 0.37016747470055056 0.6315420103144018 7
0.5076874081348772 0.822173971045081 0.7790026128239497 0.07547408914207343 0.08254150957284101 7
0.5065942561863133 0.4827452121752225 0.5777503408638078 0.003973085884059868 0.9373271953298703 2
0.5065942561863133 0.4827452121752225 0.5777503408638078 0.003973085884059868 0.9373271953298703 2
0.5065942561863133 0.4827452121752225 0.5777503408638078 0.003973085884059868 0.9373271953298703 2
0.03044689138790757 0.028539198330943427 0.10174452138980361 0.9503992658393257 0.6731481965585726 2
0.5577980272966315 0.860302918407774 0.8433919804963074 0.22348168437935068 0.9285444650290444 1
0.33475672831587 0.2023664873572405 0.20447502225897118 0.9372102925488378 0.6665336594086144 8
0.601765089204814 0.19730517262645353 0.1543004014814514 0.10380151644723434 0.4518667013014741 4
0.601765089204814 0.19730517262645353 0.1543004014814514 0.10380151644723434 0.4518667013014741 4
0.601765089204814 0.19730517262645353 0.1543004014814514 0.10380151644723434 0.4518667013014741 4
0.6341405189070312 0.16183738398894665 0.003653291529975622 0.3007249503834848 0.1326856447130722 5
0.6341405189070312 0.16183738398894665 0.003653291529975622 0.3007249503834848 0.1326856447130722 5
0.5165836908521053 0.3503500429021027 0.6061307276910151 0.012531443571672574 0.6769974135583193 6
0.5165836908521053 0.3503500429021027 0.6061307276910151 0.012531443571672574 0.6769974135583193 6
0.7811595869382283 0.6269559944550295 0.40520472428162235 0.04322548711510521 0.4972842782966971 1
0.7811595869382283 0.6269559944550295 0.40520472428162235 0.04322548711510521 0.4972842782966971 1
0.5076874081348772 0.822173971045081 0.7790026128239497 0.07547408914207343 0.08254150957284101 7
0.5065942561863133 0.4827452121752225 0.5777503408638078 0.003973085884059868 0.9373271953298703 2
0.674862244867563 0.7152888979879274 0.4744028989649205 0.37016747470055056 0.6315420103144018 7
0.6624501446958307 0.8826113686627963 0.2440060449652014 0.11386560207970786 0.772204468129679 2
0.03044689138790757 0.028539198330943427 0.10174452138980361 0.9503992658393257 0.6731481965585726 2
0.33475672831587 0.2023664873572405 0.20447502225897118 0.9372102925488378 0.6665336594086144 8
0.601765089204814 0.19730517262645353 0.1543004014814514 0.10380151644723434 0.4518667013014741 4
0.601765089204814 0.19730517262645353 0.1543004014814514 0.10380151644723434 0.4518667013014741 4
0.601765089204814 0.19730517262645353 0.1543004014814514 0.10380151644723434 0.4518667013014741 4
0.601765089204814 0.19730517262645353 0.1543004014814514 0.10380151644723434 0.4518667013014741 4
0.6341405189070312 0.16183738398894665 0.003653291529975622 0.3007249503834848 0.1326856447130722 5
0.6341405189070312 0.16183738398894665 0.003653291529975622 0.3007249503834848 0.1326856447130722 5
0.5165836908521053 0.3503500429021027 0.6061307276910151 0.012531443571672574 0.6769974135583193 6
0.5165836908521053 0.3503500429021027 0.6061307276910151 0.012531443571672574 0.6769974135583193 6
0.674862244867563 0.7152888979879274 0.4744028989649205 0.37016747470055056 0.6315420103144018 7
0.7811595869382283 0.6269559944550295 0.40520472428162235 0.04322548711510521 0.4972842782966971 1
0.5076874081348772 0.822173971045081 0.7790026128239497 0.07547408914207343 0.08254150957284101 7
0.5065942561863133 0.4827452121752225 0.5777503408638078 0.003973085884059868 0.9373271953298703 2
0.9147300228915735 0.30961543028876826 0.27246784799109924 0.3826635890122918 0.4297371488387116 8
0.4735813475386792 0.7400331612183 0.6486633803980247 0.34112499670318064 0.3245308559767498 4
0.03044689138790757 0.028539198330943427 0.10174452138980361 0.9503992658393257 0.6731481965585726 2
0.03044689138790757 0.028539198330943427 0.10174452138980361 0.9503992658393257 0.6731481965585726 2
0.33475672831587 0.2023664873572405 0.20447502225897118 0.9372102925488378 0.6665336594086144 8
0.601765089204814 0.19730517262645353 0.1543004014814514 0.10380151644723434 0.4518667013014741 4
0.601765089204814 0.19730517262645353 0.1543004014814514 0.10380151644723434 0.4518667013014741 4
0.601765089204814 0.19730517262645353 0.1543004014814514 0.10380151644723434 0.4518667013014741 4
0.701682709111963 0.9517194048344371 0.652360439814276 0.8594850860023646 0.6823552845371775 1
0.6341405189070312 0.16183738398894665 0.003653291529975622 0.3007249503834848 0.1326856447130722 5
0.5165836908521053 0.3503500429021027 0.6061307276910151 0.012531443571672574 0.6769974135583193 6
0.5165836908521053 0.3503500429021027 0.6061307276910151 0.012531443571672574 0.6769974135583193 6
0.4735813475386792 0.7400331612183 0.6486633803980247 0.34112499670318064 0.3245308559767498 4
0.674862244867563 0.7152888979879274 0.4744028989649205 0.37016747470055056 0.6315420103144018 7
0.5076874081348772 0.822173971045081 0.7790026128239497 0.07547408914207343 0.08254150957284101 7
0.5065942561863133 0.4827452121752225 0.5777503408638078 0.003973085884059868 0.9373271953298703 2
0.5065942561863133 0.4827452121752225 0.5777503408638078 0.003973085884059868 0.9373271953298703 2
0.03044689138790757 0.028539198330943427 0.10174452138980361 0.9503992658393257 0.6731481965585726 2
0.5577980272966315 0.860302918407774 0.8433919804963074 0.22348168437935068 0.9285444650290444 1
0.33475672831587 0.2023664873572405 0.20447502225897118 0.9372102925488378 0.6665336594086144 8
0.601765089204814 0.19730517262645353 0.1543004014814514 0.10380151644723434 0.4518667013014741 4
0.601765089204814 0.19730517262645353 0.1543004014814514 0.10380151644723434 0.4518667013014741 4
0.601765089204814 0.19730517262645353 0.1543004014814514 0.10380151644723434 0.4518667013014741 4
0.701682709111963 0.9517194048344371 0.652360439814276 0.8594850860023646 0.6823552845371775 1
0.6341405189070312 0.16183738398894665 0.003653291529975622 0.3007249503834848 0.1326856447130722 5
0.701682709111963 0.9517194048344371 0.652360439814276 0.8594850860023646 0.6823552845371775 1
0.5165836908521053 0.3503500429021027 0.6061307276910151 0.012531443571672574 0.6769974135583193 6
0.4735813475386792 0.7400331612183 0.6486633803980247 0.34112499670318064 0.3245308559767498 4
0.7811595869382283 0.6269559944550295 0.40520472428162235 0.04322548711510521 0.4972842782966971 1
0.5076874081348772 0.822173971045081 0.7790026128239497 0.07547408914207343 0.08254150957284101 7
0.5065942561863133 0.4827452121752225 0.5777503408638078 0.003973085884059868 0.9373271953298703 2
0.6624501446958307 0.8826113686627963 0.2440060449652014 0.11386560207970786 0.772204468129679 2
0.03044689138790757 0.028539198330943427 0.10174452138980361 0.9503992658393257 0.6731481965585726 2
0.03044689138790757 0.028539198330943427 0.10174452138980361 0.9503992658393257 0.6731481965585726 2
0.33475672831587 0.2023664873572405 0.20447502225897118 0.9372102925488378 0.6665336594086144 8
0.601765089204814 0.19730517262645353 0.1543004014814514 0.10380151644723434 0.4518667013014741 4
0.601765089204814 0.19730517262645353 0.1543004014814514 0.10380151644723434 0.4518667013014741 4
0.601765089204814 0.19730517262645353 0.1543004014814514 0.10380151644723434 0.4518667013014741 4
0.6341405189070312 0.16183738398894665 0.003653291529975622 0.3007249503834848 0.1326856447130722 5
0.6341405189070312 0.16183738398894665 0.003653291529975622 0.3007249503834848 0.1326856447130722 5
0.5165836908521053 0.3503500429021027 0.6061307276910151 0.012531443571672574 0.6769974135583193 6
0.5165836908521053 0.3503500429021027 0.6061307276910151 0.012531443571672574 0.6769974135583193 6
0.674862244867563 0.7152888979879274 0.4744028989649205 0.37016747470055056 0.6315420103144018 7
0.7811595869382283 0.6269559944550295 0.40520472428162235 0.04322548711510521 0.4972842782966971 1
0.5076874081348772 0.822173971045081 0.7790026128239497 0.07547408914207343 0.08254150957284101 7
0.5065942561863133 0.4827452121752225 0.5777503408638078 0.003973085884059868 0.9373271953298703 2
0.9147300228915735 0.30961543028876826 0.27246784799109924 0.3826635890122918 0.4297371488387116 8
0.6624501446958307 0.8826113686627963 0.2440060449652014 0.11386560207970786 0.772204468129679 2
0.03044689138790757 0.028539198330943427 0.10174452138980361 0.9503992658393257 0.6731481965585726 2
0.03044689138790757 0.028539198330943427 0.10174452138980361 0.9503992658393257 0.6731481965585726 2
0.33475672831587 0.2023664873572405 0.20447502225897118 0.9372102925488378 0.6665336594086144 8
0.601765089204814 0.19730517262645353 0.1543004014814514 0.10380151644723434 0.4518667013014741 4
0.601765089204814 0.19730517262645353 0.1543004014814514 0.10380151644723434 0.4518667013014741 4
0.601765089204814 0.19730517262645353 0.1543004014814514 0.10380151644723434 0.4518667013014741 4
0.6341405189070312 0.16183738398894665 0.003653291529975622 0.3007249503834848 0.1326856447130722 5
0.6341405189070312 0.16183738398894665 0.003653291529975622 0.3007249503834848 0.1326856447130722 5
0.5165836908521053 0.3503500429021027 0.6061307276910151 0.012531443571672574 0.6769974135583193 6
0.5165836908521053 0.3503500429021027 0.6061307276910151 0.012531443571672574 0.6769974135583193 6
0.674862244867563 0.7152888979879274 0.4744028989649205 0.37016747470055056 0.6315420103144018 7
0.674862244867563 0.7152888979879274 0.4744028989649205 0.37016747470055056 0.6315420103144018 7
0.5076874081348772 0.822173971045081 0.7790026128239497 0.07547408914207343 0.08254150957284101 7
0.5065942561863133 0.4827452121752225 0.5777503408638078 0.003973085884059868 0.9373271953298703 2
0.9147300228915735 0.30961543028876826 0.27246784799109924 0.3826635890122918 0.4297371488387116 8
0.4735813475386792 0.7400331612183 0.6486633803980247 0.34112499670318064 0.3245308559767498 4
0.03044689138790757 0.028539198330943427 0.10174452138980361 0.9503992658393257 0.6731481965585726 2
0.5577980272966315 0.860302918407774 0.8433919804963074 0.22348168437935068 0.9285444650290444 1
0.33475672831587 0.2023664873572405 0.20447502225897118 0.9372102925488378 0.6665336594086144 8
0.33475672831587 0.2023664873572405 0.20447502225897118 0.9372102925488378 0.6665336594086144 8
0.601765089204814 0.19730517262645353 0.1543004014814514 0.10380151644723434 0.4518667013014741 4
0.601765089204814 0.19730517262645353 0.1543004014814514 0.10380151644723434 0.4518667013014741 4
0.6341405189070312 0.16183738398894665 0.003653291529975622 0.3007249503834848 0.1326856447130722 5
0.6341405189070312 0.16183738398894665 0.003653291529975622 0.3007249503834848 0.1326856447130722 5
0.5165836908521053 0.3503500429021027 0.6061307276910151 0.012531443571672574 0.6769974135583193 6
0.5165836908521053 0.3503500429021027 0.6061307276910151 0.012531443571672574 0.6769974135583193 6
0.674862244867563 0.7152888979879274 0.4744028989649205 0.37016747470055056 0.6315420103144018 7
0.7811595869382283 0.6269559944550295 0.40520472428162235 0.04322548711510521 0.4972842782966971 1
0.5076874081348772 0.822173971045081 0.7790026128239497 0.07547408914207343 0.08254150957284101 7
0.5065942561863133 0.4827452121752225 0.5777503408638078 0.003973085884059868 0.9373271953298703 2
0.9147300228915735 0.30961543028876826 0.27246784799109924 0.3826635890122918 0.4297371488387116 8
0.5065942561863133 0.4827452121752225 0.5777503408638078 0.003973085884059868 0.9373271953298703 2
0.03044689138790757 0.028539198330943427 0.10174452138980361 0.9503992658393257 0.6731481965585726 2
0.5577980272966315 0.860302918407774 0.8433919804963074 0.22348168437935068 0.9285444650290444 1
0.33475672831587 0.2023664873572405 0.20447502225897118 0.9372102925488378 0.6665336594086144 8
0.601765089204814 0.19730517262645353 0.1543004014814514 0.10380151644723434 0.4518667013014741 4
0.601765089204814 0.19730517262645353 0.1543004014814514 0.10380151644723434 0.4518667013014741 4
0.601765089204814 0.19730517262645353 0.1543004014814514 0.10380151644723434 0.4518667013014741 4
0.701682709111963 0.9517194048344371 0.652360439814276 0.8594850860023646 0.6823552845371775 1
0.6341405189070312 0.16183738398894665 0.003653291529975622 0.3007249503834848 0.1326856447130722 5
0.701682709111963 0.9517194048344371 0.652360439814276 0.8594850860023646 0.6823552845371775 1
0.5165836908521053 0.3503500429021027 0.6061307276910151 0.012531443571672574 0.6769974135583193 6
0.7811595869382283 0.6269559944550295 0.40520472428162235 0.04322548711510521 0.4972842782966971 1
0.7811595869382283 0.6269559944550295 0.40520472428162235 0.04322548711510521 0.4972842782966971 1
0.5076874081348772 0.822173971045081 0.7790026128239497 0.07547408914207343 0.08254150957284101 7
0.5065942561863133 0.4827452121752225 0.5777503408638078 0.003973085884059868 0.9373271953298703 2
0.6624501446958307 0.8826113686627963 0.2440060449652014 0.11386560207970786 0.772204468129679 2
0.5577980272966315 0.860302918407774 0.8433919804963074 0.22348168437935068 0.9285444650290444 1
0.33475672831587 0.2023664873572405 0.20447502225897118 0.9372102925488378 0.6665336594086144 8
0.601765089204814 0.19730517262645353 0.1543004014814514 0.10380151644723434 0.4518667013014741 4
0.601765089204814 0.19730517262645353 0.1543004014814514 0.10380151644723434 0.4518667013014741 4
0.601765089204814 0.19730517262645353 0.1543004014814514 0.10380151644723434 0.4518667013014741 4
0.601765089204814 0.19730517262645353 0.1543004014814514 0.10380151644723434 0.4518667013014741 4
0.6341405189070312 0.16183738398894665 0.003653291529975622 0.3007249503834848 0.1326856447130722 5
0.6341405189070312 0.16183738398894665 0.003653291529975622 0.3007249503834848 0.1326856447130722 5
0.30878295476089257 0.5137140734130652 0.33143731098672613 0.715994312116155 0.026490940405562657 8
0.5165836908521053 0.3503500429021027 0.6061307276910151 0.012531443571672574 0.6769974135583193 6
0.674862244867563 0.7152888979879274 0.4744028989649205 0.37016747470055056 0.6315420103144018 7
0.7811595869382283 0.6269559944550295 0.40520472428162235 0.04322548711510521 0.4972842782966971 1
0.5076874081348772 0.822173971045081 0.7790026128239497 0.07547408914207343 0.08254150957284101 7
0.5065942561863133 0.4827452121752225 0.5777503408638078 0.003973085884059868 0.9373271953298703 2
0.9147300228915735 0.30961543028876826 0.27246784799109924 0.3826635890122918 0.4297371488387116 8
0.5065942561863133 0.4827452121752225 0.5777503408638078 0.003973085884059868 0.9373271953298703 2
0.03044689138790757 0.028539198330943427 0.10174452138980361 0.9503992658393257 0.6731481965585726 2
0.5577980272966315 0.860302918407774 0.8433919804963074 0.22348168437935068 0.9285444650290444 1
0.33475672831587 0.2023664873572405 0.20447502225897118 0.9372102925488378 0.6665336594086144 8
0.601765089204814 0.19730517262645353 0.1543004014814514 0.10380151644723434 0.4518667013014741 4
0.601765089204814 0.19730517262645353 0.1543004014814514 0.10380151644723434 0.4518667013014741 4
0.601765089204814 0.19730517262645353 0.1543004014814514 0.10380151644723434 0.4518667013014741 4
0.6341405189070312 0.16183738398894665 0.003653291529975622 0.3007249503834848 0.1326856447130722 5
0.6341405189070312 0.16183738398894665 0.003653291529975622 0.3007249503834848 0.1326856447130722 5
0.701682709111963 0.9517194048344371 0.652360439814276 0.8594850860023646 0.6823552845371775 1
0.5165836908521053 0.3503500429021027 0.6061307276910151 0.012531443571672574 0.6769974135583193 6
0.4735813475386792 0.7400331612183 0.6486633803980247 0.34112499670318064 0.3245308559767498 4
0.7811595869382283 0.6269559944550295 0.40520472428162235 0.04322548711510521 0.4972842782966971 1
0.5076874081348772 0.822173971045081 0.7790026128239497 0.07547408914207343 0.08254150957284101 7
0.5065942561863133 0.4827452121752225 0.5777503408638078 0.003973085884059868 0.9373271953298703 2
0.8178459774995674 0.43311860970345073 0.8201320554530033 0.44486249635841657 0.48605731158751186 8
0.674862244867563 0.7152888979879274 0.4744028989649205 0.37016747470055056 0.6315420103144018 7
0.03044689138790757 0.028539198330943427 0.10174452138980361 0.9503992658393257 0.6731481965585726 2
0.03044689138790757 0.028539198330943427 0.10174452138980361 0.9503992658393257 0.6731481965585726 2
0.33475672831587 0.2023664873572405 0.20447502225897118 0.9372102925488378 0.6665336594086144 8
0.601765089204814 0.19730517262645353 0.1543004014814514 0.10380151644723434 0.4518667013014741 4
0.601765089204814 0.19730517262645353 0.1543004014814514 0.10380151644723434 0.4518667013014741 4
0.6341405189070312 0.16183738398894665 0.003653291529975622 0.3007249503834848 0.1326856447130722 5
0.6341405189070312 0.16183738398894665 0.003653291529975622 0.3007249503834848 0.1326856447130722 5
0.5165836908521053 0.3503500429021027 0.6061307276910151 0.012531443571672574 0.6769974135583193 6
0.13584142504537478 0.6321207882521639 0.06553895404317078 0.1347781044747517 0.9569097053527381 2
0.4735813475386792 0.7400331612183 0.6486633803980247 0.34112499670318064 0.3245308559767498 4
0.7811595869382283 0.6269559944550295 0.40520472428162235 0.04322548711510521 0.4972842782966971 1
0.5076874081348772 0.822173971045081 0.7790026128239497 0.07547408914207343 0.08254150957284101 7
0.6624501446958307 0.8826113686627963 0.2440060449652014 0.11386560207970786 0.772204468129679 2
0.5065942561863133 0.4827452121752225 0.5777503408638078 0.003973085884059868 0.9373271953298703 2
0.03044689138790757 0.028539198330943427 0.10174452138980361 0.9503992658393257 0.6731481965585726 2
0.5577980272966315 0.860302918407774 0.8433919804963074 0.22348168437935068 0.9285444650290444 1
0.33475672831587 0.2023664873572405 0.20447502225897118 0.9372102925488378 0.6665336594086144 8
0.601765089204814 0.19730517262645353 0.1543004014814514 0.10380151644723434 0.4518667013014741 4
0.601765089204814 0.19730517262645353 0.1543004014814514 0.10380151644723434 0.4518667013014741 4
0.601765089204814 0.19730517262645353 0.1543004014814514 0.10380151644723434 0.4518667013014741 4
0.6341405189070312 0.16183738398894665 0.003653291529975622 0.3007249503834848 0.1326856447130722 5
0.6341405189070312 0.16183738398894665 0.003653291529975622 0.3007249503834848 0.1326856447130722 5
0.5165836908521053 0.3503500429021027 0.6061307276910151 0.012531443571672574 0.6769974135583193 6
0.5165836908521053 0.3503500429021027 0.6061307276910151 0.012531443571672574 0.6769974135583193 6
0.7811595869382283 0.6269559944550295 0.40520472428162235 0.04322548711510521 0.4972842782966971 1
0.7811595869382283 0.6269559944550295 0.40520472428162235 0.04322548711510521 0.4972842782966971 1
0.5076874081348772 0.822173971045081 0.7790026128239497 0.07547408914207343 0.08254150957284101 7
0.5065942561863133 0.4827452121752225 0.5777503408638078 0.003973085884059868 0.9373271953298703 2
0.4735813475386792 0.7400331612183 0.6486633803980247 0.34112499670318064 0.3245308559767498 4
0.03044689138790757 0.028539198330943427 0.10174452138980361 0.9503992658393257 0.6731481965585726 2
0.03044689138790757 0.028539198330943427 0.10174452138980361 0.9503992658393257 0.6731481965585726 2
0.5577980272966315 0.860302918407774 0.8433919804963074 0.22348168437935068 0.9285444650290444 1
0.601765089204814 0.19730517262645353 0.1543004014814514 0.10380151644723434 0.4518667013014741 4
0.601765089204814 0.19730517262645353 0.1543004014814514 0.10380151644723434 0.4518667013014741 4
0.601765089204814 0.19730517262645353 0.1543004014814514 0.10380151644723434 0.4518667013014741 4
0.6341405189070312 0.16183738398894665 0.003653291529975622 0.3007249503834848 0.1326856447130722 5
0.6341405189070312 0.16183738398894665 0.003653291529975622 0.3007249503834848 0.1326856447130722 5
0.5165836908521053 0.3503500429021027 0.6061307276910151 0.012531443571672574 0.6769974135583193 6
0.4735813475386792 0.7400331612183 0.6486633803980247 0.34112499670318064 0.3245308559767498 4
0.674862244867563 0.7152888979879274 0.4744028989649205 0.37016747470055056 0.6315420103144018 7
0.7811595869382283 0.6269559944550295 0.40520472428162235 0.04322548711510521 0.4972842782966971 1
0.5076874081348772 0.822173971045081 0.7790026128239497 0.07547408914207343 0.08254150957284101 7
0.6624501446958307 0.8826113686627963 0.2440060449652014 0.11386560207970786 0.772204468129679 2
0.6624501446958307 0.8826113686627963 0.2440060449652014 0.11386560207970786 0.772204468129679 2
0.03044689138790757 0.028539198330943427 0.10174452138980361 0.9503992658393257 0.6731481965585726 2
0.03044689138790757 0.028539198330943427 0.10174452138980361 0.9503992658393257 0.6731481965585726 2
0.33475672831587 0.2023664873572405 0.20447502225897118 0.9372102925488378 0.6665336594086144 8
0.601765089204814 0.19730517262645353 0.1543004014814514 0.10380151644723434 0.4518667013014741 4
0.601765089204814 0.19730517262645353 0.1543004014814514 0.10380151644723434 0.4518667013014741 4
0.601765089204814 0.19730517262645353 0.1543004014814514 0.10380151644723434 0.4518667013014741 4
0.6341405189070312 0.16183738398894665 0.003653291529975622 0.3007249503834848 0.1326856447130722 5
0.5165836908521053 0.3503500429021027 0.6061307276910151 0.012531443571672574 0.6769974135583193 6
0.5165836908521053 0.3503500429021027 0.6061307276910151 0.012531443571672574 0.6769974135583193 6
0.5165836908521053 0.3503500429021027 0.6061307276910151 0.012531443571672574 0.6769974135583193 6
0.4735813475386792 0.7400331612183 0.6486633803980247 0.34112499670318064 0.3245308559767498 4
0.7811595869382283 0.6269559944550295 0.40520472428162235 0.04322548711510521 0.4972842782966971 1
0.5076874081348772 0.822173971045081 0.7790026128239497 0.07547408914207343 0.08254150957284101 7
0.5065942561863133 0.4827452121752225 0.5777503408638078 0.003973085884059868 0.9373271953298703 2
0.9147300228915735 0.30961543028876826 0.27246784799109924 0.3826635890122918 0.4297371488387116 8
0.5065942561863133 0.4827452121752225 0.5777503408638078 0.003973085884059868 0.9373271953298703 2
0.03044689138790757 0.028539198330943427 0.10174452138980361 0.9503992658393257 0.6731481965585726 2
0.33475672831587 0.2023664873572405 0.20447502225897118 0.9372102925488378 0.6665336594086144 8
0.33475672831587 0.2023664873572405 0.20447502225897118 0.9372102925488378 0.6665336594086144 8
0.601765089204814 0.19730517262645353 0.1543004014814514 0.10380151644723434 0.4518667013014741 4
0.601765089204814 0.19730517262645353 0.1543004014814514 0.10380151644723434 0.4518667013014741 4
0.601765089204814 0.19730517262645353 0.1543004014814514 0.10380151644723434 0.4518667013014741 4
0.6341405189070312 0.16183738398894665 0.003653291529975622 0.3007249503834848 0.1326856447130722 5
0.6341405189070312 0.16183738398894665 0.003653291529975622 0.3007249503834848 0.1326856447130722 5
0.5165836908521053 0.3503500429021027 0.6061307276910151 0.012531443571672574 0.6769974135583193 6
0.5165836908521053 0.3503500429021027 0.6061307276910151 0.012531443571672574 0.6769974135583193 6
0.7811595869382283 0.6269559944550295 0.40520472428162235 0.04322548711510521 0.4972842782966971 1
0.7811595869382283 0.6269559944550295 0.40520472428162235 0.04322548711510521 0.4972842782966971 1
0.5076874081348772 0.822173971045081 0.7790026128239497 0.07547408914207343 0.08254150957284101 7
0.5065942561863133 0.4827452121752225 0.5777503408638078 0.003973085884059868 0.9373271953298703 2
0.6624501446958307 0.8826113686627963 0.2440060449652014 0.11386560207970786 0.772204468129679 2
0.03044689138790757 0.028539198330943427 0.10174452138980361 0.9503992658393257 0.6731481965585726 2
0.03044689138790757 0.028539198330943427 0.10174452138980361 0.9503992658393257 0.6731481965585726 2
0.5577980272966315 0.860302918407774 0.8433919804963074 0.22348168437935068 0.9285444650290444 1
0.601765089204814 0.19730517262645353 0.1543004014814514 0.10380151644723434 0.4518667013014741 4
0.601765089204814 0.19730517262645353 0.1543004014814514 0.10380151644723434 0.4518667013014741 4
0.601765089204814 0.19730517262645353 0.1543004014814514 0.10380151644723434 0.4518667013014741 4
0.6341405189070312 0.16183738398894665 0.003653291529975622 0.3007249503834848 0.1326856447130722 5
0.6341405189070312 0.16183738398894665 0.003653291529975622 0.3007249503834848 0.1326856447130722 5
0.5165836908521053 0.3503500429021027 0.6061307276910151 0.012531443571672574 0.6769974135583193 6
0.5165836908521053 0.3503500429021027 0.6061307276910151 0.012531443571672574 0.6769974135583193 6
0.674862244867563 0.7152888979879274 0.4744028989649205 0.37016747470055056 0.6315420103144018 7
0.7811595869382283 0.6269559944550295 0.40520472428162235 0.04322548711510521 0.4972842782966971 1
0.5076874081348772 0.822173971045081 0.7790026128239497 0.07547408914207343 0.08254150957284101 7
0.5065942561863133 0.4827452121752225 0.5777503408638078 0.003973085884059868 0.9373271953298703 2
0.9147300228915735 0.30961543028876826 0.27246784799109924 0.3826635890122918 0.4297371488387116 8
0.6624501446958307 0.8826113686627963 0.2440060449652014 0.11386560207970786 0.772204468129679 2
0.03044689138790757 0.028539198330943427 0.10174452138980361 0.9503992658393257 0.6731481965585726 2
0.03044689138790757 0.028539198330943427 0.10174452138980361 0.9503992658393257 0.6731481965585726 2
0.33475672831587 0.2023664873572405 0.20447502225897118 0.9372102925488378 0.6665336594086144 8
0.601765089204814 0.19730517262645353 0.1543004014814514 0.10380151644723434 0.4518667013014741 4
0.601765089204814 0.19730517262645353 0.1543004014814514 0.10380151644723434 0.4518667013014741 4
0.6341405189070312 0.16183738398894665 0.003653291529975622 0.3007249503834848 0.1326856447130722 5
0.6341405189070312 0.16183738398894665 0.003653291529975622 0.3007249503834848 0.1326856447130722 5
0.5165836908521053 0.3503500429021027 0.6061307276910151 0.012531443571672574 0.6769974135583193 6
0.13584142504537478 0.6321207882521639 0.06553895404317078 0.1347781044747517 0.9569097053527381 2
0.4735813475386792 0.7400331612183 0.6486633803980247 0.34112499670318064 0.3245308559767498 4
0.7811595869382283 0.6269559944550295 0.40520472428162235 0.04322548711510521 0.4972842782966971 1
0.5076874081348772 0.822173971045081 0.7790026128239497 0.07547408914207343 0.08254150957284101 7
0.6624501446958307 0.8826113686627963 0.2440060449652014 0.11386560207970786 0.772204468129679 2
0.5542187118866734 0.9838737147392909 0.9951687743782835 0.4618105997015044 0.7193614286020358 4
0.5065942561863133 0.4827452121752225 0.5777503408638078 0.003973085884059868 0.9373271953298703 2
0.03044689138790757 0.028539198330943427 0.10174452138980361 0.9503992658393257 0.6731481965585726 2
0.5577980272966315 0.860302918407774 0.8433919804963074 0.22348168437935068 0.9285444650290444 1
0.33475672831587 0.2023664873572405 0.20447502225897118 0.9372102925488378 0.6665336594086144 8
0.601765089204814 0.19730517262645353 0.1543004014814514 0.10380151644723434 0.4518667013014741 4
0.601765089204814 0.19730517262645353 0.1543004014814514 0.10380151644723434 0.4518667013014741 4
0.601765089204814 0.19730517262645353 0.1543004014814514 0.10380151644723434 0.4518667013014741 4
0.701682709111963 0.9517194048344371 0.652360439814276 0.8594850860023646 0.6823552845371775 1
0.6341405189070312 0.16183738398894665 0.003653291529975622 0.3007249503834848 0.1326856447130722 5
0.701682709111963 0.9517194048344371 0.652360439814276 0.8594850860023646 0.6823552845371775 1
0.5165836908521053 0.3503500429021027 0.6061307276910151 0.012531443571672574 0.6769974135583193 6
0.7811595869382283 0.6269559944550295 0.40520472428162235 0.04322548711510521 0.4972842782966971 1
0.7811595869382283 0.6269559944550295 0.40520472428162235 0.04322548711510521 0.4972842782966971 1
0.5076874081348772 0.822173971045081 0.7790026128239497 0.07547408914207343 0.08254150957284101 7
0.5065942561863133 0.4827452121752225 0.5777503408638078 0.003973085884059868 0.9373271953298703 2
0.6624501446958307 0.8826113686627963 0.2440060449652014 0.11386560207970786 0.772204468129679 2
0.03044689138790757 0.028539198330943427 0.10174452138980361 0.9503992658393257 0.6731481965585726 2
0.03044689138790757 0.028539198330943427 0.10174452138980361 0.9503992658393257 0.6731481965585726 2
0.33475672831587 0.2023664873572405 0.20447502225897118 0.9372102925488378 0.6665336594086144 8
0.601765089204814 0.19730517262645353 0.1543004014814514 0.10380151644723434 0.4518667013014741 4
0.601765089204814 0.19730517262645353 0.1543004014814514 0.10380151644723434 0.4518667013014741 4
0.601765089204814 0.19730517262645353 0.1543004014814514 0.10380151644723434 0.4518667013014741 4
0.6341405189070312 0.16183738398894665 0.003653291529975622 0.3007249503834848 0.1326856447130722 5
0.6341405189070312 0.16183738398894665 0.003653291529975622 0.3007249503834848 0.1326856447130722 5
0.5165836908521053 0.3503500429021027 0.6061307276910151 0.012531443571672574 0.6769974135583193 6
0.5165836908521053 0.3503500429021027 0.6061307276910151 0.012531443571672574 0.6769974135583193 6
0.4735813475386792 0.7400331612183 0.6486633803980247 0.34112499670318064 0.3245308559767498 4
0.7811595869382283 0.6269559944550295 0.40520472428162235 0.04322548711510521 0.4972842782966971 1
0.5076874081348772 0.822173971045081 0.7790026128239497 0.07547408914207343 0.08254150957284101 7
0.5065942561863133 0.4827452121752225 0.5777503408638078 0.003973085884059868 0.9373271953298703 2
0.9147300228915735 0.30961543028876826 0.27246784799109924 0.3826635890122918 0.4297371488387116 8
0.6624501446958307 0.8826113686627963 0.2440060449652014 0.11386560207970786 0.772204468129679 2
0.03044689138790757 0.028539198330943427 0.10174452138980361 0.9503992658393257 0.6731481965585726 2
0.5577980272966315 0.860302918407774 0.8433919804963074 0.22348168437935068 0.9285444650290444 1
0.33475672831587 0.2023664873572405 0.20447502225897118 0.9372102925488378 0.6665336594086144 8
0.601765089204814 0.19730517262645353 0.1543004014814514 0.10380151644723434 0.4518667013014741 4
0.601765089204814 0.19730517262645353 0.1543004014814514 0.10380151644723434 0.4518667013014741 4
0.601765089204814 0.19730517262645353 0.1543004014814514 0.10380151644723434 0.4518667013014741 4
0.6341405189070312 0.16183738398894665 0.003653291529975622 0.3007249503834848 0.1326856447130722 5
0.6341405189070312 0.16183738398894665 0.003653291529975622 0.3007249503834848 0.1326856447130722 5
0.5165836908521053 0.3503500429021027 0.6061307276910151 0.012531443571672574 0.6769974135583193 6
0.5165836908521053 0.3503500429021027 0.6061307276910151 0.012531443571672574 0.6769974135583193 6
0.4735813475386792 0.7400331612183 0.6486633803980247 0.34112499670318064 0.3245308559767498 4
0.7811595869382283 0.6269559944550295 0.40520472428162235 0.04322548711510521 0.4972842782966971 1
0.5076874081348772 0.822173971045081 0.7790026128239497 0.07547408914207343 0.08254150957284101 7
0.5065942561863133 0.4827452121752225 0.5777503408638078 0.003973085884059868 0.9373271953298703 2
0.9147300228915735 0.30961543028876826 0.27246784799109924 0.3826635890122918 0.4297371488387116 8
0.674862244867563 0.7152888979879274 0.4744028989649205 0.37016747470055056 0.6315420103144018 7
0.03044689138790757 0.028539198330943427 0.10174452138980361 0.9503992658393257 0.6731481965585726 2
0.03044689138790757 0.028539198330943427 0.10174452138980361 0.9503992658393257 0.6731481965585726 2
0.33475672831587 0.2023664873572405 0.20447502225897118 0.9372102925488378 0.6665336594086144 8
0.601765089204814 0.19730517262645353 0.1543004014814514 0.10380151644723434 0.4518667013014741 4
0.601765089204814 0.19730517262645353 0.1543004014814514 0.10380151644723434 0.4518667013014741 4
0.601765089204814 0.19730517262645353 0.1543004014814514 0.10380151644723434 0.4518667013014741 4
0.701682709111963 0.9517194048344371 0.652360439814276 0.8594850860023646 0.6823552845371775 1
0.6341405189070312 0.16183738398894665 0.003653291529975622 0.3007249503834848 0.1326856447130722 5
0.5165836908521053 0.3503500429021027 0.6061307276910151 0.012531443571672574 0.6769974135583193 6
0.13584142504537478 0.6321207882521639 0.06553895404317078 0.1347781044747517 0.9569097053527381 2
0.4735813475386792 0.7400331612183 0.6486633803980247 0.34112499670318064 0.3245308559767498 4
0.7811595869382283 0.6269559944550295 0.40520472428162235 0.04322548711510521 0.4972842782966971 1
0.674862244867563 0.7152888979879274 0.4744028989649205 0.37016747470055056 0.6315420103144018 7
0.5065942561863133 0.4827452121752225 0.5777503408638078 0.003973085884059868 0.9373271953298703 2
0.8178459774995674 0.43311860970345073 0.8201320554530033 0.44486249635841657 0.48605731158751186 8
0.6624501446958307 0.8826113686627963 0.2440060449652014 0.11386560207970786 0.772204468129679 2
0.03044689138790757 0.028539198330943427 0.10174452138980361 0.9503992658393257 0.6731481965585726 2
0.03044689138790757 0.028539198330943427 0.10174452138980361 0.9503992658393257 0.6731481965585726 2
0.33475672831587 0.2023664873572405 0.20447502225897118 0.9372102925488378 0.6665336594086144 8
0.601765089204814 0.19730517262645353 0.1543004014814514 0.10380151644723434 0.4518667013014741 4
0.601765089204814 0.19730517262645353 0.1543004014814514 0.10380151644723434 0.4518667013014741 4
0.6341405189070312 0.16183738398894665 0.003653291529975622 0.3007249503834848 0.1326856447130722 5
0.6341405189070312 0.16183738398894665 0.003653291529975622 0.3007249503834848 0.1326856447130722 5
0.5165836908521053 0.3503500429021027 0.6061307276910151 0.012531443571672574 0.6769974135583193 6
0.13584142504537478 0.6321207882521639 0.06553895404317078 0.1347781044747517 0.9569097053527381 2
0.4735813475386792 0.7400331612183 0.6486633803980247 0.34112499670318064 0.3245308559767498 4
0.7811595869382283 0.6269559944550295 0.40520472428162235 0.04322548711510521 0.4972842782966971 1
0.674862244867563 0.7152888979879274 0.4744028989649205 0.37016747470055056 0.6315420103144018 7
0.674862244867563 0.7152888979879274 0.4744028989649205 0.37016747470055056 0.6315420103144018 7
0.5065942561863133 0.4827452121752225 0.5777503408638078 0.003973085884059868 0.9373271953298703 2
