0.8582275118612351 0.6345777523967414 0.8270499547631377 0.02677758927749896 0.3831974689151758 2 3
0.8586782984552788 0.11416507188021952 0.20533231977988065 0.5632969801934433 0.3590976906743544 2 7
0.28778299909493166 0.9632366222378084 0.8189775155207184 0.8295720169389369 0.5280547868687102 7 7
0.8586782984552788 0.11416507188021952 0.20533231977988065 0.5632969801934433 0.3590976906743544 2 7
0.8586782984552788 0.11416507188021952 0.20533231977988065 0.5632969801934433 0.3590976906743544 2 7
0.5895457780669894 0.9623456133407179 0.035903668140430556 0.02212245688543457 0.04591596796941455 2 8
0.3677599086203066 0.35165736423238003 0.24959535461962712 0.7223557470859341 0.8984395268078637 8 8
0.5895457780669894 0.9623456133407179 0.035903668140430556 0.02212245688543457 0.04591596796941455 2 8
0.5895457780669894 0.9623456133407179 0.035903668140430556 0.02212245688543457 0.04591596796941455 2 8
0.3661666555094826 0.577277679526 0.08734624054220785 0.649697729730262 0.4464003050201165 1 4
0.9246434226355065 0.7746640019226423 0.7449980342311957 0.33672475915022637 0.10733780772708101 8 6
0.5895457780669894 0.9623456133407179 0.035903668140430556 0.02212245688543457 0.04591596796941455 2 8
0.9246434226355065 0.7746640019226423 0.7449980342311957 0.33672475915022637 0.10733780772708101 8 6
0.9246434226355065 0.7746640019226423 0.7449980342311957 0.33672475915022637 0.10733780772708101 8 6
0.887690305627765 0.8586357566161017 0.4155889831294488 0.2545230252666071 0.30865234272494424 8 3
0.27274447735201934 0.04174467453952602 0.49167165688046144 0.9140119331536278 0.20262272718212493 1 1
0.20993247223414668 0.30916177436900305 0.8487073185884465 0.9493438695940749 0.90453387574148 1 3
0.06728306407571227 0.12471067214767106 0.6458508748873607 0.1673636461263549 0.787757571637982 3 5
0.06728306407571227 0.12471067214767106 0.6458508748873607 0.1673636461263549 0.787757571637982 3 5
0.3214897250305502 0.8434276834148249 0.27030985460559165 0.9424945167345078 0.7612326498207673 7 6
0.9542013484587213 0.7336845576118896 0.3022460023309007 0.6881836055612249 0.9623873976394611 3 4
