0.17951867845785308 0.08571678891333545 0.5016730571248487 0.8529213127320641 0.43301012257775406 4 7
0.22524657985109742 0.9317021243510616 0.46389997179292286 0.958950928363915 0.1773925279313021 5 7
0.4803689727869347 0.46103102248350347 0.8625357406718678 0.03135774091455368 0.8916887524911981 1 7
0.17951867845785308 0.08571678891333545 0.5016730571248487 0.8529213127320641 0.43301012257775406 4 7
0.44626800139388645 0.6459298205771163 0.5076743873815858 0.8410251178467503 0.46450140912494586 3 5
0.16545029844762726 0.11378641102135456 0.3107050696737036 0.1504992567118265 0.49255468781821254 8 5
0.947783862275398 0.594459656207697 0.15296348160322282 0.11034916607069156 0.6128041412177482 1 7
0.947783862275398 0.594459656207697 0.15296348160322282 0.11034916607069156 0.6128041412177482 1 7
0.09362482786209736 0.0539532503072464 0.018251941502615776 0.3260508385287748 0.050906885374958466 1 2
0.09362482786209736 0.0539532503072464 0.018251941502615776 0.3260508385287748 0.050906885374958466 1 2
0.7658011678406025 0.20638462728140639 0.6258208344823727 0.28086608191085694 0.4818681334810827 8 5
0.7658011678406025 0.20638462728140639 0.6258208344823727 0.28086608191085694 0.4818681334810827 8 5
0.7658011678406025 0.20638462728140639 0.6258208344823727 0.28086608191085694 0.4818681334810827 8 5
0.7658011678406025 0.20638462728140639 0.6258208344823727 0.28086608191085694 0.4818681334810827 8 5
0.7249432793516236 0.27416925288313376 0.943398511256435 0.07345513898810618 0.43281976596910055 1 5
0.19145968251582712 0.11623874026126568 0.6163831193820274 0.6617365877909855 0.8766385391999781 1 3
0.19145968251582712 0.11623874026126568 0.6163831193820274 0.6617365877909855 0.8766385391999781 1 3
