0.784380831646145 0.1617848962108147 0.16781217358661082 0.34383328711733563 0.39336090503375676 8 8
0.40189448979327125 0.9121894916889686 0.5134853916590811 0.41587662608482223 0.5004201888732605 6 1
0.40189448979327125 0.9121894916889686 0.5134853916590811 0.41587662608482223 0.5004201888732605 6 1
0.875105545904411 0.18166025153993692 0.7661764986071592 0.17702626338864824 0.82066331236585 7 7
0.7168415006414909 0.37783482072971764 0.5174953743127655 0.1943574181706107 0.17012091245703875 4 5
0.9909722523124855 0.04387105834701577 0.033939035832205144 0.8194743500617878 0.3083375738279439 4 7
0.7415154462118722 0.20007978785557756 0.9181708089336662 0.6306419186503014 0.8358911549830688 3 5
0.7415154462118722 0.20007978785557756 0.9181708089336662 0.6306419186503014 0.8358911549830688 3 5
0.22642834740503237 0.23383622004319837 0.9378045324252188 0.7871071527128322 0.7087801135746972 6 5
0.22642834740503237 0.23383622004319837 0.9378045324252188 0.7871071527128322 0.7087801135746972 6 5
0.9715725387777041 0.9459355013788414 0.10112253842303787 0.2047130892997875 0.19386654214489396 1 4
0.7812038669885019 0.36763254831193914 0.6206668371882614 0.3847533624386317 0.08007360628108551 6 5
0.536708830393351 0.9644702521448177 0.8176298755665975 0.8769649076301134 0.3925309477363289 8 7
0.8652397026352581 0.5353229055034711 0.33565739757199176 0.32359290558799647 0.6549814363491699 1 8
0.8146339803767632 0.09632214300774344 0.20341776959365887 0.9633927512415404 0.25767622673333945 1 5
0.9191042615857107 0.6877379978047752 0.5593128602412181 0.22134525130943117 0.18244890923279522 5 2
0.574016672842188 0.6663970724940507 0.14338342040753627 0.6578285265945227 0.2174335828204681 4 2
0.2747634152977111 0.022736225483494188 0.7909214905449131 0.41831242258131396 0.567232840371943 5 5
0.2747634152977111 0.022736225483494188 0.7909214905449131 0.41831242258131396 0.567232840371943 5 5
0.07634526353470017 0.6641863097777037 0.8589696118299848 0.7495402333764677 0.08869782466072851 2 5
0.07634526353470017 0.6641863097777037 0.8589696118299848 0.7495402333764677 0.08869782466072851 2 5
