0.13815719797564097 0.16316894912886026 0.3476808588378826 0.651870326839629 0.016207745873445423 7 2
0.6583593287677575 0.4579827555409164 0.6453622410325175 0.9791758446243213 0.4623429070101872 2 8
0.5752084427394727 0.1746841968317253 0.011060123946672329 0.3634322133722274 0.9007258710125317 4 5
0.6583593287677575 0.4579827555409164 0.6453622410325175 0.9791758446243213 0.4623429070101872 2 8
0.5752084427394727 0.1746841968317253 0.011060123946672329 0.3634322133722274 0.9007258710125317 4 5
0.01370091375024618 0.7376150283872319 0.5846161550129413 0.022048997213962473 0.10473149215114108 5 6
0.01370091375024618 0.7376150283872319 0.5846161550129413 0.022048997213962473 0.10473149215114108 5 6
0.9549183271357835 0.3512884794891312 0.4243099163270667 0.16211494825688288 0.5551333816802483 7 7
0.8749313743984964 0.944957568328128 0.5654457354805977 0.6706455869545861 0.7049702020226197 3 6
0.4333662024696302 0.9793309830900028 0.6610327561238589 0.40183296385634026 0.5629781591836663 8 2
0.4333662024696302 0.9793309830900028 0.6610327561238589 0.40183296385634026 0.5629781591836663 8 2
0.4944081139111889 0.22750086905853972 0.5448352883298587 0.37398227075661383 0.6252303801507968 2 1
0.429092041502002 0.19612055980877063 0.09337224411706657 0.3310719020416578 0.017016879506314697 8 1
0.6630249571707276 0.891667323727553 0.6932432149877108 0.7443526917525184 0.2726308156495334 3 5
0.32866811038019117 0.6874186964687564 0.7426240378991851 0.4723831999644612 0.4762092881381398 2 5
0.11425551785822796 0.8736388333478752 0.2869839598324214 0.2539423664707038 0.2035968880214143 7 1
0.32866811038019117 0.6874186964687564 0.7426240378991851 0.4723831999644612 0.4762092881381398 2 5
0.32866811038019117 0.6874186964687564 0.7426240378991851 0.4723831999644612 0.4762092881381398 2 5
0.11425551785822796 0.8736388333478752 0.2869839598324214 0.2539423664707038 0.2035968880214143 7 1
0.11425551785822796 0.8736388333478752 0.2869839598324214 0.2539423664707038 0.2035968880214143 7 1
