0.7583805489286337 0.21738705487110377 0.13487048295552084 0.33773105798900027 0.5786544517634425 2 1
0.8463823961585252 0.52735011182589 0.20125242814614097 0.38644936251350626 0.04047996451724578 7 3
0.8463823961585252 0.52735011182589 0.20125242814614097 0.38644936251350626 0.04047996451724578 7 3
0.8463823961585252 0.52735011182589 0.20125242814614097 0.38644936251350626 0.04047996451724578 7 3
0.8463823961585252 0.52735011182589 0.20125242814614097 0.38644936251350626 0.04047996451724578 7 3
0.9314778605880537 0.02413318630854444 0.1461114958002181 0.5148644565109831 0.9509917190358319 4 6
0.9314778605880537 0.02413318630854444 0.1461114958002181 0.5148644565109831 0.9509917190358319 4 6
0.9314778605880537 0.02413318630854444 0.1461114958002181 0.5148644565109831 0.9509917190358319 4 6
0.2930315161878617 0.8683148867599784 0.7360675403666803 0.38447073281968547 0.4126082352172631 4 8
0.9314778605880537 0.02413318630854444 0.1461114958002181 0.5148644565109831 0.9509917190358319 4 6
0.34167688897387116 0.8991644122026687 0.6184191552129759 0.20510305938994555 0.48974803317951554 8 8
0.34167688897387116 0.8991644122026687 0.6184191552129759 0.20510305938994555 0.48974803317951554 8 8
0.8366246201455838 0.7913077036201085 0.010096379083406548 0.0746489744453469 0.25817857215053874 3 1
0.8366246201455838 0.7913077036201085 0.010096379083406548 0.0746489744453469 0.25817857215053874 3 1
0.8366246201455838 0.7913077036201085 0.010096379083406548 0.0746489744453469 0.25817857215053874 3 1
0.5032666713320504 0.6080461139222513 0.8386369704008855 0.15723318426147082 0.7737940805228162 8 8
0.3732795016046866 0.9221808485360801 0.10128448082112684 0.43170382094337356 0.225549163605264 8 1
0.022641901391284525 0.22154042146946618 0.18817799304845506 0.43585131478816663 0.5213294934935653 3 1
0.2631342819498018 0.34022850255440895 0.8589124265326501 0.37764291772289993 0.8510069066133665 3 2
0.022641901391284525 0.22154042146946618 0.18817799304845506 0.43585131478816663 0.5213294934935653 3 1
0.35835941622907796 0.8012470102713133 0.623914872890186 0.245623666755439 0.0464305298271237 3 3
0.35835941622907796 0.8012470102713133 0.623914872890186 0.245623666755439 0.0464305298271237 3 3
