0.8754896030096603 0.8883407873690711 0.6693953871447921 0.3092339260307506 0.1504459525940085 8 5
0.84224202550188 0.549775286240949 0.5343587089008555 0.6329218315903342 0.8773625894506514 2 3
0.984926748261673 0.5772889038689925 0.5938564636953801 0.7426783443727563 0.8923448064125976 1 6
0.9757797524078949 0.8566859495352662 0.21429405826834613 0.15596536905348768 0.14794374083924378 3 2
0.16424164219678872 0.6471674876688177 0.2876627321405464 0.8202984679557502 0.2126692481278034 1 8
0.8516395530918184 0.9701832260496456 0.23396620552771674 0.7228589740253756 0.07273182015450075 3 3
0.13328630645763717 0.8778112811224129 0.5102536440491167 0.19633698062899185 0.9289988112294782 7 8
0.1687862547945712 0.5135716203115116 0.18834860988841673 0.04398629910817553 0.5127033296931021 8 5
0.8818646621891821 0.9562713367019275 0.31123263212210517 0.9490242169466956 0.33246037856508004 1 7
0.017679775951550902 0.012989976004684656 0.9638846340343872 0.6844173823815627 0.9203434285667118 5 5
0.8478382777348648 0.8034783877285876 0.9060948768268798 0.9050726687166566 0.49089515053909805 8 5
0.8317703854385394 0.5853632555398077 0.4776651876660941 0.19718605160031955 0.32111781782798776 2 3
0.9342762918673504 0.9318071255787469 0.793309442968921 0.07932848251725455 0.3356834967430977 4 5
0.9342762918673504 0.9318071255787469 0.793309442968921 0.07932848251725455 0.3356834967430977 4 5
0.13987234084799416 0.5690917269955219 0.7371610478102699 0.464329770336415 0.06802492494250711 3 1
0.08978772206770969 0.3092187292269012 0.37955563424385075 0.6265332644013653 0.33830103615007756 4 5
0.5262918634081591 0.5699892536547397 0.5244957317458642 0.7720229791880429 0.0264816044116144 2 7
0.24374574971132534 0.886034849153903 0.3701531102327823 0.3435808342253841 0.6666696095018048 5 7
0.7865410214000926 0.6701542137206102 0.6256481340318361 0.999646745245223 0.8706985082035024 2 8
0.7633428391108777 0.1838612317570122 0.3696495671524731 0.019144370757282925 0.15591153734948582 7 1
