0.8467097987668821 0.6826786458138681 0.7815511193023803 0.27956781729148183 0.8985162817622544 2 1
0.8467097987668821 0.6826786458138681 0.7815511193023803 0.27956781729148183 0.8985162817622544 2 1
0.8458296830627579 0.20535931518586248 0.9088760455669872 0.4731662237004518 0.44968834283242387 7 2
0.8458296830627579 0.20535931518586248 0.9088760455669872 0.4731662237004518 0.44968834283242387 7 2
0.6959870712016506 0.9627739579956998 0.9396131896621044 0.36240997318065715 0.569964659661359 1 7
0.7120320145320937 0.14032883197465051 0.8997903882746134 0.8304126984477305 0.8889582144867221 6 6
0.7120320145320937 0.14032883197465051 0.8997903882746134 0.8304126984477305 0.8889582144867221 6 6
0.35481204294853574 0.330695367264508 0.0967393794172915 0.8787245231826049 0.8868863294187871 2 1
0.7707501955762974 0.09823946361958946 0.2995348124741988 0.2764038451430346 0.8347504980231178 8 8
0.35481204294853574 0.330695367264508 0.0967393794172915 0.8787245231826049 0.8868863294187871 2 1
0.7707501955762974 0.09823946361958946 0.2995348124741988 0.2764038451430346 0.8347504980231178 8 8
0.5830432106873594 0.5575069787669025 0.48357257409071586 0.8234027621271343 0.5798703904115236 4 1
0.14519604308777856 0.9446920172449383 0.4201332260690258 0.03176719093408287 0.7930075558994867 5 5
0.3608352038158862 0.23230759476617213 0.6292433970132201 0.38443430491139385 0.6088827489173453 6 7
0.4398484743879678 0.9151095181236519 0.49777218314895033 0.6604879873156833 0.30846514468404873 1 5
0.8545532504243839 0.9118620354686008 0.49181959147008447 0.9143967585881625 0.47746634859377135 3 2
0.6286811758938928 0.08691820650313331 0.3812128920654836 0.3804956581089589 0.5778010797944094 8 5
0.3349979612929176 0.2960536905362481 0.4558053935113249 0.8310480505749772 0.4626032157407177 2 3
0.4620299215892807 0.02658806235949751 0.7472557497682145 0.6352481059128653 0.40782749581051325 3 8
0.19799362920268937 0.5991962369218687 0.6945068527625858 0.9614741806512905 0.2087822101015666 4 1
0.19799362920268937 0.5991962369218687 0.6945068527625858 0.9614741806512905 0.2087822101015666 4 1
0.8467097987668821 0.6826786458138681 0.7815511193023803 0.27956781729148183 0.8985162817622544 2 1
