0.4162818872351357 0.23996117827556895 0.11887370493714067 0.6681722855387475 0.8454745004241371 8 8
0.4162818872351357 0.23996117827556895 0.11887370493714067 0.6681722855387475 0.8454745004241371 8 8
0.4162818872351357 0.23996117827556895 0.11887370493714067 0.6681722855387475 0.8454745004241371 8 8
0.5839337466377321 0.21649051978381373 0.847001792927308 0.8280773968519584 0.16635574690547605 5 8
0.6667659445481285 0.5292964571010633 0.9539480548097868 7.652647702762749E-4 0.01617012661238204 5 6
0.06619139724304657 0.03578384016544589 0.16524424765854728 0.7329028542416418 0.8022687593830682 1 1
0.6003162386173825 0.623004001868325 0.2079502284158793 0.06863888753628389 0.7288471539621807 5 3
0.6003162386173825 0.623004001868325 0.2079502284158793 0.06863888753628389 0.7288471539621807 5 3
0.2765781962617593 0.3971842894466098 0.672363291792562 0.347455707601958 0.3350215201097697 8 1
0.3439219688749737 0.4353429539227045 0.08028811172871675 0.13208989976868912 0.7634064438365633 5 1
0.2765781962617593 0.3971842894466098 0.672363291792562 0.347455707601958 0.3350215201097697 8 1
0.17014466203661205 0.6753434671721209 0.6243218549691172 0.9386278033921043 0.3338943313688305 5 8
0.4162818872351357 0.23996117827556895 0.11887370493714067 0.6681722855387475 0.8454745004241371 8 8
0.9884007886460994 0.5348229954887269 0.38773728010061603 0.38098846271169284 0.9073975718857825 1 2
0.4162818872351357 0.23996117827556895 0.11887370493714067 0.6681722855387475 0.8454745004241371 8 8
0.4162818872351357 0.23996117827556895 0.11887370493714067 0.6681722855387475 0.8454745004241371 8 8
0.11392922292042451 0.8746870854797413 0.6793597289053328 0.9583003341971811 0.704066642163099 1 1
0.3806568065177529 0.18995884544641184 0.9654645234364819 0.5231953899027973 0.1608961824401166 2 7
