0.8967744619751216 0.14903561315061042 0.022783023891886356 0.8303399348049088 0.7854419346830893 6 2
0.4644646006382088 0.7785284370095338 0.46049662842553707 0.3119328633854259 0.031368309651810034 6 3
0.8674833873450032 0.27250655333905105 0.742268293992223 0.2812058683812325 0.9975714340114064 4 2
0.8674833873450032 0.27250655333905105 0.742268293992223 0.2812058683812325 0.9975714340114064 4 2
0.52508924345486 0.8364384706709266 0.2293615853159504 0.9617195540568495 0.8791809288806549 6 1
0.9583635382158148 0.06580006335124111 0.09766894044810304 0.912614612025021 0.34282406226980033 7 7
0.41534576449024807 0.1055405449157335 0.3297883322327546 0.0889649775959519 0.7653666812040624 1 2
0.17792356768911544 0.08500347735652936 0.14402872209292594 0.10003982030292613 0.19157785712854902 7 5
0.5577455879977382 0.29711185849427735 0.9958153086949575 0.2991663129937612 0.20504322464036995 6 8
0.31855147963739494 0.4953609506520671 0.4620214798660853 0.47556718962036226 0.7869658103376233 1 7
0.31855147963739494 0.4953609506520671 0.4620214798660853 0.47556718962036226 0.7869658103376233 1 7
0.8350630130567857 0.06997919587297641 0.7333766757914554 0.9473461396534304 0.405198617381584 2 8
0.9004433404521087 0.030747725495316125 0.9596404945065083 0.6104102153558572 0.5850878780605617 1 7
0.9004433404521087 0.030747725495316125 0.9596404945065083 0.6104102153558572 0.5850878780605617 1 7
0.13942397906516568 0.574357570612861 0.005654318394654911 0.858504950018734 0.7618967118826364 1 6
0.13942397906516568 0.574357570612861 0.005654318394654911 0.858504950018734 0.7618967118826364 1 6
0.15347309473690807 0.4925493495482334 0.28660036258133703 0.6991515103531649 0.8351669482963721 2 1
0.16205072687488897 0.6028706720590941 0.48867595423398935 0.8784858349557828 0.7428854187649842 5 4
0.8641454069853372 0.19778597924864383 0.10070192803539113 0.5884646964282778 0.8125771368470843 7 3
