0.6761157253655754 0.709323874871349 0.14455644487399189 0.6188851960224319 0.8388761912453885 8 6
0.6398626892108848 0.569261714136844 0.8713580475798667 0.3657215701305834 0.5661845526888228 4 6
0.6398626892108848 0.569261714136844 0.8713580475798667 0.3657215701305834 0.5661845526888228 4 6
0.0032020233956475685 0.14881214677663013 0.2231489597638492 0.9952144461796574 0.9913624321554731 5 5
0.0032020233956475685 0.14881214677663013 0.2231489597638492 0.9952144461796574 0.9913624321554731 5 5
0.8243164981510405 0.4382356805263279 0.026458672956841345 0.8991465520200042 0.474011477289606 1 3
0.0032020233956475685 0.14881214677663013 0.2231489597638492 0.9952144461796574 0.9913624321554731 5 5
0.08839859970462216 0.0621467399207577 0.4768765695285616 0.6644751263123504 0.5327166550334096 2 6
0.08839859970462216 0.0621467399207577 0.4768765695285616 0.6644751263123504 0.5327166550334096 2 6
0.08839859970462216 0.0621467399207577 0.4768765695285616 0.6644751263123504 0.5327166550334096 2 6
0.14698522443055295 0.8721696134286403 0.7478958617962139 0.1261280743387444 0.8785556832541228 5 8
0.14698522443055295 0.8721696134286403 0.7478958617962139 0.1261280743387444 0.8785556832541228 5 8
0.9222857226990548 0.9345749867763191 0.9065963361956066 0.35059241114239426 0.4014314382328099 2 5
0.9222857226990548 0.9345749867763191 0.9065963361956066 0.35059241114239426 0.4014314382328099 2 5
0.37788423146207695 0.5695877549194384 0.14054216572642253 0.4073979607736593 0.015046175226465675 7 1
0.37788423146207695 0.5695877549194384 0.14054216572642253 0.4073979607736593 0.015046175226465675 7 1
0.18896742426584545 0.3211969759548744 0.7509133805228113 0.19590402338758006 0.9131578042154057 5 7
0.7273382779904437 0.5857390958264352 0.07491942998457157 0.7651729864016628 0.5160827038634028 8 4
0.7273382779904437 0.5857390958264352 0.07491942998457157 0.7651729864016628 0.5160827038634028 8 4
0.7273382779904437 0.5857390958264352 0.07491942998457157 0.7651729864016628 0.5160827038634028 8 4
0.7273382779904437 0.5857390958264352 0.07491942998457157 0.7651729864016628 0.5160827038634028 8 4
