0.7268169460731895 0.46182853118258327 0.15575484251510696 0.524608075874182 0.3468002389572603 2 8
0.7268169460731895 0.46182853118258327 0.15575484251510696 0.524608075874182 0.3468002389572603 2 8
0.7268169460731895 0.46182853118258327 0.15575484251510696 0.524608075874182 0.3468002389572603 2 8
0.08826331303737067 0.034656632626845374 0.7285599322218389 0.11617066209293336 0.1351895709411498 4 5
0.07786462889559176 0.9473893826742106 0.8006386613805978 0.5280891950197166 0.09064965814016779 5 2
0.07786462889559176 0.9473893826742106 0.8006386613805978 0.5280891950197166 0.09064965814016779 5 2
0.07786462889559176 0.9473893826742106 0.8006386613805978 0.5280891950197166 0.09064965814016779 5 2
0.16271013850278182 0.8258077851659331 0.48095340468737624 0.6037162026951736 0.47192101471721115 8 4
0.07786462889559176 0.9473893826742106 0.8006386613805978 0.5280891950197166 0.09064965814016779 5 2
0.16271013850278182 0.8258077851659331 0.48095340468737624 0.6037162026951736 0.47192101471721115 8 4
0.16271013850278182 0.8258077851659331 0.48095340468737624 0.6037162026951736 0.47192101471721115 8 4
0.16271013850278182 0.8258077851659331 0.48095340468737624 0.6037162026951736 0.47192101471721115 8 4
0.7554832536872043 0.6191218805478954 0.3055827339571997 0.41608113203428054 0.33870872910792693 6 1
0.7554832536872043 0.6191218805478954 0.3055827339571997 0.41608113203428054 0.33870872910792693 6 1
0.11304907332468328 0.4023681497807432 0.08239610422779475 0.7470046768428364 0.34427290775904273 2 8
0.11304907332468328 0.4023681497807432 0.08239610422779475 0.7470046768428364 0.34427290775904273 2 8
0.7115365306792738 0.08102340864314994 0.7339361455400105 0.31588232985228093 0.528123107739108 6 8
0.7268169460731895 0.46182853118258327 0.15575484251510696 0.524608075874182 0.3468002389572603 2 8
0.7268169460731895 0.46182853118258327 0.15575484251510696 0.524608075874182 0.3468002389572603 2 8
0.7268169460731895 0.46182853118258327 0.15575484251510696 0.524608075874182 0.3468002389572603 2 8
0.46980066630378237 0.7802959141892662 0.04545866351559524 0.21074424193008467 0.7686118731476962 3 3
0.2836024386527821 0.670227575103139 0.952582158357643 0.857943391099044 0.6209601231964764 7 4
0.7268169460731895 0.46182853118258327 0.15575484251510696 0.524608075874182 0.3468002389572603 2 8
0.2836024386527821 0.670227575103139 0.952582158357643 0.857943391099044 0.6209601231964764 7 4
