0.18356872440105054 0.5350974569965764 0.5962904857963771 0.7835213553583378 0.4006483205601483 5 5
0.0806393475799152 0.17153532631326673 0.35936005553143113 0.3418794302395166 0.17133505837759033 2 5
0.0806393475799152 0.17153532631326673 0.35936005553143113 0.3418794302395166 0.17133505837759033 2 5
0.3623316662427136 0.10523579944926309 0.7746609115716134 0.7228893979952733 0.4685404603948047 5 3
0.3623316662427136 0.10523579944926309 0.7746609115716134 0.7228893979952733 0.4685404603948047 5 3
0.6463691448728986 0.6597876406600611 0.8115760821193185 0.8768819103462421 0.7551147825971619 3 6
0.700449446577622 0.6056652918210199 0.1934681617384879 0.7717123666013141 0.9083507939149726 8 3
0.700449446577622 0.6056652918210199 0.1934681617384879 0.7717123666013141 0.9083507939149726 8 3
0.7786634442414376 0.7777817963565343 0.7584633625705773 0.9638680578817433 0.2016133016995093 8 8
0.700449446577622 0.6056652918210199 0.1934681617384879 0.7717123666013141 0.9083507939149726 8 3
0.700449446577622 0.6056652918210199 0.1934681617384879 0.7717123666013141 0.9083507939149726 8 3
0.661945720395785 0.9611478861473338 0.34596626406654585 0.2317931748069062 0.2536829377819505 3 2
0.06183978945221402 0.4358050013514445 0.14654276503660624 0.5278522208659887 0.7137197463588533 6 5
0.06183978945221402 0.4358050013514445 0.14654276503660624 0.5278522208659887 0.7137197463588533 6 5
0.7786634442414376 0.7777817963565343 0.7584633625705773 0.9638680578817433 0.2016133016995093 8 8
0.8818818258502452 0.6407370553720166 0.7887605967110647 0.6137627085404751 0.00828690721649239 8 1
0.5930134341599842 0.8140440240055129 0.08921798707909456 0.40509804554903106 0.5209507855785295 3 8
0.17989685531364963 0.8723522254659901 0.6253791832338637 0.6095274179761083 0.6138288145756036 6 8
0.17989685531364963 0.8723522254659901 0.6253791832338637 0.6095274179761083 0.6138288145756036 6 8
0.45573374704115077 0.9223501539627469 0.9635291426853697 0.15204102268071573 0.14529121687642765 7 2
0.18356872440105054 0.5350974569965764 0.5962904857963771 0.7835213553583378 0.4006483205601483 5 5
0.8817937914854048 0.9806339835861368 0.5339473099227182 0.5866029930903152 0.8862269477190758 6 8
