0.2713091482509966 0.771356254464339 0.46645562762397663 0.7326422350695836 0.9108312459963233 1 4
0.7834115644152858 0.0203916506336681 0.10733379070921267 0.05944769242401171 0.8975234923421244 3 5
0.7741497599164946 0.8207729718509689 0.45582756326209206 0.38413562508522503 0.6482342607400471 3 6
0.39109618326404605 0.3718794960336389 0.5890327319265919 0.42937633103271033 0.6501820522965158 7 8
0.39109618326404605 0.3718794960336389 0.5890327319265919 0.42937633103271033 0.6501820522965158 7 8
0.39109618326404605 0.3718794960336389 0.5890327319265919 0.42937633103271033 0.6501820522965158 7 8
0.39109618326404605 0.3718794960336389 0.5890327319265919 0.42937633103271033 0.6501820522965158 7 8
0.25191995338255835 0.11163725790795587 0.18118550665819855 0.9993758492813516 0.7669980863993957 7 6
0.39109618326404605 0.3718794960336389 0.5890327319265919 0.42937633103271033 0.6501820522965158 7 8
0.21070456333684873 0.8413470844604265 0.14898747326719453 0.08200536434334282 0.4681367484597656 4 5
0.21070456333684873 0.8413470844604265 0.14898747326719453 0.08200536434334282 0.4681367484597656 4 5
0.21070456333684873 0.8413470844604265 0.14898747326719453 0.08200536434334282 0.4681367484597656 4 5
0.48730808269460246 0.37853233446049606 0.918972851928736 0.057718586740193145 0.21881304857411332 5 5
0.7961970891725866 0.15232471446271878 0.2003427882286637 0.6420403579241079 0.9196211570942324 4 2
0.9978960034902771 0.6207072352086249 0.46181204619049976 0.541315042638088 0.29141796957541577 3 1
0.9978960034902771 0.6207072352086249 0.46181204619049976 0.541315042638088 0.29141796957541577 3 1
0.2713091482509966 0.771356254464339 0.46645562762397663 0.7326422350695836 0.9108312459963233 1 4
