0.1769103432260568 0.1116350741171791 0.13222117494820718 0.5512302753879786 0.3379469563779952 6 2
0.27385372759047344 0.42953392747561703 0.5729676896013858 0.40029265835169114 0.6192968253431738 2 4
0.1769103432260568 0.1116350741171791 0.13222117494820718 0.5512302753879786 0.3379469563779952 6 2
0.44345768927031437 0.1324245189855361 0.462477097577328 0.6981282904006267 0.0671881298220387 2 5
0.10911396667721562 0.9523899915169385 0.8742053515578163 0.155983029134122 0.3144115250218984 4 1
0.9867043664750217 0.2476204514733965 0.6069424414536104 0.45267060694381756 0.27501573832238113 7 5
0.9867043664750217 0.2476204514733965 0.6069424414536104 0.45267060694381756 0.27501573832238113 7 5
0.27385372759047344 0.42953392747561703 0.5729676896013858 0.40029265835169114 0.6192968253431738 2 4
0.9867043664750217 0.2476204514733965 0.6069424414536104 0.45267060694381756 0.27501573832238113 7 5
0.9867043664750217 0.2476204514733965 0.6069424414536104 0.45267060694381756 0.27501573832238113 7 5
0.9867043664750217 0.2476204514733965 0.6069424414536104 0.45267060694381756 0.27501573832238113 7 5
0.0836345037033186 0.3896657525466659 0.6949605769190788 0.5874766492989678 0.8441108260723756 4 5
0.4321318135563941 0.43944266738488047 0.19010254875513455 0.2989951378764527 0.9571702622506794 5 2
0.4321318135563941 0.43944266738488047 0.19010254875513455 0.2989951378764527 0.9571702622506794 5 2
0.4321318135563941 0.43944266738488047 0.19010254875513455 0.2989951378764527 0.9571702622506794 5 2
0.20116863809861907 0.5675614614569015 0.8317421084199964 0.2513828863330182 0.34744104891345307 5 4
0.27385372759047344 0.42953392747561703 0.5729676896013858 0.40029265835169114 0.6192968253431738 2 4
0.20116863809861907 0.5675614614569015 0.8317421084199964 0.2513828863330182 0.34744104891345307 5 4
0.13776460359182652 0.4731528391274096 0.2937999780032823 0.5641839156511019 0.2753257244643039 4 5
0.3616435237113387 0.2308722516556957 0.33989639984956876 0.4139365774239827 0.17980848061202326 7 6
0.9235050666402695 0.3435194905166683 0.19880000404615994 0.29788340791288914 0.3835281463426403 5 1
