Bin size: 100
Number of elements: 350
75
14
75
85
93
47
67
68
45
53
77
68
82
90
94
16
13
100
52
79
54
23
82
48
38
45
15
43
82
11
20
83
77
68
85
39
69
48
2
15
95
74
29
81
92
54
96
89
22
46
4
76
100
91
38
36
41
58
30
99
13
6
79
51
26
78
61
62
97
58
62
10
12
85
19
16
59
25
41
7
10
10
39
20
33
73
84
77
37
25
84
90
12
22
54
19
11
42
61
88
20
95
5
100
79
9
62
60
72
34
100
68
63
5
18
73
96
39
78
84
32
100
82
3
56
24
95
71
27
68
21
57
23
49
20
9
88
95
98
97
18
98
4
30
98
47
75
3
71
98
73
55
42
75
14
11
49
79
22
41
62
20
89
6
74
71
77
90
34
82
90
81
43
8
12
6
9
2
17
41
96
80
61
91
36
6
82
11
62
23
63
34
67
18
36
53
97
97
99
71
46
61
40
68
16
4
69
87
99
92
79
41
54
45
44
94
9
60
57
88
68
97
83
85
94
12
13
79
8
8
85
46
43
44
10
84
92
40
55
79
94
75
59
32
3
40
46
25
67
70
27
46
87
79
100
38
20
96
94
99
92
14
63
50
20
47
73
50
80
20
16
59
13
58
95
61
62
77
65
34
59
86
76
61
24
84
87
30
42
92
66
36
53
82
90
9
50
78
65
33
8
25
92
59
36
87
29
44
49
45
65
73
13
50
72
99
10
65
70
13
50
85
92
82
86
91
83
43
31
31
52
65
88
22
33
63
41
87
13
95
66
60
4
61
19
62
68
75
50
78