Bin size: 100
Number of elements: 320
7
42
49
25
61
72
77
12
27
26
79
85
23
67
31
59
78
28
54
87
25
12
50
50
60
46
29
28
75
7
64
95
97
12
84
48
5
94
39
96
44
25
50
52
79
44
12
34
42
17
33
41
42
84
36
86
52
48
71
20
63
24
97
17
48
4
73
9
89
20
73
12
27
53
36
55
42
68
19
92
43
42
62
47
92
82
29
100
79
81
90
35
89
23
30
79
38
91
51
39
66
10
80
44
96
98
57
33
60
99
57
2
97
69
73
20
22
91
91
45
26
73
14
87
73
9
92
98
89
40
100
89
75
87
57
10
81
48
16
63
37
66
30
6
55
21
35
100
82
93
91
62
69
85
84
90
6
58
93
96
95
26
28
36
46
100
79
100
72
39
94
44
70
52
6
98
4
55
97
12
39
78
88
61
79
13
95
45
70
39
68
69
57
38
30
16
71
24
46
36
22
62
83
52
12
93
92
37
81
42
34
20
64
5
87
84
73
21
67
14
99
34
39
100
15
65
47
76
58
35
84
100
100
78
51
69
59
79
33
96
81
12
53
28
100
27
48
70
16
9
62
51
51
69
87
15
86
66
7
54
59
39
24
80
100
78
58
81
69
61
11
80
68
88
25
78
2
74
70
15
79
12
39
18
10
56
43
81
4
16
57
60
75
52
34
97
91
74
98
42
6
74
71
63
92
11
73
86
50
90
30
25
49
29
42
49
23
38
90
61