0.20798467266572718 0.2697866175077257 0.6557398213965917 0.38238478334070314 0.08238743172281637 6 4
0.2289528154311442 0.6275068504431801 0.15212025719784272 0.32048539568222467 0.8847373755673623 5 3
0.2289528154311442 0.6275068504431801 0.15212025719784272 0.32048539568222467 0.8847373755673623 5 3
0.047944921711061794 0.8829241332025403 0.13334464213148245 0.887712131906414 0.1729541332953486 2 5
0.24536321028504082 0.8831109997813243 0.3456549626286096 0.8940980543607594 0.4314696109540366 8 3
0.24536321028504082 0.8831109997813243 0.3456549626286096 0.8940980543607594 0.4314696109540366 8 3
0.10818417769204758 0.11068449632517063 0.6896726321932487 0.5247419043719003 0.41900222339077287 6 8
0.6298834414039399 0.2342164567022157 0.45066359788113775 0.1990499267138306 0.20297318791211116 2 6
0.021871145274008463 0.5620929676413832 0.5356690122103984 0.7073333737811566 0.7338717983521414 7 5
0.8620239652821253 0.6305529170524281 0.4586266532104275 0.023500072913651526 0.48565918669826547 8 5
0.8719392647154626 0.07901372217163694 0.22778001154565408 0.5668289314828713 0.2703283005034415 3 5
0.9639664414400845 0.13716958463014295 0.13855730129545507 0.6912754830114536 0.877263258423376 2 6
0.15556140570967192 0.39667269938918137 0.16133777942175975 0.041305928137947756 0.9852807195506801 8 1
0.10119258185679925 0.2548011349378052 0.3708565012993924 0.4224506410353883 0.22299209775048956 8 3
0.7637864388999617 0.6928953662394344 0.9283297685568418 0.6008068435340943 0.40068353324133876 1 2
0.552553376319494 0.8800340476468402 0.9126329662277662 0.21491566873832813 0.7236451014901457 6 7
0.2289528154311442 0.6275068504431801 0.15212025719784272 0.32048539568222467 0.8847373755673623 5 3
0.5798972997536872 0.3458386620921001 0.13240119703132036 0.8119136941171434 0.9347635190088055 3 6
0.0022248838796512516 0.746373966863565 0.38532616920278084 0.4629330266594748 0.6523792837000996 4 3
0.0022248838796512516 0.746373966863565 0.38532616920278084 0.4629330266594748 0.6523792837000996 4 3
0.047944921711061794 0.8829241332025403 0.13334464213148245 0.887712131906414 0.1729541332953486 2 5
0.24536321028504082 0.8831109997813243 0.3456549626286096 0.8940980543607594 0.4314696109540366 8 3
0.10818417769204758 0.11068449632517063 0.6896726321932487 0.5247419043719003 0.41900222339077287 6 8
0.6298834414039399 0.2342164567022157 0.45066359788113775 0.1990499267138306 0.20297318791211116 2 6
0.8620239652821253 0.6305529170524281 0.4586266532104275 0.023500072913651526 0.48565918669826547 8 5
0.8719392647154626 0.07901372217163694 0.22778001154565408 0.5668289314828713 0.2703283005034415 3 5
0.8719392647154626 0.07901372217163694 0.22778001154565408 0.5668289314828713 0.2703283005034415 3 5
0.2779947250256011 0.27104241864442746 0.7064936253667148 0.7649908465162614 0.45822422261075924 8 5
0.2779947250256011 0.27104241864442746 0.7064936253667148 0.7649908465162614 0.45822422261075924 8 5
0.9639664414400845 0.13716958463014295 0.13855730129545507 0.6912754830114536 0.877263258423376 2 6
0.12205999060820782 0.011900927770672198 0.3533963765617044 0.16751118774730311 0.274120551755203 7 5
0.552553376319494 0.8800340476468402 0.9126329662277662 0.21491566873832813 0.7236451014901457 6 7
0.2289528154311442 0.6275068504431801 0.15212025719784272 0.32048539568222467 0.8847373755673623 5 3
0.552553376319494 0.8800340476468402 0.9126329662277662 0.21491566873832813 0.7236451014901457 6 7
0.0022248838796512516 0.746373966863565 0.38532616920278084 0.4629330266594748 0.6523792837000996 4 3
0.0022248838796512516 0.746373966863565 0.38532616920278084 0.4629330266594748 0.6523792837000996 4 3
0.24536321028504082 0.8831109997813243 0.3456549626286096 0.8940980543607594 0.4314696109540366 8 3
0.24536321028504082 0.8831109997813243 0.3456549626286096 0.8940980543607594 0.4314696109540366 8 3
0.10818417769204758 0.11068449632517063 0.6896726321932487 0.5247419043719003 0.41900222339077287 6 8
0.6298834414039399 0.2342164567022157 0.45066359788113775 0.1990499267138306 0.20297318791211116 2 6
0.8620239652821253 0.6305529170524281 0.4586266532104275 0.023500072913651526 0.48565918669826547 8 5
0.8620239652821253 0.6305529170524281 0.4586266532104275 0.023500072913651526 0.48565918669826547 8 5
0.8719392647154626 0.07901372217163694 0.22778001154565408 0.5668289314828713 0.2703283005034415 3 5
0.9639664414400845 0.13716958463014295 0.13855730129545507 0.6912754830114536 0.877263258423376 2 6
0.2779947250256011 0.27104241864442746 0.7064936253667148 0.7649908465162614 0.45822422261075924 8 5
0.9639664414400845 0.13716958463014295 0.13855730129545507 0.6912754830114536 0.877263258423376 2 6
0.12205999060820782 0.011900927770672198 0.3533963765617044 0.16751118774730311 0.274120551755203 7 5
0.552553376319494 0.8800340476468402 0.9126329662277662 0.21491566873832813 0.7236451014901457 6 7
0.2289528154311442 0.6275068504431801 0.15212025719784272 0.32048539568222467 0.8847373755673623 5 3
0.5798972997536872 0.3458386620921001 0.13240119703132036 0.8119136941171434 0.9347635190088055 3 6
0.0022248838796512516 0.746373966863565 0.38532616920278084 0.4629330266594748 0.6523792837000996 4 3
0.24536321028504082 0.8831109997813243 0.3456549626286096 0.8940980543607594 0.4314696109540366 8 3
0.047944921711061794 0.8829241332025403 0.13334464213148245 0.887712131906414 0.1729541332953486 2 5
0.24536321028504082 0.8831109997813243 0.3456549626286096 0.8940980543607594 0.4314696109540366 8 3
0.10818417769204758 0.11068449632517063 0.6896726321932487 0.5247419043719003 0.41900222339077287 6 8
0.6298834414039399 0.2342164567022157 0.45066359788113775 0.1990499267138306 0.20297318791211116 2 6
0.021871145274008463 0.5620929676413832 0.5356690122103984 0.7073333737811566 0.7338717983521414 7 5
0.8620239652821253 0.6305529170524281 0.4586266532104275 0.023500072913651526 0.48565918669826547 8 5
0.8719392647154626 0.07901372217163694 0.22778001154565408 0.5668289314828713 0.2703283005034415 3 5
0.2779947250256011 0.27104241864442746 0.7064936253667148 0.7649908465162614 0.45822422261075924 8 5
0.2779947250256011 0.27104241864442746 0.7064936253667148 0.7649908465162614 0.45822422261075924 8 5
0.9639664414400845 0.13716958463014295 0.13855730129545507 0.6912754830114536 0.877263258423376 2 6
0.12205999060820782 0.011900927770672198 0.3533963765617044 0.16751118774730311 0.274120551755203 7 5
0.552553376319494 0.8800340476468402 0.9126329662277662 0.21491566873832813 0.7236451014901457 6 7
0.2289528154311442 0.6275068504431801 0.15212025719784272 0.32048539568222467 0.8847373755673623 5 3
0.5798972997536872 0.3458386620921001 0.13240119703132036 0.8119136941171434 0.9347635190088055 3 6
0.0022248838796512516 0.746373966863565 0.38532616920278084 0.4629330266594748 0.6523792837000996 4 3
0.24536321028504082 0.8831109997813243 0.3456549626286096 0.8940980543607594 0.4314696109540366 8 3
0.047944921711061794 0.8829241332025403 0.13334464213148245 0.887712131906414 0.1729541332953486 2 5
0.24536321028504082 0.8831109997813243 0.3456549626286096 0.8940980543607594 0.4314696109540366 8 3
0.10818417769204758 0.11068449632517063 0.6896726321932487 0.5247419043719003 0.41900222339077287 6 8
0.6298834414039399 0.2342164567022157 0.45066359788113775 0.1990499267138306 0.20297318791211116 2 6
0.8620239652821253 0.6305529170524281 0.4586266532104275 0.023500072913651526 0.48565918669826547 8 5
0.8719392647154626 0.07901372217163694 0.22778001154565408 0.5668289314828713 0.2703283005034415 3 5
0.8719392647154626 0.07901372217163694 0.22778001154565408 0.5668289314828713 0.2703283005034415 3 5
0.2779947250256011 0.27104241864442746 0.7064936253667148 0.7649908465162614 0.45822422261075924 8 5
0.15556140570967192 0.39667269938918137 0.16133777942175975 0.041305928137947756 0.9852807195506801 8 1
0.15556140570967192 0.39667269938918137 0.16133777942175975 0.041305928137947756 0.9852807195506801 8 1
0.10119258185679925 0.2548011349378052 0.3708565012993924 0.4224506410353883 0.22299209775048956 8 3
0.2289528154311442 0.6275068504431801 0.15212025719784272 0.32048539568222467 0.8847373755673623 5 3
0.2289528154311442 0.6275068504431801 0.15212025719784272 0.32048539568222467 0.8847373755673623 5 3
0.3579479525733169 0.8188307545984205 0.7361641629041785 0.6521937165745061 0.00927621339920226 1 6
0.0022248838796512516 0.746373966863565 0.38532616920278084 0.4629330266594748 0.6523792837000996 4 3
0.0022248838796512516 0.746373966863565 0.38532616920278084 0.4629330266594748 0.6523792837000996 4 3
0.047944921711061794 0.8829241332025403 0.13334464213148245 0.887712131906414 0.1729541332953486 2 5
0.24536321028504082 0.8831109997813243 0.3456549626286096 0.8940980543607594 0.4314696109540366 8 3
0.10818417769204758 0.11068449632517063 0.6896726321932487 0.5247419043719003 0.41900222339077287 6 8
0.6298834414039399 0.2342164567022157 0.45066359788113775 0.1990499267138306 0.20297318791211116 2 6
0.8620239652821253 0.6305529170524281 0.4586266532104275 0.023500072913651526 0.48565918669826547 8 5
0.8719392647154626 0.07901372217163694 0.22778001154565408 0.5668289314828713 0.2703283005034415 3 5
0.8719392647154626 0.07901372217163694 0.22778001154565408 0.5668289314828713 0.2703283005034415 3 5
0.2779947250256011 0.27104241864442746 0.7064936253667148 0.7649908465162614 0.45822422261075924 8 5
0.15556140570967192 0.39667269938918137 0.16133777942175975 0.041305928137947756 0.9852807195506801 8 1
0.9639664414400845 0.13716958463014295 0.13855730129545507 0.6912754830114536 0.877263258423376 2 6
0.12205999060820782 0.011900927770672198 0.3533963765617044 0.16751118774730311 0.274120551755203 7 5
0.3853791230165131 0.5118303301910928 0.7113255049443562 0.8960373457239514 0.0848603672316447 3 7
0.2289528154311442 0.6275068504431801 0.15212025719784272 0.32048539568222467 0.8847373755673623 5 3
0.5798972997536872 0.3458386620921001 0.13240119703132036 0.8119136941171434 0.9347635190088055 3 6
0.5798972997536872 0.3458386620921001 0.13240119703132036 0.8119136941171434 0.9347635190088055 3 6
0.3579479525733169 0.8188307545984205 0.7361641629041785 0.6521937165745061 0.00927621339920226 1 6
0.24536321028504082 0.8831109997813243 0.3456549626286096 0.8940980543607594 0.4314696109540366 8 3
0.24536321028504082 0.8831109997813243 0.3456549626286096 0.8940980543607594 0.4314696109540366 8 3
0.10818417769204758 0.11068449632517063 0.6896726321932487 0.5247419043719003 0.41900222339077287 6 8
0.6298834414039399 0.2342164567022157 0.45066359788113775 0.1990499267138306 0.20297318791211116 2 6
0.8620239652821253 0.6305529170524281 0.4586266532104275 0.023500072913651526 0.48565918669826547 8 5
0.8719392647154626 0.07901372217163694 0.22778001154565408 0.5668289314828713 0.2703283005034415 3 5
0.8719392647154626 0.07901372217163694 0.22778001154565408 0.5668289314828713 0.2703283005034415 3 5
0.15556140570967192 0.39667269938918137 0.16133777942175975 0.041305928137947756 0.9852807195506801 8 1
0.2779947250256011 0.27104241864442746 0.7064936253667148 0.7649908465162614 0.45822422261075924 8 5
0.9639664414400845 0.13716958463014295 0.13855730129545507 0.6912754830114536 0.877263258423376 2 6
0.3462559464463729 0.3107033494745356 0.20682107500177982 0.804521395710966 0.6914836098314932 5 3
0.21576262795666656 0.389566109165697 0.3197233004499517 0.7219068939838802 0.13510366308859212 1 7
0.9327870037958075 0.9551407063883409 0.45537089107204776 0.3769846845577116 0.04853348714585981 6 2
0.446663577866794 0.9068502637311827 0.2279306360831097 0.2643790962512733 0.9035510554949487 1 3
0.552553376319494 0.8800340476468402 0.9126329662277662 0.21491566873832813 0.7236451014901457 6 7
0.2289528154311442 0.6275068504431801 0.15212025719784272 0.32048539568222467 0.8847373755673623 5 3
0.5798972997536872 0.3458386620921001 0.13240119703132036 0.8119136941171434 0.9347635190088055 3 6
0.0022248838796512516 0.746373966863565 0.38532616920278084 0.4629330266594748 0.6523792837000996 4 3
0.0022248838796512516 0.746373966863565 0.38532616920278084 0.4629330266594748 0.6523792837000996 4 3
0.047944921711061794 0.8829241332025403 0.13334464213148245 0.887712131906414 0.1729541332953486 2 5
0.24536321028504082 0.8831109997813243 0.3456549626286096 0.8940980543607594 0.4314696109540366 8 3
0.10818417769204758 0.11068449632517063 0.6896726321932487 0.5247419043719003 0.41900222339077287 6 8
0.6298834414039399 0.2342164567022157 0.45066359788113775 0.1990499267138306 0.20297318791211116 2 6
0.8620239652821253 0.6305529170524281 0.4586266532104275 0.023500072913651526 0.48565918669826547 8 5
0.8719392647154626 0.07901372217163694 0.22778001154565408 0.5668289314828713 0.2703283005034415 3 5
0.8719392647154626 0.07901372217163694 0.22778001154565408 0.5668289314828713 0.2703283005034415 3 5
0.2779947250256011 0.27104241864442746 0.7064936253667148 0.7649908465162614 0.45822422261075924 8 5
0.15556140570967192 0.39667269938918137 0.16133777942175975 0.041305928137947756 0.9852807195506801 8 1
0.15556140570967192 0.39667269938918137 0.16133777942175975 0.041305928137947756 0.9852807195506801 8 1
0.10119258185679925 0.2548011349378052 0.3708565012993924 0.4224506410353883 0.22299209775048956 8 3
0.552553376319494 0.8800340476468402 0.9126329662277662 0.21491566873832813 0.7236451014901457 6 7
0.2289528154311442 0.6275068504431801 0.15212025719784272 0.32048539568222467 0.8847373755673623 5 3
0.5798972997536872 0.3458386620921001 0.13240119703132036 0.8119136941171434 0.9347635190088055 3 6
0.0022248838796512516 0.746373966863565 0.38532616920278084 0.4629330266594748 0.6523792837000996 4 3
0.0022248838796512516 0.746373966863565 0.38532616920278084 0.4629330266594748 0.6523792837000996 4 3
0.047944921711061794 0.8829241332025403 0.13334464213148245 0.887712131906414 0.1729541332953486 2 5
0.24536321028504082 0.8831109997813243 0.3456549626286096 0.8940980543607594 0.4314696109540366 8 3
0.10818417769204758 0.11068449632517063 0.6896726321932487 0.5247419043719003 0.41900222339077287 6 8
0.6298834414039399 0.2342164567022157 0.45066359788113775 0.1990499267138306 0.20297318791211116 2 6
0.8620239652821253 0.6305529170524281 0.4586266532104275 0.023500072913651526 0.48565918669826547 8 5
0.8620239652821253 0.6305529170524281 0.4586266532104275 0.023500072913651526 0.48565918669826547 8 5
0.8719392647154626 0.07901372217163694 0.22778001154565408 0.5668289314828713 0.2703283005034415 3 5
0.15556140570967192 0.39667269938918137 0.16133777942175975 0.041305928137947756 0.9852807195506801 8 1
0.10119258185679925 0.2548011349378052 0.3708565012993924 0.4224506410353883 0.22299209775048956 8 3
0.7637864388999617 0.6928953662394344 0.9283297685568418 0.6008068435340943 0.40068353324133876 1 2
0.552553376319494 0.8800340476468402 0.9126329662277662 0.21491566873832813 0.7236451014901457 6 7
0.2289528154311442 0.6275068504431801 0.15212025719784272 0.32048539568222467 0.8847373755673623 5 3
0.5798972997536872 0.3458386620921001 0.13240119703132036 0.8119136941171434 0.9347635190088055 3 6
0.0022248838796512516 0.746373966863565 0.38532616920278084 0.4629330266594748 0.6523792837000996 4 3
0.0022248838796512516 0.746373966863565 0.38532616920278084 0.4629330266594748 0.6523792837000996 4 3
0.047944921711061794 0.8829241332025403 0.13334464213148245 0.887712131906414 0.1729541332953486 2 5
0.24536321028504082 0.8831109997813243 0.3456549626286096 0.8940980543607594 0.4314696109540366 8 3
0.10818417769204758 0.11068449632517063 0.6896726321932487 0.5247419043719003 0.41900222339077287 6 8
0.6298834414039399 0.2342164567022157 0.45066359788113775 0.1990499267138306 0.20297318791211116 2 6
0.8620239652821253 0.6305529170524281 0.4586266532104275 0.023500072913651526 0.48565918669826547 8 5
0.8719392647154626 0.07901372217163694 0.22778001154565408 0.5668289314828713 0.2703283005034415 3 5
0.8719392647154626 0.07901372217163694 0.22778001154565408 0.5668289314828713 0.2703283005034415 3 5
0.2779947250256011 0.27104241864442746 0.7064936253667148 0.7649908465162614 0.45822422261075924 8 5
0.15556140570967192 0.39667269938918137 0.16133777942175975 0.041305928137947756 0.9852807195506801 8 1
0.15556140570967192 0.39667269938918137 0.16133777942175975 0.041305928137947756 0.9852807195506801 8 1
0.10119258185679925 0.2548011349378052 0.3708565012993924 0.4224506410353883 0.22299209775048956 8 3
0.2289528154311442 0.6275068504431801 0.15212025719784272 0.32048539568222467 0.8847373755673623 5 3
0.5798972997536872 0.3458386620921001 0.13240119703132036 0.8119136941171434 0.9347635190088055 3 6
0.5798972997536872 0.3458386620921001 0.13240119703132036 0.8119136941171434 0.9347635190088055 3 6
0.3579479525733169 0.8188307545984205 0.7361641629041785 0.6521937165745061 0.00927621339920226 1 6
0.24536321028504082 0.8831109997813243 0.3456549626286096 0.8940980543607594 0.4314696109540366 8 3
0.24536321028504082 0.8831109997813243 0.3456549626286096 0.8940980543607594 0.4314696109540366 8 3
0.10818417769204758 0.11068449632517063 0.6896726321932487 0.5247419043719003 0.41900222339077287 6 8
0.6298834414039399 0.2342164567022157 0.45066359788113775 0.1990499267138306 0.20297318791211116 2 6
0.8620239652821253 0.6305529170524281 0.4586266532104275 0.023500072913651526 0.48565918669826547 8 5
0.8620239652821253 0.6305529170524281 0.4586266532104275 0.023500072913651526 0.48565918669826547 8 5
0.8719392647154626 0.07901372217163694 0.22778001154565408 0.5668289314828713 0.2703283005034415 3 5
0.9639664414400845 0.13716958463014295 0.13855730129545507 0.6912754830114536 0.877263258423376 2 6
0.15556140570967192 0.39667269938918137 0.16133777942175975 0.041305928137947756 0.9852807195506801 8 1
0.10119258185679925 0.2548011349378052 0.3708565012993924 0.4224506410353883 0.22299209775048956 8 3
0.7637864388999617 0.6928953662394344 0.9283297685568418 0.6008068435340943 0.40068353324133876 1 2
0.21576262795666656 0.389566109165697 0.3197233004499517 0.7219068939838802 0.13510366308859212 1 7
0.9327870037958075 0.9551407063883409 0.45537089107204776 0.3769846845577116 0.04853348714585981 6 2
0.446663577866794 0.9068502637311827 0.2279306360831097 0.2643790962512733 0.9035510554949487 1 3
0.2289528154311442 0.6275068504431801 0.15212025719784272 0.32048539568222467 0.8847373755673623 5 3
0.2289528154311442 0.6275068504431801 0.15212025719784272 0.32048539568222467 0.8847373755673623 5 3
0.5798972997536872 0.3458386620921001 0.13240119703132036 0.8119136941171434 0.9347635190088055 3 6
0.0022248838796512516 0.746373966863565 0.38532616920278084 0.4629330266594748 0.6523792837000996 4 3
0.047944921711061794 0.8829241332025403 0.13334464213148245 0.887712131906414 0.1729541332953486 2 5
0.10818417769204758 0.11068449632517063 0.6896726321932487 0.5247419043719003 0.41900222339077287 6 8
0.10818417769204758 0.11068449632517063 0.6896726321932487 0.5247419043719003 0.41900222339077287 6 8
0.6298834414039399 0.2342164567022157 0.45066359788113775 0.1990499267138306 0.20297318791211116 2 6
0.021871145274008463 0.5620929676413832 0.5356690122103984 0.7073333737811566 0.7338717983521414 7 5
0.8719392647154626 0.07901372217163694 0.22778001154565408 0.5668289314828713 0.2703283005034415 3 5
0.8719392647154626 0.07901372217163694 0.22778001154565408 0.5668289314828713 0.2703283005034415 3 5
0.9639664414400845 0.13716958463014295 0.13855730129545507 0.6912754830114536 0.877263258423376 2 6
0.15556140570967192 0.39667269938918137 0.16133777942175975 0.041305928137947756 0.9852807195506801 8 1
0.15556140570967192 0.39667269938918137 0.16133777942175975 0.041305928137947756 0.9852807195506801 8 1
0.10119258185679925 0.2548011349378052 0.3708565012993924 0.4224506410353883 0.22299209775048956 8 3
0.552553376319494 0.8800340476468402 0.9126329662277662 0.21491566873832813 0.7236451014901457 6 7
0.2289528154311442 0.6275068504431801 0.15212025719784272 0.32048539568222467 0.8847373755673623 5 3
0.3579479525733169 0.8188307545984205 0.7361641629041785 0.6521937165745061 0.00927621339920226 1 6
0.3579479525733169 0.8188307545984205 0.7361641629041785 0.6521937165745061 0.00927621339920226 1 6
0.0022248838796512516 0.746373966863565 0.38532616920278084 0.4629330266594748 0.6523792837000996 4 3
0.24536321028504082 0.8831109997813243 0.3456549626286096 0.8940980543607594 0.4314696109540366 8 3
0.24536321028504082 0.8831109997813243 0.3456549626286096 0.8940980543607594 0.4314696109540366 8 3
0.10818417769204758 0.11068449632517063 0.6896726321932487 0.5247419043719003 0.41900222339077287 6 8
0.6298834414039399 0.2342164567022157 0.45066359788113775 0.1990499267138306 0.20297318791211116 2 6
0.8620239652821253 0.6305529170524281 0.4586266532104275 0.023500072913651526 0.48565918669826547 8 5
0.8719392647154626 0.07901372217163694 0.22778001154565408 0.5668289314828713 0.2703283005034415 3 5
0.8719392647154626 0.07901372217163694 0.22778001154565408 0.5668289314828713 0.2703283005034415 3 5
0.2779947250256011 0.27104241864442746 0.7064936253667148 0.7649908465162614 0.45822422261075924 8 5
0.15556140570967192 0.39667269938918137 0.16133777942175975 0.041305928137947756 0.9852807195506801 8 1
0.15556140570967192 0.39667269938918137 0.16133777942175975 0.041305928137947756 0.9852807195506801 8 1
0.10119258185679925 0.2548011349378052 0.3708565012993924 0.4224506410353883 0.22299209775048956 8 3
0.2289528154311442 0.6275068504431801 0.15212025719784272 0.32048539568222467 0.8847373755673623 5 3
0.2289528154311442 0.6275068504431801 0.15212025719784272 0.32048539568222467 0.8847373755673623 5 3
0.3579479525733169 0.8188307545984205 0.7361641629041785 0.6521937165745061 0.00927621339920226 1 6
0.0022248838796512516 0.746373966863565 0.38532616920278084 0.4629330266594748 0.6523792837000996 4 3
0.0022248838796512516 0.746373966863565 0.38532616920278084 0.4629330266594748 0.6523792837000996 4 3
0.047944921711061794 0.8829241332025403 0.13334464213148245 0.887712131906414 0.1729541332953486 2 5
0.24536321028504082 0.8831109997813243 0.3456549626286096 0.8940980543607594 0.4314696109540366 8 3
0.10818417769204758 0.11068449632517063 0.6896726321932487 0.5247419043719003 0.41900222339077287 6 8
0.6298834414039399 0.2342164567022157 0.45066359788113775 0.1990499267138306 0.20297318791211116 2 6
0.8620239652821253 0.6305529170524281 0.4586266532104275 0.023500072913651526 0.48565918669826547 8 5
0.8719392647154626 0.07901372217163694 0.22778001154565408 0.5668289314828713 0.2703283005034415 3 5
0.8719392647154626 0.07901372217163694 0.22778001154565408 0.5668289314828713 0.2703283005034415 3 5
0.2779947250256011 0.27104241864442746 0.7064936253667148 0.7649908465162614 0.45822422261075924 8 5
0.15556140570967192 0.39667269938918137 0.16133777942175975 0.041305928137947756 0.9852807195506801 8 1
0.9639664414400845 0.13716958463014295 0.13855730129545507 0.6912754830114536 0.877263258423376 2 6
0.12205999060820782 0.011900927770672198 0.3533963765617044 0.16751118774730311 0.274120551755203 7 5
0.3853791230165131 0.5118303301910928 0.7113255049443562 0.8960373457239514 0.0848603672316447 3 7
0.552553376319494 0.8800340476468402 0.9126329662277662 0.21491566873832813 0.7236451014901457 6 7
0.2289528154311442 0.6275068504431801 0.15212025719784272 0.32048539568222467 0.8847373755673623 5 3
0.5798972997536872 0.3458386620921001 0.13240119703132036 0.8119136941171434 0.9347635190088055 3 6
0.0022248838796512516 0.746373966863565 0.38532616920278084 0.4629330266594748 0.6523792837000996 4 3
0.0022248838796512516 0.746373966863565 0.38532616920278084 0.4629330266594748 0.6523792837000996 4 3
0.047944921711061794 0.8829241332025403 0.13334464213148245 0.887712131906414 0.1729541332953486 2 5
0.24536321028504082 0.8831109997813243 0.3456549626286096 0.8940980543607594 0.4314696109540366 8 3
0.10818417769204758 0.11068449632517063 0.6896726321932487 0.5247419043719003 0.41900222339077287 6 8
0.6298834414039399 0.2342164567022157 0.45066359788113775 0.1990499267138306 0.20297318791211116 2 6
0.8620239652821253 0.6305529170524281 0.4586266532104275 0.023500072913651526 0.48565918669826547 8 5
0.8719392647154626 0.07901372217163694 0.22778001154565408 0.5668289314828713 0.2703283005034415 3 5
0.8719392647154626 0.07901372217163694 0.22778001154565408 0.5668289314828713 0.2703283005034415 3 5
0.9639664414400845 0.13716958463014295 0.13855730129545507 0.6912754830114536 0.877263258423376 2 6
0.15556140570967192 0.39667269938918137 0.16133777942175975 0.041305928137947756 0.9852807195506801 8 1
0.15556140570967192 0.39667269938918137 0.16133777942175975 0.041305928137947756 0.9852807195506801 8 1
0.10119258185679925 0.2548011349378052 0.3708565012993924 0.4224506410353883 0.22299209775048956 8 3
0.2289528154311442 0.6275068504431801 0.15212025719784272 0.32048539568222467 0.8847373755673623 5 3
0.2289528154311442 0.6275068504431801 0.15212025719784272 0.32048539568222467 0.8847373755673623 5 3
0.552553376319494 0.8800340476468402 0.9126329662277662 0.21491566873832813 0.7236451014901457 6 7
0.0022248838796512516 0.746373966863565 0.38532616920278084 0.4629330266594748 0.6523792837000996 4 3
0.0022248838796512516 0.746373966863565 0.38532616920278084 0.4629330266594748 0.6523792837000996 4 3
0.24536321028504082 0.8831109997813243 0.3456549626286096 0.8940980543607594 0.4314696109540366 8 3
0.24536321028504082 0.8831109997813243 0.3456549626286096 0.8940980543607594 0.4314696109540366 8 3
0.10818417769204758 0.11068449632517063 0.6896726321932487 0.5247419043719003 0.41900222339077287 6 8
0.6298834414039399 0.2342164567022157 0.45066359788113775 0.1990499267138306 0.20297318791211116 2 6
0.8620239652821253 0.6305529170524281 0.4586266532104275 0.023500072913651526 0.48565918669826547 8 5
0.8620239652821253 0.6305529170524281 0.4586266532104275 0.023500072913651526 0.48565918669826547 8 5
0.8719392647154626 0.07901372217163694 0.22778001154565408 0.5668289314828713 0.2703283005034415 3 5
0.2779947250256011 0.27104241864442746 0.7064936253667148 0.7649908465162614 0.45822422261075924 8 5
0.2779947250256011 0.27104241864442746 0.7064936253667148 0.7649908465162614 0.45822422261075924 8 5
0.9639664414400845 0.13716958463014295 0.13855730129545507 0.6912754830114536 0.877263258423376 2 6
0.12205999060820782 0.011900927770672198 0.3533963765617044 0.16751118774730311 0.274120551755203 7 5
0.552553376319494 0.8800340476468402 0.9126329662277662 0.21491566873832813 0.7236451014901457 6 7
0.2289528154311442 0.6275068504431801 0.15212025719784272 0.32048539568222467 0.8847373755673623 5 3
0.552553376319494 0.8800340476468402 0.9126329662277662 0.21491566873832813 0.7236451014901457 6 7
0.0022248838796512516 0.746373966863565 0.38532616920278084 0.4629330266594748 0.6523792837000996 4 3
0.24536321028504082 0.8831109997813243 0.3456549626286096 0.8940980543607594 0.4314696109540366 8 3
0.24536321028504082 0.8831109997813243 0.3456549626286096 0.8940980543607594 0.4314696109540366 8 3
0.24536321028504082 0.8831109997813243 0.3456549626286096 0.8940980543607594 0.4314696109540366 8 3
0.10818417769204758 0.11068449632517063 0.6896726321932487 0.5247419043719003 0.41900222339077287 6 8
0.6298834414039399 0.2342164567022157 0.45066359788113775 0.1990499267138306 0.20297318791211116 2 6
0.8620239652821253 0.6305529170524281 0.4586266532104275 0.023500072913651526 0.48565918669826547 8 5
0.8620239652821253 0.6305529170524281 0.4586266532104275 0.023500072913651526 0.48565918669826547 8 5
0.8719392647154626 0.07901372217163694 0.22778001154565408 0.5668289314828713 0.2703283005034415 3 5
0.2779947250256011 0.27104241864442746 0.7064936253667148 0.7649908465162614 0.45822422261075924 8 5
0.2779947250256011 0.27104241864442746 0.7064936253667148 0.7649908465162614 0.45822422261075924 8 5
0.9639664414400845 0.13716958463014295 0.13855730129545507 0.6912754830114536 0.877263258423376 2 6
0.12205999060820782 0.011900927770672198 0.3533963765617044 0.16751118774730311 0.274120551755203 7 5
0.3853791230165131 0.5118303301910928 0.7113255049443562 0.8960373457239514 0.0848603672316447 3 7
0.2289528154311442 0.6275068504431801 0.15212025719784272 0.32048539568222467 0.8847373755673623 5 3
0.2289528154311442 0.6275068504431801 0.15212025719784272 0.32048539568222467 0.8847373755673623 5 3
0.3579479525733169 0.8188307545984205 0.7361641629041785 0.6521937165745061 0.00927621339920226 1 6
0.24536321028504082 0.8831109997813243 0.3456549626286096 0.8940980543607594 0.4314696109540366 8 3
0.047944921711061794 0.8829241332025403 0.13334464213148245 0.887712131906414 0.1729541332953486 2 5
0.24536321028504082 0.8831109997813243 0.3456549626286096 0.8940980543607594 0.4314696109540366 8 3
0.10818417769204758 0.11068449632517063 0.6896726321932487 0.5247419043719003 0.41900222339077287 6 8
0.6298834414039399 0.2342164567022157 0.45066359788113775 0.1990499267138306 0.20297318791211116 2 6
0.021871145274008463 0.5620929676413832 0.5356690122103984 0.7073333737811566 0.7338717983521414 7 5
0.8719392647154626 0.07901372217163694 0.22778001154565408 0.5668289314828713 0.2703283005034415 3 5
0.8719392647154626 0.07901372217163694 0.22778001154565408 0.5668289314828713 0.2703283005034415 3 5
0.2779947250256011 0.27104241864442746 0.7064936253667148 0.7649908465162614 0.45822422261075924 8 5
0.9639664414400845 0.13716958463014295 0.13855730129545507 0.6912754830114536 0.877263258423376 2 6
0.9639664414400845 0.13716958463014295 0.13855730129545507 0.6912754830114536 0.877263258423376 2 6
0.12205999060820782 0.011900927770672198 0.3533963765617044 0.16751118774730311 0.274120551755203 7 5
0.2289528154311442 0.6275068504431801 0.15212025719784272 0.32048539568222467 0.8847373755673623 5 3
0.2289528154311442 0.6275068504431801 0.15212025719784272 0.32048539568222467 0.8847373755673623 5 3
0.3579479525733169 0.8188307545984205 0.7361641629041785 0.6521937165745061 0.00927621339920226 1 6
0.3579479525733169 0.8188307545984205 0.7361641629041785 0.6521937165745061 0.00927621339920226 1 6
0.0022248838796512516 0.746373966863565 0.38532616920278084 0.4629330266594748 0.6523792837000996 4 3
0.24536321028504082 0.8831109997813243 0.3456549626286096 0.8940980543607594 0.4314696109540366 8 3
0.24536321028504082 0.8831109997813243 0.3456549626286096 0.8940980543607594 0.4314696109540366 8 3
0.10818417769204758 0.11068449632517063 0.6896726321932487 0.5247419043719003 0.41900222339077287 6 8
0.021871145274008463 0.5620929676413832 0.5356690122103984 0.7073333737811566 0.7338717983521414 7 5
0.8620239652821253 0.6305529170524281 0.4586266532104275 0.023500072913651526 0.48565918669826547 8 5
0.8620239652821253 0.6305529170524281 0.4586266532104275 0.023500072913651526 0.48565918669826547 8 5
0.8719392647154626 0.07901372217163694 0.22778001154565408 0.5668289314828713 0.2703283005034415 3 5
0.15556140570967192 0.39667269938918137 0.16133777942175975 0.041305928137947756 0.9852807195506801 8 1
0.2779947250256011 0.27104241864442746 0.7064936253667148 0.7649908465162614 0.45822422261075924 8 5
0.9639664414400845 0.13716958463014295 0.13855730129545507 0.6912754830114536 0.877263258423376 2 6
0.12205999060820782 0.011900927770672198 0.3533963765617044 0.16751118774730311 0.274120551755203 7 5
0.2289528154311442 0.6275068504431801 0.15212025719784272 0.32048539568222467 0.8847373755673623 5 3
0.2289528154311442 0.6275068504431801 0.15212025719784272 0.32048539568222467 0.8847373755673623 5 3
0.2289528154311442 0.6275068504431801 0.15212025719784272 0.32048539568222467 0.8847373755673623 5 3
0.0022248838796512516 0.746373966863565 0.38532616920278084 0.4629330266594748 0.6523792837000996 4 3
0.0022248838796512516 0.746373966863565 0.38532616920278084 0.4629330266594748 0.6523792837000996 4 3
0.24536321028504082 0.8831109997813243 0.3456549626286096 0.8940980543607594 0.4314696109540366 8 3
0.10818417769204758 0.11068449632517063 0.6896726321932487 0.5247419043719003 0.41900222339077287 6 8
0.10818417769204758 0.11068449632517063 0.6896726321932487 0.5247419043719003 0.41900222339077287 6 8
0.6298834414039399 0.2342164567022157 0.45066359788113775 0.1990499267138306 0.20297318791211116 2 6
0.8620239652821253 0.6305529170524281 0.4586266532104275 0.023500072913651526 0.48565918669826547 8 5
0.8620239652821253 0.6305529170524281 0.4586266532104275 0.023500072913651526 0.48565918669826547 8 5
0.8719392647154626 0.07901372217163694 0.22778001154565408 0.5668289314828713 0.2703283005034415 3 5
0.2779947250256011 0.27104241864442746 0.7064936253667148 0.7649908465162614 0.45822422261075924 8 5
0.2779947250256011 0.27104241864442746 0.7064936253667148 0.7649908465162614 0.45822422261075924 8 5
0.9639664414400845 0.13716958463014295 0.13855730129545507 0.6912754830114536 0.877263258423376 2 6
0.12205999060820782 0.011900927770672198 0.3533963765617044 0.16751118774730311 0.274120551755203 7 5
0.552553376319494 0.8800340476468402 0.9126329662277662 0.21491566873832813 0.7236451014901457 6 7
0.2289528154311442 0.6275068504431801 0.15212025719784272 0.32048539568222467 0.8847373755673623 5 3
0.5798972997536872 0.3458386620921001 0.13240119703132036 0.8119136941171434 0.9347635190088055 3 6
0.047944921711061794 0.8829241332025403 0.13334464213148245 0.887712131906414 0.1729541332953486 2 5
0.24536321028504082 0.8831109997813243 0.3456549626286096 0.8940980543607594 0.4314696109540366 8 3
0.24536321028504082 0.8831109997813243 0.3456549626286096 0.8940980543607594 0.4314696109540366 8 3
0.24536321028504082 0.8831109997813243 0.3456549626286096 0.8940980543607594 0.4314696109540366 8 3
0.6298834414039399 0.2342164567022157 0.45066359788113775 0.1990499267138306 0.20297318791211116 2 6
0.6298834414039399 0.2342164567022157 0.45066359788113775 0.1990499267138306 0.20297318791211116 2 6
0.8620239652821253 0.6305529170524281 0.4586266532104275 0.023500072913651526 0.48565918669826547 8 5
0.8719392647154626 0.07901372217163694 0.22778001154565408 0.5668289314828713 0.2703283005034415 3 5
0.8719392647154626 0.07901372217163694 0.22778001154565408 0.5668289314828713 0.2703283005034415 3 5
0.2779947250256011 0.27104241864442746 0.7064936253667148 0.7649908465162614 0.45822422261075924 8 5
0.10119258185679925 0.2548011349378052 0.3708565012993924 0.4224506410353883 0.22299209775048956 8 3
0.7637864388999617 0.6928953662394344 0.9283297685568418 0.6008068435340943 0.40068353324133876 1 2
0.8310265692093519 0.7663522463463757 0.7208778199996831 0.47112155006250733 0.5141572065257638 6 8
0.552553376319494 0.8800340476468402 0.9126329662277662 0.21491566873832813 0.7236451014901457 6 7
0.2289528154311442 0.6275068504431801 0.15212025719784272 0.32048539568222467 0.8847373755673623 5 3
0.5798972997536872 0.3458386620921001 0.13240119703132036 0.8119136941171434 0.9347635190088055 3 6
0.0022248838796512516 0.746373966863565 0.38532616920278084 0.4629330266594748 0.6523792837000996 4 3
0.24536321028504082 0.8831109997813243 0.3456549626286096 0.8940980543607594 0.4314696109540366 8 3
0.047944921711061794 0.8829241332025403 0.13334464213148245 0.887712131906414 0.1729541332953486 2 5
0.24536321028504082 0.8831109997813243 0.3456549626286096 0.8940980543607594 0.4314696109540366 8 3
0.10818417769204758 0.11068449632517063 0.6896726321932487 0.5247419043719003 0.41900222339077287 6 8
0.6298834414039399 0.2342164567022157 0.45066359788113775 0.1990499267138306 0.20297318791211116 2 6
0.8620239652821253 0.6305529170524281 0.4586266532104275 0.023500072913651526 0.48565918669826547 8 5
0.8719392647154626 0.07901372217163694 0.22778001154565408 0.5668289314828713 0.2703283005034415 3 5
0.8719392647154626 0.07901372217163694 0.22778001154565408 0.5668289314828713 0.2703283005034415 3 5
0.2779947250256011 0.27104241864442746 0.7064936253667148 0.7649908465162614 0.45822422261075924 8 5
0.15556140570967192 0.39667269938918137 0.16133777942175975 0.041305928137947756 0.9852807195506801 8 1
0.15556140570967192 0.39667269938918137 0.16133777942175975 0.041305928137947756 0.9852807195506801 8 1
0.10119258185679925 0.2548011349378052 0.3708565012993924 0.4224506410353883 0.22299209775048956 8 3
0.2289528154311442 0.6275068504431801 0.15212025719784272 0.32048539568222467 0.8847373755673623 5 3
0.2289528154311442 0.6275068504431801 0.15212025719784272 0.32048539568222467 0.8847373755673623 5 3
0.5798972997536872 0.3458386620921001 0.13240119703132036 0.8119136941171434 0.9347635190088055 3 6
0.0022248838796512516 0.746373966863565 0.38532616920278084 0.4629330266594748 0.6523792837000996 4 3
0.047944921711061794 0.8829241332025403 0.13334464213148245 0.887712131906414 0.1729541332953486 2 5
0.10818417769204758 0.11068449632517063 0.6896726321932487 0.5247419043719003 0.41900222339077287 6 8
0.10818417769204758 0.11068449632517063 0.6896726321932487 0.5247419043719003 0.41900222339077287 6 8
0.6298834414039399 0.2342164567022157 0.45066359788113775 0.1990499267138306 0.20297318791211116 2 6
0.021871145274008463 0.5620929676413832 0.5356690122103984 0.7073333737811566 0.7338717983521414 7 5
0.8620239652821253 0.6305529170524281 0.4586266532104275 0.023500072913651526 0.48565918669826547 8 5
0.8719392647154626 0.07901372217163694 0.22778001154565408 0.5668289314828713 0.2703283005034415 3 5
0.8719392647154626 0.07901372217163694 0.22778001154565408 0.5668289314828713 0.2703283005034415 3 5
0.15556140570967192 0.39667269938918137 0.16133777942175975 0.041305928137947756 0.9852807195506801 8 1
0.15556140570967192 0.39667269938918137 0.16133777942175975 0.041305928137947756 0.9852807195506801 8 1
0.10119258185679925 0.2548011349378052 0.3708565012993924 0.4224506410353883 0.22299209775048956 8 3
0.552553376319494 0.8800340476468402 0.9126329662277662 0.21491566873832813 0.7236451014901457 6 7
0.2289528154311442 0.6275068504431801 0.15212025719784272 0.32048539568222467 0.8847373755673623 5 3
0.5798972997536872 0.3458386620921001 0.13240119703132036 0.8119136941171434 0.9347635190088055 3 6
0.0022248838796512516 0.746373966863565 0.38532616920278084 0.4629330266594748 0.6523792837000996 4 3
0.0022248838796512516 0.746373966863565 0.38532616920278084 0.4629330266594748 0.6523792837000996 4 3
0.047944921711061794 0.8829241332025403 0.13334464213148245 0.887712131906414 0.1729541332953486 2 5
0.24536321028504082 0.8831109997813243 0.3456549626286096 0.8940980543607594 0.4314696109540366 8 3
0.10818417769204758 0.11068449632517063 0.6896726321932487 0.5247419043719003 0.41900222339077287 6 8
0.6298834414039399 0.2342164567022157 0.45066359788113775 0.1990499267138306 0.20297318791211116 2 6
0.8620239652821253 0.6305529170524281 0.4586266532104275 0.023500072913651526 0.48565918669826547 8 5
0.8719392647154626 0.07901372217163694 0.22778001154565408 0.5668289314828713 0.2703283005034415 3 5
0.8719392647154626 0.07901372217163694 0.22778001154565408 0.5668289314828713 0.2703283005034415 3 5
0.2779947250256011 0.27104241864442746 0.7064936253667148 0.7649908465162614 0.45822422261075924 8 5
0.15556140570967192 0.39667269938918137 0.16133777942175975 0.041305928137947756 0.9852807195506801 8 1
0.15556140570967192 0.39667269938918137 0.16133777942175975 0.041305928137947756 0.9852807195506801 8 1
0.10119258185679925 0.2548011349378052 0.3708565012993924 0.4224506410353883 0.22299209775048956 8 3
0.2289528154311442 0.6275068504431801 0.15212025719784272 0.32048539568222467 0.8847373755673623 5 3
0.2289528154311442 0.6275068504431801 0.15212025719784272 0.32048539568222467 0.8847373755673623 5 3
0.2289528154311442 0.6275068504431801 0.15212025719784272 0.32048539568222467 0.8847373755673623 5 3
0.0022248838796512516 0.746373966863565 0.38532616920278084 0.4629330266594748 0.6523792837000996 4 3
0.0022248838796512516 0.746373966863565 0.38532616920278084 0.4629330266594748 0.6523792837000996 4 3
0.24536321028504082 0.8831109997813243 0.3456549626286096 0.8940980543607594 0.4314696109540366 8 3
0.10818417769204758 0.11068449632517063 0.6896726321932487 0.5247419043719003 0.41900222339077287 6 8
0.10818417769204758 0.11068449632517063 0.6896726321932487 0.5247419043719003 0.41900222339077287 6 8
0.6298834414039399 0.2342164567022157 0.45066359788113775 0.1990499267138306 0.20297318791211116 2 6
0.021871145274008463 0.5620929676413832 0.5356690122103984 0.7073333737811566 0.7338717983521414 7 5
0.8719392647154626 0.07901372217163694 0.22778001154565408 0.5668289314828713 0.2703283005034415 3 5
0.8719392647154626 0.07901372217163694 0.22778001154565408 0.5668289314828713 0.2703283005034415 3 5
0.2779947250256011 0.27104241864442746 0.7064936253667148 0.7649908465162614 0.45822422261075924 8 5
0.2779947250256011 0.27104241864442746 0.7064936253667148 0.7649908465162614 0.45822422261075924 8 5
0.9639664414400845 0.13716958463014295 0.13855730129545507 0.6912754830114536 0.877263258423376 2 6
0.12205999060820782 0.011900927770672198 0.3533963765617044 0.16751118774730311 0.274120551755203 7 5
0.9078103896528182 0.7094888718687796 0.19288255051105685 0.726396757647883 0.187188285878495 8 7
0.20798467266572718 0.2697866175077257 0.6557398213965917 0.38238478334070314 0.08238743172281637 6 4
0.2289528154311442 0.6275068504431801 0.15212025719784272 0.32048539568222467 0.8847373755673623 5 3
0.2289528154311442 0.6275068504431801 0.15212025719784272 0.32048539568222467 0.8847373755673623 5 3
0.047944921711061794 0.8829241332025403 0.13334464213148245 0.887712131906414 0.1729541332953486 2 5
0.24536321028504082 0.8831109997813243 0.3456549626286096 0.8940980543607594 0.4314696109540366 8 3
0.24536321028504082 0.8831109997813243 0.3456549626286096 0.8940980543607594 0.4314696109540366 8 3
0.10818417769204758 0.11068449632517063 0.6896726321932487 0.5247419043719003 0.41900222339077287 6 8
0.6298834414039399 0.2342164567022157 0.45066359788113775 0.1990499267138306 0.20297318791211116 2 6
0.021871145274008463 0.5620929676413832 0.5356690122103984 0.7073333737811566 0.7338717983521414 7 5
0.8620239652821253 0.6305529170524281 0.4586266532104275 0.023500072913651526 0.48565918669826547 8 5
0.8719392647154626 0.07901372217163694 0.22778001154565408 0.5668289314828713 0.2703283005034415 3 5
0.9639664414400845 0.13716958463014295 0.13855730129545507 0.6912754830114536 0.877263258423376 2 6
0.15556140570967192 0.39667269938918137 0.16133777942175975 0.041305928137947756 0.9852807195506801 8 1
0.10119258185679925 0.2548011349378052 0.3708565012993924 0.4224506410353883 0.22299209775048956 8 3
0.7637864388999617 0.6928953662394344 0.9283297685568418 0.6008068435340943 0.40068353324133876 1 2
0.057261043820994395 0.6177312580856419 0.6623035750862968 0.07224989084606104 0.10589173785948802 3 3
0.2289528154311442 0.6275068504431801 0.15212025719784272 0.32048539568222467 0.8847373755673623 5 3
0.2289528154311442 0.6275068504431801 0.15212025719784272 0.32048539568222467 0.8847373755673623 5 3
0.552553376319494 0.8800340476468402 0.9126329662277662 0.21491566873832813 0.7236451014901457 6 7
0.0022248838796512516 0.746373966863565 0.38532616920278084 0.4629330266594748 0.6523792837000996 4 3
0.0022248838796512516 0.746373966863565 0.38532616920278084 0.4629330266594748 0.6523792837000996 4 3
0.24536321028504082 0.8831109997813243 0.3456549626286096 0.8940980543607594 0.4314696109540366 8 3
0.24536321028504082 0.8831109997813243 0.3456549626286096 0.8940980543607594 0.4314696109540366 8 3
0.10818417769204758 0.11068449632517063 0.6896726321932487 0.5247419043719003 0.41900222339077287 6 8
0.6298834414039399 0.2342164567022157 0.45066359788113775 0.1990499267138306 0.20297318791211116 2 6
0.8620239652821253 0.6305529170524281 0.4586266532104275 0.023500072913651526 0.48565918669826547 8 5
0.8620239652821253 0.6305529170524281 0.4586266532104275 0.023500072913651526 0.48565918669826547 8 5
0.8719392647154626 0.07901372217163694 0.22778001154565408 0.5668289314828713 0.2703283005034415 3 5
0.2779947250256011 0.27104241864442746 0.7064936253667148 0.7649908465162614 0.45822422261075924 8 5
0.2779947250256011 0.27104241864442746 0.7064936253667148 0.7649908465162614 0.45822422261075924 8 5
0.9639664414400845 0.13716958463014295 0.13855730129545507 0.6912754830114536 0.877263258423376 2 6
0.3462559464463729 0.3107033494745356 0.20682107500177982 0.804521395710966 0.6914836098314932 5 3
0.552553376319494 0.8800340476468402 0.9126329662277662 0.21491566873832813 0.7236451014901457 6 7
0.2289528154311442 0.6275068504431801 0.15212025719784272 0.32048539568222467 0.8847373755673623 5 3
0.2289528154311442 0.6275068504431801 0.15212025719784272 0.32048539568222467 0.8847373755673623 5 3
0.3579479525733169 0.8188307545984205 0.7361641629041785 0.6521937165745061 0.00927621339920226 1 6
0.0022248838796512516 0.746373966863565 0.38532616920278084 0.4629330266594748 0.6523792837000996 4 3
0.24536321028504082 0.8831109997813243 0.3456549626286096 0.8940980543607594 0.4314696109540366 8 3
0.24536321028504082 0.8831109997813243 0.3456549626286096 0.8940980543607594 0.4314696109540366 8 3
0.10818417769204758 0.11068449632517063 0.6896726321932487 0.5247419043719003 0.41900222339077287 6 8
0.8620239652821253 0.6305529170524281 0.4586266532104275 0.023500072913651526 0.48565918669826547 8 5
0.021871145274008463 0.5620929676413832 0.5356690122103984 0.7073333737811566 0.7338717983521414 7 5
0.8719392647154626 0.07901372217163694 0.22778001154565408 0.5668289314828713 0.2703283005034415 3 5
0.2779947250256011 0.27104241864442746 0.7064936253667148 0.7649908465162614 0.45822422261075924 8 5
0.2779947250256011 0.27104241864442746 0.7064936253667148 0.7649908465162614 0.45822422261075924 8 5
0.15556140570967192 0.39667269938918137 0.16133777942175975 0.041305928137947756 0.9852807195506801 8 1
0.10119258185679925 0.2548011349378052 0.3708565012993924 0.4224506410353883 0.22299209775048956 8 3
0.05173774585923441 0.41727475423786986 0.4358563134798391 0.4237188622476651 0.31460089687132575 5 1
0.2289528154311442 0.6275068504431801 0.15212025719784272 0.32048539568222467 0.8847373755673623 5 3
0.2289528154311442 0.6275068504431801 0.15212025719784272 0.32048539568222467 0.8847373755673623 5 3
0.5798972997536872 0.3458386620921001 0.13240119703132036 0.8119136941171434 0.9347635190088055 3 6
0.0022248838796512516 0.746373966863565 0.38532616920278084 0.4629330266594748 0.6523792837000996 4 3
0.0022248838796512516 0.746373966863565 0.38532616920278084 0.4629330266594748 0.6523792837000996 4 3
0.047944921711061794 0.8829241332025403 0.13334464213148245 0.887712131906414 0.1729541332953486 2 5
0.10818417769204758 0.11068449632517063 0.6896726321932487 0.5247419043719003 0.41900222339077287 6 8
0.10818417769204758 0.11068449632517063 0.6896726321932487 0.5247419043719003 0.41900222339077287 6 8
0.6298834414039399 0.2342164567022157 0.45066359788113775 0.1990499267138306 0.20297318791211116 2 6
0.021871145274008463 0.5620929676413832 0.5356690122103984 0.7073333737811566 0.7338717983521414 7 5
0.8719392647154626 0.07901372217163694 0.22778001154565408 0.5668289314828713 0.2703283005034415 3 5
0.8719392647154626 0.07901372217163694 0.22778001154565408 0.5668289314828713 0.2703283005034415 3 5
0.9639664414400845 0.13716958463014295 0.13855730129545507 0.6912754830114536 0.877263258423376 2 6
0.15556140570967192 0.39667269938918137 0.16133777942175975 0.041305928137947756 0.9852807195506801 8 1
0.15556140570967192 0.39667269938918137 0.16133777942175975 0.041305928137947756 0.9852807195506801 8 1
0.10119258185679925 0.2548011349378052 0.3708565012993924 0.4224506410353883 0.22299209775048956 8 3
0.3853791230165131 0.5118303301910928 0.7113255049443562 0.8960373457239514 0.0848603672316447 3 7
0.2289528154311442 0.6275068504431801 0.15212025719784272 0.32048539568222467 0.8847373755673623 5 3
0.2289528154311442 0.6275068504431801 0.15212025719784272 0.32048539568222467 0.8847373755673623 5 3
0.3579479525733169 0.8188307545984205 0.7361641629041785 0.6521937165745061 0.00927621339920226 1 6
0.24536321028504082 0.8831109997813243 0.3456549626286096 0.8940980543607594 0.4314696109540366 8 3
0.047944921711061794 0.8829241332025403 0.13334464213148245 0.887712131906414 0.1729541332953486 2 5
0.24536321028504082 0.8831109997813243 0.3456549626286096 0.8940980543607594 0.4314696109540366 8 3
0.10818417769204758 0.11068449632517063 0.6896726321932487 0.5247419043719003 0.41900222339077287 6 8
0.6298834414039399 0.2342164567022157 0.45066359788113775 0.1990499267138306 0.20297318791211116 2 6
0.021871145274008463 0.5620929676413832 0.5356690122103984 0.7073333737811566 0.7338717983521414 7 5
0.8719392647154626 0.07901372217163694 0.22778001154565408 0.5668289314828713 0.2703283005034415 3 5
0.8719392647154626 0.07901372217163694 0.22778001154565408 0.5668289314828713 0.2703283005034415 3 5
0.2779947250256011 0.27104241864442746 0.7064936253667148 0.7649908465162614 0.45822422261075924 8 5
0.9639664414400845 0.13716958463014295 0.13855730129545507 0.6912754830114536 0.877263258423376 2 6
0.9639664414400845 0.13716958463014295 0.13855730129545507 0.6912754830114536 0.877263258423376 2 6
0.12205999060820782 0.011900927770672198 0.3533963765617044 0.16751118774730311 0.274120551755203 7 5
0.3853791230165131 0.5118303301910928 0.7113255049443562 0.8960373457239514 0.0848603672316447 3 7
0.2289528154311442 0.6275068504431801 0.15212025719784272 0.32048539568222467 0.8847373755673623 5 3
0.2289528154311442 0.6275068504431801 0.15212025719784272 0.32048539568222467 0.8847373755673623 5 3
0.5798972997536872 0.3458386620921001 0.13240119703132036 0.8119136941171434 0.9347635190088055 3 6
0.047944921711061794 0.8829241332025403 0.13334464213148245 0.887712131906414 0.1729541332953486 2 5
0.24536321028504082 0.8831109997813243 0.3456549626286096 0.8940980543607594 0.4314696109540366 8 3
0.10818417769204758 0.11068449632517063 0.6896726321932487 0.5247419043719003 0.41900222339077287 6 8
0.6298834414039399 0.2342164567022157 0.45066359788113775 0.1990499267138306 0.20297318791211116 2 6
0.021871145274008463 0.5620929676413832 0.5356690122103984 0.7073333737811566 0.7338717983521414 7 5
0.8620239652821253 0.6305529170524281 0.4586266532104275 0.023500072913651526 0.48565918669826547 8 5
0.8719392647154626 0.07901372217163694 0.22778001154565408 0.5668289314828713 0.2703283005034415 3 5
0.9639664414400845 0.13716958463014295 0.13855730129545507 0.6912754830114536 0.877263258423376 2 6
0.15556140570967192 0.39667269938918137 0.16133777942175975 0.041305928137947756 0.9852807195506801 8 1
0.2779947250256011 0.27104241864442746 0.7064936253667148 0.7649908465162614 0.45822422261075924 8 5
0.15556140570967192 0.39667269938918137 0.16133777942175975 0.041305928137947756 0.9852807195506801 8 1
0.10119258185679925 0.2548011349378052 0.3708565012993924 0.4224506410353883 0.22299209775048956 8 3
0.2289528154311442 0.6275068504431801 0.15212025719784272 0.32048539568222467 0.8847373755673623 5 3
0.2289528154311442 0.6275068504431801 0.15212025719784272 0.32048539568222467 0.8847373755673623 5 3
0.552553376319494 0.8800340476468402 0.9126329662277662 0.21491566873832813 0.7236451014901457 6 7
0.0022248838796512516 0.746373966863565 0.38532616920278084 0.4629330266594748 0.6523792837000996 4 3
0.0022248838796512516 0.746373966863565 0.38532616920278084 0.4629330266594748 0.6523792837000996 4 3
0.24536321028504082 0.8831109997813243 0.3456549626286096 0.8940980543607594 0.4314696109540366 8 3
0.24536321028504082 0.8831109997813243 0.3456549626286096 0.8940980543607594 0.4314696109540366 8 3
0.10818417769204758 0.11068449632517063 0.6896726321932487 0.5247419043719003 0.41900222339077287 6 8
0.6298834414039399 0.2342164567022157 0.45066359788113775 0.1990499267138306 0.20297318791211116 2 6
0.8620239652821253 0.6305529170524281 0.4586266532104275 0.023500072913651526 0.48565918669826547 8 5
0.8620239652821253 0.6305529170524281 0.4586266532104275 0.023500072913651526 0.48565918669826547 8 5
0.8719392647154626 0.07901372217163694 0.22778001154565408 0.5668289314828713 0.2703283005034415 3 5
0.2779947250256011 0.27104241864442746 0.7064936253667148 0.7649908465162614 0.45822422261075924 8 5
0.2779947250256011 0.27104241864442746 0.7064936253667148 0.7649908465162614 0.45822422261075924 8 5
0.9639664414400845 0.13716958463014295 0.13855730129545507 0.6912754830114536 0.877263258423376 2 6
0.3462559464463729 0.3107033494745356 0.20682107500177982 0.804521395710966 0.6914836098314932 5 3
0.3853791230165131 0.5118303301910928 0.7113255049443562 0.8960373457239514 0.0848603672316447 3 7
0.2289528154311442 0.6275068504431801 0.15212025719784272 0.32048539568222467 0.8847373755673623 5 3
0.2289528154311442 0.6275068504431801 0.15212025719784272 0.32048539568222467 0.8847373755673623 5 3
0.5798972997536872 0.3458386620921001 0.13240119703132036 0.8119136941171434 0.9347635190088055 3 6
0.047944921711061794 0.8829241332025403 0.13334464213148245 0.887712131906414 0.1729541332953486 2 5
0.047944921711061794 0.8829241332025403 0.13334464213148245 0.887712131906414 0.1729541332953486 2 5
0.24536321028504082 0.8831109997813243 0.3456549626286096 0.8940980543607594 0.4314696109540366 8 3
0.24536321028504082 0.8831109997813243 0.3456549626286096 0.8940980543607594 0.4314696109540366 8 3
0.10818417769204758 0.11068449632517063 0.6896726321932487 0.5247419043719003 0.41900222339077287 6 8
0.6298834414039399 0.2342164567022157 0.45066359788113775 0.1990499267138306 0.20297318791211116 2 6
0.8620239652821253 0.6305529170524281 0.4586266532104275 0.023500072913651526 0.48565918669826547 8 5
0.8719392647154626 0.07901372217163694 0.22778001154565408 0.5668289314828713 0.2703283005034415 3 5
0.8719392647154626 0.07901372217163694 0.22778001154565408 0.5668289314828713 0.2703283005034415 3 5
0.2779947250256011 0.27104241864442746 0.7064936253667148 0.7649908465162614 0.45822422261075924 8 5
0.2779947250256011 0.27104241864442746 0.7064936253667148 0.7649908465162614 0.45822422261075924 8 5
0.7637864388999617 0.6928953662394344 0.9283297685568418 0.6008068435340943 0.40068353324133876 1 2
0.10119258185679925 0.2548011349378052 0.3708565012993924 0.4224506410353883 0.22299209775048956 8 3
0.3853791230165131 0.5118303301910928 0.7113255049443562 0.8960373457239514 0.0848603672316447 3 7
0.2289528154311442 0.6275068504431801 0.15212025719784272 0.32048539568222467 0.8847373755673623 5 3
0.2289528154311442 0.6275068504431801 0.15212025719784272 0.32048539568222467 0.8847373755673623 5 3
0.3579479525733169 0.8188307545984205 0.7361641629041785 0.6521937165745061 0.00927621339920226 1 6
0.0022248838796512516 0.746373966863565 0.38532616920278084 0.4629330266594748 0.6523792837000996 4 3
0.0022248838796512516 0.746373966863565 0.38532616920278084 0.4629330266594748 0.6523792837000996 4 3
0.047944921711061794 0.8829241332025403 0.13334464213148245 0.887712131906414 0.1729541332953486 2 5
0.24536321028504082 0.8831109997813243 0.3456549626286096 0.8940980543607594 0.4314696109540366 8 3
0.10818417769204758 0.11068449632517063 0.6896726321932487 0.5247419043719003 0.41900222339077287 6 8
0.6298834414039399 0.2342164567022157 0.45066359788113775 0.1990499267138306 0.20297318791211116 2 6
0.8620239652821253 0.6305529170524281 0.4586266532104275 0.023500072913651526 0.48565918669826547 8 5
0.8719392647154626 0.07901372217163694 0.22778001154565408 0.5668289314828713 0.2703283005034415 3 5
0.8719392647154626 0.07901372217163694 0.22778001154565408 0.5668289314828713 0.2703283005034415 3 5
0.2779947250256011 0.27104241864442746 0.7064936253667148 0.7649908465162614 0.45822422261075924 8 5
0.15556140570967192 0.39667269938918137 0.16133777942175975 0.041305928137947756 0.9852807195506801 8 1
0.9639664414400845 0.13716958463014295 0.13855730129545507 0.6912754830114536 0.877263258423376 2 6
0.12205999060820782 0.011900927770672198 0.3533963765617044 0.16751118774730311 0.274120551755203 7 5
0.3853791230165131 0.5118303301910928 0.7113255049443562 0.8960373457239514 0.0848603672316447 3 7
0.2289528154311442 0.6275068504431801 0.15212025719784272 0.32048539568222467 0.8847373755673623 5 3
0.2289528154311442 0.6275068504431801 0.15212025719784272 0.32048539568222467 0.8847373755673623 5 3
0.5798972997536872 0.3458386620921001 0.13240119703132036 0.8119136941171434 0.9347635190088055 3 6
0.0022248838796512516 0.746373966863565 0.38532616920278084 0.4629330266594748 0.6523792837000996 4 3
0.0022248838796512516 0.746373966863565 0.38532616920278084 0.4629330266594748 0.6523792837000996 4 3
0.047944921711061794 0.8829241332025403 0.13334464213148245 0.887712131906414 0.1729541332953486 2 5
0.10818417769204758 0.11068449632517063 0.6896726321932487 0.5247419043719003 0.41900222339077287 6 8
0.10818417769204758 0.11068449632517063 0.6896726321932487 0.5247419043719003 0.41900222339077287 6 8
0.6298834414039399 0.2342164567022157 0.45066359788113775 0.1990499267138306 0.20297318791211116 2 6
0.021871145274008463 0.5620929676413832 0.5356690122103984 0.7073333737811566 0.7338717983521414 7 5
0.8719392647154626 0.07901372217163694 0.22778001154565408 0.5668289314828713 0.2703283005034415 3 5
0.8719392647154626 0.07901372217163694 0.22778001154565408 0.5668289314828713 0.2703283005034415 3 5
0.9639664414400845 0.13716958463014295 0.13855730129545507 0.6912754830114536 0.877263258423376 2 6
0.15556140570967192 0.39667269938918137 0.16133777942175975 0.041305928137947756 0.9852807195506801 8 1
0.15556140570967192 0.39667269938918137 0.16133777942175975 0.041305928137947756 0.9852807195506801 8 1
0.3462559464463729 0.3107033494745356 0.20682107500177982 0.804521395710966 0.6914836098314932 5 3
0.3853791230165131 0.5118303301910928 0.7113255049443562 0.8960373457239514 0.0848603672316447 3 7
0.2289528154311442 0.6275068504431801 0.15212025719784272 0.32048539568222467 0.8847373755673623 5 3
0.2289528154311442 0.6275068504431801 0.15212025719784272 0.32048539568222467 0.8847373755673623 5 3
0.3579479525733169 0.8188307545984205 0.7361641629041785 0.6521937165745061 0.00927621339920226 1 6
0.24536321028504082 0.8831109997813243 0.3456549626286096 0.8940980543607594 0.4314696109540366 8 3
0.24536321028504082 0.8831109997813243 0.3456549626286096 0.8940980543607594 0.4314696109540366 8 3
0.10818417769204758 0.11068449632517063 0.6896726321932487 0.5247419043719003 0.41900222339077287 6 8
0.6298834414039399 0.2342164567022157 0.45066359788113775 0.1990499267138306 0.20297318791211116 2 6
0.021871145274008463 0.5620929676413832 0.5356690122103984 0.7073333737811566 0.7338717983521414 7 5
0.8620239652821253 0.6305529170524281 0.4586266532104275 0.023500072913651526 0.48565918669826547 8 5
0.8719392647154626 0.07901372217163694 0.22778001154565408 0.5668289314828713 0.2703283005034415 3 5
0.9639664414400845 0.13716958463014295 0.13855730129545507 0.6912754830114536 0.877263258423376 2 6
0.15556140570967192 0.39667269938918137 0.16133777942175975 0.041305928137947756 0.9852807195506801 8 1
0.10119258185679925 0.2548011349378052 0.3708565012993924 0.4224506410353883 0.22299209775048956 8 3
0.9639664414400845 0.13716958463014295 0.13855730129545507 0.6912754830114536 0.877263258423376 2 6
0.12205999060820782 0.011900927770672198 0.3533963765617044 0.16751118774730311 0.274120551755203 7 5
0.2289528154311442 0.6275068504431801 0.15212025719784272 0.32048539568222467 0.8847373755673623 5 3
0.2289528154311442 0.6275068504431801 0.15212025719784272 0.32048539568222467 0.8847373755673623 5 3
0.2289528154311442 0.6275068504431801 0.15212025719784272 0.32048539568222467 0.8847373755673623 5 3
0.0022248838796512516 0.746373966863565 0.38532616920278084 0.4629330266594748 0.6523792837000996 4 3
0.0022248838796512516 0.746373966863565 0.38532616920278084 0.4629330266594748 0.6523792837000996 4 3
0.24536321028504082 0.8831109997813243 0.3456549626286096 0.8940980543607594 0.4314696109540366 8 3
0.10818417769204758 0.11068449632517063 0.6896726321932487 0.5247419043719003 0.41900222339077287 6 8
0.10818417769204758 0.11068449632517063 0.6896726321932487 0.5247419043719003 0.41900222339077287 6 8
0.6298834414039399 0.2342164567022157 0.45066359788113775 0.1990499267138306 0.20297318791211116 2 6
0.021871145274008463 0.5620929676413832 0.5356690122103984 0.7073333737811566 0.7338717983521414 7 5
0.8620239652821253 0.6305529170524281 0.4586266532104275 0.023500072913651526 0.48565918669826547 8 5
0.8719392647154626 0.07901372217163694 0.22778001154565408 0.5668289314828713 0.2703283005034415 3 5
0.15556140570967192 0.39667269938918137 0.16133777942175975 0.041305928137947756 0.9852807195506801 8 1
0.10119258185679925 0.2548011349378052 0.3708565012993924 0.4224506410353883 0.22299209775048956 8 3
0.7637864388999617 0.6928953662394344 0.9283297685568418 0.6008068435340943 0.40068353324133876 1 2
0.12205999060820782 0.011900927770672198 0.3533963765617044 0.16751118774730311 0.274120551755203 7 5
0.9078103896528182 0.7094888718687796 0.19288255051105685 0.726396757647883 0.187188285878495 8 7
0.3853791230165131 0.5118303301910928 0.7113255049443562 0.8960373457239514 0.0848603672316447 3 7
0.2289528154311442 0.6275068504431801 0.15212025719784272 0.32048539568222467 0.8847373755673623 5 3
0.552553376319494 0.8800340476468402 0.9126329662277662 0.21491566873832813 0.7236451014901457 6 7
0.0022248838796512516 0.746373966863565 0.38532616920278084 0.4629330266594748 0.6523792837000996 4 3
0.0022248838796512516 0.746373966863565 0.38532616920278084 0.4629330266594748 0.6523792837000996 4 3
0.24536321028504082 0.8831109997813243 0.3456549626286096 0.8940980543607594 0.4314696109540366 8 3
0.24536321028504082 0.8831109997813243 0.3456549626286096 0.8940980543607594 0.4314696109540366 8 3
0.10818417769204758 0.11068449632517063 0.6896726321932487 0.5247419043719003 0.41900222339077287 6 8
0.6298834414039399 0.2342164567022157 0.45066359788113775 0.1990499267138306 0.20297318791211116 2 6
0.8620239652821253 0.6305529170524281 0.4586266532104275 0.023500072913651526 0.48565918669826547 8 5
0.8719392647154626 0.07901372217163694 0.22778001154565408 0.5668289314828713 0.2703283005034415 3 5
0.9639664414400845 0.13716958463014295 0.13855730129545507 0.6912754830114536 0.877263258423376 2 6
0.15556140570967192 0.39667269938918137 0.16133777942175975 0.041305928137947756 0.9852807195506801 8 1
0.10119258185679925 0.2548011349378052 0.3708565012993924 0.4224506410353883 0.22299209775048956 8 3
0.9639664414400845 0.13716958463014295 0.13855730129545507 0.6912754830114536 0.877263258423376 2 6
0.12205999060820782 0.011900927770672198 0.3533963765617044 0.16751118774730311 0.274120551755203 7 5
0.552553376319494 0.8800340476468402 0.9126329662277662 0.21491566873832813 0.7236451014901457 6 7
0.2289528154311442 0.6275068504431801 0.15212025719784272 0.32048539568222467 0.8847373755673623 5 3
0.5798972997536872 0.3458386620921001 0.13240119703132036 0.8119136941171434 0.9347635190088055 3 6
0.0022248838796512516 0.746373966863565 0.38532616920278084 0.4629330266594748 0.6523792837000996 4 3
0.24536321028504082 0.8831109997813243 0.3456549626286096 0.8940980543607594 0.4314696109540366 8 3
0.047944921711061794 0.8829241332025403 0.13334464213148245 0.887712131906414 0.1729541332953486 2 5
0.10818417769204758 0.11068449632517063 0.6896726321932487 0.5247419043719003 0.41900222339077287 6 8
0.10818417769204758 0.11068449632517063 0.6896726321932487 0.5247419043719003 0.41900222339077287 6 8
0.6298834414039399 0.2342164567022157 0.45066359788113775 0.1990499267138306 0.20297318791211116 2 6
0.021871145274008463 0.5620929676413832 0.5356690122103984 0.7073333737811566 0.7338717983521414 7 5
0.8719392647154626 0.07901372217163694 0.22778001154565408 0.5668289314828713 0.2703283005034415 3 5
0.8719392647154626 0.07901372217163694 0.22778001154565408 0.5668289314828713 0.2703283005034415 3 5
0.9639664414400845 0.13716958463014295 0.13855730129545507 0.6912754830114536 0.877263258423376 2 6
0.15556140570967192 0.39667269938918137 0.16133777942175975 0.041305928137947756 0.9852807195506801 8 1
0.15556140570967192 0.39667269938918137 0.16133777942175975 0.041305928137947756 0.9852807195506801 8 1
0.10119258185679925 0.2548011349378052 0.3708565012993924 0.4224506410353883 0.22299209775048956 8 3
0.552553376319494 0.8800340476468402 0.9126329662277662 0.21491566873832813 0.7236451014901457 6 7
0.2289528154311442 0.6275068504431801 0.15212025719784272 0.32048539568222467 0.8847373755673623 5 3
0.552553376319494 0.8800340476468402 0.9126329662277662 0.21491566873832813 0.7236451014901457 6 7
0.3579479525733169 0.8188307545984205 0.7361641629041785 0.6521937165745061 0.00927621339920226 1 6
0.0022248838796512516 0.746373966863565 0.38532616920278084 0.4629330266594748 0.6523792837000996 4 3
0.24536321028504082 0.8831109997813243 0.3456549626286096 0.8940980543607594 0.4314696109540366 8 3
0.24536321028504082 0.8831109997813243 0.3456549626286096 0.8940980543607594 0.4314696109540366 8 3
0.10818417769204758 0.11068449632517063 0.6896726321932487 0.5247419043719003 0.41900222339077287 6 8
0.8620239652821253 0.6305529170524281 0.4586266532104275 0.023500072913651526 0.48565918669826547 8 5
0.021871145274008463 0.5620929676413832 0.5356690122103984 0.7073333737811566 0.7338717983521414 7 5
0.8719392647154626 0.07901372217163694 0.22778001154565408 0.5668289314828713 0.2703283005034415 3 5
0.2779947250256011 0.27104241864442746 0.7064936253667148 0.7649908465162614 0.45822422261075924 8 5
0.2779947250256011 0.27104241864442746 0.7064936253667148 0.7649908465162614 0.45822422261075924 8 5
0.15556140570967192 0.39667269938918137 0.16133777942175975 0.041305928137947756 0.9852807195506801 8 1
0.9639664414400845 0.13716958463014295 0.13855730129545507 0.6912754830114536 0.877263258423376 2 6
0.12205999060820782 0.011900927770672198 0.3533963765617044 0.16751118774730311 0.274120551755203 7 5
