0.7751792873996094 0.4597645790133974 0.8368568045704143 0.12434747711344019 0.11613527683905123 3 5
0.7751792873996094 0.4597645790133974 0.8368568045704143 0.12434747711344019 0.11613527683905123 3 5
0.6106381433703842 0.5798626726995258 0.6218963824973492 0.415684172243758 0.09240534364908826 2 4
0.20793137648567328 0.65200589588545 0.23687123269569021 0.6277240289999825 0.9344167808208832 8 7
0.20793137648567328 0.65200589588545 0.23687123269569021 0.6277240289999825 0.9344167808208832 8 7
0.20793137648567328 0.65200589588545 0.23687123269569021 0.6277240289999825 0.9344167808208832 8 7
0.20793137648567328 0.65200589588545 0.23687123269569021 0.6277240289999825 0.9344167808208832 8 7
0.1069599736722101 0.6171888677683082 0.5781758487447282 0.20952983857319496 0.6086938365694275 5 4
0.02324781738822501 0.029234776373606386 0.9428769532429006 3.397639596259827E-4 0.3750743274951911 3 5
0.5078267633082627 0.941243539286165 0.06568657242135456 0.3622371556887699 0.13947963597927648 6 6
0.7331959635291255 0.03350550261051166 0.3257360981394709 0.6896020320370769 0.5330318210000926 7 4
0.050115158730453135 0.36600404138535947 0.3498417628886581 0.11929576562348254 0.6006148792145973 6 8
0.050115158730453135 0.36600404138535947 0.3498417628886581 0.11929576562348254 0.6006148792145973 6 8
0.936937629709734 0.3628381273442486 0.9538245706117345 0.40363538102707053 0.0703560389501986 5 3
0.015571708609637969 0.6846050385495686 0.5297412413775421 0.9658109033196509 0.20108948936807214 6 8
0.19409607711540455 0.06678839714101947 0.8939036832564261 0.9012520865290783 0.14860706943699098 5 6
0.3228958769364426 0.22905712004023682 0.8097393500633053 0.45601057775403275 0.22654990808666942 3 5
0.6873185579637611 0.8036527582415299 0.13067880143454447 0.17585480759639982 0.35380518314772036 8 7
0.7751792873996094 0.4597645790133974 0.8368568045704143 0.12434747711344019 0.11613527683905123 3 5
0.936937629709734 0.3628381273442486 0.9538245706117345 0.40363538102707053 0.0703560389501986 5 3
0.4242284491420183 0.2208803628724767 0.8651716152791841 0.4093119016090073 0.19158680148349116 6 2
0.20793137648567328 0.65200589588545 0.23687123269569021 0.6277240289999825 0.9344167808208832 8 7
0.20793137648567328 0.65200589588545 0.23687123269569021 0.6277240289999825 0.9344167808208832 8 7
0.1069599736722101 0.6171888677683082 0.5781758487447282 0.20952983857319496 0.6086938365694275 5 4
0.02324781738822501 0.029234776373606386 0.9428769532429006 3.397639596259827E-4 0.3750743274951911 3 5
0.02324781738822501 0.029234776373606386 0.9428769532429006 3.397639596259827E-4 0.3750743274951911 3 5
0.5078267633082627 0.941243539286165 0.06568657242135456 0.3622371556887699 0.13947963597927648 6 6
0.050115158730453135 0.36600404138535947 0.3498417628886581 0.11929576562348254 0.6006148792145973 6 8
0.9355320725492886 0.2658692705067748 0.898100294611441 0.05018327705392578 0.23154993052734452 7 3
0.936937629709734 0.3628381273442486 0.9538245706117345 0.40363538102707053 0.0703560389501986 5 3
0.9355320725492886 0.2658692705067748 0.898100294611441 0.05018327705392578 0.23154993052734452 7 3
0.004159239981564644 0.10242784082247536 0.8053659030059718 0.8081627001066448 0.8864987022009949 4 5
0.8920465070367956 0.3451357013794011 0.3492289761777685 0.7152921229996501 0.6021110842915566 3 8
0.7751792873996094 0.4597645790133974 0.8368568045704143 0.12434747711344019 0.11613527683905123 3 5
0.5539958442868563 0.3753502323918525 0.053140436075096886 0.8292840805197393 0.3119858847500421 7 6
0.6106381433703842 0.5798626726995258 0.6218963824973492 0.415684172243758 0.09240534364908826 2 4
0.20793137648567328 0.65200589588545 0.23687123269569021 0.6277240289999825 0.9344167808208832 8 7
0.20793137648567328 0.65200589588545 0.23687123269569021 0.6277240289999825 0.9344167808208832 8 7
0.20793137648567328 0.65200589588545 0.23687123269569021 0.6277240289999825 0.9344167808208832 8 7
0.20793137648567328 0.65200589588545 0.23687123269569021 0.6277240289999825 0.9344167808208832 8 7
0.1069599736722101 0.6171888677683082 0.5781758487447282 0.20952983857319496 0.6086938365694275 5 4
0.7053395067012252 0.7491343085820934 0.7559436270720422 0.41969596352764704 0.016744713732073424 2 3
0.5078267633082627 0.941243539286165 0.06568657242135456 0.3622371556887699 0.13947963597927648 6 6
0.7331959635291255 0.03350550261051166 0.3257360981394709 0.6896020320370769 0.5330318210000926 7 4
0.050115158730453135 0.36600404138535947 0.3498417628886581 0.11929576562348254 0.6006148792145973 6 8
0.050115158730453135 0.36600404138535947 0.3498417628886581 0.11929576562348254 0.6006148792145973 6 8
0.936937629709734 0.3628381273442486 0.9538245706117345 0.40363538102707053 0.0703560389501986 5 3
0.8746680232843299 0.1274986444551942 0.5446592509934006 0.0949898411315605 0.39072887785880583 1 5
0.004159239981564644 0.10242784082247536 0.8053659030059718 0.8081627001066448 0.8864987022009949 4 5
0.8920465070367956 0.3451357013794011 0.3492289761777685 0.7152921229996501 0.6021110842915566 3 8
0.7751792873996094 0.4597645790133974 0.8368568045704143 0.12434747711344019 0.11613527683905123 3 5
0.5539958442868563 0.3753502323918525 0.053140436075096886 0.8292840805197393 0.3119858847500421 7 6
0.7751792873996094 0.4597645790133974 0.8368568045704143 0.12434747711344019 0.11613527683905123 3 5
0.4242284491420183 0.2208803628724767 0.8651716152791841 0.4093119016090073 0.19158680148349116 6 2
0.20793137648567328 0.65200589588545 0.23687123269569021 0.6277240289999825 0.9344167808208832 8 7
0.20793137648567328 0.65200589588545 0.23687123269569021 0.6277240289999825 0.9344167808208832 8 7
0.20793137648567328 0.65200589588545 0.23687123269569021 0.6277240289999825 0.9344167808208832 8 7
0.1069599736722101 0.6171888677683082 0.5781758487447282 0.20952983857319496 0.6086938365694275 5 4
0.02324781738822501 0.029234776373606386 0.9428769532429006 3.397639596259827E-4 0.3750743274951911 3 5
0.5078267633082627 0.941243539286165 0.06568657242135456 0.3622371556887699 0.13947963597927648 6 6
0.050115158730453135 0.36600404138535947 0.3498417628886581 0.11929576562348254 0.6006148792145973 6 8
0.9355320725492886 0.2658692705067748 0.898100294611441 0.05018327705392578 0.23154993052734452 7 3
0.936937629709734 0.3628381273442486 0.9538245706117345 0.40363538102707053 0.0703560389501986 5 3
0.9355320725492886 0.2658692705067748 0.898100294611441 0.05018327705392578 0.23154993052734452 7 3
0.015571708609637969 0.6846050385495686 0.5297412413775421 0.9658109033196509 0.20108948936807214 6 8
0.19409607711540455 0.06678839714101947 0.8939036832564261 0.9012520865290783 0.14860706943699098 5 6
0.26911609169818596 0.2543183517863352 0.3648397440890242 0.5086933004200175 0.8960755165718011 3 8
0.7751792873996094 0.4597645790133974 0.8368568045704143 0.12434747711344019 0.11613527683905123 3 5
0.5539958442868563 0.3753502323918525 0.053140436075096886 0.8292840805197393 0.3119858847500421 7 6
0.7751792873996094 0.4597645790133974 0.8368568045704143 0.12434747711344019 0.11613527683905123 3 5
0.20793137648567328 0.65200589588545 0.23687123269569021 0.6277240289999825 0.9344167808208832 8 7
0.20793137648567328 0.65200589588545 0.23687123269569021 0.6277240289999825 0.9344167808208832 8 7
0.20793137648567328 0.65200589588545 0.23687123269569021 0.6277240289999825 0.9344167808208832 8 7
0.20793137648567328 0.65200589588545 0.23687123269569021 0.6277240289999825 0.9344167808208832 8 7
0.1069599736722101 0.6171888677683082 0.5781758487447282 0.20952983857319496 0.6086938365694275 5 4
0.02324781738822501 0.029234776373606386 0.9428769532429006 3.397639596259827E-4 0.3750743274951911 3 5
0.5078267633082627 0.941243539286165 0.06568657242135456 0.3622371556887699 0.13947963597927648 6 6
0.7331959635291255 0.03350550261051166 0.3257360981394709 0.6896020320370769 0.5330318210000926 7 4
0.050115158730453135 0.36600404138535947 0.3498417628886581 0.11929576562348254 0.6006148792145973 6 8
0.050115158730453135 0.36600404138535947 0.3498417628886581 0.11929576562348254 0.6006148792145973 6 8
0.936937629709734 0.3628381273442486 0.9538245706117345 0.40363538102707053 0.0703560389501986 5 3
0.8746680232843299 0.1274986444551942 0.5446592509934006 0.0949898411315605 0.39072887785880583 1 5
0.7751792873996094 0.4597645790133974 0.8368568045704143 0.12434747711344019 0.11613527683905123 3 5
0.8920465070367956 0.3451357013794011 0.3492289761777685 0.7152921229996501 0.6021110842915566 3 8
0.7751792873996094 0.4597645790133974 0.8368568045704143 0.12434747711344019 0.11613527683905123 3 5
0.936937629709734 0.3628381273442486 0.9538245706117345 0.40363538102707053 0.0703560389501986 5 3
0.6106381433703842 0.5798626726995258 0.6218963824973492 0.415684172243758 0.09240534364908826 2 4
0.20793137648567328 0.65200589588545 0.23687123269569021 0.6277240289999825 0.9344167808208832 8 7
0.20793137648567328 0.65200589588545 0.23687123269569021 0.6277240289999825 0.9344167808208832 8 7
0.20793137648567328 0.65200589588545 0.23687123269569021 0.6277240289999825 0.9344167808208832 8 7
0.20793137648567328 0.65200589588545 0.23687123269569021 0.6277240289999825 0.9344167808208832 8 7
0.1069599736722101 0.6171888677683082 0.5781758487447282 0.20952983857319496 0.6086938365694275 5 4
0.02324781738822501 0.029234776373606386 0.9428769532429006 3.397639596259827E-4 0.3750743274951911 3 5
0.5078267633082627 0.941243539286165 0.06568657242135456 0.3622371556887699 0.13947963597927648 6 6
0.7331959635291255 0.03350550261051166 0.3257360981394709 0.6896020320370769 0.5330318210000926 7 4
0.050115158730453135 0.36600404138535947 0.3498417628886581 0.11929576562348254 0.6006148792145973 6 8
0.050115158730453135 0.36600404138535947 0.3498417628886581 0.11929576562348254 0.6006148792145973 6 8
0.15415737898052773 0.41340006160989895 0.9053512265759488 0.5398093946123483 0.9100170535309683 5 4
0.7751792873996094 0.4597645790133974 0.8368568045704143 0.12434747711344019 0.11613527683905123 3 5
0.8920465070367956 0.3451357013794011 0.3492289761777685 0.7152921229996501 0.6021110842915566 3 8
0.5597381326537476 0.6583338929181137 0.014391306079322486 0.7576942011786434 0.025601527177478878 1 2
0.7751792873996094 0.4597645790133974 0.8368568045704143 0.12434747711344019 0.11613527683905123 3 5
0.7751792873996094 0.4597645790133974 0.8368568045704143 0.12434747711344019 0.11613527683905123 3 5
0.4242284491420183 0.2208803628724767 0.8651716152791841 0.4093119016090073 0.19158680148349116 6 2
0.4242284491420183 0.2208803628724767 0.8651716152791841 0.4093119016090073 0.19158680148349116 6 2
0.20793137648567328 0.65200589588545 0.23687123269569021 0.6277240289999825 0.9344167808208832 8 7
0.20793137648567328 0.65200589588545 0.23687123269569021 0.6277240289999825 0.9344167808208832 8 7
0.1069599736722101 0.6171888677683082 0.5781758487447282 0.20952983857319496 0.6086938365694275 5 4
0.02324781738822501 0.029234776373606386 0.9428769532429006 3.397639596259827E-4 0.3750743274951911 3 5
0.02324781738822501 0.029234776373606386 0.9428769532429006 3.397639596259827E-4 0.3750743274951911 3 5
0.5078267633082627 0.941243539286165 0.06568657242135456 0.3622371556887699 0.13947963597927648 6 6
0.7331959635291255 0.03350550261051166 0.3257360981394709 0.6896020320370769 0.5330318210000926 7 4
0.050115158730453135 0.36600404138535947 0.3498417628886581 0.11929576562348254 0.6006148792145973 6 8
0.050115158730453135 0.36600404138535947 0.3498417628886581 0.11929576562348254 0.6006148792145973 6 8
0.936937629709734 0.3628381273442486 0.9538245706117345 0.40363538102707053 0.0703560389501986 5 3
0.015571708609637969 0.6846050385495686 0.5297412413775421 0.9658109033196509 0.20108948936807214 6 8
0.19409607711540455 0.06678839714101947 0.8939036832564261 0.9012520865290783 0.14860706943699098 5 6
0.3228958769364426 0.22905712004023682 0.8097393500633053 0.45601057775403275 0.22654990808666942 3 5
0.7751792873996094 0.4597645790133974 0.8368568045704143 0.12434747711344019 0.11613527683905123 3 5
0.5539958442868563 0.3753502323918525 0.053140436075096886 0.8292840805197393 0.3119858847500421 7 6
0.7751792873996094 0.4597645790133974 0.8368568045704143 0.12434747711344019 0.11613527683905123 3 5
0.20793137648567328 0.65200589588545 0.23687123269569021 0.6277240289999825 0.9344167808208832 8 7
0.20793137648567328 0.65200589588545 0.23687123269569021 0.6277240289999825 0.9344167808208832 8 7
0.20793137648567328 0.65200589588545 0.23687123269569021 0.6277240289999825 0.9344167808208832 8 7
0.20793137648567328 0.65200589588545 0.23687123269569021 0.6277240289999825 0.9344167808208832 8 7
0.1069599736722101 0.6171888677683082 0.5781758487447282 0.20952983857319496 0.6086938365694275 5 4
0.02324781738822501 0.029234776373606386 0.9428769532429006 3.397639596259827E-4 0.3750743274951911 3 5
0.7053395067012252 0.7491343085820934 0.7559436270720422 0.41969596352764704 0.016744713732073424 2 3
0.7331959635291255 0.03350550261051166 0.3257360981394709 0.6896020320370769 0.5330318210000926 7 4
0.050115158730453135 0.36600404138535947 0.3498417628886581 0.11929576562348254 0.6006148792145973 6 8
0.050115158730453135 0.36600404138535947 0.3498417628886581 0.11929576562348254 0.6006148792145973 6 8
0.936937629709734 0.3628381273442486 0.9538245706117345 0.40363538102707053 0.0703560389501986 5 3
0.8746680232843299 0.1274986444551942 0.5446592509934006 0.0949898411315605 0.39072887785880583 1 5
0.004159239981564644 0.10242784082247536 0.8053659030059718 0.8081627001066448 0.8864987022009949 4 5
0.8920465070367956 0.3451357013794011 0.3492289761777685 0.7152921229996501 0.6021110842915566 3 8
0.7426377033097864 0.01828628369842722 0.7934775250980565 0.9927046125291655 0.10701967286031733 6 8
0.7751792873996094 0.4597645790133974 0.8368568045704143 0.12434747711344019 0.11613527683905123 3 5
0.7751792873996094 0.4597645790133974 0.8368568045704143 0.12434747711344019 0.11613527683905123 3 5
0.4242284491420183 0.2208803628724767 0.8651716152791841 0.4093119016090073 0.19158680148349116 6 2
0.4242284491420183 0.2208803628724767 0.8651716152791841 0.4093119016090073 0.19158680148349116 6 2
0.20793137648567328 0.65200589588545 0.23687123269569021 0.6277240289999825 0.9344167808208832 8 7
0.2723263300316767 0.2197562350928709 0.3790210677671316 0.3467295137310339 0.16601432764351431 1 7
0.2723263300316767 0.2197562350928709 0.3790210677671316 0.3467295137310339 0.16601432764351431 1 7
0.02324781738822501 0.029234776373606386 0.9428769532429006 3.397639596259827E-4 0.3750743274951911 3 5
0.02324781738822501 0.029234776373606386 0.9428769532429006 3.397639596259827E-4 0.3750743274951911 3 5
0.7053395067012252 0.7491343085820934 0.7559436270720422 0.41969596352764704 0.016744713732073424 2 3
0.9355320725492886 0.2658692705067748 0.898100294611441 0.05018327705392578 0.23154993052734452 7 3
0.936937629709734 0.3628381273442486 0.9538245706117345 0.40363538102707053 0.0703560389501986 5 3
0.936937629709734 0.3628381273442486 0.9538245706117345 0.40363538102707053 0.0703560389501986 5 3
0.015571708609637969 0.6846050385495686 0.5297412413775421 0.9658109033196509 0.20108948936807214 6 8
0.015571708609637969 0.6846050385495686 0.5297412413775421 0.9658109033196509 0.20108948936807214 6 8
0.19409607711540455 0.06678839714101947 0.8939036832564261 0.9012520865290783 0.14860706943699098 5 6
0.3228958769364426 0.22905712004023682 0.8097393500633053 0.45601057775403275 0.22654990808666942 3 5
0.26911609169818596 0.2543183517863352 0.3648397440890242 0.5086933004200175 0.8960755165718011 3 8
0.7751792873996094 0.4597645790133974 0.8368568045704143 0.12434747711344019 0.11613527683905123 3 5
0.936937629709734 0.3628381273442486 0.9538245706117345 0.40363538102707053 0.0703560389501986 5 3
0.6106381433703842 0.5798626726995258 0.6218963824973492 0.415684172243758 0.09240534364908826 2 4
0.20793137648567328 0.65200589588545 0.23687123269569021 0.6277240289999825 0.9344167808208832 8 7
0.20793137648567328 0.65200589588545 0.23687123269569021 0.6277240289999825 0.9344167808208832 8 7
0.20793137648567328 0.65200589588545 0.23687123269569021 0.6277240289999825 0.9344167808208832 8 7
0.1069599736722101 0.6171888677683082 0.5781758487447282 0.20952983857319496 0.6086938365694275 5 4
0.02324781738822501 0.029234776373606386 0.9428769532429006 3.397639596259827E-4 0.3750743274951911 3 5
0.5078267633082627 0.941243539286165 0.06568657242135456 0.3622371556887699 0.13947963597927648 6 6
0.050115158730453135 0.36600404138535947 0.3498417628886581 0.11929576562348254 0.6006148792145973 6 8
0.9355320725492886 0.2658692705067748 0.898100294611441 0.05018327705392578 0.23154993052734452 7 3
0.936937629709734 0.3628381273442486 0.9538245706117345 0.40363538102707053 0.0703560389501986 5 3
0.9355320725492886 0.2658692705067748 0.898100294611441 0.05018327705392578 0.23154993052734452 7 3
0.015571708609637969 0.6846050385495686 0.5297412413775421 0.9658109033196509 0.20108948936807214 6 8
0.8575507217145066 0.3938075047449543 0.6260712033688302 0.6648790833102229 0.07391670474615131 6 1
0.7751792873996094 0.4597645790133974 0.8368568045704143 0.12434747711344019 0.11613527683905123 3 5
0.5539958442868563 0.3753502323918525 0.053140436075096886 0.8292840805197393 0.3119858847500421 7 6
0.6106381433703842 0.5798626726995258 0.6218963824973492 0.415684172243758 0.09240534364908826 2 4
0.20793137648567328 0.65200589588545 0.23687123269569021 0.6277240289999825 0.9344167808208832 8 7
0.20793137648567328 0.65200589588545 0.23687123269569021 0.6277240289999825 0.9344167808208832 8 7
0.20793137648567328 0.65200589588545 0.23687123269569021 0.6277240289999825 0.9344167808208832 8 7
0.20793137648567328 0.65200589588545 0.23687123269569021 0.6277240289999825 0.9344167808208832 8 7
0.1069599736722101 0.6171888677683082 0.5781758487447282 0.20952983857319496 0.6086938365694275 5 4
0.7053395067012252 0.7491343085820934 0.7559436270720422 0.41969596352764704 0.016744713732073424 2 3
0.5078267633082627 0.941243539286165 0.06568657242135456 0.3622371556887699 0.13947963597927648 6 6
0.7331959635291255 0.03350550261051166 0.3257360981394709 0.6896020320370769 0.5330318210000926 7 4
0.050115158730453135 0.36600404138535947 0.3498417628886581 0.11929576562348254 0.6006148792145973 6 8
0.050115158730453135 0.36600404138535947 0.3498417628886581 0.11929576562348254 0.6006148792145973 6 8
0.936937629709734 0.3628381273442486 0.9538245706117345 0.40363538102707053 0.0703560389501986 5 3
0.8746680232843299 0.1274986444551942 0.5446592509934006 0.0949898411315605 0.39072887785880583 1 5
0.004159239981564644 0.10242784082247536 0.8053659030059718 0.8081627001066448 0.8864987022009949 4 5
0.8920465070367956 0.3451357013794011 0.3492289761777685 0.7152921229996501 0.6021110842915566 3 8
0.936937629709734 0.3628381273442486 0.9538245706117345 0.40363538102707053 0.0703560389501986 5 3
0.6106381433703842 0.5798626726995258 0.6218963824973492 0.415684172243758 0.09240534364908826 2 4
0.20793137648567328 0.65200589588545 0.23687123269569021 0.6277240289999825 0.9344167808208832 8 7
0.20793137648567328 0.65200589588545 0.23687123269569021 0.6277240289999825 0.9344167808208832 8 7
0.20793137648567328 0.65200589588545 0.23687123269569021 0.6277240289999825 0.9344167808208832 8 7
0.1069599736722101 0.6171888677683082 0.5781758487447282 0.20952983857319496 0.6086938365694275 5 4
0.02324781738822501 0.029234776373606386 0.9428769532429006 3.397639596259827E-4 0.3750743274951911 3 5
0.5078267633082627 0.941243539286165 0.06568657242135456 0.3622371556887699 0.13947963597927648 6 6
0.02324781738822501 0.029234776373606386 0.9428769532429006 3.397639596259827E-4 0.3750743274951911 3 5
0.5078267633082627 0.941243539286165 0.06568657242135456 0.3622371556887699 0.13947963597927648 6 6
0.7331959635291255 0.03350550261051166 0.3257360981394709 0.6896020320370769 0.5330318210000926 7 4
0.050115158730453135 0.36600404138535947 0.3498417628886581 0.11929576562348254 0.6006148792145973 6 8
0.050115158730453135 0.36600404138535947 0.3498417628886581 0.11929576562348254 0.6006148792145973 6 8
0.9355320725492886 0.2658692705067748 0.898100294611441 0.05018327705392578 0.23154993052734452 7 3
0.15415737898052773 0.41340006160989895 0.9053512265759488 0.5398093946123483 0.9100170535309683 5 4
0.03125594859808767 0.1700531026249763 0.3434177431977081 0.9920984879956557 0.19576902230320292 1 7
0.7751792873996094 0.4597645790133974 0.8368568045704143 0.12434747711344019 0.11613527683905123 3 5
0.7751792873996094 0.4597645790133974 0.8368568045704143 0.12434747711344019 0.11613527683905123 3 5
0.7751792873996094 0.4597645790133974 0.8368568045704143 0.12434747711344019 0.11613527683905123 3 5
0.5539958442868563 0.3753502323918525 0.053140436075096886 0.8292840805197393 0.3119858847500421 7 6
0.7751792873996094 0.4597645790133974 0.8368568045704143 0.12434747711344019 0.11613527683905123 3 5
0.4242284491420183 0.2208803628724767 0.8651716152791841 0.4093119016090073 0.19158680148349116 6 2
0.20793137648567328 0.65200589588545 0.23687123269569021 0.6277240289999825 0.9344167808208832 8 7
0.20793137648567328 0.65200589588545 0.23687123269569021 0.6277240289999825 0.9344167808208832 8 7
0.20793137648567328 0.65200589588545 0.23687123269569021 0.6277240289999825 0.9344167808208832 8 7
0.1069599736722101 0.6171888677683082 0.5781758487447282 0.20952983857319496 0.6086938365694275 5 4
0.02324781738822501 0.029234776373606386 0.9428769532429006 3.397639596259827E-4 0.3750743274951911 3 5
0.5078267633082627 0.941243539286165 0.06568657242135456 0.3622371556887699 0.13947963597927648 6 6
0.7331959635291255 0.03350550261051166 0.3257360981394709 0.6896020320370769 0.5330318210000926 7 4
0.050115158730453135 0.36600404138535947 0.3498417628886581 0.11929576562348254 0.6006148792145973 6 8
0.050115158730453135 0.36600404138535947 0.3498417628886581 0.11929576562348254 0.6006148792145973 6 8
0.936937629709734 0.3628381273442486 0.9538245706117345 0.40363538102707053 0.0703560389501986 5 3
0.8746680232843299 0.1274986444551942 0.5446592509934006 0.0949898411315605 0.39072887785880583 1 5
0.7751792873996094 0.4597645790133974 0.8368568045704143 0.12434747711344019 0.11613527683905123 3 5
0.8920465070367956 0.3451357013794011 0.3492289761777685 0.7152921229996501 0.6021110842915566 3 8
0.7751792873996094 0.4597645790133974 0.8368568045704143 0.12434747711344019 0.11613527683905123 3 5
0.5539958442868563 0.3753502323918525 0.053140436075096886 0.8292840805197393 0.3119858847500421 7 6
0.7751792873996094 0.4597645790133974 0.8368568045704143 0.12434747711344019 0.11613527683905123 3 5
0.20793137648567328 0.65200589588545 0.23687123269569021 0.6277240289999825 0.9344167808208832 8 7
0.20793137648567328 0.65200589588545 0.23687123269569021 0.6277240289999825 0.9344167808208832 8 7
0.20793137648567328 0.65200589588545 0.23687123269569021 0.6277240289999825 0.9344167808208832 8 7
0.20793137648567328 0.65200589588545 0.23687123269569021 0.6277240289999825 0.9344167808208832 8 7
0.1069599736722101 0.6171888677683082 0.5781758487447282 0.20952983857319496 0.6086938365694275 5 4
0.02324781738822501 0.029234776373606386 0.9428769532429006 3.397639596259827E-4 0.3750743274951911 3 5
0.5078267633082627 0.941243539286165 0.06568657242135456 0.3622371556887699 0.13947963597927648 6 6
0.7331959635291255 0.03350550261051166 0.3257360981394709 0.6896020320370769 0.5330318210000926 7 4
0.9355320725492886 0.2658692705067748 0.898100294611441 0.05018327705392578 0.23154993052734452 7 3
0.050115158730453135 0.36600404138535947 0.3498417628886581 0.11929576562348254 0.6006148792145973 6 8
0.936937629709734 0.3628381273442486 0.9538245706117345 0.40363538102707053 0.0703560389501986 5 3
0.15415737898052773 0.41340006160989895 0.9053512265759488 0.5398093946123483 0.9100170535309683 5 4
0.7751792873996094 0.4597645790133974 0.8368568045704143 0.12434747711344019 0.11613527683905123 3 5
0.8920465070367956 0.3451357013794011 0.3492289761777685 0.7152921229996501 0.6021110842915566 3 8
0.7751792873996094 0.4597645790133974 0.8368568045704143 0.12434747711344019 0.11613527683905123 3 5
0.7751792873996094 0.4597645790133974 0.8368568045704143 0.12434747711344019 0.11613527683905123 3 5
0.6106381433703842 0.5798626726995258 0.6218963824973492 0.415684172243758 0.09240534364908826 2 4
0.20793137648567328 0.65200589588545 0.23687123269569021 0.6277240289999825 0.9344167808208832 8 7
0.20793137648567328 0.65200589588545 0.23687123269569021 0.6277240289999825 0.9344167808208832 8 7
0.20793137648567328 0.65200589588545 0.23687123269569021 0.6277240289999825 0.9344167808208832 8 7
0.20793137648567328 0.65200589588545 0.23687123269569021 0.6277240289999825 0.9344167808208832 8 7
0.1069599736722101 0.6171888677683082 0.5781758487447282 0.20952983857319496 0.6086938365694275 5 4
0.02324781738822501 0.029234776373606386 0.9428769532429006 3.397639596259827E-4 0.3750743274951911 3 5
0.5078267633082627 0.941243539286165 0.06568657242135456 0.3622371556887699 0.13947963597927648 6 6
0.7331959635291255 0.03350550261051166 0.3257360981394709 0.6896020320370769 0.5330318210000926 7 4
0.050115158730453135 0.36600404138535947 0.3498417628886581 0.11929576562348254 0.6006148792145973 6 8
0.050115158730453135 0.36600404138535947 0.3498417628886581 0.11929576562348254 0.6006148792145973 6 8
0.936937629709734 0.3628381273442486 0.9538245706117345 0.40363538102707053 0.0703560389501986 5 3
0.015571708609637969 0.6846050385495686 0.5297412413775421 0.9658109033196509 0.20108948936807214 6 8
0.19409607711540455 0.06678839714101947 0.8939036832564261 0.9012520865290783 0.14860706943699098 5 6
0.3228958769364426 0.22905712004023682 0.8097393500633053 0.45601057775403275 0.22654990808666942 3 5
0.7751792873996094 0.4597645790133974 0.8368568045704143 0.12434747711344019 0.11613527683905123 3 5
0.936937629709734 0.3628381273442486 0.9538245706117345 0.40363538102707053 0.0703560389501986 5 3
0.6106381433703842 0.5798626726995258 0.6218963824973492 0.415684172243758 0.09240534364908826 2 4
0.20793137648567328 0.65200589588545 0.23687123269569021 0.6277240289999825 0.9344167808208832 8 7
0.20793137648567328 0.65200589588545 0.23687123269569021 0.6277240289999825 0.9344167808208832 8 7
0.20793137648567328 0.65200589588545 0.23687123269569021 0.6277240289999825 0.9344167808208832 8 7
0.1069599736722101 0.6171888677683082 0.5781758487447282 0.20952983857319496 0.6086938365694275 5 4
0.02324781738822501 0.029234776373606386 0.9428769532429006 3.397639596259827E-4 0.3750743274951911 3 5
0.5078267633082627 0.941243539286165 0.06568657242135456 0.3622371556887699 0.13947963597927648 6 6
0.7331959635291255 0.03350550261051166 0.3257360981394709 0.6896020320370769 0.5330318210000926 7 4
0.9355320725492886 0.2658692705067748 0.898100294611441 0.05018327705392578 0.23154993052734452 7 3
0.936937629709734 0.3628381273442486 0.9538245706117345 0.40363538102707053 0.0703560389501986 5 3
0.936937629709734 0.3628381273442486 0.9538245706117345 0.40363538102707053 0.0703560389501986 5 3
0.15415737898052773 0.41340006160989895 0.9053512265759488 0.5398093946123483 0.9100170535309683 5 4
0.03125594859808767 0.1700531026249763 0.3434177431977081 0.9920984879956557 0.19576902230320292 1 7
0.8920465070367956 0.3451357013794011 0.3492289761777685 0.7152921229996501 0.6021110842915566 3 8
0.5235697751963766 0.7558353945400855 0.7952331272565196 0.012111325091205494 0.5525362435141926 5 6
0.936937629709734 0.3628381273442486 0.9538245706117345 0.40363538102707053 0.0703560389501986 5 3
0.6106381433703842 0.5798626726995258 0.6218963824973492 0.415684172243758 0.09240534364908826 2 4
0.20793137648567328 0.65200589588545 0.23687123269569021 0.6277240289999825 0.9344167808208832 8 7
0.20793137648567328 0.65200589588545 0.23687123269569021 0.6277240289999825 0.9344167808208832 8 7
0.20793137648567328 0.65200589588545 0.23687123269569021 0.6277240289999825 0.9344167808208832 8 7
0.20793137648567328 0.65200589588545 0.23687123269569021 0.6277240289999825 0.9344167808208832 8 7
0.20793137648567328 0.65200589588545 0.23687123269569021 0.6277240289999825 0.9344167808208832 8 7
0.1069599736722101 0.6171888677683082 0.5781758487447282 0.20952983857319496 0.6086938365694275 5 4
0.7053395067012252 0.7491343085820934 0.7559436270720422 0.41969596352764704 0.016744713732073424 2 3
0.5078267633082627 0.941243539286165 0.06568657242135456 0.3622371556887699 0.13947963597927648 6 6
0.7331959635291255 0.03350550261051166 0.3257360981394709 0.6896020320370769 0.5330318210000926 7 4
0.050115158730453135 0.36600404138535947 0.3498417628886581 0.11929576562348254 0.6006148792145973 6 8
0.050115158730453135 0.36600404138535947 0.3498417628886581 0.11929576562348254 0.6006148792145973 6 8
0.936937629709734 0.3628381273442486 0.9538245706117345 0.40363538102707053 0.0703560389501986 5 3
0.015571708609637969 0.6846050385495686 0.5297412413775421 0.9658109033196509 0.20108948936807214 6 8
0.19409607711540455 0.06678839714101947 0.8939036832564261 0.9012520865290783 0.14860706943699098 5 6
0.3228958769364426 0.22905712004023682 0.8097393500633053 0.45601057775403275 0.22654990808666942 3 5
0.7751792873996094 0.4597645790133974 0.8368568045704143 0.12434747711344019 0.11613527683905123 3 5
0.7751792873996094 0.4597645790133974 0.8368568045704143 0.12434747711344019 0.11613527683905123 3 5
0.7751792873996094 0.4597645790133974 0.8368568045704143 0.12434747711344019 0.11613527683905123 3 5
0.6106381433703842 0.5798626726995258 0.6218963824973492 0.415684172243758 0.09240534364908826 2 4
0.20793137648567328 0.65200589588545 0.23687123269569021 0.6277240289999825 0.9344167808208832 8 7
0.20793137648567328 0.65200589588545 0.23687123269569021 0.6277240289999825 0.9344167808208832 8 7
0.20793137648567328 0.65200589588545 0.23687123269569021 0.6277240289999825 0.9344167808208832 8 7
0.20793137648567328 0.65200589588545 0.23687123269569021 0.6277240289999825 0.9344167808208832 8 7
0.1069599736722101 0.6171888677683082 0.5781758487447282 0.20952983857319496 0.6086938365694275 5 4
0.02324781738822501 0.029234776373606386 0.9428769532429006 3.397639596259827E-4 0.3750743274951911 3 5
0.5078267633082627 0.941243539286165 0.06568657242135456 0.3622371556887699 0.13947963597927648 6 6
0.7331959635291255 0.03350550261051166 0.3257360981394709 0.6896020320370769 0.5330318210000926 7 4
0.050115158730453135 0.36600404138535947 0.3498417628886581 0.11929576562348254 0.6006148792145973 6 8
0.050115158730453135 0.36600404138535947 0.3498417628886581 0.11929576562348254 0.6006148792145973 6 8
0.936937629709734 0.3628381273442486 0.9538245706117345 0.40363538102707053 0.0703560389501986 5 3
0.015571708609637969 0.6846050385495686 0.5297412413775421 0.9658109033196509 0.20108948936807214 6 8
0.19409607711540455 0.06678839714101947 0.8939036832564261 0.9012520865290783 0.14860706943699098 5 6
0.3228958769364426 0.22905712004023682 0.8097393500633053 0.45601057775403275 0.22654990808666942 3 5
0.7751792873996094 0.4597645790133974 0.8368568045704143 0.12434747711344019 0.11613527683905123 3 5
0.5539958442868563 0.3753502323918525 0.053140436075096886 0.8292840805197393 0.3119858847500421 7 6
0.7751792873996094 0.4597645790133974 0.8368568045704143 0.12434747711344019 0.11613527683905123 3 5
0.20793137648567328 0.65200589588545 0.23687123269569021 0.6277240289999825 0.9344167808208832 8 7
0.20793137648567328 0.65200589588545 0.23687123269569021 0.6277240289999825 0.9344167808208832 8 7
0.20793137648567328 0.65200589588545 0.23687123269569021 0.6277240289999825 0.9344167808208832 8 7
0.2723263300316767 0.2197562350928709 0.3790210677671316 0.3467295137310339 0.16601432764351431 1 7
0.1069599736722101 0.6171888677683082 0.5781758487447282 0.20952983857319496 0.6086938365694275 5 4
0.02324781738822501 0.029234776373606386 0.9428769532429006 3.397639596259827E-4 0.3750743274951911 3 5
0.5078267633082627 0.941243539286165 0.06568657242135456 0.3622371556887699 0.13947963597927648 6 6
0.7331959635291255 0.03350550261051166 0.3257360981394709 0.6896020320370769 0.5330318210000926 7 4
0.936937629709734 0.3628381273442486 0.9538245706117345 0.40363538102707053 0.0703560389501986 5 3
0.050115158730453135 0.36600404138535947 0.3498417628886581 0.11929576562348254 0.6006148792145973 6 8
0.936937629709734 0.3628381273442486 0.9538245706117345 0.40363538102707053 0.0703560389501986 5 3
0.15415737898052773 0.41340006160989895 0.9053512265759488 0.5398093946123483 0.9100170535309683 5 4
0.7751792873996094 0.4597645790133974 0.8368568045704143 0.12434747711344019 0.11613527683905123 3 5
0.8920465070367956 0.3451357013794011 0.3492289761777685 0.7152921229996501 0.6021110842915566 3 8
0.7751792873996094 0.4597645790133974 0.8368568045704143 0.12434747711344019 0.11613527683905123 3 5
0.936937629709734 0.3628381273442486 0.9538245706117345 0.40363538102707053 0.0703560389501986 5 3
0.6106381433703842 0.5798626726995258 0.6218963824973492 0.415684172243758 0.09240534364908826 2 4
0.20793137648567328 0.65200589588545 0.23687123269569021 0.6277240289999825 0.9344167808208832 8 7
0.20793137648567328 0.65200589588545 0.23687123269569021 0.6277240289999825 0.9344167808208832 8 7
0.20793137648567328 0.65200589588545 0.23687123269569021 0.6277240289999825 0.9344167808208832 8 7
0.1069599736722101 0.6171888677683082 0.5781758487447282 0.20952983857319496 0.6086938365694275 5 4
0.02324781738822501 0.029234776373606386 0.9428769532429006 3.397639596259827E-4 0.3750743274951911 3 5
0.5078267633082627 0.941243539286165 0.06568657242135456 0.3622371556887699 0.13947963597927648 6 6
0.7053395067012252 0.7491343085820934 0.7559436270720422 0.41969596352764704 0.016744713732073424 2 3
0.050115158730453135 0.36600404138535947 0.3498417628886581 0.11929576562348254 0.6006148792145973 6 8
0.9355320725492886 0.2658692705067748 0.898100294611441 0.05018327705392578 0.23154993052734452 7 3
0.9355320725492886 0.2658692705067748 0.898100294611441 0.05018327705392578 0.23154993052734452 7 3
0.15415737898052773 0.41340006160989895 0.9053512265759488 0.5398093946123483 0.9100170535309683 5 4
0.7751792873996094 0.4597645790133974 0.8368568045704143 0.12434747711344019 0.11613527683905123 3 5
0.8920465070367956 0.3451357013794011 0.3492289761777685 0.7152921229996501 0.6021110842915566 3 8
0.5597381326537476 0.6583338929181137 0.014391306079322486 0.7576942011786434 0.025601527177478878 1 2
0.936937629709734 0.3628381273442486 0.9538245706117345 0.40363538102707053 0.0703560389501986 5 3
0.6106381433703842 0.5798626726995258 0.6218963824973492 0.415684172243758 0.09240534364908826 2 4
0.20793137648567328 0.65200589588545 0.23687123269569021 0.6277240289999825 0.9344167808208832 8 7
0.20793137648567328 0.65200589588545 0.23687123269569021 0.6277240289999825 0.9344167808208832 8 7
0.20793137648567328 0.65200589588545 0.23687123269569021 0.6277240289999825 0.9344167808208832 8 7
0.2723263300316767 0.2197562350928709 0.3790210677671316 0.3467295137310339 0.16601432764351431 1 7
0.20793137648567328 0.65200589588545 0.23687123269569021 0.6277240289999825 0.9344167808208832 8 7
0.1069599736722101 0.6171888677683082 0.5781758487447282 0.20952983857319496 0.6086938365694275 5 4
0.02324781738822501 0.029234776373606386 0.9428769532429006 3.397639596259827E-4 0.3750743274951911 3 5
0.5078267633082627 0.941243539286165 0.06568657242135456 0.3622371556887699 0.13947963597927648 6 6
0.7331959635291255 0.03350550261051166 0.3257360981394709 0.6896020320370769 0.5330318210000926 7 4
0.050115158730453135 0.36600404138535947 0.3498417628886581 0.11929576562348254 0.6006148792145973 6 8
0.050115158730453135 0.36600404138535947 0.3498417628886581 0.11929576562348254 0.6006148792145973 6 8
0.936937629709734 0.3628381273442486 0.9538245706117345 0.40363538102707053 0.0703560389501986 5 3
0.015571708609637969 0.6846050385495686 0.5297412413775421 0.9658109033196509 0.20108948936807214 6 8
0.19409607711540455 0.06678839714101947 0.8939036832564261 0.9012520865290783 0.14860706943699098 5 6
0.3228958769364426 0.22905712004023682 0.8097393500633053 0.45601057775403275 0.22654990808666942 3 5
0.7751792873996094 0.4597645790133974 0.8368568045704143 0.12434747711344019 0.11613527683905123 3 5
0.7751792873996094 0.4597645790133974 0.8368568045704143 0.12434747711344019 0.11613527683905123 3 5
0.7751792873996094 0.4597645790133974 0.8368568045704143 0.12434747711344019 0.11613527683905123 3 5
0.4242284491420183 0.2208803628724767 0.8651716152791841 0.4093119016090073 0.19158680148349116 6 2
0.4242284491420183 0.2208803628724767 0.8651716152791841 0.4093119016090073 0.19158680148349116 6 2
0.20793137648567328 0.65200589588545 0.23687123269569021 0.6277240289999825 0.9344167808208832 8 7
0.20793137648567328 0.65200589588545 0.23687123269569021 0.6277240289999825 0.9344167808208832 8 7
0.20793137648567328 0.65200589588545 0.23687123269569021 0.6277240289999825 0.9344167808208832 8 7
0.1069599736722101 0.6171888677683082 0.5781758487447282 0.20952983857319496 0.6086938365694275 5 4
0.7053395067012252 0.7491343085820934 0.7559436270720422 0.41969596352764704 0.016744713732073424 2 3
0.5078267633082627 0.941243539286165 0.06568657242135456 0.3622371556887699 0.13947963597927648 6 6
0.7331959635291255 0.03350550261051166 0.3257360981394709 0.6896020320370769 0.5330318210000926 7 4
0.050115158730453135 0.36600404138535947 0.3498417628886581 0.11929576562348254 0.6006148792145973 6 8
0.050115158730453135 0.36600404138535947 0.3498417628886581 0.11929576562348254 0.6006148792145973 6 8
0.936937629709734 0.3628381273442486 0.9538245706117345 0.40363538102707053 0.0703560389501986 5 3
0.015571708609637969 0.6846050385495686 0.5297412413775421 0.9658109033196509 0.20108948936807214 6 8
0.19409607711540455 0.06678839714101947 0.8939036832564261 0.9012520865290783 0.14860706943699098 5 6
0.3228958769364426 0.22905712004023682 0.8097393500633053 0.45601057775403275 0.22654990808666942 3 5
0.6873185579637611 0.8036527582415299 0.13067880143454447 0.17585480759639982 0.35380518314772036 8 7
0.7751792873996094 0.4597645790133974 0.8368568045704143 0.12434747711344019 0.11613527683905123 3 5
0.936937629709734 0.3628381273442486 0.9538245706117345 0.40363538102707053 0.0703560389501986 5 3
0.4242284491420183 0.2208803628724767 0.8651716152791841 0.4093119016090073 0.19158680148349116 6 2
0.20793137648567328 0.65200589588545 0.23687123269569021 0.6277240289999825 0.9344167808208832 8 7
0.20793137648567328 0.65200589588545 0.23687123269569021 0.6277240289999825 0.9344167808208832 8 7
0.1069599736722101 0.6171888677683082 0.5781758487447282 0.20952983857319496 0.6086938365694275 5 4
0.02324781738822501 0.029234776373606386 0.9428769532429006 3.397639596259827E-4 0.3750743274951911 3 5
0.02324781738822501 0.029234776373606386 0.9428769532429006 3.397639596259827E-4 0.3750743274951911 3 5
0.5078267633082627 0.941243539286165 0.06568657242135456 0.3622371556887699 0.13947963597927648 6 6
0.050115158730453135 0.36600404138535947 0.3498417628886581 0.11929576562348254 0.6006148792145973 6 8
0.9355320725492886 0.2658692705067748 0.898100294611441 0.05018327705392578 0.23154993052734452 7 3
0.936937629709734 0.3628381273442486 0.9538245706117345 0.40363538102707053 0.0703560389501986 5 3
0.9355320725492886 0.2658692705067748 0.898100294611441 0.05018327705392578 0.23154993052734452 7 3
0.004159239981564644 0.10242784082247536 0.8053659030059718 0.8081627001066448 0.8864987022009949 4 5
0.8920465070367956 0.3451357013794011 0.3492289761777685 0.7152921229996501 0.6021110842915566 3 8
0.7751792873996094 0.4597645790133974 0.8368568045704143 0.12434747711344019 0.11613527683905123 3 5
0.5539958442868563 0.3753502323918525 0.053140436075096886 0.8292840805197393 0.3119858847500421 7 6
0.6106381433703842 0.5798626726995258 0.6218963824973492 0.415684172243758 0.09240534364908826 2 4
0.20793137648567328 0.65200589588545 0.23687123269569021 0.6277240289999825 0.9344167808208832 8 7
0.20793137648567328 0.65200589588545 0.23687123269569021 0.6277240289999825 0.9344167808208832 8 7
0.20793137648567328 0.65200589588545 0.23687123269569021 0.6277240289999825 0.9344167808208832 8 7
0.20793137648567328 0.65200589588545 0.23687123269569021 0.6277240289999825 0.9344167808208832 8 7
0.02324781738822501 0.029234776373606386 0.9428769532429006 3.397639596259827E-4 0.3750743274951911 3 5
0.02324781738822501 0.029234776373606386 0.9428769532429006 3.397639596259827E-4 0.3750743274951911 3 5
0.5078267633082627 0.941243539286165 0.06568657242135456 0.3622371556887699 0.13947963597927648 6 6
0.7331959635291255 0.03350550261051166 0.3257360981394709 0.6896020320370769 0.5330318210000926 7 4
0.050115158730453135 0.36600404138535947 0.3498417628886581 0.11929576562348254 0.6006148792145973 6 8
0.050115158730453135 0.36600404138535947 0.3498417628886581 0.11929576562348254 0.6006148792145973 6 8
0.936937629709734 0.3628381273442486 0.9538245706117345 0.40363538102707053 0.0703560389501986 5 3
0.8746680232843299 0.1274986444551942 0.5446592509934006 0.0949898411315605 0.39072887785880583 1 5
0.004159239981564644 0.10242784082247536 0.8053659030059718 0.8081627001066448 0.8864987022009949 4 5
0.8920465070367956 0.3451357013794011 0.3492289761777685 0.7152921229996501 0.6021110842915566 3 8
0.7751792873996094 0.4597645790133974 0.8368568045704143 0.12434747711344019 0.11613527683905123 3 5
0.5539958442868563 0.3753502323918525 0.053140436075096886 0.8292840805197393 0.3119858847500421 7 6
0.4242284491420183 0.2208803628724767 0.8651716152791841 0.4093119016090073 0.19158680148349116 6 2
0.20793137648567328 0.65200589588545 0.23687123269569021 0.6277240289999825 0.9344167808208832 8 7
0.20793137648567328 0.65200589588545 0.23687123269569021 0.6277240289999825 0.9344167808208832 8 7
0.2723263300316767 0.2197562350928709 0.3790210677671316 0.3467295137310339 0.16601432764351431 1 7
0.2723263300316767 0.2197562350928709 0.3790210677671316 0.3467295137310339 0.16601432764351431 1 7
0.02324781738822501 0.029234776373606386 0.9428769532429006 3.397639596259827E-4 0.3750743274951911 3 5
0.02324781738822501 0.029234776373606386 0.9428769532429006 3.397639596259827E-4 0.3750743274951911 3 5
0.7053395067012252 0.7491343085820934 0.7559436270720422 0.41969596352764704 0.016744713732073424 2 3
0.9355320725492886 0.2658692705067748 0.898100294611441 0.05018327705392578 0.23154993052734452 7 3
0.936937629709734 0.3628381273442486 0.9538245706117345 0.40363538102707053 0.0703560389501986 5 3
0.936937629709734 0.3628381273442486 0.9538245706117345 0.40363538102707053 0.0703560389501986 5 3
0.015571708609637969 0.6846050385495686 0.5297412413775421 0.9658109033196509 0.20108948936807214 6 8
0.004159239981564644 0.10242784082247536 0.8053659030059718 0.8081627001066448 0.8864987022009949 4 5
0.004159239981564644 0.10242784082247536 0.8053659030059718 0.8081627001066448 0.8864987022009949 4 5
0.8920465070367956 0.3451357013794011 0.3492289761777685 0.7152921229996501 0.6021110842915566 3 8
0.7426377033097864 0.01828628369842722 0.7934775250980565 0.9927046125291655 0.10701967286031733 6 8
0.5539958442868563 0.3753502323918525 0.053140436075096886 0.8292840805197393 0.3119858847500421 7 6
0.7751792873996094 0.4597645790133974 0.8368568045704143 0.12434747711344019 0.11613527683905123 3 5
0.6106381433703842 0.5798626726995258 0.6218963824973492 0.415684172243758 0.09240534364908826 2 4
0.20793137648567328 0.65200589588545 0.23687123269569021 0.6277240289999825 0.9344167808208832 8 7
0.20793137648567328 0.65200589588545 0.23687123269569021 0.6277240289999825 0.9344167808208832 8 7
0.2723263300316767 0.2197562350928709 0.3790210677671316 0.3467295137310339 0.16601432764351431 1 7
0.20793137648567328 0.65200589588545 0.23687123269569021 0.6277240289999825 0.9344167808208832 8 7
0.1069599736722101 0.6171888677683082 0.5781758487447282 0.20952983857319496 0.6086938365694275 5 4
0.02324781738822501 0.029234776373606386 0.9428769532429006 3.397639596259827E-4 0.3750743274951911 3 5
0.5078267633082627 0.941243539286165 0.06568657242135456 0.3622371556887699 0.13947963597927648 6 6
0.7331959635291255 0.03350550261051166 0.3257360981394709 0.6896020320370769 0.5330318210000926 7 4
0.050115158730453135 0.36600404138535947 0.3498417628886581 0.11929576562348254 0.6006148792145973 6 8
0.050115158730453135 0.36600404138535947 0.3498417628886581 0.11929576562348254 0.6006148792145973 6 8
0.8746680232843299 0.1274986444551942 0.5446592509934006 0.0949898411315605 0.39072887785880583 1 5
0.8920465070367956 0.3451357013794011 0.3492289761777685 0.7152921229996501 0.6021110842915566 3 8
0.8920465070367956 0.3451357013794011 0.3492289761777685 0.7152921229996501 0.6021110842915566 3 8
0.7751792873996094 0.4597645790133974 0.8368568045704143 0.12434747711344019 0.11613527683905123 3 5
0.936937629709734 0.3628381273442486 0.9538245706117345 0.40363538102707053 0.0703560389501986 5 3
0.6106381433703842 0.5798626726995258 0.6218963824973492 0.415684172243758 0.09240534364908826 2 4
0.20793137648567328 0.65200589588545 0.23687123269569021 0.6277240289999825 0.9344167808208832 8 7
0.4242284491420183 0.2208803628724767 0.8651716152791841 0.4093119016090073 0.19158680148349116 6 2
0.20793137648567328 0.65200589588545 0.23687123269569021 0.6277240289999825 0.9344167808208832 8 7
0.2723263300316767 0.2197562350928709 0.3790210677671316 0.3467295137310339 0.16601432764351431 1 7
0.20793137648567328 0.65200589588545 0.23687123269569021 0.6277240289999825 0.9344167808208832 8 7
0.1069599736722101 0.6171888677683082 0.5781758487447282 0.20952983857319496 0.6086938365694275 5 4
0.02324781738822501 0.029234776373606386 0.9428769532429006 3.397639596259827E-4 0.3750743274951911 3 5
0.5078267633082627 0.941243539286165 0.06568657242135456 0.3622371556887699 0.13947963597927648 6 6
0.7331959635291255 0.03350550261051166 0.3257360981394709 0.6896020320370769 0.5330318210000926 7 4
0.050115158730453135 0.36600404138535947 0.3498417628886581 0.11929576562348254 0.6006148792145973 6 8
0.050115158730453135 0.36600404138535947 0.3498417628886581 0.11929576562348254 0.6006148792145973 6 8
0.936937629709734 0.3628381273442486 0.9538245706117345 0.40363538102707053 0.0703560389501986 5 3
0.015571708609637969 0.6846050385495686 0.5297412413775421 0.9658109033196509 0.20108948936807214 6 8
0.19409607711540455 0.06678839714101947 0.8939036832564261 0.9012520865290783 0.14860706943699098 5 6
0.3228958769364426 0.22905712004023682 0.8097393500633053 0.45601057775403275 0.22654990808666942 3 5
0.7751792873996094 0.4597645790133974 0.8368568045704143 0.12434747711344019 0.11613527683905123 3 5
0.7751792873996094 0.4597645790133974 0.8368568045704143 0.12434747711344019 0.11613527683905123 3 5
0.936937629709734 0.3628381273442486 0.9538245706117345 0.40363538102707053 0.0703560389501986 5 3
0.7751792873996094 0.4597645790133974 0.8368568045704143 0.12434747711344019 0.11613527683905123 3 5
0.20793137648567328 0.65200589588545 0.23687123269569021 0.6277240289999825 0.9344167808208832 8 7
0.20793137648567328 0.65200589588545 0.23687123269569021 0.6277240289999825 0.9344167808208832 8 7
0.20793137648567328 0.65200589588545 0.23687123269569021 0.6277240289999825 0.9344167808208832 8 7
0.20793137648567328 0.65200589588545 0.23687123269569021 0.6277240289999825 0.9344167808208832 8 7
0.1069599736722101 0.6171888677683082 0.5781758487447282 0.20952983857319496 0.6086938365694275 5 4
0.02324781738822501 0.029234776373606386 0.9428769532429006 3.397639596259827E-4 0.3750743274951911 3 5
0.5078267633082627 0.941243539286165 0.06568657242135456 0.3622371556887699 0.13947963597927648 6 6
0.7331959635291255 0.03350550261051166 0.3257360981394709 0.6896020320370769 0.5330318210000926 7 4
0.050115158730453135 0.36600404138535947 0.3498417628886581 0.11929576562348254 0.6006148792145973 6 8
0.050115158730453135 0.36600404138535947 0.3498417628886581 0.11929576562348254 0.6006148792145973 6 8
0.936937629709734 0.3628381273442486 0.9538245706117345 0.40363538102707053 0.0703560389501986 5 3
0.8746680232843299 0.1274986444551942 0.5446592509934006 0.0949898411315605 0.39072887785880583 1 5
0.7751792873996094 0.4597645790133974 0.8368568045704143 0.12434747711344019 0.11613527683905123 3 5
0.5597381326537476 0.6583338929181137 0.014391306079322486 0.7576942011786434 0.025601527177478878 1 2
0.7751792873996094 0.4597645790133974 0.8368568045704143 0.12434747711344019 0.11613527683905123 3 5
0.5539958442868563 0.3753502323918525 0.053140436075096886 0.8292840805197393 0.3119858847500421 7 6
0.7751792873996094 0.4597645790133974 0.8368568045704143 0.12434747711344019 0.11613527683905123 3 5
0.20793137648567328 0.65200589588545 0.23687123269569021 0.6277240289999825 0.9344167808208832 8 7
0.20793137648567328 0.65200589588545 0.23687123269569021 0.6277240289999825 0.9344167808208832 8 7
0.20793137648567328 0.65200589588545 0.23687123269569021 0.6277240289999825 0.9344167808208832 8 7
0.20793137648567328 0.65200589588545 0.23687123269569021 0.6277240289999825 0.9344167808208832 8 7
0.1069599736722101 0.6171888677683082 0.5781758487447282 0.20952983857319496 0.6086938365694275 5 4
0.02324781738822501 0.029234776373606386 0.9428769532429006 3.397639596259827E-4 0.3750743274951911 3 5
0.5078267633082627 0.941243539286165 0.06568657242135456 0.3622371556887699 0.13947963597927648 6 6
0.7331959635291255 0.03350550261051166 0.3257360981394709 0.6896020320370769 0.5330318210000926 7 4
0.050115158730453135 0.36600404138535947 0.3498417628886581 0.11929576562348254 0.6006148792145973 6 8
0.050115158730453135 0.36600404138535947 0.3498417628886581 0.11929576562348254 0.6006148792145973 6 8
0.936937629709734 0.3628381273442486 0.9538245706117345 0.40363538102707053 0.0703560389501986 5 3
0.015571708609637969 0.6846050385495686 0.5297412413775421 0.9658109033196509 0.20108948936807214 6 8
0.19409607711540455 0.06678839714101947 0.8939036832564261 0.9012520865290783 0.14860706943699098 5 6
0.3228958769364426 0.22905712004023682 0.8097393500633053 0.45601057775403275 0.22654990808666942 3 5
0.7751792873996094 0.4597645790133974 0.8368568045704143 0.12434747711344019 0.11613527683905123 3 5
0.7751792873996094 0.4597645790133974 0.8368568045704143 0.12434747711344019 0.11613527683905123 3 5
0.6106381433703842 0.5798626726995258 0.6218963824973492 0.415684172243758 0.09240534364908826 2 4
0.20793137648567328 0.65200589588545 0.23687123269569021 0.6277240289999825 0.9344167808208832 8 7
0.20793137648567328 0.65200589588545 0.23687123269569021 0.6277240289999825 0.9344167808208832 8 7
0.20793137648567328 0.65200589588545 0.23687123269569021 0.6277240289999825 0.9344167808208832 8 7
0.20793137648567328 0.65200589588545 0.23687123269569021 0.6277240289999825 0.9344167808208832 8 7
0.1069599736722101 0.6171888677683082 0.5781758487447282 0.20952983857319496 0.6086938365694275 5 4
0.02324781738822501 0.029234776373606386 0.9428769532429006 3.397639596259827E-4 0.3750743274951911 3 5
0.5078267633082627 0.941243539286165 0.06568657242135456 0.3622371556887699 0.13947963597927648 6 6
0.7331959635291255 0.03350550261051166 0.3257360981394709 0.6896020320370769 0.5330318210000926 7 4
0.050115158730453135 0.36600404138535947 0.3498417628886581 0.11929576562348254 0.6006148792145973 6 8
0.050115158730453135 0.36600404138535947 0.3498417628886581 0.11929576562348254 0.6006148792145973 6 8
0.936937629709734 0.3628381273442486 0.9538245706117345 0.40363538102707053 0.0703560389501986 5 3
0.8746680232843299 0.1274986444551942 0.5446592509934006 0.0949898411315605 0.39072887785880583 1 5
0.7751792873996094 0.4597645790133974 0.8368568045704143 0.12434747711344019 0.11613527683905123 3 5
0.8920465070367956 0.3451357013794011 0.3492289761777685 0.7152921229996501 0.6021110842915566 3 8
0.7751792873996094 0.4597645790133974 0.8368568045704143 0.12434747711344019 0.11613527683905123 3 5
0.7751792873996094 0.4597645790133974 0.8368568045704143 0.12434747711344019 0.11613527683905123 3 5
0.4242284491420183 0.2208803628724767 0.8651716152791841 0.4093119016090073 0.19158680148349116 6 2
0.6106381433703842 0.5798626726995258 0.6218963824973492 0.415684172243758 0.09240534364908826 2 4
0.20793137648567328 0.65200589588545 0.23687123269569021 0.6277240289999825 0.9344167808208832 8 7
0.20793137648567328 0.65200589588545 0.23687123269569021 0.6277240289999825 0.9344167808208832 8 7
0.20793137648567328 0.65200589588545 0.23687123269569021 0.6277240289999825 0.9344167808208832 8 7
0.1069599736722101 0.6171888677683082 0.5781758487447282 0.20952983857319496 0.6086938365694275 5 4
0.02324781738822501 0.029234776373606386 0.9428769532429006 3.397639596259827E-4 0.3750743274951911 3 5
0.5078267633082627 0.941243539286165 0.06568657242135456 0.3622371556887699 0.13947963597927648 6 6
0.050115158730453135 0.36600404138535947 0.3498417628886581 0.11929576562348254 0.6006148792145973 6 8
0.9355320725492886 0.2658692705067748 0.898100294611441 0.05018327705392578 0.23154993052734452 7 3
0.936937629709734 0.3628381273442486 0.9538245706117345 0.40363538102707053 0.0703560389501986 5 3
0.9355320725492886 0.2658692705067748 0.898100294611441 0.05018327705392578 0.23154993052734452 7 3
0.15415737898052773 0.41340006160989895 0.9053512265759488 0.5398093946123483 0.9100170535309683 5 4
0.8920465070367956 0.3451357013794011 0.3492289761777685 0.7152921229996501 0.6021110842915566 3 8
0.26911609169818596 0.2543183517863352 0.3648397440890242 0.5086933004200175 0.8960755165718011 3 8
0.7751792873996094 0.4597645790133974 0.8368568045704143 0.12434747711344019 0.11613527683905123 3 5
0.936937629709734 0.3628381273442486 0.9538245706117345 0.40363538102707053 0.0703560389501986 5 3
0.6106381433703842 0.5798626726995258 0.6218963824973492 0.415684172243758 0.09240534364908826 2 4
0.20793137648567328 0.65200589588545 0.23687123269569021 0.6277240289999825 0.9344167808208832 8 7
0.20793137648567328 0.65200589588545 0.23687123269569021 0.6277240289999825 0.9344167808208832 8 7
0.20793137648567328 0.65200589588545 0.23687123269569021 0.6277240289999825 0.9344167808208832 8 7
0.1069599736722101 0.6171888677683082 0.5781758487447282 0.20952983857319496 0.6086938365694275 5 4
0.02324781738822501 0.029234776373606386 0.9428769532429006 3.397639596259827E-4 0.3750743274951911 3 5
0.5078267633082627 0.941243539286165 0.06568657242135456 0.3622371556887699 0.13947963597927648 6 6
0.7331959635291255 0.03350550261051166 0.3257360981394709 0.6896020320370769 0.5330318210000926 7 4
0.9355320725492886 0.2658692705067748 0.898100294611441 0.05018327705392578 0.23154993052734452 7 3
0.936937629709734 0.3628381273442486 0.9538245706117345 0.40363538102707053 0.0703560389501986 5 3
0.050115158730453135 0.36600404138535947 0.3498417628886581 0.11929576562348254 0.6006148792145973 6 8
0.15415737898052773 0.41340006160989895 0.9053512265759488 0.5398093946123483 0.9100170535309683 5 4
0.03125594859808767 0.1700531026249763 0.3434177431977081 0.9920984879956557 0.19576902230320292 1 7
0.8920465070367956 0.3451357013794011 0.3492289761777685 0.7152921229996501 0.6021110842915566 3 8
0.5235697751963766 0.7558353945400855 0.7952331272565196 0.012111325091205494 0.5525362435141926 5 6
0.7751792873996094 0.4597645790133974 0.8368568045704143 0.12434747711344019 0.11613527683905123 3 5
0.936937629709734 0.3628381273442486 0.9538245706117345 0.40363538102707053 0.0703560389501986 5 3
0.6106381433703842 0.5798626726995258 0.6218963824973492 0.415684172243758 0.09240534364908826 2 4
0.20793137648567328 0.65200589588545 0.23687123269569021 0.6277240289999825 0.9344167808208832 8 7
0.20793137648567328 0.65200589588545 0.23687123269569021 0.6277240289999825 0.9344167808208832 8 7
0.20793137648567328 0.65200589588545 0.23687123269569021 0.6277240289999825 0.9344167808208832 8 7
0.1069599736722101 0.6171888677683082 0.5781758487447282 0.20952983857319496 0.6086938365694275 5 4
0.02324781738822501 0.029234776373606386 0.9428769532429006 3.397639596259827E-4 0.3750743274951911 3 5
0.5078267633082627 0.941243539286165 0.06568657242135456 0.3622371556887699 0.13947963597927648 6 6
0.7331959635291255 0.03350550261051166 0.3257360981394709 0.6896020320370769 0.5330318210000926 7 4
0.9355320725492886 0.2658692705067748 0.898100294611441 0.05018327705392578 0.23154993052734452 7 3
0.936937629709734 0.3628381273442486 0.9538245706117345 0.40363538102707053 0.0703560389501986 5 3
0.936937629709734 0.3628381273442486 0.9538245706117345 0.40363538102707053 0.0703560389501986 5 3
0.15415737898052773 0.41340006160989895 0.9053512265759488 0.5398093946123483 0.9100170535309683 5 4
0.03125594859808767 0.1700531026249763 0.3434177431977081 0.9920984879956557 0.19576902230320292 1 7
0.8920465070367956 0.3451357013794011 0.3492289761777685 0.7152921229996501 0.6021110842915566 3 8
0.5235697751963766 0.7558353945400855 0.7952331272565196 0.012111325091205494 0.5525362435141926 5 6
0.936937629709734 0.3628381273442486 0.9538245706117345 0.40363538102707053 0.0703560389501986 5 3
0.6106381433703842 0.5798626726995258 0.6218963824973492 0.415684172243758 0.09240534364908826 2 4
0.20793137648567328 0.65200589588545 0.23687123269569021 0.6277240289999825 0.9344167808208832 8 7
0.20793137648567328 0.65200589588545 0.23687123269569021 0.6277240289999825 0.9344167808208832 8 7
0.20793137648567328 0.65200589588545 0.23687123269569021 0.6277240289999825 0.9344167808208832 8 7
0.20793137648567328 0.65200589588545 0.23687123269569021 0.6277240289999825 0.9344167808208832 8 7
0.2723263300316767 0.2197562350928709 0.3790210677671316 0.3467295137310339 0.16601432764351431 1 7
0.1069599736722101 0.6171888677683082 0.5781758487447282 0.20952983857319496 0.6086938365694275 5 4
0.02324781738822501 0.029234776373606386 0.9428769532429006 3.397639596259827E-4 0.3750743274951911 3 5
0.5078267633082627 0.941243539286165 0.06568657242135456 0.3622371556887699 0.13947963597927648 6 6
0.7331959635291255 0.03350550261051166 0.3257360981394709 0.6896020320370769 0.5330318210000926 7 4
0.936937629709734 0.3628381273442486 0.9538245706117345 0.40363538102707053 0.0703560389501986 5 3
0.050115158730453135 0.36600404138535947 0.3498417628886581 0.11929576562348254 0.6006148792145973 6 8
0.936937629709734 0.3628381273442486 0.9538245706117345 0.40363538102707053 0.0703560389501986 5 3
0.15415737898052773 0.41340006160989895 0.9053512265759488 0.5398093946123483 0.9100170535309683 5 4
0.7751792873996094 0.4597645790133974 0.8368568045704143 0.12434747711344019 0.11613527683905123 3 5
0.8920465070367956 0.3451357013794011 0.3492289761777685 0.7152921229996501 0.6021110842915566 3 8
0.7751792873996094 0.4597645790133974 0.8368568045704143 0.12434747711344019 0.11613527683905123 3 5
0.7751792873996094 0.4597645790133974 0.8368568045704143 0.12434747711344019 0.11613527683905123 3 5
0.936937629709734 0.3628381273442486 0.9538245706117345 0.40363538102707053 0.0703560389501986 5 3
0.6106381433703842 0.5798626726995258 0.6218963824973492 0.415684172243758 0.09240534364908826 2 4
0.20793137648567328 0.65200589588545 0.23687123269569021 0.6277240289999825 0.9344167808208832 8 7
0.20793137648567328 0.65200589588545 0.23687123269569021 0.6277240289999825 0.9344167808208832 8 7
0.20793137648567328 0.65200589588545 0.23687123269569021 0.6277240289999825 0.9344167808208832 8 7
0.1069599736722101 0.6171888677683082 0.5781758487447282 0.20952983857319496 0.6086938365694275 5 4
0.02324781738822501 0.029234776373606386 0.9428769532429006 3.397639596259827E-4 0.3750743274951911 3 5
0.5078267633082627 0.941243539286165 0.06568657242135456 0.3622371556887699 0.13947963597927648 6 6
0.7053395067012252 0.7491343085820934 0.7559436270720422 0.41969596352764704 0.016744713732073424 2 3
0.050115158730453135 0.36600404138535947 0.3498417628886581 0.11929576562348254 0.6006148792145973 6 8
0.9355320725492886 0.2658692705067748 0.898100294611441 0.05018327705392578 0.23154993052734452 7 3
0.9355320725492886 0.2658692705067748 0.898100294611441 0.05018327705392578 0.23154993052734452 7 3
0.15415737898052773 0.41340006160989895 0.9053512265759488 0.5398093946123483 0.9100170535309683 5 4
0.015571708609637969 0.6846050385495686 0.5297412413775421 0.9658109033196509 0.20108948936807214 6 8
0.19409607711540455 0.06678839714101947 0.8939036832564261 0.9012520865290783 0.14860706943699098 5 6
0.3228958769364426 0.22905712004023682 0.8097393500633053 0.45601057775403275 0.22654990808666942 3 5
0.7751792873996094 0.4597645790133974 0.8368568045704143 0.12434747711344019 0.11613527683905123 3 5
0.5539958442868563 0.3753502323918525 0.053140436075096886 0.8292840805197393 0.3119858847500421 7 6
0.6106381433703842 0.5798626726995258 0.6218963824973492 0.415684172243758 0.09240534364908826 2 4
0.20793137648567328 0.65200589588545 0.23687123269569021 0.6277240289999825 0.9344167808208832 8 7
0.2723263300316767 0.2197562350928709 0.3790210677671316 0.3467295137310339 0.16601432764351431 1 7
0.20793137648567328 0.65200589588545 0.23687123269569021 0.6277240289999825 0.9344167808208832 8 7
0.1069599736722101 0.6171888677683082 0.5781758487447282 0.20952983857319496 0.6086938365694275 5 4
0.02324781738822501 0.029234776373606386 0.9428769532429006 3.397639596259827E-4 0.3750743274951911 3 5
0.5078267633082627 0.941243539286165 0.06568657242135456 0.3622371556887699 0.13947963597927648 6 6
0.7331959635291255 0.03350550261051166 0.3257360981394709 0.6896020320370769 0.5330318210000926 7 4
0.9355320725492886 0.2658692705067748 0.898100294611441 0.05018327705392578 0.23154993052734452 7 3
0.050115158730453135 0.36600404138535947 0.3498417628886581 0.11929576562348254 0.6006148792145973 6 8
0.050115158730453135 0.36600404138535947 0.3498417628886581 0.11929576562348254 0.6006148792145973 6 8
0.936937629709734 0.3628381273442486 0.9538245706117345 0.40363538102707053 0.0703560389501986 5 3
0.015571708609637969 0.6846050385495686 0.5297412413775421 0.9658109033196509 0.20108948936807214 6 8
0.19409607711540455 0.06678839714101947 0.8939036832564261 0.9012520865290783 0.14860706943699098 5 6
0.3228958769364426 0.22905712004023682 0.8097393500633053 0.45601057775403275 0.22654990808666942 3 5
0.7751792873996094 0.4597645790133974 0.8368568045704143 0.12434747711344019 0.11613527683905123 3 5
0.7751792873996094 0.4597645790133974 0.8368568045704143 0.12434747711344019 0.11613527683905123 3 5
0.6106381433703842 0.5798626726995258 0.6218963824973492 0.415684172243758 0.09240534364908826 2 4
0.20793137648567328 0.65200589588545 0.23687123269569021 0.6277240289999825 0.9344167808208832 8 7
0.20793137648567328 0.65200589588545 0.23687123269569021 0.6277240289999825 0.9344167808208832 8 7
0.20793137648567328 0.65200589588545 0.23687123269569021 0.6277240289999825 0.9344167808208832 8 7
0.20793137648567328 0.65200589588545 0.23687123269569021 0.6277240289999825 0.9344167808208832 8 7
0.1069599736722101 0.6171888677683082 0.5781758487447282 0.20952983857319496 0.6086938365694275 5 4
0.02324781738822501 0.029234776373606386 0.9428769532429006 3.397639596259827E-4 0.3750743274951911 3 5
0.5078267633082627 0.941243539286165 0.06568657242135456 0.3622371556887699 0.13947963597927648 6 6
0.7331959635291255 0.03350550261051166 0.3257360981394709 0.6896020320370769 0.5330318210000926 7 4
0.050115158730453135 0.36600404138535947 0.3498417628886581 0.11929576562348254 0.6006148792145973 6 8
0.050115158730453135 0.36600404138535947 0.3498417628886581 0.11929576562348254 0.6006148792145973 6 8
0.936937629709734 0.3628381273442486 0.9538245706117345 0.40363538102707053 0.0703560389501986 5 3
0.8746680232843299 0.1274986444551942 0.5446592509934006 0.0949898411315605 0.39072887785880583 1 5
0.7751792873996094 0.4597645790133974 0.8368568045704143 0.12434747711344019 0.11613527683905123 3 5
0.5217269119632781 0.4925431982211572 0.7223568075186214 0.5715448713073552 0.6660660729225492 2 8
0.7751792873996094 0.4597645790133974 0.8368568045704143 0.12434747711344019 0.11613527683905123 3 5
0.7751792873996094 0.4597645790133974 0.8368568045704143 0.12434747711344019 0.11613527683905123 3 5
0.7751792873996094 0.4597645790133974 0.8368568045704143 0.12434747711344019 0.11613527683905123 3 5
0.20793137648567328 0.65200589588545 0.23687123269569021 0.6277240289999825 0.9344167808208832 8 7
0.20793137648567328 0.65200589588545 0.23687123269569021 0.6277240289999825 0.9344167808208832 8 7
0.20793137648567328 0.65200589588545 0.23687123269569021 0.6277240289999825 0.9344167808208832 8 7
0.20793137648567328 0.65200589588545 0.23687123269569021 0.6277240289999825 0.9344167808208832 8 7
0.1069599736722101 0.6171888677683082 0.5781758487447282 0.20952983857319496 0.6086938365694275 5 4
0.02324781738822501 0.029234776373606386 0.9428769532429006 3.397639596259827E-4 0.3750743274951911 3 5
0.5078267633082627 0.941243539286165 0.06568657242135456 0.3622371556887699 0.13947963597927648 6 6
0.7331959635291255 0.03350550261051166 0.3257360981394709 0.6896020320370769 0.5330318210000926 7 4
0.050115158730453135 0.36600404138535947 0.3498417628886581 0.11929576562348254 0.6006148792145973 6 8
0.050115158730453135 0.36600404138535947 0.3498417628886581 0.11929576562348254 0.6006148792145973 6 8
0.936937629709734 0.3628381273442486 0.9538245706117345 0.40363538102707053 0.0703560389501986 5 3
0.8746680232843299 0.1274986444551942 0.5446592509934006 0.0949898411315605 0.39072887785880583 1 5
0.7751792873996094 0.4597645790133974 0.8368568045704143 0.12434747711344019 0.11613527683905123 3 5
0.8920465070367956 0.3451357013794011 0.3492289761777685 0.7152921229996501 0.6021110842915566 3 8
0.7751792873996094 0.4597645790133974 0.8368568045704143 0.12434747711344019 0.11613527683905123 3 5
0.7751792873996094 0.4597645790133974 0.8368568045704143 0.12434747711344019 0.11613527683905123 3 5
0.4242284491420183 0.2208803628724767 0.8651716152791841 0.4093119016090073 0.19158680148349116 6 2
0.6106381433703842 0.5798626726995258 0.6218963824973492 0.415684172243758 0.09240534364908826 2 4
0.20793137648567328 0.65200589588545 0.23687123269569021 0.6277240289999825 0.9344167808208832 8 7
0.20793137648567328 0.65200589588545 0.23687123269569021 0.6277240289999825 0.9344167808208832 8 7
0.20793137648567328 0.65200589588545 0.23687123269569021 0.6277240289999825 0.9344167808208832 8 7
0.1069599736722101 0.6171888677683082 0.5781758487447282 0.20952983857319496 0.6086938365694275 5 4
0.02324781738822501 0.029234776373606386 0.9428769532429006 3.397639596259827E-4 0.3750743274951911 3 5
0.5078267633082627 0.941243539286165 0.06568657242135456 0.3622371556887699 0.13947963597927648 6 6
0.050115158730453135 0.36600404138535947 0.3498417628886581 0.11929576562348254 0.6006148792145973 6 8
0.9355320725492886 0.2658692705067748 0.898100294611441 0.05018327705392578 0.23154993052734452 7 3
0.936937629709734 0.3628381273442486 0.9538245706117345 0.40363538102707053 0.0703560389501986 5 3
0.9355320725492886 0.2658692705067748 0.898100294611441 0.05018327705392578 0.23154993052734452 7 3
0.15415737898052773 0.41340006160989895 0.9053512265759488 0.5398093946123483 0.9100170535309683 5 4
0.19409607711540455 0.06678839714101947 0.8939036832564261 0.9012520865290783 0.14860706943699098 5 6
0.3228958769364426 0.22905712004023682 0.8097393500633053 0.45601057775403275 0.22654990808666942 3 5
0.7751792873996094 0.4597645790133974 0.8368568045704143 0.12434747711344019 0.11613527683905123 3 5
0.5539958442868563 0.3753502323918525 0.053140436075096886 0.8292840805197393 0.3119858847500421 7 6
0.7751792873996094 0.4597645790133974 0.8368568045704143 0.12434747711344019 0.11613527683905123 3 5
0.20793137648567328 0.65200589588545 0.23687123269569021 0.6277240289999825 0.9344167808208832 8 7
0.20793137648567328 0.65200589588545 0.23687123269569021 0.6277240289999825 0.9344167808208832 8 7
0.20793137648567328 0.65200589588545 0.23687123269569021 0.6277240289999825 0.9344167808208832 8 7
0.20793137648567328 0.65200589588545 0.23687123269569021 0.6277240289999825 0.9344167808208832 8 7
0.1069599736722101 0.6171888677683082 0.5781758487447282 0.20952983857319496 0.6086938365694275 5 4
0.02324781738822501 0.029234776373606386 0.9428769532429006 3.397639596259827E-4 0.3750743274951911 3 5
0.5078267633082627 0.941243539286165 0.06568657242135456 0.3622371556887699 0.13947963597927648 6 6
0.7331959635291255 0.03350550261051166 0.3257360981394709 0.6896020320370769 0.5330318210000926 7 4
0.9355320725492886 0.2658692705067748 0.898100294611441 0.05018327705392578 0.23154993052734452 7 3
0.050115158730453135 0.36600404138535947 0.3498417628886581 0.11929576562348254 0.6006148792145973 6 8
0.936937629709734 0.3628381273442486 0.9538245706117345 0.40363538102707053 0.0703560389501986 5 3
0.15415737898052773 0.41340006160989895 0.9053512265759488 0.5398093946123483 0.9100170535309683 5 4
0.7751792873996094 0.4597645790133974 0.8368568045704143 0.12434747711344019 0.11613527683905123 3 5
0.8920465070367956 0.3451357013794011 0.3492289761777685 0.7152921229996501 0.6021110842915566 3 8
