0.12107989762069926 0.7973685370515923 0.9451911152321224 0.35224574135814524 0.6147433976316177 4
0.07864614884970156 0.34495835214270343 0.32192033934913866 0.37340177889471027 0.4063796125567406 1
0.07864614884970156 0.34495835214270343 0.32192033934913866 0.37340177889471027 0.4063796125567406 1
0.12107989762069926 0.7973685370515923 0.9451911152321224 0.35224574135814524 0.6147433976316177 4
0.12107989762069926 0.7973685370515923 0.9451911152321224 0.35224574135814524 0.6147433976316177 4
0.12107989762069926 0.7973685370515923 0.9451911152321224 0.35224574135814524 0.6147433976316177 4
0.4627037286856893 0.2917987459130309 0.6464372331946256 0.5946155347942735 0.4707542423683214 3
0.8574361984471539 0.15956504138838445 0.39343259836848476 0.8619804613645465 0.4272194916785874 2
0.8574361984471539 0.15956504138838445 0.39343259836848476 0.8619804613645465 0.4272194916785874 2
0.4627037286856893 0.2917987459130309 0.6464372331946256 0.5946155347942735 0.4707542423683214 3
0.4627037286856893 0.2917987459130309 0.6464372331946256 0.5946155347942735 0.4707542423683214 3
0.061733565471422946 0.6224833391669932 0.7284246451413485 0.19015143219513975 0.40832953930659777 1
0.4627037286856893 0.2917987459130309 0.6464372331946256 0.5946155347942735 0.4707542423683214 3
0.028081617370891654 0.3628486617855795 0.24595400679812662 0.9995383668500094 0.6584065412313197 7
0.028081617370891654 0.3628486617855795 0.24595400679812662 0.9995383668500094 0.6584065412313197 7
0.061733565471422946 0.6224833391669932 0.7284246451413485 0.19015143219513975 0.40832953930659777 1
0.061733565471422946 0.6224833391669932 0.7284246451413485 0.19015143219513975 0.40832953930659777 1
0.061733565471422946 0.6224833391669932 0.7284246451413485 0.19015143219513975 0.40832953930659777 1
0.07864614884970156 0.34495835214270343 0.32192033934913866 0.37340177889471027 0.4063796125567406 1
0.28259864738386786 0.3657849783000643 0.36184243048001896 0.8028781857525416 0.9981102884218649 3
0.28259864738386786 0.3657849783000643 0.36184243048001896 0.8028781857525416 0.9981102884218649 3
0.655743150695027 0.8270516183417597 0.283294839017176 0.39290948629609523 0.5733214847624313 4
0.7001748580476805 0.6894398259102648 0.12366487028403317 0.07537290359900506 0.898662896000708 7
0.621920945178786 0.20263377395871496 0.20773795667494788 0.7373397573474062 0.04969104336559094 6
