0.20479837630867292 0.6337974371307936 0.5145964064085702 0.8465368912701037 0.5972074459228066 7
0.3080167897403686 0.1667025031805086 0.950015749706345 0.2517403239402596 0.23772561436704298 5
0.3819902171226207 0.24310118693149685 0.9726917532725041 0.5196747895802248 0.5336422934483642 5
0.3819902171226207 0.24310118693149685 0.9726917532725041 0.5196747895802248 0.5336422934483642 5
0.36796741559528834 0.5292290877735306 0.5524877142585211 0.8342774517523003 0.8815920358892853 2
0.36796741559528834 0.5292290877735306 0.5524877142585211 0.8342774517523003 0.8815920358892853 2
0.051191345682588096 0.6501194927015527 0.6391075942590587 0.4751582378698148 0.7391849920408965 5
0.5138766541290378 0.26695831369287326 0.7494435178611725 0.6808035288419035 0.24338724765650743 5
0.5138766541290378 0.26695831369287326 0.7494435178611725 0.6808035288419035 0.24338724765650743 5
0.5138766541290378 0.26695831369287326 0.7494435178611725 0.6808035288419035 0.24338724765650743 5
0.20120621267668481 0.23702178157774978 0.8989363058277128 0.912638917073997 0.3760525832626085 2
0.20120621267668481 0.23702178157774978 0.8989363058277128 0.912638917073997 0.3760525832626085 2
0.7030055245124832 0.3792784062384924 0.45402217536131306 0.8566180120965927 0.9992885813096409 8
0.8016083268806584 0.7773254570664039 0.2659353452460006 0.9249720318990653 0.45469863499190577 3
0.8016083268806584 0.7773254570664039 0.2659353452460006 0.9249720318990653 0.45469863499190577 3
0.8016083268806584 0.7773254570664039 0.2659353452460006 0.9249720318990653 0.45469863499190577 3
0.8016083268806584 0.7773254570664039 0.2659353452460006 0.9249720318990653 0.45469863499190577 3
0.4920554242267643 0.3131867677889142 0.5610483424616546 0.03277820136155363 0.88861785911825 3
0.7414121155866015 0.6855963482357026 0.07984357321558377 0.16136751163998375 0.07953064903225282 6
0.7414121155866015 0.6855963482357026 0.07984357321558377 0.16136751163998375 0.07953064903225282 6
