0.955070293254676 0.5392106375187438 0.9658457535107858 0.16034546081264345 0.9464234850772987 8
0.844650718678427 0.8262832243920687 0.6682193131687588 0.9950222834552596 0.2239634050043403 3
0.47983357557907813 0.9814812137570409 0.22139729565163746 0.9917049820890629 0.3555093880920138 8
0.9731366059638136 0.4080655861094331 0.9503023373793447 0.3650053943936161 0.08102983370146222 3
0.8897166152820717 0.9475430035743929 0.7118208184866686 0.7327214951626504 0.783040023460394 5
0.7400500820592409 0.8979133186050718 0.6997378788334068 0.4558070898522216 0.16498690272482697 1
0.09106302016046053 0.9436547832130077 0.059939800866313675 0.15121135372055672 0.5572002363620795 5
0.033941159810870425 0.16278849075603197 0.9431795884740576 0.28434304990094883 0.479609085236954 6
0.09470355072539316 0.3924744525072369 0.8679403341087778 0.4891024897190004 0.34259552706464935 8
0.8853545990306984 0.19494758731913409 0.38063834056417134 0.21868623527541364 0.9473879270098957 7
0.997360564694637 0.9358425099418789 0.3988660869823123 0.7240695480539285 0.14384279780066145 3
0.16009188863517743 0.9821570985784432 0.021747659055521673 0.28666112006813094 0.9432887874674489 5
0.26340662339554344 0.7593963150372836 0.6236607095456193 0.6222671369784821 0.2701634230973884 4
0.0753101938785864 0.6076110289497104 0.35502423777564396 0.4390743044063591 0.5766325528594691 4
0.7403811636726892 0.498003464810406 0.902522864015685 0.8964919431950498 0.9910958965724674 6
0.367936634968308 0.49847111688019763 0.7621503662787055 0.0044465574172948275 0.5347453439651358 6
0.22521427155185636 0.1479044486090313 0.920287200581831 0.4044715362728487 0.11884222091850527 1
0.8830450885038748 0.748834340916584 0.969758761641753 0.1156484136577719 0.6851384949392659 1
0.7504233022740382 0.813364803384318 0.1403835895025365 0.40857197473005646 0.8785092706155497 7
0.9074250661004344 0.11098992055319123 0.16275356251138318 0.3652589239280616 0.5660978753146274 5
