0.31316291843133026 0.7830123262442353 0.7125005908306276 0.00545123992494978 0.280113881360074 6
0.0031232327962927853 0.9255927379983134 0.08976904291646903 0.28621820054489444 0.7463621682870532 7
0.010465397865842885 0.44774499572808846 0.3942570555018463 0.10464327445416455 0.9365089850664398 4
0.6207916136669411 0.1814367568257753 0.4684730786865732 0.04256124852298249 0.2690142354449143 1
0.6207916136669411 0.1814367568257753 0.4684730786865732 0.04256124852298249 0.2690142354449143 1
0.6207916136669411 0.1814367568257753 0.4684730786865732 0.04256124852298249 0.2690142354449143 1
0.010465397865842885 0.44774499572808846 0.3942570555018463 0.10464327445416455 0.9365089850664398 4
0.010465397865842885 0.44774499572808846 0.3942570555018463 0.10464327445416455 0.9365089850664398 4
0.6207916136669411 0.1814367568257753 0.4684730786865732 0.04256124852298249 0.2690142354449143 1
0.17940912208501347 0.8539593006405292 0.4802232249883166 0.03720653874432489 0.28538384492689606 4
0.6751155407751459 0.7712823802542192 0.5336608342978827 0.7101814089024162 0.7145067394783828 5
0.18187593937132995 0.05866818090211434 0.4457961977504782 0.9304746661733306 0.1192214319458682 1
0.6751155407751459 0.7712823802542192 0.5336608342978827 0.7101814089024162 0.7145067394783828 5
0.18187593937132995 0.05866818090211434 0.4457961977504782 0.9304746661733306 0.1192214319458682 1
0.18187593937132995 0.05866818090211434 0.4457961977504782 0.9304746661733306 0.1192214319458682 1
0.18187593937132995 0.05866818090211434 0.4457961977504782 0.9304746661733306 0.1192214319458682 1
0.18187593937132995 0.05866818090211434 0.4457961977504782 0.9304746661733306 0.1192214319458682 1
0.15054752726690335 0.12575583642294197 0.17287831906283768 0.6239324071157603 0.7641080890364862 7
