0.831060178591442 0.9753167234525886 0.37789182933544685 0.5389647359945221 0.18231666449777106 6
0.02666297517393157 0.20444680778761914 0.16741130898294343 0.4982571608815092 0.35796980002714307 1
0.08230781665040954 0.955033848166776 0.4041809088413436 0.03225369912526688 0.5735671978559956 1
0.943928718240582 0.7369038575624844 0.33588055087876134 0.6376298331834429 0.544099036003591 8
0.08913949573219948 0.1215940277259111 0.474178753465332 0.2191930786418217 0.34991874783809096 2
0.31951703304790613 0.1590431163224677 0.06907097274316765 0.6910596596266222 0.6745837930798265 7
0.8847807168926525 0.8910076071447768 0.9440758986058841 0.36503902270469746 0.7660208540692289 1
0.4336747037485028 0.6916633311270908 0.9424567204809037 0.4923747388984753 0.9512862834301862 1
0.34898836750368234 0.7145993943938619 0.4594906540982562 0.8458424179196408 0.9671502013062016 7
0.954529611913964 0.9059945744516243 0.48428780111351843 0.2244606690024601 0.5382094205503062 7
0.28232845837025977 0.6057657645749128 0.395904968979785 0.7529812027811101 0.26436213610479575 1
0.8627068971181504 0.01040166557962452 0.2546232895618389 0.3512756001726759 0.7729548245330037 2
0.17177377638728253 0.7585823645469457 0.11304731480191577 0.4484534755425338 0.24934457687906664 2
0.17238428069888512 0.21669854575999736 0.5040864845445179 0.04633390996627462 0.36930395698094465 6
0.3591776249615807 0.19107918958204628 0.9233516701336558 0.25193117920077135 0.3466062267510557 3
0.8955854179806437 0.6639082789136032 0.9959242688175614 0.7356436010899899 0.33017315510953993 4
0.4253886131163831 0.11106383490839322 0.41733017174635245 0.8013556366023014 0.12958206762854518 4
0.6477226684368311 0.4975661518731853 0.8553811626050439 0.7306529244514076 0.896889851016018 8
0.2055070006358347 0.15554427654161995 0.5817524706065725 0.47845935192071587 0.2514566912732964 5
