0.7604912512805957 0.8679903955988678 0.9785724555281512 0.15768875760017753 0.3549011699650212 5
0.9750862126635979 0.666014044111707 0.5012291646510221 0.27614328887684747 0.9900010247645321 7
0.8858588661827946 0.6412301038196625 0.11469699769767239 0.1749237997525681 0.9369288733722637 4
0.2450611312899511 0.3099710945073646 0.6032940087061314 0.2920366994651956 0.6442686121664731 3
0.21530679696076127 0.3934198109347883 0.04464173199000965 0.21958510134502973 0.22941391199698435 8
0.7186693327636847 0.27995928462744923 0.1775322955423816 0.6369930616757848 0.1919762047967648 8
0.44488487329005355 0.858069150108584 0.9358582267643427 0.5434815386883001 0.4314223811810689 7
0.9116895232506259 0.846966775280199 0.09727774826363489 0.9539087098921034 0.3113208186182659 3
0.1419523035903617 0.18945908937393963 0.454015709597127 0.7101692762178723 0.8008134934216361 3
0.19037492329741623 0.2985383583807948 0.44352220221634286 0.043715070689502644 0.2743042833742555 1
0.06377339173000218 0.7996774961279358 0.3605653741307274 0.19611859679632404 0.996003058003048 7
0.24805182819627136 0.9150981963863325 0.15189618902955426 0.250917077692159 0.1610090796268867 2
0.7816577578658335 0.6943548448226311 0.33064043139163046 0.8173737631958572 0.0781777968355093 2
0.6852432916565429 0.24813137433843568 0.5128893007265776 0.8352376360063057 0.6525994744909757 3
0.6784036043629943 0.14358055139170556 0.9746389929120532 0.8546710956790204 0.23854429358226237 4
0.4783940386108041 0.4595485071475396 0.7559208972755532 0.9843529399383892 0.866398173831016 3
0.766782923035032 0.11976605722911882 0.6079397441650286 0.721890825339165 0.9101878880443106 6
0.1861804858058791 0.7166520224352665 0.9969998044060199 0.8768803177443621 0.7705607288375051 2
0.6202263964990399 0.2940139165132373 0.1891638909684461 0.213969178523567 0.48532796533180345 8
0.011557775866669062 0.4526581055276757 0.07143994634075201 0.7676270791164946 0.2882203881160743 3
