0.21193260757489318 0.0479445033458642 0.13666617308223228 0.32316232421017876 0.26370200038011415 1
0.8599256170737734 0.11997301203716759 0.35264331182555697 0.3708402478440165 0.6342855199973373 5
0.8985865157154251 0.7464404506827769 0.770617010779491 0.18002295585320915 0.055529414651039555 6
0.8985865157154251 0.7464404506827769 0.770617010779491 0.18002295585320915 0.055529414651039555 6
0.6182396930110844 0.3655811112895919 0.46916303256160086 0.3088113425265653 0.4332318758866863 5
0.2982238002256514 0.2969809250539974 0.6942923887599951 0.9781741954654326 0.324737073182657 8
0.2982238002256514 0.2969809250539974 0.6942923887599951 0.9781741954654326 0.324737073182657 8
0.2982238002256514 0.2969809250539974 0.6942923887599951 0.9781741954654326 0.324737073182657 8
0.2982238002256514 0.2969809250539974 0.6942923887599951 0.9781741954654326 0.324737073182657 8
0.4085060672409656 0.5790220116631511 0.22155575693201612 0.4670483351530984 0.14759538292067498 5
0.4085060672409656 0.5790220116631511 0.22155575693201612 0.4670483351530984 0.14759538292067498 5
0.4085060672409656 0.5790220116631511 0.22155575693201612 0.4670483351530984 0.14759538292067498 5
0.030620021603601666 0.659646230045174 0.8608679363989276 0.023922330213179466 0.004636508570493247 1
0.030620021603601666 0.659646230045174 0.8608679363989276 0.023922330213179466 0.004636508570493247 1
0.0348893399082153 0.4728303249128337 0.8170610842218667 0.799021464790728 0.1940818681307913 4
0.897660252283221 0.5168613417290868 0.9854368031430752 0.14071440955267245 0.8014412452745963 6
0.6834445278562736 0.5258103514243462 0.940734494643072 0.474962008861174 0.2024127970959756 6
0.39899822090747594 0.2426954006661438 0.9890710530256671 0.45853294606979156 0.5027063557969503 7
0.6182396930110844 0.3655811112895919 0.46916303256160086 0.3088113425265653 0.4332318758866863 5
0.39899822090747594 0.2426954006661438 0.9890710530256671 0.45853294606979156 0.5027063557969503 7
0.39899822090747594 0.2426954006661438 0.9890710530256671 0.45853294606979156 0.5027063557969503 7
0.3040892293165187 0.907258522486516 0.9820167131995072 0.9969763288889665 0.07321332099110878 2
