0.2850892237227296 0.48076427395031995 0.34041463850818854 0.3117293987145805 0.8596172176561694 1
0.9270562809562435 0.049139227737781566 0.2797445906984909 0.027568903941466494 0.20254040662054262 8
0.4938766126052734 0.919096934059857 0.8595355027018858 0.14044485503750914 0.4330084274358459 2
0.7151618174667865 0.12350622105435383 0.4039536127401524 0.24204735195244886 0.9463012782420828 7
0.42649214203763774 0.15340800997836068 0.9328206112939081 0.5331422604911595 0.3080450890117399 1
0.00178142748833654 0.7344270460846697 0.9497114175925367 0.5577481706868352 0.764615324410963 1
0.3579389726126265 0.6578804035578147 0.21151781761476496 0.669515667525893 0.7599499182535515 6
0.36607625156344736 0.16373412896837747 0.24699071880411583 0.9665330974434563 0.04111114869537713 6
0.3224180205506516 0.19649786137255265 0.7415421770381072 0.791009170762589 0.986452736302984 2
0.7368464451593956 0.40918019230336067 0.29822627936369683 0.8239552181640419 0.20025576234067555 5
0.4451163823528972 0.6717692555546715 0.6132753769295464 0.031057658886296746 0.7136309542356257 3
0.3683357107702204 0.695651155953148 0.7150803506256797 0.2945319046630005 0.4379383228927961 7
0.5625067438053403 0.44158134633104684 0.7558474570103408 0.9123144138465609 0.10582532228415287 2
0.19131126413481736 0.21806655488528015 0.7860210318408675 0.2335022913179723 0.4571862292645972 1
0.3126060878285676 0.7174895635664893 0.8624255278414806 0.024246679323117526 0.08375141556043852 5
0.21887077076293282 0.16291965482312498 0.7796191925825591 0.22250443577788614 0.97573980282778 4
0.020382206015331028 0.5385905110899278 0.0348152143331244 0.5375470041359458 0.6051360541392897 6
0.7684932106196077 0.2102029037358163 0.05222793205539533 0.7253787314196479 0.09917383849378958 8
0.521121696098009 0.642575003128131 0.8399087633393887 0.8901504236359306 0.1645119198055689 3
0.4773713713886678 0.77087764523355 0.9870032844762965 0.9925128185115518 0.3061379895793114 3
