0.4537204082958779 0.5229084097760641 0.7662477881071362 0.38158168192578534 0.7981484932928479 2
0.9981777938830865 0.6092436262628453 0.2441728160137846 0.805118019803839 0.21965144642267653 5
0.463332013850248 0.2570611074444312 0.05837106194141706 0.3389598623050585 0.43843001253123304 3
0.5382398231461677 0.9274554540618241 0.3580191515726341 0.9899510350800371 0.7664956578238914 5
0.8222738051496197 0.2667135309728813 0.29177275695602334 0.24311952141202342 0.25296852135696435 8
0.8639280836591293 0.8930726147871882 0.7308589092680838 0.25690681697860873 0.6838076892997794 2
0.3036637264915255 0.28855149649259315 0.05788632259463944 0.15157811175058078 0.9213917290668481 5
0.42855378719062487 0.9441140061429271 0.2825059323024882 0.11908892979674879 0.6180604666026207 8
0.01878787292085149 0.08128511415091355 0.5946820848686302 0.3804653640153033 0.9605074543476728 3
0.02646067359065518 0.5530598312993226 0.38066401674215644 0.9040914740118817 0.09077578248871443 2
0.27651222333288006 0.17487362825401165 0.3888040410367768 0.8127428117857133 0.5542176508988584 5
0.18608282505886775 0.05112913643315764 0.05376798510784875 0.6142078782475686 0.5389550827590341 7
0.8721998475210473 0.3855619958804186 0.8210449757528665 0.9057228859543716 0.7944342393959006 8
0.9109004119799562 0.9100799171591251 0.9999425023360727 0.3843426034405081 0.4345190898432739 5
0.6801826375904609 0.8034180757495755 0.39485363436173204 0.9524515880842337 0.6882374813614571 6
0.7729477599458946 0.4116944266168453 0.24685266861048794 0.8234813849191452 0.3646711187873699 2
0.011737189219723554 0.16138785562816726 0.7423416587325586 0.6543281999518521 0.2817132900311945 3
0.9475908281502885 0.890381345818532 0.7432657659651383 0.43741499198687517 0.5342765688119674 5
0.17963083813411052 0.8677772924774676 0.8011387806893173 0.4736124187685127 0.6480122616054481 5
0.3549331094433479 0.7211504854508384 0.6739381128220155 0.5243193527795434 0.7922157513968574 7
