0.5890271629201067 0.5757504036685576 0.5826979895209148 0.780049891867913 0.23576950791337636 6
0.464899538252346 0.38787338028838303 0.9126046367919326 0.8023698449714303 0.8173730801945903 5
0.8342691733786041 0.6731179560784868 0.10401428524619438 0.1277842139126384 0.6299999097576143 6
0.30755291581410515 0.27136285496991963 0.4645341860410688 0.11688597287092328 0.2835490944776681 1
0.30755291581410515 0.27136285496991963 0.4645341860410688 0.11688597287092328 0.2835490944776681 1
0.20097675979305463 0.6270953341526649 0.6093438605218132 0.9911061417254177 0.843285691729742 7
0.4237451527662528 0.7809405093269983 0.7136096247082805 0.13336305786779024 0.9123021471587149 1
0.7790022541023782 0.394373525923566 0.8927638176357706 0.27836182996176106 0.8891923785314858 4
0.13229071958979344 0.5515149279087438 0.4616732155979474 0.8108437681420683 0.046011463932757124 1
0.13229071958979344 0.5515149279087438 0.4616732155979474 0.8108437681420683 0.046011463932757124 1
0.4972475950467531 0.5157234301562983 0.4146111188076925 0.7137698557392858 0.4739292476205553 5
0.9222814871788274 0.975767640370622 0.08872849068269728 0.8452500373122445 0.37288040860686833 3
0.5511918931292041 0.5043116002493311 0.4538588139048898 0.7798385517417625 0.43394851511843036 7
0.5511918931292041 0.5043116002493311 0.4538588139048898 0.7798385517417625 0.43394851511843036 7
0.14993063180301958 0.900190955209597 0.08711862007167248 0.19220564020739506 0.6927023412708291 5
0.14993063180301958 0.900190955209597 0.08711862007167248 0.19220564020739506 0.6927023412708291 5
0.38967655645869426 0.32663631778819646 0.6250230955344821 0.20662241831262873 0.5061695108970522 5
0.8093281156418741 0.4136669871974765 0.8390278560864161 0.7551466570727613 0.6800364084305422 4
0.8093281156418741 0.4136669871974765 0.8390278560864161 0.7551466570727613 0.6800364084305422 4
0.5379898014475789 0.49766458043190887 0.029531063875366526 0.36911932055379315 0.7606304510595916 5
