0.1704877342105633 0.2645123207061105 0.3358633833999761 0.8204520732084805 0.46844068693699137 7
0.35494607821213964 0.3147893805495021 0.39496594094980375 0.5725169797256996 0.1559915998767447 8
0.35494607821213964 0.3147893805495021 0.39496594094980375 0.5725169797256996 0.1559915998767447 8
0.35494607821213964 0.3147893805495021 0.39496594094980375 0.5725169797256996 0.1559915998767447 8
0.6975090836187157 0.8749437171589931 0.49584574114301494 0.8839884978355849 0.6402808078767165 7
0.8827454465355782 0.26111347622859815 0.3226516643859718 0.4318147961857087 0.33251006395052085 3
0.8827454465355782 0.26111347622859815 0.3226516643859718 0.4318147961857087 0.33251006395052085 3
0.9998535886551476 0.6018743701927162 0.2512222265677839 0.3646067727057781 0.5665308518999665 8
0.8827454465355782 0.26111347622859815 0.3226516643859718 0.4318147961857087 0.33251006395052085 3
0.6975090836187157 0.8749437171589931 0.49584574114301494 0.8839884978355849 0.6402808078767165 7
0.6975090836187157 0.8749437171589931 0.49584574114301494 0.8839884978355849 0.6402808078767165 7
0.6975090836187157 0.8749437171589931 0.49584574114301494 0.8839884978355849 0.6402808078767165 7
0.6975090836187157 0.8749437171589931 0.49584574114301494 0.8839884978355849 0.6402808078767165 7
0.35494607821213964 0.3147893805495021 0.39496594094980375 0.5725169797256996 0.1559915998767447 8
0.1704877342105633 0.2645123207061105 0.3358633833999761 0.8204520732084805 0.46844068693699137 7
