0.9431379326735437 0.06692915020911061 0.9184895201489885 0.2673051495854628 0.022438108759701758 8
0.26943134767970045 0.22989028336153083 0.5952360406647516 0.9060944800849741 0.605038414954865 3
0.5047912800524795 0.18090498292647617 0.42697111217164396 0.3292058091546345 0.3212498298828541 5
0.26943134767970045 0.22989028336153083 0.5952360406647516 0.9060944800849741 0.605038414954865 3
0.22234739141511373 0.7067471641115565 0.49030513958839916 0.07940630590764186 0.6341995993917099 5
0.22234739141511373 0.7067471641115565 0.49030513958839916 0.07940630590764186 0.6341995993917099 5
0.26943134767970045 0.22989028336153083 0.5952360406647516 0.9060944800849741 0.605038414954865 3
0.5700490778912134 0.557001870972838 0.9667820280420896 0.5764784589282409 0.7426579424104194 8
0.8394111704254992 0.10153381139815376 0.8503048845159812 0.9035875695434782 0.36586533279557143 1
0.8394111704254992 0.10153381139815376 0.8503048845159812 0.9035875695434782 0.36586533279557143 1
0.41674845021231965 0.1651139310713421 0.9931805449407868 0.498844745524164 0.4363128253680939 5
0.41674845021231965 0.1651139310713421 0.9931805449407868 0.498844745524164 0.4363128253680939 5
0.8394111704254992 0.10153381139815376 0.8503048845159812 0.9035875695434782 0.36586533279557143 1
0.5057335193155966 0.39520663980262694 0.9290205993760192 0.044568266296678205 0.4008610378074735 6
0.41674845021231965 0.1651139310713421 0.9931805449407868 0.498844745524164 0.4363128253680939 5
0.6699598314447653 0.8085403064323773 0.978698340418203 0.9236699127942881 0.8883755932900976 2
0.5057335193155966 0.39520663980262694 0.9290205993760192 0.044568266296678205 0.4008610378074735 6
0.5057335193155966 0.39520663980262694 0.9290205993760192 0.044568266296678205 0.4008610378074735 6
0.7829495099125937 0.6825524273599956 0.35015829631719864 0.7599974414072853 0.7480447363538312 2
0.25357587521744096 0.5754848326507118 0.6126341211023839 0.8646181280436446 0.8146934183515834 2
