0.6007234092732445 0.036732966733604266 0.5703010315655607 0.4421542178662282 0.17236527918114997 1
0.39090546199065457 0.6152554458274696 0.8421905047282285 0.020008806349383068 0.7641237092201343 5
0.5685021283331394 0.6488924441076732 0.20885934971507325 0.6770835546470494 0.5205999250234312 1
0.5685021283331394 0.6488924441076732 0.20885934971507325 0.6770835546470494 0.5205999250234312 1
0.9876418487450224 0.891909315131535 0.846143055195517 0.649411148320136 0.11304499191494943 7
0.6135059088076433 0.47013848974163874 0.2733812576250485 0.653974060428494 0.04769503944190023 6
0.6135059088076433 0.47013848974163874 0.2733812576250485 0.653974060428494 0.04769503944190023 6
0.6135059088076433 0.47013848974163874 0.2733812576250485 0.653974060428494 0.04769503944190023 6
0.07848880943737357 0.43479479040644875 0.6639286075588094 0.09077256651261556 0.823142574510036 4
0.15051172884679986 0.026398834348305145 0.44234787082605787 0.13347719561026905 0.22386563373539137 5
0.5187266002970259 0.5126569614146483 0.8859487929859887 0.8962523497090412 0.8644552304182744 1
0.15051172884679986 0.026398834348305145 0.44234787082605787 0.13347719561026905 0.22386563373539137 5
0.7065777151377255 0.9217832288591687 0.3184487485342209 0.6685253293428018 0.213702114104677 1
0.7448543163950343 0.7201934360574862 0.266450110556242 0.9000883946103837 0.5018416342594882 6
0.7448543163950343 0.7201934360574862 0.266450110556242 0.9000883946103837 0.5018416342594882 6
0.7448543163950343 0.7201934360574862 0.266450110556242 0.9000883946103837 0.5018416342594882 6
0.6007234092732445 0.036732966733604266 0.5703010315655607 0.4421542178662282 0.17236527918114997 1
0.024335718658800687 0.8448720792825832 0.07777046230559692 0.061242825023540504 0.9038974841737347 1
