0.941970615321303 0.824403795008701 0.05193164965778263 0.38561414287102613 0.8317800324400766 8
0.6495771342299593 0.27131558889048657 0.2553851072155493 0.3274217630984376 0.7633111840266296 4
0.3061013659003107 0.4292083236812615 0.10122317961075744 0.6914836440051769 0.5912102590036813 2
0.02150069071488714 0.5132059892012518 0.20261761987181526 0.013276752649463708 0.37027569797520443 1
0.8850355343495078 0.6317733051035479 0.9937111930730094 0.16528650655295696 0.16244590214434151 6
0.8059269493469137 0.8750209645227297 0.2386287481006799 0.49161367612704576 0.23778592530132214 4
0.9748718514474081 0.7849175484213067 0.7478832165721098 0.8772812996252035 0.4301121935471094 5
0.005336347361481697 0.3522792585355309 0.052650254280904196 0.16462453830679646 0.4168849547149489 5
0.6743258756755897 0.023789706616026307 0.8613609791365031 0.8172967991034231 0.007462409055831731 2
0.5432400789612601 0.6608287549872996 0.33383301948579613 0.7445503419333667 0.18629670249598473 1
0.057387915764684605 0.20133199208275554 0.42123249307742416 0.6006520028930956 0.7536855431754637 6
0.9535289791038234 0.5263182743131064 0.0020549768185812445 0.04444150124185742 0.03260107568261228 7
0.3443278315070276 0.8176914337245692 0.1642847357122792 0.36490176097898486 0.9936148757037755 8
0.5342910222765883 0.41698206858584896 0.9572025550391906 0.3467460232323607 0.7547521923526611 1
0.0633996596684635 0.7899391198778235 0.8256490194768078 0.7596992591019355 0.8192415647266685 7
0.762722493901703 0.8782406172959336 0.23957211147092705 0.10708016672812615 0.25718200515148915 1
0.8829194241837184 0.7714588734241312 0.006001637908647606 0.5959946434832272 0.7094166846631415 3
0.9612152433602881 0.4688971294262321 0.5951932133958261 0.8267158567530934 0.7597358483494617 3
0.5282842612558509 0.004579953956036498 0.04317106589234576 0.450696584118051 0.8604566724932874 4
0.38652987003604766 0.7020652649997401 0.26324780345933785 0.35480373572703516 0.28692656135368166 6
