0.1208827207468135 0.7424083490465131 0.38026336332842425 0.2618846437033884 0.5872587666737202 5
0.48223132239955047 0.7091905976173282 0.7879827740437431 0.6456777701776957 0.3496411523711219 7
0.4985056465495543 0.004968498959554535 0.35507002946379185 0.6112193317173694 0.6627243905051644 1
0.33031116917268266 0.673943049630098 0.026113604263588996 0.29513924667348324 0.0823721156118783 1
0.9419751639095219 0.8698991292354231 0.457359917074713 0.7572578035931733 0.7376118659232435 2
0.5844787450592881 0.7610929244532 0.22008854230197716 0.6015602071602845 0.6178388240027335 8
0.13567964366952134 0.709931595068754 0.5727099368753259 0.9861612809249481 0.35219863302457344 7
0.7111886775025047 0.8747987859065415 0.6906007676259499 0.3455126081010401 0.20317903143208726 8
0.7405885711107719 0.45878972404916984 0.13408564311788584 0.05568516728432105 0.7906600912965654 4
0.3540126600796023 0.04972479207159142 0.42632425609685354 0.31467326170745846 0.9745648562930792 7
0.45947066914642953 0.598722930678371 0.969537653313157 0.8943137504074965 0.003915663722189655 2
0.8957716981091757 0.07472987764921757 0.022043578403845965 0.1168586241725944 0.9075621737159667 2
0.9484409262848803 0.9588615806726797 0.08561546399386222 0.8305895566632235 0.09466288342759543 4
0.9822333166545537 0.28048334210285086 0.8246483401303667 0.046438150351871266 0.8655182879006973 6
0.5795269402694182 0.9699901947501378 0.7555683389999297 0.07921792288962659 0.8773429423869692 3
0.537900946367552 0.44355849624727883 0.2257591435843317 0.31430521280365864 0.24834023509702152 6
0.7556172889539525 0.48305432503063483 0.9034004701001785 0.5905571119409714 0.40174114562017604 4
0.17188399585636993 0.26896710427482284 0.5097383111502519 0.489168375998705 0.3983939835176301 8
0.668335256776506 0.52311259056011 0.41389914834837105 0.7917869794391146 0.025915068709550626 4
0.7653068412529493 0.717776250794155 0.022519524799780588 0.47258481687034637 0.4111726869461084 6
