0.43337518234852734 0.6695890601800785 0.4494051250594773 0.9647439161256265 0.036675620180576796 1
0.43337518234852734 0.6695890601800785 0.4494051250594773 0.9647439161256265 0.036675620180576796 1
0.9450203742719211 0.7931286944971759 0.03842757121649676 0.45257538038638667 0.48024618057013024 6
0.12881537281489386 0.3899538863056611 0.8106986469683585 0.08847261551695906 0.039369486468184944 7
0.3656730898317704 0.12197842271221271 0.8360543290483574 0.8588372059478725 0.38498381506184476 7
0.12881537281489386 0.3899538863056611 0.8106986469683585 0.08847261551695906 0.039369486468184944 7
0.3656730898317704 0.12197842271221271 0.8360543290483574 0.8588372059478725 0.38498381506184476 7
0.12881537281489386 0.3899538863056611 0.8106986469683585 0.08847261551695906 0.039369486468184944 7
0.12881537281489386 0.3899538863056611 0.8106986469683585 0.08847261551695906 0.039369486468184944 7
0.12881537281489386 0.3899538863056611 0.8106986469683585 0.08847261551695906 0.039369486468184944 7
0.12881537281489386 0.3899538863056611 0.8106986469683585 0.08847261551695906 0.039369486468184944 7
0.18932869318780265 0.5098419412082005 0.5577408913096252 0.08753874851574373 0.4449828792134044 1
0.9708755902642594 0.3032159392642534 0.2988906445417142 0.597678899655461 0.04030564789811908 6
0.9708755902642594 0.3032159392642534 0.2988906445417142 0.597678899655461 0.04030564789811908 6
0.9708755902642594 0.3032159392642534 0.2988906445417142 0.597678899655461 0.04030564789811908 6
0.9708755902642594 0.3032159392642534 0.2988906445417142 0.597678899655461 0.04030564789811908 6
0.9708755902642594 0.3032159392642534 0.2988906445417142 0.597678899655461 0.04030564789811908 6
0.9708755902642594 0.3032159392642534 0.2988906445417142 0.597678899655461 0.04030564789811908 6
0.9708755902642594 0.3032159392642534 0.2988906445417142 0.597678899655461 0.04030564789811908 6
0.3656730898317704 0.12197842271221271 0.8360543290483574 0.8588372059478725 0.38498381506184476 7
0.3656730898317704 0.12197842271221271 0.8360543290483574 0.8588372059478725 0.38498381506184476 7
0.4399370922235447 0.5730302888838038 0.9956014387953348 0.8544444852315523 0.821320668521826 5
0.9149793318304373 0.9931277780444598 0.21204975157660688 0.7200596574130356 0.9872177070756569 2
