0.890404705928703 0.06313325230554123 0.6577228464173955 0.5123492846497208 0.4268075923102812 4
0.8056275022405085 0.7088507777839653 0.9999387525605814 0.9539511441107925 0.24606800185878042 4
0.5518637271698513 0.9430486278449042 0.826305743246894 0.41155033222484994 0.5462341882559881 3
0.9153251907489192 0.9092919729563875 0.06762310058491805 0.1296790476225227 0.7920324923868812 3
0.8251730069042765 0.6219717782132437 0.31020600633853346 0.12817772657649518 0.5017726786002772 7
0.9539981747747831 0.13574315907956824 0.5114685103830872 0.42283735947997325 0.5164338334304278 4
0.7923306679844732 0.6685359972625837 0.08253468764810645 0.4869055311389383 0.3843326459387719 5
0.27578088741646245 0.7569355817363325 0.82662118506095 0.521666962013958 0.6823326770846149 2
0.042081074103076044 0.7594958849571389 0.27062849038623216 0.9277420809998267 0.49557258216323186 5
0.4450393372921738 0.5691774880976989 0.7364458355765362 0.37004541717748074 0.37983064594760774 4
0.24107653558584718 0.7523104436431137 0.8840549285196958 0.750477746725599 0.04493021850825418 8
0.36858946627362676 0.003912522337572 0.022423298128383395 0.07141221681276244 0.2721614381810623 3
0.6271828185847945 0.05039159656141323 0.41642302582647717 0.16361850153972712 0.9613969322244119 8
0.6473280300318679 0.6716280023467625 0.28185104165030017 0.005807111040613044 0.7203905401061634 3
0.2502137150066247 0.49661302213581526 0.16211879099916549 0.1542906364894968 0.14527749673716694 1
0.5673674865473138 0.14232841331865365 0.6604567146286231 0.38008822426968625 0.4610321767178638 4
0.11967725845131105 0.601694651387234 0.6820827250569104 0.9893582399210014 0.7458429809321839 4
0.08389443335381619 0.6540959556596393 0.2001465726948014 0.6116821484413668 0.34582625601967487 8
0.5817375486509668 0.6433285940922336 0.06803043136321718 0.45044559571714005 0.18311085650821401 4
0.8229388031027531 0.25403918756152954 0.1812199183605634 0.824019345112821 0.7340164652634436 8
