0.8734412125679403 0.2471775819577745 0.31792825876725905 0.26561165440707013 0.09829904847453452 6
0.9696998549206599 0.6888357667411448 0.6934171037575737 0.4798410323499154 0.955041723879188 1
0.9594515056371175 0.09097865071991162 0.24632209232480062 0.06975556607985778 0.30564271771348195 4
0.48720818541524824 0.3668453333888303 0.25900196892229876 0.4104227298638863 0.5060410202805313 2
0.7463909913900066 0.7603539977901705 0.6280814440306688 0.8407950812870156 0.984588411083139 4
0.29563434421809665 0.10394919043944306 0.14659498065850696 0.5854449019650264 0.17402690441677748 1
0.29563434421809665 0.10394919043944306 0.14659498065850696 0.5854449019650264 0.17402690441677748 1
0.7933216153123634 0.5079930019124487 0.9083536212442407 0.9333028130747922 0.1893004175986217 5
0.21914915857124884 0.1795041157927375 0.3571846461637739 0.33578736417053123 0.3960110683472924 1
0.2980747077148804 0.807044909952954 0.3019468068768085 0.6237574166286425 0.9727412617198299 6
0.8684582478747616 0.9938510830316095 0.4946891341895113 0.9923231548905136 0.3068458521634846 5
0.4586969796808019 0.3110296904847384 0.07744959296263121 0.3616483064076743 0.6699313598491318 1
0.9591815586586886 0.8801831303936898 0.2813683392456474 0.9150706719746876 0.721136230144003 6
0.9388434509091741 0.8373647956228415 0.05958712407802691 0.15471844308295046 0.8408096276025909 6
0.09568308514146473 0.06605464604940214 0.5902554172472664 0.40797192110473224 0.20278124653844443 3
0.7885202687194235 0.7357012558732079 0.7216475196440729 0.22289437287958658 0.8227002507805227 2
0.5625086782756764 0.10203024550924233 0.9849869145613851 0.27475531083029636 0.7081257919060406 4
0.0038420471437180526 0.3890355898453649 0.3662941208727257 0.1520192348021906 0.4852232635584157 4
0.7380956589076888 0.5888912154032079 0.6248716613491964 0.07037625001893255 0.8082036783956958 2
0.5490983323509491 0.5682106021182279 0.44555909320580445 0.9473281202915169 0.13430260199345434 6
