0.44448198920759996 0.5404911560609754 0.3096056707279673 0.9754465325392954 0.7332823256142378 7
0.03236771220968826 0.4687364096300062 0.6630304344176186 0.03521814117061173 0.5115611985481318 5
0.046516294971458816 0.6448543958897923 0.37164822332937086 0.5457550097326674 0.49288688131373926 8
0.03236771220968826 0.4687364096300062 0.6630304344176186 0.03521814117061173 0.5115611985481318 5
0.03236771220968826 0.4687364096300062 0.6630304344176186 0.03521814117061173 0.5115611985481318 5
0.6088931395111938 0.6313590825425378 0.06874351617915664 0.8565255741525639 0.8538940881790991 5
0.6088931395111938 0.6313590825425378 0.06874351617915664 0.8565255741525639 0.8538940881790991 5
0.6088931395111938 0.6313590825425378 0.06874351617915664 0.8565255741525639 0.8538940881790991 5
0.6088931395111938 0.6313590825425378 0.06874351617915664 0.8565255741525639 0.8538940881790991 5
0.7736050352185131 0.9142175081362763 0.5084153906009996 0.4037095292995473 0.5859812971431972 4
0.7736050352185131 0.9142175081362763 0.5084153906009996 0.4037095292995473 0.5859812971431972 4
0.6538730922378957 0.06822510165414619 0.502573340130201 0.00307205625482998 0.8176945661195791 3
0.7736050352185131 0.9142175081362763 0.5084153906009996 0.4037095292995473 0.5859812971431972 4
0.46811449062492616 0.019180665942798214 0.913113366821941 0.5253411289637404 0.7055532448976509 3
0.46811449062492616 0.019180665942798214 0.913113366821941 0.5253411289637404 0.7055532448976509 3
0.46811449062492616 0.019180665942798214 0.913113366821941 0.5253411289637404 0.7055532448976509 3
0.46811449062492616 0.019180665942798214 0.913113366821941 0.5253411289637404 0.7055532448976509 3
0.46811449062492616 0.019180665942798214 0.913113366821941 0.5253411289637404 0.7055532448976509 3
0.046516294971458816 0.6448543958897923 0.37164822332937086 0.5457550097326674 0.49288688131373926 8
0.3048706542929577 0.2781561222796881 0.579523612975325 0.0889066192019311 0.34213472958549507 4
