Bin size: 200
Number of elements: 270
99
36
72
87
84
23
69
11
42
17
47
43
55
62
76
20
26
51
96
88
40
42
95
88
81
65
32
64
77
46
6
21
15
69
14
32
84
84
39
86
3
56
42
35
69
45
65
61
90
6
90
93
65
56
59
52
71
4
11
98
15
49
43
47
60
54
68
50
19
47
8
21
97
32
33
77
11
27
94
40
90
89
87
56
67
44
18
11
34
50
32
93
6
21
64
89
86
68
67
10
29
56
51
47
59
37
70
82
90
71
5
26
50
43
17
39
54
93
97
100
46
49
16
5
95
22
47
37
84
60
71
93
76
94
57
19
68
15
18
63
55
74
87
69
15
55
46
60
89
32
4
26
38
42
26
24
61
75
54
80
9
14
72
90
32
14
38
80
25
96
77
50
85
83
9
59
66
15
28
69
90
85
55
54
55
70
6
53
89
92
48
71
48
30
23
96
18
71
22
29
40
16
86
65
92
81
67
26
20
81
47
29
59
42
88
86
33
48
75
35
37
50
41
19
83
46
55
35
90
64
32
58
52
97
61
60
99
14
88
77
79
96
74
21
65
8
55
36
95
19
78
49
96
22
78
21
9
78
24
86
69
64
44
3
57
26
6
24
35
68