population 0 fitness 0.5081603823838626 years 29.0 length 16
population 1 fitness 0.5076839067571101 years 28.0 length 15
population 2 fitness 0.5079778846491906 years 28.0 length 16
population 3 fitness 0.508261888558469 years 27.0 length 17
population 4 fitness 0.5079631596641258 years 25.0 length 16
population 5 fitness 0.5065273914348306 years 22.0 length 15
population 6 fitness 0.5068055596040093 years 22.0 length 16
population 7 fitness 0.5060482455137675 years 21.0 length 16
population 8 fitness 0.5060896753206949 years 21.0 length 17
population 9 fitness 0.5052908702636778 years 20.0 length 15
population 10 fitness 0.5058869782816924 years 20.0 length 15
population 11 fitness 0.5046388720619747 years 19.0 length 16
population 12 fitness 0.5058324324405232 years 19.0 length 16
population 13 fitness 0.5040465470367076 years 18.0 length 16
population 14 fitness 0.504046948296169 years 18.0 length 16
population 15 fitness 0.5034517849791035 years 17.0 length 16
population 16 fitness 0.5035242189436523 years 17.0 length 16
population 17 fitness 0.5015506320232651 years 16.0 length 15
population 18 fitness 0.5028195576328095 years 16.0 length 16
population 19 fitness 0.5045497462271705 years 15.0 length 16
population 20 fitness 0.5045995208877725 years 15.0 length 16
population 21 fitness 0.5017706133815477 years 14.0 length 17
population 22 fitness 0.502968949286551 years 14.0 length 15
population 23 fitness 0.5043824122363636 years 13.0 length 16
population 24 fitness 0.5058597078064369 years 13.0 length 15
population 25 fitness 0.5056122696759352 years 12.0 length 17
population 26 fitness 0.5066523425399297 years 12.0 length 15
population 27 fitness 0.5016809938906635 years 11.0 length 16
population 28 fitness 0.504436633829166 years 11.0 length 16
population 29 fitness 0.5034963396545666 years 10.0 length 16
population 30 fitness 0.5042706457814103 years 10.0 length 16
population 31 fitness 0.5010173278255148 years 9.0 length 16
population 32 fitness 0.504432113694104 years 9.0 length 17
population 33 fitness 0.5031921578773648 years 8.0 length 16
population 34 fitness 0.5062191072320525 years 8.0 length 16
population 35 fitness 0.5018026150852647 years 7.0 length 16
population 36 fitness 0.5029120068510557 years 7.0 length 16
population 37 fitness 0.5043797958610885 years 6.0 length 16
population 38 fitness 0.5049839686724658 years 6.0 length 16
population 39 fitness 0.49914144970834196 years 5.0 length 15
population 40 fitness 0.49960136860623744 years 5.0 length 17

0.2339386986328964 0.19312184838957025 0.05645894147578878 0.3780004391736598 0.25360764761929444 3 6
0.6276338983044661 0.9514132988016678 0.4392467418743723 0.2932182999403844 0.28448554709277774 8 8
0.7074438937369854 0.2801365865932357 0.3750526697054325 0.30806239787141076 0.5743872525203705 4 8
0.9096572887257266 0.9966856111644333 0.6476422641141821 0.6172714102440376 0.6430608866096963 1 3
0.4678020274479052 0.9137024085197611 0.2936213968823468 0.62388814085014 0.23963423936117256 4 1
0.7074438937369854 0.2801365865932357 0.3750526697054325 0.30806239787141076 0.5743872525203705 4 8
0.9096572887257266 0.9966856111644333 0.6476422641141821 0.6172714102440376 0.6430608866096963 1 3
0.2097530021444982 0.5959023264941365 0.578918331541949 0.19758028455483312 0.8021191349256966 4 7
0.2097530021444982 0.5959023264941365 0.578918331541949 0.19758028455483312 0.8021191349256966 4 7
0.32008257257913264 0.7239308861621175 0.3157484662619424 0.478327111855966 0.1206160756994179 3 3
0.32008257257913264 0.7239308861621175 0.3157484662619424 0.478327111855966 0.1206160756994179 3 3
0.1810458359129019 0.7906981588242328 0.7547741935141228 0.2766649577032654 0.2112719469976242 2 4
0.1810458359129019 0.7906981588242328 0.7547741935141228 0.2766649577032654 0.2112719469976242 2 4
0.31866700747225984 0.38148105570157853 0.8447309106119031 0.2736071401520568 0.6657206523842613 6 5
0.31866700747225984 0.38148105570157853 0.8447309106119031 0.2736071401520568 0.6657206523842613 6 5
0.31866700747225984 0.38148105570157853 0.8447309106119031 0.2736071401520568 0.6657206523842613 6 5
0.8515083812409115 0.1569822464022499 0.06417977862324675 0.21386102856688483 0.16487791595522916 5 5
0.2339386986328964 0.19312184838957025 0.05645894147578878 0.3780004391736598 0.25360764761929444 3 6
0.4608767274746195 0.7556823083196805 0.042491988551167204 0.8230428395814372 0.14225099463504742 3 1
0.02997859976895423 0.44164060827773743 0.4131182398384837 0.2609519445267141 0.9878038242474252 4 8
0.23360081477210082 0.08835411323479325 0.5749302940885263 0.48367434441765456 0.5119434717804655 6 6
0.6273209671584083 0.30756542183954494 0.2675311918765033 0.3027050537394581 0.9046874417337533 4 7
0.7074438937369854 0.2801365865932357 0.3750526697054325 0.30806239787141076 0.5743872525203705 4 8
0.9096572887257266 0.9966856111644333 0.6476422641141821 0.6172714102440376 0.6430608866096963 1 3
0.2097530021444982 0.5959023264941365 0.578918331541949 0.19758028455483312 0.8021191349256966 4 7
0.7732939763542976 0.5437065872708486 0.381622342871596 0.6899913531679294 0.3219419774318407 4 8
0.32008257257913264 0.7239308861621175 0.3157484662619424 0.478327111855966 0.1206160756994179 3 3
0.31866700747225984 0.38148105570157853 0.8447309106119031 0.2736071401520568 0.6657206523842613 6 5
0.1810458359129019 0.7906981588242328 0.7547741935141228 0.2766649577032654 0.2112719469976242 2 4
0.31866700747225984 0.38148105570157853 0.8447309106119031 0.2736071401520568 0.6657206523842613 6 5
0.31866700747225984 0.38148105570157853 0.8447309106119031 0.2736071401520568 0.6657206523842613 6 5
0.2339386986328964 0.19312184838957025 0.05645894147578878 0.3780004391736598 0.25360764761929444 3 6
0.4608767274746195 0.7556823083196805 0.042491988551167204 0.8230428395814372 0.14225099463504742 3 1
0.2929622191795461 0.16170350589407478 0.9238870750995974 0.9381969501022316 0.8371232915457668 6 4
0.9096572887257266 0.9966856111644333 0.6476422641141821 0.6172714102440376 0.6430608866096963 1 3
0.6751660895118251 0.6046440979891109 0.35363255455128195 0.18522899101891332 0.9462760069729371 4 4
0.7074438937369854 0.2801365865932357 0.3750526697054325 0.30806239787141076 0.5743872525203705 4 8
0.9096572887257266 0.9966856111644333 0.6476422641141821 0.6172714102440376 0.6430608866096963 1 3
0.5919866023381997 0.20838905855580236 0.7497349526981664 0.9472669714222811 0.36234609297365017 1 8
0.2097530021444982 0.5959023264941365 0.578918331541949 0.19758028455483312 0.8021191349256966 4 7
0.2097530021444982 0.5959023264941365 0.578918331541949 0.19758028455483312 0.8021191349256966 4 7
0.32008257257913264 0.7239308861621175 0.3157484662619424 0.478327111855966 0.1206160756994179 3 3
0.32008257257913264 0.7239308861621175 0.3157484662619424 0.478327111855966 0.1206160756994179 3 3
0.32673477091317515 0.38295291401580545 0.47338798087573863 0.22908922772297946 0.8738907161430493 4 5
0.31866700747225984 0.38148105570157853 0.8447309106119031 0.2736071401520568 0.6657206523842613 6 5
0.31866700747225984 0.38148105570157853 0.8447309106119031 0.2736071401520568 0.6657206523842613 6 5
0.31866700747225984 0.38148105570157853 0.8447309106119031 0.2736071401520568 0.6657206523842613 6 5
0.2339386986328964 0.19312184838957025 0.05645894147578878 0.3780004391736598 0.25360764761929444 3 6
0.4608767274746195 0.7556823083196805 0.042491988551167204 0.8230428395814372 0.14225099463504742 3 1
0.2929622191795461 0.16170350589407478 0.9238870750995974 0.9381969501022316 0.8371232915457668 6 4
0.02997859976895423 0.44164060827773743 0.4131182398384837 0.2609519445267141 0.9878038242474252 4 8
0.6273209671584083 0.30756542183954494 0.2675311918765033 0.3027050537394581 0.9046874417337533 4 7
0.7074438937369854 0.2801365865932357 0.3750526697054325 0.30806239787141076 0.5743872525203705 4 8
0.9096572887257266 0.9966856111644333 0.6476422641141821 0.6172714102440376 0.6430608866096963 1 3
0.5919866023381997 0.20838905855580236 0.7497349526981664 0.9472669714222811 0.36234609297365017 1 8
0.2097530021444982 0.5959023264941365 0.578918331541949 0.19758028455483312 0.8021191349256966 4 7
0.32008257257913264 0.7239308861621175 0.3157484662619424 0.478327111855966 0.1206160756994179 3 3
0.32008257257913264 0.7239308861621175 0.3157484662619424 0.478327111855966 0.1206160756994179 3 3
0.1810458359129019 0.7906981588242328 0.7547741935141228 0.2766649577032654 0.2112719469976242 2 4
0.32673477091317515 0.38295291401580545 0.47338798087573863 0.22908922772297946 0.8738907161430493 4 5
0.31866700747225984 0.38148105570157853 0.8447309106119031 0.2736071401520568 0.6657206523842613 6 5
0.31866700747225984 0.38148105570157853 0.8447309106119031 0.2736071401520568 0.6657206523842613 6 5
0.3085692579347945 0.41287305004145414 0.5059787692034667 0.4786698407995481 0.06367172287456269 1 4
0.4257878384865157 0.031552833349607456 0.2748632473463154 0.36519823843837895 0.1197549974777058 1 4
0.2339386986328964 0.19312184838957025 0.05645894147578878 0.3780004391736598 0.25360764761929444 3 6
0.4608767274746195 0.7556823083196805 0.042491988551167204 0.8230428395814372 0.14225099463504742 3 1
0.2929622191795461 0.16170350589407478 0.9238870750995974 0.9381969501022316 0.8371232915457668 6 4
0.9096572887257266 0.9966856111644333 0.6476422641141821 0.6172714102440376 0.6430608866096963 1 3
0.7074438937369854 0.2801365865932357 0.3750526697054325 0.30806239787141076 0.5743872525203705 4 8
0.7074438937369854 0.2801365865932357 0.3750526697054325 0.30806239787141076 0.5743872525203705 4 8
0.9096572887257266 0.9966856111644333 0.6476422641141821 0.6172714102440376 0.6430608866096963 1 3
0.5919866023381997 0.20838905855580236 0.7497349526981664 0.9472669714222811 0.36234609297365017 1 8
0.10232949591325702 0.2338781380585454 0.4880062449640614 0.10675880255489378 0.5254919307544399 3 1
0.2097530021444982 0.5959023264941365 0.578918331541949 0.19758028455483312 0.8021191349256966 4 7
0.32008257257913264 0.7239308861621175 0.3157484662619424 0.478327111855966 0.1206160756994179 3 3
0.1810458359129019 0.7906981588242328 0.7547741935141228 0.2766649577032654 0.2112719469976242 2 4
0.32673477091317515 0.38295291401580545 0.47338798087573863 0.22908922772297946 0.8738907161430493 4 5
0.31866700747225984 0.38148105570157853 0.8447309106119031 0.2736071401520568 0.6657206523842613 6 5
0.31866700747225984 0.38148105570157853 0.8447309106119031 0.2736071401520568 0.6657206523842613 6 5
0.31866700747225984 0.38148105570157853 0.8447309106119031 0.2736071401520568 0.6657206523842613 6 5
0.9475290066981105 0.10673937615878393 0.3471032356590378 0.8207889666241877 0.8371289668227421 1 8
0.2339386986328964 0.19312184838957025 0.05645894147578878 0.3780004391736598 0.25360764761929444 3 6
0.4608767274746195 0.7556823083196805 0.042491988551167204 0.8230428395814372 0.14225099463504742 3 1
0.02997859976895423 0.44164060827773743 0.4131182398384837 0.2609519445267141 0.9878038242474252 4 8
0.6751660895118251 0.6046440979891109 0.35363255455128195 0.18522899101891332 0.9462760069729371 4 4
0.7074438937369854 0.2801365865932357 0.3750526697054325 0.30806239787141076 0.5743872525203705 4 8
0.9096572887257266 0.9966856111644333 0.6476422641141821 0.6172714102440376 0.6430608866096963 1 3
0.5919866023381997 0.20838905855580236 0.7497349526981664 0.9472669714222811 0.36234609297365017 1 8
0.8606012614194939 0.7109376043817103 0.36093618707476816 0.6890022680140869 0.3006120806840116 8 4
0.2097530021444982 0.5959023264941365 0.578918331541949 0.19758028455483312 0.8021191349256966 4 7
0.32008257257913264 0.7239308861621175 0.3157484662619424 0.478327111855966 0.1206160756994179 3 3
0.1810458359129019 0.7906981588242328 0.7547741935141228 0.2766649577032654 0.2112719469976242 2 4
0.32673477091317515 0.38295291401580545 0.47338798087573863 0.22908922772297946 0.8738907161430493 4 5
0.31866700747225984 0.38148105570157853 0.8447309106119031 0.2736071401520568 0.6657206523842613 6 5
0.31866700747225984 0.38148105570157853 0.8447309106119031 0.2736071401520568 0.6657206523842613 6 5
0.2929622191795461 0.16170350589407478 0.9238870750995974 0.9381969501022316 0.8371232915457668 6 4
0.2929622191795461 0.16170350589407478 0.9238870750995974 0.9381969501022316 0.8371232915457668 6 4
0.23360081477210082 0.08835411323479325 0.5749302940885263 0.48367434441765456 0.5119434717804655 6 6
0.9096572887257266 0.9966856111644333 0.6476422641141821 0.6172714102440376 0.6430608866096963 1 3
0.4678020274479052 0.9137024085197611 0.2936213968823468 0.62388814085014 0.23963423936117256 4 1
0.7074438937369854 0.2801365865932357 0.3750526697054325 0.30806239787141076 0.5743872525203705 4 8
0.9096572887257266 0.9966856111644333 0.6476422641141821 0.6172714102440376 0.6430608866096963 1 3
0.6985689727807098 0.7064812213017608 0.67559719726494 0.32191699482085556 0.6815599706210133 7 4
0.2097530021444982 0.5959023264941365 0.578918331541949 0.19758028455483312 0.8021191349256966 4 7
0.2097530021444982 0.5959023264941365 0.578918331541949 0.19758028455483312 0.8021191349256966 4 7
0.32008257257913264 0.7239308861621175 0.3157484662619424 0.478327111855966 0.1206160756994179 3 3
0.1810458359129019 0.7906981588242328 0.7547741935141228 0.2766649577032654 0.2112719469976242 2 4
0.1810458359129019 0.7906981588242328 0.7547741935141228 0.2766649577032654 0.2112719469976242 2 4
0.32673477091317515 0.38295291401580545 0.47338798087573863 0.22908922772297946 0.8738907161430493 4 5
0.31866700747225984 0.38148105570157853 0.8447309106119031 0.2736071401520568 0.6657206523842613 6 5
0.31866700747225984 0.38148105570157853 0.8447309106119031 0.2736071401520568 0.6657206523842613 6 5
0.2339386986328964 0.19312184838957025 0.05645894147578878 0.3780004391736598 0.25360764761929444 3 6
0.2339386986328964 0.19312184838957025 0.05645894147578878 0.3780004391736598 0.25360764761929444 3 6
0.7074438937369854 0.2801365865932357 0.3750526697054325 0.30806239787141076 0.5743872525203705 4 8
0.9096572887257266 0.9966856111644333 0.6476422641141821 0.6172714102440376 0.6430608866096963 1 3
0.4678020274479052 0.9137024085197611 0.2936213968823468 0.62388814085014 0.23963423936117256 4 1
0.7074438937369854 0.2801365865932357 0.3750526697054325 0.30806239787141076 0.5743872525203705 4 8
0.9096572887257266 0.9966856111644333 0.6476422641141821 0.6172714102440376 0.6430608866096963 1 3
0.6985689727807098 0.7064812213017608 0.67559719726494 0.32191699482085556 0.6815599706210133 7 4
0.8606012614194939 0.7109376043817103 0.36093618707476816 0.6890022680140869 0.3006120806840116 8 4
0.2097530021444982 0.5959023264941365 0.578918331541949 0.19758028455483312 0.8021191349256966 4 7
0.32673477091317515 0.38295291401580545 0.47338798087573863 0.22908922772297946 0.8738907161430493 4 5
0.31866700747225984 0.38148105570157853 0.8447309106119031 0.2736071401520568 0.6657206523842613 6 5
0.1810458359129019 0.7906981588242328 0.7547741935141228 0.2766649577032654 0.2112719469976242 2 4
0.31866700747225984 0.38148105570157853 0.8447309106119031 0.2736071401520568 0.6657206523842613 6 5
0.31866700747225984 0.38148105570157853 0.8447309106119031 0.2736071401520568 0.6657206523842613 6 5
0.8515083812409115 0.1569822464022499 0.06417977862324675 0.21386102856688483 0.16487791595522916 5 5
0.2339386986328964 0.19312184838957025 0.05645894147578878 0.3780004391736598 0.25360764761929444 3 6
0.4608767274746195 0.7556823083196805 0.042491988551167204 0.8230428395814372 0.14225099463504742 3 1
0.2929622191795461 0.16170350589407478 0.9238870750995974 0.9381969501022316 0.8371232915457668 6 4
0.02997859976895423 0.44164060827773743 0.4131182398384837 0.2609519445267141 0.9878038242474252 4 8
0.6751660895118251 0.6046440979891109 0.35363255455128195 0.18522899101891332 0.9462760069729371 4 4
0.7074438937369854 0.2801365865932357 0.3750526697054325 0.30806239787141076 0.5743872525203705 4 8
0.9096572887257266 0.9966856111644333 0.6476422641141821 0.6172714102440376 0.6430608866096963 1 3
0.5919866023381997 0.20838905855580236 0.7497349526981664 0.9472669714222811 0.36234609297365017 1 8
0.2097530021444982 0.5959023264941365 0.578918331541949 0.19758028455483312 0.8021191349256966 4 7
0.32008257257913264 0.7239308861621175 0.3157484662619424 0.478327111855966 0.1206160756994179 3 3
0.32008257257913264 0.7239308861621175 0.3157484662619424 0.478327111855966 0.1206160756994179 3 3
0.1810458359129019 0.7906981588242328 0.7547741935141228 0.2766649577032654 0.2112719469976242 2 4
0.32673477091317515 0.38295291401580545 0.47338798087573863 0.22908922772297946 0.8738907161430493 4 5
0.31866700747225984 0.38148105570157853 0.8447309106119031 0.2736071401520568 0.6657206523842613 6 5
0.31866700747225984 0.38148105570157853 0.8447309106119031 0.2736071401520568 0.6657206523842613 6 5
0.3085692579347945 0.41287305004145414 0.5059787692034667 0.4786698407995481 0.06367172287456269 1 4
0.4257878384865157 0.031552833349607456 0.2748632473463154 0.36519823843837895 0.1197549974777058 1 4
0.8515083812409115 0.1569822464022499 0.06417977862324675 0.21386102856688483 0.16487791595522916 5 5
0.2339386986328964 0.19312184838957025 0.05645894147578878 0.3780004391736598 0.25360764761929444 3 6
0.4608767274746195 0.7556823083196805 0.042491988551167204 0.8230428395814372 0.14225099463504742 3 1
0.9096572887257266 0.9966856111644333 0.6476422641141821 0.6172714102440376 0.6430608866096963 1 3
0.7074438937369854 0.2801365865932357 0.3750526697054325 0.30806239787141076 0.5743872525203705 4 8
0.7074438937369854 0.2801365865932357 0.3750526697054325 0.30806239787141076 0.5743872525203705 4 8
0.9096572887257266 0.9966856111644333 0.6476422641141821 0.6172714102440376 0.6430608866096963 1 3
0.5919866023381997 0.20838905855580236 0.7497349526981664 0.9472669714222811 0.36234609297365017 1 8
0.2097530021444982 0.5959023264941365 0.578918331541949 0.19758028455483312 0.8021191349256966 4 7
0.2097530021444982 0.5959023264941365 0.578918331541949 0.19758028455483312 0.8021191349256966 4 7
0.32008257257913264 0.7239308861621175 0.3157484662619424 0.478327111855966 0.1206160756994179 3 3
0.1810458359129019 0.7906981588242328 0.7547741935141228 0.2766649577032654 0.2112719469976242 2 4
0.1810458359129019 0.7906981588242328 0.7547741935141228 0.2766649577032654 0.2112719469976242 2 4
0.31866700747225984 0.38148105570157853 0.8447309106119031 0.2736071401520568 0.6657206523842613 6 5
0.31866700747225984 0.38148105570157853 0.8447309106119031 0.2736071401520568 0.6657206523842613 6 5
0.9475290066981105 0.10673937615878393 0.3471032356590378 0.8207889666241877 0.8371289668227421 1 8
0.2339386986328964 0.19312184838957025 0.05645894147578878 0.3780004391736598 0.25360764761929444 3 6
0.4608767274746195 0.7556823083196805 0.042491988551167204 0.8230428395814372 0.14225099463504742 3 1
0.02997859976895423 0.44164060827773743 0.4131182398384837 0.2609519445267141 0.9878038242474252 4 8
0.23360081477210082 0.08835411323479325 0.5749302940885263 0.48367434441765456 0.5119434717804655 6 6
0.7074438937369854 0.2801365865932357 0.3750526697054325 0.30806239787141076 0.5743872525203705 4 8
0.9096572887257266 0.9966856111644333 0.6476422641141821 0.6172714102440376 0.6430608866096963 1 3
0.5919866023381997 0.20838905855580236 0.7497349526981664 0.9472669714222811 0.36234609297365017 1 8
0.8243721050437799 0.40780377017038716 0.444529985849878 0.861883506156344 0.3532138772493433 2 7
0.2097530021444982 0.5959023264941365 0.578918331541949 0.19758028455483312 0.8021191349256966 4 7
0.32008257257913264 0.7239308861621175 0.3157484662619424 0.478327111855966 0.1206160756994179 3 3
0.1810458359129019 0.7906981588242328 0.7547741935141228 0.2766649577032654 0.2112719469976242 2 4
0.1810458359129019 0.7906981588242328 0.7547741935141228 0.2766649577032654 0.2112719469976242 2 4
0.31866700747225984 0.38148105570157853 0.8447309106119031 0.2736071401520568 0.6657206523842613 6 5
0.31866700747225984 0.38148105570157853 0.8447309106119031 0.2736071401520568 0.6657206523842613 6 5
0.8515083812409115 0.1569822464022499 0.06417977862324675 0.21386102856688483 0.16487791595522916 5 5
0.4608767274746195 0.7556823083196805 0.042491988551167204 0.8230428395814372 0.14225099463504742 3 1
0.2929622191795461 0.16170350589407478 0.9238870750995974 0.9381969501022316 0.8371232915457668 6 4
0.02997859976895423 0.44164060827773743 0.4131182398384837 0.2609519445267141 0.9878038242474252 4 8
0.4678020274479052 0.9137024085197611 0.2936213968823468 0.62388814085014 0.23963423936117256 4 1
0.7074438937369854 0.2801365865932357 0.3750526697054325 0.30806239787141076 0.5743872525203705 4 8
0.9096572887257266 0.9966856111644333 0.6476422641141821 0.6172714102440376 0.6430608866096963 1 3
0.6985689727807098 0.7064812213017608 0.67559719726494 0.32191699482085556 0.6815599706210133 7 4
0.2097530021444982 0.5959023264941365 0.578918331541949 0.19758028455483312 0.8021191349256966 4 7
0.2097530021444982 0.5959023264941365 0.578918331541949 0.19758028455483312 0.8021191349256966 4 7
0.32008257257913264 0.7239308861621175 0.3157484662619424 0.478327111855966 0.1206160756994179 3 3
0.1810458359129019 0.7906981588242328 0.7547741935141228 0.2766649577032654 0.2112719469976242 2 4
0.32673477091317515 0.38295291401580545 0.47338798087573863 0.22908922772297946 0.8738907161430493 4 5
0.32673477091317515 0.38295291401580545 0.47338798087573863 0.22908922772297946 0.8738907161430493 4 5
0.31866700747225984 0.38148105570157853 0.8447309106119031 0.2736071401520568 0.6657206523842613 6 5
0.31866700747225984 0.38148105570157853 0.8447309106119031 0.2736071401520568 0.6657206523842613 6 5
0.9475290066981105 0.10673937615878393 0.3471032356590378 0.8207889666241877 0.8371289668227421 1 8
0.2929622191795461 0.16170350589407478 0.9238870750995974 0.9381969501022316 0.8371232915457668 6 4
0.23360081477210082 0.08835411323479325 0.5749302940885263 0.48367434441765456 0.5119434717804655 6 6
0.9096572887257266 0.9966856111644333 0.6476422641141821 0.6172714102440376 0.6430608866096963 1 3
0.4678020274479052 0.9137024085197611 0.2936213968823468 0.62388814085014 0.23963423936117256 4 1
0.7074438937369854 0.2801365865932357 0.3750526697054325 0.30806239787141076 0.5743872525203705 4 8
0.9096572887257266 0.9966856111644333 0.6476422641141821 0.6172714102440376 0.6430608866096963 1 3
0.6985689727807098 0.7064812213017608 0.67559719726494 0.32191699482085556 0.6815599706210133 7 4
0.2097530021444982 0.5959023264941365 0.578918331541949 0.19758028455483312 0.8021191349256966 4 7
0.2097530021444982 0.5959023264941365 0.578918331541949 0.19758028455483312 0.8021191349256966 4 7
0.32008257257913264 0.7239308861621175 0.3157484662619424 0.478327111855966 0.1206160756994179 3 3
0.1810458359129019 0.7906981588242328 0.7547741935141228 0.2766649577032654 0.2112719469976242 2 4
0.32673477091317515 0.38295291401580545 0.47338798087573863 0.22908922772297946 0.8738907161430493 4 5
0.31866700747225984 0.38148105570157853 0.8447309106119031 0.2736071401520568 0.6657206523842613 6 5
0.31866700747225984 0.38148105570157853 0.8447309106119031 0.2736071401520568 0.6657206523842613 6 5
0.31866700747225984 0.38148105570157853 0.8447309106119031 0.2736071401520568 0.6657206523842613 6 5
0.8515083812409115 0.1569822464022499 0.06417977862324675 0.21386102856688483 0.16487791595522916 5 5
0.4608767274746195 0.7556823083196805 0.042491988551167204 0.8230428395814372 0.14225099463504742 3 1
0.2929622191795461 0.16170350589407478 0.9238870750995974 0.9381969501022316 0.8371232915457668 6 4
0.02997859976895423 0.44164060827773743 0.4131182398384837 0.2609519445267141 0.9878038242474252 4 8
0.4678020274479052 0.9137024085197611 0.2936213968823468 0.62388814085014 0.23963423936117256 4 1
0.7074438937369854 0.2801365865932357 0.3750526697054325 0.30806239787141076 0.5743872525203705 4 8
0.9096572887257266 0.9966856111644333 0.6476422641141821 0.6172714102440376 0.6430608866096963 1 3
0.6985689727807098 0.7064812213017608 0.67559719726494 0.32191699482085556 0.6815599706210133 7 4
0.2097530021444982 0.5959023264941365 0.578918331541949 0.19758028455483312 0.8021191349256966 4 7
0.2097530021444982 0.5959023264941365 0.578918331541949 0.19758028455483312 0.8021191349256966 4 7
0.32008257257913264 0.7239308861621175 0.3157484662619424 0.478327111855966 0.1206160756994179 3 3
0.1810458359129019 0.7906981588242328 0.7547741935141228 0.2766649577032654 0.2112719469976242 2 4
0.32673477091317515 0.38295291401580545 0.47338798087573863 0.22908922772297946 0.8738907161430493 4 5
0.32673477091317515 0.38295291401580545 0.47338798087573863 0.22908922772297946 0.8738907161430493 4 5
0.31866700747225984 0.38148105570157853 0.8447309106119031 0.2736071401520568 0.6657206523842613 6 5
0.31866700747225984 0.38148105570157853 0.8447309106119031 0.2736071401520568 0.6657206523842613 6 5
0.9475290066981105 0.10673937615878393 0.3471032356590378 0.8207889666241877 0.8371289668227421 1 8
0.2929622191795461 0.16170350589407478 0.9238870750995974 0.9381969501022316 0.8371232915457668 6 4
0.23360081477210082 0.08835411323479325 0.5749302940885263 0.48367434441765456 0.5119434717804655 6 6
0.9096572887257266 0.9966856111644333 0.6476422641141821 0.6172714102440376 0.6430608866096963 1 3
0.4678020274479052 0.9137024085197611 0.2936213968823468 0.62388814085014 0.23963423936117256 4 1
0.7074438937369854 0.2801365865932357 0.3750526697054325 0.30806239787141076 0.5743872525203705 4 8
0.9096572887257266 0.9966856111644333 0.6476422641141821 0.6172714102440376 0.6430608866096963 1 3
0.6985689727807098 0.7064812213017608 0.67559719726494 0.32191699482085556 0.6815599706210133 7 4
0.2097530021444982 0.5959023264941365 0.578918331541949 0.19758028455483312 0.8021191349256966 4 7
0.2097530021444982 0.5959023264941365 0.578918331541949 0.19758028455483312 0.8021191349256966 4 7
0.32008257257913264 0.7239308861621175 0.3157484662619424 0.478327111855966 0.1206160756994179 3 3
0.1810458359129019 0.7906981588242328 0.7547741935141228 0.2766649577032654 0.2112719469976242 2 4
0.1810458359129019 0.7906981588242328 0.7547741935141228 0.2766649577032654 0.2112719469976242 2 4
0.32673477091317515 0.38295291401580545 0.47338798087573863 0.22908922772297946 0.8738907161430493 4 5
0.31866700747225984 0.38148105570157853 0.8447309106119031 0.2736071401520568 0.6657206523842613 6 5
0.31866700747225984 0.38148105570157853 0.8447309106119031 0.2736071401520568 0.6657206523842613 6 5
0.2339386986328964 0.19312184838957025 0.05645894147578878 0.3780004391736598 0.25360764761929444 3 6
0.4608767274746195 0.7556823083196805 0.042491988551167204 0.8230428395814372 0.14225099463504742 3 1
0.2929622191795461 0.16170350589407478 0.9238870750995974 0.9381969501022316 0.8371232915457668 6 4
0.9096572887257266 0.9966856111644333 0.6476422641141821 0.6172714102440376 0.6430608866096963 1 3
0.7074438937369854 0.2801365865932357 0.3750526697054325 0.30806239787141076 0.5743872525203705 4 8
0.7074438937369854 0.2801365865932357 0.3750526697054325 0.30806239787141076 0.5743872525203705 4 8
0.9096572887257266 0.9966856111644333 0.6476422641141821 0.6172714102440376 0.6430608866096963 1 3
0.6985689727807098 0.7064812213017608 0.67559719726494 0.32191699482085556 0.6815599706210133 7 4
0.10232949591325702 0.2338781380585454 0.4880062449640614 0.10675880255489378 0.5254919307544399 3 1
0.2097530021444982 0.5959023264941365 0.578918331541949 0.19758028455483312 0.8021191349256966 4 7
0.32008257257913264 0.7239308861621175 0.3157484662619424 0.478327111855966 0.1206160756994179 3 3
0.1810458359129019 0.7906981588242328 0.7547741935141228 0.2766649577032654 0.2112719469976242 2 4
0.32673477091317515 0.38295291401580545 0.47338798087573863 0.22908922772297946 0.8738907161430493 4 5
0.31866700747225984 0.38148105570157853 0.8447309106119031 0.2736071401520568 0.6657206523842613 6 5
0.31866700747225984 0.38148105570157853 0.8447309106119031 0.2736071401520568 0.6657206523842613 6 5
0.31866700747225984 0.38148105570157853 0.8447309106119031 0.2736071401520568 0.6657206523842613 6 5
0.9475290066981105 0.10673937615878393 0.3471032356590378 0.8207889666241877 0.8371289668227421 1 8
0.2929622191795461 0.16170350589407478 0.9238870750995974 0.9381969501022316 0.8371232915457668 6 4
0.4608767274746195 0.7556823083196805 0.042491988551167204 0.8230428395814372 0.14225099463504742 3 1
0.9096572887257266 0.9966856111644333 0.6476422641141821 0.6172714102440376 0.6430608866096963 1 3
0.4678020274479052 0.9137024085197611 0.2936213968823468 0.62388814085014 0.23963423936117256 4 1
0.7074438937369854 0.2801365865932357 0.3750526697054325 0.30806239787141076 0.5743872525203705 4 8
0.9096572887257266 0.9966856111644333 0.6476422641141821 0.6172714102440376 0.6430608866096963 1 3
0.6985689727807098 0.7064812213017608 0.67559719726494 0.32191699482085556 0.6815599706210133 7 4
0.2097530021444982 0.5959023264941365 0.578918331541949 0.19758028455483312 0.8021191349256966 4 7
0.2097530021444982 0.5959023264941365 0.578918331541949 0.19758028455483312 0.8021191349256966 4 7
0.32008257257913264 0.7239308861621175 0.3157484662619424 0.478327111855966 0.1206160756994179 3 3
0.1810458359129019 0.7906981588242328 0.7547741935141228 0.2766649577032654 0.2112719469976242 2 4
0.32673477091317515 0.38295291401580545 0.47338798087573863 0.22908922772297946 0.8738907161430493 4 5
0.31866700747225984 0.38148105570157853 0.8447309106119031 0.2736071401520568 0.6657206523842613 6 5
0.31866700747225984 0.38148105570157853 0.8447309106119031 0.2736071401520568 0.6657206523842613 6 5
0.31866700747225984 0.38148105570157853 0.8447309106119031 0.2736071401520568 0.6657206523842613 6 5
0.8515083812409115 0.1569822464022499 0.06417977862324675 0.21386102856688483 0.16487791595522916 5 5
0.2339386986328964 0.19312184838957025 0.05645894147578878 0.3780004391736598 0.25360764761929444 3 6
0.4608767274746195 0.7556823083196805 0.042491988551167204 0.8230428395814372 0.14225099463504742 3 1
0.02997859976895423 0.44164060827773743 0.4131182398384837 0.2609519445267141 0.9878038242474252 4 8
0.6273209671584083 0.30756542183954494 0.2675311918765033 0.3027050537394581 0.9046874417337533 4 7
0.7074438937369854 0.2801365865932357 0.3750526697054325 0.30806239787141076 0.5743872525203705 4 8
0.7074438937369854 0.2801365865932357 0.3750526697054325 0.30806239787141076 0.5743872525203705 4 8
0.9096572887257266 0.9966856111644333 0.6476422641141821 0.6172714102440376 0.6430608866096963 1 3
0.2097530021444982 0.5959023264941365 0.578918331541949 0.19758028455483312 0.8021191349256966 4 7
0.7732939763542976 0.5437065872708486 0.381622342871596 0.6899913531679294 0.3219419774318407 4 8
0.32673477091317515 0.38295291401580545 0.47338798087573863 0.22908922772297946 0.8738907161430493 4 5
0.31866700747225984 0.38148105570157853 0.8447309106119031 0.2736071401520568 0.6657206523842613 6 5
0.1810458359129019 0.7906981588242328 0.7547741935141228 0.2766649577032654 0.2112719469976242 2 4
0.32673477091317515 0.38295291401580545 0.47338798087573863 0.22908922772297946 0.8738907161430493 4 5
0.31866700747225984 0.38148105570157853 0.8447309106119031 0.2736071401520568 0.6657206523842613 6 5
0.8515083812409115 0.1569822464022499 0.06417977862324675 0.21386102856688483 0.16487791595522916 5 5
0.4608767274746195 0.7556823083196805 0.042491988551167204 0.8230428395814372 0.14225099463504742 3 1
0.02997859976895423 0.44164060827773743 0.4131182398384837 0.2609519445267141 0.9878038242474252 4 8
0.6751660895118251 0.6046440979891109 0.35363255455128195 0.18522899101891332 0.9462760069729371 4 4
0.7074438937369854 0.2801365865932357 0.3750526697054325 0.30806239787141076 0.5743872525203705 4 8
0.7074438937369854 0.2801365865932357 0.3750526697054325 0.30806239787141076 0.5743872525203705 4 8
0.9096572887257266 0.9966856111644333 0.6476422641141821 0.6172714102440376 0.6430608866096963 1 3
0.5919866023381997 0.20838905855580236 0.7497349526981664 0.9472669714222811 0.36234609297365017 1 8
0.8606012614194939 0.7109376043817103 0.36093618707476816 0.6890022680140869 0.3006120806840116 8 4
0.2097530021444982 0.5959023264941365 0.578918331541949 0.19758028455483312 0.8021191349256966 4 7
0.32008257257913264 0.7239308861621175 0.3157484662619424 0.478327111855966 0.1206160756994179 3 3
0.1810458359129019 0.7906981588242328 0.7547741935141228 0.2766649577032654 0.2112719469976242 2 4
0.32673477091317515 0.38295291401580545 0.47338798087573863 0.22908922772297946 0.8738907161430493 4 5
0.32673477091317515 0.38295291401580545 0.47338798087573863 0.22908922772297946 0.8738907161430493 4 5
0.31866700747225984 0.38148105570157853 0.8447309106119031 0.2736071401520568 0.6657206523842613 6 5
0.31866700747225984 0.38148105570157853 0.8447309106119031 0.2736071401520568 0.6657206523842613 6 5
0.9475290066981105 0.10673937615878393 0.3471032356590378 0.8207889666241877 0.8371289668227421 1 8
0.2929622191795461 0.16170350589407478 0.9238870750995974 0.9381969501022316 0.8371232915457668 6 4
0.23360081477210082 0.08835411323479325 0.5749302940885263 0.48367434441765456 0.5119434717804655 6 6
0.9096572887257266 0.9966856111644333 0.6476422641141821 0.6172714102440376 0.6430608866096963 1 3
0.4678020274479052 0.9137024085197611 0.2936213968823468 0.62388814085014 0.23963423936117256 4 1
0.7074438937369854 0.2801365865932357 0.3750526697054325 0.30806239787141076 0.5743872525203705 4 8
0.9096572887257266 0.9966856111644333 0.6476422641141821 0.6172714102440376 0.6430608866096963 1 3
0.6985689727807098 0.7064812213017608 0.67559719726494 0.32191699482085556 0.6815599706210133 7 4
0.2097530021444982 0.5959023264941365 0.578918331541949 0.19758028455483312 0.8021191349256966 4 7
0.2097530021444982 0.5959023264941365 0.578918331541949 0.19758028455483312 0.8021191349256966 4 7
0.32008257257913264 0.7239308861621175 0.3157484662619424 0.478327111855966 0.1206160756994179 3 3
0.1810458359129019 0.7906981588242328 0.7547741935141228 0.2766649577032654 0.2112719469976242 2 4
0.1810458359129019 0.7906981588242328 0.7547741935141228 0.2766649577032654 0.2112719469976242 2 4
0.32673477091317515 0.38295291401580545 0.47338798087573863 0.22908922772297946 0.8738907161430493 4 5
0.31866700747225984 0.38148105570157853 0.8447309106119031 0.2736071401520568 0.6657206523842613 6 5
0.31866700747225984 0.38148105570157853 0.8447309106119031 0.2736071401520568 0.6657206523842613 6 5
0.9475290066981105 0.10673937615878393 0.3471032356590378 0.8207889666241877 0.8371289668227421 1 8
0.4608767274746195 0.7556823083196805 0.042491988551167204 0.8230428395814372 0.14225099463504742 3 1
0.02997859976895423 0.44164060827773743 0.4131182398384837 0.2609519445267141 0.9878038242474252 4 8
0.6751660895118251 0.6046440979891109 0.35363255455128195 0.18522899101891332 0.9462760069729371 4 4
0.7074438937369854 0.2801365865932357 0.3750526697054325 0.30806239787141076 0.5743872525203705 4 8
0.7074438937369854 0.2801365865932357 0.3750526697054325 0.30806239787141076 0.5743872525203705 4 8
0.9096572887257266 0.9966856111644333 0.6476422641141821 0.6172714102440376 0.6430608866096963 1 3
0.6985689727807098 0.7064812213017608 0.67559719726494 0.32191699482085556 0.6815599706210133 7 4
0.2097530021444982 0.5959023264941365 0.578918331541949 0.19758028455483312 0.8021191349256966 4 7
0.2097530021444982 0.5959023264941365 0.578918331541949 0.19758028455483312 0.8021191349256966 4 7
0.32008257257913264 0.7239308861621175 0.3157484662619424 0.478327111855966 0.1206160756994179 3 3
0.1810458359129019 0.7906981588242328 0.7547741935141228 0.2766649577032654 0.2112719469976242 2 4
0.32673477091317515 0.38295291401580545 0.47338798087573863 0.22908922772297946 0.8738907161430493 4 5
0.31866700747225984 0.38148105570157853 0.8447309106119031 0.2736071401520568 0.6657206523842613 6 5
0.31866700747225984 0.38148105570157853 0.8447309106119031 0.2736071401520568 0.6657206523842613 6 5
0.31866700747225984 0.38148105570157853 0.8447309106119031 0.2736071401520568 0.6657206523842613 6 5
0.9475290066981105 0.10673937615878393 0.3471032356590378 0.8207889666241877 0.8371289668227421 1 8
0.4608767274746195 0.7556823083196805 0.042491988551167204 0.8230428395814372 0.14225099463504742 3 1
0.23360081477210082 0.08835411323479325 0.5749302940885263 0.48367434441765456 0.5119434717804655 6 6
0.9096572887257266 0.9966856111644333 0.6476422641141821 0.6172714102440376 0.6430608866096963 1 3
0.6751660895118251 0.6046440979891109 0.35363255455128195 0.18522899101891332 0.9462760069729371 4 4
0.7074438937369854 0.2801365865932357 0.3750526697054325 0.30806239787141076 0.5743872525203705 4 8
0.9096572887257266 0.9966856111644333 0.6476422641141821 0.6172714102440376 0.6430608866096963 1 3
0.6985689727807098 0.7064812213017608 0.67559719726494 0.32191699482085556 0.6815599706210133 7 4
0.2097530021444982 0.5959023264941365 0.578918331541949 0.19758028455483312 0.8021191349256966 4 7
0.2097530021444982 0.5959023264941365 0.578918331541949 0.19758028455483312 0.8021191349256966 4 7
0.32008257257913264 0.7239308861621175 0.3157484662619424 0.478327111855966 0.1206160756994179 3 3
0.1810458359129019 0.7906981588242328 0.7547741935141228 0.2766649577032654 0.2112719469976242 2 4
0.32673477091317515 0.38295291401580545 0.47338798087573863 0.22908922772297946 0.8738907161430493 4 5
0.32673477091317515 0.38295291401580545 0.47338798087573863 0.22908922772297946 0.8738907161430493 4 5
0.31866700747225984 0.38148105570157853 0.8447309106119031 0.2736071401520568 0.6657206523842613 6 5
0.31866700747225984 0.38148105570157853 0.8447309106119031 0.2736071401520568 0.6657206523842613 6 5
0.4257878384865157 0.031552833349607456 0.2748632473463154 0.36519823843837895 0.1197549974777058 1 4
0.31866700747225984 0.38148105570157853 0.8447309106119031 0.2736071401520568 0.6657206523842613 6 5
0.2339386986328964 0.19312184838957025 0.05645894147578878 0.3780004391736598 0.25360764761929444 3 6
0.6276338983044661 0.9514132988016678 0.4392467418743723 0.2932182999403844 0.28448554709277774 8 8
0.2929622191795461 0.16170350589407478 0.9238870750995974 0.9381969501022316 0.8371232915457668 6 4
0.9096572887257266 0.9966856111644333 0.6476422641141821 0.6172714102440376 0.6430608866096963 1 3
0.6273209671584083 0.30756542183954494 0.2675311918765033 0.3027050537394581 0.9046874417337533 4 7
0.7074438937369854 0.2801365865932357 0.3750526697054325 0.30806239787141076 0.5743872525203705 4 8
0.9096572887257266 0.9966856111644333 0.6476422641141821 0.6172714102440376 0.6430608866096963 1 3
0.2097530021444982 0.5959023264941365 0.578918331541949 0.19758028455483312 0.8021191349256966 4 7
0.2097530021444982 0.5959023264941365 0.578918331541949 0.19758028455483312 0.8021191349256966 4 7
0.32008257257913264 0.7239308861621175 0.3157484662619424 0.478327111855966 0.1206160756994179 3 3
0.32008257257913264 0.7239308861621175 0.3157484662619424 0.478327111855966 0.1206160756994179 3 3
0.32673477091317515 0.38295291401580545 0.47338798087573863 0.22908922772297946 0.8738907161430493 4 5
0.31866700747225984 0.38148105570157853 0.8447309106119031 0.2736071401520568 0.6657206523842613 6 5
0.31866700747225984 0.38148105570157853 0.8447309106119031 0.2736071401520568 0.6657206523842613 6 5
0.8515083812409115 0.1569822464022499 0.06417977862324675 0.21386102856688483 0.16487791595522916 5 5
0.4608767274746195 0.7556823083196805 0.042491988551167204 0.8230428395814372 0.14225099463504742 3 1
0.2929622191795461 0.16170350589407478 0.9238870750995974 0.9381969501022316 0.8371232915457668 6 4
0.02997859976895423 0.44164060827773743 0.4131182398384837 0.2609519445267141 0.9878038242474252 4 8
0.7074438937369854 0.2801365865932357 0.3750526697054325 0.30806239787141076 0.5743872525203705 4 8
0.7074438937369854 0.2801365865932357 0.3750526697054325 0.30806239787141076 0.5743872525203705 4 8
0.9096572887257266 0.9966856111644333 0.6476422641141821 0.6172714102440376 0.6430608866096963 1 3
0.6985689727807098 0.7064812213017608 0.67559719726494 0.32191699482085556 0.6815599706210133 7 4
0.2097530021444982 0.5959023264941365 0.578918331541949 0.19758028455483312 0.8021191349256966 4 7
0.2097530021444982 0.5959023264941365 0.578918331541949 0.19758028455483312 0.8021191349256966 4 7
0.32008257257913264 0.7239308861621175 0.3157484662619424 0.478327111855966 0.1206160756994179 3 3
0.1810458359129019 0.7906981588242328 0.7547741935141228 0.2766649577032654 0.2112719469976242 2 4
0.32673477091317515 0.38295291401580545 0.47338798087573863 0.22908922772297946 0.8738907161430493 4 5
0.32673477091317515 0.38295291401580545 0.47338798087573863 0.22908922772297946 0.8738907161430493 4 5
0.31866700747225984 0.38148105570157853 0.8447309106119031 0.2736071401520568 0.6657206523842613 6 5
0.31866700747225984 0.38148105570157853 0.8447309106119031 0.2736071401520568 0.6657206523842613 6 5
0.8515083812409115 0.1569822464022499 0.06417977862324675 0.21386102856688483 0.16487791595522916 5 5
0.02997859976895423 0.44164060827773743 0.4131182398384837 0.2609519445267141 0.9878038242474252 4 8
0.6751660895118251 0.6046440979891109 0.35363255455128195 0.18522899101891332 0.9462760069729371 4 4
0.4678020274479052 0.9137024085197611 0.2936213968823468 0.62388814085014 0.23963423936117256 4 1
0.7074438937369854 0.2801365865932357 0.3750526697054325 0.30806239787141076 0.5743872525203705 4 8
0.9096572887257266 0.9966856111644333 0.6476422641141821 0.6172714102440376 0.6430608866096963 1 3
0.5919866023381997 0.20838905855580236 0.7497349526981664 0.9472669714222811 0.36234609297365017 1 8
0.8606012614194939 0.7109376043817103 0.36093618707476816 0.6890022680140869 0.3006120806840116 8 4
0.2097530021444982 0.5959023264941365 0.578918331541949 0.19758028455483312 0.8021191349256966 4 7
0.32008257257913264 0.7239308861621175 0.3157484662619424 0.478327111855966 0.1206160756994179 3 3
0.1810458359129019 0.7906981588242328 0.7547741935141228 0.2766649577032654 0.2112719469976242 2 4
0.32673477091317515 0.38295291401580545 0.47338798087573863 0.22908922772297946 0.8738907161430493 4 5
0.32673477091317515 0.38295291401580545 0.47338798087573863 0.22908922772297946 0.8738907161430493 4 5
0.31866700747225984 0.38148105570157853 0.8447309106119031 0.2736071401520568 0.6657206523842613 6 5
0.31866700747225984 0.38148105570157853 0.8447309106119031 0.2736071401520568 0.6657206523842613 6 5
0.2339386986328964 0.19312184838957025 0.05645894147578878 0.3780004391736598 0.25360764761929444 3 6
0.4608767274746195 0.7556823083196805 0.042491988551167204 0.8230428395814372 0.14225099463504742 3 1
0.2929622191795461 0.16170350589407478 0.9238870750995974 0.9381969501022316 0.8371232915457668 6 4
0.02997859976895423 0.44164060827773743 0.4131182398384837 0.2609519445267141 0.9878038242474252 4 8
0.6273209671584083 0.30756542183954494 0.2675311918765033 0.3027050537394581 0.9046874417337533 4 7
0.7074438937369854 0.2801365865932357 0.3750526697054325 0.30806239787141076 0.5743872525203705 4 8
0.9096572887257266 0.9966856111644333 0.6476422641141821 0.6172714102440376 0.6430608866096963 1 3
0.2097530021444982 0.5959023264941365 0.578918331541949 0.19758028455483312 0.8021191349256966 4 7
0.32008257257913264 0.7239308861621175 0.3157484662619424 0.478327111855966 0.1206160756994179 3 3
0.32008257257913264 0.7239308861621175 0.3157484662619424 0.478327111855966 0.1206160756994179 3 3
0.1810458359129019 0.7906981588242328 0.7547741935141228 0.2766649577032654 0.2112719469976242 2 4
0.32673477091317515 0.38295291401580545 0.47338798087573863 0.22908922772297946 0.8738907161430493 4 5
0.31866700747225984 0.38148105570157853 0.8447309106119031 0.2736071401520568 0.6657206523842613 6 5
0.31866700747225984 0.38148105570157853 0.8447309106119031 0.2736071401520568 0.6657206523842613 6 5
0.3085692579347945 0.41287305004145414 0.5059787692034667 0.4786698407995481 0.06367172287456269 1 4
0.4257878384865157 0.031552833349607456 0.2748632473463154 0.36519823843837895 0.1197549974777058 1 4
0.901403526671751 0.9281124508135349 0.3158253077896298 0.9409805308468543 0.23107773033875711 8 7
0.31866700747225984 0.38148105570157853 0.8447309106119031 0.2736071401520568 0.6657206523842613 6 5
0.2339386986328964 0.19312184838957025 0.05645894147578878 0.3780004391736598 0.25360764761929444 3 6
0.6276338983044661 0.9514132988016678 0.4392467418743723 0.2932182999403844 0.28448554709277774 8 8
0.2929622191795461 0.16170350589407478 0.9238870750995974 0.9381969501022316 0.8371232915457668 6 4
0.4678020274479052 0.9137024085197611 0.2936213968823468 0.62388814085014 0.23963423936117256 4 1
0.7074438937369854 0.2801365865932357 0.3750526697054325 0.30806239787141076 0.5743872525203705 4 8
0.9096572887257266 0.9966856111644333 0.6476422641141821 0.6172714102440376 0.6430608866096963 1 3
0.2097530021444982 0.5959023264941365 0.578918331541949 0.19758028455483312 0.8021191349256966 4 7
0.2097530021444982 0.5959023264941365 0.578918331541949 0.19758028455483312 0.8021191349256966 4 7
0.32008257257913264 0.7239308861621175 0.3157484662619424 0.478327111855966 0.1206160756994179 3 3
0.32008257257913264 0.7239308861621175 0.3157484662619424 0.478327111855966 0.1206160756994179 3 3
0.1810458359129019 0.7906981588242328 0.7547741935141228 0.2766649577032654 0.2112719469976242 2 4
0.1810458359129019 0.7906981588242328 0.7547741935141228 0.2766649577032654 0.2112719469976242 2 4
0.31866700747225984 0.38148105570157853 0.8447309106119031 0.2736071401520568 0.6657206523842613 6 5
0.31866700747225984 0.38148105570157853 0.8447309106119031 0.2736071401520568 0.6657206523842613 6 5
0.9475290066981105 0.10673937615878393 0.3471032356590378 0.8207889666241877 0.8371289668227421 1 8
0.2929622191795461 0.16170350589407478 0.9238870750995974 0.9381969501022316 0.8371232915457668 6 4
0.4608767274746195 0.7556823083196805 0.042491988551167204 0.8230428395814372 0.14225099463504742 3 1
0.9096572887257266 0.9966856111644333 0.6476422641141821 0.6172714102440376 0.6430608866096963 1 3
0.4678020274479052 0.9137024085197611 0.2936213968823468 0.62388814085014 0.23963423936117256 4 1
0.7074438937369854 0.2801365865932357 0.3750526697054325 0.30806239787141076 0.5743872525203705 4 8
0.9096572887257266 0.9966856111644333 0.6476422641141821 0.6172714102440376 0.6430608866096963 1 3
0.6985689727807098 0.7064812213017608 0.67559719726494 0.32191699482085556 0.6815599706210133 7 4
0.2097530021444982 0.5959023264941365 0.578918331541949 0.19758028455483312 0.8021191349256966 4 7
0.2097530021444982 0.5959023264941365 0.578918331541949 0.19758028455483312 0.8021191349256966 4 7
0.32008257257913264 0.7239308861621175 0.3157484662619424 0.478327111855966 0.1206160756994179 3 3
0.1810458359129019 0.7906981588242328 0.7547741935141228 0.2766649577032654 0.2112719469976242 2 4
0.32673477091317515 0.38295291401580545 0.47338798087573863 0.22908922772297946 0.8738907161430493 4 5
0.31866700747225984 0.38148105570157853 0.8447309106119031 0.2736071401520568 0.6657206523842613 6 5
0.31866700747225984 0.38148105570157853 0.8447309106119031 0.2736071401520568 0.6657206523842613 6 5
0.31866700747225984 0.38148105570157853 0.8447309106119031 0.2736071401520568 0.6657206523842613 6 5
0.9475290066981105 0.10673937615878393 0.3471032356590378 0.8207889666241877 0.8371289668227421 1 8
0.2929622191795461 0.16170350589407478 0.9238870750995974 0.9381969501022316 0.8371232915457668 6 4
0.23360081477210082 0.08835411323479325 0.5749302940885263 0.48367434441765456 0.5119434717804655 6 6
0.9096572887257266 0.9966856111644333 0.6476422641141821 0.6172714102440376 0.6430608866096963 1 3
0.4678020274479052 0.9137024085197611 0.2936213968823468 0.62388814085014 0.23963423936117256 4 1
0.7074438937369854 0.2801365865932357 0.3750526697054325 0.30806239787141076 0.5743872525203705 4 8
0.9096572887257266 0.9966856111644333 0.6476422641141821 0.6172714102440376 0.6430608866096963 1 3
0.6985689727807098 0.7064812213017608 0.67559719726494 0.32191699482085556 0.6815599706210133 7 4
0.2097530021444982 0.5959023264941365 0.578918331541949 0.19758028455483312 0.8021191349256966 4 7
0.2097530021444982 0.5959023264941365 0.578918331541949 0.19758028455483312 0.8021191349256966 4 7
0.32008257257913264 0.7239308861621175 0.3157484662619424 0.478327111855966 0.1206160756994179 3 3
0.1810458359129019 0.7906981588242328 0.7547741935141228 0.2766649577032654 0.2112719469976242 2 4
0.1810458359129019 0.7906981588242328 0.7547741935141228 0.2766649577032654 0.2112719469976242 2 4
0.32673477091317515 0.38295291401580545 0.47338798087573863 0.22908922772297946 0.8738907161430493 4 5
0.31866700747225984 0.38148105570157853 0.8447309106119031 0.2736071401520568 0.6657206523842613 6 5
0.31866700747225984 0.38148105570157853 0.8447309106119031 0.2736071401520568 0.6657206523842613 6 5
0.9475290066981105 0.10673937615878393 0.3471032356590378 0.8207889666241877 0.8371289668227421 1 8
0.2929622191795461 0.16170350589407478 0.9238870750995974 0.9381969501022316 0.8371232915457668 6 4
0.23360081477210082 0.08835411323479325 0.5749302940885263 0.48367434441765456 0.5119434717804655 6 6
0.9096572887257266 0.9966856111644333 0.6476422641141821 0.6172714102440376 0.6430608866096963 1 3
0.4678020274479052 0.9137024085197611 0.2936213968823468 0.62388814085014 0.23963423936117256 4 1
0.7074438937369854 0.2801365865932357 0.3750526697054325 0.30806239787141076 0.5743872525203705 4 8
0.9096572887257266 0.9966856111644333 0.6476422641141821 0.6172714102440376 0.6430608866096963 1 3
0.6985689727807098 0.7064812213017608 0.67559719726494 0.32191699482085556 0.6815599706210133 7 4
0.2097530021444982 0.5959023264941365 0.578918331541949 0.19758028455483312 0.8021191349256966 4 7
0.2097530021444982 0.5959023264941365 0.578918331541949 0.19758028455483312 0.8021191349256966 4 7
0.32008257257913264 0.7239308861621175 0.3157484662619424 0.478327111855966 0.1206160756994179 3 3
0.1810458359129019 0.7906981588242328 0.7547741935141228 0.2766649577032654 0.2112719469976242 2 4
0.1810458359129019 0.7906981588242328 0.7547741935141228 0.2766649577032654 0.2112719469976242 2 4
0.32673477091317515 0.38295291401580545 0.47338798087573863 0.22908922772297946 0.8738907161430493 4 5
0.31866700747225984 0.38148105570157853 0.8447309106119031 0.2736071401520568 0.6657206523842613 6 5
0.31866700747225984 0.38148105570157853 0.8447309106119031 0.2736071401520568 0.6657206523842613 6 5
0.2339386986328964 0.19312184838957025 0.05645894147578878 0.3780004391736598 0.25360764761929444 3 6
0.4608767274746195 0.7556823083196805 0.042491988551167204 0.8230428395814372 0.14225099463504742 3 1
0.7074438937369854 0.2801365865932357 0.3750526697054325 0.30806239787141076 0.5743872525203705 4 8
0.9096572887257266 0.9966856111644333 0.6476422641141821 0.6172714102440376 0.6430608866096963 1 3
0.4678020274479052 0.9137024085197611 0.2936213968823468 0.62388814085014 0.23963423936117256 4 1
0.7074438937369854 0.2801365865932357 0.3750526697054325 0.30806239787141076 0.5743872525203705 4 8
0.9096572887257266 0.9966856111644333 0.6476422641141821 0.6172714102440376 0.6430608866096963 1 3
0.6985689727807098 0.7064812213017608 0.67559719726494 0.32191699482085556 0.6815599706210133 7 4
0.8606012614194939 0.7109376043817103 0.36093618707476816 0.6890022680140869 0.3006120806840116 8 4
0.2097530021444982 0.5959023264941365 0.578918331541949 0.19758028455483312 0.8021191349256966 4 7
0.32008257257913264 0.7239308861621175 0.3157484662619424 0.478327111855966 0.1206160756994179 3 3
0.31866700747225984 0.38148105570157853 0.8447309106119031 0.2736071401520568 0.6657206523842613 6 5
0.1810458359129019 0.7906981588242328 0.7547741935141228 0.2766649577032654 0.2112719469976242 2 4
0.31866700747225984 0.38148105570157853 0.8447309106119031 0.2736071401520568 0.6657206523842613 6 5
0.31866700747225984 0.38148105570157853 0.8447309106119031 0.2736071401520568 0.6657206523842613 6 5
0.8515083812409115 0.1569822464022499 0.06417977862324675 0.21386102856688483 0.16487791595522916 5 5
0.2339386986328964 0.19312184838957025 0.05645894147578878 0.3780004391736598 0.25360764761929444 3 6
0.4608767274746195 0.7556823083196805 0.042491988551167204 0.8230428395814372 0.14225099463504742 3 1
0.2929622191795461 0.16170350589407478 0.9238870750995974 0.9381969501022316 0.8371232915457668 6 4
0.9096572887257266 0.9966856111644333 0.6476422641141821 0.6172714102440376 0.6430608866096963 1 3
0.7074438937369854 0.2801365865932357 0.3750526697054325 0.30806239787141076 0.5743872525203705 4 8
0.7074438937369854 0.2801365865932357 0.3750526697054325 0.30806239787141076 0.5743872525203705 4 8
0.9096572887257266 0.9966856111644333 0.6476422641141821 0.6172714102440376 0.6430608866096963 1 3
0.5919866023381997 0.20838905855580236 0.7497349526981664 0.9472669714222811 0.36234609297365017 1 8
0.2097530021444982 0.5959023264941365 0.578918331541949 0.19758028455483312 0.8021191349256966 4 7
0.2097530021444982 0.5959023264941365 0.578918331541949 0.19758028455483312 0.8021191349256966 4 7
0.32008257257913264 0.7239308861621175 0.3157484662619424 0.478327111855966 0.1206160756994179 3 3
0.1810458359129019 0.7906981588242328 0.7547741935141228 0.2766649577032654 0.2112719469976242 2 4
0.1810458359129019 0.7906981588242328 0.7547741935141228 0.2766649577032654 0.2112719469976242 2 4
0.31866700747225984 0.38148105570157853 0.8447309106119031 0.2736071401520568 0.6657206523842613 6 5
0.31866700747225984 0.38148105570157853 0.8447309106119031 0.2736071401520568 0.6657206523842613 6 5
0.31866700747225984 0.38148105570157853 0.8447309106119031 0.2736071401520568 0.6657206523842613 6 5
0.2339386986328964 0.19312184838957025 0.05645894147578878 0.3780004391736598 0.25360764761929444 3 6
0.2339386986328964 0.19312184838957025 0.05645894147578878 0.3780004391736598 0.25360764761929444 3 6
0.2929622191795461 0.16170350589407478 0.9238870750995974 0.9381969501022316 0.8371232915457668 6 4
0.02997859976895423 0.44164060827773743 0.4131182398384837 0.2609519445267141 0.9878038242474252 4 8
0.6273209671584083 0.30756542183954494 0.2675311918765033 0.3027050537394581 0.9046874417337533 4 7
0.7074438937369854 0.2801365865932357 0.3750526697054325 0.30806239787141076 0.5743872525203705 4 8
0.9096572887257266 0.9966856111644333 0.6476422641141821 0.6172714102440376 0.6430608866096963 1 3
0.2097530021444982 0.5959023264941365 0.578918331541949 0.19758028455483312 0.8021191349256966 4 7
0.32008257257913264 0.7239308861621175 0.3157484662619424 0.478327111855966 0.1206160756994179 3 3
0.32008257257913264 0.7239308861621175 0.3157484662619424 0.478327111855966 0.1206160756994179 3 3
0.1810458359129019 0.7906981588242328 0.7547741935141228 0.2766649577032654 0.2112719469976242 2 4
0.32673477091317515 0.38295291401580545 0.47338798087573863 0.22908922772297946 0.8738907161430493 4 5
0.31866700747225984 0.38148105570157853 0.8447309106119031 0.2736071401520568 0.6657206523842613 6 5
0.31866700747225984 0.38148105570157853 0.8447309106119031 0.2736071401520568 0.6657206523842613 6 5
0.3085692579347945 0.41287305004145414 0.5059787692034667 0.4786698407995481 0.06367172287456269 1 4
0.4257878384865157 0.031552833349607456 0.2748632473463154 0.36519823843837895 0.1197549974777058 1 4
0.901403526671751 0.9281124508135349 0.3158253077896298 0.9409805308468543 0.23107773033875711 8 7
0.2339386986328964 0.19312184838957025 0.05645894147578878 0.3780004391736598 0.25360764761929444 3 6
0.4608767274746195 0.7556823083196805 0.042491988551167204 0.8230428395814372 0.14225099463504742 3 1
0.2929622191795461 0.16170350589407478 0.9238870750995974 0.9381969501022316 0.8371232915457668 6 4
0.9096572887257266 0.9966856111644333 0.6476422641141821 0.6172714102440376 0.6430608866096963 1 3
0.4678020274479052 0.9137024085197611 0.2936213968823468 0.62388814085014 0.23963423936117256 4 1
0.7074438937369854 0.2801365865932357 0.3750526697054325 0.30806239787141076 0.5743872525203705 4 8
0.9096572887257266 0.9966856111644333 0.6476422641141821 0.6172714102440376 0.6430608866096963 1 3
0.5919866023381997 0.20838905855580236 0.7497349526981664 0.9472669714222811 0.36234609297365017 1 8
0.2097530021444982 0.5959023264941365 0.578918331541949 0.19758028455483312 0.8021191349256966 4 7
0.2097530021444982 0.5959023264941365 0.578918331541949 0.19758028455483312 0.8021191349256966 4 7
0.32008257257913264 0.7239308861621175 0.3157484662619424 0.478327111855966 0.1206160756994179 3 3
0.1810458359129019 0.7906981588242328 0.7547741935141228 0.2766649577032654 0.2112719469976242 2 4
0.32673477091317515 0.38295291401580545 0.47338798087573863 0.22908922772297946 0.8738907161430493 4 5
0.31866700747225984 0.38148105570157853 0.8447309106119031 0.2736071401520568 0.6657206523842613 6 5
0.31866700747225984 0.38148105570157853 0.8447309106119031 0.2736071401520568 0.6657206523842613 6 5
0.31866700747225984 0.38148105570157853 0.8447309106119031 0.2736071401520568 0.6657206523842613 6 5
0.2339386986328964 0.19312184838957025 0.05645894147578878 0.3780004391736598 0.25360764761929444 3 6
0.4608767274746195 0.7556823083196805 0.042491988551167204 0.8230428395814372 0.14225099463504742 3 1
0.02997859976895423 0.44164060827773743 0.4131182398384837 0.2609519445267141 0.9878038242474252 4 8
0.6751660895118251 0.6046440979891109 0.35363255455128195 0.18522899101891332 0.9462760069729371 4 4
0.7074438937369854 0.2801365865932357 0.3750526697054325 0.30806239787141076 0.5743872525203705 4 8
0.7074438937369854 0.2801365865932357 0.3750526697054325 0.30806239787141076 0.5743872525203705 4 8
0.9096572887257266 0.9966856111644333 0.6476422641141821 0.6172714102440376 0.6430608866096963 1 3
0.5919866023381997 0.20838905855580236 0.7497349526981664 0.9472669714222811 0.36234609297365017 1 8
0.8606012614194939 0.7109376043817103 0.36093618707476816 0.6890022680140869 0.3006120806840116 8 4
0.2097530021444982 0.5959023264941365 0.578918331541949 0.19758028455483312 0.8021191349256966 4 7
0.32008257257913264 0.7239308861621175 0.3157484662619424 0.478327111855966 0.1206160756994179 3 3
0.1810458359129019 0.7906981588242328 0.7547741935141228 0.2766649577032654 0.2112719469976242 2 4
0.32673477091317515 0.38295291401580545 0.47338798087573863 0.22908922772297946 0.8738907161430493 4 5
0.31866700747225984 0.38148105570157853 0.8447309106119031 0.2736071401520568 0.6657206523842613 6 5
0.31866700747225984 0.38148105570157853 0.8447309106119031 0.2736071401520568 0.6657206523842613 6 5
0.8515083812409115 0.1569822464022499 0.06417977862324675 0.21386102856688483 0.16487791595522916 5 5
0.31866700747225984 0.38148105570157853 0.8447309106119031 0.2736071401520568 0.6657206523842613 6 5
0.2929622191795461 0.16170350589407478 0.9238870750995974 0.9381969501022316 0.8371232915457668 6 4
0.23360081477210082 0.08835411323479325 0.5749302940885263 0.48367434441765456 0.5119434717804655 6 6
0.9096572887257266 0.9966856111644333 0.6476422641141821 0.6172714102440376 0.6430608866096963 1 3
0.4678020274479052 0.9137024085197611 0.2936213968823468 0.62388814085014 0.23963423936117256 4 1
0.7074438937369854 0.2801365865932357 0.3750526697054325 0.30806239787141076 0.5743872525203705 4 8
0.9096572887257266 0.9966856111644333 0.6476422641141821 0.6172714102440376 0.6430608866096963 1 3
0.6985689727807098 0.7064812213017608 0.67559719726494 0.32191699482085556 0.6815599706210133 7 4
0.2097530021444982 0.5959023264941365 0.578918331541949 0.19758028455483312 0.8021191349256966 4 7
0.2097530021444982 0.5959023264941365 0.578918331541949 0.19758028455483312 0.8021191349256966 4 7
0.32008257257913264 0.7239308861621175 0.3157484662619424 0.478327111855966 0.1206160756994179 3 3
0.1810458359129019 0.7906981588242328 0.7547741935141228 0.2766649577032654 0.2112719469976242 2 4
0.32673477091317515 0.38295291401580545 0.47338798087573863 0.22908922772297946 0.8738907161430493 4 5
0.31866700747225984 0.38148105570157853 0.8447309106119031 0.2736071401520568 0.6657206523842613 6 5
0.31866700747225984 0.38148105570157853 0.8447309106119031 0.2736071401520568 0.6657206523842613 6 5
0.31866700747225984 0.38148105570157853 0.8447309106119031 0.2736071401520568 0.6657206523842613 6 5
0.2339386986328964 0.19312184838957025 0.05645894147578878 0.3780004391736598 0.25360764761929444 3 6
0.2339386986328964 0.19312184838957025 0.05645894147578878 0.3780004391736598 0.25360764761929444 3 6
0.2929622191795461 0.16170350589407478 0.9238870750995974 0.9381969501022316 0.8371232915457668 6 4
0.9096572887257266 0.9966856111644333 0.6476422641141821 0.6172714102440376 0.6430608866096963 1 3
0.7074438937369854 0.2801365865932357 0.3750526697054325 0.30806239787141076 0.5743872525203705 4 8
0.7074438937369854 0.2801365865932357 0.3750526697054325 0.30806239787141076 0.5743872525203705 4 8
0.9096572887257266 0.9966856111644333 0.6476422641141821 0.6172714102440376 0.6430608866096963 1 3
0.5919866023381997 0.20838905855580236 0.7497349526981664 0.9472669714222811 0.36234609297365017 1 8
0.2097530021444982 0.5959023264941365 0.578918331541949 0.19758028455483312 0.8021191349256966 4 7
0.2097530021444982 0.5959023264941365 0.578918331541949 0.19758028455483312 0.8021191349256966 4 7
0.32008257257913264 0.7239308861621175 0.3157484662619424 0.478327111855966 0.1206160756994179 3 3
0.1810458359129019 0.7906981588242328 0.7547741935141228 0.2766649577032654 0.2112719469976242 2 4
0.1810458359129019 0.7906981588242328 0.7547741935141228 0.2766649577032654 0.2112719469976242 2 4
0.31866700747225984 0.38148105570157853 0.8447309106119031 0.2736071401520568 0.6657206523842613 6 5
0.31866700747225984 0.38148105570157853 0.8447309106119031 0.2736071401520568 0.6657206523842613 6 5
0.31866700747225984 0.38148105570157853 0.8447309106119031 0.2736071401520568 0.6657206523842613 6 5
0.31866700747225984 0.38148105570157853 0.8447309106119031 0.2736071401520568 0.6657206523842613 6 5
0.2339386986328964 0.19312184838957025 0.05645894147578878 0.3780004391736598 0.25360764761929444 3 6
0.6276338983044661 0.9514132988016678 0.4392467418743723 0.2932182999403844 0.28448554709277774 8 8
0.2929622191795461 0.16170350589407478 0.9238870750995974 0.9381969501022316 0.8371232915457668 6 4
0.9096572887257266 0.9966856111644333 0.6476422641141821 0.6172714102440376 0.6430608866096963 1 3
0.7074438937369854 0.2801365865932357 0.3750526697054325 0.30806239787141076 0.5743872525203705 4 8
0.7074438937369854 0.2801365865932357 0.3750526697054325 0.30806239787141076 0.5743872525203705 4 8
0.9096572887257266 0.9966856111644333 0.6476422641141821 0.6172714102440376 0.6430608866096963 1 3
0.2097530021444982 0.5959023264941365 0.578918331541949 0.19758028455483312 0.8021191349256966 4 7
0.2097530021444982 0.5959023264941365 0.578918331541949 0.19758028455483312 0.8021191349256966 4 7
0.32008257257913264 0.7239308861621175 0.3157484662619424 0.478327111855966 0.1206160756994179 3 3
0.32008257257913264 0.7239308861621175 0.3157484662619424 0.478327111855966 0.1206160756994179 3 3
0.32673477091317515 0.38295291401580545 0.47338798087573863 0.22908922772297946 0.8738907161430493 4 5
0.31866700747225984 0.38148105570157853 0.8447309106119031 0.2736071401520568 0.6657206523842613 6 5
0.31866700747225984 0.38148105570157853 0.8447309106119031 0.2736071401520568 0.6657206523842613 6 5
0.31866700747225984 0.38148105570157853 0.8447309106119031 0.2736071401520568 0.6657206523842613 6 5
0.2339386986328964 0.19312184838957025 0.05645894147578878 0.3780004391736598 0.25360764761929444 3 6
0.4608767274746195 0.7556823083196805 0.042491988551167204 0.8230428395814372 0.14225099463504742 3 1
0.7074438937369854 0.2801365865932357 0.3750526697054325 0.30806239787141076 0.5743872525203705 4 8
0.9096572887257266 0.9966856111644333 0.6476422641141821 0.6172714102440376 0.6430608866096963 1 3
0.4678020274479052 0.9137024085197611 0.2936213968823468 0.62388814085014 0.23963423936117256 4 1
0.7074438937369854 0.2801365865932357 0.3750526697054325 0.30806239787141076 0.5743872525203705 4 8
0.9096572887257266 0.9966856111644333 0.6476422641141821 0.6172714102440376 0.6430608866096963 1 3
0.6985689727807098 0.7064812213017608 0.67559719726494 0.32191699482085556 0.6815599706210133 7 4
0.8606012614194939 0.7109376043817103 0.36093618707476816 0.6890022680140869 0.3006120806840116 8 4
0.2097530021444982 0.5959023264941365 0.578918331541949 0.19758028455483312 0.8021191349256966 4 7
0.32008257257913264 0.7239308861621175 0.3157484662619424 0.478327111855966 0.1206160756994179 3 3
0.31866700747225984 0.38148105570157853 0.8447309106119031 0.2736071401520568 0.6657206523842613 6 5
0.1810458359129019 0.7906981588242328 0.7547741935141228 0.2766649577032654 0.2112719469976242 2 4
0.31866700747225984 0.38148105570157853 0.8447309106119031 0.2736071401520568 0.6657206523842613 6 5
0.31866700747225984 0.38148105570157853 0.8447309106119031 0.2736071401520568 0.6657206523842613 6 5
0.8515083812409115 0.1569822464022499 0.06417977862324675 0.21386102856688483 0.16487791595522916 5 5
0.9475290066981105 0.10673937615878393 0.3471032356590378 0.8207889666241877 0.8371289668227421 1 8
0.2339386986328964 0.19312184838957025 0.05645894147578878 0.3780004391736598 0.25360764761929444 3 6
0.4608767274746195 0.7556823083196805 0.042491988551167204 0.8230428395814372 0.14225099463504742 3 1
0.02997859976895423 0.44164060827773743 0.4131182398384837 0.2609519445267141 0.9878038242474252 4 8
0.23360081477210082 0.08835411323479325 0.5749302940885263 0.48367434441765456 0.5119434717804655 6 6
0.7074438937369854 0.2801365865932357 0.3750526697054325 0.30806239787141076 0.5743872525203705 4 8
0.9096572887257266 0.9966856111644333 0.6476422641141821 0.6172714102440376 0.6430608866096963 1 3
0.5919866023381997 0.20838905855580236 0.7497349526981664 0.9472669714222811 0.36234609297365017 1 8
0.8243721050437799 0.40780377017038716 0.444529985849878 0.861883506156344 0.3532138772493433 2 7
0.2097530021444982 0.5959023264941365 0.578918331541949 0.19758028455483312 0.8021191349256966 4 7
0.32008257257913264 0.7239308861621175 0.3157484662619424 0.478327111855966 0.1206160756994179 3 3
0.1810458359129019 0.7906981588242328 0.7547741935141228 0.2766649577032654 0.2112719469976242 2 4
0.1810458359129019 0.7906981588242328 0.7547741935141228 0.2766649577032654 0.2112719469976242 2 4
0.31866700747225984 0.38148105570157853 0.8447309106119031 0.2736071401520568 0.6657206523842613 6 5
0.31866700747225984 0.38148105570157853 0.8447309106119031 0.2736071401520568 0.6657206523842613 6 5
0.2339386986328964 0.19312184838957025 0.05645894147578878 0.3780004391736598 0.25360764761929444 3 6
0.4608767274746195 0.7556823083196805 0.042491988551167204 0.8230428395814372 0.14225099463504742 3 1
0.2929622191795461 0.16170350589407478 0.9238870750995974 0.9381969501022316 0.8371232915457668 6 4
0.02997859976895423 0.44164060827773743 0.4131182398384837 0.2609519445267141 0.9878038242474252 4 8
0.6273209671584083 0.30756542183954494 0.2675311918765033 0.3027050537394581 0.9046874417337533 4 7
0.7074438937369854 0.2801365865932357 0.3750526697054325 0.30806239787141076 0.5743872525203705 4 8
0.9096572887257266 0.9966856111644333 0.6476422641141821 0.6172714102440376 0.6430608866096963 1 3
0.2097530021444982 0.5959023264941365 0.578918331541949 0.19758028455483312 0.8021191349256966 4 7
0.32008257257913264 0.7239308861621175 0.3157484662619424 0.478327111855966 0.1206160756994179 3 3
0.32008257257913264 0.7239308861621175 0.3157484662619424 0.478327111855966 0.1206160756994179 3 3
0.1810458359129019 0.7906981588242328 0.7547741935141228 0.2766649577032654 0.2112719469976242 2 4
0.32673477091317515 0.38295291401580545 0.47338798087573863 0.22908922772297946 0.8738907161430493 4 5
0.31866700747225984 0.38148105570157853 0.8447309106119031 0.2736071401520568 0.6657206523842613 6 5
0.31866700747225984 0.38148105570157853 0.8447309106119031 0.2736071401520568 0.6657206523842613 6 5
0.3085692579347945 0.41287305004145414 0.5059787692034667 0.4786698407995481 0.06367172287456269 1 4
0.901403526671751 0.9281124508135349 0.3158253077896298 0.9409805308468543 0.23107773033875711 8 7
0.8083504537531351 0.476673102526769 0.8208843975958693 0.7263846839828022 0.37560715236995423 5 6
