population 0 fitness 0.5118217124057415 years 48.0 length 16
population 1 fitness 0.5120054903368408 years 47.0 length 17
population 2 fitness 0.5120155191662966 years 47.0 length 16
population 3 fitness 0.512280135528838 years 42.0 length 15
population 4 fitness 0.5122908032227261 years 42.0 length 16
population 5 fitness 0.512097223179535 years 41.0 length 16
population 6 fitness 0.512279413623999 years 41.0 length 16
population 7 fitness 0.5118411278229587 years 40.0 length 15
population 8 fitness 0.5129087953291867 years 36.0 length 16
population 9 fitness 0.5124997584193366 years 35.0 length 14
population 10 fitness 0.512758256657319 years 34.0 length 16
population 11 fitness 0.5129543246474477 years 34.0 length 16
population 12 fitness 0.5127589268331221 years 31.0 length 15
population 13 fitness 0.5132582602577234 years 30.0 length 16
population 14 fitness 0.511540671807933 years 23.0 length 15
population 15 fitness 0.5124509562327717 years 23.0 length 16
population 16 fitness 0.5133625959691848 years 21.0 length 16
population 17 fitness 0.5135110842276933 years 18.0 length 16
population 18 fitness 0.5137917884847392 years 18.0 length 15
population 19 fitness 0.5133580400369391 years 17.0 length 17
population 20 fitness 0.511368053747201 years 16.0 length 17
population 21 fitness 0.5115966185031607 years 16.0 length 16
population 22 fitness 0.5126664605108132 years 15.0 length 16
population 23 fitness 0.5130492198733797 years 15.0 length 15
population 24 fitness 0.5113989425795146 years 13.0 length 15
population 25 fitness 0.5128909508972628 years 12.0 length 16
population 26 fitness 0.5097599593683202 years 11.0 length 16
population 27 fitness 0.5098938804586504 years 11.0 length 16
population 28 fitness 0.5081528195417306 years 10.0 length 16
population 29 fitness 0.5085900249548297 years 10.0 length 16
population 30 fitness 0.5065315548083326 years 9.0 length 15
population 31 fitness 0.5072209755346146 years 9.0 length 15
population 32 fitness 0.5072398887393437 years 8.0 length 16
population 33 fitness 0.5114594893966979 years 8.0 length 16
population 34 fitness 0.5069345608411002 years 7.0 length 16
population 35 fitness 0.511426257078704 years 7.0 length 16
population 36 fitness 0.5067516280730165 years 6.0 length 16
population 37 fitness 0.5078209987568137 years 6.0 length 16
population 38 fitness 0.5048436079176463 years 5.0 length 16
population 39 fitness 0.505154152978607 years 5.0 length 16

0.46429350625377663 0.17535751313213588 0.0930600396100637 0.8229392188891796 0.33770259301761707 8 3
0.42485907201981155 0.09174180317713809 0.6789738883893621 0.9925876130765192 0.07080896191576458 6 7
0.4189497667178971 0.8536313146814103 0.05234579127393091 0.5914290762747595 0.9448173847831282 4 7
0.42485907201981155 0.09174180317713809 0.6789738883893621 0.9925876130765192 0.07080896191576458 6 7
0.28274357850894305 0.3964759535388933 0.505512396442182 0.6869750826694174 0.6730652372646566 1 1
0.9504456425820729 0.3977552223035131 0.7513211053189899 0.5713694537123177 0.8989092740522268 3 1
0.9504456425820729 0.3977552223035131 0.7513211053189899 0.5713694537123177 0.8989092740522268 3 1
0.804456850178286 0.6782685449941238 0.5699059901838103 0.12860122192310308 0.8489497454768561 2 1
0.020436067684714287 0.11163130854523962 0.9850557669392694 0.1165442521786807 0.06971133389901507 8 1
0.4818661390657407 0.010976826923253857 0.6625184089115003 0.6411650114928509 0.6207981073378378 2 5
0.4818661390657407 0.010976826923253857 0.6625184089115003 0.6411650114928509 0.6207981073378378 2 5
0.13183968837580706 0.0808827531268963 0.5570018978735458 0.6150287772022975 0.4903278283818935 2 1
0.32080092412143546 0.8877421529953367 0.41143629074634946 0.6721102145699303 0.8524594908312269 3 8
0.9241220401783206 0.9441897810146532 0.627546158404829 0.008459712346446824 0.43931991247789526 4 3
0.5302600246393002 0.9663556811845745 0.79395022900185 0.8145312144540372 0.43205221562564 5 8
0.46429350625377663 0.17535751313213588 0.0930600396100637 0.8229392188891796 0.33770259301761707 8 3
0.46429350625377663 0.17535751313213588 0.0930600396100637 0.8229392188891796 0.33770259301761707 8 3
0.42485907201981155 0.09174180317713809 0.6789738883893621 0.9925876130765192 0.07080896191576458 6 7
0.42485907201981155 0.09174180317713809 0.6789738883893621 0.9925876130765192 0.07080896191576458 6 7
0.42485907201981155 0.09174180317713809 0.6789738883893621 0.9925876130765192 0.07080896191576458 6 7
0.9504456425820729 0.3977552223035131 0.7513211053189899 0.5713694537123177 0.8989092740522268 3 1
0.9504456425820729 0.3977552223035131 0.7513211053189899 0.5713694537123177 0.8989092740522268 3 1
0.9504456425820729 0.3977552223035131 0.7513211053189899 0.5713694537123177 0.8989092740522268 3 1
0.7960956916423984 0.9021899952711259 0.09117684500783896 0.46869500129768993 0.3307998640320734 7 5
0.020436067684714287 0.11163130854523962 0.9850557669392694 0.1165442521786807 0.06971133389901507 8 1
0.4818661390657407 0.010976826923253857 0.6625184089115003 0.6411650114928509 0.6207981073378378 2 5
0.4818661390657407 0.010976826923253857 0.6625184089115003 0.6411650114928509 0.6207981073378378 2 5
0.22373298280394982 0.8566576629321713 0.38611579513429306 0.8031885793722829 0.1867194251662111 5 1
0.13183968837580706 0.0808827531268963 0.5570018978735458 0.6150287772022975 0.4903278283818935 2 1
0.32080092412143546 0.8877421529953367 0.41143629074634946 0.6721102145699303 0.8524594908312269 3 8
0.5302600246393002 0.9663556811845745 0.79395022900185 0.8145312144540372 0.43205221562564 5 8
0.46429350625377663 0.17535751313213588 0.0930600396100637 0.8229392188891796 0.33770259301761707 8 3
0.42485907201981155 0.09174180317713809 0.6789738883893621 0.9925876130765192 0.07080896191576458 6 7
0.42485907201981155 0.09174180317713809 0.6789738883893621 0.9925876130765192 0.07080896191576458 6 7
0.42485907201981155 0.09174180317713809 0.6789738883893621 0.9925876130765192 0.07080896191576458 6 7
0.42485907201981155 0.09174180317713809 0.6789738883893621 0.9925876130765192 0.07080896191576458 6 7
0.42485907201981155 0.09174180317713809 0.6789738883893621 0.9925876130765192 0.07080896191576458 6 7
0.9504456425820729 0.3977552223035131 0.7513211053189899 0.5713694537123177 0.8989092740522268 3 1
0.9504456425820729 0.3977552223035131 0.7513211053189899 0.5713694537123177 0.8989092740522268 3 1
0.7960956916423984 0.9021899952711259 0.09117684500783896 0.46869500129768993 0.3307998640320734 7 5
0.804456850178286 0.6782685449941238 0.5699059901838103 0.12860122192310308 0.8489497454768561 2 1
0.020436067684714287 0.11163130854523962 0.9850557669392694 0.1165442521786807 0.06971133389901507 8 1
0.2534446379053116 0.4819288981926284 0.47806970550805405 0.9634312932155742 0.6572977434065579 2 8
0.4818661390657407 0.010976826923253857 0.6625184089115003 0.6411650114928509 0.6207981073378378 2 5
0.2534446379053116 0.4819288981926284 0.47806970550805405 0.9634312932155742 0.6572977434065579 2 8
0.13183968837580706 0.0808827531268963 0.5570018978735458 0.6150287772022975 0.4903278283818935 2 1
0.32080092412143546 0.8877421529953367 0.41143629074634946 0.6721102145699303 0.8524594908312269 3 8
0.5302600246393002 0.9663556811845745 0.79395022900185 0.8145312144540372 0.43205221562564 5 8
0.46429350625377663 0.17535751313213588 0.0930600396100637 0.8229392188891796 0.33770259301761707 8 3
0.46429350625377663 0.17535751313213588 0.0930600396100637 0.8229392188891796 0.33770259301761707 8 3
0.42485907201981155 0.09174180317713809 0.6789738883893621 0.9925876130765192 0.07080896191576458 6 7
0.4189497667178971 0.8536313146814103 0.05234579127393091 0.5914290762747595 0.9448173847831282 4 7
0.42485907201981155 0.09174180317713809 0.6789738883893621 0.9925876130765192 0.07080896191576458 6 7
0.42485907201981155 0.09174180317713809 0.6789738883893621 0.9925876130765192 0.07080896191576458 6 7
0.28274357850894305 0.3964759535388933 0.505512396442182 0.6869750826694174 0.6730652372646566 1 1
0.9504456425820729 0.3977552223035131 0.7513211053189899 0.5713694537123177 0.8989092740522268 3 1
0.7960956916423984 0.9021899952711259 0.09117684500783896 0.46869500129768993 0.3307998640320734 7 5
0.020436067684714287 0.11163130854523962 0.9850557669392694 0.1165442521786807 0.06971133389901507 8 1
0.4818661390657407 0.010976826923253857 0.6625184089115003 0.6411650114928509 0.6207981073378378 2 5
0.22373298280394982 0.8566576629321713 0.38611579513429306 0.8031885793722829 0.1867194251662111 5 1
0.13183968837580706 0.0808827531268963 0.5570018978735458 0.6150287772022975 0.4903278283818935 2 1
0.13183968837580706 0.0808827531268963 0.5570018978735458 0.6150287772022975 0.4903278283818935 2 1
0.32080092412143546 0.8877421529953367 0.41143629074634946 0.6721102145699303 0.8524594908312269 3 8
0.5302600246393002 0.9663556811845745 0.79395022900185 0.8145312144540372 0.43205221562564 5 8
0.46429350625377663 0.17535751313213588 0.0930600396100637 0.8229392188891796 0.33770259301761707 8 3
0.42485907201981155 0.09174180317713809 0.6789738883893621 0.9925876130765192 0.07080896191576458 6 7
0.42485907201981155 0.09174180317713809 0.6789738883893621 0.9925876130765192 0.07080896191576458 6 7
0.42485907201981155 0.09174180317713809 0.6789738883893621 0.9925876130765192 0.07080896191576458 6 7
0.9504456425820729 0.3977552223035131 0.7513211053189899 0.5713694537123177 0.8989092740522268 3 1
0.9504456425820729 0.3977552223035131 0.7513211053189899 0.5713694537123177 0.8989092740522268 3 1
0.804456850178286 0.6782685449941238 0.5699059901838103 0.12860122192310308 0.8489497454768561 2 1
0.804456850178286 0.6782685449941238 0.5699059901838103 0.12860122192310308 0.8489497454768561 2 1
0.020436067684714287 0.11163130854523962 0.9850557669392694 0.1165442521786807 0.06971133389901507 8 1
0.4818661390657407 0.010976826923253857 0.6625184089115003 0.6411650114928509 0.6207981073378378 2 5
0.4818661390657407 0.010976826923253857 0.6625184089115003 0.6411650114928509 0.6207981073378378 2 5
0.22373298280394982 0.8566576629321713 0.38611579513429306 0.8031885793722829 0.1867194251662111 5 1
0.13183968837580706 0.0808827531268963 0.5570018978735458 0.6150287772022975 0.4903278283818935 2 1
0.32080092412143546 0.8877421529953367 0.41143629074634946 0.6721102145699303 0.8524594908312269 3 8
0.5302600246393002 0.9663556811845745 0.79395022900185 0.8145312144540372 0.43205221562564 5 8
0.46429350625377663 0.17535751313213588 0.0930600396100637 0.8229392188891796 0.33770259301761707 8 3
0.46429350625377663 0.17535751313213588 0.0930600396100637 0.8229392188891796 0.33770259301761707 8 3
0.42485907201981155 0.09174180317713809 0.6789738883893621 0.9925876130765192 0.07080896191576458 6 7
0.4189497667178971 0.8536313146814103 0.05234579127393091 0.5914290762747595 0.9448173847831282 4 7
0.28274357850894305 0.3964759535388933 0.505512396442182 0.6869750826694174 0.6730652372646566 1 1
0.9504456425820729 0.3977552223035131 0.7513211053189899 0.5713694537123177 0.8989092740522268 3 1
0.9504456425820729 0.3977552223035131 0.7513211053189899 0.5713694537123177 0.8989092740522268 3 1
0.7960956916423984 0.9021899952711259 0.09117684500783896 0.46869500129768993 0.3307998640320734 7 5
0.020436067684714287 0.11163130854523962 0.9850557669392694 0.1165442521786807 0.06971133389901507 8 1
0.4818661390657407 0.010976826923253857 0.6625184089115003 0.6411650114928509 0.6207981073378378 2 5
0.2534446379053116 0.4819288981926284 0.47806970550805405 0.9634312932155742 0.6572977434065579 2 8
0.2534446379053116 0.4819288981926284 0.47806970550805405 0.9634312932155742 0.6572977434065579 2 8
0.2534446379053116 0.4819288981926284 0.47806970550805405 0.9634312932155742 0.6572977434065579 2 8
0.13183968837580706 0.0808827531268963 0.5570018978735458 0.6150287772022975 0.4903278283818935 2 1
0.32080092412143546 0.8877421529953367 0.41143629074634946 0.6721102145699303 0.8524594908312269 3 8
0.9241220401783206 0.9441897810146532 0.627546158404829 0.008459712346446824 0.43931991247789526 4 3
0.8365417978754923 0.7222373021023313 0.16921418947270628 0.47519810740716384 0.8042035199734143 4 8
0.42485907201981155 0.09174180317713809 0.6789738883893621 0.9925876130765192 0.07080896191576458 6 7
0.42485907201981155 0.09174180317713809 0.6789738883893621 0.9925876130765192 0.07080896191576458 6 7
0.42485907201981155 0.09174180317713809 0.6789738883893621 0.9925876130765192 0.07080896191576458 6 7
0.9504456425820729 0.3977552223035131 0.7513211053189899 0.5713694537123177 0.8989092740522268 3 1
0.28274357850894305 0.3964759535388933 0.505512396442182 0.6869750826694174 0.6730652372646566 1 1
0.9504456425820729 0.3977552223035131 0.7513211053189899 0.5713694537123177 0.8989092740522268 3 1
0.804456850178286 0.6782685449941238 0.5699059901838103 0.12860122192310308 0.8489497454768561 2 1
0.804456850178286 0.6782685449941238 0.5699059901838103 0.12860122192310308 0.8489497454768561 2 1
0.020436067684714287 0.11163130854523962 0.9850557669392694 0.1165442521786807 0.06971133389901507 8 1
0.4818661390657407 0.010976826923253857 0.6625184089115003 0.6411650114928509 0.6207981073378378 2 5
0.4818661390657407 0.010976826923253857 0.6625184089115003 0.6411650114928509 0.6207981073378378 2 5
0.22373298280394982 0.8566576629321713 0.38611579513429306 0.8031885793722829 0.1867194251662111 5 1
0.13183968837580706 0.0808827531268963 0.5570018978735458 0.6150287772022975 0.4903278283818935 2 1
0.7121994901873978 0.7015498567098855 0.028738849207165296 0.6678628064345595 0.20173142403509758 5 6
0.5302600246393002 0.9663556811845745 0.79395022900185 0.8145312144540372 0.43205221562564 5 8
0.46429350625377663 0.17535751313213588 0.0930600396100637 0.8229392188891796 0.33770259301761707 8 3
0.46429350625377663 0.17535751313213588 0.0930600396100637 0.8229392188891796 0.33770259301761707 8 3
0.42485907201981155 0.09174180317713809 0.6789738883893621 0.9925876130765192 0.07080896191576458 6 7
0.4189497667178971 0.8536313146814103 0.05234579127393091 0.5914290762747595 0.9448173847831282 4 7
0.42485907201981155 0.09174180317713809 0.6789738883893621 0.9925876130765192 0.07080896191576458 6 7
0.9504456425820729 0.3977552223035131 0.7513211053189899 0.5713694537123177 0.8989092740522268 3 1
0.9504456425820729 0.3977552223035131 0.7513211053189899 0.5713694537123177 0.8989092740522268 3 1
0.7960956916423984 0.9021899952711259 0.09117684500783896 0.46869500129768993 0.3307998640320734 7 5
0.804456850178286 0.6782685449941238 0.5699059901838103 0.12860122192310308 0.8489497454768561 2 1
0.4818661390657407 0.010976826923253857 0.6625184089115003 0.6411650114928509 0.6207981073378378 2 5
0.2534446379053116 0.4819288981926284 0.47806970550805405 0.9634312932155742 0.6572977434065579 2 8
0.22373298280394982 0.8566576629321713 0.38611579513429306 0.8031885793722829 0.1867194251662111 5 1
0.13183968837580706 0.0808827531268963 0.5570018978735458 0.6150287772022975 0.4903278283818935 2 1
0.13183968837580706 0.0808827531268963 0.5570018978735458 0.6150287772022975 0.4903278283818935 2 1
0.32080092412143546 0.8877421529953367 0.41143629074634946 0.6721102145699303 0.8524594908312269 3 8
0.46429350625377663 0.17535751313213588 0.0930600396100637 0.8229392188891796 0.33770259301761707 8 3
0.46429350625377663 0.17535751313213588 0.0930600396100637 0.8229392188891796 0.33770259301761707 8 3
0.42485907201981155 0.09174180317713809 0.6789738883893621 0.9925876130765192 0.07080896191576458 6 7
0.4189497667178971 0.8536313146814103 0.05234579127393091 0.5914290762747595 0.9448173847831282 4 7
0.9504456425820729 0.3977552223035131 0.7513211053189899 0.5713694537123177 0.8989092740522268 3 1
0.28274357850894305 0.3964759535388933 0.505512396442182 0.6869750826694174 0.6730652372646566 1 1
0.9504456425820729 0.3977552223035131 0.7513211053189899 0.5713694537123177 0.8989092740522268 3 1
0.804456850178286 0.6782685449941238 0.5699059901838103 0.12860122192310308 0.8489497454768561 2 1
0.804456850178286 0.6782685449941238 0.5699059901838103 0.12860122192310308 0.8489497454768561 2 1
0.020436067684714287 0.11163130854523962 0.9850557669392694 0.1165442521786807 0.06971133389901507 8 1
0.4818661390657407 0.010976826923253857 0.6625184089115003 0.6411650114928509 0.6207981073378378 2 5
0.4818661390657407 0.010976826923253857 0.6625184089115003 0.6411650114928509 0.6207981073378378 2 5
0.32080092412143546 0.8877421529953367 0.41143629074634946 0.6721102145699303 0.8524594908312269 3 8
0.13183968837580706 0.0808827531268963 0.5570018978735458 0.6150287772022975 0.4903278283818935 2 1
0.32080092412143546 0.8877421529953367 0.41143629074634946 0.6721102145699303 0.8524594908312269 3 8
0.5302600246393002 0.9663556811845745 0.79395022900185 0.8145312144540372 0.43205221562564 5 8
0.46429350625377663 0.17535751313213588 0.0930600396100637 0.8229392188891796 0.33770259301761707 8 3
0.46429350625377663 0.17535751313213588 0.0930600396100637 0.8229392188891796 0.33770259301761707 8 3
0.42485907201981155 0.09174180317713809 0.6789738883893621 0.9925876130765192 0.07080896191576458 6 7
0.9504456425820729 0.3977552223035131 0.7513211053189899 0.5713694537123177 0.8989092740522268 3 1
0.28274357850894305 0.3964759535388933 0.505512396442182 0.6869750826694174 0.6730652372646566 1 1
0.9504456425820729 0.3977552223035131 0.7513211053189899 0.5713694537123177 0.8989092740522268 3 1
0.804456850178286 0.6782685449941238 0.5699059901838103 0.12860122192310308 0.8489497454768561 2 1
0.020436067684714287 0.11163130854523962 0.9850557669392694 0.1165442521786807 0.06971133389901507 8 1
0.020436067684714287 0.11163130854523962 0.9850557669392694 0.1165442521786807 0.06971133389901507 8 1
0.4818661390657407 0.010976826923253857 0.6625184089115003 0.6411650114928509 0.6207981073378378 2 5
0.4818661390657407 0.010976826923253857 0.6625184089115003 0.6411650114928509 0.6207981073378378 2 5
0.32080092412143546 0.8877421529953367 0.41143629074634946 0.6721102145699303 0.8524594908312269 3 8
0.13183968837580706 0.0808827531268963 0.5570018978735458 0.6150287772022975 0.4903278283818935 2 1
0.32080092412143546 0.8877421529953367 0.41143629074634946 0.6721102145699303 0.8524594908312269 3 8
0.9241220401783206 0.9441897810146532 0.627546158404829 0.008459712346446824 0.43931991247789526 4 3
0.46429350625377663 0.17535751313213588 0.0930600396100637 0.8229392188891796 0.33770259301761707 8 3
0.42485907201981155 0.09174180317713809 0.6789738883893621 0.9925876130765192 0.07080896191576458 6 7
0.42485907201981155 0.09174180317713809 0.6789738883893621 0.9925876130765192 0.07080896191576458 6 7
0.42485907201981155 0.09174180317713809 0.6789738883893621 0.9925876130765192 0.07080896191576458 6 7
0.9504456425820729 0.3977552223035131 0.7513211053189899 0.5713694537123177 0.8989092740522268 3 1
0.9504456425820729 0.3977552223035131 0.7513211053189899 0.5713694537123177 0.8989092740522268 3 1
0.7960956916423984 0.9021899952711259 0.09117684500783896 0.46869500129768993 0.3307998640320734 7 5
0.020436067684714287 0.11163130854523962 0.9850557669392694 0.1165442521786807 0.06971133389901507 8 1
0.020436067684714287 0.11163130854523962 0.9850557669392694 0.1165442521786807 0.06971133389901507 8 1
0.4818661390657407 0.010976826923253857 0.6625184089115003 0.6411650114928509 0.6207981073378378 2 5
0.4818661390657407 0.010976826923253857 0.6625184089115003 0.6411650114928509 0.6207981073378378 2 5
0.22373298280394982 0.8566576629321713 0.38611579513429306 0.8031885793722829 0.1867194251662111 5 1
0.13183968837580706 0.0808827531268963 0.5570018978735458 0.6150287772022975 0.4903278283818935 2 1
0.32080092412143546 0.8877421529953367 0.41143629074634946 0.6721102145699303 0.8524594908312269 3 8
0.9241220401783206 0.9441897810146532 0.627546158404829 0.008459712346446824 0.43931991247789526 4 3
0.4476498948170248 0.7390692171474386 0.669445291529282 0.8328344146019832 0.5634879858860672 5 1
0.46429350625377663 0.17535751313213588 0.0930600396100637 0.8229392188891796 0.33770259301761707 8 3
0.42485907201981155 0.09174180317713809 0.6789738883893621 0.9925876130765192 0.07080896191576458 6 7
0.42485907201981155 0.09174180317713809 0.6789738883893621 0.9925876130765192 0.07080896191576458 6 7
0.42485907201981155 0.09174180317713809 0.6789738883893621 0.9925876130765192 0.07080896191576458 6 7
0.28274357850894305 0.3964759535388933 0.505512396442182 0.6869750826694174 0.6730652372646566 1 1
0.9504456425820729 0.3977552223035131 0.7513211053189899 0.5713694537123177 0.8989092740522268 3 1
0.804456850178286 0.6782685449941238 0.5699059901838103 0.12860122192310308 0.8489497454768561 2 1
0.804456850178286 0.6782685449941238 0.5699059901838103 0.12860122192310308 0.8489497454768561 2 1
0.020436067684714287 0.11163130854523962 0.9850557669392694 0.1165442521786807 0.06971133389901507 8 1
0.4818661390657407 0.010976826923253857 0.6625184089115003 0.6411650114928509 0.6207981073378378 2 5
0.4818661390657407 0.010976826923253857 0.6625184089115003 0.6411650114928509 0.6207981073378378 2 5
0.22373298280394982 0.8566576629321713 0.38611579513429306 0.8031885793722829 0.1867194251662111 5 1
0.13183968837580706 0.0808827531268963 0.5570018978735458 0.6150287772022975 0.4903278283818935 2 1
0.9241220401783206 0.9441897810146532 0.627546158404829 0.008459712346446824 0.43931991247789526 4 3
0.9241220401783206 0.9441897810146532 0.627546158404829 0.008459712346446824 0.43931991247789526 4 3
0.46429350625377663 0.17535751313213588 0.0930600396100637 0.8229392188891796 0.33770259301761707 8 3
0.46429350625377663 0.17535751313213588 0.0930600396100637 0.8229392188891796 0.33770259301761707 8 3
0.42485907201981155 0.09174180317713809 0.6789738883893621 0.9925876130765192 0.07080896191576458 6 7
0.42485907201981155 0.09174180317713809 0.6789738883893621 0.9925876130765192 0.07080896191576458 6 7
0.42485907201981155 0.09174180317713809 0.6789738883893621 0.9925876130765192 0.07080896191576458 6 7
0.9504456425820729 0.3977552223035131 0.7513211053189899 0.5713694537123177 0.8989092740522268 3 1
0.9504456425820729 0.3977552223035131 0.7513211053189899 0.5713694537123177 0.8989092740522268 3 1
0.7960956916423984 0.9021899952711259 0.09117684500783896 0.46869500129768993 0.3307998640320734 7 5
0.020436067684714287 0.11163130854523962 0.9850557669392694 0.1165442521786807 0.06971133389901507 8 1
0.020436067684714287 0.11163130854523962 0.9850557669392694 0.1165442521786807 0.06971133389901507 8 1
0.4818661390657407 0.010976826923253857 0.6625184089115003 0.6411650114928509 0.6207981073378378 2 5
0.4818661390657407 0.010976826923253857 0.6625184089115003 0.6411650114928509 0.6207981073378378 2 5
0.2534446379053116 0.4819288981926284 0.47806970550805405 0.9634312932155742 0.6572977434065579 2 8
0.13183968837580706 0.0808827531268963 0.5570018978735458 0.6150287772022975 0.4903278283818935 2 1
0.32080092412143546 0.8877421529953367 0.41143629074634946 0.6721102145699303 0.8524594908312269 3 8
0.9241220401783206 0.9441897810146532 0.627546158404829 0.008459712346446824 0.43931991247789526 4 3
0.46429350625377663 0.17535751313213588 0.0930600396100637 0.8229392188891796 0.33770259301761707 8 3
0.42485907201981155 0.09174180317713809 0.6789738883893621 0.9925876130765192 0.07080896191576458 6 7
0.4189497667178971 0.8536313146814103 0.05234579127393091 0.5914290762747595 0.9448173847831282 4 7
0.42485907201981155 0.09174180317713809 0.6789738883893621 0.9925876130765192 0.07080896191576458 6 7
0.28274357850894305 0.3964759535388933 0.505512396442182 0.6869750826694174 0.6730652372646566 1 1
0.9504456425820729 0.3977552223035131 0.7513211053189899 0.5713694537123177 0.8989092740522268 3 1
0.9504456425820729 0.3977552223035131 0.7513211053189899 0.5713694537123177 0.8989092740522268 3 1
0.804456850178286 0.6782685449941238 0.5699059901838103 0.12860122192310308 0.8489497454768561 2 1
0.020436067684714287 0.11163130854523962 0.9850557669392694 0.1165442521786807 0.06971133389901507 8 1
0.4818661390657407 0.010976826923253857 0.6625184089115003 0.6411650114928509 0.6207981073378378 2 5
0.4818661390657407 0.010976826923253857 0.6625184089115003 0.6411650114928509 0.6207981073378378 2 5
0.13183968837580706 0.0808827531268963 0.5570018978735458 0.6150287772022975 0.4903278283818935 2 1
0.32080092412143546 0.8877421529953367 0.41143629074634946 0.6721102145699303 0.8524594908312269 3 8
0.9241220401783206 0.9441897810146532 0.627546158404829 0.008459712346446824 0.43931991247789526 4 3
0.5302600246393002 0.9663556811845745 0.79395022900185 0.8145312144540372 0.43205221562564 5 8
0.46429350625377663 0.17535751313213588 0.0930600396100637 0.8229392188891796 0.33770259301761707 8 3
0.46429350625377663 0.17535751313213588 0.0930600396100637 0.8229392188891796 0.33770259301761707 8 3
0.46429350625377663 0.17535751313213588 0.0930600396100637 0.8229392188891796 0.33770259301761707 8 3
0.42485907201981155 0.09174180317713809 0.6789738883893621 0.9925876130765192 0.07080896191576458 6 7
0.28274357850894305 0.3964759535388933 0.505512396442182 0.6869750826694174 0.6730652372646566 1 1
0.28274357850894305 0.3964759535388933 0.505512396442182 0.6869750826694174 0.6730652372646566 1 1
0.9504456425820729 0.3977552223035131 0.7513211053189899 0.5713694537123177 0.8989092740522268 3 1
0.9504456425820729 0.3977552223035131 0.7513211053189899 0.5713694537123177 0.8989092740522268 3 1
0.804456850178286 0.6782685449941238 0.5699059901838103 0.12860122192310308 0.8489497454768561 2 1
0.020436067684714287 0.11163130854523962 0.9850557669392694 0.1165442521786807 0.06971133389901507 8 1
0.4818661390657407 0.010976826923253857 0.6625184089115003 0.6411650114928509 0.6207981073378378 2 5
0.4818661390657407 0.010976826923253857 0.6625184089115003 0.6411650114928509 0.6207981073378378 2 5
0.2534446379053116 0.4819288981926284 0.47806970550805405 0.9634312932155742 0.6572977434065579 2 8
0.13183968837580706 0.0808827531268963 0.5570018978735458 0.6150287772022975 0.4903278283818935 2 1
0.7121994901873978 0.7015498567098855 0.028738849207165296 0.6678628064345595 0.20173142403509758 5 6
0.9241220401783206 0.9441897810146532 0.627546158404829 0.008459712346446824 0.43931991247789526 4 3
0.46429350625377663 0.17535751313213588 0.0930600396100637 0.8229392188891796 0.33770259301761707 8 3
0.42485907201981155 0.09174180317713809 0.6789738883893621 0.9925876130765192 0.07080896191576458 6 7
0.42485907201981155 0.09174180317713809 0.6789738883893621 0.9925876130765192 0.07080896191576458 6 7
0.42485907201981155 0.09174180317713809 0.6789738883893621 0.9925876130765192 0.07080896191576458 6 7
0.9504456425820729 0.3977552223035131 0.7513211053189899 0.5713694537123177 0.8989092740522268 3 1
0.9504456425820729 0.3977552223035131 0.7513211053189899 0.5713694537123177 0.8989092740522268 3 1
0.7960956916423984 0.9021899952711259 0.09117684500783896 0.46869500129768993 0.3307998640320734 7 5
0.804456850178286 0.6782685449941238 0.5699059901838103 0.12860122192310308 0.8489497454768561 2 1
0.020436067684714287 0.11163130854523962 0.9850557669392694 0.1165442521786807 0.06971133389901507 8 1
0.2534446379053116 0.4819288981926284 0.47806970550805405 0.9634312932155742 0.6572977434065579 2 8
0.4818661390657407 0.010976826923253857 0.6625184089115003 0.6411650114928509 0.6207981073378378 2 5
0.2534446379053116 0.4819288981926284 0.47806970550805405 0.9634312932155742 0.6572977434065579 2 8
0.13183968837580706 0.0808827531268963 0.5570018978735458 0.6150287772022975 0.4903278283818935 2 1
0.7121994901873978 0.7015498567098855 0.028738849207165296 0.6678628064345595 0.20173142403509758 5 6
0.5302600246393002 0.9663556811845745 0.79395022900185 0.8145312144540372 0.43205221562564 5 8
0.46429350625377663 0.17535751313213588 0.0930600396100637 0.8229392188891796 0.33770259301761707 8 3
0.46429350625377663 0.17535751313213588 0.0930600396100637 0.8229392188891796 0.33770259301761707 8 3
0.46429350625377663 0.17535751313213588 0.0930600396100637 0.8229392188891796 0.33770259301761707 8 3
0.42485907201981155 0.09174180317713809 0.6789738883893621 0.9925876130765192 0.07080896191576458 6 7
0.9504456425820729 0.3977552223035131 0.7513211053189899 0.5713694537123177 0.8989092740522268 3 1
0.28274357850894305 0.3964759535388933 0.505512396442182 0.6869750826694174 0.6730652372646566 1 1
0.9504456425820729 0.3977552223035131 0.7513211053189899 0.5713694537123177 0.8989092740522268 3 1
0.9504456425820729 0.3977552223035131 0.7513211053189899 0.5713694537123177 0.8989092740522268 3 1
0.804456850178286 0.6782685449941238 0.5699059901838103 0.12860122192310308 0.8489497454768561 2 1
0.020436067684714287 0.11163130854523962 0.9850557669392694 0.1165442521786807 0.06971133389901507 8 1
0.4818661390657407 0.010976826923253857 0.6625184089115003 0.6411650114928509 0.6207981073378378 2 5
0.4818661390657407 0.010976826923253857 0.6625184089115003 0.6411650114928509 0.6207981073378378 2 5
0.32080092412143546 0.8877421529953367 0.41143629074634946 0.6721102145699303 0.8524594908312269 3 8
0.13183968837580706 0.0808827531268963 0.5570018978735458 0.6150287772022975 0.4903278283818935 2 1
0.32080092412143546 0.8877421529953367 0.41143629074634946 0.6721102145699303 0.8524594908312269 3 8
0.5302600246393002 0.9663556811845745 0.79395022900185 0.8145312144540372 0.43205221562564 5 8
0.46429350625377663 0.17535751313213588 0.0930600396100637 0.8229392188891796 0.33770259301761707 8 3
0.46429350625377663 0.17535751313213588 0.0930600396100637 0.8229392188891796 0.33770259301761707 8 3
0.42485907201981155 0.09174180317713809 0.6789738883893621 0.9925876130765192 0.07080896191576458 6 7
0.4189497667178971 0.8536313146814103 0.05234579127393091 0.5914290762747595 0.9448173847831282 4 7
0.42485907201981155 0.09174180317713809 0.6789738883893621 0.9925876130765192 0.07080896191576458 6 7
0.28274357850894305 0.3964759535388933 0.505512396442182 0.6869750826694174 0.6730652372646566 1 1
0.9504456425820729 0.3977552223035131 0.7513211053189899 0.5713694537123177 0.8989092740522268 3 1
0.9504456425820729 0.3977552223035131 0.7513211053189899 0.5713694537123177 0.8989092740522268 3 1
0.804456850178286 0.6782685449941238 0.5699059901838103 0.12860122192310308 0.8489497454768561 2 1
0.020436067684714287 0.11163130854523962 0.9850557669392694 0.1165442521786807 0.06971133389901507 8 1
0.4818661390657407 0.010976826923253857 0.6625184089115003 0.6411650114928509 0.6207981073378378 2 5
0.2534446379053116 0.4819288981926284 0.47806970550805405 0.9634312932155742 0.6572977434065579 2 8
0.2534446379053116 0.4819288981926284 0.47806970550805405 0.9634312932155742 0.6572977434065579 2 8
0.13183968837580706 0.0808827531268963 0.5570018978735458 0.6150287772022975 0.4903278283818935 2 1
0.9241220401783206 0.9441897810146532 0.627546158404829 0.008459712346446824 0.43931991247789526 4 3
0.5302600246393002 0.9663556811845745 0.79395022900185 0.8145312144540372 0.43205221562564 5 8
0.46429350625377663 0.17535751313213588 0.0930600396100637 0.8229392188891796 0.33770259301761707 8 3
0.46429350625377663 0.17535751313213588 0.0930600396100637 0.8229392188891796 0.33770259301761707 8 3
0.46429350625377663 0.17535751313213588 0.0930600396100637 0.8229392188891796 0.33770259301761707 8 3
0.42485907201981155 0.09174180317713809 0.6789738883893621 0.9925876130765192 0.07080896191576458 6 7
0.42485907201981155 0.09174180317713809 0.6789738883893621 0.9925876130765192 0.07080896191576458 6 7
0.28274357850894305 0.3964759535388933 0.505512396442182 0.6869750826694174 0.6730652372646566 1 1
0.9504456425820729 0.3977552223035131 0.7513211053189899 0.5713694537123177 0.8989092740522268 3 1
0.7960956916423984 0.9021899952711259 0.09117684500783896 0.46869500129768993 0.3307998640320734 7 5
0.7960956916423984 0.9021899952711259 0.09117684500783896 0.46869500129768993 0.3307998640320734 7 5
0.020436067684714287 0.11163130854523962 0.9850557669392694 0.1165442521786807 0.06971133389901507 8 1
0.4818661390657407 0.010976826923253857 0.6625184089115003 0.6411650114928509 0.6207981073378378 2 5
0.4818661390657407 0.010976826923253857 0.6625184089115003 0.6411650114928509 0.6207981073378378 2 5
0.2534446379053116 0.4819288981926284 0.47806970550805405 0.9634312932155742 0.6572977434065579 2 8
0.13183968837580706 0.0808827531268963 0.5570018978735458 0.6150287772022975 0.4903278283818935 2 1
0.7121994901873978 0.7015498567098855 0.028738849207165296 0.6678628064345595 0.20173142403509758 5 6
0.9241220401783206 0.9441897810146532 0.627546158404829 0.008459712346446824 0.43931991247789526 4 3
0.46429350625377663 0.17535751313213588 0.0930600396100637 0.8229392188891796 0.33770259301761707 8 3
0.42485907201981155 0.09174180317713809 0.6789738883893621 0.9925876130765192 0.07080896191576458 6 7
0.42485907201981155 0.09174180317713809 0.6789738883893621 0.9925876130765192 0.07080896191576458 6 7
0.42485907201981155 0.09174180317713809 0.6789738883893621 0.9925876130765192 0.07080896191576458 6 7
0.9504456425820729 0.3977552223035131 0.7513211053189899 0.5713694537123177 0.8989092740522268 3 1
0.9504456425820729 0.3977552223035131 0.7513211053189899 0.5713694537123177 0.8989092740522268 3 1
0.7960956916423984 0.9021899952711259 0.09117684500783896 0.46869500129768993 0.3307998640320734 7 5
0.7960956916423984 0.9021899952711259 0.09117684500783896 0.46869500129768993 0.3307998640320734 7 5
0.020436067684714287 0.11163130854523962 0.9850557669392694 0.1165442521786807 0.06971133389901507 8 1
0.2534446379053116 0.4819288981926284 0.47806970550805405 0.9634312932155742 0.6572977434065579 2 8
0.4818661390657407 0.010976826923253857 0.6625184089115003 0.6411650114928509 0.6207981073378378 2 5
0.22373298280394982 0.8566576629321713 0.38611579513429306 0.8031885793722829 0.1867194251662111 5 1
0.13183968837580706 0.0808827531268963 0.5570018978735458 0.6150287772022975 0.4903278283818935 2 1
0.32080092412143546 0.8877421529953367 0.41143629074634946 0.6721102145699303 0.8524594908312269 3 8
0.5302600246393002 0.9663556811845745 0.79395022900185 0.8145312144540372 0.43205221562564 5 8
0.46429350625377663 0.17535751313213588 0.0930600396100637 0.8229392188891796 0.33770259301761707 8 3
0.6316530100655909 0.6924726746031351 0.04011435330320812 0.16989720655577867 0.8875923513257525 3 8
0.42485907201981155 0.09174180317713809 0.6789738883893621 0.9925876130765192 0.07080896191576458 6 7
0.4189497667178971 0.8536313146814103 0.05234579127393091 0.5914290762747595 0.9448173847831282 4 7
0.42485907201981155 0.09174180317713809 0.6789738883893621 0.9925876130765192 0.07080896191576458 6 7
0.42485907201981155 0.09174180317713809 0.6789738883893621 0.9925876130765192 0.07080896191576458 6 7
0.28274357850894305 0.3964759535388933 0.505512396442182 0.6869750826694174 0.6730652372646566 1 1
0.9504456425820729 0.3977552223035131 0.7513211053189899 0.5713694537123177 0.8989092740522268 3 1
0.9504456425820729 0.3977552223035131 0.7513211053189899 0.5713694537123177 0.8989092740522268 3 1
0.804456850178286 0.6782685449941238 0.5699059901838103 0.12860122192310308 0.8489497454768561 2 1
0.020436067684714287 0.11163130854523962 0.9850557669392694 0.1165442521786807 0.06971133389901507 8 1
0.2534446379053116 0.4819288981926284 0.47806970550805405 0.9634312932155742 0.6572977434065579 2 8
0.4818661390657407 0.010976826923253857 0.6625184089115003 0.6411650114928509 0.6207981073378378 2 5
0.13183968837580706 0.0808827531268963 0.5570018978735458 0.6150287772022975 0.4903278283818935 2 1
0.13183968837580706 0.0808827531268963 0.5570018978735458 0.6150287772022975 0.4903278283818935 2 1
0.32080092412143546 0.8877421529953367 0.41143629074634946 0.6721102145699303 0.8524594908312269 3 8
0.5302600246393002 0.9663556811845745 0.79395022900185 0.8145312144540372 0.43205221562564 5 8
0.46429350625377663 0.17535751313213588 0.0930600396100637 0.8229392188891796 0.33770259301761707 8 3
0.8427160064210745 0.44995805422443536 0.5401723518454028 0.6342119887668368 0.7419809061563143 6 7
0.46429350625377663 0.17535751313213588 0.0930600396100637 0.8229392188891796 0.33770259301761707 8 3
0.42485907201981155 0.09174180317713809 0.6789738883893621 0.9925876130765192 0.07080896191576458 6 7
0.42485907201981155 0.09174180317713809 0.6789738883893621 0.9925876130765192 0.07080896191576458 6 7
0.9504456425820729 0.3977552223035131 0.7513211053189899 0.5713694537123177 0.8989092740522268 3 1
0.9504456425820729 0.3977552223035131 0.7513211053189899 0.5713694537123177 0.8989092740522268 3 1
0.9504456425820729 0.3977552223035131 0.7513211053189899 0.5713694537123177 0.8989092740522268 3 1
0.804456850178286 0.6782685449941238 0.5699059901838103 0.12860122192310308 0.8489497454768561 2 1
0.804456850178286 0.6782685449941238 0.5699059901838103 0.12860122192310308 0.8489497454768561 2 1
0.020436067684714287 0.11163130854523962 0.9850557669392694 0.1165442521786807 0.06971133389901507 8 1
0.4818661390657407 0.010976826923253857 0.6625184089115003 0.6411650114928509 0.6207981073378378 2 5
0.4818661390657407 0.010976826923253857 0.6625184089115003 0.6411650114928509 0.6207981073378378 2 5
0.22373298280394982 0.8566576629321713 0.38611579513429306 0.8031885793722829 0.1867194251662111 5 1
0.13183968837580706 0.0808827531268963 0.5570018978735458 0.6150287772022975 0.4903278283818935 2 1
0.5302600246393002 0.9663556811845745 0.79395022900185 0.8145312144540372 0.43205221562564 5 8
0.5302600246393002 0.9663556811845745 0.79395022900185 0.8145312144540372 0.43205221562564 5 8
0.46429350625377663 0.17535751313213588 0.0930600396100637 0.8229392188891796 0.33770259301761707 8 3
0.46429350625377663 0.17535751313213588 0.0930600396100637 0.8229392188891796 0.33770259301761707 8 3
0.42485907201981155 0.09174180317713809 0.6789738883893621 0.9925876130765192 0.07080896191576458 6 7
0.42485907201981155 0.09174180317713809 0.6789738883893621 0.9925876130765192 0.07080896191576458 6 7
0.42485907201981155 0.09174180317713809 0.6789738883893621 0.9925876130765192 0.07080896191576458 6 7
0.28274357850894305 0.3964759535388933 0.505512396442182 0.6869750826694174 0.6730652372646566 1 1
0.9504456425820729 0.3977552223035131 0.7513211053189899 0.5713694537123177 0.8989092740522268 3 1
0.7960956916423984 0.9021899952711259 0.09117684500783896 0.46869500129768993 0.3307998640320734 7 5
0.020436067684714287 0.11163130854523962 0.9850557669392694 0.1165442521786807 0.06971133389901507 8 1
0.020436067684714287 0.11163130854523962 0.9850557669392694 0.1165442521786807 0.06971133389901507 8 1
0.2534446379053116 0.4819288981926284 0.47806970550805405 0.9634312932155742 0.6572977434065579 2 8
0.4818661390657407 0.010976826923253857 0.6625184089115003 0.6411650114928509 0.6207981073378378 2 5
0.2534446379053116 0.4819288981926284 0.47806970550805405 0.9634312932155742 0.6572977434065579 2 8
0.13183968837580706 0.0808827531268963 0.5570018978735458 0.6150287772022975 0.4903278283818935 2 1
0.32080092412143546 0.8877421529953367 0.41143629074634946 0.6721102145699303 0.8524594908312269 3 8
0.9241220401783206 0.9441897810146532 0.627546158404829 0.008459712346446824 0.43931991247789526 4 3
0.46429350625377663 0.17535751313213588 0.0930600396100637 0.8229392188891796 0.33770259301761707 8 3
0.46429350625377663 0.17535751313213588 0.0930600396100637 0.8229392188891796 0.33770259301761707 8 3
0.42485907201981155 0.09174180317713809 0.6789738883893621 0.9925876130765192 0.07080896191576458 6 7
0.42485907201981155 0.09174180317713809 0.6789738883893621 0.9925876130765192 0.07080896191576458 6 7
0.42485907201981155 0.09174180317713809 0.6789738883893621 0.9925876130765192 0.07080896191576458 6 7
0.9504456425820729 0.3977552223035131 0.7513211053189899 0.5713694537123177 0.8989092740522268 3 1
0.28274357850894305 0.3964759535388933 0.505512396442182 0.6869750826694174 0.6730652372646566 1 1
0.9504456425820729 0.3977552223035131 0.7513211053189899 0.5713694537123177 0.8989092740522268 3 1
0.804456850178286 0.6782685449941238 0.5699059901838103 0.12860122192310308 0.8489497454768561 2 1
0.020436067684714287 0.11163130854523962 0.9850557669392694 0.1165442521786807 0.06971133389901507 8 1
0.4818661390657407 0.010976826923253857 0.6625184089115003 0.6411650114928509 0.6207981073378378 2 5
0.22373298280394982 0.8566576629321713 0.38611579513429306 0.8031885793722829 0.1867194251662111 5 1
0.13183968837580706 0.0808827531268963 0.5570018978735458 0.6150287772022975 0.4903278283818935 2 1
0.13183968837580706 0.0808827531268963 0.5570018978735458 0.6150287772022975 0.4903278283818935 2 1
0.32080092412143546 0.8877421529953367 0.41143629074634946 0.6721102145699303 0.8524594908312269 3 8
0.5302600246393002 0.9663556811845745 0.79395022900185 0.8145312144540372 0.43205221562564 5 8
0.46429350625377663 0.17535751313213588 0.0930600396100637 0.8229392188891796 0.33770259301761707 8 3
0.46429350625377663 0.17535751313213588 0.0930600396100637 0.8229392188891796 0.33770259301761707 8 3
0.42485907201981155 0.09174180317713809 0.6789738883893621 0.9925876130765192 0.07080896191576458 6 7
0.42485907201981155 0.09174180317713809 0.6789738883893621 0.9925876130765192 0.07080896191576458 6 7
0.9504456425820729 0.3977552223035131 0.7513211053189899 0.5713694537123177 0.8989092740522268 3 1
0.9504456425820729 0.3977552223035131 0.7513211053189899 0.5713694537123177 0.8989092740522268 3 1
0.7960956916423984 0.9021899952711259 0.09117684500783896 0.46869500129768993 0.3307998640320734 7 5
0.020436067684714287 0.11163130854523962 0.9850557669392694 0.1165442521786807 0.06971133389901507 8 1
0.020436067684714287 0.11163130854523962 0.9850557669392694 0.1165442521786807 0.06971133389901507 8 1
0.4818661390657407 0.010976826923253857 0.6625184089115003 0.6411650114928509 0.6207981073378378 2 5
0.4818661390657407 0.010976826923253857 0.6625184089115003 0.6411650114928509 0.6207981073378378 2 5
0.2534446379053116 0.4819288981926284 0.47806970550805405 0.9634312932155742 0.6572977434065579 2 8
0.13183968837580706 0.0808827531268963 0.5570018978735458 0.6150287772022975 0.4903278283818935 2 1
0.9241220401783206 0.9441897810146532 0.627546158404829 0.008459712346446824 0.43931991247789526 4 3
0.9241220401783206 0.9441897810146532 0.627546158404829 0.008459712346446824 0.43931991247789526 4 3
0.46429350625377663 0.17535751313213588 0.0930600396100637 0.8229392188891796 0.33770259301761707 8 3
0.4189497667178971 0.8536313146814103 0.05234579127393091 0.5914290762747595 0.9448173847831282 4 7
0.42485907201981155 0.09174180317713809 0.6789738883893621 0.9925876130765192 0.07080896191576458 6 7
0.42485907201981155 0.09174180317713809 0.6789738883893621 0.9925876130765192 0.07080896191576458 6 7
0.28274357850894305 0.3964759535388933 0.505512396442182 0.6869750826694174 0.6730652372646566 1 1
0.9504456425820729 0.3977552223035131 0.7513211053189899 0.5713694537123177 0.8989092740522268 3 1
0.9504456425820729 0.3977552223035131 0.7513211053189899 0.5713694537123177 0.8989092740522268 3 1
0.804456850178286 0.6782685449941238 0.5699059901838103 0.12860122192310308 0.8489497454768561 2 1
0.020436067684714287 0.11163130854523962 0.9850557669392694 0.1165442521786807 0.06971133389901507 8 1
0.4818661390657407 0.010976826923253857 0.6625184089115003 0.6411650114928509 0.6207981073378378 2 5
0.4818661390657407 0.010976826923253857 0.6625184089115003 0.6411650114928509 0.6207981073378378 2 5
0.32080092412143546 0.8877421529953367 0.41143629074634946 0.6721102145699303 0.8524594908312269 3 8
0.13183968837580706 0.0808827531268963 0.5570018978735458 0.6150287772022975 0.4903278283818935 2 1
0.32080092412143546 0.8877421529953367 0.41143629074634946 0.6721102145699303 0.8524594908312269 3 8
0.5302600246393002 0.9663556811845745 0.79395022900185 0.8145312144540372 0.43205221562564 5 8
0.46429350625377663 0.17535751313213588 0.0930600396100637 0.8229392188891796 0.33770259301761707 8 3
0.46429350625377663 0.17535751313213588 0.0930600396100637 0.8229392188891796 0.33770259301761707 8 3
0.42485907201981155 0.09174180317713809 0.6789738883893621 0.9925876130765192 0.07080896191576458 6 7
0.42485907201981155 0.09174180317713809 0.6789738883893621 0.9925876130765192 0.07080896191576458 6 7
0.9504456425820729 0.3977552223035131 0.7513211053189899 0.5713694537123177 0.8989092740522268 3 1
0.28274357850894305 0.3964759535388933 0.505512396442182 0.6869750826694174 0.6730652372646566 1 1
0.9504456425820729 0.3977552223035131 0.7513211053189899 0.5713694537123177 0.8989092740522268 3 1
0.7960956916423984 0.9021899952711259 0.09117684500783896 0.46869500129768993 0.3307998640320734 7 5
0.804456850178286 0.6782685449941238 0.5699059901838103 0.12860122192310308 0.8489497454768561 2 1
0.020436067684714287 0.11163130854523962 0.9850557669392694 0.1165442521786807 0.06971133389901507 8 1
0.2534446379053116 0.4819288981926284 0.47806970550805405 0.9634312932155742 0.6572977434065579 2 8
0.4818661390657407 0.010976826923253857 0.6625184089115003 0.6411650114928509 0.6207981073378378 2 5
0.32080092412143546 0.8877421529953367 0.41143629074634946 0.6721102145699303 0.8524594908312269 3 8
0.13183968837580706 0.0808827531268963 0.5570018978735458 0.6150287772022975 0.4903278283818935 2 1
0.32080092412143546 0.8877421529953367 0.41143629074634946 0.6721102145699303 0.8524594908312269 3 8
0.5302600246393002 0.9663556811845745 0.79395022900185 0.8145312144540372 0.43205221562564 5 8
0.46429350625377663 0.17535751313213588 0.0930600396100637 0.8229392188891796 0.33770259301761707 8 3
0.46429350625377663 0.17535751313213588 0.0930600396100637 0.8229392188891796 0.33770259301761707 8 3
0.42485907201981155 0.09174180317713809 0.6789738883893621 0.9925876130765192 0.07080896191576458 6 7
0.4189497667178971 0.8536313146814103 0.05234579127393091 0.5914290762747595 0.9448173847831282 4 7
0.28274357850894305 0.3964759535388933 0.505512396442182 0.6869750826694174 0.6730652372646566 1 1
0.28274357850894305 0.3964759535388933 0.505512396442182 0.6869750826694174 0.6730652372646566 1 1
0.9504456425820729 0.3977552223035131 0.7513211053189899 0.5713694537123177 0.8989092740522268 3 1
0.7960956916423984 0.9021899952711259 0.09117684500783896 0.46869500129768993 0.3307998640320734 7 5
0.020436067684714287 0.11163130854523962 0.9850557669392694 0.1165442521786807 0.06971133389901507 8 1
0.4818661390657407 0.010976826923253857 0.6625184089115003 0.6411650114928509 0.6207981073378378 2 5
0.4818661390657407 0.010976826923253857 0.6625184089115003 0.6411650114928509 0.6207981073378378 2 5
0.2534446379053116 0.4819288981926284 0.47806970550805405 0.9634312932155742 0.6572977434065579 2 8
0.2534446379053116 0.4819288981926284 0.47806970550805405 0.9634312932155742 0.6572977434065579 2 8
0.13183968837580706 0.0808827531268963 0.5570018978735458 0.6150287772022975 0.4903278283818935 2 1
0.9241220401783206 0.9441897810146532 0.627546158404829 0.008459712346446824 0.43931991247789526 4 3
0.9241220401783206 0.9441897810146532 0.627546158404829 0.008459712346446824 0.43931991247789526 4 3
0.8365417978754923 0.7222373021023313 0.16921418947270628 0.47519810740716384 0.8042035199734143 4 8
0.46429350625377663 0.17535751313213588 0.0930600396100637 0.8229392188891796 0.33770259301761707 8 3
0.42485907201981155 0.09174180317713809 0.6789738883893621 0.9925876130765192 0.07080896191576458 6 7
0.42485907201981155 0.09174180317713809 0.6789738883893621 0.9925876130765192 0.07080896191576458 6 7
0.42485907201981155 0.09174180317713809 0.6789738883893621 0.9925876130765192 0.07080896191576458 6 7
0.9504456425820729 0.3977552223035131 0.7513211053189899 0.5713694537123177 0.8989092740522268 3 1
0.9504456425820729 0.3977552223035131 0.7513211053189899 0.5713694537123177 0.8989092740522268 3 1
0.7960956916423984 0.9021899952711259 0.09117684500783896 0.46869500129768993 0.3307998640320734 7 5
0.804456850178286 0.6782685449941238 0.5699059901838103 0.12860122192310308 0.8489497454768561 2 1
0.020436067684714287 0.11163130854523962 0.9850557669392694 0.1165442521786807 0.06971133389901507 8 1
0.2534446379053116 0.4819288981926284 0.47806970550805405 0.9634312932155742 0.6572977434065579 2 8
0.4818661390657407 0.010976826923253857 0.6625184089115003 0.6411650114928509 0.6207981073378378 2 5
0.2534446379053116 0.4819288981926284 0.47806970550805405 0.9634312932155742 0.6572977434065579 2 8
0.13183968837580706 0.0808827531268963 0.5570018978735458 0.6150287772022975 0.4903278283818935 2 1
0.32080092412143546 0.8877421529953367 0.41143629074634946 0.6721102145699303 0.8524594908312269 3 8
0.5302600246393002 0.9663556811845745 0.79395022900185 0.8145312144540372 0.43205221562564 5 8
0.46429350625377663 0.17535751313213588 0.0930600396100637 0.8229392188891796 0.33770259301761707 8 3
0.46429350625377663 0.17535751313213588 0.0930600396100637 0.8229392188891796 0.33770259301761707 8 3
0.42485907201981155 0.09174180317713809 0.6789738883893621 0.9925876130765192 0.07080896191576458 6 7
0.4189497667178971 0.8536313146814103 0.05234579127393091 0.5914290762747595 0.9448173847831282 4 7
0.42485907201981155 0.09174180317713809 0.6789738883893621 0.9925876130765192 0.07080896191576458 6 7
0.28274357850894305 0.3964759535388933 0.505512396442182 0.6869750826694174 0.6730652372646566 1 1
0.9504456425820729 0.3977552223035131 0.7513211053189899 0.5713694537123177 0.8989092740522268 3 1
0.9504456425820729 0.3977552223035131 0.7513211053189899 0.5713694537123177 0.8989092740522268 3 1
0.804456850178286 0.6782685449941238 0.5699059901838103 0.12860122192310308 0.8489497454768561 2 1
0.020436067684714287 0.11163130854523962 0.9850557669392694 0.1165442521786807 0.06971133389901507 8 1
0.4818661390657407 0.010976826923253857 0.6625184089115003 0.6411650114928509 0.6207981073378378 2 5
0.4818661390657407 0.010976826923253857 0.6625184089115003 0.6411650114928509 0.6207981073378378 2 5
0.32080092412143546 0.8877421529953367 0.41143629074634946 0.6721102145699303 0.8524594908312269 3 8
0.32080092412143546 0.8877421529953367 0.41143629074634946 0.6721102145699303 0.8524594908312269 3 8
0.9241220401783206 0.9441897810146532 0.627546158404829 0.008459712346446824 0.43931991247789526 4 3
0.5302600246393002 0.9663556811845745 0.79395022900185 0.8145312144540372 0.43205221562564 5 8
0.46429350625377663 0.17535751313213588 0.0930600396100637 0.8229392188891796 0.33770259301761707 8 3
0.46429350625377663 0.17535751313213588 0.0930600396100637 0.8229392188891796 0.33770259301761707 8 3
0.46429350625377663 0.17535751313213588 0.0930600396100637 0.8229392188891796 0.33770259301761707 8 3
0.42485907201981155 0.09174180317713809 0.6789738883893621 0.9925876130765192 0.07080896191576458 6 7
0.42485907201981155 0.09174180317713809 0.6789738883893621 0.9925876130765192 0.07080896191576458 6 7
0.9504456425820729 0.3977552223035131 0.7513211053189899 0.5713694537123177 0.8989092740522268 3 1
0.9504456425820729 0.3977552223035131 0.7513211053189899 0.5713694537123177 0.8989092740522268 3 1
0.7960956916423984 0.9021899952711259 0.09117684500783896 0.46869500129768993 0.3307998640320734 7 5
0.020436067684714287 0.11163130854523962 0.9850557669392694 0.1165442521786807 0.06971133389901507 8 1
0.020436067684714287 0.11163130854523962 0.9850557669392694 0.1165442521786807 0.06971133389901507 8 1
0.4818661390657407 0.010976826923253857 0.6625184089115003 0.6411650114928509 0.6207981073378378 2 5
0.4818661390657407 0.010976826923253857 0.6625184089115003 0.6411650114928509 0.6207981073378378 2 5
0.2534446379053116 0.4819288981926284 0.47806970550805405 0.9634312932155742 0.6572977434065579 2 8
0.32080092412143546 0.8877421529953367 0.41143629074634946 0.6721102145699303 0.8524594908312269 3 8
0.9241220401783206 0.9441897810146532 0.627546158404829 0.008459712346446824 0.43931991247789526 4 3
0.46429350625377663 0.17535751313213588 0.0930600396100637 0.8229392188891796 0.33770259301761707 8 3
0.46429350625377663 0.17535751313213588 0.0930600396100637 0.8229392188891796 0.33770259301761707 8 3
0.42485907201981155 0.09174180317713809 0.6789738883893621 0.9925876130765192 0.07080896191576458 6 7
0.4189497667178971 0.8536313146814103 0.05234579127393091 0.5914290762747595 0.9448173847831282 4 7
0.42485907201981155 0.09174180317713809 0.6789738883893621 0.9925876130765192 0.07080896191576458 6 7
0.9504456425820729 0.3977552223035131 0.7513211053189899 0.5713694537123177 0.8989092740522268 3 1
0.9504456425820729 0.3977552223035131 0.7513211053189899 0.5713694537123177 0.8989092740522268 3 1
0.7960956916423984 0.9021899952711259 0.09117684500783896 0.46869500129768993 0.3307998640320734 7 5
0.804456850178286 0.6782685449941238 0.5699059901838103 0.12860122192310308 0.8489497454768561 2 1
0.4818661390657407 0.010976826923253857 0.6625184089115003 0.6411650114928509 0.6207981073378378 2 5
0.2534446379053116 0.4819288981926284 0.47806970550805405 0.9634312932155742 0.6572977434065579 2 8
0.22373298280394982 0.8566576629321713 0.38611579513429306 0.8031885793722829 0.1867194251662111 5 1
0.13183968837580706 0.0808827531268963 0.5570018978735458 0.6150287772022975 0.4903278283818935 2 1
0.13183968837580706 0.0808827531268963 0.5570018978735458 0.6150287772022975 0.4903278283818935 2 1
0.32080092412143546 0.8877421529953367 0.41143629074634946 0.6721102145699303 0.8524594908312269 3 8
0.5302600246393002 0.9663556811845745 0.79395022900185 0.8145312144540372 0.43205221562564 5 8
0.42485907201981155 0.09174180317713809 0.6789738883893621 0.9925876130765192 0.07080896191576458 6 7
0.42485907201981155 0.09174180317713809 0.6789738883893621 0.9925876130765192 0.07080896191576458 6 7
0.42485907201981155 0.09174180317713809 0.6789738883893621 0.9925876130765192 0.07080896191576458 6 7
0.9504456425820729 0.3977552223035131 0.7513211053189899 0.5713694537123177 0.8989092740522268 3 1
0.28274357850894305 0.3964759535388933 0.505512396442182 0.6869750826694174 0.6730652372646566 1 1
0.9504456425820729 0.3977552223035131 0.7513211053189899 0.5713694537123177 0.8989092740522268 3 1
0.804456850178286 0.6782685449941238 0.5699059901838103 0.12860122192310308 0.8489497454768561 2 1
0.804456850178286 0.6782685449941238 0.5699059901838103 0.12860122192310308 0.8489497454768561 2 1
0.020436067684714287 0.11163130854523962 0.9850557669392694 0.1165442521786807 0.06971133389901507 8 1
0.4818661390657407 0.010976826923253857 0.6625184089115003 0.6411650114928509 0.6207981073378378 2 5
0.4818661390657407 0.010976826923253857 0.6625184089115003 0.6411650114928509 0.6207981073378378 2 5
0.22373298280394982 0.8566576629321713 0.38611579513429306 0.8031885793722829 0.1867194251662111 5 1
0.13183968837580706 0.0808827531268963 0.5570018978735458 0.6150287772022975 0.4903278283818935 2 1
0.9241220401783206 0.9441897810146532 0.627546158404829 0.008459712346446824 0.43931991247789526 4 3
0.9241220401783206 0.9441897810146532 0.627546158404829 0.008459712346446824 0.43931991247789526 4 3
0.46429350625377663 0.17535751313213588 0.0930600396100637 0.8229392188891796 0.33770259301761707 8 3
0.46429350625377663 0.17535751313213588 0.0930600396100637 0.8229392188891796 0.33770259301761707 8 3
0.42485907201981155 0.09174180317713809 0.6789738883893621 0.9925876130765192 0.07080896191576458 6 7
0.42485907201981155 0.09174180317713809 0.6789738883893621 0.9925876130765192 0.07080896191576458 6 7
0.42485907201981155 0.09174180317713809 0.6789738883893621 0.9925876130765192 0.07080896191576458 6 7
0.28274357850894305 0.3964759535388933 0.505512396442182 0.6869750826694174 0.6730652372646566 1 1
0.9504456425820729 0.3977552223035131 0.7513211053189899 0.5713694537123177 0.8989092740522268 3 1
0.7960956916423984 0.9021899952711259 0.09117684500783896 0.46869500129768993 0.3307998640320734 7 5
0.020436067684714287 0.11163130854523962 0.9850557669392694 0.1165442521786807 0.06971133389901507 8 1
0.020436067684714287 0.11163130854523962 0.9850557669392694 0.1165442521786807 0.06971133389901507 8 1
0.2534446379053116 0.4819288981926284 0.47806970550805405 0.9634312932155742 0.6572977434065579 2 8
0.4818661390657407 0.010976826923253857 0.6625184089115003 0.6411650114928509 0.6207981073378378 2 5
0.32080092412143546 0.8877421529953367 0.41143629074634946 0.6721102145699303 0.8524594908312269 3 8
0.13183968837580706 0.0808827531268963 0.5570018978735458 0.6150287772022975 0.4903278283818935 2 1
0.32080092412143546 0.8877421529953367 0.41143629074634946 0.6721102145699303 0.8524594908312269 3 8
0.9241220401783206 0.9441897810146532 0.627546158404829 0.008459712346446824 0.43931991247789526 4 3
0.4476498948170248 0.7390692171474386 0.669445291529282 0.8328344146019832 0.5634879858860672 5 1
0.46429350625377663 0.17535751313213588 0.0930600396100637 0.8229392188891796 0.33770259301761707 8 3
0.42485907201981155 0.09174180317713809 0.6789738883893621 0.9925876130765192 0.07080896191576458 6 7
0.4189497667178971 0.8536313146814103 0.05234579127393091 0.5914290762747595 0.9448173847831282 4 7
0.9504456425820729 0.3977552223035131 0.7513211053189899 0.5713694537123177 0.8989092740522268 3 1
0.28274357850894305 0.3964759535388933 0.505512396442182 0.6869750826694174 0.6730652372646566 1 1
0.9504456425820729 0.3977552223035131 0.7513211053189899 0.5713694537123177 0.8989092740522268 3 1
0.7960956916423984 0.9021899952711259 0.09117684500783896 0.46869500129768993 0.3307998640320734 7 5
0.020436067684714287 0.11163130854523962 0.9850557669392694 0.1165442521786807 0.06971133389901507 8 1
0.020436067684714287 0.11163130854523962 0.9850557669392694 0.1165442521786807 0.06971133389901507 8 1
0.2534446379053116 0.4819288981926284 0.47806970550805405 0.9634312932155742 0.6572977434065579 2 8
0.4818661390657407 0.010976826923253857 0.6625184089115003 0.6411650114928509 0.6207981073378378 2 5
0.32080092412143546 0.8877421529953367 0.41143629074634946 0.6721102145699303 0.8524594908312269 3 8
0.13183968837580706 0.0808827531268963 0.5570018978735458 0.6150287772022975 0.4903278283818935 2 1
0.32080092412143546 0.8877421529953367 0.41143629074634946 0.6721102145699303 0.8524594908312269 3 8
0.9241220401783206 0.9441897810146532 0.627546158404829 0.008459712346446824 0.43931991247789526 4 3
0.4476498948170248 0.7390692171474386 0.669445291529282 0.8328344146019832 0.5634879858860672 5 1
0.46429350625377663 0.17535751313213588 0.0930600396100637 0.8229392188891796 0.33770259301761707 8 3
0.42485907201981155 0.09174180317713809 0.6789738883893621 0.9925876130765192 0.07080896191576458 6 7
0.42485907201981155 0.09174180317713809 0.6789738883893621 0.9925876130765192 0.07080896191576458 6 7
0.42485907201981155 0.09174180317713809 0.6789738883893621 0.9925876130765192 0.07080896191576458 6 7
0.9504456425820729 0.3977552223035131 0.7513211053189899 0.5713694537123177 0.8989092740522268 3 1
0.9504456425820729 0.3977552223035131 0.7513211053189899 0.5713694537123177 0.8989092740522268 3 1
0.7960956916423984 0.9021899952711259 0.09117684500783896 0.46869500129768993 0.3307998640320734 7 5
0.020436067684714287 0.11163130854523962 0.9850557669392694 0.1165442521786807 0.06971133389901507 8 1
0.020436067684714287 0.11163130854523962 0.9850557669392694 0.1165442521786807 0.06971133389901507 8 1
0.4818661390657407 0.010976826923253857 0.6625184089115003 0.6411650114928509 0.6207981073378378 2 5
0.4818661390657407 0.010976826923253857 0.6625184089115003 0.6411650114928509 0.6207981073378378 2 5
0.22373298280394982 0.8566576629321713 0.38611579513429306 0.8031885793722829 0.1867194251662111 5 1
0.13183968837580706 0.0808827531268963 0.5570018978735458 0.6150287772022975 0.4903278283818935 2 1
0.32080092412143546 0.8877421529953367 0.41143629074634946 0.6721102145699303 0.8524594908312269 3 8
0.9241220401783206 0.9441897810146532 0.627546158404829 0.008459712346446824 0.43931991247789526 4 3
0.4476498948170248 0.7390692171474386 0.669445291529282 0.8328344146019832 0.5634879858860672 5 1
0.46429350625377663 0.17535751313213588 0.0930600396100637 0.8229392188891796 0.33770259301761707 8 3
0.42485907201981155 0.09174180317713809 0.6789738883893621 0.9925876130765192 0.07080896191576458 6 7
0.42485907201981155 0.09174180317713809 0.6789738883893621 0.9925876130765192 0.07080896191576458 6 7
0.9504456425820729 0.3977552223035131 0.7513211053189899 0.5713694537123177 0.8989092740522268 3 1
0.9504456425820729 0.3977552223035131 0.7513211053189899 0.5713694537123177 0.8989092740522268 3 1
0.804456850178286 0.6782685449941238 0.5699059901838103 0.12860122192310308 0.8489497454768561 2 1
0.7960956916423984 0.9021899952711259 0.09117684500783896 0.46869500129768993 0.3307998640320734 7 5
0.020436067684714287 0.11163130854523962 0.9850557669392694 0.1165442521786807 0.06971133389901507 8 1
0.2534446379053116 0.4819288981926284 0.47806970550805405 0.9634312932155742 0.6572977434065579 2 8
0.4818661390657407 0.010976826923253857 0.6625184089115003 0.6411650114928509 0.6207981073378378 2 5
0.22373298280394982 0.8566576629321713 0.38611579513429306 0.8031885793722829 0.1867194251662111 5 1
0.13183968837580706 0.0808827531268963 0.5570018978735458 0.6150287772022975 0.4903278283818935 2 1
0.32080092412143546 0.8877421529953367 0.41143629074634946 0.6721102145699303 0.8524594908312269 3 8
0.5302600246393002 0.9663556811845745 0.79395022900185 0.8145312144540372 0.43205221562564 5 8
0.46429350625377663 0.17535751313213588 0.0930600396100637 0.8229392188891796 0.33770259301761707 8 3
0.02321035673061267 0.5198692963901086 0.09097798381782662 0.9369722301588499 0.2796670924848972 4 4
0.46429350625377663 0.17535751313213588 0.0930600396100637 0.8229392188891796 0.33770259301761707 8 3
0.42485907201981155 0.09174180317713809 0.6789738883893621 0.9925876130765192 0.07080896191576458 6 7
0.4189497667178971 0.8536313146814103 0.05234579127393091 0.5914290762747595 0.9448173847831282 4 7
0.9504456425820729 0.3977552223035131 0.7513211053189899 0.5713694537123177 0.8989092740522268 3 1
0.28274357850894305 0.3964759535388933 0.505512396442182 0.6869750826694174 0.6730652372646566 1 1
0.9504456425820729 0.3977552223035131 0.7513211053189899 0.5713694537123177 0.8989092740522268 3 1
0.9504456425820729 0.3977552223035131 0.7513211053189899 0.5713694537123177 0.8989092740522268 3 1
0.804456850178286 0.6782685449941238 0.5699059901838103 0.12860122192310308 0.8489497454768561 2 1
0.020436067684714287 0.11163130854523962 0.9850557669392694 0.1165442521786807 0.06971133389901507 8 1
0.4818661390657407 0.010976826923253857 0.6625184089115003 0.6411650114928509 0.6207981073378378 2 5
0.4818661390657407 0.010976826923253857 0.6625184089115003 0.6411650114928509 0.6207981073378378 2 5
0.32080092412143546 0.8877421529953367 0.41143629074634946 0.6721102145699303 0.8524594908312269 3 8
0.13183968837580706 0.0808827531268963 0.5570018978735458 0.6150287772022975 0.4903278283818935 2 1
0.32080092412143546 0.8877421529953367 0.41143629074634946 0.6721102145699303 0.8524594908312269 3 8
0.9241220401783206 0.9441897810146532 0.627546158404829 0.008459712346446824 0.43931991247789526 4 3
0.4476498948170248 0.7390692171474386 0.669445291529282 0.8328344146019832 0.5634879858860672 5 1
0.42485907201981155 0.09174180317713809 0.6789738883893621 0.9925876130765192 0.07080896191576458 6 7
0.42485907201981155 0.09174180317713809 0.6789738883893621 0.9925876130765192 0.07080896191576458 6 7
0.42485907201981155 0.09174180317713809 0.6789738883893621 0.9925876130765192 0.07080896191576458 6 7
0.9504456425820729 0.3977552223035131 0.7513211053189899 0.5713694537123177 0.8989092740522268 3 1
0.28274357850894305 0.3964759535388933 0.505512396442182 0.6869750826694174 0.6730652372646566 1 1
0.9504456425820729 0.3977552223035131 0.7513211053189899 0.5713694537123177 0.8989092740522268 3 1
0.9504456425820729 0.3977552223035131 0.7513211053189899 0.5713694537123177 0.8989092740522268 3 1
0.804456850178286 0.6782685449941238 0.5699059901838103 0.12860122192310308 0.8489497454768561 2 1
0.020436067684714287 0.11163130854523962 0.9850557669392694 0.1165442521786807 0.06971133389901507 8 1
0.4818661390657407 0.010976826923253857 0.6625184089115003 0.6411650114928509 0.6207981073378378 2 5
0.4818661390657407 0.010976826923253857 0.6625184089115003 0.6411650114928509 0.6207981073378378 2 5
0.22373298280394982 0.8566576629321713 0.38611579513429306 0.8031885793722829 0.1867194251662111 5 1
0.13183968837580706 0.0808827531268963 0.5570018978735458 0.6150287772022975 0.4903278283818935 2 1
0.9241220401783206 0.9441897810146532 0.627546158404829 0.008459712346446824 0.43931991247789526 4 3
0.9241220401783206 0.9441897810146532 0.627546158404829 0.008459712346446824 0.43931991247789526 4 3
0.46429350625377663 0.17535751313213588 0.0930600396100637 0.8229392188891796 0.33770259301761707 8 3
0.46429350625377663 0.17535751313213588 0.0930600396100637 0.8229392188891796 0.33770259301761707 8 3
0.42485907201981155 0.09174180317713809 0.6789738883893621 0.9925876130765192 0.07080896191576458 6 7
0.4189497667178971 0.8536313146814103 0.05234579127393091 0.5914290762747595 0.9448173847831282 4 7
0.42485907201981155 0.09174180317713809 0.6789738883893621 0.9925876130765192 0.07080896191576458 6 7
0.28274357850894305 0.3964759535388933 0.505512396442182 0.6869750826694174 0.6730652372646566 1 1
0.9504456425820729 0.3977552223035131 0.7513211053189899 0.5713694537123177 0.8989092740522268 3 1
0.9504456425820729 0.3977552223035131 0.7513211053189899 0.5713694537123177 0.8989092740522268 3 1
0.804456850178286 0.6782685449941238 0.5699059901838103 0.12860122192310308 0.8489497454768561 2 1
0.020436067684714287 0.11163130854523962 0.9850557669392694 0.1165442521786807 0.06971133389901507 8 1
0.4818661390657407 0.010976826923253857 0.6625184089115003 0.6411650114928509 0.6207981073378378 2 5
0.4818661390657407 0.010976826923253857 0.6625184089115003 0.6411650114928509 0.6207981073378378 2 5
0.22373298280394982 0.8566576629321713 0.38611579513429306 0.8031885793722829 0.1867194251662111 5 1
0.13183968837580706 0.0808827531268963 0.5570018978735458 0.6150287772022975 0.4903278283818935 2 1
0.32080092412143546 0.8877421529953367 0.41143629074634946 0.6721102145699303 0.8524594908312269 3 8
0.9241220401783206 0.9441897810146532 0.627546158404829 0.008459712346446824 0.43931991247789526 4 3
0.46429350625377663 0.17535751313213588 0.0930600396100637 0.8229392188891796 0.33770259301761707 8 3
