population 0 fitness 0.5065038337794221 years 28.0 length 16
population 1 fitness 0.5056338999078452 years 27.0 length 16
population 2 fitness 0.5064821380561935 years 26.0 length 16
population 3 fitness 0.5052073825097492 years 25.0 length 16
population 4 fitness 0.505306752655594 years 25.0 length 16
population 5 fitness 0.5062386606819871 years 24.0 length 16
population 6 fitness 0.5067220037191832 years 24.0 length 16
population 7 fitness 0.5059317036526348 years 23.0 length 16
population 8 fitness 0.50627579154127 years 22.0 length 16
population 9 fitness 0.5064463868807777 years 22.0 length 16
population 10 fitness 0.5059397729678943 years 21.0 length 16
population 11 fitness 0.5047398156349023 years 19.0 length 16
population 12 fitness 0.5062549001341182 years 19.0 length 15
population 13 fitness 0.5039053290007122 years 18.0 length 16
population 14 fitness 0.5053740062501454 years 18.0 length 16
population 15 fitness 0.5060565423165813 years 17.0 length 16
population 16 fitness 0.5064809186813788 years 17.0 length 16
population 17 fitness 0.5046114982143963 years 16.0 length 16
population 18 fitness 0.5062624936223938 years 16.0 length 16
population 19 fitness 0.5046106164347097 years 15.0 length 16
population 20 fitness 0.5051228327795793 years 15.0 length 16
population 21 fitness 0.504190762323668 years 14.0 length 15
population 22 fitness 0.5047272214060416 years 14.0 length 17
population 23 fitness 0.5016703630876139 years 13.0 length 16
population 24 fitness 0.5027137157220778 years 13.0 length 16
population 25 fitness 0.5017342336232229 years 12.0 length 16
population 26 fitness 0.5034220158561973 years 12.0 length 16
population 27 fitness 0.5044863530069835 years 11.0 length 16
population 28 fitness 0.5053756573239206 years 11.0 length 17
population 29 fitness 0.5048007274329868 years 10.0 length 16
population 30 fitness 0.5054146684392388 years 10.0 length 16
population 31 fitness 0.503954397602075 years 9.0 length 16
population 32 fitness 0.5043684153000635 years 9.0 length 16
population 33 fitness 0.5028284265902834 years 8.0 length 16
population 34 fitness 0.5040312650586647 years 8.0 length 16
population 35 fitness 0.5044370918739296 years 7.0 length 16
population 36 fitness 0.5044727582948368 years 7.0 length 16
population 37 fitness 0.49646056001994454 years 6.0 length 17
population 38 fitness 0.5014840816989782 years 6.0 length 16
population 39 fitness 0.4983617600740116 years 5.0 length 16
population 40 fitness 0.49849485095357904 years 5.0 length 16

0.9322789230445249 0.2625735548885899 0.08565691717298884 0.322707473478011 0.665738921921277 7 1
0.496606403604947 0.785702501382125 0.05030879046450776 0.9882582106787541 0.30949634089092826 6 3
0.9254317382913279 0.4529718610628698 0.880454915476512 0.7897391382073052 0.8664878897486586 8 4
0.496606403604947 0.785702501382125 0.05030879046450776 0.9882582106787541 0.30949634089092826 6 3
0.6087174797620432 0.4631836076833069 0.2329323642773603 0.04165316293872179 0.5343403012178355 2 5
0.006745647236782837 0.8475490456612924 0.15907210392801108 0.11263037877739546 0.3452088810209518 3 5
0.599376756223895 0.5130883205019109 0.8085556199064219 0.4764140199380311 0.06228635643195812 5 5
0.8641705125015129 0.6585822747421852 0.4388557934545321 0.5866824680284134 0.11864679257973987 6 1
0.6368520590644559 0.9380633671392478 0.6234762082397229 0.39807180655897767 0.8147616641060629 7 1
0.985507086935766 0.14377565334347042 0.7816059077904209 0.9755764386012327 0.4878431559274151 6 4
0.6368520590644559 0.9380633671392478 0.6234762082397229 0.39807180655897767 0.8147616641060629 7 1
0.3008224085954442 0.3678078057698485 0.7523299440417175 0.29729506920087345 0.9492540792473967 3 8
0.1512803196629331 0.10727395084769875 0.3891394238058985 0.168200548555697 0.8966070323108888 2 5
0.1512803196629331 0.10727395084769875 0.3891394238058985 0.168200548555697 0.8966070323108888 2 5
0.8693270619789507 0.11152111490985794 0.608984270024342 0.5107721679514827 0.2700267201884967 7 2
0.40591814676039306 0.4770174822955501 0.05717870683965587 0.9633073106854085 0.4641570288289516 8 4
0.29513598960504683 0.4090655460043109 0.39775591601396854 0.6280435410142214 0.828576105792786 7 4
0.4590104205495319 0.3892011090108688 0.45119661906977515 0.6606845453620322 0.7642445550697989 7 2
0.27363077037270755 0.7159807931235587 0.702195794070996 0.3060445892289214 0.5654354508544832 3 1
0.9254317382913279 0.4529718610628698 0.880454915476512 0.7897391382073052 0.8664878897486586 8 4
0.6087174797620432 0.4631836076833069 0.2329323642773603 0.04165316293872179 0.5343403012178355 2 5
0.006745647236782837 0.8475490456612924 0.15907210392801108 0.11263037877739546 0.3452088810209518 3 5
0.006745647236782837 0.8475490456612924 0.15907210392801108 0.11263037877739546 0.3452088810209518 3 5
0.599376756223895 0.5130883205019109 0.8085556199064219 0.4764140199380311 0.06228635643195812 5 5
0.6550888728518488 0.9554398212559516 0.25277377493344677 0.38746277685306063 0.41735109420879335 3 8
0.8641705125015129 0.6585822747421852 0.4388557934545321 0.5866824680284134 0.11864679257973987 6 1
0.6368520590644559 0.9380633671392478 0.6234762082397229 0.39807180655897767 0.8147616641060629 7 1
0.3008224085954442 0.3678078057698485 0.7523299440417175 0.29729506920087345 0.9492540792473967 3 8
0.3008224085954442 0.3678078057698485 0.7523299440417175 0.29729506920087345 0.9492540792473967 3 8
0.9322789230445249 0.2625735548885899 0.08565691717298884 0.322707473478011 0.665738921921277 7 1
0.5751432375521426 0.9927980322490769 0.6876681831291195 0.17556439922025302 0.9157326930964648 8 8
0.29087983497849934 0.9570512159944751 0.9340747236822975 0.076085178476888 0.1593359049248334 6 7
0.9322789230445249 0.2625735548885899 0.08565691717298884 0.322707473478011 0.665738921921277 7 1
0.9322789230445249 0.2625735548885899 0.08565691717298884 0.322707473478011 0.665738921921277 7 1
0.496606403604947 0.785702501382125 0.05030879046450776 0.9882582106787541 0.30949634089092826 6 3
0.9254317382913279 0.4529718610628698 0.880454915476512 0.7897391382073052 0.8664878897486586 8 4
0.6087174797620432 0.4631836076833069 0.2329323642773603 0.04165316293872179 0.5343403012178355 2 5
0.6087174797620432 0.4631836076833069 0.2329323642773603 0.04165316293872179 0.5343403012178355 2 5
0.599376756223895 0.5130883205019109 0.8085556199064219 0.4764140199380311 0.06228635643195812 5 5
0.8641705125015129 0.6585822747421852 0.4388557934545321 0.5866824680284134 0.11864679257973987 6 1
0.6368520590644559 0.9380633671392478 0.6234762082397229 0.39807180655897767 0.8147616641060629 7 1
0.8641705125015129 0.6585822747421852 0.4388557934545321 0.5866824680284134 0.11864679257973987 6 1
0.6368520590644559 0.9380633671392478 0.6234762082397229 0.39807180655897767 0.8147616641060629 7 1
0.3008224085954442 0.3678078057698485 0.7523299440417175 0.29729506920087345 0.9492540792473967 3 8
0.1512803196629331 0.10727395084769875 0.3891394238058985 0.168200548555697 0.8966070323108888 2 5
0.1512803196629331 0.10727395084769875 0.3891394238058985 0.168200548555697 0.8966070323108888 2 5
0.5751432375521426 0.9927980322490769 0.6876681831291195 0.17556439922025302 0.9157326930964648 8 8
0.29087983497849934 0.9570512159944751 0.9340747236822975 0.076085178476888 0.1593359049248334 6 7
0.9322789230445249 0.2625735548885899 0.08565691717298884 0.322707473478011 0.665738921921277 7 1
0.9322789230445249 0.2625735548885899 0.08565691717298884 0.322707473478011 0.665738921921277 7 1
0.9254317382913279 0.4529718610628698 0.880454915476512 0.7897391382073052 0.8664878897486586 8 4
0.27363077037270755 0.7159807931235587 0.702195794070996 0.3060445892289214 0.5654354508544832 3 1
0.27363077037270755 0.7159807931235587 0.702195794070996 0.3060445892289214 0.5654354508544832 3 1
0.599376756223895 0.5130883205019109 0.8085556199064219 0.4764140199380311 0.06228635643195812 5 5
0.599376756223895 0.5130883205019109 0.8085556199064219 0.4764140199380311 0.06228635643195812 5 5
0.6550888728518488 0.9554398212559516 0.25277377493344677 0.38746277685306063 0.41735109420879335 3 8
0.6368520590644559 0.9380633671392478 0.6234762082397229 0.39807180655897767 0.8147616641060629 7 1
0.8641705125015129 0.6585822747421852 0.4388557934545321 0.5866824680284134 0.11864679257973987 6 1
0.6368520590644559 0.9380633671392478 0.6234762082397229 0.39807180655897767 0.8147616641060629 7 1
0.9322789230445249 0.2625735548885899 0.08565691717298884 0.322707473478011 0.665738921921277 7 1
0.3008224085954442 0.3678078057698485 0.7523299440417175 0.29729506920087345 0.9492540792473967 3 8
0.9322789230445249 0.2625735548885899 0.08565691717298884 0.322707473478011 0.665738921921277 7 1
0.5751432375521426 0.9927980322490769 0.6876681831291195 0.17556439922025302 0.9157326930964648 8 8
0.8693270619789507 0.11152111490985794 0.608984270024342 0.5107721679514827 0.2700267201884967 7 2
0.4590104205495319 0.3892011090108688 0.45119661906977515 0.6606845453620322 0.7642445550697989 7 2
0.9322789230445249 0.2625735548885899 0.08565691717298884 0.322707473478011 0.665738921921277 7 1
0.9254317382913279 0.4529718610628698 0.880454915476512 0.7897391382073052 0.8664878897486586 8 4
0.9254317382913279 0.4529718610628698 0.880454915476512 0.7897391382073052 0.8664878897486586 8 4
0.27363077037270755 0.7159807931235587 0.702195794070996 0.3060445892289214 0.5654354508544832 3 1
0.6550888728518488 0.9554398212559516 0.25277377493344677 0.38746277685306063 0.41735109420879335 3 8
0.599376756223895 0.5130883205019109 0.8085556199064219 0.4764140199380311 0.06228635643195812 5 5
0.6550888728518488 0.9554398212559516 0.25277377493344677 0.38746277685306063 0.41735109420879335 3 8
0.6550888728518488 0.9554398212559516 0.25277377493344677 0.38746277685306063 0.41735109420879335 3 8
0.8641705125015129 0.6585822747421852 0.4388557934545321 0.5866824680284134 0.11864679257973987 6 1
0.6368520590644559 0.9380633671392478 0.6234762082397229 0.39807180655897767 0.8147616641060629 7 1
0.3008224085954442 0.3678078057698485 0.7523299440417175 0.29729506920087345 0.9492540792473967 3 8
0.3008224085954442 0.3678078057698485 0.7523299440417175 0.29729506920087345 0.9492540792473967 3 8
0.1512803196629331 0.10727395084769875 0.3891394238058985 0.168200548555697 0.8966070323108888 2 5
0.5751432375521426 0.9927980322490769 0.6876681831291195 0.17556439922025302 0.9157326930964648 8 8
0.29087983497849934 0.9570512159944751 0.9340747236822975 0.076085178476888 0.1593359049248334 6 7
0.9322789230445249 0.2625735548885899 0.08565691717298884 0.322707473478011 0.665738921921277 7 1
0.4590104205495319 0.3892011090108688 0.45119661906977515 0.6606845453620322 0.7642445550697989 7 2
0.27363077037270755 0.7159807931235587 0.702195794070996 0.3060445892289214 0.5654354508544832 3 1
0.9254317382913279 0.4529718610628698 0.880454915476512 0.7897391382073052 0.8664878897486586 8 4
0.6087174797620432 0.4631836076833069 0.2329323642773603 0.04165316293872179 0.5343403012178355 2 5
0.006745647236782837 0.8475490456612924 0.15907210392801108 0.11263037877739546 0.3452088810209518 3 5
0.006745647236782837 0.8475490456612924 0.15907210392801108 0.11263037877739546 0.3452088810209518 3 5
0.599376756223895 0.5130883205019109 0.8085556199064219 0.4764140199380311 0.06228635643195812 5 5
0.6550888728518488 0.9554398212559516 0.25277377493344677 0.38746277685306063 0.41735109420879335 3 8
0.8641705125015129 0.6585822747421852 0.4388557934545321 0.5866824680284134 0.11864679257973987 6 1
0.6368520590644559 0.9380633671392478 0.6234762082397229 0.39807180655897767 0.8147616641060629 7 1
0.3008224085954442 0.3678078057698485 0.7523299440417175 0.29729506920087345 0.9492540792473967 3 8
0.3008224085954442 0.3678078057698485 0.7523299440417175 0.29729506920087345 0.9492540792473967 3 8
0.9322789230445249 0.2625735548885899 0.08565691717298884 0.322707473478011 0.665738921921277 7 1
0.8693270619789507 0.11152111490985794 0.608984270024342 0.5107721679514827 0.2700267201884967 7 2
0.40591814676039306 0.4770174822955501 0.05717870683965587 0.9633073106854085 0.4641570288289516 8 4
0.9322789230445249 0.2625735548885899 0.08565691717298884 0.322707473478011 0.665738921921277 7 1
0.9322789230445249 0.2625735548885899 0.08565691717298884 0.322707473478011 0.665738921921277 7 1
0.496606403604947 0.785702501382125 0.05030879046450776 0.9882582106787541 0.30949634089092826 6 3
0.9254317382913279 0.4529718610628698 0.880454915476512 0.7897391382073052 0.8664878897486586 8 4
0.6087174797620432 0.4631836076833069 0.2329323642773603 0.04165316293872179 0.5343403012178355 2 5
0.006745647236782837 0.8475490456612924 0.15907210392801108 0.11263037877739546 0.3452088810209518 3 5
0.599376756223895 0.5130883205019109 0.8085556199064219 0.4764140199380311 0.06228635643195812 5 5
0.8641705125015129 0.6585822747421852 0.4388557934545321 0.5866824680284134 0.11864679257973987 6 1
0.6368520590644559 0.9380633671392478 0.6234762082397229 0.39807180655897767 0.8147616641060629 7 1
0.6368520590644559 0.9380633671392478 0.6234762082397229 0.39807180655897767 0.8147616641060629 7 1
0.6368520590644559 0.9380633671392478 0.6234762082397229 0.39807180655897767 0.8147616641060629 7 1
0.9322789230445249 0.2625735548885899 0.08565691717298884 0.322707473478011 0.665738921921277 7 1
0.3008224085954442 0.3678078057698485 0.7523299440417175 0.29729506920087345 0.9492540792473967 3 8
0.9322789230445249 0.2625735548885899 0.08565691717298884 0.322707473478011 0.665738921921277 7 1
0.5751432375521426 0.9927980322490769 0.6876681831291195 0.17556439922025302 0.9157326930964648 8 8
0.3314894874683818 0.9496198724489676 0.7424797790720268 0.18706494740319146 0.2316997599027656 6 3
0.9322789230445249 0.2625735548885899 0.08565691717298884 0.322707473478011 0.665738921921277 7 1
0.9322789230445249 0.2625735548885899 0.08565691717298884 0.322707473478011 0.665738921921277 7 1
0.9254317382913279 0.4529718610628698 0.880454915476512 0.7897391382073052 0.8664878897486586 8 4
0.6087174797620432 0.4631836076833069 0.2329323642773603 0.04165316293872179 0.5343403012178355 2 5
0.27363077037270755 0.7159807931235587 0.702195794070996 0.3060445892289214 0.5654354508544832 3 1
0.006745647236782837 0.8475490456612924 0.15907210392801108 0.11263037877739546 0.3452088810209518 3 5
0.599376756223895 0.5130883205019109 0.8085556199064219 0.4764140199380311 0.06228635643195812 5 5
0.6550888728518488 0.9554398212559516 0.25277377493344677 0.38746277685306063 0.41735109420879335 3 8
0.6368520590644559 0.9380633671392478 0.6234762082397229 0.39807180655897767 0.8147616641060629 7 1
0.8641705125015129 0.6585822747421852 0.4388557934545321 0.5866824680284134 0.11864679257973987 6 1
0.6368520590644559 0.9380633671392478 0.6234762082397229 0.39807180655897767 0.8147616641060629 7 1
0.9322789230445249 0.2625735548885899 0.08565691717298884 0.322707473478011 0.665738921921277 7 1
0.3008224085954442 0.3678078057698485 0.7523299440417175 0.29729506920087345 0.9492540792473967 3 8
0.1512803196629331 0.10727395084769875 0.3891394238058985 0.168200548555697 0.8966070323108888 2 5
0.3314894874683818 0.9496198724489676 0.7424797790720268 0.18706494740319146 0.2316997599027656 6 3
0.8693270619789507 0.11152111490985794 0.608984270024342 0.5107721679514827 0.2700267201884967 7 2
0.9322789230445249 0.2625735548885899 0.08565691717298884 0.322707473478011 0.665738921921277 7 1
0.9322789230445249 0.2625735548885899 0.08565691717298884 0.322707473478011 0.665738921921277 7 1
0.496606403604947 0.785702501382125 0.05030879046450776 0.9882582106787541 0.30949634089092826 6 3
0.9254317382913279 0.4529718610628698 0.880454915476512 0.7897391382073052 0.8664878897486586 8 4
0.6087174797620432 0.4631836076833069 0.2329323642773603 0.04165316293872179 0.5343403012178355 2 5
0.006745647236782837 0.8475490456612924 0.15907210392801108 0.11263037877739546 0.3452088810209518 3 5
0.599376756223895 0.5130883205019109 0.8085556199064219 0.4764140199380311 0.06228635643195812 5 5
0.8641705125015129 0.6585822747421852 0.4388557934545321 0.5866824680284134 0.11864679257973987 6 1
0.6368520590644559 0.9380633671392478 0.6234762082397229 0.39807180655897767 0.8147616641060629 7 1
0.8641705125015129 0.6585822747421852 0.4388557934545321 0.5866824680284134 0.11864679257973987 6 1
0.6368520590644559 0.9380633671392478 0.6234762082397229 0.39807180655897767 0.8147616641060629 7 1
0.3008224085954442 0.3678078057698485 0.7523299440417175 0.29729506920087345 0.9492540792473967 3 8
0.1512803196629331 0.10727395084769875 0.3891394238058985 0.168200548555697 0.8966070323108888 2 5
0.1512803196629331 0.10727395084769875 0.3891394238058985 0.168200548555697 0.8966070323108888 2 5
0.5751432375521426 0.9927980322490769 0.6876681831291195 0.17556439922025302 0.9157326930964648 8 8
0.8693270619789507 0.11152111490985794 0.608984270024342 0.5107721679514827 0.2700267201884967 7 2
0.4590104205495319 0.3892011090108688 0.45119661906977515 0.6606845453620322 0.7642445550697989 7 2
0.9322789230445249 0.2625735548885899 0.08565691717298884 0.322707473478011 0.665738921921277 7 1
0.9254317382913279 0.4529718610628698 0.880454915476512 0.7897391382073052 0.8664878897486586 8 4
0.27363077037270755 0.7159807931235587 0.702195794070996 0.3060445892289214 0.5654354508544832 3 1
0.27363077037270755 0.7159807931235587 0.702195794070996 0.3060445892289214 0.5654354508544832 3 1
0.599376756223895 0.5130883205019109 0.8085556199064219 0.4764140199380311 0.06228635643195812 5 5
0.599376756223895 0.5130883205019109 0.8085556199064219 0.4764140199380311 0.06228635643195812 5 5
0.6550888728518488 0.9554398212559516 0.25277377493344677 0.38746277685306063 0.41735109420879335 3 8
0.6368520590644559 0.9380633671392478 0.6234762082397229 0.39807180655897767 0.8147616641060629 7 1
0.8641705125015129 0.6585822747421852 0.4388557934545321 0.5866824680284134 0.11864679257973987 6 1
0.6368520590644559 0.9380633671392478 0.6234762082397229 0.39807180655897767 0.8147616641060629 7 1
0.9322789230445249 0.2625735548885899 0.08565691717298884 0.322707473478011 0.665738921921277 7 1
0.3008224085954442 0.3678078057698485 0.7523299440417175 0.29729506920087345 0.9492540792473967 3 8
0.9322789230445249 0.2625735548885899 0.08565691717298884 0.322707473478011 0.665738921921277 7 1
0.5751432375521426 0.9927980322490769 0.6876681831291195 0.17556439922025302 0.9157326930964648 8 8
0.8693270619789507 0.11152111490985794 0.608984270024342 0.5107721679514827 0.2700267201884967 7 2
0.29513598960504683 0.4090655460043109 0.39775591601396854 0.6280435410142214 0.828576105792786 7 4
0.4590104205495319 0.3892011090108688 0.45119661906977515 0.6606845453620322 0.7642445550697989 7 2
0.27363077037270755 0.7159807931235587 0.702195794070996 0.3060445892289214 0.5654354508544832 3 1
0.9254317382913279 0.4529718610628698 0.880454915476512 0.7897391382073052 0.8664878897486586 8 4
0.006745647236782837 0.8475490456612924 0.15907210392801108 0.11263037877739546 0.3452088810209518 3 5
0.006745647236782837 0.8475490456612924 0.15907210392801108 0.11263037877739546 0.3452088810209518 3 5
0.6550888728518488 0.9554398212559516 0.25277377493344677 0.38746277685306063 0.41735109420879335 3 8
0.6368520590644559 0.9380633671392478 0.6234762082397229 0.39807180655897767 0.8147616641060629 7 1
0.6368520590644559 0.9380633671392478 0.6234762082397229 0.39807180655897767 0.8147616641060629 7 1
0.8641705125015129 0.6585822747421852 0.4388557934545321 0.5866824680284134 0.11864679257973987 6 1
0.6368520590644559 0.9380633671392478 0.6234762082397229 0.39807180655897767 0.8147616641060629 7 1
0.3008224085954442 0.3678078057698485 0.7523299440417175 0.29729506920087345 0.9492540792473967 3 8
0.1512803196629331 0.10727395084769875 0.3891394238058985 0.168200548555697 0.8966070323108888 2 5
0.1512803196629331 0.10727395084769875 0.3891394238058985 0.168200548555697 0.8966070323108888 2 5
0.5751432375521426 0.9927980322490769 0.6876681831291195 0.17556439922025302 0.9157326930964648 8 8
0.29087983497849934 0.9570512159944751 0.9340747236822975 0.076085178476888 0.1593359049248334 6 7
0.4590104205495319 0.3892011090108688 0.45119661906977515 0.6606845453620322 0.7642445550697989 7 2
0.9322789230445249 0.2625735548885899 0.08565691717298884 0.322707473478011 0.665738921921277 7 1
0.9254317382913279 0.4529718610628698 0.880454915476512 0.7897391382073052 0.8664878897486586 8 4
0.27363077037270755 0.7159807931235587 0.702195794070996 0.3060445892289214 0.5654354508544832 3 1
0.27363077037270755 0.7159807931235587 0.702195794070996 0.3060445892289214 0.5654354508544832 3 1
0.599376756223895 0.5130883205019109 0.8085556199064219 0.4764140199380311 0.06228635643195812 5 5
0.599376756223895 0.5130883205019109 0.8085556199064219 0.4764140199380311 0.06228635643195812 5 5
0.8641705125015129 0.6585822747421852 0.4388557934545321 0.5866824680284134 0.11864679257973987 6 1
0.6368520590644559 0.9380633671392478 0.6234762082397229 0.39807180655897767 0.8147616641060629 7 1
0.985507086935766 0.14377565334347042 0.7816059077904209 0.9755764386012327 0.4878431559274151 6 4
0.6368520590644559 0.9380633671392478 0.6234762082397229 0.39807180655897767 0.8147616641060629 7 1
0.3008224085954442 0.3678078057698485 0.7523299440417175 0.29729506920087345 0.9492540792473967 3 8
0.3008224085954442 0.3678078057698485 0.7523299440417175 0.29729506920087345 0.9492540792473967 3 8
0.1512803196629331 0.10727395084769875 0.3891394238058985 0.168200548555697 0.8966070323108888 2 5
0.5751432375521426 0.9927980322490769 0.6876681831291195 0.17556439922025302 0.9157326930964648 8 8
0.29087983497849934 0.9570512159944751 0.9340747236822975 0.076085178476888 0.1593359049248334 6 7
0.9322789230445249 0.2625735548885899 0.08565691717298884 0.322707473478011 0.665738921921277 7 1
0.9322789230445249 0.2625735548885899 0.08565691717298884 0.322707473478011 0.665738921921277 7 1
0.496606403604947 0.785702501382125 0.05030879046450776 0.9882582106787541 0.30949634089092826 6 3
0.496606403604947 0.785702501382125 0.05030879046450776 0.9882582106787541 0.30949634089092826 6 3
0.6087174797620432 0.4631836076833069 0.2329323642773603 0.04165316293872179 0.5343403012178355 2 5
0.006745647236782837 0.8475490456612924 0.15907210392801108 0.11263037877739546 0.3452088810209518 3 5
0.599376756223895 0.5130883205019109 0.8085556199064219 0.4764140199380311 0.06228635643195812 5 5
0.8641705125015129 0.6585822747421852 0.4388557934545321 0.5866824680284134 0.11864679257973987 6 1
0.6368520590644559 0.9380633671392478 0.6234762082397229 0.39807180655897767 0.8147616641060629 7 1
0.985507086935766 0.14377565334347042 0.7816059077904209 0.9755764386012327 0.4878431559274151 6 4
0.6368520590644559 0.9380633671392478 0.6234762082397229 0.39807180655897767 0.8147616641060629 7 1
0.3008224085954442 0.3678078057698485 0.7523299440417175 0.29729506920087345 0.9492540792473967 3 8
0.1512803196629331 0.10727395084769875 0.3891394238058985 0.168200548555697 0.8966070323108888 2 5
0.1512803196629331 0.10727395084769875 0.3891394238058985 0.168200548555697 0.8966070323108888 2 5
0.8693270619789507 0.11152111490985794 0.608984270024342 0.5107721679514827 0.2700267201884967 7 2
0.9322789230445249 0.2625735548885899 0.08565691717298884 0.322707473478011 0.665738921921277 7 1
0.9322789230445249 0.2625735548885899 0.08565691717298884 0.322707473478011 0.665738921921277 7 1
0.9254317382913279 0.4529718610628698 0.880454915476512 0.7897391382073052 0.8664878897486586 8 4
0.9254317382913279 0.4529718610628698 0.880454915476512 0.7897391382073052 0.8664878897486586 8 4
0.599376756223895 0.5130883205019109 0.8085556199064219 0.4764140199380311 0.06228635643195812 5 5
0.599376756223895 0.5130883205019109 0.8085556199064219 0.4764140199380311 0.06228635643195812 5 5
0.6550888728518488 0.9554398212559516 0.25277377493344677 0.38746277685306063 0.41735109420879335 3 8
0.6550888728518488 0.9554398212559516 0.25277377493344677 0.38746277685306063 0.41735109420879335 3 8
0.8641705125015129 0.6585822747421852 0.4388557934545321 0.5866824680284134 0.11864679257973987 6 1
0.8641705125015129 0.6585822747421852 0.4388557934545321 0.5866824680284134 0.11864679257973987 6 1
0.6368520590644559 0.9380633671392478 0.6234762082397229 0.39807180655897767 0.8147616641060629 7 1
0.3008224085954442 0.3678078057698485 0.7523299440417175 0.29729506920087345 0.9492540792473967 3 8
0.3008224085954442 0.3678078057698485 0.7523299440417175 0.29729506920087345 0.9492540792473967 3 8
0.1512803196629331 0.10727395084769875 0.3891394238058985 0.168200548555697 0.8966070323108888 2 5
0.5751432375521426 0.9927980322490769 0.6876681831291195 0.17556439922025302 0.9157326930964648 8 8
0.8693270619789507 0.11152111490985794 0.608984270024342 0.5107721679514827 0.2700267201884967 7 2
0.29513598960504683 0.4090655460043109 0.39775591601396854 0.6280435410142214 0.828576105792786 7 4
0.9322789230445249 0.2625735548885899 0.08565691717298884 0.322707473478011 0.665738921921277 7 1
0.9254317382913279 0.4529718610628698 0.880454915476512 0.7897391382073052 0.8664878897486586 8 4
0.27363077037270755 0.7159807931235587 0.702195794070996 0.3060445892289214 0.5654354508544832 3 1
0.27363077037270755 0.7159807931235587 0.702195794070996 0.3060445892289214 0.5654354508544832 3 1
0.599376756223895 0.5130883205019109 0.8085556199064219 0.4764140199380311 0.06228635643195812 5 5
0.599376756223895 0.5130883205019109 0.8085556199064219 0.4764140199380311 0.06228635643195812 5 5
0.8641705125015129 0.6585822747421852 0.4388557934545321 0.5866824680284134 0.11864679257973987 6 1
0.6368520590644559 0.9380633671392478 0.6234762082397229 0.39807180655897767 0.8147616641060629 7 1
0.985507086935766 0.14377565334347042 0.7816059077904209 0.9755764386012327 0.4878431559274151 6 4
0.6368520590644559 0.9380633671392478 0.6234762082397229 0.39807180655897767 0.8147616641060629 7 1
0.3008224085954442 0.3678078057698485 0.7523299440417175 0.29729506920087345 0.9492540792473967 3 8
0.3008224085954442 0.3678078057698485 0.7523299440417175 0.29729506920087345 0.9492540792473967 3 8
0.9322789230445249 0.2625735548885899 0.08565691717298884 0.322707473478011 0.665738921921277 7 1
0.5751432375521426 0.9927980322490769 0.6876681831291195 0.17556439922025302 0.9157326930964648 8 8
0.29087983497849934 0.9570512159944751 0.9340747236822975 0.076085178476888 0.1593359049248334 6 7
0.9322789230445249 0.2625735548885899 0.08565691717298884 0.322707473478011 0.665738921921277 7 1
0.496606403604947 0.785702501382125 0.05030879046450776 0.9882582106787541 0.30949634089092826 6 3
0.9254317382913279 0.4529718610628698 0.880454915476512 0.7897391382073052 0.8664878897486586 8 4
0.496606403604947 0.785702501382125 0.05030879046450776 0.9882582106787541 0.30949634089092826 6 3
0.6087174797620432 0.4631836076833069 0.2329323642773603 0.04165316293872179 0.5343403012178355 2 5
0.006745647236782837 0.8475490456612924 0.15907210392801108 0.11263037877739546 0.3452088810209518 3 5
0.599376756223895 0.5130883205019109 0.8085556199064219 0.4764140199380311 0.06228635643195812 5 5
0.8641705125015129 0.6585822747421852 0.4388557934545321 0.5866824680284134 0.11864679257973987 6 1
0.6368520590644559 0.9380633671392478 0.6234762082397229 0.39807180655897767 0.8147616641060629 7 1
0.985507086935766 0.14377565334347042 0.7816059077904209 0.9755764386012327 0.4878431559274151 6 4
0.6368520590644559 0.9380633671392478 0.6234762082397229 0.39807180655897767 0.8147616641060629 7 1
0.3008224085954442 0.3678078057698485 0.7523299440417175 0.29729506920087345 0.9492540792473967 3 8
0.1512803196629331 0.10727395084769875 0.3891394238058985 0.168200548555697 0.8966070323108888 2 5
0.1512803196629331 0.10727395084769875 0.3891394238058985 0.168200548555697 0.8966070323108888 2 5
0.8693270619789507 0.11152111490985794 0.608984270024342 0.5107721679514827 0.2700267201884967 7 2
0.40591814676039306 0.4770174822955501 0.05717870683965587 0.9633073106854085 0.4641570288289516 8 4
0.9322789230445249 0.2625735548885899 0.08565691717298884 0.322707473478011 0.665738921921277 7 1
0.4590104205495319 0.3892011090108688 0.45119661906977515 0.6606845453620322 0.7642445550697989 7 2
0.9254317382913279 0.4529718610628698 0.880454915476512 0.7897391382073052 0.8664878897486586 8 4
0.9254317382913279 0.4529718610628698 0.880454915476512 0.7897391382073052 0.8664878897486586 8 4
0.27363077037270755 0.7159807931235587 0.702195794070996 0.3060445892289214 0.5654354508544832 3 1
0.006745647236782837 0.8475490456612924 0.15907210392801108 0.11263037877739546 0.3452088810209518 3 5
0.6550888728518488 0.9554398212559516 0.25277377493344677 0.38746277685306063 0.41735109420879335 3 8
0.6368520590644559 0.9380633671392478 0.6234762082397229 0.39807180655897767 0.8147616641060629 7 1
0.6368520590644559 0.9380633671392478 0.6234762082397229 0.39807180655897767 0.8147616641060629 7 1
0.985507086935766 0.14377565334347042 0.7816059077904209 0.9755764386012327 0.4878431559274151 6 4
0.6368520590644559 0.9380633671392478 0.6234762082397229 0.39807180655897767 0.8147616641060629 7 1
0.3008224085954442 0.3678078057698485 0.7523299440417175 0.29729506920087345 0.9492540792473967 3 8
0.1512803196629331 0.10727395084769875 0.3891394238058985 0.168200548555697 0.8966070323108888 2 5
0.1512803196629331 0.10727395084769875 0.3891394238058985 0.168200548555697 0.8966070323108888 2 5
0.5751432375521426 0.9927980322490769 0.6876681831291195 0.17556439922025302 0.9157326930964648 8 8
0.29087983497849934 0.9570512159944751 0.9340747236822975 0.076085178476888 0.1593359049248334 6 7
0.4590104205495319 0.3892011090108688 0.45119661906977515 0.6606845453620322 0.7642445550697989 7 2
0.9322789230445249 0.2625735548885899 0.08565691717298884 0.322707473478011 0.665738921921277 7 1
0.9254317382913279 0.4529718610628698 0.880454915476512 0.7897391382073052 0.8664878897486586 8 4
0.6087174797620432 0.4631836076833069 0.2329323642773603 0.04165316293872179 0.5343403012178355 2 5
0.27363077037270755 0.7159807931235587 0.702195794070996 0.3060445892289214 0.5654354508544832 3 1
0.006745647236782837 0.8475490456612924 0.15907210392801108 0.11263037877739546 0.3452088810209518 3 5
0.599376756223895 0.5130883205019109 0.8085556199064219 0.4764140199380311 0.06228635643195812 5 5
0.6550888728518488 0.9554398212559516 0.25277377493344677 0.38746277685306063 0.41735109420879335 3 8
0.6368520590644559 0.9380633671392478 0.6234762082397229 0.39807180655897767 0.8147616641060629 7 1
0.8641705125015129 0.6585822747421852 0.4388557934545321 0.5866824680284134 0.11864679257973987 6 1
0.6368520590644559 0.9380633671392478 0.6234762082397229 0.39807180655897767 0.8147616641060629 7 1
0.9322789230445249 0.2625735548885899 0.08565691717298884 0.322707473478011 0.665738921921277 7 1
0.3008224085954442 0.3678078057698485 0.7523299440417175 0.29729506920087345 0.9492540792473967 3 8
0.1512803196629331 0.10727395084769875 0.3891394238058985 0.168200548555697 0.8966070323108888 2 5
0.5751432375521426 0.9927980322490769 0.6876681831291195 0.17556439922025302 0.9157326930964648 8 8
0.8693270619789507 0.11152111490985794 0.608984270024342 0.5107721679514827 0.2700267201884967 7 2
0.4590104205495319 0.3892011090108688 0.45119661906977515 0.6606845453620322 0.7642445550697989 7 2
0.9322789230445249 0.2625735548885899 0.08565691717298884 0.322707473478011 0.665738921921277 7 1
0.27363077037270755 0.7159807931235587 0.702195794070996 0.3060445892289214 0.5654354508544832 3 1
0.9254317382913279 0.4529718610628698 0.880454915476512 0.7897391382073052 0.8664878897486586 8 4
0.006745647236782837 0.8475490456612924 0.15907210392801108 0.11263037877739546 0.3452088810209518 3 5
0.006745647236782837 0.8475490456612924 0.15907210392801108 0.11263037877739546 0.3452088810209518 3 5
0.599376756223895 0.5130883205019109 0.8085556199064219 0.4764140199380311 0.06228635643195812 5 5
0.8641705125015129 0.6585822747421852 0.4388557934545321 0.5866824680284134 0.11864679257973987 6 1
0.6368520590644559 0.9380633671392478 0.6234762082397229 0.39807180655897767 0.8147616641060629 7 1
0.985507086935766 0.14377565334347042 0.7816059077904209 0.9755764386012327 0.4878431559274151 6 4
0.6368520590644559 0.9380633671392478 0.6234762082397229 0.39807180655897767 0.8147616641060629 7 1
0.3008224085954442 0.3678078057698485 0.7523299440417175 0.29729506920087345 0.9492540792473967 3 8
0.3008224085954442 0.3678078057698485 0.7523299440417175 0.29729506920087345 0.9492540792473967 3 8
0.9322789230445249 0.2625735548885899 0.08565691717298884 0.322707473478011 0.665738921921277 7 1
0.5751432375521426 0.9927980322490769 0.6876681831291195 0.17556439922025302 0.9157326930964648 8 8
0.29087983497849934 0.9570512159944751 0.9340747236822975 0.076085178476888 0.1593359049248334 6 7
0.9322789230445249 0.2625735548885899 0.08565691717298884 0.322707473478011 0.665738921921277 7 1
0.9322789230445249 0.2625735548885899 0.08565691717298884 0.322707473478011 0.665738921921277 7 1
0.9254317382913279 0.4529718610628698 0.880454915476512 0.7897391382073052 0.8664878897486586 8 4
0.9254317382913279 0.4529718610628698 0.880454915476512 0.7897391382073052 0.8664878897486586 8 4
0.599376756223895 0.5130883205019109 0.8085556199064219 0.4764140199380311 0.06228635643195812 5 5
0.599376756223895 0.5130883205019109 0.8085556199064219 0.4764140199380311 0.06228635643195812 5 5
0.599376756223895 0.5130883205019109 0.8085556199064219 0.4764140199380311 0.06228635643195812 5 5
0.6550888728518488 0.9554398212559516 0.25277377493344677 0.38746277685306063 0.41735109420879335 3 8
0.8641705125015129 0.6585822747421852 0.4388557934545321 0.5866824680284134 0.11864679257973987 6 1
0.8641705125015129 0.6585822747421852 0.4388557934545321 0.5866824680284134 0.11864679257973987 6 1
0.6368520590644559 0.9380633671392478 0.6234762082397229 0.39807180655897767 0.8147616641060629 7 1
0.9790114400857047 0.8670555418459294 0.8512802692723451 0.4405149181220801 0.4841789243106318 1 4
0.3008224085954442 0.3678078057698485 0.7523299440417175 0.29729506920087345 0.9492540792473967 3 8
0.1512803196629331 0.10727395084769875 0.3891394238058985 0.168200548555697 0.8966070323108888 2 5
0.5751432375521426 0.9927980322490769 0.6876681831291195 0.17556439922025302 0.9157326930964648 8 8
0.8693270619789507 0.11152111490985794 0.608984270024342 0.5107721679514827 0.2700267201884967 7 2
0.4590104205495319 0.3892011090108688 0.45119661906977515 0.6606845453620322 0.7642445550697989 7 2
0.9322789230445249 0.2625735548885899 0.08565691717298884 0.322707473478011 0.665738921921277 7 1
0.27363077037270755 0.7159807931235587 0.702195794070996 0.3060445892289214 0.5654354508544832 3 1
0.27363077037270755 0.7159807931235587 0.702195794070996 0.3060445892289214 0.5654354508544832 3 1
0.27363077037270755 0.7159807931235587 0.702195794070996 0.3060445892289214 0.5654354508544832 3 1
0.006745647236782837 0.8475490456612924 0.15907210392801108 0.11263037877739546 0.3452088810209518 3 5
0.6550888728518488 0.9554398212559516 0.25277377493344677 0.38746277685306063 0.41735109420879335 3 8
0.6368520590644559 0.9380633671392478 0.6234762082397229 0.39807180655897767 0.8147616641060629 7 1
0.6368520590644559 0.9380633671392478 0.6234762082397229 0.39807180655897767 0.8147616641060629 7 1
0.985507086935766 0.14377565334347042 0.7816059077904209 0.9755764386012327 0.4878431559274151 6 4
0.6368520590644559 0.9380633671392478 0.6234762082397229 0.39807180655897767 0.8147616641060629 7 1
0.3008224085954442 0.3678078057698485 0.7523299440417175 0.29729506920087345 0.9492540792473967 3 8
0.1512803196629331 0.10727395084769875 0.3891394238058985 0.168200548555697 0.8966070323108888 2 5
0.1512803196629331 0.10727395084769875 0.3891394238058985 0.168200548555697 0.8966070323108888 2 5
0.1512803196629331 0.10727395084769875 0.3891394238058985 0.168200548555697 0.8966070323108888 2 5
0.8693270619789507 0.11152111490985794 0.608984270024342 0.5107721679514827 0.2700267201884967 7 2
0.4590104205495319 0.3892011090108688 0.45119661906977515 0.6606845453620322 0.7642445550697989 7 2
0.27363077037270755 0.7159807931235587 0.702195794070996 0.3060445892289214 0.5654354508544832 3 1
0.27363077037270755 0.7159807931235587 0.702195794070996 0.3060445892289214 0.5654354508544832 3 1
0.6087174797620432 0.4631836076833069 0.2329323642773603 0.04165316293872179 0.5343403012178355 2 5
0.006745647236782837 0.8475490456612924 0.15907210392801108 0.11263037877739546 0.3452088810209518 3 5
0.599376756223895 0.5130883205019109 0.8085556199064219 0.4764140199380311 0.06228635643195812 5 5
0.8641705125015129 0.6585822747421852 0.4388557934545321 0.5866824680284134 0.11864679257973987 6 1
0.6368520590644559 0.9380633671392478 0.6234762082397229 0.39807180655897767 0.8147616641060629 7 1
0.6368520590644559 0.9380633671392478 0.6234762082397229 0.39807180655897767 0.8147616641060629 7 1
0.6368520590644559 0.9380633671392478 0.6234762082397229 0.39807180655897767 0.8147616641060629 7 1
0.9322789230445249 0.2625735548885899 0.08565691717298884 0.322707473478011 0.665738921921277 7 1
0.3008224085954442 0.3678078057698485 0.7523299440417175 0.29729506920087345 0.9492540792473967 3 8
0.9322789230445249 0.2625735548885899 0.08565691717298884 0.322707473478011 0.665738921921277 7 1
0.5751432375521426 0.9927980322490769 0.6876681831291195 0.17556439922025302 0.9157326930964648 8 8
0.3314894874683818 0.9496198724489676 0.7424797790720268 0.18706494740319146 0.2316997599027656 6 3
0.29513598960504683 0.4090655460043109 0.39775591601396854 0.6280435410142214 0.828576105792786 7 4
0.9322789230445249 0.2625735548885899 0.08565691717298884 0.322707473478011 0.665738921921277 7 1
0.27363077037270755 0.7159807931235587 0.702195794070996 0.3060445892289214 0.5654354508544832 3 1
0.9254317382913279 0.4529718610628698 0.880454915476512 0.7897391382073052 0.8664878897486586 8 4
0.6087174797620432 0.4631836076833069 0.2329323642773603 0.04165316293872179 0.5343403012178355 2 5
0.006745647236782837 0.8475490456612924 0.15907210392801108 0.11263037877739546 0.3452088810209518 3 5
0.6550888728518488 0.9554398212559516 0.25277377493344677 0.38746277685306063 0.41735109420879335 3 8
0.599376756223895 0.5130883205019109 0.8085556199064219 0.4764140199380311 0.06228635643195812 5 5
0.6550888728518488 0.9554398212559516 0.25277377493344677 0.38746277685306063 0.41735109420879335 3 8
0.8641705125015129 0.6585822747421852 0.4388557934545321 0.5866824680284134 0.11864679257973987 6 1
0.6368520590644559 0.9380633671392478 0.6234762082397229 0.39807180655897767 0.8147616641060629 7 1
0.3008224085954442 0.3678078057698485 0.7523299440417175 0.29729506920087345 0.9492540792473967 3 8
0.1512803196629331 0.10727395084769875 0.3891394238058985 0.168200548555697 0.8966070323108888 2 5
0.9322789230445249 0.2625735548885899 0.08565691717298884 0.322707473478011 0.665738921921277 7 1
0.5751432375521426 0.9927980322490769 0.6876681831291195 0.17556439922025302 0.9157326930964648 8 8
0.8693270619789507 0.11152111490985794 0.608984270024342 0.5107721679514827 0.2700267201884967 7 2
0.1816589070276905 0.3233874227189113 0.09088166940477949 0.7198079245175386 0.9903973992060211 1 5
0.4590104205495319 0.3892011090108688 0.45119661906977515 0.6606845453620322 0.7642445550697989 7 2
0.9322789230445249 0.2625735548885899 0.08565691717298884 0.322707473478011 0.665738921921277 7 1
0.9254317382913279 0.4529718610628698 0.880454915476512 0.7897391382073052 0.8664878897486586 8 4
0.6087174797620432 0.4631836076833069 0.2329323642773603 0.04165316293872179 0.5343403012178355 2 5
0.27363077037270755 0.7159807931235587 0.702195794070996 0.3060445892289214 0.5654354508544832 3 1
0.006745647236782837 0.8475490456612924 0.15907210392801108 0.11263037877739546 0.3452088810209518 3 5
0.599376756223895 0.5130883205019109 0.8085556199064219 0.4764140199380311 0.06228635643195812 5 5
0.6550888728518488 0.9554398212559516 0.25277377493344677 0.38746277685306063 0.41735109420879335 3 8
0.6368520590644559 0.9380633671392478 0.6234762082397229 0.39807180655897767 0.8147616641060629 7 1
0.8641705125015129 0.6585822747421852 0.4388557934545321 0.5866824680284134 0.11864679257973987 6 1
0.6368520590644559 0.9380633671392478 0.6234762082397229 0.39807180655897767 0.8147616641060629 7 1
0.9322789230445249 0.2625735548885899 0.08565691717298884 0.322707473478011 0.665738921921277 7 1
0.3008224085954442 0.3678078057698485 0.7523299440417175 0.29729506920087345 0.9492540792473967 3 8
0.1512803196629331 0.10727395084769875 0.3891394238058985 0.168200548555697 0.8966070323108888 2 5
0.5751432375521426 0.9927980322490769 0.6876681831291195 0.17556439922025302 0.9157326930964648 8 8
0.8693270619789507 0.11152111490985794 0.608984270024342 0.5107721679514827 0.2700267201884967 7 2
0.4590104205495319 0.3892011090108688 0.45119661906977515 0.6606845453620322 0.7642445550697989 7 2
0.9322789230445249 0.2625735548885899 0.08565691717298884 0.322707473478011 0.665738921921277 7 1
0.27363077037270755 0.7159807931235587 0.702195794070996 0.3060445892289214 0.5654354508544832 3 1
0.9254317382913279 0.4529718610628698 0.880454915476512 0.7897391382073052 0.8664878897486586 8 4
0.006745647236782837 0.8475490456612924 0.15907210392801108 0.11263037877739546 0.3452088810209518 3 5
0.006745647236782837 0.8475490456612924 0.15907210392801108 0.11263037877739546 0.3452088810209518 3 5
0.6550888728518488 0.9554398212559516 0.25277377493344677 0.38746277685306063 0.41735109420879335 3 8
0.6368520590644559 0.9380633671392478 0.6234762082397229 0.39807180655897767 0.8147616641060629 7 1
0.6368520590644559 0.9380633671392478 0.6234762082397229 0.39807180655897767 0.8147616641060629 7 1
0.6368520590644559 0.9380633671392478 0.6234762082397229 0.39807180655897767 0.8147616641060629 7 1
0.6368520590644559 0.9380633671392478 0.6234762082397229 0.39807180655897767 0.8147616641060629 7 1
0.3008224085954442 0.3678078057698485 0.7523299440417175 0.29729506920087345 0.9492540792473967 3 8
0.1512803196629331 0.10727395084769875 0.3891394238058985 0.168200548555697 0.8966070323108888 2 5
0.1512803196629331 0.10727395084769875 0.3891394238058985 0.168200548555697 0.8966070323108888 2 5
0.9322789230445249 0.2625735548885899 0.08565691717298884 0.322707473478011 0.665738921921277 7 1
0.9322789230445249 0.2625735548885899 0.08565691717298884 0.322707473478011 0.665738921921277 7 1
0.29513598960504683 0.4090655460043109 0.39775591601396854 0.6280435410142214 0.828576105792786 7 4
0.9322789230445249 0.2625735548885899 0.08565691717298884 0.322707473478011 0.665738921921277 7 1
0.9254317382913279 0.4529718610628698 0.880454915476512 0.7897391382073052 0.8664878897486586 8 4
0.6087174797620432 0.4631836076833069 0.2329323642773603 0.04165316293872179 0.5343403012178355 2 5
0.27363077037270755 0.7159807931235587 0.702195794070996 0.3060445892289214 0.5654354508544832 3 1
0.006745647236782837 0.8475490456612924 0.15907210392801108 0.11263037877739546 0.3452088810209518 3 5
0.599376756223895 0.5130883205019109 0.8085556199064219 0.4764140199380311 0.06228635643195812 5 5
0.6550888728518488 0.9554398212559516 0.25277377493344677 0.38746277685306063 0.41735109420879335 3 8
0.6368520590644559 0.9380633671392478 0.6234762082397229 0.39807180655897767 0.8147616641060629 7 1
0.8641705125015129 0.6585822747421852 0.4388557934545321 0.5866824680284134 0.11864679257973987 6 1
0.6368520590644559 0.9380633671392478 0.6234762082397229 0.39807180655897767 0.8147616641060629 7 1
0.9322789230445249 0.2625735548885899 0.08565691717298884 0.322707473478011 0.665738921921277 7 1
0.3008224085954442 0.3678078057698485 0.7523299440417175 0.29729506920087345 0.9492540792473967 3 8
0.9322789230445249 0.2625735548885899 0.08565691717298884 0.322707473478011 0.665738921921277 7 1
0.5751432375521426 0.9927980322490769 0.6876681831291195 0.17556439922025302 0.9157326930964648 8 8
0.29087983497849934 0.9570512159944751 0.9340747236822975 0.076085178476888 0.1593359049248334 6 7
0.4590104205495319 0.3892011090108688 0.45119661906977515 0.6606845453620322 0.7642445550697989 7 2
0.9322789230445249 0.2625735548885899 0.08565691717298884 0.322707473478011 0.665738921921277 7 1
0.27363077037270755 0.7159807931235587 0.702195794070996 0.3060445892289214 0.5654354508544832 3 1
0.9254317382913279 0.4529718610628698 0.880454915476512 0.7897391382073052 0.8664878897486586 8 4
0.006745647236782837 0.8475490456612924 0.15907210392801108 0.11263037877739546 0.3452088810209518 3 5
0.006745647236782837 0.8475490456612924 0.15907210392801108 0.11263037877739546 0.3452088810209518 3 5
0.006745647236782837 0.8475490456612924 0.15907210392801108 0.11263037877739546 0.3452088810209518 3 5
0.6368520590644559 0.9380633671392478 0.6234762082397229 0.39807180655897767 0.8147616641060629 7 1
0.6368520590644559 0.9380633671392478 0.6234762082397229 0.39807180655897767 0.8147616641060629 7 1
0.6368520590644559 0.9380633671392478 0.6234762082397229 0.39807180655897767 0.8147616641060629 7 1
0.6368520590644559 0.9380633671392478 0.6234762082397229 0.39807180655897767 0.8147616641060629 7 1
0.3008224085954442 0.3678078057698485 0.7523299440417175 0.29729506920087345 0.9492540792473967 3 8
0.3008224085954442 0.3678078057698485 0.7523299440417175 0.29729506920087345 0.9492540792473967 3 8
0.9322789230445249 0.2625735548885899 0.08565691717298884 0.322707473478011 0.665738921921277 7 1
0.9322789230445249 0.2625735548885899 0.08565691717298884 0.322707473478011 0.665738921921277 7 1
0.9322789230445249 0.2625735548885899 0.08565691717298884 0.322707473478011 0.665738921921277 7 1
0.9322789230445249 0.2625735548885899 0.08565691717298884 0.322707473478011 0.665738921921277 7 1
0.4590104205495319 0.3892011090108688 0.45119661906977515 0.6606845453620322 0.7642445550697989 7 2
0.9254317382913279 0.4529718610628698 0.880454915476512 0.7897391382073052 0.8664878897486586 8 4
0.9254317382913279 0.4529718610628698 0.880454915476512 0.7897391382073052 0.8664878897486586 8 4
0.27363077037270755 0.7159807931235587 0.702195794070996 0.3060445892289214 0.5654354508544832 3 1
0.006745647236782837 0.8475490456612924 0.15907210392801108 0.11263037877739546 0.3452088810209518 3 5
0.599376756223895 0.5130883205019109 0.8085556199064219 0.4764140199380311 0.06228635643195812 5 5
0.8641705125015129 0.6585822747421852 0.4388557934545321 0.5866824680284134 0.11864679257973987 6 1
0.6550888728518488 0.9554398212559516 0.25277377493344677 0.38746277685306063 0.41735109420879335 3 8
0.8641705125015129 0.6585822747421852 0.4388557934545321 0.5866824680284134 0.11864679257973987 6 1
0.6368520590644559 0.9380633671392478 0.6234762082397229 0.39807180655897767 0.8147616641060629 7 1
0.3008224085954442 0.3678078057698485 0.7523299440417175 0.29729506920087345 0.9492540792473967 3 8
0.3008224085954442 0.3678078057698485 0.7523299440417175 0.29729506920087345 0.9492540792473967 3 8
0.9322789230445249 0.2625735548885899 0.08565691717298884 0.322707473478011 0.665738921921277 7 1
0.8693270619789507 0.11152111490985794 0.608984270024342 0.5107721679514827 0.2700267201884967 7 2
0.29087983497849934 0.9570512159944751 0.9340747236822975 0.076085178476888 0.1593359049248334 6 7
0.29513598960504683 0.4090655460043109 0.39775591601396854 0.6280435410142214 0.828576105792786 7 4
0.9322789230445249 0.2625735548885899 0.08565691717298884 0.322707473478011 0.665738921921277 7 1
0.27363077037270755 0.7159807931235587 0.702195794070996 0.3060445892289214 0.5654354508544832 3 1
0.9254317382913279 0.4529718610628698 0.880454915476512 0.7897391382073052 0.8664878897486586 8 4
0.6087174797620432 0.4631836076833069 0.2329323642773603 0.04165316293872179 0.5343403012178355 2 5
0.006745647236782837 0.8475490456612924 0.15907210392801108 0.11263037877739546 0.3452088810209518 3 5
0.599376756223895 0.5130883205019109 0.8085556199064219 0.4764140199380311 0.06228635643195812 5 5
0.6550888728518488 0.9554398212559516 0.25277377493344677 0.38746277685306063 0.41735109420879335 3 8
0.6368520590644559 0.9380633671392478 0.6234762082397229 0.39807180655897767 0.8147616641060629 7 1
0.8641705125015129 0.6585822747421852 0.4388557934545321 0.5866824680284134 0.11864679257973987 6 1
0.6368520590644559 0.9380633671392478 0.6234762082397229 0.39807180655897767 0.8147616641060629 7 1
0.3008224085954442 0.3678078057698485 0.7523299440417175 0.29729506920087345 0.9492540792473967 3 8
0.1512803196629331 0.10727395084769875 0.3891394238058985 0.168200548555697 0.8966070323108888 2 5
0.9322789230445249 0.2625735548885899 0.08565691717298884 0.322707473478011 0.665738921921277 7 1
0.5751432375521426 0.9927980322490769 0.6876681831291195 0.17556439922025302 0.9157326930964648 8 8
0.8693270619789507 0.11152111490985794 0.608984270024342 0.5107721679514827 0.2700267201884967 7 2
0.1816589070276905 0.3233874227189113 0.09088166940477949 0.7198079245175386 0.9903973992060211 1 5
0.4590104205495319 0.3892011090108688 0.45119661906977515 0.6606845453620322 0.7642445550697989 7 2
0.9322789230445249 0.2625735548885899 0.08565691717298884 0.322707473478011 0.665738921921277 7 1
0.27363077037270755 0.7159807931235587 0.702195794070996 0.3060445892289214 0.5654354508544832 3 1
0.9254317382913279 0.4529718610628698 0.880454915476512 0.7897391382073052 0.8664878897486586 8 4
0.006745647236782837 0.8475490456612924 0.15907210392801108 0.11263037877739546 0.3452088810209518 3 5
0.006745647236782837 0.8475490456612924 0.15907210392801108 0.11263037877739546 0.3452088810209518 3 5
0.6550888728518488 0.9554398212559516 0.25277377493344677 0.38746277685306063 0.41735109420879335 3 8
0.6368520590644559 0.9380633671392478 0.6234762082397229 0.39807180655897767 0.8147616641060629 7 1
0.6368520590644559 0.9380633671392478 0.6234762082397229 0.39807180655897767 0.8147616641060629 7 1
0.985507086935766 0.14377565334347042 0.7816059077904209 0.9755764386012327 0.4878431559274151 6 4
0.6368520590644559 0.9380633671392478 0.6234762082397229 0.39807180655897767 0.8147616641060629 7 1
0.3008224085954442 0.3678078057698485 0.7523299440417175 0.29729506920087345 0.9492540792473967 3 8
0.1512803196629331 0.10727395084769875 0.3891394238058985 0.168200548555697 0.8966070323108888 2 5
0.1512803196629331 0.10727395084769875 0.3891394238058985 0.168200548555697 0.8966070323108888 2 5
0.9322789230445249 0.2625735548885899 0.08565691717298884 0.322707473478011 0.665738921921277 7 1
0.9322789230445249 0.2625735548885899 0.08565691717298884 0.322707473478011 0.665738921921277 7 1
0.8564542393935708 0.9725710284536029 0.7410323330006897 0.5959086159855347 0.5292470385890714 4 4
0.9322789230445249 0.2625735548885899 0.08565691717298884 0.322707473478011 0.665738921921277 7 1
0.496606403604947 0.785702501382125 0.05030879046450776 0.9882582106787541 0.30949634089092826 6 3
0.9254317382913279 0.4529718610628698 0.880454915476512 0.7897391382073052 0.8664878897486586 8 4
0.6087174797620432 0.4631836076833069 0.2329323642773603 0.04165316293872179 0.5343403012178355 2 5
0.006745647236782837 0.8475490456612924 0.15907210392801108 0.11263037877739546 0.3452088810209518 3 5
0.599376756223895 0.5130883205019109 0.8085556199064219 0.4764140199380311 0.06228635643195812 5 5
0.8641705125015129 0.6585822747421852 0.4388557934545321 0.5866824680284134 0.11864679257973987 6 1
0.6368520590644559 0.9380633671392478 0.6234762082397229 0.39807180655897767 0.8147616641060629 7 1
0.8641705125015129 0.6585822747421852 0.4388557934545321 0.5866824680284134 0.11864679257973987 6 1
0.6368520590644559 0.9380633671392478 0.6234762082397229 0.39807180655897767 0.8147616641060629 7 1
0.6368520590644559 0.9380633671392478 0.6234762082397229 0.39807180655897767 0.8147616641060629 7 1
0.1512803196629331 0.10727395084769875 0.3891394238058985 0.168200548555697 0.8966070323108888 2 5
0.9322789230445249 0.2625735548885899 0.08565691717298884 0.322707473478011 0.665738921921277 7 1
0.3314894874683818 0.9496198724489676 0.7424797790720268 0.18706494740319146 0.2316997599027656 6 3
0.29087983497849934 0.9570512159944751 0.9340747236822975 0.076085178476888 0.1593359049248334 6 7
0.4590104205495319 0.3892011090108688 0.45119661906977515 0.6606845453620322 0.7642445550697989 7 2
0.9322789230445249 0.2625735548885899 0.08565691717298884 0.322707473478011 0.665738921921277 7 1
0.9254317382913279 0.4529718610628698 0.880454915476512 0.7897391382073052 0.8664878897486586 8 4
0.27363077037270755 0.7159807931235587 0.702195794070996 0.3060445892289214 0.5654354508544832 3 1
0.27363077037270755 0.7159807931235587 0.702195794070996 0.3060445892289214 0.5654354508544832 3 1
0.599376756223895 0.5130883205019109 0.8085556199064219 0.4764140199380311 0.06228635643195812 5 5
0.599376756223895 0.5130883205019109 0.8085556199064219 0.4764140199380311 0.06228635643195812 5 5
0.8641705125015129 0.6585822747421852 0.4388557934545321 0.5866824680284134 0.11864679257973987 6 1
0.6368520590644559 0.9380633671392478 0.6234762082397229 0.39807180655897767 0.8147616641060629 7 1
0.985507086935766 0.14377565334347042 0.7816059077904209 0.9755764386012327 0.4878431559274151 6 4
0.6368520590644559 0.9380633671392478 0.6234762082397229 0.39807180655897767 0.8147616641060629 7 1
0.3008224085954442 0.3678078057698485 0.7523299440417175 0.29729506920087345 0.9492540792473967 3 8
0.3008224085954442 0.3678078057698485 0.7523299440417175 0.29729506920087345 0.9492540792473967 3 8
0.9322789230445249 0.2625735548885899 0.08565691717298884 0.322707473478011 0.665738921921277 7 1
0.5751432375521426 0.9927980322490769 0.6876681831291195 0.17556439922025302 0.9157326930964648 8 8
0.29087983497849934 0.9570512159944751 0.9340747236822975 0.076085178476888 0.1593359049248334 6 7
0.4590104205495319 0.3892011090108688 0.45119661906977515 0.6606845453620322 0.7642445550697989 7 2
0.9322789230445249 0.2625735548885899 0.08565691717298884 0.322707473478011 0.665738921921277 7 1
0.9254317382913279 0.4529718610628698 0.880454915476512 0.7897391382073052 0.8664878897486586 8 4
0.9254317382913279 0.4529718610628698 0.880454915476512 0.7897391382073052 0.8664878897486586 8 4
0.6087174797620432 0.4631836076833069 0.2329323642773603 0.04165316293872179 0.5343403012178355 2 5
0.6550888728518488 0.9554398212559516 0.25277377493344677 0.38746277685306063 0.41735109420879335 3 8
0.599376756223895 0.5130883205019109 0.8085556199064219 0.4764140199380311 0.06228635643195812 5 5
0.599376756223895 0.5130883205019109 0.8085556199064219 0.4764140199380311 0.06228635643195812 5 5
0.6550888728518488 0.9554398212559516 0.25277377493344677 0.38746277685306063 0.41735109420879335 3 8
0.8641705125015129 0.6585822747421852 0.4388557934545321 0.5866824680284134 0.11864679257973987 6 1
0.6368520590644559 0.9380633671392478 0.6234762082397229 0.39807180655897767 0.8147616641060629 7 1
0.3008224085954442 0.3678078057698485 0.7523299440417175 0.29729506920087345 0.9492540792473967 3 8
0.3008224085954442 0.3678078057698485 0.7523299440417175 0.29729506920087345 0.9492540792473967 3 8
0.1512803196629331 0.10727395084769875 0.3891394238058985 0.168200548555697 0.8966070323108888 2 5
0.8693270619789507 0.11152111490985794 0.608984270024342 0.5107721679514827 0.2700267201884967 7 2
0.29087983497849934 0.9570512159944751 0.9340747236822975 0.076085178476888 0.1593359049248334 6 7
0.4590104205495319 0.3892011090108688 0.45119661906977515 0.6606845453620322 0.7642445550697989 7 2
0.4590104205495319 0.3892011090108688 0.45119661906977515 0.6606845453620322 0.7642445550697989 7 2
0.496606403604947 0.785702501382125 0.05030879046450776 0.9882582106787541 0.30949634089092826 6 3
0.27363077037270755 0.7159807931235587 0.702195794070996 0.3060445892289214 0.5654354508544832 3 1
0.27363077037270755 0.7159807931235587 0.702195794070996 0.3060445892289214 0.5654354508544832 3 1
0.006745647236782837 0.8475490456612924 0.15907210392801108 0.11263037877739546 0.3452088810209518 3 5
0.599376756223895 0.5130883205019109 0.8085556199064219 0.4764140199380311 0.06228635643195812 5 5
0.6550888728518488 0.9554398212559516 0.25277377493344677 0.38746277685306063 0.41735109420879335 3 8
0.6550888728518488 0.9554398212559516 0.25277377493344677 0.38746277685306063 0.41735109420879335 3 8
0.985507086935766 0.14377565334347042 0.7816059077904209 0.9755764386012327 0.4878431559274151 6 4
0.6368520590644559 0.9380633671392478 0.6234762082397229 0.39807180655897767 0.8147616641060629 7 1
0.3008224085954442 0.3678078057698485 0.7523299440417175 0.29729506920087345 0.9492540792473967 3 8
0.3008224085954442 0.3678078057698485 0.7523299440417175 0.29729506920087345 0.9492540792473967 3 8
0.8693270619789507 0.11152111490985794 0.608984270024342 0.5107721679514827 0.2700267201884967 7 2
0.29087983497849934 0.9570512159944751 0.9340747236822975 0.076085178476888 0.1593359049248334 6 7
0.11129980911297532 0.8157890219157337 0.7388626253661998 0.9573909297768162 0.6419719861302597 6 8
0.27363077037270755 0.7159807931235587 0.702195794070996 0.3060445892289214 0.5654354508544832 3 1
0.496606403604947 0.785702501382125 0.05030879046450776 0.9882582106787541 0.30949634089092826 6 3
0.9254317382913279 0.4529718610628698 0.880454915476512 0.7897391382073052 0.8664878897486586 8 4
0.496606403604947 0.785702501382125 0.05030879046450776 0.9882582106787541 0.30949634089092826 6 3
0.6087174797620432 0.4631836076833069 0.2329323642773603 0.04165316293872179 0.5343403012178355 2 5
0.599376756223895 0.5130883205019109 0.8085556199064219 0.4764140199380311 0.06228635643195812 5 5
0.8641705125015129 0.6585822747421852 0.4388557934545321 0.5866824680284134 0.11864679257973987 6 1
0.6368520590644559 0.9380633671392478 0.6234762082397229 0.39807180655897767 0.8147616641060629 7 1
0.6368520590644559 0.9380633671392478 0.6234762082397229 0.39807180655897767 0.8147616641060629 7 1
0.6368520590644559 0.9380633671392478 0.6234762082397229 0.39807180655897767 0.8147616641060629 7 1
0.9322789230445249 0.2625735548885899 0.08565691717298884 0.322707473478011 0.665738921921277 7 1
0.3008224085954442 0.3678078057698485 0.7523299440417175 0.29729506920087345 0.9492540792473967 3 8
0.9322789230445249 0.2625735548885899 0.08565691717298884 0.322707473478011 0.665738921921277 7 1
0.5751432375521426 0.9927980322490769 0.6876681831291195 0.17556439922025302 0.9157326930964648 8 8
0.3314894874683818 0.9496198724489676 0.7424797790720268 0.18706494740319146 0.2316997599027656 6 3
0.4590104205495319 0.3892011090108688 0.45119661906977515 0.6606845453620322 0.7642445550697989 7 2
0.4590104205495319 0.3892011090108688 0.45119661906977515 0.6606845453620322 0.7642445550697989 7 2
0.9322789230445249 0.2625735548885899 0.08565691717298884 0.322707473478011 0.665738921921277 7 1
0.27363077037270755 0.7159807931235587 0.702195794070996 0.3060445892289214 0.5654354508544832 3 1
0.9254317382913279 0.4529718610628698 0.880454915476512 0.7897391382073052 0.8664878897486586 8 4
0.006745647236782837 0.8475490456612924 0.15907210392801108 0.11263037877739546 0.3452088810209518 3 5
0.006745647236782837 0.8475490456612924 0.15907210392801108 0.11263037877739546 0.3452088810209518 3 5
0.599376756223895 0.5130883205019109 0.8085556199064219 0.4764140199380311 0.06228635643195812 5 5
0.8641705125015129 0.6585822747421852 0.4388557934545321 0.5866824680284134 0.11864679257973987 6 1
0.6368520590644559 0.9380633671392478 0.6234762082397229 0.39807180655897767 0.8147616641060629 7 1
0.8641705125015129 0.6585822747421852 0.4388557934545321 0.5866824680284134 0.11864679257973987 6 1
0.6368520590644559 0.9380633671392478 0.6234762082397229 0.39807180655897767 0.8147616641060629 7 1
0.3008224085954442 0.3678078057698485 0.7523299440417175 0.29729506920087345 0.9492540792473967 3 8
0.3008224085954442 0.3678078057698485 0.7523299440417175 0.29729506920087345 0.9492540792473967 3 8
0.1512803196629331 0.10727395084769875 0.3891394238058985 0.168200548555697 0.8966070323108888 2 5
0.9322789230445249 0.2625735548885899 0.08565691717298884 0.322707473478011 0.665738921921277 7 1
0.9322789230445249 0.2625735548885899 0.08565691717298884 0.322707473478011 0.665738921921277 7 1
0.9322789230445249 0.2625735548885899 0.08565691717298884 0.322707473478011 0.665738921921277 7 1
0.4590104205495319 0.3892011090108688 0.45119661906977515 0.6606845453620322 0.7642445550697989 7 2
0.496606403604947 0.785702501382125 0.05030879046450776 0.9882582106787541 0.30949634089092826 6 3
0.6087174797620432 0.4631836076833069 0.2329323642773603 0.04165316293872179 0.5343403012178355 2 5
0.27363077037270755 0.7159807931235587 0.702195794070996 0.3060445892289214 0.5654354508544832 3 1
0.006745647236782837 0.8475490456612924 0.15907210392801108 0.11263037877739546 0.3452088810209518 3 5
0.599376756223895 0.5130883205019109 0.8085556199064219 0.4764140199380311 0.06228635643195812 5 5
0.6550888728518488 0.9554398212559516 0.25277377493344677 0.38746277685306063 0.41735109420879335 3 8
0.6550888728518488 0.9554398212559516 0.25277377493344677 0.38746277685306063 0.41735109420879335 3 8
0.8641705125015129 0.6585822747421852 0.4388557934545321 0.5866824680284134 0.11864679257973987 6 1
0.6368520590644559 0.9380633671392478 0.6234762082397229 0.39807180655897767 0.8147616641060629 7 1
0.3008224085954442 0.3678078057698485 0.7523299440417175 0.29729506920087345 0.9492540792473967 3 8
0.3008224085954442 0.3678078057698485 0.7523299440417175 0.29729506920087345 0.9492540792473967 3 8
0.8693270619789507 0.11152111490985794 0.608984270024342 0.5107721679514827 0.2700267201884967 7 2
0.29087983497849934 0.9570512159944751 0.9340747236822975 0.076085178476888 0.1593359049248334 6 7
0.11129980911297532 0.8157890219157337 0.7388626253661998 0.9573909297768162 0.6419719861302597 6 8
0.9322789230445249 0.2625735548885899 0.08565691717298884 0.322707473478011 0.665738921921277 7 1
0.496606403604947 0.785702501382125 0.05030879046450776 0.9882582106787541 0.30949634089092826 6 3
0.9254317382913279 0.4529718610628698 0.880454915476512 0.7897391382073052 0.8664878897486586 8 4
0.496606403604947 0.785702501382125 0.05030879046450776 0.9882582106787541 0.30949634089092826 6 3
0.6087174797620432 0.4631836076833069 0.2329323642773603 0.04165316293872179 0.5343403012178355 2 5
0.006745647236782837 0.8475490456612924 0.15907210392801108 0.11263037877739546 0.3452088810209518 3 5
0.599376756223895 0.5130883205019109 0.8085556199064219 0.4764140199380311 0.06228635643195812 5 5
0.8641705125015129 0.6585822747421852 0.4388557934545321 0.5866824680284134 0.11864679257973987 6 1
0.6368520590644559 0.9380633671392478 0.6234762082397229 0.39807180655897767 0.8147616641060629 7 1
0.985507086935766 0.14377565334347042 0.7816059077904209 0.9755764386012327 0.4878431559274151 6 4
0.6368520590644559 0.9380633671392478 0.6234762082397229 0.39807180655897767 0.8147616641060629 7 1
0.9322789230445249 0.2625735548885899 0.08565691717298884 0.322707473478011 0.665738921921277 7 1
0.3008224085954442 0.3678078057698485 0.7523299440417175 0.29729506920087345 0.9492540792473967 3 8
0.9322789230445249 0.2625735548885899 0.08565691717298884 0.322707473478011 0.665738921921277 7 1
0.8693270619789507 0.11152111490985794 0.608984270024342 0.5107721679514827 0.2700267201884967 7 2
0.40591814676039306 0.4770174822955501 0.05717870683965587 0.9633073106854085 0.4641570288289516 8 4
0.4532225646497986 0.5401329690012927 0.22367100354864233 0.02456122940733485 0.6754167676549375 8 3
0.4590104205495319 0.3892011090108688 0.45119661906977515 0.6606845453620322 0.7642445550697989 7 2
0.9322789230445249 0.2625735548885899 0.08565691717298884 0.322707473478011 0.665738921921277 7 1
0.27363077037270755 0.7159807931235587 0.702195794070996 0.3060445892289214 0.5654354508544832 3 1
0.9254317382913279 0.4529718610628698 0.880454915476512 0.7897391382073052 0.8664878897486586 8 4
0.006745647236782837 0.8475490456612924 0.15907210392801108 0.11263037877739546 0.3452088810209518 3 5
0.006745647236782837 0.8475490456612924 0.15907210392801108 0.11263037877739546 0.3452088810209518 3 5
0.6550888728518488 0.9554398212559516 0.25277377493344677 0.38746277685306063 0.41735109420879335 3 8
0.6368520590644559 0.9380633671392478 0.6234762082397229 0.39807180655897767 0.8147616641060629 7 1
0.6368520590644559 0.9380633671392478 0.6234762082397229 0.39807180655897767 0.8147616641060629 7 1
0.985507086935766 0.14377565334347042 0.7816059077904209 0.9755764386012327 0.4878431559274151 6 4
0.6368520590644559 0.9380633671392478 0.6234762082397229 0.39807180655897767 0.8147616641060629 7 1
0.3008224085954442 0.3678078057698485 0.7523299440417175 0.29729506920087345 0.9492540792473967 3 8
0.1512803196629331 0.10727395084769875 0.3891394238058985 0.168200548555697 0.8966070323108888 2 5
0.1512803196629331 0.10727395084769875 0.3891394238058985 0.168200548555697 0.8966070323108888 2 5
0.9322789230445249 0.2625735548885899 0.08565691717298884 0.322707473478011 0.665738921921277 7 1
0.9322789230445249 0.2625735548885899 0.08565691717298884 0.322707473478011 0.665738921921277 7 1
0.29513598960504683 0.4090655460043109 0.39775591601396854 0.6280435410142214 0.828576105792786 7 4
0.9322789230445249 0.2625735548885899 0.08565691717298884 0.322707473478011 0.665738921921277 7 1
0.9254317382913279 0.4529718610628698 0.880454915476512 0.7897391382073052 0.8664878897486586 8 4
0.6087174797620432 0.4631836076833069 0.2329323642773603 0.04165316293872179 0.5343403012178355 2 5
0.27363077037270755 0.7159807931235587 0.702195794070996 0.3060445892289214 0.5654354508544832 3 1
0.006745647236782837 0.8475490456612924 0.15907210392801108 0.11263037877739546 0.3452088810209518 3 5
0.599376756223895 0.5130883205019109 0.8085556199064219 0.4764140199380311 0.06228635643195812 5 5
0.6550888728518488 0.9554398212559516 0.25277377493344677 0.38746277685306063 0.41735109420879335 3 8
0.6368520590644559 0.9380633671392478 0.6234762082397229 0.39807180655897767 0.8147616641060629 7 1
0.8641705125015129 0.6585822747421852 0.4388557934545321 0.5866824680284134 0.11864679257973987 6 1
0.6368520590644559 0.9380633671392478 0.6234762082397229 0.39807180655897767 0.8147616641060629 7 1
0.9322789230445249 0.2625735548885899 0.08565691717298884 0.322707473478011 0.665738921921277 7 1
0.3008224085954442 0.3678078057698485 0.7523299440417175 0.29729506920087345 0.9492540792473967 3 8
0.9322789230445249 0.2625735548885899 0.08565691717298884 0.322707473478011 0.665738921921277 7 1
0.5751432375521426 0.9927980322490769 0.6876681831291195 0.17556439922025302 0.9157326930964648 8 8
0.29087983497849934 0.9570512159944751 0.9340747236822975 0.076085178476888 0.1593359049248334 6 7
0.4590104205495319 0.3892011090108688 0.45119661906977515 0.6606845453620322 0.7642445550697989 7 2
0.9322789230445249 0.2625735548885899 0.08565691717298884 0.322707473478011 0.665738921921277 7 1
0.9254317382913279 0.4529718610628698 0.880454915476512 0.7897391382073052 0.8664878897486586 8 4
0.9254317382913279 0.4529718610628698 0.880454915476512 0.7897391382073052 0.8664878897486586 8 4
0.006745647236782837 0.8475490456612924 0.15907210392801108 0.11263037877739546 0.3452088810209518 3 5
0.599376756223895 0.5130883205019109 0.8085556199064219 0.4764140199380311 0.06228635643195812 5 5
0.599376756223895 0.5130883205019109 0.8085556199064219 0.4764140199380311 0.06228635643195812 5 5
0.8641705125015129 0.6585822747421852 0.4388557934545321 0.5866824680284134 0.11864679257973987 6 1
0.6368520590644559 0.9380633671392478 0.6234762082397229 0.39807180655897767 0.8147616641060629 7 1
0.8641705125015129 0.6585822747421852 0.4388557934545321 0.5866824680284134 0.11864679257973987 6 1
0.6368520590644559 0.9380633671392478 0.6234762082397229 0.39807180655897767 0.8147616641060629 7 1
0.3008224085954442 0.3678078057698485 0.7523299440417175 0.29729506920087345 0.9492540792473967 3 8
0.3008224085954442 0.3678078057698485 0.7523299440417175 0.29729506920087345 0.9492540792473967 3 8
0.9322789230445249 0.2625735548885899 0.08565691717298884 0.322707473478011 0.665738921921277 7 1
0.5751432375521426 0.9927980322490769 0.6876681831291195 0.17556439922025302 0.9157326930964648 8 8
0.9322789230445249 0.2625735548885899 0.08565691717298884 0.322707473478011 0.665738921921277 7 1
