population 0 fitness 0.50898533321049 years 66.0 length 15
population 1 fitness 0.5093641011704081 years 58.0 length 16
population 2 fitness 0.5094146001900595 years 56.0 length 16
population 3 fitness 0.5091979033333055 years 55.0 length 16
population 4 fitness 0.509520464568197 years 55.0 length 16
population 5 fitness 0.509344457534307 years 42.0 length 16
population 6 fitness 0.5099747080889673 years 28.0 length 16
population 7 fitness 0.5093280377340569 years 27.0 length 16
population 8 fitness 0.5098079391058347 years 27.0 length 14
population 9 fitness 0.5092811709192779 years 26.0 length 16
population 10 fitness 0.5093067843182376 years 25.0 length 16
population 11 fitness 0.5094330432041124 years 25.0 length 17
population 12 fitness 0.5092761581071165 years 24.0 length 15
population 13 fitness 0.5094720085417808 years 24.0 length 16
population 14 fitness 0.5093687557978562 years 23.0 length 16
population 15 fitness 0.5100773413072666 years 23.0 length 16
population 16 fitness 0.5089870908875926 years 22.0 length 14
population 17 fitness 0.509620856105355 years 22.0 length 16
population 18 fitness 0.5102231745715249 years 21.0 length 16
population 19 fitness 0.5090405401421458 years 20.0 length 16
population 20 fitness 0.5098504655403232 years 17.0 length 16
population 21 fitness 0.5098872471088811 years 17.0 length 16
population 22 fitness 0.5091399680607269 years 16.0 length 16
population 23 fitness 0.5097254044511551 years 14.0 length 16
population 24 fitness 0.5105740222132064 years 14.0 length 16
population 25 fitness 0.5095471027598992 years 13.0 length 16
population 26 fitness 0.5100584073384675 years 13.0 length 15
population 27 fitness 0.508496604474357 years 12.0 length 16
population 28 fitness 0.5093719728644167 years 12.0 length 16
population 29 fitness 0.5091498594565649 years 11.0 length 16
population 30 fitness 0.5094802081160567 years 11.0 length 16
population 31 fitness 0.5088264557621122 years 10.0 length 15
population 32 fitness 0.5089333545374363 years 10.0 length 16
population 33 fitness 0.505352193786786 years 9.0 length 16
population 34 fitness 0.5077825746088335 years 9.0 length 16
population 35 fitness 0.5029016431224436 years 8.0 length 16
population 36 fitness 0.5070079160540724 years 8.0 length 16
population 37 fitness 0.5037081347470713 years 7.0 length 16
population 38 fitness 0.5050678866838696 years 7.0 length 16
population 39 fitness 0.5053027176421939 years 6.0 length 16
population 40 fitness 0.5062709949595338 years 6.0 length 16
population 41 fitness 0.501871396402936 years 5.0 length 16
population 42 fitness 0.503231018487838 years 5.0 length 16

0.665629643029014 0.03799235096236697 0.8880081223156073 0.27331264269665756 0.2758177652037527 4 2
0.42537706827982114 0.5529355946479649 0.8994952472645281 0.03751716918735171 0.7397145409236421 6 6
0.42537706827982114 0.5529355946479649 0.8994952472645281 0.03751716918735171 0.7397145409236421 6 6
0.4299948976465946 0.19503070710861548 0.06979472509470386 0.4737213230291276 0.21602182064029507 1 1
0.720681509517156 0.9825944245291142 0.9728085554688914 0.331397148290533 0.13338245667624904 8 2
0.4299948976465946 0.19503070710861548 0.06979472509470386 0.4737213230291276 0.21602182064029507 1 1
0.4299948976465946 0.19503070710861548 0.06979472509470386 0.4737213230291276 0.21602182064029507 1 1
0.47817324576362563 0.7849439955612441 0.825989758225928 0.9100316355289468 0.9358940878544203 4 1
0.7425592258932235 0.06392588718606973 0.9599267157555817 0.7250318661008736 0.9056144234635494 6 4
0.47817324576362563 0.7849439955612441 0.825989758225928 0.9100316355289468 0.9358940878544203 4 1
0.5398835358673193 0.30796866375529175 0.2117339660685924 0.24996398561400912 0.228233328034958 3 1
0.665629643029014 0.03799235096236697 0.8880081223156073 0.27331264269665756 0.2758177652037527 4 2
0.7910664259640394 0.3417668573955148 0.6596787935549562 0.9318972385224701 0.15477662210881526 1 1
0.5398835358673193 0.30796866375529175 0.2117339660685924 0.24996398561400912 0.228233328034958 3 1
0.3143984657729597 0.33429664231179446 0.7627617058752957 0.9015427086259483 0.16196678624964078 6 4
0.665629643029014 0.03799235096236697 0.8880081223156073 0.27331264269665756 0.2758177652037527 4 2
0.42537706827982114 0.5529355946479649 0.8994952472645281 0.03751716918735171 0.7397145409236421 6 6
0.9190017365912164 0.9781595619943942 0.6882255974318208 0.4554201496865018 0.5196355582501689 3 5
0.720681509517156 0.9825944245291142 0.9728085554688914 0.331397148290533 0.13338245667624904 8 2
0.4299948976465946 0.19503070710861548 0.06979472509470386 0.4737213230291276 0.21602182064029507 1 1
0.4299948976465946 0.19503070710861548 0.06979472509470386 0.4737213230291276 0.21602182064029507 1 1
0.4299948976465946 0.19503070710861548 0.06979472509470386 0.4737213230291276 0.21602182064029507 1 1
0.7425592258932235 0.06392588718606973 0.9599267157555817 0.7250318661008736 0.9056144234635494 6 4
0.570646922089993 0.048064679553744494 0.22695627304770627 0.7225776554105033 0.6981957562943892 1 2
0.9459775988388117 0.8319399928591444 0.8607184671126832 0.9375762995793718 0.537870241878756 7 8
0.5398835358673193 0.30796866375529175 0.2117339660685924 0.24996398561400912 0.228233328034958 3 1
0.9459775988388117 0.8319399928591444 0.8607184671126832 0.9375762995793718 0.537870241878756 7 8
0.7098514183931197 0.8918609100389365 0.9190941174089695 0.5978959631803623 0.32070818442665516 6 1
0.5398835358673193 0.30796866375529175 0.2117339660685924 0.24996398561400912 0.228233328034958 3 1
0.665629643029014 0.03799235096236697 0.8880081223156073 0.27331264269665756 0.2758177652037527 4 2
0.6185408086522636 0.7328771137073083 0.567889115651671 0.9629422092585648 0.7013933882301148 2 1
0.42537706827982114 0.5529355946479649 0.8994952472645281 0.03751716918735171 0.7397145409236421 6 6
0.40002044528469616 0.789078803920146 0.13250476459276095 0.016144510975827586 0.05882136924662407 1 1
0.9190017365912164 0.9781595619943942 0.6882255974318208 0.4554201496865018 0.5196355582501689 3 5
0.9190017365912164 0.9781595619943942 0.6882255974318208 0.4554201496865018 0.5196355582501689 3 5
0.720681509517156 0.9825944245291142 0.9728085554688914 0.331397148290533 0.13338245667624904 8 2
0.4299948976465946 0.19503070710861548 0.06979472509470386 0.4737213230291276 0.21602182064029507 1 1
0.4299948976465946 0.19503070710861548 0.06979472509470386 0.4737213230291276 0.21602182064029507 1 1
0.4299948976465946 0.19503070710861548 0.06979472509470386 0.4737213230291276 0.21602182064029507 1 1
0.7425592258932235 0.06392588718606973 0.9599267157555817 0.7250318661008736 0.9056144234635494 6 4
0.9459775988388117 0.8319399928591444 0.8607184671126832 0.9375762995793718 0.537870241878756 7 8
0.7425592258932235 0.06392588718606973 0.9599267157555817 0.7250318661008736 0.9056144234635494 6 4
0.9459775988388117 0.8319399928591444 0.8607184671126832 0.9375762995793718 0.537870241878756 7 8
0.665629643029014 0.03799235096236697 0.8880081223156073 0.27331264269665756 0.2758177652037527 4 2
0.5398835358673193 0.30796866375529175 0.2117339660685924 0.24996398561400912 0.228233328034958 3 1
0.7910664259640394 0.3417668573955148 0.6596787935549562 0.9318972385224701 0.15477662210881526 1 1
0.6185408086522636 0.7328771137073083 0.567889115651671 0.9629422092585648 0.7013933882301148 2 1
0.665629643029014 0.03799235096236697 0.8880081223156073 0.27331264269665756 0.2758177652037527 4 2
0.42537706827982114 0.5529355946479649 0.8994952472645281 0.03751716918735171 0.7397145409236421 6 6
0.42537706827982114 0.5529355946479649 0.8994952472645281 0.03751716918735171 0.7397145409236421 6 6
0.9190017365912164 0.9781595619943942 0.6882255974318208 0.4554201496865018 0.5196355582501689 3 5
0.9190017365912164 0.9781595619943942 0.6882255974318208 0.4554201496865018 0.5196355582501689 3 5
0.4299948976465946 0.19503070710861548 0.06979472509470386 0.4737213230291276 0.21602182064029507 1 1
0.4299948976465946 0.19503070710861548 0.06979472509470386 0.4737213230291276 0.21602182064029507 1 1
0.47817324576362563 0.7849439955612441 0.825989758225928 0.9100316355289468 0.9358940878544203 4 1
0.7425592258932235 0.06392588718606973 0.9599267157555817 0.7250318661008736 0.9056144234635494 6 4
0.47817324576362563 0.7849439955612441 0.825989758225928 0.9100316355289468 0.9358940878544203 4 1
0.7425592258932235 0.06392588718606973 0.9599267157555817 0.7250318661008736 0.9056144234635494 6 4
0.47817324576362563 0.7849439955612441 0.825989758225928 0.9100316355289468 0.9358940878544203 4 1
0.7910664259640394 0.3417668573955148 0.6596787935549562 0.9318972385224701 0.15477662210881526 1 1
0.5398835358673193 0.30796866375529175 0.2117339660685924 0.24996398561400912 0.228233328034958 3 1
0.3143984657729597 0.33429664231179446 0.7627617058752957 0.9015427086259483 0.16196678624964078 6 4
0.6185408086522636 0.7328771137073083 0.567889115651671 0.9629422092585648 0.7013933882301148 2 1
0.42537706827982114 0.5529355946479649 0.8994952472645281 0.03751716918735171 0.7397145409236421 6 6
0.42537706827982114 0.5529355946479649 0.8994952472645281 0.03751716918735171 0.7397145409236421 6 6
0.42537706827982114 0.5529355946479649 0.8994952472645281 0.03751716918735171 0.7397145409236421 6 6
0.9190017365912164 0.9781595619943942 0.6882255974318208 0.4554201496865018 0.5196355582501689 3 5
0.720681509517156 0.9825944245291142 0.9728085554688914 0.331397148290533 0.13338245667624904 8 2
0.4299948976465946 0.19503070710861548 0.06979472509470386 0.4737213230291276 0.21602182064029507 1 1
0.4299948976465946 0.19503070710861548 0.06979472509470386 0.4737213230291276 0.21602182064029507 1 1
0.4299948976465946 0.19503070710861548 0.06979472509470386 0.4737213230291276 0.21602182064029507 1 1
0.7425592258932235 0.06392588718606973 0.9599267157555817 0.7250318661008736 0.9056144234635494 6 4
0.7425592258932235 0.06392588718606973 0.9599267157555817 0.7250318661008736 0.9056144234635494 6 4
0.47817324576362563 0.7849439955612441 0.825989758225928 0.9100316355289468 0.9358940878544203 4 1
0.5398835358673193 0.30796866375529175 0.2117339660685924 0.24996398561400912 0.228233328034958 3 1
0.5398835358673193 0.30796866375529175 0.2117339660685924 0.24996398561400912 0.228233328034958 3 1
0.7098514183931197 0.8918609100389365 0.9190941174089695 0.5978959631803623 0.32070818442665516 6 1
0.5398835358673193 0.30796866375529175 0.2117339660685924 0.24996398561400912 0.228233328034958 3 1
0.7910664259640394 0.3417668573955148 0.6596787935549562 0.9318972385224701 0.15477662210881526 1 1
0.42537706827982114 0.5529355946479649 0.8994952472645281 0.03751716918735171 0.7397145409236421 6 6
0.42537706827982114 0.5529355946479649 0.8994952472645281 0.03751716918735171 0.7397145409236421 6 6
0.42537706827982114 0.5529355946479649 0.8994952472645281 0.03751716918735171 0.7397145409236421 6 6
0.9190017365912164 0.9781595619943942 0.6882255974318208 0.4554201496865018 0.5196355582501689 3 5
0.720681509517156 0.9825944245291142 0.9728085554688914 0.331397148290533 0.13338245667624904 8 2
0.4299948976465946 0.19503070710861548 0.06979472509470386 0.4737213230291276 0.21602182064029507 1 1
0.4299948976465946 0.19503070710861548 0.06979472509470386 0.4737213230291276 0.21602182064029507 1 1
0.4299948976465946 0.19503070710861548 0.06979472509470386 0.4737213230291276 0.21602182064029507 1 1
0.7425592258932235 0.06392588718606973 0.9599267157555817 0.7250318661008736 0.9056144234635494 6 4
0.9459775988388117 0.8319399928591444 0.8607184671126832 0.9375762995793718 0.537870241878756 7 8
0.7425592258932235 0.06392588718606973 0.9599267157555817 0.7250318661008736 0.9056144234635494 6 4
0.9459775988388117 0.8319399928591444 0.8607184671126832 0.9375762995793718 0.537870241878756 7 8
0.7910664259640394 0.3417668573955148 0.6596787935549562 0.9318972385224701 0.15477662210881526 1 1
0.7098514183931197 0.8918609100389365 0.9190941174089695 0.5978959631803623 0.32070818442665516 6 1
0.5398835358673193 0.30796866375529175 0.2117339660685924 0.24996398561400912 0.228233328034958 3 1
0.7910664259640394 0.3417668573955148 0.6596787935549562 0.9318972385224701 0.15477662210881526 1 1
0.42537706827982114 0.5529355946479649 0.8994952472645281 0.03751716918735171 0.7397145409236421 6 6
0.40002044528469616 0.789078803920146 0.13250476459276095 0.016144510975827586 0.05882136924662407 1 1
0.9190017365912164 0.9781595619943942 0.6882255974318208 0.4554201496865018 0.5196355582501689 3 5
0.9190017365912164 0.9781595619943942 0.6882255974318208 0.4554201496865018 0.5196355582501689 3 5
0.4299948976465946 0.19503070710861548 0.06979472509470386 0.4737213230291276 0.21602182064029507 1 1
0.4299948976465946 0.19503070710861548 0.06979472509470386 0.4737213230291276 0.21602182064029507 1 1
0.4299948976465946 0.19503070710861548 0.06979472509470386 0.4737213230291276 0.21602182064029507 1 1
0.4299948976465946 0.19503070710861548 0.06979472509470386 0.4737213230291276 0.21602182064029507 1 1
0.7425592258932235 0.06392588718606973 0.9599267157555817 0.7250318661008736 0.9056144234635494 6 4
0.9459775988388117 0.8319399928591444 0.8607184671126832 0.9375762995793718 0.537870241878756 7 8
0.7425592258932235 0.06392588718606973 0.9599267157555817 0.7250318661008736 0.9056144234635494 6 4
0.9459775988388117 0.8319399928591444 0.8607184671126832 0.9375762995793718 0.537870241878756 7 8
0.665629643029014 0.03799235096236697 0.8880081223156073 0.27331264269665756 0.2758177652037527 4 2
0.7098514183931197 0.8918609100389365 0.9190941174089695 0.5978959631803623 0.32070818442665516 6 1
0.7910664259640394 0.3417668573955148 0.6596787935549562 0.9318972385224701 0.15477662210881526 1 1
0.6185408086522636 0.7328771137073083 0.567889115651671 0.9629422092585648 0.7013933882301148 2 1
0.2141097594970327 0.3131366412647778 0.7144182998689641 0.6949422389728949 0.9696398584042616 5 3
0.40002044528469616 0.789078803920146 0.13250476459276095 0.016144510975827586 0.05882136924662407 1 1
0.42537706827982114 0.5529355946479649 0.8994952472645281 0.03751716918735171 0.7397145409236421 6 6
0.9190017365912164 0.9781595619943942 0.6882255974318208 0.4554201496865018 0.5196355582501689 3 5
0.40002044528469616 0.789078803920146 0.13250476459276095 0.016144510975827586 0.05882136924662407 1 1
0.4299948976465946 0.19503070710861548 0.06979472509470386 0.4737213230291276 0.21602182064029507 1 1
0.4299948976465946 0.19503070710861548 0.06979472509470386 0.4737213230291276 0.21602182064029507 1 1
0.4299948976465946 0.19503070710861548 0.06979472509470386 0.4737213230291276 0.21602182064029507 1 1
0.570646922089993 0.048064679553744494 0.22695627304770627 0.7225776554105033 0.6981957562943892 1 2
0.9459775988388117 0.8319399928591444 0.8607184671126832 0.9375762995793718 0.537870241878756 7 8
0.7425592258932235 0.06392588718606973 0.9599267157555817 0.7250318661008736 0.9056144234635494 6 4
0.7910664259640394 0.3417668573955148 0.6596787935549562 0.9318972385224701 0.15477662210881526 1 1
0.7098514183931197 0.8918609100389365 0.9190941174089695 0.5978959631803623 0.32070818442665516 6 1
0.5398835358673193 0.30796866375529175 0.2117339660685924 0.24996398561400912 0.228233328034958 3 1
0.7910664259640394 0.3417668573955148 0.6596787935549562 0.9318972385224701 0.15477662210881526 1 1
0.42537706827982114 0.5529355946479649 0.8994952472645281 0.03751716918735171 0.7397145409236421 6 6
0.665629643029014 0.03799235096236697 0.8880081223156073 0.27331264269665756 0.2758177652037527 4 2
0.42537706827982114 0.5529355946479649 0.8994952472645281 0.03751716918735171 0.7397145409236421 6 6
0.720681509517156 0.9825944245291142 0.9728085554688914 0.331397148290533 0.13338245667624904 8 2
0.720681509517156 0.9825944245291142 0.9728085554688914 0.331397148290533 0.13338245667624904 8 2
0.4299948976465946 0.19503070710861548 0.06979472509470386 0.4737213230291276 0.21602182064029507 1 1
0.4299948976465946 0.19503070710861548 0.06979472509470386 0.4737213230291276 0.21602182064029507 1 1
0.7425592258932235 0.06392588718606973 0.9599267157555817 0.7250318661008736 0.9056144234635494 6 4
0.7425592258932235 0.06392588718606973 0.9599267157555817 0.7250318661008736 0.9056144234635494 6 4
0.9842555625105458 0.620621906792632 0.5462509653918728 0.5548911288777765 0.4599042890208944 2 6
0.7425592258932235 0.06392588718606973 0.9599267157555817 0.7250318661008736 0.9056144234635494 6 4
0.47817324576362563 0.7849439955612441 0.825989758225928 0.9100316355289468 0.9358940878544203 4 1
0.5398835358673193 0.30796866375529175 0.2117339660685924 0.24996398561400912 0.228233328034958 3 1
0.5398835358673193 0.30796866375529175 0.2117339660685924 0.24996398561400912 0.228233328034958 3 1
0.7910664259640394 0.3417668573955148 0.6596787935549562 0.9318972385224701 0.15477662210881526 1 1
0.2141097594970327 0.3131366412647778 0.7144182998689641 0.6949422389728949 0.9696398584042616 5 3
0.40002044528469616 0.789078803920146 0.13250476459276095 0.016144510975827586 0.05882136924662407 1 1
0.42537706827982114 0.5529355946479649 0.8994952472645281 0.03751716918735171 0.7397145409236421 6 6
0.4299948976465946 0.19503070710861548 0.06979472509470386 0.4737213230291276 0.21602182064029507 1 1
0.720681509517156 0.9825944245291142 0.9728085554688914 0.331397148290533 0.13338245667624904 8 2
0.4299948976465946 0.19503070710861548 0.06979472509470386 0.4737213230291276 0.21602182064029507 1 1
0.4299948976465946 0.19503070710861548 0.06979472509470386 0.4737213230291276 0.21602182064029507 1 1
0.4299948976465946 0.19503070710861548 0.06979472509470386 0.4737213230291276 0.21602182064029507 1 1
0.570646922089993 0.048064679553744494 0.22695627304770627 0.7225776554105033 0.6981957562943892 1 2
0.9459775988388117 0.8319399928591444 0.8607184671126832 0.9375762995793718 0.537870241878756 7 8
0.7425592258932235 0.06392588718606973 0.9599267157555817 0.7250318661008736 0.9056144234635494 6 4
0.7910664259640394 0.3417668573955148 0.6596787935549562 0.9318972385224701 0.15477662210881526 1 1
0.7098514183931197 0.8918609100389365 0.9190941174089695 0.5978959631803623 0.32070818442665516 6 1
0.5398835358673193 0.30796866375529175 0.2117339660685924 0.24996398561400912 0.228233328034958 3 1
0.7910664259640394 0.3417668573955148 0.6596787935549562 0.9318972385224701 0.15477662210881526 1 1
0.42537706827982114 0.5529355946479649 0.8994952472645281 0.03751716918735171 0.7397145409236421 6 6
0.2141097594970327 0.3131366412647778 0.7144182998689641 0.6949422389728949 0.9696398584042616 5 3
0.40002044528469616 0.789078803920146 0.13250476459276095 0.016144510975827586 0.05882136924662407 1 1
0.42537706827982114 0.5529355946479649 0.8994952472645281 0.03751716918735171 0.7397145409236421 6 6
0.9190017365912164 0.9781595619943942 0.6882255974318208 0.4554201496865018 0.5196355582501689 3 5
0.720681509517156 0.9825944245291142 0.9728085554688914 0.331397148290533 0.13338245667624904 8 2
0.4299948976465946 0.19503070710861548 0.06979472509470386 0.4737213230291276 0.21602182064029507 1 1
0.4299948976465946 0.19503070710861548 0.06979472509470386 0.4737213230291276 0.21602182064029507 1 1
0.4299948976465946 0.19503070710861548 0.06979472509470386 0.4737213230291276 0.21602182064029507 1 1
0.7425592258932235 0.06392588718606973 0.9599267157555817 0.7250318661008736 0.9056144234635494 6 4
0.9459775988388117 0.8319399928591444 0.8607184671126832 0.9375762995793718 0.537870241878756 7 8
0.47817324576362563 0.7849439955612441 0.825989758225928 0.9100316355289468 0.9358940878544203 4 1
0.7910664259640394 0.3417668573955148 0.6596787935549562 0.9318972385224701 0.15477662210881526 1 1
0.7098514183931197 0.8918609100389365 0.9190941174089695 0.5978959631803623 0.32070818442665516 6 1
0.5398835358673193 0.30796866375529175 0.2117339660685924 0.24996398561400912 0.228233328034958 3 1
0.7910664259640394 0.3417668573955148 0.6596787935549562 0.9318972385224701 0.15477662210881526 1 1
0.7910664259640394 0.3417668573955148 0.6596787935549562 0.9318972385224701 0.15477662210881526 1 1
0.665629643029014 0.03799235096236697 0.8880081223156073 0.27331264269665756 0.2758177652037527 4 2
0.42537706827982114 0.5529355946479649 0.8994952472645281 0.03751716918735171 0.7397145409236421 6 6
0.42537706827982114 0.5529355946479649 0.8994952472645281 0.03751716918735171 0.7397145409236421 6 6
0.40002044528469616 0.789078803920146 0.13250476459276095 0.016144510975827586 0.05882136924662407 1 1
0.4299948976465946 0.19503070710861548 0.06979472509470386 0.4737213230291276 0.21602182064029507 1 1
0.4299948976465946 0.19503070710861548 0.06979472509470386 0.4737213230291276 0.21602182064029507 1 1
0.4299948976465946 0.19503070710861548 0.06979472509470386 0.4737213230291276 0.21602182064029507 1 1
0.7425592258932235 0.06392588718606973 0.9599267157555817 0.7250318661008736 0.9056144234635494 6 4
0.570646922089993 0.048064679553744494 0.22695627304770627 0.7225776554105033 0.6981957562943892 1 2
0.9459775988388117 0.8319399928591444 0.8607184671126832 0.9375762995793718 0.537870241878756 7 8
0.5398835358673193 0.30796866375529175 0.2117339660685924 0.24996398561400912 0.228233328034958 3 1
0.9459775988388117 0.8319399928591444 0.8607184671126832 0.9375762995793718 0.537870241878756 7 8
0.7098514183931197 0.8918609100389365 0.9190941174089695 0.5978959631803623 0.32070818442665516 6 1
0.5398835358673193 0.30796866375529175 0.2117339660685924 0.24996398561400912 0.228233328034958 3 1
0.7910664259640394 0.3417668573955148 0.6596787935549562 0.9318972385224701 0.15477662210881526 1 1
0.6185408086522636 0.7328771137073083 0.567889115651671 0.9629422092585648 0.7013933882301148 2 1
0.2141097594970327 0.3131366412647778 0.7144182998689641 0.6949422389728949 0.9696398584042616 5 3
0.42537706827982114 0.5529355946479649 0.8994952472645281 0.03751716918735171 0.7397145409236421 6 6
0.42537706827982114 0.5529355946479649 0.8994952472645281 0.03751716918735171 0.7397145409236421 6 6
0.9190017365912164 0.9781595619943942 0.6882255974318208 0.4554201496865018 0.5196355582501689 3 5
0.720681509517156 0.9825944245291142 0.9728085554688914 0.331397148290533 0.13338245667624904 8 2
0.720681509517156 0.9825944245291142 0.9728085554688914 0.331397148290533 0.13338245667624904 8 2
0.4299948976465946 0.19503070710861548 0.06979472509470386 0.4737213230291276 0.21602182064029507 1 1
0.4299948976465946 0.19503070710861548 0.06979472509470386 0.4737213230291276 0.21602182064029507 1 1
0.7425592258932235 0.06392588718606973 0.9599267157555817 0.7250318661008736 0.9056144234635494 6 4
0.7425592258932235 0.06392588718606973 0.9599267157555817 0.7250318661008736 0.9056144234635494 6 4
0.5398835358673193 0.30796866375529175 0.2117339660685924 0.24996398561400912 0.228233328034958 3 1
0.7425592258932235 0.06392588718606973 0.9599267157555817 0.7250318661008736 0.9056144234635494 6 4
0.9459775988388117 0.8319399928591444 0.8607184671126832 0.9375762995793718 0.537870241878756 7 8
0.5398835358673193 0.30796866375529175 0.2117339660685924 0.24996398561400912 0.228233328034958 3 1
0.7098514183931197 0.8918609100389365 0.9190941174089695 0.5978959631803623 0.32070818442665516 6 1
0.7910664259640394 0.3417668573955148 0.6596787935549562 0.9318972385224701 0.15477662210881526 1 1
0.665629643029014 0.03799235096236697 0.8880081223156073 0.27331264269665756 0.2758177652037527 4 2
0.42537706827982114 0.5529355946479649 0.8994952472645281 0.03751716918735171 0.7397145409236421 6 6
0.9190017365912164 0.9781595619943942 0.6882255974318208 0.4554201496865018 0.5196355582501689 3 5
0.720681509517156 0.9825944245291142 0.9728085554688914 0.331397148290533 0.13338245667624904 8 2
0.720681509517156 0.9825944245291142 0.9728085554688914 0.331397148290533 0.13338245667624904 8 2
0.4299948976465946 0.19503070710861548 0.06979472509470386 0.4737213230291276 0.21602182064029507 1 1
0.4299948976465946 0.19503070710861548 0.06979472509470386 0.4737213230291276 0.21602182064029507 1 1
0.7425592258932235 0.06392588718606973 0.9599267157555817 0.7250318661008736 0.9056144234635494 6 4
0.570646922089993 0.048064679553744494 0.22695627304770627 0.7225776554105033 0.6981957562943892 1 2
0.7425592258932235 0.06392588718606973 0.9599267157555817 0.7250318661008736 0.9056144234635494 6 4
0.7425592258932235 0.06392588718606973 0.9599267157555817 0.7250318661008736 0.9056144234635494 6 4
0.9459775988388117 0.8319399928591444 0.8607184671126832 0.9375762995793718 0.537870241878756 7 8
0.7098514183931197 0.8918609100389365 0.9190941174089695 0.5978959631803623 0.32070818442665516 6 1
0.5398835358673193 0.30796866375529175 0.2117339660685924 0.24996398561400912 0.228233328034958 3 1
0.665629643029014 0.03799235096236697 0.8880081223156073 0.27331264269665756 0.2758177652037527 4 2
0.6185408086522636 0.7328771137073083 0.567889115651671 0.9629422092585648 0.7013933882301148 2 1
0.665629643029014 0.03799235096236697 0.8880081223156073 0.27331264269665756 0.2758177652037527 4 2
0.42537706827982114 0.5529355946479649 0.8994952472645281 0.03751716918735171 0.7397145409236421 6 6
0.42537706827982114 0.5529355946479649 0.8994952472645281 0.03751716918735171 0.7397145409236421 6 6
0.40002044528469616 0.789078803920146 0.13250476459276095 0.016144510975827586 0.05882136924662407 1 1
0.720681509517156 0.9825944245291142 0.9728085554688914 0.331397148290533 0.13338245667624904 8 2
0.4299948976465946 0.19503070710861548 0.06979472509470386 0.4737213230291276 0.21602182064029507 1 1
0.4299948976465946 0.19503070710861548 0.06979472509470386 0.4737213230291276 0.21602182064029507 1 1
0.7425592258932235 0.06392588718606973 0.9599267157555817 0.7250318661008736 0.9056144234635494 6 4
0.570646922089993 0.048064679553744494 0.22695627304770627 0.7225776554105033 0.6981957562943892 1 2
0.9459775988388117 0.8319399928591444 0.8607184671126832 0.9375762995793718 0.537870241878756 7 8
0.7425592258932235 0.06392588718606973 0.9599267157555817 0.7250318661008736 0.9056144234635494 6 4
0.9459775988388117 0.8319399928591444 0.8607184671126832 0.9375762995793718 0.537870241878756 7 8
0.665629643029014 0.03799235096236697 0.8880081223156073 0.27331264269665756 0.2758177652037527 4 2
0.5398835358673193 0.30796866375529175 0.2117339660685924 0.24996398561400912 0.228233328034958 3 1
0.7910664259640394 0.3417668573955148 0.6596787935549562 0.9318972385224701 0.15477662210881526 1 1
0.2141097594970327 0.3131366412647778 0.7144182998689641 0.6949422389728949 0.9696398584042616 5 3
0.42537706827982114 0.5529355946479649 0.8994952472645281 0.03751716918735171 0.7397145409236421 6 6
0.42537706827982114 0.5529355946479649 0.8994952472645281 0.03751716918735171 0.7397145409236421 6 6
0.42537706827982114 0.5529355946479649 0.8994952472645281 0.03751716918735171 0.7397145409236421 6 6
0.720681509517156 0.9825944245291142 0.9728085554688914 0.331397148290533 0.13338245667624904 8 2
0.4299948976465946 0.19503070710861548 0.06979472509470386 0.4737213230291276 0.21602182064029507 1 1
0.4299948976465946 0.19503070710861548 0.06979472509470386 0.4737213230291276 0.21602182064029507 1 1
0.4299948976465946 0.19503070710861548 0.06979472509470386 0.4737213230291276 0.21602182064029507 1 1
0.4299948976465946 0.19503070710861548 0.06979472509470386 0.4737213230291276 0.21602182064029507 1 1
0.7425592258932235 0.06392588718606973 0.9599267157555817 0.7250318661008736 0.9056144234635494 6 4
0.9842555625105458 0.620621906792632 0.5462509653918728 0.5548911288777765 0.4599042890208944 2 6
0.7425592258932235 0.06392588718606973 0.9599267157555817 0.7250318661008736 0.9056144234635494 6 4
0.5398835358673193 0.30796866375529175 0.2117339660685924 0.24996398561400912 0.228233328034958 3 1
0.5398835358673193 0.30796866375529175 0.2117339660685924 0.24996398561400912 0.228233328034958 3 1
0.7910664259640394 0.3417668573955148 0.6596787935549562 0.9318972385224701 0.15477662210881526 1 1
0.3143984657729597 0.33429664231179446 0.7627617058752957 0.9015427086259483 0.16196678624964078 6 4
0.6185408086522636 0.7328771137073083 0.567889115651671 0.9629422092585648 0.7013933882301148 2 1
0.665629643029014 0.03799235096236697 0.8880081223156073 0.27331264269665756 0.2758177652037527 4 2
0.42537706827982114 0.5529355946479649 0.8994952472645281 0.03751716918735171 0.7397145409236421 6 6
0.720681509517156 0.9825944245291142 0.9728085554688914 0.331397148290533 0.13338245667624904 8 2
0.720681509517156 0.9825944245291142 0.9728085554688914 0.331397148290533 0.13338245667624904 8 2
0.4299948976465946 0.19503070710861548 0.06979472509470386 0.4737213230291276 0.21602182064029507 1 1
0.4299948976465946 0.19503070710861548 0.06979472509470386 0.4737213230291276 0.21602182064029507 1 1
0.4299948976465946 0.19503070710861548 0.06979472509470386 0.4737213230291276 0.21602182064029507 1 1
0.4299948976465946 0.19503070710861548 0.06979472509470386 0.4737213230291276 0.21602182064029507 1 1
0.7425592258932235 0.06392588718606973 0.9599267157555817 0.7250318661008736 0.9056144234635494 6 4
0.7425592258932235 0.06392588718606973 0.9599267157555817 0.7250318661008736 0.9056144234635494 6 4
0.47817324576362563 0.7849439955612441 0.825989758225928 0.9100316355289468 0.9358940878544203 4 1
0.5398835358673193 0.30796866375529175 0.2117339660685924 0.24996398561400912 0.228233328034958 3 1
0.5398835358673193 0.30796866375529175 0.2117339660685924 0.24996398561400912 0.228233328034958 3 1
0.7910664259640394 0.3417668573955148 0.6596787935549562 0.9318972385224701 0.15477662210881526 1 1
0.665629643029014 0.03799235096236697 0.8880081223156073 0.27331264269665756 0.2758177652037527 4 2
0.42537706827982114 0.5529355946479649 0.8994952472645281 0.03751716918735171 0.7397145409236421 6 6
0.42537706827982114 0.5529355946479649 0.8994952472645281 0.03751716918735171 0.7397145409236421 6 6
0.9190017365912164 0.9781595619943942 0.6882255974318208 0.4554201496865018 0.5196355582501689 3 5
0.9190017365912164 0.9781595619943942 0.6882255974318208 0.4554201496865018 0.5196355582501689 3 5
0.4299948976465946 0.19503070710861548 0.06979472509470386 0.4737213230291276 0.21602182064029507 1 1
0.4299948976465946 0.19503070710861548 0.06979472509470386 0.4737213230291276 0.21602182064029507 1 1
0.7425592258932235 0.06392588718606973 0.9599267157555817 0.7250318661008736 0.9056144234635494 6 4
0.570646922089993 0.048064679553744494 0.22695627304770627 0.7225776554105033 0.6981957562943892 1 2
0.47817324576362563 0.7849439955612441 0.825989758225928 0.9100316355289468 0.9358940878544203 4 1
0.5398835358673193 0.30796866375529175 0.2117339660685924 0.24996398561400912 0.228233328034958 3 1
0.47817324576362563 0.7849439955612441 0.825989758225928 0.9100316355289468 0.9358940878544203 4 1
0.665629643029014 0.03799235096236697 0.8880081223156073 0.27331264269665756 0.2758177652037527 4 2
0.5398835358673193 0.30796866375529175 0.2117339660685924 0.24996398561400912 0.228233328034958 3 1
0.3143984657729597 0.33429664231179446 0.7627617058752957 0.9015427086259483 0.16196678624964078 6 4
0.6185408086522636 0.7328771137073083 0.567889115651671 0.9629422092585648 0.7013933882301148 2 1
0.665629643029014 0.03799235096236697 0.8880081223156073 0.27331264269665756 0.2758177652037527 4 2
0.42537706827982114 0.5529355946479649 0.8994952472645281 0.03751716918735171 0.7397145409236421 6 6
0.9190017365912164 0.9781595619943942 0.6882255974318208 0.4554201496865018 0.5196355582501689 3 5
0.720681509517156 0.9825944245291142 0.9728085554688914 0.331397148290533 0.13338245667624904 8 2
0.720681509517156 0.9825944245291142 0.9728085554688914 0.331397148290533 0.13338245667624904 8 2
0.4299948976465946 0.19503070710861548 0.06979472509470386 0.4737213230291276 0.21602182064029507 1 1
0.4299948976465946 0.19503070710861548 0.06979472509470386 0.4737213230291276 0.21602182064029507 1 1
0.7425592258932235 0.06392588718606973 0.9599267157555817 0.7250318661008736 0.9056144234635494 6 4
0.570646922089993 0.048064679553744494 0.22695627304770627 0.7225776554105033 0.6981957562943892 1 2
0.9459775988388117 0.8319399928591444 0.8607184671126832 0.9375762995793718 0.537870241878756 7 8
0.7425592258932235 0.06392588718606973 0.9599267157555817 0.7250318661008736 0.9056144234635494 6 4
0.7910664259640394 0.3417668573955148 0.6596787935549562 0.9318972385224701 0.15477662210881526 1 1
0.7098514183931197 0.8918609100389365 0.9190941174089695 0.5978959631803623 0.32070818442665516 6 1
0.5398835358673193 0.30796866375529175 0.2117339660685924 0.24996398561400912 0.228233328034958 3 1
0.7910664259640394 0.3417668573955148 0.6596787935549562 0.9318972385224701 0.15477662210881526 1 1
0.6185408086522636 0.7328771137073083 0.567889115651671 0.9629422092585648 0.7013933882301148 2 1
0.665629643029014 0.03799235096236697 0.8880081223156073 0.27331264269665756 0.2758177652037527 4 2
0.42537706827982114 0.5529355946479649 0.8994952472645281 0.03751716918735171 0.7397145409236421 6 6
0.42537706827982114 0.5529355946479649 0.8994952472645281 0.03751716918735171 0.7397145409236421 6 6
0.9190017365912164 0.9781595619943942 0.6882255974318208 0.4554201496865018 0.5196355582501689 3 5
0.9190017365912164 0.9781595619943942 0.6882255974318208 0.4554201496865018 0.5196355582501689 3 5
0.4299948976465946 0.19503070710861548 0.06979472509470386 0.4737213230291276 0.21602182064029507 1 1
0.4299948976465946 0.19503070710861548 0.06979472509470386 0.4737213230291276 0.21602182064029507 1 1
0.47817324576362563 0.7849439955612441 0.825989758225928 0.9100316355289468 0.9358940878544203 4 1
0.7425592258932235 0.06392588718606973 0.9599267157555817 0.7250318661008736 0.9056144234635494 6 4
0.47817324576362563 0.7849439955612441 0.825989758225928 0.9100316355289468 0.9358940878544203 4 1
0.7425592258932235 0.06392588718606973 0.9599267157555817 0.7250318661008736 0.9056144234635494 6 4
0.5398835358673193 0.30796866375529175 0.2117339660685924 0.24996398561400912 0.228233328034958 3 1
0.5398835358673193 0.30796866375529175 0.2117339660685924 0.24996398561400912 0.228233328034958 3 1
0.7910664259640394 0.3417668573955148 0.6596787935549562 0.9318972385224701 0.15477662210881526 1 1
0.3143984657729597 0.33429664231179446 0.7627617058752957 0.9015427086259483 0.16196678624964078 6 4
0.6185408086522636 0.7328771137073083 0.567889115651671 0.9629422092585648 0.7013933882301148 2 1
0.42537706827982114 0.5529355946479649 0.8994952472645281 0.03751716918735171 0.7397145409236421 6 6
0.40002044528469616 0.789078803920146 0.13250476459276095 0.016144510975827586 0.05882136924662407 1 1
0.9190017365912164 0.9781595619943942 0.6882255974318208 0.4554201496865018 0.5196355582501689 3 5
0.9190017365912164 0.9781595619943942 0.6882255974318208 0.4554201496865018 0.5196355582501689 3 5
0.4299948976465946 0.19503070710861548 0.06979472509470386 0.4737213230291276 0.21602182064029507 1 1
0.4299948976465946 0.19503070710861548 0.06979472509470386 0.4737213230291276 0.21602182064029507 1 1
0.4299948976465946 0.19503070710861548 0.06979472509470386 0.4737213230291276 0.21602182064029507 1 1
0.4299948976465946 0.19503070710861548 0.06979472509470386 0.4737213230291276 0.21602182064029507 1 1
0.7425592258932235 0.06392588718606973 0.9599267157555817 0.7250318661008736 0.9056144234635494 6 4
0.7425592258932235 0.06392588718606973 0.9599267157555817 0.7250318661008736 0.9056144234635494 6 4
0.7425592258932235 0.06392588718606973 0.9599267157555817 0.7250318661008736 0.9056144234635494 6 4
0.9459775988388117 0.8319399928591444 0.8607184671126832 0.9375762995793718 0.537870241878756 7 8
0.665629643029014 0.03799235096236697 0.8880081223156073 0.27331264269665756 0.2758177652037527 4 2
0.7098514183931197 0.8918609100389365 0.9190941174089695 0.5978959631803623 0.32070818442665516 6 1
0.5398835358673193 0.30796866375529175 0.2117339660685924 0.24996398561400912 0.228233328034958 3 1
0.6185408086522636 0.7328771137073083 0.567889115651671 0.9629422092585648 0.7013933882301148 2 1
0.2141097594970327 0.3131366412647778 0.7144182998689641 0.6949422389728949 0.9696398584042616 5 3
0.40002044528469616 0.789078803920146 0.13250476459276095 0.016144510975827586 0.05882136924662407 1 1
0.42537706827982114 0.5529355946479649 0.8994952472645281 0.03751716918735171 0.7397145409236421 6 6
0.4299948976465946 0.19503070710861548 0.06979472509470386 0.4737213230291276 0.21602182064029507 1 1
0.720681509517156 0.9825944245291142 0.9728085554688914 0.331397148290533 0.13338245667624904 8 2
0.4299948976465946 0.19503070710861548 0.06979472509470386 0.4737213230291276 0.21602182064029507 1 1
0.4299948976465946 0.19503070710861548 0.06979472509470386 0.4737213230291276 0.21602182064029507 1 1
0.4299948976465946 0.19503070710861548 0.06979472509470386 0.4737213230291276 0.21602182064029507 1 1
0.7425592258932235 0.06392588718606973 0.9599267157555817 0.7250318661008736 0.9056144234635494 6 4
0.47817324576362563 0.7849439955612441 0.825989758225928 0.9100316355289468 0.9358940878544203 4 1
0.7910664259640394 0.3417668573955148 0.6596787935549562 0.9318972385224701 0.15477662210881526 1 1
0.7098514183931197 0.8918609100389365 0.9190941174089695 0.5978959631803623 0.32070818442665516 6 1
0.5398835358673193 0.30796866375529175 0.2117339660685924 0.24996398561400912 0.228233328034958 3 1
0.7910664259640394 0.3417668573955148 0.6596787935549562 0.9318972385224701 0.15477662210881526 1 1
0.7910664259640394 0.3417668573955148 0.6596787935549562 0.9318972385224701 0.15477662210881526 1 1
0.22631334247405777 0.1347431380093923 0.7476191479015284 0.25547714696409074 0.7446369756988921 8 3
0.665629643029014 0.03799235096236697 0.8880081223156073 0.27331264269665756 0.2758177652037527 4 2
0.42537706827982114 0.5529355946479649 0.8994952472645281 0.03751716918735171 0.7397145409236421 6 6
0.9190017365912164 0.9781595619943942 0.6882255974318208 0.4554201496865018 0.5196355582501689 3 5
0.4299948976465946 0.19503070710861548 0.06979472509470386 0.4737213230291276 0.21602182064029507 1 1
0.4299948976465946 0.19503070710861548 0.06979472509470386 0.4737213230291276 0.21602182064029507 1 1
0.4299948976465946 0.19503070710861548 0.06979472509470386 0.4737213230291276 0.21602182064029507 1 1
0.4299948976465946 0.19503070710861548 0.06979472509470386 0.4737213230291276 0.21602182064029507 1 1
0.47817324576362563 0.7849439955612441 0.825989758225928 0.9100316355289468 0.9358940878544203 4 1
0.570646922089993 0.048064679553744494 0.22695627304770627 0.7225776554105033 0.6981957562943892 1 2
0.9459775988388117 0.8319399928591444 0.8607184671126832 0.9375762995793718 0.537870241878756 7 8
0.7425592258932235 0.06392588718606973 0.9599267157555817 0.7250318661008736 0.9056144234635494 6 4
0.9459775988388117 0.8319399928591444 0.8607184671126832 0.9375762995793718 0.537870241878756 7 8
0.5398835358673193 0.30796866375529175 0.2117339660685924 0.24996398561400912 0.228233328034958 3 1
0.7098514183931197 0.8918609100389365 0.9190941174089695 0.5978959631803623 0.32070818442665516 6 1
0.7910664259640394 0.3417668573955148 0.6596787935549562 0.9318972385224701 0.15477662210881526 1 1
0.42537706827982114 0.5529355946479649 0.8994952472645281 0.03751716918735171 0.7397145409236421 6 6
0.665629643029014 0.03799235096236697 0.8880081223156073 0.27331264269665756 0.2758177652037527 4 2
0.42537706827982114 0.5529355946479649 0.8994952472645281 0.03751716918735171 0.7397145409236421 6 6
0.42537706827982114 0.5529355946479649 0.8994952472645281 0.03751716918735171 0.7397145409236421 6 6
0.9190017365912164 0.9781595619943942 0.6882255974318208 0.4554201496865018 0.5196355582501689 3 5
0.9190017365912164 0.9781595619943942 0.6882255974318208 0.4554201496865018 0.5196355582501689 3 5
0.4299948976465946 0.19503070710861548 0.06979472509470386 0.4737213230291276 0.21602182064029507 1 1
0.4299948976465946 0.19503070710861548 0.06979472509470386 0.4737213230291276 0.21602182064029507 1 1
0.4299948976465946 0.19503070710861548 0.06979472509470386 0.4737213230291276 0.21602182064029507 1 1
0.7425592258932235 0.06392588718606973 0.9599267157555817 0.7250318661008736 0.9056144234635494 6 4
0.47817324576362563 0.7849439955612441 0.825989758225928 0.9100316355289468 0.9358940878544203 4 1
0.7425592258932235 0.06392588718606973 0.9599267157555817 0.7250318661008736 0.9056144234635494 6 4
0.47817324576362563 0.7849439955612441 0.825989758225928 0.9100316355289468 0.9358940878544203 4 1
0.7910664259640394 0.3417668573955148 0.6596787935549562 0.9318972385224701 0.15477662210881526 1 1
0.7910664259640394 0.3417668573955148 0.6596787935549562 0.9318972385224701 0.15477662210881526 1 1
0.3143984657729597 0.33429664231179446 0.7627617058752957 0.9015427086259483 0.16196678624964078 6 4
0.6185408086522636 0.7328771137073083 0.567889115651671 0.9629422092585648 0.7013933882301148 2 1
0.665629643029014 0.03799235096236697 0.8880081223156073 0.27331264269665756 0.2758177652037527 4 2
0.40002044528469616 0.789078803920146 0.13250476459276095 0.016144510975827586 0.05882136924662407 1 1
0.42537706827982114 0.5529355946479649 0.8994952472645281 0.03751716918735171 0.7397145409236421 6 6
0.9190017365912164 0.9781595619943942 0.6882255974318208 0.4554201496865018 0.5196355582501689 3 5
0.40002044528469616 0.789078803920146 0.13250476459276095 0.016144510975827586 0.05882136924662407 1 1
0.4299948976465946 0.19503070710861548 0.06979472509470386 0.4737213230291276 0.21602182064029507 1 1
0.4299948976465946 0.19503070710861548 0.06979472509470386 0.4737213230291276 0.21602182064029507 1 1
0.4299948976465946 0.19503070710861548 0.06979472509470386 0.4737213230291276 0.21602182064029507 1 1
0.570646922089993 0.048064679553744494 0.22695627304770627 0.7225776554105033 0.6981957562943892 1 2
0.9459775988388117 0.8319399928591444 0.8607184671126832 0.9375762995793718 0.537870241878756 7 8
0.7425592258932235 0.06392588718606973 0.9599267157555817 0.7250318661008736 0.9056144234635494 6 4
0.7910664259640394 0.3417668573955148 0.6596787935549562 0.9318972385224701 0.15477662210881526 1 1
0.7910664259640394 0.3417668573955148 0.6596787935549562 0.9318972385224701 0.15477662210881526 1 1
0.5398835358673193 0.30796866375529175 0.2117339660685924 0.24996398561400912 0.228233328034958 3 1
0.7910664259640394 0.3417668573955148 0.6596787935549562 0.9318972385224701 0.15477662210881526 1 1
0.42537706827982114 0.5529355946479649 0.8994952472645281 0.03751716918735171 0.7397145409236421 6 6
0.665629643029014 0.03799235096236697 0.8880081223156073 0.27331264269665756 0.2758177652037527 4 2
0.42537706827982114 0.5529355946479649 0.8994952472645281 0.03751716918735171 0.7397145409236421 6 6
0.42537706827982114 0.5529355946479649 0.8994952472645281 0.03751716918735171 0.7397145409236421 6 6
0.9190017365912164 0.9781595619943942 0.6882255974318208 0.4554201496865018 0.5196355582501689 3 5
0.9190017365912164 0.9781595619943942 0.6882255974318208 0.4554201496865018 0.5196355582501689 3 5
0.4299948976465946 0.19503070710861548 0.06979472509470386 0.4737213230291276 0.21602182064029507 1 1
0.4299948976465946 0.19503070710861548 0.06979472509470386 0.4737213230291276 0.21602182064029507 1 1
0.7425592258932235 0.06392588718606973 0.9599267157555817 0.7250318661008736 0.9056144234635494 6 4
0.570646922089993 0.048064679553744494 0.22695627304770627 0.7225776554105033 0.6981957562943892 1 2
0.47817324576362563 0.7849439955612441 0.825989758225928 0.9100316355289468 0.9358940878544203 4 1
0.5398835358673193 0.30796866375529175 0.2117339660685924 0.24996398561400912 0.228233328034958 3 1
0.5398835358673193 0.30796866375529175 0.2117339660685924 0.24996398561400912 0.228233328034958 3 1
0.5398835358673193 0.30796866375529175 0.2117339660685924 0.24996398561400912 0.228233328034958 3 1
0.7910664259640394 0.3417668573955148 0.6596787935549562 0.9318972385224701 0.15477662210881526 1 1
0.3143984657729597 0.33429664231179446 0.7627617058752957 0.9015427086259483 0.16196678624964078 6 4
0.6185408086522636 0.7328771137073083 0.567889115651671 0.9629422092585648 0.7013933882301148 2 1
0.665629643029014 0.03799235096236697 0.8880081223156073 0.27331264269665756 0.2758177652037527 4 2
0.42537706827982114 0.5529355946479649 0.8994952472645281 0.03751716918735171 0.7397145409236421 6 6
0.9190017365912164 0.9781595619943942 0.6882255974318208 0.4554201496865018 0.5196355582501689 3 5
0.720681509517156 0.9825944245291142 0.9728085554688914 0.331397148290533 0.13338245667624904 8 2
0.720681509517156 0.9825944245291142 0.9728085554688914 0.331397148290533 0.13338245667624904 8 2
0.4299948976465946 0.19503070710861548 0.06979472509470386 0.4737213230291276 0.21602182064029507 1 1
0.4299948976465946 0.19503070710861548 0.06979472509470386 0.4737213230291276 0.21602182064029507 1 1
0.7425592258932235 0.06392588718606973 0.9599267157555817 0.7250318661008736 0.9056144234635494 6 4
0.7425592258932235 0.06392588718606973 0.9599267157555817 0.7250318661008736 0.9056144234635494 6 4
0.5398835358673193 0.30796866375529175 0.2117339660685924 0.24996398561400912 0.228233328034958 3 1
0.7425592258932235 0.06392588718606973 0.9599267157555817 0.7250318661008736 0.9056144234635494 6 4
0.9459775988388117 0.8319399928591444 0.8607184671126832 0.9375762995793718 0.537870241878756 7 8
0.5398835358673193 0.30796866375529175 0.2117339660685924 0.24996398561400912 0.228233328034958 3 1
0.3143984657729597 0.33429664231179446 0.7627617058752957 0.9015427086259483 0.16196678624964078 6 4
0.33264484811650064 0.4454001027964234 0.07132245470543075 0.4113395611384837 0.9773203268706452 6 5
0.665629643029014 0.03799235096236697 0.8880081223156073 0.27331264269665756 0.2758177652037527 4 2
0.42537706827982114 0.5529355946479649 0.8994952472645281 0.03751716918735171 0.7397145409236421 6 6
0.9190017365912164 0.9781595619943942 0.6882255974318208 0.4554201496865018 0.5196355582501689 3 5
0.720681509517156 0.9825944245291142 0.9728085554688914 0.331397148290533 0.13338245667624904 8 2
0.720681509517156 0.9825944245291142 0.9728085554688914 0.331397148290533 0.13338245667624904 8 2
0.4299948976465946 0.19503070710861548 0.06979472509470386 0.4737213230291276 0.21602182064029507 1 1
0.4299948976465946 0.19503070710861548 0.06979472509470386 0.4737213230291276 0.21602182064029507 1 1
0.570646922089993 0.048064679553744494 0.22695627304770627 0.7225776554105033 0.6981957562943892 1 2
0.570646922089993 0.048064679553744494 0.22695627304770627 0.7225776554105033 0.6981957562943892 1 2
0.7425592258932235 0.06392588718606973 0.9599267157555817 0.7250318661008736 0.9056144234635494 6 4
0.665629643029014 0.03799235096236697 0.8880081223156073 0.27331264269665756 0.2758177652037527 4 2
0.9459775988388117 0.8319399928591444 0.8607184671126832 0.9375762995793718 0.537870241878756 7 8
0.7098514183931197 0.8918609100389365 0.9190941174089695 0.5978959631803623 0.32070818442665516 6 1
0.5398835358673193 0.30796866375529175 0.2117339660685924 0.24996398561400912 0.228233328034958 3 1
0.33264484811650064 0.4454001027964234 0.07132245470543075 0.4113395611384837 0.9773203268706452 6 5
0.6185408086522636 0.7328771137073083 0.567889115651671 0.9629422092585648 0.7013933882301148 2 1
0.42537706827982114 0.5529355946479649 0.8994952472645281 0.03751716918735171 0.7397145409236421 6 6
0.42537706827982114 0.5529355946479649 0.8994952472645281 0.03751716918735171 0.7397145409236421 6 6
0.42537706827982114 0.5529355946479649 0.8994952472645281 0.03751716918735171 0.7397145409236421 6 6
0.9190017365912164 0.9781595619943942 0.6882255974318208 0.4554201496865018 0.5196355582501689 3 5
0.9190017365912164 0.9781595619943942 0.6882255974318208 0.4554201496865018 0.5196355582501689 3 5
0.4299948976465946 0.19503070710861548 0.06979472509470386 0.4737213230291276 0.21602182064029507 1 1
0.4299948976465946 0.19503070710861548 0.06979472509470386 0.4737213230291276 0.21602182064029507 1 1
0.7425592258932235 0.06392588718606973 0.9599267157555817 0.7250318661008736 0.9056144234635494 6 4
0.570646922089993 0.048064679553744494 0.22695627304770627 0.7225776554105033 0.6981957562943892 1 2
0.47817324576362563 0.7849439955612441 0.825989758225928 0.9100316355289468 0.9358940878544203 4 1
0.5398835358673193 0.30796866375529175 0.2117339660685924 0.24996398561400912 0.228233328034958 3 1
0.47817324576362563 0.7849439955612441 0.825989758225928 0.9100316355289468 0.9358940878544203 4 1
0.665629643029014 0.03799235096236697 0.8880081223156073 0.27331264269665756 0.2758177652037527 4 2
0.7098514183931197 0.8918609100389365 0.9190941174089695 0.5978959631803623 0.32070818442665516 6 1
0.7910664259640394 0.3417668573955148 0.6596787935549562 0.9318972385224701 0.15477662210881526 1 1
0.6185408086522636 0.7328771137073083 0.567889115651671 0.9629422092585648 0.7013933882301148 2 1
0.665629643029014 0.03799235096236697 0.8880081223156073 0.27331264269665756 0.2758177652037527 4 2
0.42537706827982114 0.5529355946479649 0.8994952472645281 0.03751716918735171 0.7397145409236421 6 6
0.9190017365912164 0.9781595619943942 0.6882255974318208 0.4554201496865018 0.5196355582501689 3 5
0.40002044528469616 0.789078803920146 0.13250476459276095 0.016144510975827586 0.05882136924662407 1 1
0.4299948976465946 0.19503070710861548 0.06979472509470386 0.4737213230291276 0.21602182064029507 1 1
0.4299948976465946 0.19503070710861548 0.06979472509470386 0.4737213230291276 0.21602182064029507 1 1
0.4299948976465946 0.19503070710861548 0.06979472509470386 0.4737213230291276 0.21602182064029507 1 1
0.7425592258932235 0.06392588718606973 0.9599267157555817 0.7250318661008736 0.9056144234635494 6 4
0.7425592258932235 0.06392588718606973 0.9599267157555817 0.7250318661008736 0.9056144234635494 6 4
0.9459775988388117 0.8319399928591444 0.8607184671126832 0.9375762995793718 0.537870241878756 7 8
0.5398835358673193 0.30796866375529175 0.2117339660685924 0.24996398561400912 0.228233328034958 3 1
0.9459775988388117 0.8319399928591444 0.8607184671126832 0.9375762995793718 0.537870241878756 7 8
0.7098514183931197 0.8918609100389365 0.9190941174089695 0.5978959631803623 0.32070818442665516 6 1
0.5398835358673193 0.30796866375529175 0.2117339660685924 0.24996398561400912 0.228233328034958 3 1
0.7910664259640394 0.3417668573955148 0.6596787935549562 0.9318972385224701 0.15477662210881526 1 1
0.6185408086522636 0.7328771137073083 0.567889115651671 0.9629422092585648 0.7013933882301148 2 1
0.665629643029014 0.03799235096236697 0.8880081223156073 0.27331264269665756 0.2758177652037527 4 2
0.42537706827982114 0.5529355946479649 0.8994952472645281 0.03751716918735171 0.7397145409236421 6 6
0.42537706827982114 0.5529355946479649 0.8994952472645281 0.03751716918735171 0.7397145409236421 6 6
0.9190017365912164 0.9781595619943942 0.6882255974318208 0.4554201496865018 0.5196355582501689 3 5
0.9190017365912164 0.9781595619943942 0.6882255974318208 0.4554201496865018 0.5196355582501689 3 5
0.4299948976465946 0.19503070710861548 0.06979472509470386 0.4737213230291276 0.21602182064029507 1 1
0.4299948976465946 0.19503070710861548 0.06979472509470386 0.4737213230291276 0.21602182064029507 1 1
0.4299948976465946 0.19503070710861548 0.06979472509470386 0.4737213230291276 0.21602182064029507 1 1
0.7425592258932235 0.06392588718606973 0.9599267157555817 0.7250318661008736 0.9056144234635494 6 4
0.47817324576362563 0.7849439955612441 0.825989758225928 0.9100316355289468 0.9358940878544203 4 1
0.7425592258932235 0.06392588718606973 0.9599267157555817 0.7250318661008736 0.9056144234635494 6 4
0.47817324576362563 0.7849439955612441 0.825989758225928 0.9100316355289468 0.9358940878544203 4 1
0.5398835358673193 0.30796866375529175 0.2117339660685924 0.24996398561400912 0.228233328034958 3 1
0.7910664259640394 0.3417668573955148 0.6596787935549562 0.9318972385224701 0.15477662210881526 1 1
0.3143984657729597 0.33429664231179446 0.7627617058752957 0.9015427086259483 0.16196678624964078 6 4
0.6185408086522636 0.7328771137073083 0.567889115651671 0.9629422092585648 0.7013933882301148 2 1
0.665629643029014 0.03799235096236697 0.8880081223156073 0.27331264269665756 0.2758177652037527 4 2
0.42537706827982114 0.5529355946479649 0.8994952472645281 0.03751716918735171 0.7397145409236421 6 6
0.9190017365912164 0.9781595619943942 0.6882255974318208 0.4554201496865018 0.5196355582501689 3 5
0.9190017365912164 0.9781595619943942 0.6882255974318208 0.4554201496865018 0.5196355582501689 3 5
0.4299948976465946 0.19503070710861548 0.06979472509470386 0.4737213230291276 0.21602182064029507 1 1
0.4299948976465946 0.19503070710861548 0.06979472509470386 0.4737213230291276 0.21602182064029507 1 1
0.4299948976465946 0.19503070710861548 0.06979472509470386 0.4737213230291276 0.21602182064029507 1 1
0.7425592258932235 0.06392588718606973 0.9599267157555817 0.7250318661008736 0.9056144234635494 6 4
0.7425592258932235 0.06392588718606973 0.9599267157555817 0.7250318661008736 0.9056144234635494 6 4
0.9842555625105458 0.620621906792632 0.5462509653918728 0.5548911288777765 0.4599042890208944 2 6
0.7425592258932235 0.06392588718606973 0.9599267157555817 0.7250318661008736 0.9056144234635494 6 4
0.5398835358673193 0.30796866375529175 0.2117339660685924 0.24996398561400912 0.228233328034958 3 1
0.3143984657729597 0.33429664231179446 0.7627617058752957 0.9015427086259483 0.16196678624964078 6 4
0.33264484811650064 0.4454001027964234 0.07132245470543075 0.4113395611384837 0.9773203268706452 6 5
0.7910664259640394 0.3417668573955148 0.6596787935549562 0.9318972385224701 0.15477662210881526 1 1
0.665629643029014 0.03799235096236697 0.8880081223156073 0.27331264269665756 0.2758177652037527 4 2
0.42537706827982114 0.5529355946479649 0.8994952472645281 0.03751716918735171 0.7397145409236421 6 6
0.42537706827982114 0.5529355946479649 0.8994952472645281 0.03751716918735171 0.7397145409236421 6 6
0.720681509517156 0.9825944245291142 0.9728085554688914 0.331397148290533 0.13338245667624904 8 2
0.4299948976465946 0.19503070710861548 0.06979472509470386 0.4737213230291276 0.21602182064029507 1 1
0.4299948976465946 0.19503070710861548 0.06979472509470386 0.4737213230291276 0.21602182064029507 1 1
0.4299948976465946 0.19503070710861548 0.06979472509470386 0.4737213230291276 0.21602182064029507 1 1
0.570646922089993 0.048064679553744494 0.22695627304770627 0.7225776554105033 0.6981957562943892 1 2
0.570646922089993 0.048064679553744494 0.22695627304770627 0.7225776554105033 0.6981957562943892 1 2
0.7425592258932235 0.06392588718606973 0.9599267157555817 0.7250318661008736 0.9056144234635494 6 4
0.7425592258932235 0.06392588718606973 0.9599267157555817 0.7250318661008736 0.9056144234635494 6 4
0.5398835358673193 0.30796866375529175 0.2117339660685924 0.24996398561400912 0.228233328034958 3 1
0.5398835358673193 0.30796866375529175 0.2117339660685924 0.24996398561400912 0.228233328034958 3 1
0.7910664259640394 0.3417668573955148 0.6596787935549562 0.9318972385224701 0.15477662210881526 1 1
0.3143984657729597 0.33429664231179446 0.7627617058752957 0.9015427086259483 0.16196678624964078 6 4
0.6185408086522636 0.7328771137073083 0.567889115651671 0.9629422092585648 0.7013933882301148 2 1
0.665629643029014 0.03799235096236697 0.8880081223156073 0.27331264269665756 0.2758177652037527 4 2
0.42537706827982114 0.5529355946479649 0.8994952472645281 0.03751716918735171 0.7397145409236421 6 6
0.9190017365912164 0.9781595619943942 0.6882255974318208 0.4554201496865018 0.5196355582501689 3 5
0.9190017365912164 0.9781595619943942 0.6882255974318208 0.4554201496865018 0.5196355582501689 3 5
0.720681509517156 0.9825944245291142 0.9728085554688914 0.331397148290533 0.13338245667624904 8 2
0.4299948976465946 0.19503070710861548 0.06979472509470386 0.4737213230291276 0.21602182064029507 1 1
0.4299948976465946 0.19503070710861548 0.06979472509470386 0.4737213230291276 0.21602182064029507 1 1
0.4299948976465946 0.19503070710861548 0.06979472509470386 0.4737213230291276 0.21602182064029507 1 1
0.570646922089993 0.048064679553744494 0.22695627304770627 0.7225776554105033 0.6981957562943892 1 2
0.9459775988388117 0.8319399928591444 0.8607184671126832 0.9375762995793718 0.537870241878756 7 8
0.7425592258932235 0.06392588718606973 0.9599267157555817 0.7250318661008736 0.9056144234635494 6 4
0.7910664259640394 0.3417668573955148 0.6596787935549562 0.9318972385224701 0.15477662210881526 1 1
0.7910664259640394 0.3417668573955148 0.6596787935549562 0.9318972385224701 0.15477662210881526 1 1
0.5398835358673193 0.30796866375529175 0.2117339660685924 0.24996398561400912 0.228233328034958 3 1
0.7910664259640394 0.3417668573955148 0.6596787935549562 0.9318972385224701 0.15477662210881526 1 1
0.7910664259640394 0.3417668573955148 0.6596787935549562 0.9318972385224701 0.15477662210881526 1 1
0.665629643029014 0.03799235096236697 0.8880081223156073 0.27331264269665756 0.2758177652037527 4 2
0.40002044528469616 0.789078803920146 0.13250476459276095 0.016144510975827586 0.05882136924662407 1 1
0.9190017365912164 0.9781595619943942 0.6882255974318208 0.4554201496865018 0.5196355582501689 3 5
0.9190017365912164 0.9781595619943942 0.6882255974318208 0.4554201496865018 0.5196355582501689 3 5
0.4299948976465946 0.19503070710861548 0.06979472509470386 0.4737213230291276 0.21602182064029507 1 1
0.4299948976465946 0.19503070710861548 0.06979472509470386 0.4737213230291276 0.21602182064029507 1 1
0.4299948976465946 0.19503070710861548 0.06979472509470386 0.4737213230291276 0.21602182064029507 1 1
0.4299948976465946 0.19503070710861548 0.06979472509470386 0.4737213230291276 0.21602182064029507 1 1
0.570646922089993 0.048064679553744494 0.22695627304770627 0.7225776554105033 0.6981957562943892 1 2
0.9842555625105458 0.620621906792632 0.5462509653918728 0.5548911288777765 0.4599042890208944 2 6
0.7425592258932235 0.06392588718606973 0.9599267157555817 0.7250318661008736 0.9056144234635494 6 4
0.7910664259640394 0.3417668573955148 0.6596787935549562 0.9318972385224701 0.15477662210881526 1 1
0.7098514183931197 0.8918609100389365 0.9190941174089695 0.5978959631803623 0.32070818442665516 6 1
0.5398835358673193 0.30796866375529175 0.2117339660685924 0.24996398561400912 0.228233328034958 3 1
0.7910664259640394 0.3417668573955148 0.6596787935549562 0.9318972385224701 0.15477662210881526 1 1
0.42537706827982114 0.5529355946479649 0.8994952472645281 0.03751716918735171 0.7397145409236421 6 6
0.665629643029014 0.03799235096236697 0.8880081223156073 0.27331264269665756 0.2758177652037527 4 2
0.42537706827982114 0.5529355946479649 0.8994952472645281 0.03751716918735171 0.7397145409236421 6 6
0.42537706827982114 0.5529355946479649 0.8994952472645281 0.03751716918735171 0.7397145409236421 6 6
0.9190017365912164 0.9781595619943942 0.6882255974318208 0.4554201496865018 0.5196355582501689 3 5
0.9190017365912164 0.9781595619943942 0.6882255974318208 0.4554201496865018 0.5196355582501689 3 5
0.4299948976465946 0.19503070710861548 0.06979472509470386 0.4737213230291276 0.21602182064029507 1 1
0.4299948976465946 0.19503070710861548 0.06979472509470386 0.4737213230291276 0.21602182064029507 1 1
0.7425592258932235 0.06392588718606973 0.9599267157555817 0.7250318661008736 0.9056144234635494 6 4
0.570646922089993 0.048064679553744494 0.22695627304770627 0.7225776554105033 0.6981957562943892 1 2
0.47817324576362563 0.7849439955612441 0.825989758225928 0.9100316355289468 0.9358940878544203 4 1
0.5398835358673193 0.30796866375529175 0.2117339660685924 0.24996398561400912 0.228233328034958 3 1
0.5398835358673193 0.30796866375529175 0.2117339660685924 0.24996398561400912 0.228233328034958 3 1
0.5398835358673193 0.30796866375529175 0.2117339660685924 0.24996398561400912 0.228233328034958 3 1
0.7910664259640394 0.3417668573955148 0.6596787935549562 0.9318972385224701 0.15477662210881526 1 1
0.3143984657729597 0.33429664231179446 0.7627617058752957 0.9015427086259483 0.16196678624964078 6 4
0.6185408086522636 0.7328771137073083 0.567889115651671 0.9629422092585648 0.7013933882301148 2 1
0.665629643029014 0.03799235096236697 0.8880081223156073 0.27331264269665756 0.2758177652037527 4 2
0.42537706827982114 0.5529355946479649 0.8994952472645281 0.03751716918735171 0.7397145409236421 6 6
0.42537706827982114 0.5529355946479649 0.8994952472645281 0.03751716918735171 0.7397145409236421 6 6
0.4299948976465946 0.19503070710861548 0.06979472509470386 0.4737213230291276 0.21602182064029507 1 1
0.720681509517156 0.9825944245291142 0.9728085554688914 0.331397148290533 0.13338245667624904 8 2
0.4299948976465946 0.19503070710861548 0.06979472509470386 0.4737213230291276 0.21602182064029507 1 1
0.4299948976465946 0.19503070710861548 0.06979472509470386 0.4737213230291276 0.21602182064029507 1 1
0.7425592258932235 0.06392588718606973 0.9599267157555817 0.7250318661008736 0.9056144234635494 6 4
0.7425592258932235 0.06392588718606973 0.9599267157555817 0.7250318661008736 0.9056144234635494 6 4
0.9459775988388117 0.8319399928591444 0.8607184671126832 0.9375762995793718 0.537870241878756 7 8
0.5398835358673193 0.30796866375529175 0.2117339660685924 0.24996398561400912 0.228233328034958 3 1
0.9459775988388117 0.8319399928591444 0.8607184671126832 0.9375762995793718 0.537870241878756 7 8
0.7098514183931197 0.8918609100389365 0.9190941174089695 0.5978959631803623 0.32070818442665516 6 1
0.5398835358673193 0.30796866375529175 0.2117339660685924 0.24996398561400912 0.228233328034958 3 1
0.7910664259640394 0.3417668573955148 0.6596787935549562 0.9318972385224701 0.15477662210881526 1 1
0.6185408086522636 0.7328771137073083 0.567889115651671 0.9629422092585648 0.7013933882301148 2 1
0.665629643029014 0.03799235096236697 0.8880081223156073 0.27331264269665756 0.2758177652037527 4 2
0.42537706827982114 0.5529355946479649 0.8994952472645281 0.03751716918735171 0.7397145409236421 6 6
0.9190017365912164 0.9781595619943942 0.6882255974318208 0.4554201496865018 0.5196355582501689 3 5
0.40002044528469616 0.789078803920146 0.13250476459276095 0.016144510975827586 0.05882136924662407 1 1
0.4299948976465946 0.19503070710861548 0.06979472509470386 0.4737213230291276 0.21602182064029507 1 1
0.4299948976465946 0.19503070710861548 0.06979472509470386 0.4737213230291276 0.21602182064029507 1 1
0.4299948976465946 0.19503070710861548 0.06979472509470386 0.4737213230291276 0.21602182064029507 1 1
0.4299948976465946 0.19503070710861548 0.06979472509470386 0.4737213230291276 0.21602182064029507 1 1
0.570646922089993 0.048064679553744494 0.22695627304770627 0.7225776554105033 0.6981957562943892 1 2
0.9842555625105458 0.620621906792632 0.5462509653918728 0.5548911288777765 0.4599042890208944 2 6
0.7425592258932235 0.06392588718606973 0.9599267157555817 0.7250318661008736 0.9056144234635494 6 4
0.7910664259640394 0.3417668573955148 0.6596787935549562 0.9318972385224701 0.15477662210881526 1 1
0.7098514183931197 0.8918609100389365 0.9190941174089695 0.5978959631803623 0.32070818442665516 6 1
0.5398835358673193 0.30796866375529175 0.2117339660685924 0.24996398561400912 0.228233328034958 3 1
0.7910664259640394 0.3417668573955148 0.6596787935549562 0.9318972385224701 0.15477662210881526 1 1
0.6185408086522636 0.7328771137073083 0.567889115651671 0.9629422092585648 0.7013933882301148 2 1
0.665629643029014 0.03799235096236697 0.8880081223156073 0.27331264269665756 0.2758177652037527 4 2
0.42537706827982114 0.5529355946479649 0.8994952472645281 0.03751716918735171 0.7397145409236421 6 6
0.9190017365912164 0.9781595619943942 0.6882255974318208 0.4554201496865018 0.5196355582501689 3 5
0.9190017365912164 0.9781595619943942 0.6882255974318208 0.4554201496865018 0.5196355582501689 3 5
0.720681509517156 0.9825944245291142 0.9728085554688914 0.331397148290533 0.13338245667624904 8 2
0.4299948976465946 0.19503070710861548 0.06979472509470386 0.4737213230291276 0.21602182064029507 1 1
0.4299948976465946 0.19503070710861548 0.06979472509470386 0.4737213230291276 0.21602182064029507 1 1
0.7425592258932235 0.06392588718606973 0.9599267157555817 0.7250318661008736 0.9056144234635494 6 4
0.570646922089993 0.048064679553744494 0.22695627304770627 0.7225776554105033 0.6981957562943892 1 2
0.9459775988388117 0.8319399928591444 0.8607184671126832 0.9375762995793718 0.537870241878756 7 8
0.7425592258932235 0.06392588718606973 0.9599267157555817 0.7250318661008736 0.9056144234635494 6 4
0.9459775988388117 0.8319399928591444 0.8607184671126832 0.9375762995793718 0.537870241878756 7 8
0.7098514183931197 0.8918609100389365 0.9190941174089695 0.5978959631803623 0.32070818442665516 6 1
0.5398835358673193 0.30796866375529175 0.2117339660685924 0.24996398561400912 0.228233328034958 3 1
0.665629643029014 0.03799235096236697 0.8880081223156073 0.27331264269665756 0.2758177652037527 4 2
0.6185408086522636 0.7328771137073083 0.567889115651671 0.9629422092585648 0.7013933882301148 2 1
0.2141097594970327 0.3131366412647778 0.7144182998689641 0.6949422389728949 0.9696398584042616 5 3
0.42537706827982114 0.5529355946479649 0.8994952472645281 0.03751716918735171 0.7397145409236421 6 6
0.42537706827982114 0.5529355946479649 0.8994952472645281 0.03751716918735171 0.7397145409236421 6 6
0.9190017365912164 0.9781595619943942 0.6882255974318208 0.4554201496865018 0.5196355582501689 3 5
0.4299948976465946 0.19503070710861548 0.06979472509470386 0.4737213230291276 0.21602182064029507 1 1
0.4299948976465946 0.19503070710861548 0.06979472509470386 0.4737213230291276 0.21602182064029507 1 1
0.4299948976465946 0.19503070710861548 0.06979472509470386 0.4737213230291276 0.21602182064029507 1 1
0.4299948976465946 0.19503070710861548 0.06979472509470386 0.4737213230291276 0.21602182064029507 1 1
0.570646922089993 0.048064679553744494 0.22695627304770627 0.7225776554105033 0.6981957562943892 1 2
0.9459775988388117 0.8319399928591444 0.8607184671126832 0.9375762995793718 0.537870241878756 7 8
0.7425592258932235 0.06392588718606973 0.9599267157555817 0.7250318661008736 0.9056144234635494 6 4
0.7910664259640394 0.3417668573955148 0.6596787935549562 0.9318972385224701 0.15477662210881526 1 1
0.7098514183931197 0.8918609100389365 0.9190941174089695 0.5978959631803623 0.32070818442665516 6 1
0.5398835358673193 0.30796866375529175 0.2117339660685924 0.24996398561400912 0.228233328034958 3 1
0.3143984657729597 0.33429664231179446 0.7627617058752957 0.9015427086259483 0.16196678624964078 6 4
0.42537706827982114 0.5529355946479649 0.8994952472645281 0.03751716918735171 0.7397145409236421 6 6
0.665629643029014 0.03799235096236697 0.8880081223156073 0.27331264269665756 0.2758177652037527 4 2
0.42537706827982114 0.5529355946479649 0.8994952472645281 0.03751716918735171 0.7397145409236421 6 6
0.42537706827982114 0.5529355946479649 0.8994952472645281 0.03751716918735171 0.7397145409236421 6 6
0.40002044528469616 0.789078803920146 0.13250476459276095 0.016144510975827586 0.05882136924662407 1 1
0.4299948976465946 0.19503070710861548 0.06979472509470386 0.4737213230291276 0.21602182064029507 1 1
0.4299948976465946 0.19503070710861548 0.06979472509470386 0.4737213230291276 0.21602182064029507 1 1
0.4299948976465946 0.19503070710861548 0.06979472509470386 0.4737213230291276 0.21602182064029507 1 1
0.7425592258932235 0.06392588718606973 0.9599267157555817 0.7250318661008736 0.9056144234635494 6 4
0.7425592258932235 0.06392588718606973 0.9599267157555817 0.7250318661008736 0.9056144234635494 6 4
0.9459775988388117 0.8319399928591444 0.8607184671126832 0.9375762995793718 0.537870241878756 7 8
0.5398835358673193 0.30796866375529175 0.2117339660685924 0.24996398561400912 0.228233328034958 3 1
0.9459775988388117 0.8319399928591444 0.8607184671126832 0.9375762995793718 0.537870241878756 7 8
0.7098514183931197 0.8918609100389365 0.9190941174089695 0.5978959631803623 0.32070818442665516 6 1
0.5398835358673193 0.30796866375529175 0.2117339660685924 0.24996398561400912 0.228233328034958 3 1
0.7910664259640394 0.3417668573955148 0.6596787935549562 0.9318972385224701 0.15477662210881526 1 1
0.6185408086522636 0.7328771137073083 0.567889115651671 0.9629422092585648 0.7013933882301148 2 1
0.665629643029014 0.03799235096236697 0.8880081223156073 0.27331264269665756 0.2758177652037527 4 2
0.42537706827982114 0.5529355946479649 0.8994952472645281 0.03751716918735171 0.7397145409236421 6 6
0.9190017365912164 0.9781595619943942 0.6882255974318208 0.4554201496865018 0.5196355582501689 3 5
0.4299948976465946 0.19503070710861548 0.06979472509470386 0.4737213230291276 0.21602182064029507 1 1
0.4299948976465946 0.19503070710861548 0.06979472509470386 0.4737213230291276 0.21602182064029507 1 1
0.4299948976465946 0.19503070710861548 0.06979472509470386 0.4737213230291276 0.21602182064029507 1 1
0.4299948976465946 0.19503070710861548 0.06979472509470386 0.4737213230291276 0.21602182064029507 1 1
0.47817324576362563 0.7849439955612441 0.825989758225928 0.9100316355289468 0.9358940878544203 4 1
0.570646922089993 0.048064679553744494 0.22695627304770627 0.7225776554105033 0.6981957562943892 1 2
0.9459775988388117 0.8319399928591444 0.8607184671126832 0.9375762995793718 0.537870241878756 7 8
0.7425592258932235 0.06392588718606973 0.9599267157555817 0.7250318661008736 0.9056144234635494 6 4
0.9459775988388117 0.8319399928591444 0.8607184671126832 0.9375762995793718 0.537870241878756 7 8
0.5398835358673193 0.30796866375529175 0.2117339660685924 0.24996398561400912 0.228233328034958 3 1
0.7098514183931197 0.8918609100389365 0.9190941174089695 0.5978959631803623 0.32070818442665516 6 1
0.7910664259640394 0.3417668573955148 0.6596787935549562 0.9318972385224701 0.15477662210881526 1 1
0.6295720380908393 0.11248314370727575 0.2966814633707274 0.6872317685958956 0.540158556153421 5 7
0.665629643029014 0.03799235096236697 0.8880081223156073 0.27331264269665756 0.2758177652037527 4 2
0.42537706827982114 0.5529355946479649 0.8994952472645281 0.03751716918735171 0.7397145409236421 6 6
0.9190017365912164 0.9781595619943942 0.6882255974318208 0.4554201496865018 0.5196355582501689 3 5
0.9190017365912164 0.9781595619943942 0.6882255974318208 0.4554201496865018 0.5196355582501689 3 5
0.720681509517156 0.9825944245291142 0.9728085554688914 0.331397148290533 0.13338245667624904 8 2
0.4299948976465946 0.19503070710861548 0.06979472509470386 0.4737213230291276 0.21602182064029507 1 1
0.4299948976465946 0.19503070710861548 0.06979472509470386 0.4737213230291276 0.21602182064029507 1 1
0.7425592258932235 0.06392588718606973 0.9599267157555817 0.7250318661008736 0.9056144234635494 6 4
0.570646922089993 0.048064679553744494 0.22695627304770627 0.7225776554105033 0.6981957562943892 1 2
0.47817324576362563 0.7849439955612441 0.825989758225928 0.9100316355289468 0.9358940878544203 4 1
0.5398835358673193 0.30796866375529175 0.2117339660685924 0.24996398561400912 0.228233328034958 3 1
0.7910664259640394 0.3417668573955148 0.6596787935549562 0.9318972385224701 0.15477662210881526 1 1
0.7910664259640394 0.3417668573955148 0.6596787935549562 0.9318972385224701 0.15477662210881526 1 1
0.7910664259640394 0.3417668573955148 0.6596787935549562 0.9318972385224701 0.15477662210881526 1 1
0.7910664259640394 0.3417668573955148 0.6596787935549562 0.9318972385224701 0.15477662210881526 1 1
0.7910664259640394 0.3417668573955148 0.6596787935549562 0.9318972385224701 0.15477662210881526 1 1
