population 0 fitness 0.4978415231385269 years 25.0 length 15
population 1 fitness 0.4984544968200935 years 25.0 length 17
population 2 fitness 0.49886349495996857 years 23.0 length 16
population 3 fitness 0.4990815850104428 years 23.0 length 15
population 4 fitness 0.49803963925057526 years 22.0 length 15
population 5 fitness 0.4983326318705764 years 22.0 length 17
population 6 fitness 0.4969288308522283 years 21.0 length 15
population 7 fitness 0.4969898330037646 years 21.0 length 15
population 8 fitness 0.4964407060080302 years 20.0 length 15
population 9 fitness 0.496249243889258 years 20.0 length 16
population 10 fitness 0.49570194549863456 years 19.0 length 16
population 11 fitness 0.4958765173787889 years 19.0 length 16
population 12 fitness 0.4969868748473224 years 18.0 length 17
population 13 fitness 0.4969683901038706 years 18.0 length 15
population 14 fitness 0.4982091111763082 years 17.0 length 17
population 15 fitness 0.4985548726759199 years 17.0 length 16
population 16 fitness 0.4984233412304684 years 16.0 length 18
population 17 fitness 0.49905784033710243 years 16.0 length 15
population 18 fitness 0.49789792812284295 years 15.0 length 16
population 19 fitness 0.49869391202894797 years 15.0 length 16
population 20 fitness 0.496798943857845 years 14.0 length 16
population 21 fitness 0.49844440294143205 years 14.0 length 17
population 22 fitness 0.49465140601698326 years 13.0 length 16
population 23 fitness 0.4952392910140106 years 13.0 length 15
population 24 fitness 0.4969963323960373 years 12.0 length 18
population 25 fitness 0.4971078914808221 years 12.0 length 15
population 26 fitness 0.49353838713303283 years 11.0 length 17
population 27 fitness 0.4940825285313098 years 11.0 length 15
population 28 fitness 0.4928112762373605 years 10.0 length 16
population 29 fitness 0.4935074385937687 years 10.0 length 16
population 30 fitness 0.49344346914920934 years 9.0 length 18
population 31 fitness 0.49460292348762164 years 9.0 length 17
population 32 fitness 0.4922368213440404 years 8.0 length 15
population 33 fitness 0.49709144476712336 years 8.0 length 15
population 34 fitness 0.49253534846585956 years 7.0 length 17
population 35 fitness 0.49529364904950457 years 7.0 length 15
population 36 fitness 0.4903278297908337 years 6.0 length 15
population 37 fitness 0.49124431557801107 years 6.0 length 18
population 38 fitness 0.4874698362844921 years 5.0 length 16
population 39 fitness 0.4933774074456917 years 5.0 length 16

0.8539402534265781 0.2441385126307356 0.8497889136809494 0.215073694548775 0.04051766845085136 7 4
0.8647853053355078 0.13778588739554076 0.6234770708757049 0.6043060432974511 0.4036723639307447 7 2
0.4351299740088258 0.04546357950705138 0.6064927005461632 0.5176943224283346 0.7352619331736329 1 3
0.8630469406572443 0.7163675132234952 0.13467083215920317 0.3814603234592614 0.30733797328369006 6 8
0.4351299740088258 0.04546357950705138 0.6064927005461632 0.5176943224283346 0.7352619331736329 1 3
0.0738485548534189 0.8178245693387786 0.8138856147781754 0.7649213489124123 0.340463992140842 1 8
0.18396316092582254 0.06805565424844084 0.32191153575745113 0.32858460829380376 0.3429914828971655 4 6
0.3931137171291744 0.4239245665546181 0.029479948377881704 0.504614638833909 0.25124675727107604 7 3
0.29009593936183586 0.7364354268542116 0.13857661433586266 0.07631791514525699 0.20820255098579676 3 1
0.29009593936183586 0.7364354268542116 0.13857661433586266 0.07631791514525699 0.20820255098579676 3 1
0.3931137171291744 0.4239245665546181 0.029479948377881704 0.504614638833909 0.25124675727107604 7 3
0.38065952621455335 0.798378142107671 0.013344582105122016 0.4470341275937677 0.5717577120528858 1 3
0.8647853053355078 0.13778588739554076 0.6234770708757049 0.6043060432974511 0.4036723639307447 7 2
0.8227466729623353 0.003672859067152756 0.35849940955429593 0.3642943969972757 0.7275022808627314 1 2
0.8539402534265781 0.2441385126307356 0.8497889136809494 0.215073694548775 0.04051766845085136 7 4
0.15011941154407593 0.4090365260511556 0.6249981181921862 0.5818249725429187 0.4726845296254152 4 2
0.4351299740088258 0.04546357950705138 0.6064927005461632 0.5176943224283346 0.7352619331736329 1 3
0.8340651280353188 0.5773669968056023 0.6874240613642673 0.022775128254774013 0.4496092351586213 3 1
0.0738485548534189 0.8178245693387786 0.8138856147781754 0.7649213489124123 0.340463992140842 1 8
0.0738485548534189 0.8178245693387786 0.8138856147781754 0.7649213489124123 0.340463992140842 1 8
0.0738485548534189 0.8178245693387786 0.8138856147781754 0.7649213489124123 0.340463992140842 1 8
0.29009593936183586 0.7364354268542116 0.13857661433586266 0.07631791514525699 0.20820255098579676 3 1
0.0738485548534189 0.8178245693387786 0.8138856147781754 0.7649213489124123 0.340463992140842 1 8
0.29009593936183586 0.7364354268542116 0.13857661433586266 0.07631791514525699 0.20820255098579676 3 1
0.3931137171291744 0.4239245665546181 0.029479948377881704 0.504614638833909 0.25124675727107604 7 3
0.03654494662529739 0.4025862378399253 0.8487159892263271 0.764732422892686 0.4376882508202318 5 6
0.38065952621455335 0.798378142107671 0.013344582105122016 0.4470341275937677 0.5717577120528858 1 3
0.8227466729623353 0.003672859067152756 0.35849940955429593 0.3642943969972757 0.7275022808627314 1 2
0.8227466729623353 0.003672859067152756 0.35849940955429593 0.3642943969972757 0.7275022808627314 1 2
0.8227466729623353 0.003672859067152756 0.35849940955429593 0.3642943969972757 0.7275022808627314 1 2
0.8630469406572443 0.7163675132234952 0.13467083215920317 0.3814603234592614 0.30733797328369006 6 8
0.7545780793752355 0.12571731969261435 0.7535331936956441 0.0911071414890422 0.5385023991201474 6 2
0.8630469406572443 0.7163675132234952 0.13467083215920317 0.3814603234592614 0.30733797328369006 6 8
0.15011941154407593 0.4090365260511556 0.6249981181921862 0.5818249725429187 0.4726845296254152 4 2
0.1358878148137208 0.07691743286834218 0.19897580592664543 0.9037133218513114 0.6658250141567214 4 1
0.1358878148137208 0.07691743286834218 0.19897580592664543 0.9037133218513114 0.6658250141567214 4 1
0.4351299740088258 0.04546357950705138 0.6064927005461632 0.5176943224283346 0.7352619331736329 1 3
0.15011941154407593 0.4090365260511556 0.6249981181921862 0.5818249725429187 0.4726845296254152 4 2
0.0738485548534189 0.8178245693387786 0.8138856147781754 0.7649213489124123 0.340463992140842 1 8
0.29009593936183586 0.7364354268542116 0.13857661433586266 0.07631791514525699 0.20820255098579676 3 1
0.3931137171291744 0.4239245665546181 0.029479948377881704 0.504614638833909 0.25124675727107604 7 3
0.03654494662529739 0.4025862378399253 0.8487159892263271 0.764732422892686 0.4376882508202318 5 6
0.8647853053355078 0.13778588739554076 0.6234770708757049 0.6043060432974511 0.4036723639307447 7 2
0.03654494662529739 0.4025862378399253 0.8487159892263271 0.764732422892686 0.4376882508202318 5 6
0.2191053644854365 0.9523801731376615 0.06994213056660536 0.8888388364126428 0.14405022725117123 4 1
0.8647853053355078 0.13778588739554076 0.6234770708757049 0.6043060432974511 0.4036723639307447 7 2
0.8227466729623353 0.003672859067152756 0.35849940955429593 0.3642943969972757 0.7275022808627314 1 2
0.8227466729623353 0.003672859067152756 0.35849940955429593 0.3642943969972757 0.7275022808627314 1 2
0.8539402534265781 0.2441385126307356 0.8497889136809494 0.215073694548775 0.04051766845085136 7 4
0.8647853053355078 0.13778588739554076 0.6234770708757049 0.6043060432974511 0.4036723639307447 7 2
0.4351299740088258 0.04546357950705138 0.6064927005461632 0.5176943224283346 0.7352619331736329 1 3
0.8630469406572443 0.7163675132234952 0.13467083215920317 0.3814603234592614 0.30733797328369006 6 8
0.4351299740088258 0.04546357950705138 0.6064927005461632 0.5176943224283346 0.7352619331736329 1 3
0.0738485548534189 0.8178245693387786 0.8138856147781754 0.7649213489124123 0.340463992140842 1 8
0.18396316092582254 0.06805565424844084 0.32191153575745113 0.32858460829380376 0.3429914828971655 4 6
0.3931137171291744 0.4239245665546181 0.029479948377881704 0.504614638833909 0.25124675727107604 7 3
0.29009593936183586 0.7364354268542116 0.13857661433586266 0.07631791514525699 0.20820255098579676 3 1
0.29009593936183586 0.7364354268542116 0.13857661433586266 0.07631791514525699 0.20820255098579676 3 1
0.3931137171291744 0.4239245665546181 0.029479948377881704 0.504614638833909 0.25124675727107604 7 3
0.38065952621455335 0.798378142107671 0.013344582105122016 0.4470341275937677 0.5717577120528858 1 3
0.8647853053355078 0.13778588739554076 0.6234770708757049 0.6043060432974511 0.4036723639307447 7 2
0.8227466729623353 0.003672859067152756 0.35849940955429593 0.3642943969972757 0.7275022808627314 1 2
0.8539402534265781 0.2441385126307356 0.8497889136809494 0.215073694548775 0.04051766845085136 7 4
0.8539402534265781 0.2441385126307356 0.8497889136809494 0.215073694548775 0.04051766845085136 7 4
0.8539402534265781 0.2441385126307356 0.8497889136809494 0.215073694548775 0.04051766845085136 7 4
0.8647853053355078 0.13778588739554076 0.6234770708757049 0.6043060432974511 0.4036723639307447 7 2
0.4351299740088258 0.04546357950705138 0.6064927005461632 0.5176943224283346 0.7352619331736329 1 3
0.8630469406572443 0.7163675132234952 0.13467083215920317 0.3814603234592614 0.30733797328369006 6 8
0.0738485548534189 0.8178245693387786 0.8138856147781754 0.7649213489124123 0.340463992140842 1 8
0.0738485548534189 0.8178245693387786 0.8138856147781754 0.7649213489124123 0.340463992140842 1 8
0.29009593936183586 0.7364354268542116 0.13857661433586266 0.07631791514525699 0.20820255098579676 3 1
0.0738485548534189 0.8178245693387786 0.8138856147781754 0.7649213489124123 0.340463992140842 1 8
0.0738485548534189 0.8178245693387786 0.8138856147781754 0.7649213489124123 0.340463992140842 1 8
0.29009593936183586 0.7364354268542116 0.13857661433586266 0.07631791514525699 0.20820255098579676 3 1
0.3931137171291744 0.4239245665546181 0.029479948377881704 0.504614638833909 0.25124675727107604 7 3
0.38065952621455335 0.798378142107671 0.013344582105122016 0.4470341275937677 0.5717577120528858 1 3
0.5067482953221979 0.9836456570590946 0.7803585390183824 0.487298941515947 0.014880060654006044 1 3
0.38065952621455335 0.798378142107671 0.013344582105122016 0.4470341275937677 0.5717577120528858 1 3
0.15011941154407593 0.4090365260511556 0.6249981181921862 0.5818249725429187 0.4726845296254152 4 2
0.4351299740088258 0.04546357950705138 0.6064927005461632 0.5176943224283346 0.7352619331736329 1 3
0.8539402534265781 0.2441385126307356 0.8497889136809494 0.215073694548775 0.04051766845085136 7 4
0.0738485548534189 0.8178245693387786 0.8138856147781754 0.7649213489124123 0.340463992140842 1 8
0.4351299740088258 0.04546357950705138 0.6064927005461632 0.5176943224283346 0.7352619331736329 1 3
0.0738485548534189 0.8178245693387786 0.8138856147781754 0.7649213489124123 0.340463992140842 1 8
0.0738485548534189 0.8178245693387786 0.8138856147781754 0.7649213489124123 0.340463992140842 1 8
0.29009593936183586 0.7364354268542116 0.13857661433586266 0.07631791514525699 0.20820255098579676 3 1
0.0738485548534189 0.8178245693387786 0.8138856147781754 0.7649213489124123 0.340463992140842 1 8
0.29009593936183586 0.7364354268542116 0.13857661433586266 0.07631791514525699 0.20820255098579676 3 1
0.3931137171291744 0.4239245665546181 0.029479948377881704 0.504614638833909 0.25124675727107604 7 3
0.03654494662529739 0.4025862378399253 0.8487159892263271 0.764732422892686 0.4376882508202318 5 6
0.38065952621455335 0.798378142107671 0.013344582105122016 0.4470341275937677 0.5717577120528858 1 3
0.8647853053355078 0.13778588739554076 0.6234770708757049 0.6043060432974511 0.4036723639307447 7 2
0.8227466729623353 0.003672859067152756 0.35849940955429593 0.3642943969972757 0.7275022808627314 1 2
0.8630469406572443 0.7163675132234952 0.13467083215920317 0.3814603234592614 0.30733797328369006 6 8
0.8630469406572443 0.7163675132234952 0.13467083215920317 0.3814603234592614 0.30733797328369006 6 8
0.8647853053355078 0.13778588739554076 0.6234770708757049 0.6043060432974511 0.4036723639307447 7 2
0.8539402534265781 0.2441385126307356 0.8497889136809494 0.215073694548775 0.04051766845085136 7 4
0.8647853053355078 0.13778588739554076 0.6234770708757049 0.6043060432974511 0.4036723639307447 7 2
0.4351299740088258 0.04546357950705138 0.6064927005461632 0.5176943224283346 0.7352619331736329 1 3
0.8630469406572443 0.7163675132234952 0.13467083215920317 0.3814603234592614 0.30733797328369006 6 8
0.0738485548534189 0.8178245693387786 0.8138856147781754 0.7649213489124123 0.340463992140842 1 8
0.0738485548534189 0.8178245693387786 0.8138856147781754 0.7649213489124123 0.340463992140842 1 8
0.29009593936183586 0.7364354268542116 0.13857661433586266 0.07631791514525699 0.20820255098579676 3 1
0.0738485548534189 0.8178245693387786 0.8138856147781754 0.7649213489124123 0.340463992140842 1 8
0.0738485548534189 0.8178245693387786 0.8138856147781754 0.7649213489124123 0.340463992140842 1 8
0.29009593936183586 0.7364354268542116 0.13857661433586266 0.07631791514525699 0.20820255098579676 3 1
0.3931137171291744 0.4239245665546181 0.029479948377881704 0.504614638833909 0.25124675727107604 7 3
0.38065952621455335 0.798378142107671 0.013344582105122016 0.4470341275937677 0.5717577120528858 1 3
0.8227466729623353 0.003672859067152756 0.35849940955429593 0.3642943969972757 0.7275022808627314 1 2
0.8539402534265781 0.2441385126307356 0.8497889136809494 0.215073694548775 0.04051766845085136 7 4
0.8630469406572443 0.7163675132234952 0.13467083215920317 0.3814603234592614 0.30733797328369006 6 8
0.4351299740088258 0.04546357950705138 0.6064927005461632 0.5176943224283346 0.7352619331736329 1 3
0.1358878148137208 0.07691743286834218 0.19897580592664543 0.9037133218513114 0.6658250141567214 4 1
0.0738485548534189 0.8178245693387786 0.8138856147781754 0.7649213489124123 0.340463992140842 1 8
0.4351299740088258 0.04546357950705138 0.6064927005461632 0.5176943224283346 0.7352619331736329 1 3
0.15011941154407593 0.4090365260511556 0.6249981181921862 0.5818249725429187 0.4726845296254152 4 2
0.29009593936183586 0.7364354268542116 0.13857661433586266 0.07631791514525699 0.20820255098579676 3 1
0.0738485548534189 0.8178245693387786 0.8138856147781754 0.7649213489124123 0.340463992140842 1 8
0.03654494662529739 0.4025862378399253 0.8487159892263271 0.764732422892686 0.4376882508202318 5 6
0.8647853053355078 0.13778588739554076 0.6234770708757049 0.6043060432974511 0.4036723639307447 7 2
0.03654494662529739 0.4025862378399253 0.8487159892263271 0.764732422892686 0.4376882508202318 5 6
0.38065952621455335 0.798378142107671 0.013344582105122016 0.4470341275937677 0.5717577120528858 1 3
0.8647853053355078 0.13778588739554076 0.6234770708757049 0.6043060432974511 0.4036723639307447 7 2
0.8227466729623353 0.003672859067152756 0.35849940955429593 0.3642943969972757 0.7275022808627314 1 2
0.8227466729623353 0.003672859067152756 0.35849940955429593 0.3642943969972757 0.7275022808627314 1 2
0.8539402534265781 0.2441385126307356 0.8497889136809494 0.215073694548775 0.04051766845085136 7 4
0.8647853053355078 0.13778588739554076 0.6234770708757049 0.6043060432974511 0.4036723639307447 7 2
0.4351299740088258 0.04546357950705138 0.6064927005461632 0.5176943224283346 0.7352619331736329 1 3
0.8630469406572443 0.7163675132234952 0.13467083215920317 0.3814603234592614 0.30733797328369006 6 8
0.0738485548534189 0.8178245693387786 0.8138856147781754 0.7649213489124123 0.340463992140842 1 8
0.15011941154407593 0.4090365260511556 0.6249981181921862 0.5818249725429187 0.4726845296254152 4 2
0.0738485548534189 0.8178245693387786 0.8138856147781754 0.7649213489124123 0.340463992140842 1 8
0.29009593936183586 0.7364354268542116 0.13857661433586266 0.07631791514525699 0.20820255098579676 3 1
0.0738485548534189 0.8178245693387786 0.8138856147781754 0.7649213489124123 0.340463992140842 1 8
0.0738485548534189 0.8178245693387786 0.8138856147781754 0.7649213489124123 0.340463992140842 1 8
0.29009593936183586 0.7364354268542116 0.13857661433586266 0.07631791514525699 0.20820255098579676 3 1
0.3931137171291744 0.4239245665546181 0.029479948377881704 0.504614638833909 0.25124675727107604 7 3
0.38065952621455335 0.798378142107671 0.013344582105122016 0.4470341275937677 0.5717577120528858 1 3
0.8647853053355078 0.13778588739554076 0.6234770708757049 0.6043060432974511 0.4036723639307447 7 2
0.8227466729623353 0.003672859067152756 0.35849940955429593 0.3642943969972757 0.7275022808627314 1 2
0.8630469406572443 0.7163675132234952 0.13467083215920317 0.3814603234592614 0.30733797328369006 6 8
0.15011941154407593 0.4090365260511556 0.6249981181921862 0.5818249725429187 0.4726845296254152 4 2
0.1358878148137208 0.07691743286834218 0.19897580592664543 0.9037133218513114 0.6658250141567214 4 1
0.1358878148137208 0.07691743286834218 0.19897580592664543 0.9037133218513114 0.6658250141567214 4 1
0.4351299740088258 0.04546357950705138 0.6064927005461632 0.5176943224283346 0.7352619331736329 1 3
0.0738485548534189 0.8178245693387786 0.8138856147781754 0.7649213489124123 0.340463992140842 1 8
0.0738485548534189 0.8178245693387786 0.8138856147781754 0.7649213489124123 0.340463992140842 1 8
0.29009593936183586 0.7364354268542116 0.13857661433586266 0.07631791514525699 0.20820255098579676 3 1
0.3931137171291744 0.4239245665546181 0.029479948377881704 0.504614638833909 0.25124675727107604 7 3
0.03654494662529739 0.4025862378399253 0.8487159892263271 0.764732422892686 0.4376882508202318 5 6
0.8647853053355078 0.13778588739554076 0.6234770708757049 0.6043060432974511 0.4036723639307447 7 2
0.03654494662529739 0.4025862378399253 0.8487159892263271 0.764732422892686 0.4376882508202318 5 6
0.2191053644854365 0.9523801731376615 0.06994213056660536 0.8888388364126428 0.14405022725117123 4 1
0.8647853053355078 0.13778588739554076 0.6234770708757049 0.6043060432974511 0.4036723639307447 7 2
0.8227466729623353 0.003672859067152756 0.35849940955429593 0.3642943969972757 0.7275022808627314 1 2
0.8227466729623353 0.003672859067152756 0.35849940955429593 0.3642943969972757 0.7275022808627314 1 2
0.8630469406572443 0.7163675132234952 0.13467083215920317 0.3814603234592614 0.30733797328369006 6 8
0.8630469406572443 0.7163675132234952 0.13467083215920317 0.3814603234592614 0.30733797328369006 6 8
0.8630469406572443 0.7163675132234952 0.13467083215920317 0.3814603234592614 0.30733797328369006 6 8
0.8340651280353188 0.5773669968056023 0.6874240613642673 0.022775128254774013 0.4496092351586213 3 1
0.4351299740088258 0.04546357950705138 0.6064927005461632 0.5176943224283346 0.7352619331736329 1 3
0.0738485548534189 0.8178245693387786 0.8138856147781754 0.7649213489124123 0.340463992140842 1 8
0.29009593936183586 0.7364354268542116 0.13857661433586266 0.07631791514525699 0.20820255098579676 3 1
0.3931137171291744 0.4239245665546181 0.029479948377881704 0.504614638833909 0.25124675727107604 7 3
0.03654494662529739 0.4025862378399253 0.8487159892263271 0.764732422892686 0.4376882508202318 5 6
0.03654494662529739 0.4025862378399253 0.8487159892263271 0.764732422892686 0.4376882508202318 5 6
0.03654494662529739 0.4025862378399253 0.8487159892263271 0.764732422892686 0.4376882508202318 5 6
0.38065952621455335 0.798378142107671 0.013344582105122016 0.4470341275937677 0.5717577120528858 1 3
0.8647853053355078 0.13778588739554076 0.6234770708757049 0.6043060432974511 0.4036723639307447 7 2
0.8227466729623353 0.003672859067152756 0.35849940955429593 0.3642943969972757 0.7275022808627314 1 2
0.8227466729623353 0.003672859067152756 0.35849940955429593 0.3642943969972757 0.7275022808627314 1 2
0.4022296326728029 0.42593178469016435 0.8181833569139865 0.5241524610432649 0.7547444025064312 8 7
0.6074868654751969 0.5545298264734687 0.0520692970087554 0.3053742634191796 0.8643553020616846 3 4
0.8630469406572443 0.7163675132234952 0.13467083215920317 0.3814603234592614 0.30733797328369006 6 8
0.8630469406572443 0.7163675132234952 0.13467083215920317 0.3814603234592614 0.30733797328369006 6 8
0.8539402534265781 0.2441385126307356 0.8497889136809494 0.215073694548775 0.04051766845085136 7 4
0.8340651280353188 0.5773669968056023 0.6874240613642673 0.022775128254774013 0.4496092351586213 3 1
0.4351299740088258 0.04546357950705138 0.6064927005461632 0.5176943224283346 0.7352619331736329 1 3
0.0738485548534189 0.8178245693387786 0.8138856147781754 0.7649213489124123 0.340463992140842 1 8
0.29009593936183586 0.7364354268542116 0.13857661433586266 0.07631791514525699 0.20820255098579676 3 1
0.0738485548534189 0.8178245693387786 0.8138856147781754 0.7649213489124123 0.340463992140842 1 8
0.29009593936183586 0.7364354268542116 0.13857661433586266 0.07631791514525699 0.20820255098579676 3 1
0.3931137171291744 0.4239245665546181 0.029479948377881704 0.504614638833909 0.25124675727107604 7 3
0.03654494662529739 0.4025862378399253 0.8487159892263271 0.764732422892686 0.4376882508202318 5 6
0.2191053644854365 0.9523801731376615 0.06994213056660536 0.8888388364126428 0.14405022725117123 4 1
0.8227466729623353 0.003672859067152756 0.35849940955429593 0.3642943969972757 0.7275022808627314 1 2
0.8227466729623353 0.003672859067152756 0.35849940955429593 0.3642943969972757 0.7275022808627314 1 2
0.3818694497390741 0.6590955399936596 0.3798056927753207 0.6992108783532791 0.6823555996125453 3 8
0.8630469406572443 0.7163675132234952 0.13467083215920317 0.3814603234592614 0.30733797328369006 6 8
0.8647853053355078 0.13778588739554076 0.6234770708757049 0.6043060432974511 0.4036723639307447 7 2
0.4351299740088258 0.04546357950705138 0.6064927005461632 0.5176943224283346 0.7352619331736329 1 3
0.8630469406572443 0.7163675132234952 0.13467083215920317 0.3814603234592614 0.30733797328369006 6 8
0.0738485548534189 0.8178245693387786 0.8138856147781754 0.7649213489124123 0.340463992140842 1 8
0.0738485548534189 0.8178245693387786 0.8138856147781754 0.7649213489124123 0.340463992140842 1 8
0.0738485548534189 0.8178245693387786 0.8138856147781754 0.7649213489124123 0.340463992140842 1 8
0.29009593936183586 0.7364354268542116 0.13857661433586266 0.07631791514525699 0.20820255098579676 3 1
0.0738485548534189 0.8178245693387786 0.8138856147781754 0.7649213489124123 0.340463992140842 1 8
0.29009593936183586 0.7364354268542116 0.13857661433586266 0.07631791514525699 0.20820255098579676 3 1
0.3931137171291744 0.4239245665546181 0.029479948377881704 0.504614638833909 0.25124675727107604 7 3
0.03654494662529739 0.4025862378399253 0.8487159892263271 0.764732422892686 0.4376882508202318 5 6
0.38065952621455335 0.798378142107671 0.013344582105122016 0.4470341275937677 0.5717577120528858 1 3
0.8647853053355078 0.13778588739554076 0.6234770708757049 0.6043060432974511 0.4036723639307447 7 2
0.8227466729623353 0.003672859067152756 0.35849940955429593 0.3642943969972757 0.7275022808627314 1 2
0.8227466729623353 0.003672859067152756 0.35849940955429593 0.3642943969972757 0.7275022808627314 1 2
0.8630469406572443 0.7163675132234952 0.13467083215920317 0.3814603234592614 0.30733797328369006 6 8
0.4022296326728029 0.42593178469016435 0.8181833569139865 0.5241524610432649 0.7547444025064312 8 7
0.8630469406572443 0.7163675132234952 0.13467083215920317 0.3814603234592614 0.30733797328369006 6 8
0.8630469406572443 0.7163675132234952 0.13467083215920317 0.3814603234592614 0.30733797328369006 6 8
0.8630469406572443 0.7163675132234952 0.13467083215920317 0.3814603234592614 0.30733797328369006 6 8
0.0738485548534189 0.8178245693387786 0.8138856147781754 0.7649213489124123 0.340463992140842 1 8
0.0738485548534189 0.8178245693387786 0.8138856147781754 0.7649213489124123 0.340463992140842 1 8
0.0738485548534189 0.8178245693387786 0.8138856147781754 0.7649213489124123 0.340463992140842 1 8
0.29009593936183586 0.7364354268542116 0.13857661433586266 0.07631791514525699 0.20820255098579676 3 1
0.03654494662529739 0.4025862378399253 0.8487159892263271 0.764732422892686 0.4376882508202318 5 6
0.03654494662529739 0.4025862378399253 0.8487159892263271 0.764732422892686 0.4376882508202318 5 6
0.03654494662529739 0.4025862378399253 0.8487159892263271 0.764732422892686 0.4376882508202318 5 6
0.38065952621455335 0.798378142107671 0.013344582105122016 0.4470341275937677 0.5717577120528858 1 3
0.8647853053355078 0.13778588739554076 0.6234770708757049 0.6043060432974511 0.4036723639307447 7 2
0.8227466729623353 0.003672859067152756 0.35849940955429593 0.3642943969972757 0.7275022808627314 1 2
0.8227466729623353 0.003672859067152756 0.35849940955429593 0.3642943969972757 0.7275022808627314 1 2
0.15011941154407593 0.4090365260511556 0.6249981181921862 0.5818249725429187 0.4726845296254152 4 2
0.4351299740088258 0.04546357950705138 0.6064927005461632 0.5176943224283346 0.7352619331736329 1 3
0.8340651280353188 0.5773669968056023 0.6874240613642673 0.022775128254774013 0.4496092351586213 3 1
0.8340651280353188 0.5773669968056023 0.6874240613642673 0.022775128254774013 0.4496092351586213 3 1
0.4351299740088258 0.04546357950705138 0.6064927005461632 0.5176943224283346 0.7352619331736329 1 3
0.0738485548534189 0.8178245693387786 0.8138856147781754 0.7649213489124123 0.340463992140842 1 8
0.29009593936183586 0.7364354268542116 0.13857661433586266 0.07631791514525699 0.20820255098579676 3 1
0.0738485548534189 0.8178245693387786 0.8138856147781754 0.7649213489124123 0.340463992140842 1 8
0.29009593936183586 0.7364354268542116 0.13857661433586266 0.07631791514525699 0.20820255098579676 3 1
0.3931137171291744 0.4239245665546181 0.029479948377881704 0.504614638833909 0.25124675727107604 7 3
0.03654494662529739 0.4025862378399253 0.8487159892263271 0.764732422892686 0.4376882508202318 5 6
0.38065952621455335 0.798378142107671 0.013344582105122016 0.4470341275937677 0.5717577120528858 1 3
0.8227466729623353 0.003672859067152756 0.35849940955429593 0.3642943969972757 0.7275022808627314 1 2
0.8227466729623353 0.003672859067152756 0.35849940955429593 0.3642943969972757 0.7275022808627314 1 2
0.8227466729623353 0.003672859067152756 0.35849940955429593 0.3642943969972757 0.7275022808627314 1 2
0.8630469406572443 0.7163675132234952 0.13467083215920317 0.3814603234592614 0.30733797328369006 6 8
0.7545780793752355 0.12571731969261435 0.7535331936956441 0.0911071414890422 0.5385023991201474 6 2
0.8647853053355078 0.13778588739554076 0.6234770708757049 0.6043060432974511 0.4036723639307447 7 2
0.4351299740088258 0.04546357950705138 0.6064927005461632 0.5176943224283346 0.7352619331736329 1 3
0.4351299740088258 0.04546357950705138 0.6064927005461632 0.5176943224283346 0.7352619331736329 1 3
0.8630469406572443 0.7163675132234952 0.13467083215920317 0.3814603234592614 0.30733797328369006 6 8
0.0738485548534189 0.8178245693387786 0.8138856147781754 0.7649213489124123 0.340463992140842 1 8
0.15011941154407593 0.4090365260511556 0.6249981181921862 0.5818249725429187 0.4726845296254152 4 2
0.0738485548534189 0.8178245693387786 0.8138856147781754 0.7649213489124123 0.340463992140842 1 8
0.29009593936183586 0.7364354268542116 0.13857661433586266 0.07631791514525699 0.20820255098579676 3 1
0.0738485548534189 0.8178245693387786 0.8138856147781754 0.7649213489124123 0.340463992140842 1 8
0.0738485548534189 0.8178245693387786 0.8138856147781754 0.7649213489124123 0.340463992140842 1 8
0.29009593936183586 0.7364354268542116 0.13857661433586266 0.07631791514525699 0.20820255098579676 3 1
0.3931137171291744 0.4239245665546181 0.029479948377881704 0.504614638833909 0.25124675727107604 7 3
0.38065952621455335 0.798378142107671 0.013344582105122016 0.4470341275937677 0.5717577120528858 1 3
0.2191053644854365 0.9523801731376615 0.06994213056660536 0.8888388364126428 0.14405022725117123 4 1
0.8227466729623353 0.003672859067152756 0.35849940955429593 0.3642943969972757 0.7275022808627314 1 2
0.8539402534265781 0.2441385126307356 0.8497889136809494 0.215073694548775 0.04051766845085136 7 4
0.8630469406572443 0.7163675132234952 0.13467083215920317 0.3814603234592614 0.30733797328369006 6 8
0.8630469406572443 0.7163675132234952 0.13467083215920317 0.3814603234592614 0.30733797328369006 6 8
0.8539402534265781 0.2441385126307356 0.8497889136809494 0.215073694548775 0.04051766845085136 7 4
0.1358878148137208 0.07691743286834218 0.19897580592664543 0.9037133218513114 0.6658250141567214 4 1
0.4351299740088258 0.04546357950705138 0.6064927005461632 0.5176943224283346 0.7352619331736329 1 3
0.0738485548534189 0.8178245693387786 0.8138856147781754 0.7649213489124123 0.340463992140842 1 8
0.0738485548534189 0.8178245693387786 0.8138856147781754 0.7649213489124123 0.340463992140842 1 8
0.29009593936183586 0.7364354268542116 0.13857661433586266 0.07631791514525699 0.20820255098579676 3 1
0.0738485548534189 0.8178245693387786 0.8138856147781754 0.7649213489124123 0.340463992140842 1 8
0.03654494662529739 0.4025862378399253 0.8487159892263271 0.764732422892686 0.4376882508202318 5 6
0.38065952621455335 0.798378142107671 0.013344582105122016 0.4470341275937677 0.5717577120528858 1 3
0.38065952621455335 0.798378142107671 0.013344582105122016 0.4470341275937677 0.5717577120528858 1 3
0.8647853053355078 0.13778588739554076 0.6234770708757049 0.6043060432974511 0.4036723639307447 7 2
0.8227466729623353 0.003672859067152756 0.35849940955429593 0.3642943969972757 0.7275022808627314 1 2
0.8227466729623353 0.003672859067152756 0.35849940955429593 0.3642943969972757 0.7275022808627314 1 2
0.6074868654751969 0.5545298264734687 0.0520692970087554 0.3053742634191796 0.8643553020616846 3 4
0.4685571443337636 0.8457519153075139 0.5417037326756114 0.03379041723353704 0.9102810960950757 3 2
0.042389597068034024 0.6031385208663917 0.17672057623577664 0.9355966547431418 0.6166365217123891 5 8
0.8630469406572443 0.7163675132234952 0.13467083215920317 0.3814603234592614 0.30733797328369006 6 8
0.7545780793752355 0.12571731969261435 0.7535331936956441 0.0911071414890422 0.5385023991201474 6 2
0.15011941154407593 0.4090365260511556 0.6249981181921862 0.5818249725429187 0.4726845296254152 4 2
0.4351299740088258 0.04546357950705138 0.6064927005461632 0.5176943224283346 0.7352619331736329 1 3
0.8340651280353188 0.5773669968056023 0.6874240613642673 0.022775128254774013 0.4496092351586213 3 1
0.0738485548534189 0.8178245693387786 0.8138856147781754 0.7649213489124123 0.340463992140842 1 8
0.0738485548534189 0.8178245693387786 0.8138856147781754 0.7649213489124123 0.340463992140842 1 8
0.0738485548534189 0.8178245693387786 0.8138856147781754 0.7649213489124123 0.340463992140842 1 8
0.29009593936183586 0.7364354268542116 0.13857661433586266 0.07631791514525699 0.20820255098579676 3 1
0.0738485548534189 0.8178245693387786 0.8138856147781754 0.7649213489124123 0.340463992140842 1 8
0.03654494662529739 0.4025862378399253 0.8487159892263271 0.764732422892686 0.4376882508202318 5 6
0.38065952621455335 0.798378142107671 0.013344582105122016 0.4470341275937677 0.5717577120528858 1 3
0.8227466729623353 0.003672859067152756 0.35849940955429593 0.3642943969972757 0.7275022808627314 1 2
0.8227466729623353 0.003672859067152756 0.35849940955429593 0.3642943969972757 0.7275022808627314 1 2
0.8227466729623353 0.003672859067152756 0.35849940955429593 0.3642943969972757 0.7275022808627314 1 2
0.8539402534265781 0.2441385126307356 0.8497889136809494 0.215073694548775 0.04051766845085136 7 4
0.8647853053355078 0.13778588739554076 0.6234770708757049 0.6043060432974511 0.4036723639307447 7 2
0.4351299740088258 0.04546357950705138 0.6064927005461632 0.5176943224283346 0.7352619331736329 1 3
0.8630469406572443 0.7163675132234952 0.13467083215920317 0.3814603234592614 0.30733797328369006 6 8
0.4351299740088258 0.04546357950705138 0.6064927005461632 0.5176943224283346 0.7352619331736329 1 3
0.0738485548534189 0.8178245693387786 0.8138856147781754 0.7649213489124123 0.340463992140842 1 8
0.0738485548534189 0.8178245693387786 0.8138856147781754 0.7649213489124123 0.340463992140842 1 8
0.29009593936183586 0.7364354268542116 0.13857661433586266 0.07631791514525699 0.20820255098579676 3 1
0.0738485548534189 0.8178245693387786 0.8138856147781754 0.7649213489124123 0.340463992140842 1 8
0.29009593936183586 0.7364354268542116 0.13857661433586266 0.07631791514525699 0.20820255098579676 3 1
0.3931137171291744 0.4239245665546181 0.029479948377881704 0.504614638833909 0.25124675727107604 7 3
0.03654494662529739 0.4025862378399253 0.8487159892263271 0.764732422892686 0.4376882508202318 5 6
0.38065952621455335 0.798378142107671 0.013344582105122016 0.4470341275937677 0.5717577120528858 1 3
0.8647853053355078 0.13778588739554076 0.6234770708757049 0.6043060432974511 0.4036723639307447 7 2
0.8227466729623353 0.003672859067152756 0.35849940955429593 0.3642943969972757 0.7275022808627314 1 2
0.8539402534265781 0.2441385126307356 0.8497889136809494 0.215073694548775 0.04051766845085136 7 4
0.8647853053355078 0.13778588739554076 0.6234770708757049 0.6043060432974511 0.4036723639307447 7 2
0.4351299740088258 0.04546357950705138 0.6064927005461632 0.5176943224283346 0.7352619331736329 1 3
0.4351299740088258 0.04546357950705138 0.6064927005461632 0.5176943224283346 0.7352619331736329 1 3
0.8630469406572443 0.7163675132234952 0.13467083215920317 0.3814603234592614 0.30733797328369006 6 8
0.0738485548534189 0.8178245693387786 0.8138856147781754 0.7649213489124123 0.340463992140842 1 8
0.15011941154407593 0.4090365260511556 0.6249981181921862 0.5818249725429187 0.4726845296254152 4 2
0.0738485548534189 0.8178245693387786 0.8138856147781754 0.7649213489124123 0.340463992140842 1 8
0.29009593936183586 0.7364354268542116 0.13857661433586266 0.07631791514525699 0.20820255098579676 3 1
0.0738485548534189 0.8178245693387786 0.8138856147781754 0.7649213489124123 0.340463992140842 1 8
0.29009593936183586 0.7364354268542116 0.13857661433586266 0.07631791514525699 0.20820255098579676 3 1
0.3931137171291744 0.4239245665546181 0.029479948377881704 0.504614638833909 0.25124675727107604 7 3
0.03654494662529739 0.4025862378399253 0.8487159892263271 0.764732422892686 0.4376882508202318 5 6
0.38065952621455335 0.798378142107671 0.013344582105122016 0.4470341275937677 0.5717577120528858 1 3
0.2191053644854365 0.9523801731376615 0.06994213056660536 0.8888388364126428 0.14405022725117123 4 1
0.8227466729623353 0.003672859067152756 0.35849940955429593 0.3642943969972757 0.7275022808627314 1 2
0.8539402534265781 0.2441385126307356 0.8497889136809494 0.215073694548775 0.04051766845085136 7 4
0.8539402534265781 0.2441385126307356 0.8497889136809494 0.215073694548775 0.04051766845085136 7 4
0.8647853053355078 0.13778588739554076 0.6234770708757049 0.6043060432974511 0.4036723639307447 7 2
0.4351299740088258 0.04546357950705138 0.6064927005461632 0.5176943224283346 0.7352619331736329 1 3
0.8630469406572443 0.7163675132234952 0.13467083215920317 0.3814603234592614 0.30733797328369006 6 8
0.4351299740088258 0.04546357950705138 0.6064927005461632 0.5176943224283346 0.7352619331736329 1 3
0.4351299740088258 0.04546357950705138 0.6064927005461632 0.5176943224283346 0.7352619331736329 1 3
0.18396316092582254 0.06805565424844084 0.32191153575745113 0.32858460829380376 0.3429914828971655 4 6
0.3931137171291744 0.4239245665546181 0.029479948377881704 0.504614638833909 0.25124675727107604 7 3
0.29009593936183586 0.7364354268542116 0.13857661433586266 0.07631791514525699 0.20820255098579676 3 1
0.29009593936183586 0.7364354268542116 0.13857661433586266 0.07631791514525699 0.20820255098579676 3 1
0.3931137171291744 0.4239245665546181 0.029479948377881704 0.504614638833909 0.25124675727107604 7 3
0.38065952621455335 0.798378142107671 0.013344582105122016 0.4470341275937677 0.5717577120528858 1 3
0.2191053644854365 0.9523801731376615 0.06994213056660536 0.8888388364126428 0.14405022725117123 4 1
0.8227466729623353 0.003672859067152756 0.35849940955429593 0.3642943969972757 0.7275022808627314 1 2
0.8539402534265781 0.2441385126307356 0.8497889136809494 0.215073694548775 0.04051766845085136 7 4
0.3818694497390741 0.6590955399936596 0.3798056927753207 0.6992108783532791 0.6823555996125453 3 8
0.8630469406572443 0.7163675132234952 0.13467083215920317 0.3814603234592614 0.30733797328369006 6 8
0.8630469406572443 0.7163675132234952 0.13467083215920317 0.3814603234592614 0.30733797328369006 6 8
0.8539402534265781 0.2441385126307356 0.8497889136809494 0.215073694548775 0.04051766845085136 7 4
0.1358878148137208 0.07691743286834218 0.19897580592664543 0.9037133218513114 0.6658250141567214 4 1
0.4351299740088258 0.04546357950705138 0.6064927005461632 0.5176943224283346 0.7352619331736329 1 3
0.0738485548534189 0.8178245693387786 0.8138856147781754 0.7649213489124123 0.340463992140842 1 8
0.0738485548534189 0.8178245693387786 0.8138856147781754 0.7649213489124123 0.340463992140842 1 8
0.29009593936183586 0.7364354268542116 0.13857661433586266 0.07631791514525699 0.20820255098579676 3 1
0.3931137171291744 0.4239245665546181 0.029479948377881704 0.504614638833909 0.25124675727107604 7 3
0.29009593936183586 0.7364354268542116 0.13857661433586266 0.07631791514525699 0.20820255098579676 3 1
0.29009593936183586 0.7364354268542116 0.13857661433586266 0.07631791514525699 0.20820255098579676 3 1
0.3931137171291744 0.4239245665546181 0.029479948377881704 0.504614638833909 0.25124675727107604 7 3
0.8647853053355078 0.13778588739554076 0.6234770708757049 0.6043060432974511 0.4036723639307447 7 2
0.8227466729623353 0.003672859067152756 0.35849940955429593 0.3642943969972757 0.7275022808627314 1 2
0.8227466729623353 0.003672859067152756 0.35849940955429593 0.3642943969972757 0.7275022808627314 1 2
0.6074868654751969 0.5545298264734687 0.0520692970087554 0.3053742634191796 0.8643553020616846 3 4
0.9172170231291221 0.7615044073226829 0.6953790862011966 0.574028795680518 0.1879213101653573 2 1
0.8539402534265781 0.2441385126307356 0.8497889136809494 0.215073694548775 0.04051766845085136 7 4
0.8647853053355078 0.13778588739554076 0.6234770708757049 0.6043060432974511 0.4036723639307447 7 2
0.4351299740088258 0.04546357950705138 0.6064927005461632 0.5176943224283346 0.7352619331736329 1 3
0.8630469406572443 0.7163675132234952 0.13467083215920317 0.3814603234592614 0.30733797328369006 6 8
0.0738485548534189 0.8178245693387786 0.8138856147781754 0.7649213489124123 0.340463992140842 1 8
0.0738485548534189 0.8178245693387786 0.8138856147781754 0.7649213489124123 0.340463992140842 1 8
0.0738485548534189 0.8178245693387786 0.8138856147781754 0.7649213489124123 0.340463992140842 1 8
0.29009593936183586 0.7364354268542116 0.13857661433586266 0.07631791514525699 0.20820255098579676 3 1
0.0738485548534189 0.8178245693387786 0.8138856147781754 0.7649213489124123 0.340463992140842 1 8
0.29009593936183586 0.7364354268542116 0.13857661433586266 0.07631791514525699 0.20820255098579676 3 1
0.3931137171291744 0.4239245665546181 0.029479948377881704 0.504614638833909 0.25124675727107604 7 3
0.03654494662529739 0.4025862378399253 0.8487159892263271 0.764732422892686 0.4376882508202318 5 6
0.03654494662529739 0.4025862378399253 0.8487159892263271 0.764732422892686 0.4376882508202318 5 6
0.2191053644854365 0.9523801731376615 0.06994213056660536 0.8888388364126428 0.14405022725117123 4 1
0.8539402534265781 0.2441385126307356 0.8497889136809494 0.215073694548775 0.04051766845085136 7 4
0.8539402534265781 0.2441385126307356 0.8497889136809494 0.215073694548775 0.04051766845085136 7 4
0.4022296326728029 0.42593178469016435 0.8181833569139865 0.5241524610432649 0.7547444025064312 8 7
0.8630469406572443 0.7163675132234952 0.13467083215920317 0.3814603234592614 0.30733797328369006 6 8
0.8630469406572443 0.7163675132234952 0.13467083215920317 0.3814603234592614 0.30733797328369006 6 8
0.8630469406572443 0.7163675132234952 0.13467083215920317 0.3814603234592614 0.30733797328369006 6 8
0.0738485548534189 0.8178245693387786 0.8138856147781754 0.7649213489124123 0.340463992140842 1 8
0.0738485548534189 0.8178245693387786 0.8138856147781754 0.7649213489124123 0.340463992140842 1 8
0.0738485548534189 0.8178245693387786 0.8138856147781754 0.7649213489124123 0.340463992140842 1 8
0.29009593936183586 0.7364354268542116 0.13857661433586266 0.07631791514525699 0.20820255098579676 3 1
0.0738485548534189 0.8178245693387786 0.8138856147781754 0.7649213489124123 0.340463992140842 1 8
0.0738485548534189 0.8178245693387786 0.8138856147781754 0.7649213489124123 0.340463992140842 1 8
0.29009593936183586 0.7364354268542116 0.13857661433586266 0.07631791514525699 0.20820255098579676 3 1
0.38065952621455335 0.798378142107671 0.013344582105122016 0.4470341275937677 0.5717577120528858 1 3
0.8647853053355078 0.13778588739554076 0.6234770708757049 0.6043060432974511 0.4036723639307447 7 2
0.8227466729623353 0.003672859067152756 0.35849940955429593 0.3642943969972757 0.7275022808627314 1 2
0.8227466729623353 0.003672859067152756 0.35849940955429593 0.3642943969972757 0.7275022808627314 1 2
0.15011941154407593 0.4090365260511556 0.6249981181921862 0.5818249725429187 0.4726845296254152 4 2
0.4351299740088258 0.04546357950705138 0.6064927005461632 0.5176943224283346 0.7352619331736329 1 3
0.8340651280353188 0.5773669968056023 0.6874240613642673 0.022775128254774013 0.4496092351586213 3 1
0.0738485548534189 0.8178245693387786 0.8138856147781754 0.7649213489124123 0.340463992140842 1 8
0.4351299740088258 0.04546357950705138 0.6064927005461632 0.5176943224283346 0.7352619331736329 1 3
0.0738485548534189 0.8178245693387786 0.8138856147781754 0.7649213489124123 0.340463992140842 1 8
0.0738485548534189 0.8178245693387786 0.8138856147781754 0.7649213489124123 0.340463992140842 1 8
0.29009593936183586 0.7364354268542116 0.13857661433586266 0.07631791514525699 0.20820255098579676 3 1
0.0738485548534189 0.8178245693387786 0.8138856147781754 0.7649213489124123 0.340463992140842 1 8
0.29009593936183586 0.7364354268542116 0.13857661433586266 0.07631791514525699 0.20820255098579676 3 1
0.3931137171291744 0.4239245665546181 0.029479948377881704 0.504614638833909 0.25124675727107604 7 3
0.03654494662529739 0.4025862378399253 0.8487159892263271 0.764732422892686 0.4376882508202318 5 6
0.38065952621455335 0.798378142107671 0.013344582105122016 0.4470341275937677 0.5717577120528858 1 3
0.8227466729623353 0.003672859067152756 0.35849940955429593 0.3642943969972757 0.7275022808627314 1 2
0.8227466729623353 0.003672859067152756 0.35849940955429593 0.3642943969972757 0.7275022808627314 1 2
0.8630469406572443 0.7163675132234952 0.13467083215920317 0.3814603234592614 0.30733797328369006 6 8
0.7545780793752355 0.12571731969261435 0.7535331936956441 0.0911071414890422 0.5385023991201474 6 2
0.9108598798733923 0.9668005555117076 0.3250699085215927 0.7419681039176788 0.42001357179416854 7 2
0.8227466729623353 0.003672859067152756 0.35849940955429593 0.3642943969972757 0.7275022808627314 1 2
0.8630469406572443 0.7163675132234952 0.13467083215920317 0.3814603234592614 0.30733797328369006 6 8
0.15011941154407593 0.4090365260511556 0.6249981181921862 0.5818249725429187 0.4726845296254152 4 2
0.1358878148137208 0.07691743286834218 0.19897580592664543 0.9037133218513114 0.6658250141567214 4 1
0.1358878148137208 0.07691743286834218 0.19897580592664543 0.9037133218513114 0.6658250141567214 4 1
0.4351299740088258 0.04546357950705138 0.6064927005461632 0.5176943224283346 0.7352619331736329 1 3
0.0738485548534189 0.8178245693387786 0.8138856147781754 0.7649213489124123 0.340463992140842 1 8
0.0738485548534189 0.8178245693387786 0.8138856147781754 0.7649213489124123 0.340463992140842 1 8
0.29009593936183586 0.7364354268542116 0.13857661433586266 0.07631791514525699 0.20820255098579676 3 1
0.0738485548534189 0.8178245693387786 0.8138856147781754 0.7649213489124123 0.340463992140842 1 8
0.29009593936183586 0.7364354268542116 0.13857661433586266 0.07631791514525699 0.20820255098579676 3 1
0.3931137171291744 0.4239245665546181 0.029479948377881704 0.504614638833909 0.25124675727107604 7 3
0.2191053644854365 0.9523801731376615 0.06994213056660536 0.8888388364126428 0.14405022725117123 4 1
0.8647853053355078 0.13778588739554076 0.6234770708757049 0.6043060432974511 0.4036723639307447 7 2
0.8227466729623353 0.003672859067152756 0.35849940955429593 0.3642943969972757 0.7275022808627314 1 2
0.8630469406572443 0.7163675132234952 0.13467083215920317 0.3814603234592614 0.30733797328369006 6 8
0.8630469406572443 0.7163675132234952 0.13467083215920317 0.3814603234592614 0.30733797328369006 6 8
0.8539402534265781 0.2441385126307356 0.8497889136809494 0.215073694548775 0.04051766845085136 7 4
0.8340651280353188 0.5773669968056023 0.6874240613642673 0.022775128254774013 0.4496092351586213 3 1
0.0738485548534189 0.8178245693387786 0.8138856147781754 0.7649213489124123 0.340463992140842 1 8
0.0738485548534189 0.8178245693387786 0.8138856147781754 0.7649213489124123 0.340463992140842 1 8
0.0738485548534189 0.8178245693387786 0.8138856147781754 0.7649213489124123 0.340463992140842 1 8
0.29009593936183586 0.7364354268542116 0.13857661433586266 0.07631791514525699 0.20820255098579676 3 1
0.3931137171291744 0.4239245665546181 0.029479948377881704 0.504614638833909 0.25124675727107604 7 3
0.03654494662529739 0.4025862378399253 0.8487159892263271 0.764732422892686 0.4376882508202318 5 6
0.29009593936183586 0.7364354268542116 0.13857661433586266 0.07631791514525699 0.20820255098579676 3 1
0.03654494662529739 0.4025862378399253 0.8487159892263271 0.764732422892686 0.4376882508202318 5 6
0.03654494662529739 0.4025862378399253 0.8487159892263271 0.764732422892686 0.4376882508202318 5 6
0.8647853053355078 0.13778588739554076 0.6234770708757049 0.6043060432974511 0.4036723639307447 7 2
0.8227466729623353 0.003672859067152756 0.35849940955429593 0.3642943969972757 0.7275022808627314 1 2
0.8647853053355078 0.13778588739554076 0.6234770708757049 0.6043060432974511 0.4036723639307447 7 2
0.40767552533135254 0.02821762025318464 0.8798068016747058 0.4051942363206965 0.01071988290631154 1 3
0.8539402534265781 0.2441385126307356 0.8497889136809494 0.215073694548775 0.04051766845085136 7 4
0.8647853053355078 0.13778588739554076 0.6234770708757049 0.6043060432974511 0.4036723639307447 7 2
0.4351299740088258 0.04546357950705138 0.6064927005461632 0.5176943224283346 0.7352619331736329 1 3
0.8630469406572443 0.7163675132234952 0.13467083215920317 0.3814603234592614 0.30733797328369006 6 8
0.4351299740088258 0.04546357950705138 0.6064927005461632 0.5176943224283346 0.7352619331736329 1 3
0.0738485548534189 0.8178245693387786 0.8138856147781754 0.7649213489124123 0.340463992140842 1 8
0.29009593936183586 0.7364354268542116 0.13857661433586266 0.07631791514525699 0.20820255098579676 3 1
0.0738485548534189 0.8178245693387786 0.8138856147781754 0.7649213489124123 0.340463992140842 1 8
0.29009593936183586 0.7364354268542116 0.13857661433586266 0.07631791514525699 0.20820255098579676 3 1
0.3931137171291744 0.4239245665546181 0.029479948377881704 0.504614638833909 0.25124675727107604 7 3
0.03654494662529739 0.4025862378399253 0.8487159892263271 0.764732422892686 0.4376882508202318 5 6
0.38065952621455335 0.798378142107671 0.013344582105122016 0.4470341275937677 0.5717577120528858 1 3
0.8647853053355078 0.13778588739554076 0.6234770708757049 0.6043060432974511 0.4036723639307447 7 2
0.8227466729623353 0.003672859067152756 0.35849940955429593 0.3642943969972757 0.7275022808627314 1 2
0.8539402534265781 0.2441385126307356 0.8497889136809494 0.215073694548775 0.04051766845085136 7 4
0.8539402534265781 0.2441385126307356 0.8497889136809494 0.215073694548775 0.04051766845085136 7 4
0.8647853053355078 0.13778588739554076 0.6234770708757049 0.6043060432974511 0.4036723639307447 7 2
0.4351299740088258 0.04546357950705138 0.6064927005461632 0.5176943224283346 0.7352619331736329 1 3
0.8630469406572443 0.7163675132234952 0.13467083215920317 0.3814603234592614 0.30733797328369006 6 8
0.4351299740088258 0.04546357950705138 0.6064927005461632 0.5176943224283346 0.7352619331736329 1 3
0.15011941154407593 0.4090365260511556 0.6249981181921862 0.5818249725429187 0.4726845296254152 4 2
0.0738485548534189 0.8178245693387786 0.8138856147781754 0.7649213489124123 0.340463992140842 1 8
0.29009593936183586 0.7364354268542116 0.13857661433586266 0.07631791514525699 0.20820255098579676 3 1
0.3931137171291744 0.4239245665546181 0.029479948377881704 0.504614638833909 0.25124675727107604 7 3
0.03654494662529739 0.4025862378399253 0.8487159892263271 0.764732422892686 0.4376882508202318 5 6
0.29009593936183586 0.7364354268542116 0.13857661433586266 0.07631791514525699 0.20820255098579676 3 1
0.03654494662529739 0.4025862378399253 0.8487159892263271 0.764732422892686 0.4376882508202318 5 6
0.03654494662529739 0.4025862378399253 0.8487159892263271 0.764732422892686 0.4376882508202318 5 6
0.8647853053355078 0.13778588739554076 0.6234770708757049 0.6043060432974511 0.4036723639307447 7 2
0.8227466729623353 0.003672859067152756 0.35849940955429593 0.3642943969972757 0.7275022808627314 1 2
0.8647853053355078 0.13778588739554076 0.6234770708757049 0.6043060432974511 0.4036723639307447 7 2
0.8630469406572443 0.7163675132234952 0.13467083215920317 0.3814603234592614 0.30733797328369006 6 8
0.8630469406572443 0.7163675132234952 0.13467083215920317 0.3814603234592614 0.30733797328369006 6 8
0.8539402534265781 0.2441385126307356 0.8497889136809494 0.215073694548775 0.04051766845085136 7 4
0.8340651280353188 0.5773669968056023 0.6874240613642673 0.022775128254774013 0.4496092351586213 3 1
0.0738485548534189 0.8178245693387786 0.8138856147781754 0.7649213489124123 0.340463992140842 1 8
0.0738485548534189 0.8178245693387786 0.8138856147781754 0.7649213489124123 0.340463992140842 1 8
0.0738485548534189 0.8178245693387786 0.8138856147781754 0.7649213489124123 0.340463992140842 1 8
0.29009593936183586 0.7364354268542116 0.13857661433586266 0.07631791514525699 0.20820255098579676 3 1
0.0738485548534189 0.8178245693387786 0.8138856147781754 0.7649213489124123 0.340463992140842 1 8
0.0738485548534189 0.8178245693387786 0.8138856147781754 0.7649213489124123 0.340463992140842 1 8
0.29009593936183586 0.7364354268542116 0.13857661433586266 0.07631791514525699 0.20820255098579676 3 1
0.3931137171291744 0.4239245665546181 0.029479948377881704 0.504614638833909 0.25124675727107604 7 3
0.38065952621455335 0.798378142107671 0.013344582105122016 0.4470341275937677 0.5717577120528858 1 3
0.8647853053355078 0.13778588739554076 0.6234770708757049 0.6043060432974511 0.4036723639307447 7 2
0.8227466729623353 0.003672859067152756 0.35849940955429593 0.3642943969972757 0.7275022808627314 1 2
0.8539402534265781 0.2441385126307356 0.8497889136809494 0.215073694548775 0.04051766845085136 7 4
0.8630469406572443 0.7163675132234952 0.13467083215920317 0.3814603234592614 0.30733797328369006 6 8
0.8630469406572443 0.7163675132234952 0.13467083215920317 0.3814603234592614 0.30733797328369006 6 8
0.8539402534265781 0.2441385126307356 0.8497889136809494 0.215073694548775 0.04051766845085136 7 4
0.1358878148137208 0.07691743286834218 0.19897580592664543 0.9037133218513114 0.6658250141567214 4 1
0.4351299740088258 0.04546357950705138 0.6064927005461632 0.5176943224283346 0.7352619331736329 1 3
0.0738485548534189 0.8178245693387786 0.8138856147781754 0.7649213489124123 0.340463992140842 1 8
0.0738485548534189 0.8178245693387786 0.8138856147781754 0.7649213489124123 0.340463992140842 1 8
0.29009593936183586 0.7364354268542116 0.13857661433586266 0.07631791514525699 0.20820255098579676 3 1
0.0738485548534189 0.8178245693387786 0.8138856147781754 0.7649213489124123 0.340463992140842 1 8
0.03654494662529739 0.4025862378399253 0.8487159892263271 0.764732422892686 0.4376882508202318 5 6
0.38065952621455335 0.798378142107671 0.013344582105122016 0.4470341275937677 0.5717577120528858 1 3
0.38065952621455335 0.798378142107671 0.013344582105122016 0.4470341275937677 0.5717577120528858 1 3
0.8647853053355078 0.13778588739554076 0.6234770708757049 0.6043060432974511 0.4036723639307447 7 2
0.8227466729623353 0.003672859067152756 0.35849940955429593 0.3642943969972757 0.7275022808627314 1 2
0.8227466729623353 0.003672859067152756 0.35849940955429593 0.3642943969972757 0.7275022808627314 1 2
0.6074868654751969 0.5545298264734687 0.0520692970087554 0.3053742634191796 0.8643553020616846 3 4
0.4685571443337636 0.8457519153075139 0.5417037326756114 0.03379041723353704 0.9102810960950757 3 2
0.042389597068034024 0.6031385208663917 0.17672057623577664 0.9355966547431418 0.6166365217123891 5 8
0.8630469406572443 0.7163675132234952 0.13467083215920317 0.3814603234592614 0.30733797328369006 6 8
0.8630469406572443 0.7163675132234952 0.13467083215920317 0.3814603234592614 0.30733797328369006 6 8
0.8539402534265781 0.2441385126307356 0.8497889136809494 0.215073694548775 0.04051766845085136 7 4
0.1358878148137208 0.07691743286834218 0.19897580592664543 0.9037133218513114 0.6658250141567214 4 1
0.4351299740088258 0.04546357950705138 0.6064927005461632 0.5176943224283346 0.7352619331736329 1 3
0.0738485548534189 0.8178245693387786 0.8138856147781754 0.7649213489124123 0.340463992140842 1 8
0.0738485548534189 0.8178245693387786 0.8138856147781754 0.7649213489124123 0.340463992140842 1 8
0.29009593936183586 0.7364354268542116 0.13857661433586266 0.07631791514525699 0.20820255098579676 3 1
0.3931137171291744 0.4239245665546181 0.029479948377881704 0.504614638833909 0.25124675727107604 7 3
0.29009593936183586 0.7364354268542116 0.13857661433586266 0.07631791514525699 0.20820255098579676 3 1
0.29009593936183586 0.7364354268542116 0.13857661433586266 0.07631791514525699 0.20820255098579676 3 1
0.3931137171291744 0.4239245665546181 0.029479948377881704 0.504614638833909 0.25124675727107604 7 3
0.03654494662529739 0.4025862378399253 0.8487159892263271 0.764732422892686 0.4376882508202318 5 6
0.8647853053355078 0.13778588739554076 0.6234770708757049 0.6043060432974511 0.4036723639307447 7 2
0.8227466729623353 0.003672859067152756 0.35849940955429593 0.3642943969972757 0.7275022808627314 1 2
0.8227466729623353 0.003672859067152756 0.35849940955429593 0.3642943969972757 0.7275022808627314 1 2
0.6074868654751969 0.5545298264734687 0.0520692970087554 0.3053742634191796 0.8643553020616846 3 4
0.6074868654751969 0.5545298264734687 0.0520692970087554 0.3053742634191796 0.8643553020616846 3 4
0.4685571443337636 0.8457519153075139 0.5417037326756114 0.03379041723353704 0.9102810960950757 3 2
0.042389597068034024 0.6031385208663917 0.17672057623577664 0.9355966547431418 0.6166365217123891 5 8
0.8630469406572443 0.7163675132234952 0.13467083215920317 0.3814603234592614 0.30733797328369006 6 8
0.8630469406572443 0.7163675132234952 0.13467083215920317 0.3814603234592614 0.30733797328369006 6 8
0.8539402534265781 0.2441385126307356 0.8497889136809494 0.215073694548775 0.04051766845085136 7 4
0.0738485548534189 0.8178245693387786 0.8138856147781754 0.7649213489124123 0.340463992140842 1 8
0.29009593936183586 0.7364354268542116 0.13857661433586266 0.07631791514525699 0.20820255098579676 3 1
0.03654494662529739 0.4025862378399253 0.8487159892263271 0.764732422892686 0.4376882508202318 5 6
0.03654494662529739 0.4025862378399253 0.8487159892263271 0.764732422892686 0.4376882508202318 5 6
0.03654494662529739 0.4025862378399253 0.8487159892263271 0.764732422892686 0.4376882508202318 5 6
0.38065952621455335 0.798378142107671 0.013344582105122016 0.4470341275937677 0.5717577120528858 1 3
0.8647853053355078 0.13778588739554076 0.6234770708757049 0.6043060432974511 0.4036723639307447 7 2
0.8227466729623353 0.003672859067152756 0.35849940955429593 0.3642943969972757 0.7275022808627314 1 2
0.8227466729623353 0.003672859067152756 0.35849940955429593 0.3642943969972757 0.7275022808627314 1 2
0.8647853053355078 0.13778588739554076 0.6234770708757049 0.6043060432974511 0.4036723639307447 7 2
0.4351299740088258 0.04546357950705138 0.6064927005461632 0.5176943224283346 0.7352619331736329 1 3
0.1358878148137208 0.07691743286834218 0.19897580592664543 0.9037133218513114 0.6658250141567214 4 1
0.0738485548534189 0.8178245693387786 0.8138856147781754 0.7649213489124123 0.340463992140842 1 8
0.4351299740088258 0.04546357950705138 0.6064927005461632 0.5176943224283346 0.7352619331736329 1 3
0.0738485548534189 0.8178245693387786 0.8138856147781754 0.7649213489124123 0.340463992140842 1 8
0.18396316092582254 0.06805565424844084 0.32191153575745113 0.32858460829380376 0.3429914828971655 4 6
0.3931137171291744 0.4239245665546181 0.029479948377881704 0.504614638833909 0.25124675727107604 7 3
0.29009593936183586 0.7364354268542116 0.13857661433586266 0.07631791514525699 0.20820255098579676 3 1
0.29009593936183586 0.7364354268542116 0.13857661433586266 0.07631791514525699 0.20820255098579676 3 1
0.03654494662529739 0.4025862378399253 0.8487159892263271 0.764732422892686 0.4376882508202318 5 6
0.7040140399468556 0.9372496209077336 0.46093802020362684 0.6190371101681438 0.28570690628872375 5 3
0.2191053644854365 0.9523801731376615 0.06994213056660536 0.8888388364126428 0.14405022725117123 4 1
0.8227466729623353 0.003672859067152756 0.35849940955429593 0.3642943969972757 0.7275022808627314 1 2
0.8539402534265781 0.2441385126307356 0.8497889136809494 0.215073694548775 0.04051766845085136 7 4
0.8630469406572443 0.7163675132234952 0.13467083215920317 0.3814603234592614 0.30733797328369006 6 8
0.15011941154407593 0.4090365260511556 0.6249981181921862 0.5818249725429187 0.4726845296254152 4 2
0.8630469406572443 0.7163675132234952 0.13467083215920317 0.3814603234592614 0.30733797328369006 6 8
0.8340651280353188 0.5773669968056023 0.6874240613642673 0.022775128254774013 0.4496092351586213 3 1
0.4351299740088258 0.04546357950705138 0.6064927005461632 0.5176943224283346 0.7352619331736329 1 3
0.0738485548534189 0.8178245693387786 0.8138856147781754 0.7649213489124123 0.340463992140842 1 8
0.29009593936183586 0.7364354268542116 0.13857661433586266 0.07631791514525699 0.20820255098579676 3 1
0.3931137171291744 0.4239245665546181 0.029479948377881704 0.504614638833909 0.25124675727107604 7 3
0.0738485548534189 0.8178245693387786 0.8138856147781754 0.7649213489124123 0.340463992140842 1 8
0.29009593936183586 0.7364354268542116 0.13857661433586266 0.07631791514525699 0.20820255098579676 3 1
0.3931137171291744 0.4239245665546181 0.029479948377881704 0.504614638833909 0.25124675727107604 7 3
0.03654494662529739 0.4025862378399253 0.8487159892263271 0.764732422892686 0.4376882508202318 5 6
0.38065952621455335 0.798378142107671 0.013344582105122016 0.4470341275937677 0.5717577120528858 1 3
0.8647853053355078 0.13778588739554076 0.6234770708757049 0.6043060432974511 0.4036723639307447 7 2
0.8227466729623353 0.003672859067152756 0.35849940955429593 0.3642943969972757 0.7275022808627314 1 2
0.8630469406572443 0.7163675132234952 0.13467083215920317 0.3814603234592614 0.30733797328369006 6 8
0.5598781653189601 0.5117731467216964 0.5224090118746155 0.6270394822595232 0.06349589219849427 7 4
0.8539402534265781 0.2441385126307356 0.8497889136809494 0.215073694548775 0.04051766845085136 7 4
0.8647853053355078 0.13778588739554076 0.6234770708757049 0.6043060432974511 0.4036723639307447 7 2
0.4351299740088258 0.04546357950705138 0.6064927005461632 0.5176943224283346 0.7352619331736329 1 3
0.8630469406572443 0.7163675132234952 0.13467083215920317 0.3814603234592614 0.30733797328369006 6 8
0.0738485548534189 0.8178245693387786 0.8138856147781754 0.7649213489124123 0.340463992140842 1 8
0.0738485548534189 0.8178245693387786 0.8138856147781754 0.7649213489124123 0.340463992140842 1 8
0.0738485548534189 0.8178245693387786 0.8138856147781754 0.7649213489124123 0.340463992140842 1 8
0.29009593936183586 0.7364354268542116 0.13857661433586266 0.07631791514525699 0.20820255098579676 3 1
0.0738485548534189 0.8178245693387786 0.8138856147781754 0.7649213489124123 0.340463992140842 1 8
0.0738485548534189 0.8178245693387786 0.8138856147781754 0.7649213489124123 0.340463992140842 1 8
0.29009593936183586 0.7364354268542116 0.13857661433586266 0.07631791514525699 0.20820255098579676 3 1
0.38065952621455335 0.798378142107671 0.013344582105122016 0.4470341275937677 0.5717577120528858 1 3
0.8647853053355078 0.13778588739554076 0.6234770708757049 0.6043060432974511 0.4036723639307447 7 2
0.8227466729623353 0.003672859067152756 0.35849940955429593 0.3642943969972757 0.7275022808627314 1 2
0.8539402534265781 0.2441385126307356 0.8497889136809494 0.215073694548775 0.04051766845085136 7 4
0.4022296326728029 0.42593178469016435 0.8181833569139865 0.5241524610432649 0.7547444025064312 8 7
0.8630469406572443 0.7163675132234952 0.13467083215920317 0.3814603234592614 0.30733797328369006 6 8
0.8630469406572443 0.7163675132234952 0.13467083215920317 0.3814603234592614 0.30733797328369006 6 8
0.8630469406572443 0.7163675132234952 0.13467083215920317 0.3814603234592614 0.30733797328369006 6 8
0.0738485548534189 0.8178245693387786 0.8138856147781754 0.7649213489124123 0.340463992140842 1 8
0.8539402534265781 0.2441385126307356 0.8497889136809494 0.215073694548775 0.04051766845085136 7 4
0.0738485548534189 0.8178245693387786 0.8138856147781754 0.7649213489124123 0.340463992140842 1 8
0.29009593936183586 0.7364354268542116 0.13857661433586266 0.07631791514525699 0.20820255098579676 3 1
0.03654494662529739 0.4025862378399253 0.8487159892263271 0.764732422892686 0.4376882508202318 5 6
0.03654494662529739 0.4025862378399253 0.8487159892263271 0.764732422892686 0.4376882508202318 5 6
0.03654494662529739 0.4025862378399253 0.8487159892263271 0.764732422892686 0.4376882508202318 5 6
0.38065952621455335 0.798378142107671 0.013344582105122016 0.4470341275937677 0.5717577120528858 1 3
0.8647853053355078 0.13778588739554076 0.6234770708757049 0.6043060432974511 0.4036723639307447 7 2
0.8227466729623353 0.003672859067152756 0.35849940955429593 0.3642943969972757 0.7275022808627314 1 2
0.8227466729623353 0.003672859067152756 0.35849940955429593 0.3642943969972757 0.7275022808627314 1 2
0.8630469406572443 0.7163675132234952 0.13467083215920317 0.3814603234592614 0.30733797328369006 6 8
0.8630469406572443 0.7163675132234952 0.13467083215920317 0.3814603234592614 0.30733797328369006 6 8
0.8539402534265781 0.2441385126307356 0.8497889136809494 0.215073694548775 0.04051766845085136 7 4
0.1358878148137208 0.07691743286834218 0.19897580592664543 0.9037133218513114 0.6658250141567214 4 1
0.4351299740088258 0.04546357950705138 0.6064927005461632 0.5176943224283346 0.7352619331736329 1 3
0.0738485548534189 0.8178245693387786 0.8138856147781754 0.7649213489124123 0.340463992140842 1 8
0.0738485548534189 0.8178245693387786 0.8138856147781754 0.7649213489124123 0.340463992140842 1 8
0.29009593936183586 0.7364354268542116 0.13857661433586266 0.07631791514525699 0.20820255098579676 3 1
0.0738485548534189 0.8178245693387786 0.8138856147781754 0.7649213489124123 0.340463992140842 1 8
0.03654494662529739 0.4025862378399253 0.8487159892263271 0.764732422892686 0.4376882508202318 5 6
0.38065952621455335 0.798378142107671 0.013344582105122016 0.4470341275937677 0.5717577120528858 1 3
0.38065952621455335 0.798378142107671 0.013344582105122016 0.4470341275937677 0.5717577120528858 1 3
0.8647853053355078 0.13778588739554076 0.6234770708757049 0.6043060432974511 0.4036723639307447 7 2
0.8227466729623353 0.003672859067152756 0.35849940955429593 0.3642943969972757 0.7275022808627314 1 2
0.8227466729623353 0.003672859067152756 0.35849940955429593 0.3642943969972757 0.7275022808627314 1 2
0.8227466729623353 0.003672859067152756 0.35849940955429593 0.3642943969972757 0.7275022808627314 1 2
0.6074868654751969 0.5545298264734687 0.0520692970087554 0.3053742634191796 0.8643553020616846 3 4
0.042389597068034024 0.6031385208663917 0.17672057623577664 0.9355966547431418 0.6166365217123891 5 8
0.8647853053355078 0.13778588739554076 0.6234770708757049 0.6043060432974511 0.4036723639307447 7 2
0.4351299740088258 0.04546357950705138 0.6064927005461632 0.5176943224283346 0.7352619331736329 1 3
0.4351299740088258 0.04546357950705138 0.6064927005461632 0.5176943224283346 0.7352619331736329 1 3
0.8630469406572443 0.7163675132234952 0.13467083215920317 0.3814603234592614 0.30733797328369006 6 8
0.0738485548534189 0.8178245693387786 0.8138856147781754 0.7649213489124123 0.340463992140842 1 8
0.15011941154407593 0.4090365260511556 0.6249981181921862 0.5818249725429187 0.4726845296254152 4 2
0.0738485548534189 0.8178245693387786 0.8138856147781754 0.7649213489124123 0.340463992140842 1 8
0.29009593936183586 0.7364354268542116 0.13857661433586266 0.07631791514525699 0.20820255098579676 3 1
0.0738485548534189 0.8178245693387786 0.8138856147781754 0.7649213489124123 0.340463992140842 1 8
0.0738485548534189 0.8178245693387786 0.8138856147781754 0.7649213489124123 0.340463992140842 1 8
0.3931137171291744 0.4239245665546181 0.029479948377881704 0.504614638833909 0.25124675727107604 7 3
0.03654494662529739 0.4025862378399253 0.8487159892263271 0.764732422892686 0.4376882508202318 5 6
0.38065952621455335 0.798378142107671 0.013344582105122016 0.4470341275937677 0.5717577120528858 1 3
0.2191053644854365 0.9523801731376615 0.06994213056660536 0.8888388364126428 0.14405022725117123 4 1
0.8227466729623353 0.003672859067152756 0.35849940955429593 0.3642943969972757 0.7275022808627314 1 2
0.8539402534265781 0.2441385126307356 0.8497889136809494 0.215073694548775 0.04051766845085136 7 4
0.8630469406572443 0.7163675132234952 0.13467083215920317 0.3814603234592614 0.30733797328369006 6 8
0.15011941154407593 0.4090365260511556 0.6249981181921862 0.5818249725429187 0.4726845296254152 4 2
0.4351299740088258 0.04546357950705138 0.6064927005461632 0.5176943224283346 0.7352619331736329 1 3
0.8630469406572443 0.7163675132234952 0.13467083215920317 0.3814603234592614 0.30733797328369006 6 8
0.0738485548534189 0.8178245693387786 0.8138856147781754 0.7649213489124123 0.340463992140842 1 8
0.0738485548534189 0.8178245693387786 0.8138856147781754 0.7649213489124123 0.340463992140842 1 8
0.0738485548534189 0.8178245693387786 0.8138856147781754 0.7649213489124123 0.340463992140842 1 8
0.29009593936183586 0.7364354268542116 0.13857661433586266 0.07631791514525699 0.20820255098579676 3 1
0.0738485548534189 0.8178245693387786 0.8138856147781754 0.7649213489124123 0.340463992140842 1 8
0.0738485548534189 0.8178245693387786 0.8138856147781754 0.7649213489124123 0.340463992140842 1 8
0.8647853053355078 0.13778588739554076 0.6234770708757049 0.6043060432974511 0.4036723639307447 7 2
0.03654494662529739 0.4025862378399253 0.8487159892263271 0.764732422892686 0.4376882508202318 5 6
0.2191053644854365 0.9523801731376615 0.06994213056660536 0.8888388364126428 0.14405022725117123 4 1
0.8647853053355078 0.13778588739554076 0.6234770708757049 0.6043060432974511 0.4036723639307447 7 2
0.8227466729623353 0.003672859067152756 0.35849940955429593 0.3642943969972757 0.7275022808627314 1 2
0.8227466729623353 0.003672859067152756 0.35849940955429593 0.3642943969972757 0.7275022808627314 1 2
