population 0 fitness 0.512533354595079 years 39.0 length 17
population 1 fitness 0.512599978468466 years 39.0 length 17
population 2 fitness 0.5129380715468265 years 37.0 length 17
population 3 fitness 0.5126304902035302 years 35.0 length 16
population 4 fitness 0.5129244391608139 years 33.0 length 15
population 5 fitness 0.5129877077479484 years 33.0 length 17
population 6 fitness 0.5123722609440977 years 32.0 length 16
population 7 fitness 0.5126698823868678 years 32.0 length 17
population 8 fitness 0.5128349695630285 years 30.0 length 16
population 9 fitness 0.5129214060050991 years 30.0 length 17
population 10 fitness 0.5106601779797507 years 29.0 length 17
population 11 fitness 0.5123799475638754 years 29.0 length 16
population 12 fitness 0.5122232772180896 years 28.0 length 16
population 13 fitness 0.5127287186655102 years 28.0 length 17
population 14 fitness 0.5129411021360201 years 27.0 length 16
population 15 fitness 0.5124205183131431 years 22.0 length 16
population 16 fitness 0.5128851174109856 years 22.0 length 17
population 17 fitness 0.5116083305574508 years 16.0 length 16
population 18 fitness 0.5119935889966661 years 16.0 length 16
population 19 fitness 0.5092614172134662 years 15.0 length 16
population 20 fitness 0.5110883703673342 years 15.0 length 17
population 21 fitness 0.5091384278993928 years 14.0 length 16
population 22 fitness 0.509547786135912 years 14.0 length 17
population 23 fitness 0.5089786776205086 years 13.0 length 16
population 24 fitness 0.509785411546203 years 13.0 length 16
population 25 fitness 0.5081706909967423 years 12.0 length 17
population 26 fitness 0.509046838172615 years 12.0 length 16
population 27 fitness 0.5049247500870208 years 11.0 length 16
population 28 fitness 0.5070398462789647 years 11.0 length 16
population 29 fitness 0.5061344058379296 years 10.0 length 17
population 30 fitness 0.5074878242809749 years 10.0 length 15
population 31 fitness 0.5067775414905724 years 9.0 length 16
population 32 fitness 0.506981570024872 years 9.0 length 16
population 33 fitness 0.5061062153683746 years 8.0 length 17
population 34 fitness 0.5061151645911042 years 8.0 length 17
population 35 fitness 0.5035655679309919 years 7.0 length 17
population 36 fitness 0.5048273105193621 years 7.0 length 17
population 37 fitness 0.4991601748527989 years 6.0 length 18
population 38 fitness 0.5005578357636108 years 6.0 length 17
population 39 fitness 0.4998626117250319 years 5.0 length 16
population 40 fitness 0.5022354807567757 years 5.0 length 16

0.15656118184104462 0.14479010871780706 0.093439883343027 0.9291649023836389 0.07924870845150167 3 1
0.3923629760433429 0.3739755398391862 0.08530539452316477 0.05779174569698453 0.8103919059338164 6 7
0.15656118184104462 0.14479010871780706 0.093439883343027 0.9291649023836389 0.07924870845150167 3 1
0.6028644119187921 0.5902862377136293 0.7972830010849717 0.732630071865142 0.49463374776485514 4 7
0.16103288884084477 0.32948503852026423 0.20974382840934436 0.18157635755838986 0.3336099802270176 7 1
0.2731312165158061 0.02105933596759746 0.22606730273746456 0.2151429686502977 0.712589396533818 2 7
0.2731312165158061 0.02105933596759746 0.22606730273746456 0.2151429686502977 0.712589396533818 2 7
0.5969902188120455 0.8835407224546478 0.34097820471501905 0.19794150742255678 0.09695761196914443 1 1
0.4454434920487772 0.3884105114768063 0.8170097984794954 0.35589501405279567 0.43863271797890646 7 1
0.22446285371394514 0.9638343685311005 0.6706382145088197 0.3116215918867833 0.24260336131553872 5 7
0.22291533821217857 0.7643904586785215 0.4799236243420495 0.872170534551119 0.8441335018258952 4 7
0.10502439566631194 0.040001293797404025 0.702293729575516 0.5176141053625061 0.6727187487490557 5 3
0.10502439566631194 0.040001293797404025 0.702293729575516 0.5176141053625061 0.6727187487490557 5 3
0.15656118184104462 0.14479010871780706 0.093439883343027 0.9291649023836389 0.07924870845150167 3 1
0.15656118184104462 0.14479010871780706 0.093439883343027 0.9291649023836389 0.07924870845150167 3 1
0.5981865961982108 0.60625893494146 0.06263757547335713 0.62711203567665 0.45247418380901105 3 2
0.15656118184104462 0.14479010871780706 0.093439883343027 0.9291649023836389 0.07924870845150167 3 1
0.15656118184104462 0.14479010871780706 0.093439883343027 0.9291649023836389 0.07924870845150167 3 1
0.15656118184104462 0.14479010871780706 0.093439883343027 0.9291649023836389 0.07924870845150167 3 1
0.15656118184104462 0.14479010871780706 0.093439883343027 0.9291649023836389 0.07924870845150167 3 1
0.3923629760433429 0.3739755398391862 0.08530539452316477 0.05779174569698453 0.8103919059338164 6 7
0.10777398194755439 0.9422095956940698 0.5917176327917792 0.15330930968966305 0.6230679493033225 8 6
0.2731312165158061 0.02105933596759746 0.22606730273746456 0.2151429686502977 0.712589396533818 2 7
0.2731312165158061 0.02105933596759746 0.22606730273746456 0.2151429686502977 0.712589396533818 2 7
0.2731312165158061 0.02105933596759746 0.22606730273746456 0.2151429686502977 0.712589396533818 2 7
0.5969902188120455 0.8835407224546478 0.34097820471501905 0.19794150742255678 0.09695761196914443 1 1
0.4454434920487772 0.3884105114768063 0.8170097984794954 0.35589501405279567 0.43863271797890646 7 1
0.22291533821217857 0.7643904586785215 0.4799236243420495 0.872170534551119 0.8441335018258952 4 7
0.7176202609216836 0.9409296006077648 0.12989194661461967 0.5522748761309265 0.47312223987965474 5 7
0.10502439566631194 0.040001293797404025 0.702293729575516 0.5176141053625061 0.6727187487490557 5 3
0.6456510622392918 0.6426837854598265 0.9585313464700972 0.8359487465680875 0.4981501551887966 2 7
0.4533088403447437 0.10532754732112293 0.08973295762438482 0.7755741371726127 0.2863142878953341 1 1
0.3642209243884521 0.677270697164205 0.950022455560955 0.17166632275103 0.9089261612488774 2 7
0.15656118184104462 0.14479010871780706 0.093439883343027 0.9291649023836389 0.07924870845150167 3 1
0.15656118184104462 0.14479010871780706 0.093439883343027 0.9291649023836389 0.07924870845150167 3 1
0.15656118184104462 0.14479010871780706 0.093439883343027 0.9291649023836389 0.07924870845150167 3 1
0.15656118184104462 0.14479010871780706 0.093439883343027 0.9291649023836389 0.07924870845150167 3 1
0.3923629760433429 0.3739755398391862 0.08530539452316477 0.05779174569698453 0.8103919059338164 6 7
0.16103288884084477 0.32948503852026423 0.20974382840934436 0.18157635755838986 0.3336099802270176 7 1
0.2731312165158061 0.02105933596759746 0.22606730273746456 0.2151429686502977 0.712589396533818 2 7
0.2731312165158061 0.02105933596759746 0.22606730273746456 0.2151429686502977 0.712589396533818 2 7
0.5969902188120455 0.8835407224546478 0.34097820471501905 0.19794150742255678 0.09695761196914443 1 1
0.5969902188120455 0.8835407224546478 0.34097820471501905 0.19794150742255678 0.09695761196914443 1 1
0.22446285371394514 0.9638343685311005 0.6706382145088197 0.3116215918867833 0.24260336131553872 5 7
0.22291533821217857 0.7643904586785215 0.4799236243420495 0.872170534551119 0.8441335018258952 4 7
0.10502439566631194 0.040001293797404025 0.702293729575516 0.5176141053625061 0.6727187487490557 5 3
0.10502439566631194 0.040001293797404025 0.702293729575516 0.5176141053625061 0.6727187487490557 5 3
0.6456510622392918 0.6426837854598265 0.9585313464700972 0.8359487465680875 0.4981501551887966 2 7
0.15656118184104462 0.14479010871780706 0.093439883343027 0.9291649023836389 0.07924870845150167 3 1
0.6763151033856823 0.94662790369846 0.17964318017005787 0.23094509004175934 0.3939922935956629 8 6
0.15656118184104462 0.14479010871780706 0.093439883343027 0.9291649023836389 0.07924870845150167 3 1
0.15656118184104462 0.14479010871780706 0.093439883343027 0.9291649023836389 0.07924870845150167 3 1
0.15656118184104462 0.14479010871780706 0.093439883343027 0.9291649023836389 0.07924870845150167 3 1
0.15656118184104462 0.14479010871780706 0.093439883343027 0.9291649023836389 0.07924870845150167 3 1
0.3923629760433429 0.3739755398391862 0.08530539452316477 0.05779174569698453 0.8103919059338164 6 7
0.10777398194755439 0.9422095956940698 0.5917176327917792 0.15330930968966305 0.6230679493033225 8 6
0.16103288884084477 0.32948503852026423 0.20974382840934436 0.18157635755838986 0.3336099802270176 7 1
0.2731312165158061 0.02105933596759746 0.22606730273746456 0.2151429686502977 0.712589396533818 2 7
0.2731312165158061 0.02105933596759746 0.22606730273746456 0.2151429686502977 0.712589396533818 2 7
0.7074737499415978 0.4138638671322803 0.24702591578563693 0.16177076887546438 0.28127941271719226 6 6
0.7074737499415978 0.4138638671322803 0.24702591578563693 0.16177076887546438 0.28127941271719226 6 6
0.22291533821217857 0.7643904586785215 0.4799236243420495 0.872170534551119 0.8441335018258952 4 7
0.7176202609216836 0.9409296006077648 0.12989194661461967 0.5522748761309265 0.47312223987965474 5 7
0.10502439566631194 0.040001293797404025 0.702293729575516 0.5176141053625061 0.6727187487490557 5 3
0.15656118184104462 0.14479010871780706 0.093439883343027 0.9291649023836389 0.07924870845150167 3 1
0.2858596117461717 0.7076247381811936 0.03561779808679877 0.018222829827246434 0.7522138558146109 2 8
0.3642209243884521 0.677270697164205 0.950022455560955 0.17166632275103 0.9089261612488774 2 7
0.15656118184104462 0.14479010871780706 0.093439883343027 0.9291649023836389 0.07924870845150167 3 1
0.3923629760433429 0.3739755398391862 0.08530539452316477 0.05779174569698453 0.8103919059338164 6 7
0.641865611574532 0.06403259856782906 0.302266788299949 0.170139746543287 0.2058062732480742 8 5
0.3923629760433429 0.3739755398391862 0.08530539452316477 0.05779174569698453 0.8103919059338164 6 7
0.10777398194755439 0.9422095956940698 0.5917176327917792 0.15330930968966305 0.6230679493033225 8 6
0.16103288884084477 0.32948503852026423 0.20974382840934436 0.18157635755838986 0.3336099802270176 7 1
0.2731312165158061 0.02105933596759746 0.22606730273746456 0.2151429686502977 0.712589396533818 2 7
0.2731312165158061 0.02105933596759746 0.22606730273746456 0.2151429686502977 0.712589396533818 2 7
0.5969902188120455 0.8835407224546478 0.34097820471501905 0.19794150742255678 0.09695761196914443 1 1
0.22446285371394514 0.9638343685311005 0.6706382145088197 0.3116215918867833 0.24260336131553872 5 7
0.22291533821217857 0.7643904586785215 0.4799236243420495 0.872170534551119 0.8441335018258952 4 7
0.10502439566631194 0.040001293797404025 0.702293729575516 0.5176141053625061 0.6727187487490557 5 3
0.10502439566631194 0.040001293797404025 0.702293729575516 0.5176141053625061 0.6727187487490557 5 3
0.6456510622392918 0.6426837854598265 0.9585313464700972 0.8359487465680875 0.4981501551887966 2 7
0.15656118184104462 0.14479010871780706 0.093439883343027 0.9291649023836389 0.07924870845150167 3 1
0.15656118184104462 0.14479010871780706 0.093439883343027 0.9291649023836389 0.07924870845150167 3 1
0.15656118184104462 0.14479010871780706 0.093439883343027 0.9291649023836389 0.07924870845150167 3 1
0.641865611574532 0.06403259856782906 0.302266788299949 0.170139746543287 0.2058062732480742 8 5
0.3923629760433429 0.3739755398391862 0.08530539452316477 0.05779174569698453 0.8103919059338164 6 7
0.10777398194755439 0.9422095956940698 0.5917176327917792 0.15330930968966305 0.6230679493033225 8 6
0.2731312165158061 0.02105933596759746 0.22606730273746456 0.2151429686502977 0.712589396533818 2 7
0.2731312165158061 0.02105933596759746 0.22606730273746456 0.2151429686502977 0.712589396533818 2 7
0.2731312165158061 0.02105933596759746 0.22606730273746456 0.2151429686502977 0.712589396533818 2 7
0.5969902188120455 0.8835407224546478 0.34097820471501905 0.19794150742255678 0.09695761196914443 1 1
0.4454434920487772 0.3884105114768063 0.8170097984794954 0.35589501405279567 0.43863271797890646 7 1
0.22291533821217857 0.7643904586785215 0.4799236243420495 0.872170534551119 0.8441335018258952 4 7
0.7176202609216836 0.9409296006077648 0.12989194661461967 0.5522748761309265 0.47312223987965474 5 7
0.10502439566631194 0.040001293797404025 0.702293729575516 0.5176141053625061 0.6727187487490557 5 3
0.6456510622392918 0.6426837854598265 0.9585313464700972 0.8359487465680875 0.4981501551887966 2 7
0.4533088403447437 0.10532754732112293 0.08973295762438482 0.7755741371726127 0.2863142878953341 1 1
0.3642209243884521 0.677270697164205 0.950022455560955 0.17166632275103 0.9089261612488774 2 7
0.15656118184104462 0.14479010871780706 0.093439883343027 0.9291649023836389 0.07924870845150167 3 1
0.15656118184104462 0.14479010871780706 0.093439883343027 0.9291649023836389 0.07924870845150167 3 1
0.15656118184104462 0.14479010871780706 0.093439883343027 0.9291649023836389 0.07924870845150167 3 1
0.641865611574532 0.06403259856782906 0.302266788299949 0.170139746543287 0.2058062732480742 8 5
0.3923629760433429 0.3739755398391862 0.08530539452316477 0.05779174569698453 0.8103919059338164 6 7
0.16103288884084477 0.32948503852026423 0.20974382840934436 0.18157635755838986 0.3336099802270176 7 1
0.16103288884084477 0.32948503852026423 0.20974382840934436 0.18157635755838986 0.3336099802270176 7 1
0.2731312165158061 0.02105933596759746 0.22606730273746456 0.2151429686502977 0.712589396533818 2 7
0.2731312165158061 0.02105933596759746 0.22606730273746456 0.2151429686502977 0.712589396533818 2 7
0.5969902188120455 0.8835407224546478 0.34097820471501905 0.19794150742255678 0.09695761196914443 1 1
0.22446285371394514 0.9638343685311005 0.6706382145088197 0.3116215918867833 0.24260336131553872 5 7
0.22446285371394514 0.9638343685311005 0.6706382145088197 0.3116215918867833 0.24260336131553872 5 7
0.10502439566631194 0.040001293797404025 0.702293729575516 0.5176141053625061 0.6727187487490557 5 3
0.15656118184104462 0.14479010871780706 0.093439883343027 0.9291649023836389 0.07924870845150167 3 1
0.4533088403447437 0.10532754732112293 0.08973295762438482 0.7755741371726127 0.2863142878953341 1 1
0.4533088403447437 0.10532754732112293 0.08973295762438482 0.7755741371726127 0.2863142878953341 1 1
0.6227405775614934 0.19317524637145633 0.5318781662167174 0.5730452428746059 0.06091242452563572 8 2
0.15656118184104462 0.14479010871780706 0.093439883343027 0.9291649023836389 0.07924870845150167 3 1
0.15656118184104462 0.14479010871780706 0.093439883343027 0.9291649023836389 0.07924870845150167 3 1
0.641865611574532 0.06403259856782906 0.302266788299949 0.170139746543287 0.2058062732480742 8 5
0.3923629760433429 0.3739755398391862 0.08530539452316477 0.05779174569698453 0.8103919059338164 6 7
0.10777398194755439 0.9422095956940698 0.5917176327917792 0.15330930968966305 0.6230679493033225 8 6
0.2731312165158061 0.02105933596759746 0.22606730273746456 0.2151429686502977 0.712589396533818 2 7
0.2731312165158061 0.02105933596759746 0.22606730273746456 0.2151429686502977 0.712589396533818 2 7
0.2731312165158061 0.02105933596759746 0.22606730273746456 0.2151429686502977 0.712589396533818 2 7
0.5969902188120455 0.8835407224546478 0.34097820471501905 0.19794150742255678 0.09695761196914443 1 1
0.22446285371394514 0.9638343685311005 0.6706382145088197 0.3116215918867833 0.24260336131553872 5 7
0.22291533821217857 0.7643904586785215 0.4799236243420495 0.872170534551119 0.8441335018258952 4 7
0.7928565939296077 0.10118129061950054 0.618195996497104 0.12635423000139756 0.18753698125524465 8 8
0.4533088403447437 0.10532754732112293 0.08973295762438482 0.7755741371726127 0.2863142878953341 1 1
0.6456510622392918 0.6426837854598265 0.9585313464700972 0.8359487465680875 0.4981501551887966 2 7
0.4533088403447437 0.10532754732112293 0.08973295762438482 0.7755741371726127 0.2863142878953341 1 1
0.3642209243884521 0.677270697164205 0.950022455560955 0.17166632275103 0.9089261612488774 2 7
0.15656118184104462 0.14479010871780706 0.093439883343027 0.9291649023836389 0.07924870845150167 3 1
0.15656118184104462 0.14479010871780706 0.093439883343027 0.9291649023836389 0.07924870845150167 3 1
0.15656118184104462 0.14479010871780706 0.093439883343027 0.9291649023836389 0.07924870845150167 3 1
0.641865611574532 0.06403259856782906 0.302266788299949 0.170139746543287 0.2058062732480742 8 5
0.3923629760433429 0.3739755398391862 0.08530539452316477 0.05779174569698453 0.8103919059338164 6 7
0.10777398194755439 0.9422095956940698 0.5917176327917792 0.15330930968966305 0.6230679493033225 8 6
0.2731312165158061 0.02105933596759746 0.22606730273746456 0.2151429686502977 0.712589396533818 2 7
0.2731312165158061 0.02105933596759746 0.22606730273746456 0.2151429686502977 0.712589396533818 2 7
0.2731312165158061 0.02105933596759746 0.22606730273746456 0.2151429686502977 0.712589396533818 2 7
0.5969902188120455 0.8835407224546478 0.34097820471501905 0.19794150742255678 0.09695761196914443 1 1
0.22446285371394514 0.9638343685311005 0.6706382145088197 0.3116215918867833 0.24260336131553872 5 7
0.22291533821217857 0.7643904586785215 0.4799236243420495 0.872170534551119 0.8441335018258952 4 7
0.7928565939296077 0.10118129061950054 0.618195996497104 0.12635423000139756 0.18753698125524465 8 8
0.10502439566631194 0.040001293797404025 0.702293729575516 0.5176141053625061 0.6727187487490557 5 3
0.6456510622392918 0.6426837854598265 0.9585313464700972 0.8359487465680875 0.4981501551887966 2 7
0.4533088403447437 0.10532754732112293 0.08973295762438482 0.7755741371726127 0.2863142878953341 1 1
0.3642209243884521 0.677270697164205 0.950022455560955 0.17166632275103 0.9089261612488774 2 7
0.15656118184104462 0.14479010871780706 0.093439883343027 0.9291649023836389 0.07924870845150167 3 1
0.15656118184104462 0.14479010871780706 0.093439883343027 0.9291649023836389 0.07924870845150167 3 1
0.3923629760433429 0.3739755398391862 0.08530539452316477 0.05779174569698453 0.8103919059338164 6 7
0.3923629760433429 0.3739755398391862 0.08530539452316477 0.05779174569698453 0.8103919059338164 6 7
0.16103288884084477 0.32948503852026423 0.20974382840934436 0.18157635755838986 0.3336099802270176 7 1
0.16103288884084477 0.32948503852026423 0.20974382840934436 0.18157635755838986 0.3336099802270176 7 1
0.2731312165158061 0.02105933596759746 0.22606730273746456 0.2151429686502977 0.712589396533818 2 7
0.2731312165158061 0.02105933596759746 0.22606730273746456 0.2151429686502977 0.712589396533818 2 7
0.5969902188120455 0.8835407224546478 0.34097820471501905 0.19794150742255678 0.09695761196914443 1 1
0.22446285371394514 0.9638343685311005 0.6706382145088197 0.3116215918867833 0.24260336131553872 5 7
0.22291533821217857 0.7643904586785215 0.4799236243420495 0.872170534551119 0.8441335018258952 4 7
0.10502439566631194 0.040001293797404025 0.702293729575516 0.5176141053625061 0.6727187487490557 5 3
0.10502439566631194 0.040001293797404025 0.702293729575516 0.5176141053625061 0.6727187487490557 5 3
0.15656118184104462 0.14479010871780706 0.093439883343027 0.9291649023836389 0.07924870845150167 3 1
0.4533088403447437 0.10532754732112293 0.08973295762438482 0.7755741371726127 0.2863142878953341 1 1
0.6763151033856823 0.94662790369846 0.17964318017005787 0.23094509004175934 0.3939922935956629 8 6
0.15656118184104462 0.14479010871780706 0.093439883343027 0.9291649023836389 0.07924870845150167 3 1
0.3923629760433429 0.3739755398391862 0.08530539452316477 0.05779174569698453 0.8103919059338164 6 7
0.15656118184104462 0.14479010871780706 0.093439883343027 0.9291649023836389 0.07924870845150167 3 1
0.15656118184104462 0.14479010871780706 0.093439883343027 0.9291649023836389 0.07924870845150167 3 1
0.641865611574532 0.06403259856782906 0.302266788299949 0.170139746543287 0.2058062732480742 8 5
0.3923629760433429 0.3739755398391862 0.08530539452316477 0.05779174569698453 0.8103919059338164 6 7
0.16103288884084477 0.32948503852026423 0.20974382840934436 0.18157635755838986 0.3336099802270176 7 1
0.2731312165158061 0.02105933596759746 0.22606730273746456 0.2151429686502977 0.712589396533818 2 7
0.2731312165158061 0.02105933596759746 0.22606730273746456 0.2151429686502977 0.712589396533818 2 7
0.5969902188120455 0.8835407224546478 0.34097820471501905 0.19794150742255678 0.09695761196914443 1 1
0.4454434920487772 0.3884105114768063 0.8170097984794954 0.35589501405279567 0.43863271797890646 7 1
0.22291533821217857 0.7643904586785215 0.4799236243420495 0.872170534551119 0.8441335018258952 4 7
0.7176202609216836 0.9409296006077648 0.12989194661461967 0.5522748761309265 0.47312223987965474 5 7
0.10502439566631194 0.040001293797404025 0.702293729575516 0.5176141053625061 0.6727187487490557 5 3
0.6456510622392918 0.6426837854598265 0.9585313464700972 0.8359487465680875 0.4981501551887966 2 7
0.4533088403447437 0.10532754732112293 0.08973295762438482 0.7755741371726127 0.2863142878953341 1 1
0.3642209243884521 0.677270697164205 0.950022455560955 0.17166632275103 0.9089261612488774 2 7
0.9300540137333311 0.604773536901188 0.16603163257389442 0.7184025609929396 0.706820434506822 6 8
0.15656118184104462 0.14479010871780706 0.093439883343027 0.9291649023836389 0.07924870845150167 3 1
0.15656118184104462 0.14479010871780706 0.093439883343027 0.9291649023836389 0.07924870845150167 3 1
0.641865611574532 0.06403259856782906 0.302266788299949 0.170139746543287 0.2058062732480742 8 5
0.6028644119187921 0.5902862377136293 0.7972830010849717 0.732630071865142 0.49463374776485514 4 7
0.10777398194755439 0.9422095956940698 0.5917176327917792 0.15330930968966305 0.6230679493033225 8 6
0.16103288884084477 0.32948503852026423 0.20974382840934436 0.18157635755838986 0.3336099802270176 7 1
0.7074737499415978 0.4138638671322803 0.24702591578563693 0.16177076887546438 0.28127941271719226 6 6
0.2731312165158061 0.02105933596759746 0.22606730273746456 0.2151429686502977 0.712589396533818 2 7
0.5969902188120455 0.8835407224546478 0.34097820471501905 0.19794150742255678 0.09695761196914443 1 1
0.22446285371394514 0.9638343685311005 0.6706382145088197 0.3116215918867833 0.24260336131553872 5 7
0.22446285371394514 0.9638343685311005 0.6706382145088197 0.3116215918867833 0.24260336131553872 5 7
0.7176202609216836 0.9409296006077648 0.12989194661461967 0.5522748761309265 0.47312223987965474 5 7
0.10502439566631194 0.040001293797404025 0.702293729575516 0.5176141053625061 0.6727187487490557 5 3
0.6456510622392918 0.6426837854598265 0.9585313464700972 0.8359487465680875 0.4981501551887966 2 7
0.4533088403447437 0.10532754732112293 0.08973295762438482 0.7755741371726127 0.2863142878953341 1 1
0.3642209243884521 0.677270697164205 0.950022455560955 0.17166632275103 0.9089261612488774 2 7
0.15656118184104462 0.14479010871780706 0.093439883343027 0.9291649023836389 0.07924870845150167 3 1
0.3923629760433429 0.3739755398391862 0.08530539452316477 0.05779174569698453 0.8103919059338164 6 7
0.641865611574532 0.06403259856782906 0.302266788299949 0.170139746543287 0.2058062732480742 8 5
0.3923629760433429 0.3739755398391862 0.08530539452316477 0.05779174569698453 0.8103919059338164 6 7
0.10777398194755439 0.9422095956940698 0.5917176327917792 0.15330930968966305 0.6230679493033225 8 6
0.2731312165158061 0.02105933596759746 0.22606730273746456 0.2151429686502977 0.712589396533818 2 7
0.2731312165158061 0.02105933596759746 0.22606730273746456 0.2151429686502977 0.712589396533818 2 7
0.2731312165158061 0.02105933596759746 0.22606730273746456 0.2151429686502977 0.712589396533818 2 7
0.5969902188120455 0.8835407224546478 0.34097820471501905 0.19794150742255678 0.09695761196914443 1 1
0.22446285371394514 0.9638343685311005 0.6706382145088197 0.3116215918867833 0.24260336131553872 5 7
0.22291533821217857 0.7643904586785215 0.4799236243420495 0.872170534551119 0.8441335018258952 4 7
0.10502439566631194 0.040001293797404025 0.702293729575516 0.5176141053625061 0.6727187487490557 5 3
0.10502439566631194 0.040001293797404025 0.702293729575516 0.5176141053625061 0.6727187487490557 5 3
0.4533088403447437 0.10532754732112293 0.08973295762438482 0.7755741371726127 0.2863142878953341 1 1
0.4533088403447437 0.10532754732112293 0.08973295762438482 0.7755741371726127 0.2863142878953341 1 1
0.3642209243884521 0.677270697164205 0.950022455560955 0.17166632275103 0.9089261612488774 2 7
0.15656118184104462 0.14479010871780706 0.093439883343027 0.9291649023836389 0.07924870845150167 3 1
0.15656118184104462 0.14479010871780706 0.093439883343027 0.9291649023836389 0.07924870845150167 3 1
0.641865611574532 0.06403259856782906 0.302266788299949 0.170139746543287 0.2058062732480742 8 5
0.3923629760433429 0.3739755398391862 0.08530539452316477 0.05779174569698453 0.8103919059338164 6 7
0.10777398194755439 0.9422095956940698 0.5917176327917792 0.15330930968966305 0.6230679493033225 8 6
0.16103288884084477 0.32948503852026423 0.20974382840934436 0.18157635755838986 0.3336099802270176 7 1
0.2731312165158061 0.02105933596759746 0.22606730273746456 0.2151429686502977 0.712589396533818 2 7
0.2731312165158061 0.02105933596759746 0.22606730273746456 0.2151429686502977 0.712589396533818 2 7
0.5969902188120455 0.8835407224546478 0.34097820471501905 0.19794150742255678 0.09695761196914443 1 1
0.22446285371394514 0.9638343685311005 0.6706382145088197 0.3116215918867833 0.24260336131553872 5 7
0.22291533821217857 0.7643904586785215 0.4799236243420495 0.872170534551119 0.8441335018258952 4 7
0.10502439566631194 0.040001293797404025 0.702293729575516 0.5176141053625061 0.6727187487490557 5 3
0.10502439566631194 0.040001293797404025 0.702293729575516 0.5176141053625061 0.6727187487490557 5 3
0.15656118184104462 0.14479010871780706 0.093439883343027 0.9291649023836389 0.07924870845150167 3 1
0.15656118184104462 0.14479010871780706 0.093439883343027 0.9291649023836389 0.07924870845150167 3 1
0.3642209243884521 0.677270697164205 0.950022455560955 0.17166632275103 0.9089261612488774 2 7
0.21659972065971933 0.4639797923002025 0.8468031811963895 0.8329210439902782 0.6455791021288467 5 1
0.15656118184104462 0.14479010871780706 0.093439883343027 0.9291649023836389 0.07924870845150167 3 1
0.3923629760433429 0.3739755398391862 0.08530539452316477 0.05779174569698453 0.8103919059338164 6 7
0.15656118184104462 0.14479010871780706 0.093439883343027 0.9291649023836389 0.07924870845150167 3 1
0.3923629760433429 0.3739755398391862 0.08530539452316477 0.05779174569698453 0.8103919059338164 6 7
0.16103288884084477 0.32948503852026423 0.20974382840934436 0.18157635755838986 0.3336099802270176 7 1
0.2731312165158061 0.02105933596759746 0.22606730273746456 0.2151429686502977 0.712589396533818 2 7
0.2731312165158061 0.02105933596759746 0.22606730273746456 0.2151429686502977 0.712589396533818 2 7
0.2731312165158061 0.02105933596759746 0.22606730273746456 0.2151429686502977 0.712589396533818 2 7
0.5969902188120455 0.8835407224546478 0.34097820471501905 0.19794150742255678 0.09695761196914443 1 1
0.22446285371394514 0.9638343685311005 0.6706382145088197 0.3116215918867833 0.24260336131553872 5 7
0.22291533821217857 0.7643904586785215 0.4799236243420495 0.872170534551119 0.8441335018258952 4 7
0.7176202609216836 0.9409296006077648 0.12989194661461967 0.5522748761309265 0.47312223987965474 5 7
0.10502439566631194 0.040001293797404025 0.702293729575516 0.5176141053625061 0.6727187487490557 5 3
0.15656118184104462 0.14479010871780706 0.093439883343027 0.9291649023836389 0.07924870845150167 3 1
0.15656118184104462 0.14479010871780706 0.093439883343027 0.9291649023836389 0.07924870845150167 3 1
0.6763151033856823 0.94662790369846 0.17964318017005787 0.23094509004175934 0.3939922935956629 8 6
0.15656118184104462 0.14479010871780706 0.093439883343027 0.9291649023836389 0.07924870845150167 3 1
0.3923629760433429 0.3739755398391862 0.08530539452316477 0.05779174569698453 0.8103919059338164 6 7
0.15656118184104462 0.14479010871780706 0.093439883343027 0.9291649023836389 0.07924870845150167 3 1
0.3923629760433429 0.3739755398391862 0.08530539452316477 0.05779174569698453 0.8103919059338164 6 7
0.16103288884084477 0.32948503852026423 0.20974382840934436 0.18157635755838986 0.3336099802270176 7 1
0.2731312165158061 0.02105933596759746 0.22606730273746456 0.2151429686502977 0.712589396533818 2 7
0.2731312165158061 0.02105933596759746 0.22606730273746456 0.2151429686502977 0.712589396533818 2 7
0.2731312165158061 0.02105933596759746 0.22606730273746456 0.2151429686502977 0.712589396533818 2 7
0.5969902188120455 0.8835407224546478 0.34097820471501905 0.19794150742255678 0.09695761196914443 1 1
0.22446285371394514 0.9638343685311005 0.6706382145088197 0.3116215918867833 0.24260336131553872 5 7
0.22291533821217857 0.7643904586785215 0.4799236243420495 0.872170534551119 0.8441335018258952 4 7
0.10502439566631194 0.040001293797404025 0.702293729575516 0.5176141053625061 0.6727187487490557 5 3
0.10502439566631194 0.040001293797404025 0.702293729575516 0.5176141053625061 0.6727187487490557 5 3
0.15656118184104462 0.14479010871780706 0.093439883343027 0.9291649023836389 0.07924870845150167 3 1
0.4533088403447437 0.10532754732112293 0.08973295762438482 0.7755741371726127 0.2863142878953341 1 1
0.3642209243884521 0.677270697164205 0.950022455560955 0.17166632275103 0.9089261612488774 2 7
0.15656118184104462 0.14479010871780706 0.093439883343027 0.9291649023836389 0.07924870845150167 3 1
0.15656118184104462 0.14479010871780706 0.093439883343027 0.9291649023836389 0.07924870845150167 3 1
0.641865611574532 0.06403259856782906 0.302266788299949 0.170139746543287 0.2058062732480742 8 5
0.3923629760433429 0.3739755398391862 0.08530539452316477 0.05779174569698453 0.8103919059338164 6 7
0.10777398194755439 0.9422095956940698 0.5917176327917792 0.15330930968966305 0.6230679493033225 8 6
0.2731312165158061 0.02105933596759746 0.22606730273746456 0.2151429686502977 0.712589396533818 2 7
0.2731312165158061 0.02105933596759746 0.22606730273746456 0.2151429686502977 0.712589396533818 2 7
0.2731312165158061 0.02105933596759746 0.22606730273746456 0.2151429686502977 0.712589396533818 2 7
0.5969902188120455 0.8835407224546478 0.34097820471501905 0.19794150742255678 0.09695761196914443 1 1
0.4454434920487772 0.3884105114768063 0.8170097984794954 0.35589501405279567 0.43863271797890646 7 1
0.22291533821217857 0.7643904586785215 0.4799236243420495 0.872170534551119 0.8441335018258952 4 7
0.7176202609216836 0.9409296006077648 0.12989194661461967 0.5522748761309265 0.47312223987965474 5 7
0.4533088403447437 0.10532754732112293 0.08973295762438482 0.7755741371726127 0.2863142878953341 1 1
0.6456510622392918 0.6426837854598265 0.9585313464700972 0.8359487465680875 0.4981501551887966 2 7
0.4533088403447437 0.10532754732112293 0.08973295762438482 0.7755741371726127 0.2863142878953341 1 1
0.3642209243884521 0.677270697164205 0.950022455560955 0.17166632275103 0.9089261612488774 2 7
0.15656118184104462 0.14479010871780706 0.093439883343027 0.9291649023836389 0.07924870845150167 3 1
0.15656118184104462 0.14479010871780706 0.093439883343027 0.9291649023836389 0.07924870845150167 3 1
0.15656118184104462 0.14479010871780706 0.093439883343027 0.9291649023836389 0.07924870845150167 3 1
0.15656118184104462 0.14479010871780706 0.093439883343027 0.9291649023836389 0.07924870845150167 3 1
0.641865611574532 0.06403259856782906 0.302266788299949 0.170139746543287 0.2058062732480742 8 5
0.3923629760433429 0.3739755398391862 0.08530539452316477 0.05779174569698453 0.8103919059338164 6 7
0.10777398194755439 0.9422095956940698 0.5917176327917792 0.15330930968966305 0.6230679493033225 8 6
0.2731312165158061 0.02105933596759746 0.22606730273746456 0.2151429686502977 0.712589396533818 2 7
0.2731312165158061 0.02105933596759746 0.22606730273746456 0.2151429686502977 0.712589396533818 2 7
0.5969902188120455 0.8835407224546478 0.34097820471501905 0.19794150742255678 0.09695761196914443 1 1
0.22446285371394514 0.9638343685311005 0.6706382145088197 0.3116215918867833 0.24260336131553872 5 7
0.22291533821217857 0.7643904586785215 0.4799236243420495 0.872170534551119 0.8441335018258952 4 7
0.10502439566631194 0.040001293797404025 0.702293729575516 0.5176141053625061 0.6727187487490557 5 3
0.10502439566631194 0.040001293797404025 0.702293729575516 0.5176141053625061 0.6727187487490557 5 3
0.15656118184104462 0.14479010871780706 0.093439883343027 0.9291649023836389 0.07924870845150167 3 1
0.4533088403447437 0.10532754732112293 0.08973295762438482 0.7755741371726127 0.2863142878953341 1 1
0.6763151033856823 0.94662790369846 0.17964318017005787 0.23094509004175934 0.3939922935956629 8 6
0.15656118184104462 0.14479010871780706 0.093439883343027 0.9291649023836389 0.07924870845150167 3 1
0.3923629760433429 0.3739755398391862 0.08530539452316477 0.05779174569698453 0.8103919059338164 6 7
0.641865611574532 0.06403259856782906 0.302266788299949 0.170139746543287 0.2058062732480742 8 5
0.3923629760433429 0.3739755398391862 0.08530539452316477 0.05779174569698453 0.8103919059338164 6 7
0.10777398194755439 0.9422095956940698 0.5917176327917792 0.15330930968966305 0.6230679493033225 8 6
0.2731312165158061 0.02105933596759746 0.22606730273746456 0.2151429686502977 0.712589396533818 2 7
0.2731312165158061 0.02105933596759746 0.22606730273746456 0.2151429686502977 0.712589396533818 2 7
0.5969902188120455 0.8835407224546478 0.34097820471501905 0.19794150742255678 0.09695761196914443 1 1
0.5969902188120455 0.8835407224546478 0.34097820471501905 0.19794150742255678 0.09695761196914443 1 1
0.22446285371394514 0.9638343685311005 0.6706382145088197 0.3116215918867833 0.24260336131553872 5 7
0.22291533821217857 0.7643904586785215 0.4799236243420495 0.872170534551119 0.8441335018258952 4 7
0.10502439566631194 0.040001293797404025 0.702293729575516 0.5176141053625061 0.6727187487490557 5 3
0.10502439566631194 0.040001293797404025 0.702293729575516 0.5176141053625061 0.6727187487490557 5 3
0.4533088403447437 0.10532754732112293 0.08973295762438482 0.7755741371726127 0.2863142878953341 1 1
0.4533088403447437 0.10532754732112293 0.08973295762438482 0.7755741371726127 0.2863142878953341 1 1
0.3642209243884521 0.677270697164205 0.950022455560955 0.17166632275103 0.9089261612488774 2 7
0.15656118184104462 0.14479010871780706 0.093439883343027 0.9291649023836389 0.07924870845150167 3 1
0.15656118184104462 0.14479010871780706 0.093439883343027 0.9291649023836389 0.07924870845150167 3 1
0.15656118184104462 0.14479010871780706 0.093439883343027 0.9291649023836389 0.07924870845150167 3 1
0.3923629760433429 0.3739755398391862 0.08530539452316477 0.05779174569698453 0.8103919059338164 6 7
0.10777398194755439 0.9422095956940698 0.5917176327917792 0.15330930968966305 0.6230679493033225 8 6
0.16103288884084477 0.32948503852026423 0.20974382840934436 0.18157635755838986 0.3336099802270176 7 1
0.2731312165158061 0.02105933596759746 0.22606730273746456 0.2151429686502977 0.712589396533818 2 7
0.7074737499415978 0.4138638671322803 0.24702591578563693 0.16177076887546438 0.28127941271719226 6 6
0.5969902188120455 0.8835407224546478 0.34097820471501905 0.19794150742255678 0.09695761196914443 1 1
0.22446285371394514 0.9638343685311005 0.6706382145088197 0.3116215918867833 0.24260336131553872 5 7
0.22291533821217857 0.7643904586785215 0.4799236243420495 0.872170534551119 0.8441335018258952 4 7
0.10502439566631194 0.040001293797404025 0.702293729575516 0.5176141053625061 0.6727187487490557 5 3
0.7928565939296077 0.10118129061950054 0.618195996497104 0.12635423000139756 0.18753698125524465 8 8
0.15656118184104462 0.14479010871780706 0.093439883343027 0.9291649023836389 0.07924870845150167 3 1
0.2858596117461717 0.7076247381811936 0.03561779808679877 0.018222829827246434 0.7522138558146109 2 8
0.3642209243884521 0.677270697164205 0.950022455560955 0.17166632275103 0.9089261612488774 2 7
0.15656118184104462 0.14479010871780706 0.093439883343027 0.9291649023836389 0.07924870845150167 3 1
0.15656118184104462 0.14479010871780706 0.093439883343027 0.9291649023836389 0.07924870845150167 3 1
0.3923629760433429 0.3739755398391862 0.08530539452316477 0.05779174569698453 0.8103919059338164 6 7
0.3923629760433429 0.3739755398391862 0.08530539452316477 0.05779174569698453 0.8103919059338164 6 7
0.16103288884084477 0.32948503852026423 0.20974382840934436 0.18157635755838986 0.3336099802270176 7 1
0.10777398194755439 0.9422095956940698 0.5917176327917792 0.15330930968966305 0.6230679493033225 8 6
0.2731312165158061 0.02105933596759746 0.22606730273746456 0.2151429686502977 0.712589396533818 2 7
0.2731312165158061 0.02105933596759746 0.22606730273746456 0.2151429686502977 0.712589396533818 2 7
0.5969902188120455 0.8835407224546478 0.34097820471501905 0.19794150742255678 0.09695761196914443 1 1
0.22446285371394514 0.9638343685311005 0.6706382145088197 0.3116215918867833 0.24260336131553872 5 7
0.22291533821217857 0.7643904586785215 0.4799236243420495 0.872170534551119 0.8441335018258952 4 7
0.7928565939296077 0.10118129061950054 0.618195996497104 0.12635423000139756 0.18753698125524465 8 8
0.10502439566631194 0.040001293797404025 0.702293729575516 0.5176141053625061 0.6727187487490557 5 3
0.15656118184104462 0.14479010871780706 0.093439883343027 0.9291649023836389 0.07924870845150167 3 1
0.4533088403447437 0.10532754732112293 0.08973295762438482 0.7755741371726127 0.2863142878953341 1 1
0.6763151033856823 0.94662790369846 0.17964318017005787 0.23094509004175934 0.3939922935956629 8 6
0.15656118184104462 0.14479010871780706 0.093439883343027 0.9291649023836389 0.07924870845150167 3 1
0.15656118184104462 0.14479010871780706 0.093439883343027 0.9291649023836389 0.07924870845150167 3 1
0.15656118184104462 0.14479010871780706 0.093439883343027 0.9291649023836389 0.07924870845150167 3 1
0.641865611574532 0.06403259856782906 0.302266788299949 0.170139746543287 0.2058062732480742 8 5
0.3923629760433429 0.3739755398391862 0.08530539452316477 0.05779174569698453 0.8103919059338164 6 7
0.10777398194755439 0.9422095956940698 0.5917176327917792 0.15330930968966305 0.6230679493033225 8 6
0.16103288884084477 0.32948503852026423 0.20974382840934436 0.18157635755838986 0.3336099802270176 7 1
0.2731312165158061 0.02105933596759746 0.22606730273746456 0.2151429686502977 0.712589396533818 2 7
0.2731312165158061 0.02105933596759746 0.22606730273746456 0.2151429686502977 0.712589396533818 2 7
0.5969902188120455 0.8835407224546478 0.34097820471501905 0.19794150742255678 0.09695761196914443 1 1
0.4454434920487772 0.3884105114768063 0.8170097984794954 0.35589501405279567 0.43863271797890646 7 1
0.22291533821217857 0.7643904586785215 0.4799236243420495 0.872170534551119 0.8441335018258952 4 7
0.7176202609216836 0.9409296006077648 0.12989194661461967 0.5522748761309265 0.47312223987965474 5 7
0.10502439566631194 0.040001293797404025 0.702293729575516 0.5176141053625061 0.6727187487490557 5 3
0.15656118184104462 0.14479010871780706 0.093439883343027 0.9291649023836389 0.07924870845150167 3 1
0.4533088403447437 0.10532754732112293 0.08973295762438482 0.7755741371726127 0.2863142878953341 1 1
0.6763151033856823 0.94662790369846 0.17964318017005787 0.23094509004175934 0.3939922935956629 8 6
0.15656118184104462 0.14479010871780706 0.093439883343027 0.9291649023836389 0.07924870845150167 3 1
0.15656118184104462 0.14479010871780706 0.093439883343027 0.9291649023836389 0.07924870845150167 3 1
0.641865611574532 0.06403259856782906 0.302266788299949 0.170139746543287 0.2058062732480742 8 5
0.3923629760433429 0.3739755398391862 0.08530539452316477 0.05779174569698453 0.8103919059338164 6 7
0.10777398194755439 0.9422095956940698 0.5917176327917792 0.15330930968966305 0.6230679493033225 8 6
0.2731312165158061 0.02105933596759746 0.22606730273746456 0.2151429686502977 0.712589396533818 2 7
0.2731312165158061 0.02105933596759746 0.22606730273746456 0.2151429686502977 0.712589396533818 2 7
0.2731312165158061 0.02105933596759746 0.22606730273746456 0.2151429686502977 0.712589396533818 2 7
0.5969902188120455 0.8835407224546478 0.34097820471501905 0.19794150742255678 0.09695761196914443 1 1
0.4454434920487772 0.3884105114768063 0.8170097984794954 0.35589501405279567 0.43863271797890646 7 1
0.22291533821217857 0.7643904586785215 0.4799236243420495 0.872170534551119 0.8441335018258952 4 7
0.7176202609216836 0.9409296006077648 0.12989194661461967 0.5522748761309265 0.47312223987965474 5 7
0.10502439566631194 0.040001293797404025 0.702293729575516 0.5176141053625061 0.6727187487490557 5 3
0.6456510622392918 0.6426837854598265 0.9585313464700972 0.8359487465680875 0.4981501551887966 2 7
0.4533088403447437 0.10532754732112293 0.08973295762438482 0.7755741371726127 0.2863142878953341 1 1
0.3642209243884521 0.677270697164205 0.950022455560955 0.17166632275103 0.9089261612488774 2 7
0.15656118184104462 0.14479010871780706 0.093439883343027 0.9291649023836389 0.07924870845150167 3 1
0.15656118184104462 0.14479010871780706 0.093439883343027 0.9291649023836389 0.07924870845150167 3 1
0.15656118184104462 0.14479010871780706 0.093439883343027 0.9291649023836389 0.07924870845150167 3 1
0.641865611574532 0.06403259856782906 0.302266788299949 0.170139746543287 0.2058062732480742 8 5
0.6028644119187921 0.5902862377136293 0.7972830010849717 0.732630071865142 0.49463374776485514 4 7
0.10777398194755439 0.9422095956940698 0.5917176327917792 0.15330930968966305 0.6230679493033225 8 6
0.2731312165158061 0.02105933596759746 0.22606730273746456 0.2151429686502977 0.712589396533818 2 7
0.2731312165158061 0.02105933596759746 0.22606730273746456 0.2151429686502977 0.712589396533818 2 7
0.2731312165158061 0.02105933596759746 0.22606730273746456 0.2151429686502977 0.712589396533818 2 7
0.5969902188120455 0.8835407224546478 0.34097820471501905 0.19794150742255678 0.09695761196914443 1 1
0.22446285371394514 0.9638343685311005 0.6706382145088197 0.3116215918867833 0.24260336131553872 5 7
0.22291533821217857 0.7643904586785215 0.4799236243420495 0.872170534551119 0.8441335018258952 4 7
0.7176202609216836 0.9409296006077648 0.12989194661461967 0.5522748761309265 0.47312223987965474 5 7
0.10502439566631194 0.040001293797404025 0.702293729575516 0.5176141053625061 0.6727187487490557 5 3
0.6456510622392918 0.6426837854598265 0.9585313464700972 0.8359487465680875 0.4981501551887966 2 7
0.4533088403447437 0.10532754732112293 0.08973295762438482 0.7755741371726127 0.2863142878953341 1 1
0.3642209243884521 0.677270697164205 0.950022455560955 0.17166632275103 0.9089261612488774 2 7
0.15656118184104462 0.14479010871780706 0.093439883343027 0.9291649023836389 0.07924870845150167 3 1
0.3923629760433429 0.3739755398391862 0.08530539452316477 0.05779174569698453 0.8103919059338164 6 7
0.15656118184104462 0.14479010871780706 0.093439883343027 0.9291649023836389 0.07924870845150167 3 1
0.3923629760433429 0.3739755398391862 0.08530539452316477 0.05779174569698453 0.8103919059338164 6 7
0.16103288884084477 0.32948503852026423 0.20974382840934436 0.18157635755838986 0.3336099802270176 7 1
0.2731312165158061 0.02105933596759746 0.22606730273746456 0.2151429686502977 0.712589396533818 2 7
0.2731312165158061 0.02105933596759746 0.22606730273746456 0.2151429686502977 0.712589396533818 2 7
0.2731312165158061 0.02105933596759746 0.22606730273746456 0.2151429686502977 0.712589396533818 2 7
0.5969902188120455 0.8835407224546478 0.34097820471501905 0.19794150742255678 0.09695761196914443 1 1
0.4454434920487772 0.3884105114768063 0.8170097984794954 0.35589501405279567 0.43863271797890646 7 1
0.22291533821217857 0.7643904586785215 0.4799236243420495 0.872170534551119 0.8441335018258952 4 7
0.7176202609216836 0.9409296006077648 0.12989194661461967 0.5522748761309265 0.47312223987965474 5 7
0.10502439566631194 0.040001293797404025 0.702293729575516 0.5176141053625061 0.6727187487490557 5 3
0.15656118184104462 0.14479010871780706 0.093439883343027 0.9291649023836389 0.07924870845150167 3 1
0.15656118184104462 0.14479010871780706 0.093439883343027 0.9291649023836389 0.07924870845150167 3 1
0.6763151033856823 0.94662790369846 0.17964318017005787 0.23094509004175934 0.3939922935956629 8 6
0.15656118184104462 0.14479010871780706 0.093439883343027 0.9291649023836389 0.07924870845150167 3 1
0.15656118184104462 0.14479010871780706 0.093439883343027 0.9291649023836389 0.07924870845150167 3 1
0.15656118184104462 0.14479010871780706 0.093439883343027 0.9291649023836389 0.07924870845150167 3 1
0.3923629760433429 0.3739755398391862 0.08530539452316477 0.05779174569698453 0.8103919059338164 6 7
0.16103288884084477 0.32948503852026423 0.20974382840934436 0.18157635755838986 0.3336099802270176 7 1
0.2731312165158061 0.02105933596759746 0.22606730273746456 0.2151429686502977 0.712589396533818 2 7
0.2731312165158061 0.02105933596759746 0.22606730273746456 0.2151429686502977 0.712589396533818 2 7
0.5969902188120455 0.8835407224546478 0.34097820471501905 0.19794150742255678 0.09695761196914443 1 1
0.5969902188120455 0.8835407224546478 0.34097820471501905 0.19794150742255678 0.09695761196914443 1 1
0.22446285371394514 0.9638343685311005 0.6706382145088197 0.3116215918867833 0.24260336131553872 5 7
0.22291533821217857 0.7643904586785215 0.4799236243420495 0.872170534551119 0.8441335018258952 4 7
0.10502439566631194 0.040001293797404025 0.702293729575516 0.5176141053625061 0.6727187487490557 5 3
0.10502439566631194 0.040001293797404025 0.702293729575516 0.5176141053625061 0.6727187487490557 5 3
0.15656118184104462 0.14479010871780706 0.093439883343027 0.9291649023836389 0.07924870845150167 3 1
0.4533088403447437 0.10532754732112293 0.08973295762438482 0.7755741371726127 0.2863142878953341 1 1
0.6763151033856823 0.94662790369846 0.17964318017005787 0.23094509004175934 0.3939922935956629 8 6
0.15656118184104462 0.14479010871780706 0.093439883343027 0.9291649023836389 0.07924870845150167 3 1
0.15656118184104462 0.14479010871780706 0.093439883343027 0.9291649023836389 0.07924870845150167 3 1
0.15656118184104462 0.14479010871780706 0.093439883343027 0.9291649023836389 0.07924870845150167 3 1
0.15656118184104462 0.14479010871780706 0.093439883343027 0.9291649023836389 0.07924870845150167 3 1
0.641865611574532 0.06403259856782906 0.302266788299949 0.170139746543287 0.2058062732480742 8 5
0.16103288884084477 0.32948503852026423 0.20974382840934436 0.18157635755838986 0.3336099802270176 7 1
0.16103288884084477 0.32948503852026423 0.20974382840934436 0.18157635755838986 0.3336099802270176 7 1
0.2731312165158061 0.02105933596759746 0.22606730273746456 0.2151429686502977 0.712589396533818 2 7
0.2731312165158061 0.02105933596759746 0.22606730273746456 0.2151429686502977 0.712589396533818 2 7
0.5969902188120455 0.8835407224546478 0.34097820471501905 0.19794150742255678 0.09695761196914443 1 1
0.22446285371394514 0.9638343685311005 0.6706382145088197 0.3116215918867833 0.24260336131553872 5 7
0.22291533821217857 0.7643904586785215 0.4799236243420495 0.872170534551119 0.8441335018258952 4 7
0.10502439566631194 0.040001293797404025 0.702293729575516 0.5176141053625061 0.6727187487490557 5 3
0.10502439566631194 0.040001293797404025 0.702293729575516 0.5176141053625061 0.6727187487490557 5 3
0.15656118184104462 0.14479010871780706 0.093439883343027 0.9291649023836389 0.07924870845150167 3 1
0.4533088403447437 0.10532754732112293 0.08973295762438482 0.7755741371726127 0.2863142878953341 1 1
0.6763151033856823 0.94662790369846 0.17964318017005787 0.23094509004175934 0.3939922935956629 8 6
0.21659972065971933 0.4639797923002025 0.8468031811963895 0.8329210439902782 0.6455791021288467 5 1
0.15656118184104462 0.14479010871780706 0.093439883343027 0.9291649023836389 0.07924870845150167 3 1
0.15656118184104462 0.14479010871780706 0.093439883343027 0.9291649023836389 0.07924870845150167 3 1
0.641865611574532 0.06403259856782906 0.302266788299949 0.170139746543287 0.2058062732480742 8 5
0.3923629760433429 0.3739755398391862 0.08530539452316477 0.05779174569698453 0.8103919059338164 6 7
0.10777398194755439 0.9422095956940698 0.5917176327917792 0.15330930968966305 0.6230679493033225 8 6
0.16103288884084477 0.32948503852026423 0.20974382840934436 0.18157635755838986 0.3336099802270176 7 1
0.2731312165158061 0.02105933596759746 0.22606730273746456 0.2151429686502977 0.712589396533818 2 7
0.2731312165158061 0.02105933596759746 0.22606730273746456 0.2151429686502977 0.712589396533818 2 7
0.5969902188120455 0.8835407224546478 0.34097820471501905 0.19794150742255678 0.09695761196914443 1 1
0.22446285371394514 0.9638343685311005 0.6706382145088197 0.3116215918867833 0.24260336131553872 5 7
0.10502439566631194 0.040001293797404025 0.702293729575516 0.5176141053625061 0.6727187487490557 5 3
0.10502439566631194 0.040001293797404025 0.702293729575516 0.5176141053625061 0.6727187487490557 5 3
0.4533088403447437 0.10532754732112293 0.08973295762438482 0.7755741371726127 0.2863142878953341 1 1
0.15656118184104462 0.14479010871780706 0.093439883343027 0.9291649023836389 0.07924870845150167 3 1
0.3642209243884521 0.677270697164205 0.950022455560955 0.17166632275103 0.9089261612488774 2 7
0.15656118184104462 0.14479010871780706 0.093439883343027 0.9291649023836389 0.07924870845150167 3 1
0.15656118184104462 0.14479010871780706 0.093439883343027 0.9291649023836389 0.07924870845150167 3 1
0.641865611574532 0.06403259856782906 0.302266788299949 0.170139746543287 0.2058062732480742 8 5
0.3923629760433429 0.3739755398391862 0.08530539452316477 0.05779174569698453 0.8103919059338164 6 7
0.10777398194755439 0.9422095956940698 0.5917176327917792 0.15330930968966305 0.6230679493033225 8 6
0.16103288884084477 0.32948503852026423 0.20974382840934436 0.18157635755838986 0.3336099802270176 7 1
0.2731312165158061 0.02105933596759746 0.22606730273746456 0.2151429686502977 0.712589396533818 2 7
0.2731312165158061 0.02105933596759746 0.22606730273746456 0.2151429686502977 0.712589396533818 2 7
0.5969902188120455 0.8835407224546478 0.34097820471501905 0.19794150742255678 0.09695761196914443 1 1
0.22446285371394514 0.9638343685311005 0.6706382145088197 0.3116215918867833 0.24260336131553872 5 7
0.22291533821217857 0.7643904586785215 0.4799236243420495 0.872170534551119 0.8441335018258952 4 7
0.10502439566631194 0.040001293797404025 0.702293729575516 0.5176141053625061 0.6727187487490557 5 3
0.10502439566631194 0.040001293797404025 0.702293729575516 0.5176141053625061 0.6727187487490557 5 3
0.15656118184104462 0.14479010871780706 0.093439883343027 0.9291649023836389 0.07924870845150167 3 1
0.4533088403447437 0.10532754732112293 0.08973295762438482 0.7755741371726127 0.2863142878953341 1 1
0.6763151033856823 0.94662790369846 0.17964318017005787 0.23094509004175934 0.3939922935956629 8 6
0.15656118184104462 0.14479010871780706 0.093439883343027 0.9291649023836389 0.07924870845150167 3 1
0.15656118184104462 0.14479010871780706 0.093439883343027 0.9291649023836389 0.07924870845150167 3 1
0.641865611574532 0.06403259856782906 0.302266788299949 0.170139746543287 0.2058062732480742 8 5
0.3923629760433429 0.3739755398391862 0.08530539452316477 0.05779174569698453 0.8103919059338164 6 7
0.10777398194755439 0.9422095956940698 0.5917176327917792 0.15330930968966305 0.6230679493033225 8 6
0.16103288884084477 0.32948503852026423 0.20974382840934436 0.18157635755838986 0.3336099802270176 7 1
0.2731312165158061 0.02105933596759746 0.22606730273746456 0.2151429686502977 0.712589396533818 2 7
0.2731312165158061 0.02105933596759746 0.22606730273746456 0.2151429686502977 0.712589396533818 2 7
0.5969902188120455 0.8835407224546478 0.34097820471501905 0.19794150742255678 0.09695761196914443 1 1
0.22446285371394514 0.9638343685311005 0.6706382145088197 0.3116215918867833 0.24260336131553872 5 7
0.22291533821217857 0.7643904586785215 0.4799236243420495 0.872170534551119 0.8441335018258952 4 7
0.10502439566631194 0.040001293797404025 0.702293729575516 0.5176141053625061 0.6727187487490557 5 3
0.10502439566631194 0.040001293797404025 0.702293729575516 0.5176141053625061 0.6727187487490557 5 3
0.15656118184104462 0.14479010871780706 0.093439883343027 0.9291649023836389 0.07924870845150167 3 1
0.4533088403447437 0.10532754732112293 0.08973295762438482 0.7755741371726127 0.2863142878953341 1 1
0.6763151033856823 0.94662790369846 0.17964318017005787 0.23094509004175934 0.3939922935956629 8 6
0.15656118184104462 0.14479010871780706 0.093439883343027 0.9291649023836389 0.07924870845150167 3 1
0.6763151033856823 0.94662790369846 0.17964318017005787 0.23094509004175934 0.3939922935956629 8 6
0.15656118184104462 0.14479010871780706 0.093439883343027 0.9291649023836389 0.07924870845150167 3 1
0.3923629760433429 0.3739755398391862 0.08530539452316477 0.05779174569698453 0.8103919059338164 6 7
0.3923629760433429 0.3739755398391862 0.08530539452316477 0.05779174569698453 0.8103919059338164 6 7
0.10777398194755439 0.9422095956940698 0.5917176327917792 0.15330930968966305 0.6230679493033225 8 6
0.16103288884084477 0.32948503852026423 0.20974382840934436 0.18157635755838986 0.3336099802270176 7 1
0.2731312165158061 0.02105933596759746 0.22606730273746456 0.2151429686502977 0.712589396533818 2 7
0.2731312165158061 0.02105933596759746 0.22606730273746456 0.2151429686502977 0.712589396533818 2 7
0.5969902188120455 0.8835407224546478 0.34097820471501905 0.19794150742255678 0.09695761196914443 1 1
0.22446285371394514 0.9638343685311005 0.6706382145088197 0.3116215918867833 0.24260336131553872 5 7
0.22291533821217857 0.7643904586785215 0.4799236243420495 0.872170534551119 0.8441335018258952 4 7
0.10502439566631194 0.040001293797404025 0.702293729575516 0.5176141053625061 0.6727187487490557 5 3
0.15656118184104462 0.14479010871780706 0.093439883343027 0.9291649023836389 0.07924870845150167 3 1
0.15656118184104462 0.14479010871780706 0.093439883343027 0.9291649023836389 0.07924870845150167 3 1
0.5635245982683444 0.76494989263676 0.4805366908614569 0.6964577711689024 0.24127278654117412 7 5
0.15656118184104462 0.14479010871780706 0.093439883343027 0.9291649023836389 0.07924870845150167 3 1
0.3923629760433429 0.3739755398391862 0.08530539452316477 0.05779174569698453 0.8103919059338164 6 7
0.641865611574532 0.06403259856782906 0.302266788299949 0.170139746543287 0.2058062732480742 8 5
0.6028644119187921 0.5902862377136293 0.7972830010849717 0.732630071865142 0.49463374776485514 4 7
0.16103288884084477 0.32948503852026423 0.20974382840934436 0.18157635755838986 0.3336099802270176 7 1
0.2731312165158061 0.02105933596759746 0.22606730273746456 0.2151429686502977 0.712589396533818 2 7
0.2731312165158061 0.02105933596759746 0.22606730273746456 0.2151429686502977 0.712589396533818 2 7
0.5969902188120455 0.8835407224546478 0.34097820471501905 0.19794150742255678 0.09695761196914443 1 1
0.4454434920487772 0.3884105114768063 0.8170097984794954 0.35589501405279567 0.43863271797890646 7 1
0.22446285371394514 0.9638343685311005 0.6706382145088197 0.3116215918867833 0.24260336131553872 5 7
0.22291533821217857 0.7643904586785215 0.4799236243420495 0.872170534551119 0.8441335018258952 4 7
0.10502439566631194 0.040001293797404025 0.702293729575516 0.5176141053625061 0.6727187487490557 5 3
0.10502439566631194 0.040001293797404025 0.702293729575516 0.5176141053625061 0.6727187487490557 5 3
0.6456510622392918 0.6426837854598265 0.9585313464700972 0.8359487465680875 0.4981501551887966 2 7
0.15656118184104462 0.14479010871780706 0.093439883343027 0.9291649023836389 0.07924870845150167 3 1
0.9372979082902457 0.09404604930845628 0.3204691675570327 0.4931002822867686 0.8052766980259819 6 1
0.15656118184104462 0.14479010871780706 0.093439883343027 0.9291649023836389 0.07924870845150167 3 1
0.3923629760433429 0.3739755398391862 0.08530539452316477 0.05779174569698453 0.8103919059338164 6 7
0.641865611574532 0.06403259856782906 0.302266788299949 0.170139746543287 0.2058062732480742 8 5
0.641865611574532 0.06403259856782906 0.302266788299949 0.170139746543287 0.2058062732480742 8 5
0.10777398194755439 0.9422095956940698 0.5917176327917792 0.15330930968966305 0.6230679493033225 8 6
0.2731312165158061 0.02105933596759746 0.22606730273746456 0.2151429686502977 0.712589396533818 2 7
0.2731312165158061 0.02105933596759746 0.22606730273746456 0.2151429686502977 0.712589396533818 2 7
0.5969902188120455 0.8835407224546478 0.34097820471501905 0.19794150742255678 0.09695761196914443 1 1
0.5969902188120455 0.8835407224546478 0.34097820471501905 0.19794150742255678 0.09695761196914443 1 1
0.4454434920487772 0.3884105114768063 0.8170097984794954 0.35589501405279567 0.43863271797890646 7 1
0.22446285371394514 0.9638343685311005 0.6706382145088197 0.3116215918867833 0.24260336131553872 5 7
0.7176202609216836 0.9409296006077648 0.12989194661461967 0.5522748761309265 0.47312223987965474 5 7
0.10502439566631194 0.040001293797404025 0.702293729575516 0.5176141053625061 0.6727187487490557 5 3
0.4533088403447437 0.10532754732112293 0.08973295762438482 0.7755741371726127 0.2863142878953341 1 1
0.2858596117461717 0.7076247381811936 0.03561779808679877 0.018222829827246434 0.7522138558146109 2 8
0.3642209243884521 0.677270697164205 0.950022455560955 0.17166632275103 0.9089261612488774 2 7
0.15656118184104462 0.14479010871780706 0.093439883343027 0.9291649023836389 0.07924870845150167 3 1
0.15656118184104462 0.14479010871780706 0.093439883343027 0.9291649023836389 0.07924870845150167 3 1
0.641865611574532 0.06403259856782906 0.302266788299949 0.170139746543287 0.2058062732480742 8 5
0.3923629760433429 0.3739755398391862 0.08530539452316477 0.05779174569698453 0.8103919059338164 6 7
0.16103288884084477 0.32948503852026423 0.20974382840934436 0.18157635755838986 0.3336099802270176 7 1
0.2731312165158061 0.02105933596759746 0.22606730273746456 0.2151429686502977 0.712589396533818 2 7
0.2731312165158061 0.02105933596759746 0.22606730273746456 0.2151429686502977 0.712589396533818 2 7
0.2731312165158061 0.02105933596759746 0.22606730273746456 0.2151429686502977 0.712589396533818 2 7
0.5969902188120455 0.8835407224546478 0.34097820471501905 0.19794150742255678 0.09695761196914443 1 1
0.4454434920487772 0.3884105114768063 0.8170097984794954 0.35589501405279567 0.43863271797890646 7 1
0.22291533821217857 0.7643904586785215 0.4799236243420495 0.872170534551119 0.8441335018258952 4 7
0.7176202609216836 0.9409296006077648 0.12989194661461967 0.5522748761309265 0.47312223987965474 5 7
0.15656118184104462 0.14479010871780706 0.093439883343027 0.9291649023836389 0.07924870845150167 3 1
0.6456510622392918 0.6426837854598265 0.9585313464700972 0.8359487465680875 0.4981501551887966 2 7
0.4533088403447437 0.10532754732112293 0.08973295762438482 0.7755741371726127 0.2863142878953341 1 1
0.3642209243884521 0.677270697164205 0.950022455560955 0.17166632275103 0.9089261612488774 2 7
0.15656118184104462 0.14479010871780706 0.093439883343027 0.9291649023836389 0.07924870845150167 3 1
0.15656118184104462 0.14479010871780706 0.093439883343027 0.9291649023836389 0.07924870845150167 3 1
0.15656118184104462 0.14479010871780706 0.093439883343027 0.9291649023836389 0.07924870845150167 3 1
0.15656118184104462 0.14479010871780706 0.093439883343027 0.9291649023836389 0.07924870845150167 3 1
0.6028644119187921 0.5902862377136293 0.7972830010849717 0.732630071865142 0.49463374776485514 4 7
0.10777398194755439 0.9422095956940698 0.5917176327917792 0.15330930968966305 0.6230679493033225 8 6
0.2731312165158061 0.02105933596759746 0.22606730273746456 0.2151429686502977 0.712589396533818 2 7
0.2731312165158061 0.02105933596759746 0.22606730273746456 0.2151429686502977 0.712589396533818 2 7
0.2731312165158061 0.02105933596759746 0.22606730273746456 0.2151429686502977 0.712589396533818 2 7
0.4454434920487772 0.3884105114768063 0.8170097984794954 0.35589501405279567 0.43863271797890646 7 1
0.22446285371394514 0.9638343685311005 0.6706382145088197 0.3116215918867833 0.24260336131553872 5 7
0.22291533821217857 0.7643904586785215 0.4799236243420495 0.872170534551119 0.8441335018258952 4 7
0.10502439566631194 0.040001293797404025 0.702293729575516 0.5176141053625061 0.6727187487490557 5 3
0.10502439566631194 0.040001293797404025 0.702293729575516 0.5176141053625061 0.6727187487490557 5 3
0.6456510622392918 0.6426837854598265 0.9585313464700972 0.8359487465680875 0.4981501551887966 2 7
0.4533088403447437 0.10532754732112293 0.08973295762438482 0.7755741371726127 0.2863142878953341 1 1
0.3642209243884521 0.677270697164205 0.950022455560955 0.17166632275103 0.9089261612488774 2 7
0.15656118184104462 0.14479010871780706 0.093439883343027 0.9291649023836389 0.07924870845150167 3 1
0.15656118184104462 0.14479010871780706 0.093439883343027 0.9291649023836389 0.07924870845150167 3 1
0.15656118184104462 0.14479010871780706 0.093439883343027 0.9291649023836389 0.07924870845150167 3 1
0.15656118184104462 0.14479010871780706 0.093439883343027 0.9291649023836389 0.07924870845150167 3 1
0.3923629760433429 0.3739755398391862 0.08530539452316477 0.05779174569698453 0.8103919059338164 6 7
0.16103288884084477 0.32948503852026423 0.20974382840934436 0.18157635755838986 0.3336099802270176 7 1
0.2731312165158061 0.02105933596759746 0.22606730273746456 0.2151429686502977 0.712589396533818 2 7
0.2731312165158061 0.02105933596759746 0.22606730273746456 0.2151429686502977 0.712589396533818 2 7
0.5969902188120455 0.8835407224546478 0.34097820471501905 0.19794150742255678 0.09695761196914443 1 1
0.4454434920487772 0.3884105114768063 0.8170097984794954 0.35589501405279567 0.43863271797890646 7 1
0.22446285371394514 0.9638343685311005 0.6706382145088197 0.3116215918867833 0.24260336131553872 5 7
0.22291533821217857 0.7643904586785215 0.4799236243420495 0.872170534551119 0.8441335018258952 4 7
0.10502439566631194 0.040001293797404025 0.702293729575516 0.5176141053625061 0.6727187487490557 5 3
0.10502439566631194 0.040001293797404025 0.702293729575516 0.5176141053625061 0.6727187487490557 5 3
0.15656118184104462 0.14479010871780706 0.093439883343027 0.9291649023836389 0.07924870845150167 3 1
0.15656118184104462 0.14479010871780706 0.093439883343027 0.9291649023836389 0.07924870845150167 3 1
0.5981865961982108 0.60625893494146 0.06263757547335713 0.62711203567665 0.45247418380901105 3 2
0.15656118184104462 0.14479010871780706 0.093439883343027 0.9291649023836389 0.07924870845150167 3 1
0.15656118184104462 0.14479010871780706 0.093439883343027 0.9291649023836389 0.07924870845150167 3 1
0.15656118184104462 0.14479010871780706 0.093439883343027 0.9291649023836389 0.07924870845150167 3 1
0.641865611574532 0.06403259856782906 0.302266788299949 0.170139746543287 0.2058062732480742 8 5
0.6028644119187921 0.5902862377136293 0.7972830010849717 0.732630071865142 0.49463374776485514 4 7
0.10777398194755439 0.9422095956940698 0.5917176327917792 0.15330930968966305 0.6230679493033225 8 6
0.16103288884084477 0.32948503852026423 0.20974382840934436 0.18157635755838986 0.3336099802270176 7 1
0.2731312165158061 0.02105933596759746 0.22606730273746456 0.2151429686502977 0.712589396533818 2 7
0.2731312165158061 0.02105933596759746 0.22606730273746456 0.2151429686502977 0.712589396533818 2 7
0.5969902188120455 0.8835407224546478 0.34097820471501905 0.19794150742255678 0.09695761196914443 1 1
0.22446285371394514 0.9638343685311005 0.6706382145088197 0.3116215918867833 0.24260336131553872 5 7
0.22291533821217857 0.7643904586785215 0.4799236243420495 0.872170534551119 0.8441335018258952 4 7
0.10502439566631194 0.040001293797404025 0.702293729575516 0.5176141053625061 0.6727187487490557 5 3
0.10502439566631194 0.040001293797404025 0.702293729575516 0.5176141053625061 0.6727187487490557 5 3
0.15656118184104462 0.14479010871780706 0.093439883343027 0.9291649023836389 0.07924870845150167 3 1
0.4533088403447437 0.10532754732112293 0.08973295762438482 0.7755741371726127 0.2863142878953341 1 1
0.6763151033856823 0.94662790369846 0.17964318017005787 0.23094509004175934 0.3939922935956629 8 6
0.15656118184104462 0.14479010871780706 0.093439883343027 0.9291649023836389 0.07924870845150167 3 1
0.15656118184104462 0.14479010871780706 0.093439883343027 0.9291649023836389 0.07924870845150167 3 1
0.15656118184104462 0.14479010871780706 0.093439883343027 0.9291649023836389 0.07924870845150167 3 1
0.641865611574532 0.06403259856782906 0.302266788299949 0.170139746543287 0.2058062732480742 8 5
0.641865611574532 0.06403259856782906 0.302266788299949 0.170139746543287 0.2058062732480742 8 5
0.3923629760433429 0.3739755398391862 0.08530539452316477 0.05779174569698453 0.8103919059338164 6 7
0.16103288884084477 0.32948503852026423 0.20974382840934436 0.18157635755838986 0.3336099802270176 7 1
0.7074737499415978 0.4138638671322803 0.24702591578563693 0.16177076887546438 0.28127941271719226 6 6
0.2731312165158061 0.02105933596759746 0.22606730273746456 0.2151429686502977 0.712589396533818 2 7
0.5969902188120455 0.8835407224546478 0.34097820471501905 0.19794150742255678 0.09695761196914443 1 1
0.22446285371394514 0.9638343685311005 0.6706382145088197 0.3116215918867833 0.24260336131553872 5 7
0.22291533821217857 0.7643904586785215 0.4799236243420495 0.872170534551119 0.8441335018258952 4 7
0.7176202609216836 0.9409296006077648 0.12989194661461967 0.5522748761309265 0.47312223987965474 5 7
0.10502439566631194 0.040001293797404025 0.702293729575516 0.5176141053625061 0.6727187487490557 5 3
0.6456510622392918 0.6426837854598265 0.9585313464700972 0.8359487465680875 0.4981501551887966 2 7
0.4533088403447437 0.10532754732112293 0.08973295762438482 0.7755741371726127 0.2863142878953341 1 1
0.3642209243884521 0.677270697164205 0.950022455560955 0.17166632275103 0.9089261612488774 2 7
0.9300540137333311 0.604773536901188 0.16603163257389442 0.7184025609929396 0.706820434506822 6 8
0.9883092533644872 0.0393475320129979 0.5580258619054734 0.1648572084425659 0.15500422163477667 8 7
0.3923629760433429 0.3739755398391862 0.08530539452316477 0.05779174569698453 0.8103919059338164 6 7
0.641865611574532 0.06403259856782906 0.302266788299949 0.170139746543287 0.2058062732480742 8 5
0.641865611574532 0.06403259856782906 0.302266788299949 0.170139746543287 0.2058062732480742 8 5
0.10777398194755439 0.9422095956940698 0.5917176327917792 0.15330930968966305 0.6230679493033225 8 6
0.16103288884084477 0.32948503852026423 0.20974382840934436 0.18157635755838986 0.3336099802270176 7 1
0.2731312165158061 0.02105933596759746 0.22606730273746456 0.2151429686502977 0.712589396533818 2 7
0.2731312165158061 0.02105933596759746 0.22606730273746456 0.2151429686502977 0.712589396533818 2 7
0.5969902188120455 0.8835407224546478 0.34097820471501905 0.19794150742255678 0.09695761196914443 1 1
0.4454434920487772 0.3884105114768063 0.8170097984794954 0.35589501405279567 0.43863271797890646 7 1
0.4454434920487772 0.3884105114768063 0.8170097984794954 0.35589501405279567 0.43863271797890646 7 1
0.22446285371394514 0.9638343685311005 0.6706382145088197 0.3116215918867833 0.24260336131553872 5 7
0.7176202609216836 0.9409296006077648 0.12989194661461967 0.5522748761309265 0.47312223987965474 5 7
0.10502439566631194 0.040001293797404025 0.702293729575516 0.5176141053625061 0.6727187487490557 5 3
0.4533088403447437 0.10532754732112293 0.08973295762438482 0.7755741371726127 0.2863142878953341 1 1
0.2858596117461717 0.7076247381811936 0.03561779808679877 0.018222829827246434 0.7522138558146109 2 8
0.3642209243884521 0.677270697164205 0.950022455560955 0.17166632275103 0.9089261612488774 2 7
0.15656118184104462 0.14479010871780706 0.093439883343027 0.9291649023836389 0.07924870845150167 3 1
0.15656118184104462 0.14479010871780706 0.093439883343027 0.9291649023836389 0.07924870845150167 3 1
0.3923629760433429 0.3739755398391862 0.08530539452316477 0.05779174569698453 0.8103919059338164 6 7
0.15656118184104462 0.14479010871780706 0.093439883343027 0.9291649023836389 0.07924870845150167 3 1
0.6028644119187921 0.5902862377136293 0.7972830010849717 0.732630071865142 0.49463374776485514 4 7
0.16103288884084477 0.32948503852026423 0.20974382840934436 0.18157635755838986 0.3336099802270176 7 1
0.2731312165158061 0.02105933596759746 0.22606730273746456 0.2151429686502977 0.712589396533818 2 7
0.2731312165158061 0.02105933596759746 0.22606730273746456 0.2151429686502977 0.712589396533818 2 7
0.5969902188120455 0.8835407224546478 0.34097820471501905 0.19794150742255678 0.09695761196914443 1 1
0.4454434920487772 0.3884105114768063 0.8170097984794954 0.35589501405279567 0.43863271797890646 7 1
0.22446285371394514 0.9638343685311005 0.6706382145088197 0.3116215918867833 0.24260336131553872 5 7
0.22291533821217857 0.7643904586785215 0.4799236243420495 0.872170534551119 0.8441335018258952 4 7
0.10502439566631194 0.040001293797404025 0.702293729575516 0.5176141053625061 0.6727187487490557 5 3
0.10502439566631194 0.040001293797404025 0.702293729575516 0.5176141053625061 0.6727187487490557 5 3
0.6456510622392918 0.6426837854598265 0.9585313464700972 0.8359487465680875 0.4981501551887966 2 7
0.15656118184104462 0.14479010871780706 0.093439883343027 0.9291649023836389 0.07924870845150167 3 1
0.9372979082902457 0.09404604930845628 0.3204691675570327 0.4931002822867686 0.8052766980259819 6 1
0.15656118184104462 0.14479010871780706 0.093439883343027 0.9291649023836389 0.07924870845150167 3 1
0.15656118184104462 0.14479010871780706 0.093439883343027 0.9291649023836389 0.07924870845150167 3 1
0.641865611574532 0.06403259856782906 0.302266788299949 0.170139746543287 0.2058062732480742 8 5
0.3923629760433429 0.3739755398391862 0.08530539452316477 0.05779174569698453 0.8103919059338164 6 7
0.10777398194755439 0.9422095956940698 0.5917176327917792 0.15330930968966305 0.6230679493033225 8 6
0.16103288884084477 0.32948503852026423 0.20974382840934436 0.18157635755838986 0.3336099802270176 7 1
0.2731312165158061 0.02105933596759746 0.22606730273746456 0.2151429686502977 0.712589396533818 2 7
0.2731312165158061 0.02105933596759746 0.22606730273746456 0.2151429686502977 0.712589396533818 2 7
0.5969902188120455 0.8835407224546478 0.34097820471501905 0.19794150742255678 0.09695761196914443 1 1
0.22446285371394514 0.9638343685311005 0.6706382145088197 0.3116215918867833 0.24260336131553872 5 7
0.22446285371394514 0.9638343685311005 0.6706382145088197 0.3116215918867833 0.24260336131553872 5 7
0.10502439566631194 0.040001293797404025 0.702293729575516 0.5176141053625061 0.6727187487490557 5 3
0.10502439566631194 0.040001293797404025 0.702293729575516 0.5176141053625061 0.6727187487490557 5 3
0.4533088403447437 0.10532754732112293 0.08973295762438482 0.7755741371726127 0.2863142878953341 1 1
0.4533088403447437 0.10532754732112293 0.08973295762438482 0.7755741371726127 0.2863142878953341 1 1
0.3642209243884521 0.677270697164205 0.950022455560955 0.17166632275103 0.9089261612488774 2 7
