population 0 fitness 0.5056946247281168 years 25.0 length 18
population 1 fitness 0.5063258364185032 years 25.0 length 16
population 2 fitness 0.5056013005419906 years 24.0 length 18
population 3 fitness 0.5057413793163442 years 24.0 length 16
population 4 fitness 0.5063626880721018 years 23.0 length 17
population 5 fitness 0.5063932933394978 years 23.0 length 18
population 6 fitness 0.5055397479923482 years 22.0 length 17
population 7 fitness 0.506288613634205 years 22.0 length 17
population 8 fitness 0.5050998017947238 years 21.0 length 18
population 9 fitness 0.5052187930487055 years 21.0 length 17
population 10 fitness 0.5060879587739215 years 20.0 length 16
population 11 fitness 0.5050137935217135 years 19.0 length 17
population 12 fitness 0.5049972704353638 years 18.0 length 17
population 13 fitness 0.5054790802783814 years 18.0 length 16
population 14 fitness 0.5062366643642816 years 17.0 length 18
population 15 fitness 0.5063127775875798 years 17.0 length 17
population 16 fitness 0.5049066978431702 years 16.0 length 17
population 17 fitness 0.5049664638504224 years 16.0 length 17
population 18 fitness 0.5043925505690636 years 15.0 length 16
population 19 fitness 0.50524441967629 years 15.0 length 16
population 20 fitness 0.50339134539927 years 14.0 length 16
population 21 fitness 0.5040997692921368 years 14.0 length 17
population 22 fitness 0.5034561701276025 years 13.0 length 16
population 23 fitness 0.5036450599055317 years 13.0 length 17
population 24 fitness 0.5009307011169716 years 12.0 length 17
population 25 fitness 0.5022710871984902 years 12.0 length 15
population 26 fitness 0.5016750692156552 years 11.0 length 17
population 27 fitness 0.5032875301313564 years 11.0 length 16
population 28 fitness 0.49902976508930835 years 10.0 length 16
population 29 fitness 0.5022723018030224 years 10.0 length 17
population 30 fitness 0.5011515874243381 years 9.0 length 15
population 31 fitness 0.5014488581586023 years 9.0 length 18
population 32 fitness 0.49492070711646985 years 8.0 length 16
population 33 fitness 0.49923894107520217 years 8.0 length 17
population 34 fitness 0.497513343032506 years 7.0 length 17
population 35 fitness 0.4992128628892504 years 7.0 length 17
population 36 fitness 0.495487610234409 years 6.0 length 16
population 37 fitness 0.5017272708021575 years 6.0 length 16
population 38 fitness 0.4996978004065292 years 5.0 length 16
population 39 fitness 0.5002101067736169 years 5.0 length 18

0.0819733379762605 0.47468764108555606 0.21682315004518615 0.7355484784575533 0.7073207463794128 1
0.44911422644291044 0.3430768475315512 0.0064924670829596964 0.078759098339784 0.26787609548523095 6
0.9886079731003213 0.4927054968314274 0.9079944790298059 0.6461356252768811 0.7039683619381295 3
0.30080439371635603 0.6279075316193928 0.7637968717883246 0.7956295451134192 0.8227514973982818 8
0.7900229676072333 0.5589367481672477 0.20008665225746192 0.06669031422178262 0.7687595536373885 3
0.838877383646254 0.2875333218866011 0.06087341864265183 0.3487109285185136 0.18061078085794535 6
0.7900229676072333 0.5589367481672477 0.20008665225746192 0.06669031422178262 0.7687595536373885 3
0.5279269971958142 0.6967673040171258 0.7633992299218728 0.7989931330277122 0.5787210794458513 8
0.009099131115426262 0.7781895967257059 0.23812567930240802 0.540492078615116 0.12483088196115 2
0.19673268728463855 0.03133109676230328 0.34873879317697865 0.24065283845346852 0.25891694708523305 6
0.19673268728463855 0.03133109676230328 0.34873879317697865 0.24065283845346852 0.25891694708523305 6
0.45940359389988095 0.22902114423565834 0.6445699856129753 0.771608870304132 0.07089329130596522 2
0.322788116060975 0.2788851774349117 0.775621418810149 0.5758172167989352 0.16823029093386088 3
0.49530466309164 0.6402093321280884 0.5585246997732713 0.8450481082253343 0.13013954731368138 7
0.016718190248801723 0.07717414829721791 0.8826056471101155 0.7331356077560034 0.2889288800967895 8
0.24502654711189176 0.0478521755473883 0.6269270954872619 0.6790441098312845 0.13870314222031932 6
0.23162379164246794 0.22696628101221417 0.6691006083623862 0.1767134972812836 0.9085949837537615 5
0.5561696002224655 0.5564516293818367 0.003146597012150476 0.3855557349540726 0.2687342888344366 7
0.44911422644291044 0.3430768475315512 0.0064924670829596964 0.078759098339784 0.26787609548523095 6
0.44911422644291044 0.3430768475315512 0.0064924670829596964 0.078759098339784 0.26787609548523095 6
0.9886079731003213 0.4927054968314274 0.9079944790298059 0.6461356252768811 0.7039683619381295 3
0.838877383646254 0.2875333218866011 0.06087341864265183 0.3487109285185136 0.18061078085794535 6
0.838877383646254 0.2875333218866011 0.06087341864265183 0.3487109285185136 0.18061078085794535 6
0.838877383646254 0.2875333218866011 0.06087341864265183 0.3487109285185136 0.18061078085794535 6
0.4771745529156496 0.030320221209723885 0.9757887019493704 0.11222841675194639 0.46727008711225504 5
0.7900229676072333 0.5589367481672477 0.20008665225746192 0.06669031422178262 0.7687595536373885 3
0.487302858261242 0.8586549035191321 0.7636405757645596 0.9171208408680168 0.6032060187872388 8
0.19673268728463855 0.03133109676230328 0.34873879317697865 0.24065283845346852 0.25891694708523305 6
0.009099131115426262 0.7781895967257059 0.23812567930240802 0.540492078615116 0.12483088196115 2
0.45940359389988095 0.22902114423565834 0.6445699856129753 0.771608870304132 0.07089329130596522 2
0.322788116060975 0.2788851774349117 0.775621418810149 0.5758172167989352 0.16823029093386088 3
0.6995559170917018 0.26751818188827337 0.8578268767498514 0.6105778025059599 0.12213161662924443 1
0.3329869090745251 0.4390876435757527 0.381140369180929 0.6158976850298756 0.8334048474800557 6
0.37941234415250713 0.9651682706440249 0.7791570576576841 0.1858807251436262 0.06461477233122737 4
0.0819733379762605 0.47468764108555606 0.21682315004518615 0.7355484784575533 0.7073207463794128 1
0.44911422644291044 0.3430768475315512 0.0064924670829596964 0.078759098339784 0.26787609548523095 6
0.9886079731003213 0.4927054968314274 0.9079944790298059 0.6461356252768811 0.7039683619381295 3
0.838877383646254 0.2875333218866011 0.06087341864265183 0.3487109285185136 0.18061078085794535 6
0.838877383646254 0.2875333218866011 0.06087341864265183 0.3487109285185136 0.18061078085794535 6
0.838877383646254 0.2875333218866011 0.06087341864265183 0.3487109285185136 0.18061078085794535 6
0.7900229676072333 0.5589367481672477 0.20008665225746192 0.06669031422178262 0.7687595536373885 3
0.5279269971958142 0.6967673040171258 0.7633992299218728 0.7989931330277122 0.5787210794458513 8
0.009099131115426262 0.7781895967257059 0.23812567930240802 0.540492078615116 0.12483088196115 2
0.19673268728463855 0.03133109676230328 0.34873879317697865 0.24065283845346852 0.25891694708523305 6
0.19673268728463855 0.03133109676230328 0.34873879317697865 0.24065283845346852 0.25891694708523305 6
0.45940359389988095 0.22902114423565834 0.6445699856129753 0.771608870304132 0.07089329130596522 2
0.322788116060975 0.2788851774349117 0.775621418810149 0.5758172167989352 0.16823029093386088 3
0.49530466309164 0.6402093321280884 0.5585246997732713 0.8450481082253343 0.13013954731368138 7
0.016718190248801723 0.07717414829721791 0.8826056471101155 0.7331356077560034 0.2889288800967895 8
0.24502654711189176 0.0478521755473883 0.6269270954872619 0.6790441098312845 0.13870314222031932 6
0.23162379164246794 0.22696628101221417 0.6691006083623862 0.1767134972812836 0.9085949837537615 5
0.5561696002224655 0.5564516293818367 0.003146597012150476 0.3855557349540726 0.2687342888344366 7
0.0819733379762605 0.47468764108555606 0.21682315004518615 0.7355484784575533 0.7073207463794128 1
0.44911422644291044 0.3430768475315512 0.0064924670829596964 0.078759098339784 0.26787609548523095 6
0.5710259430448668 0.10270555284261196 0.8003326106892311 0.23571656783333705 0.02391612942757826 1
0.30080439371635603 0.6279075316193928 0.7637968717883246 0.7956295451134192 0.8227514973982818 8
0.30080439371635603 0.6279075316193928 0.7637968717883246 0.7956295451134192 0.8227514973982818 8
0.838877383646254 0.2875333218866011 0.06087341864265183 0.3487109285185136 0.18061078085794535 6
0.4771745529156496 0.030320221209723885 0.9757887019493704 0.11222841675194639 0.46727008711225504 5
0.5279269971958142 0.6967673040171258 0.7633992299218728 0.7989931330277122 0.5787210794458513 8
0.19673268728463855 0.03133109676230328 0.34873879317697865 0.24065283845346852 0.25891694708523305 6
0.009099131115426262 0.7781895967257059 0.23812567930240802 0.540492078615116 0.12483088196115 2
0.19673268728463855 0.03133109676230328 0.34873879317697865 0.24065283845346852 0.25891694708523305 6
0.322788116060975 0.2788851774349117 0.775621418810149 0.5758172167989352 0.16823029093386088 3
0.49530466309164 0.6402093321280884 0.5585246997732713 0.8450481082253343 0.13013954731368138 7
0.49530466309164 0.6402093321280884 0.5585246997732713 0.8450481082253343 0.13013954731368138 7
0.49530466309164 0.6402093321280884 0.5585246997732713 0.8450481082253343 0.13013954731368138 7
0.8624743477087761 0.6868585087985081 0.8984585830058818 0.631753180353812 0.948580560808279 5
0.6709100564496437 0.8102517677560646 0.2719367083985409 0.16421172273420426 0.15951831770886404 8
0.44911422644291044 0.3430768475315512 0.0064924670829596964 0.078759098339784 0.26787609548523095 6
0.838877383646254 0.2875333218866011 0.06087341864265183 0.3487109285185136 0.18061078085794535 6
0.838877383646254 0.2875333218866011 0.06087341864265183 0.3487109285185136 0.18061078085794535 6
0.838877383646254 0.2875333218866011 0.06087341864265183 0.3487109285185136 0.18061078085794535 6
0.7900229676072333 0.5589367481672477 0.20008665225746192 0.06669031422178262 0.7687595536373885 3
0.7900229676072333 0.5589367481672477 0.20008665225746192 0.06669031422178262 0.7687595536373885 3
0.7900229676072333 0.5589367481672477 0.20008665225746192 0.06669031422178262 0.7687595536373885 3
0.19673268728463855 0.03133109676230328 0.34873879317697865 0.24065283845346852 0.25891694708523305 6
0.19673268728463855 0.03133109676230328 0.34873879317697865 0.24065283845346852 0.25891694708523305 6
0.009099131115426262 0.7781895967257059 0.23812567930240802 0.540492078615116 0.12483088196115 2
0.45940359389988095 0.22902114423565834 0.6445699856129753 0.771608870304132 0.07089329130596522 2
0.322788116060975 0.2788851774349117 0.775621418810149 0.5758172167989352 0.16823029093386088 3
0.6995559170917018 0.26751818188827337 0.8578268767498514 0.6105778025059599 0.12213161662924443 1
0.3329869090745251 0.4390876435757527 0.381140369180929 0.6158976850298756 0.8334048474800557 6
0.24502654711189176 0.0478521755473883 0.6269270954872619 0.6790441098312845 0.13870314222031932 6
0.5961856024818313 0.7142496183677004 0.44648980830754725 0.8755049185126763 0.07471252592670996 2
0.9886079731003213 0.4927054968314274 0.9079944790298059 0.6461356252768811 0.7039683619381295 3
0.44911422644291044 0.3430768475315512 0.0064924670829596964 0.078759098339784 0.26787609548523095 6
0.838877383646254 0.2875333218866011 0.06087341864265183 0.3487109285185136 0.18061078085794535 6
0.838877383646254 0.2875333218866011 0.06087341864265183 0.3487109285185136 0.18061078085794535 6
0.7900229676072333 0.5589367481672477 0.20008665225746192 0.06669031422178262 0.7687595536373885 3
0.7900229676072333 0.5589367481672477 0.20008665225746192 0.06669031422178262 0.7687595536373885 3
0.7900229676072333 0.5589367481672477 0.20008665225746192 0.06669031422178262 0.7687595536373885 3
0.5279269971958142 0.6967673040171258 0.7633992299218728 0.7989931330277122 0.5787210794458513 8
0.009099131115426262 0.7781895967257059 0.23812567930240802 0.540492078615116 0.12483088196115 2
0.19673268728463855 0.03133109676230328 0.34873879317697865 0.24065283845346852 0.25891694708523305 6
0.009099131115426262 0.7781895967257059 0.23812567930240802 0.540492078615116 0.12483088196115 2
0.45940359389988095 0.22902114423565834 0.6445699856129753 0.771608870304132 0.07089329130596522 2
0.322788116060975 0.2788851774349117 0.775621418810149 0.5758172167989352 0.16823029093386088 3
0.6995559170917018 0.26751818188827337 0.8578268767498514 0.6105778025059599 0.12213161662924443 1
0.49530466309164 0.6402093321280884 0.5585246997732713 0.8450481082253343 0.13013954731368138 7
0.24502654711189176 0.0478521755473883 0.6269270954872619 0.6790441098312845 0.13870314222031932 6
0.5961856024818313 0.7142496183677004 0.44648980830754725 0.8755049185126763 0.07471252592670996 2
0.44911422644291044 0.3430768475315512 0.0064924670829596964 0.078759098339784 0.26787609548523095 6
0.44911422644291044 0.3430768475315512 0.0064924670829596964 0.078759098339784 0.26787609548523095 6
0.44911422644291044 0.3430768475315512 0.0064924670829596964 0.078759098339784 0.26787609548523095 6
0.9886079731003213 0.4927054968314274 0.9079944790298059 0.6461356252768811 0.7039683619381295 3
0.30080439371635603 0.6279075316193928 0.7637968717883246 0.7956295451134192 0.8227514973982818 8
0.838877383646254 0.2875333218866011 0.06087341864265183 0.3487109285185136 0.18061078085794535 6
0.5990459690214236 0.9026427066593875 0.2504795945404116 0.652234863108509 0.1476031319051384 5
0.4771745529156496 0.030320221209723885 0.9757887019493704 0.11222841675194639 0.46727008711225504 5
0.7900229676072333 0.5589367481672477 0.20008665225746192 0.06669031422178262 0.7687595536373885 3
0.19673268728463855 0.03133109676230328 0.34873879317697865 0.24065283845346852 0.25891694708523305 6
0.19673268728463855 0.03133109676230328 0.34873879317697865 0.24065283845346852 0.25891694708523305 6
0.009099131115426262 0.7781895967257059 0.23812567930240802 0.540492078615116 0.12483088196115 2
0.45940359389988095 0.22902114423565834 0.6445699856129753 0.771608870304132 0.07089329130596522 2
0.322788116060975 0.2788851774349117 0.775621418810149 0.5758172167989352 0.16823029093386088 3
0.6995559170917018 0.26751818188827337 0.8578268767498514 0.6105778025059599 0.12213161662924443 1
0.3329869090745251 0.4390876435757527 0.381140369180929 0.6158976850298756 0.8334048474800557 6
0.24502654711189176 0.0478521755473883 0.6269270954872619 0.6790441098312845 0.13870314222031932 6
0.5961856024818313 0.7142496183677004 0.44648980830754725 0.8755049185126763 0.07471252592670996 2
0.44911422644291044 0.3430768475315512 0.0064924670829596964 0.078759098339784 0.26787609548523095 6
0.5710259430448668 0.10270555284261196 0.8003326106892311 0.23571656783333705 0.02391612942757826 1
0.30080439371635603 0.6279075316193928 0.7637968717883246 0.7956295451134192 0.8227514973982818 8
0.838877383646254 0.2875333218866011 0.06087341864265183 0.3487109285185136 0.18061078085794535 6
0.838877383646254 0.2875333218866011 0.06087341864265183 0.3487109285185136 0.18061078085794535 6
0.7900229676072333 0.5589367481672477 0.20008665225746192 0.06669031422178262 0.7687595536373885 3
0.4771745529156496 0.030320221209723885 0.9757887019493704 0.11222841675194639 0.46727008711225504 5
0.7900229676072333 0.5589367481672477 0.20008665225746192 0.06669031422178262 0.7687595536373885 3
0.19673268728463855 0.03133109676230328 0.34873879317697865 0.24065283845346852 0.25891694708523305 6
0.19673268728463855 0.03133109676230328 0.34873879317697865 0.24065283845346852 0.25891694708523305 6
0.19673268728463855 0.03133109676230328 0.34873879317697865 0.24065283845346852 0.25891694708523305 6
0.322788116060975 0.2788851774349117 0.775621418810149 0.5758172167989352 0.16823029093386088 3
0.322788116060975 0.2788851774349117 0.775621418810149 0.5758172167989352 0.16823029093386088 3
0.49530466309164 0.6402093321280884 0.5585246997732713 0.8450481082253343 0.13013954731368138 7
0.49530466309164 0.6402093321280884 0.5585246997732713 0.8450481082253343 0.13013954731368138 7
0.8624743477087761 0.6868585087985081 0.8984585830058818 0.631753180353812 0.948580560808279 5
0.0819733379762605 0.47468764108555606 0.21682315004518615 0.7355484784575533 0.7073207463794128 1
0.44911422644291044 0.3430768475315512 0.0064924670829596964 0.078759098339784 0.26787609548523095 6
0.838877383646254 0.2875333218866011 0.06087341864265183 0.3487109285185136 0.18061078085794535 6
0.838877383646254 0.2875333218866011 0.06087341864265183 0.3487109285185136 0.18061078085794535 6
0.838877383646254 0.2875333218866011 0.06087341864265183 0.3487109285185136 0.18061078085794535 6
0.838877383646254 0.2875333218866011 0.06087341864265183 0.3487109285185136 0.18061078085794535 6
0.7900229676072333 0.5589367481672477 0.20008665225746192 0.06669031422178262 0.7687595536373885 3
0.7900229676072333 0.5589367481672477 0.20008665225746192 0.06669031422178262 0.7687595536373885 3
0.7900229676072333 0.5589367481672477 0.20008665225746192 0.06669031422178262 0.7687595536373885 3
0.19673268728463855 0.03133109676230328 0.34873879317697865 0.24065283845346852 0.25891694708523305 6
0.19673268728463855 0.03133109676230328 0.34873879317697865 0.24065283845346852 0.25891694708523305 6
0.19673268728463855 0.03133109676230328 0.34873879317697865 0.24065283845346852 0.25891694708523305 6
0.322788116060975 0.2788851774349117 0.775621418810149 0.5758172167989352 0.16823029093386088 3
0.6995559170917018 0.26751818188827337 0.8578268767498514 0.6105778025059599 0.12213161662924443 1
0.3329869090745251 0.4390876435757527 0.381140369180929 0.6158976850298756 0.8334048474800557 6
0.24502654711189176 0.0478521755473883 0.6269270954872619 0.6790441098312845 0.13870314222031932 6
0.5961856024818313 0.7142496183677004 0.44648980830754725 0.8755049185126763 0.07471252592670996 2
0.6709100564496437 0.8102517677560646 0.2719367083985409 0.16421172273420426 0.15951831770886404 8
0.4990995807474389 0.1907178851160618 0.8566718354988737 0.6037065793471414 0.8265622077839887 3
0.5961856024818313 0.7142496183677004 0.44648980830754725 0.8755049185126763 0.07471252592670996 2
0.44911422644291044 0.3430768475315512 0.0064924670829596964 0.078759098339784 0.26787609548523095 6
0.5710259430448668 0.10270555284261196 0.8003326106892311 0.23571656783333705 0.02391612942757826 1
0.30080439371635603 0.6279075316193928 0.7637968717883246 0.7956295451134192 0.8227514973982818 8
0.838877383646254 0.2875333218866011 0.06087341864265183 0.3487109285185136 0.18061078085794535 6
0.5990459690214236 0.9026427066593875 0.2504795945404116 0.652234863108509 0.1476031319051384 5
0.7900229676072333 0.5589367481672477 0.20008665225746192 0.06669031422178262 0.7687595536373885 3
0.7900229676072333 0.5589367481672477 0.20008665225746192 0.06669031422178262 0.7687595536373885 3
0.19673268728463855 0.03133109676230328 0.34873879317697865 0.24065283845346852 0.25891694708523305 6
0.19673268728463855 0.03133109676230328 0.34873879317697865 0.24065283845346852 0.25891694708523305 6
0.19673268728463855 0.03133109676230328 0.34873879317697865 0.24065283845346852 0.25891694708523305 6
0.322788116060975 0.2788851774349117 0.775621418810149 0.5758172167989352 0.16823029093386088 3
0.49530466309164 0.6402093321280884 0.5585246997732713 0.8450481082253343 0.13013954731368138 7
0.014711205098560498 0.5669538220956626 0.8939257729795839 0.6799523587472068 0.2886875859415803 1
0.3329869090745251 0.4390876435757527 0.381140369180929 0.6158976850298756 0.8334048474800557 6
0.24502654711189176 0.0478521755473883 0.6269270954872619 0.6790441098312845 0.13870314222031932 6
0.5961856024818313 0.7142496183677004 0.44648980830754725 0.8755049185126763 0.07471252592670996 2
0.5961856024818313 0.7142496183677004 0.44648980830754725 0.8755049185126763 0.07471252592670996 2
0.44911422644291044 0.3430768475315512 0.0064924670829596964 0.078759098339784 0.26787609548523095 6
0.5710259430448668 0.10270555284261196 0.8003326106892311 0.23571656783333705 0.02391612942757826 1
0.44911422644291044 0.3430768475315512 0.0064924670829596964 0.078759098339784 0.26787609548523095 6
0.30080439371635603 0.6279075316193928 0.7637968717883246 0.7956295451134192 0.8227514973982818 8
0.838877383646254 0.2875333218866011 0.06087341864265183 0.3487109285185136 0.18061078085794535 6
0.4771745529156496 0.030320221209723885 0.9757887019493704 0.11222841675194639 0.46727008711225504 5
0.7900229676072333 0.5589367481672477 0.20008665225746192 0.06669031422178262 0.7687595536373885 3
0.19673268728463855 0.03133109676230328 0.34873879317697865 0.24065283845346852 0.25891694708523305 6
0.19673268728463855 0.03133109676230328 0.34873879317697865 0.24065283845346852 0.25891694708523305 6
0.19673268728463855 0.03133109676230328 0.34873879317697865 0.24065283845346852 0.25891694708523305 6
0.322788116060975 0.2788851774349117 0.775621418810149 0.5758172167989352 0.16823029093386088 3
0.4462502873924903 0.9306819756367181 0.5690485472351043 0.8716909710656494 0.08626028902466232 4
0.49530466309164 0.6402093321280884 0.5585246997732713 0.8450481082253343 0.13013954731368138 7
0.49530466309164 0.6402093321280884 0.5585246997732713 0.8450481082253343 0.13013954731368138 7
0.24502654711189176 0.0478521755473883 0.6269270954872619 0.6790441098312845 0.13870314222031932 6
0.44911422644291044 0.3430768475315512 0.0064924670829596964 0.078759098339784 0.26787609548523095 6
0.44911422644291044 0.3430768475315512 0.0064924670829596964 0.078759098339784 0.26787609548523095 6
0.9886079731003213 0.4927054968314274 0.9079944790298059 0.6461356252768811 0.7039683619381295 3
0.30080439371635603 0.6279075316193928 0.7637968717883246 0.7956295451134192 0.8227514973982818 8
0.30080439371635603 0.6279075316193928 0.7637968717883246 0.7956295451134192 0.8227514973982818 8
0.7900229676072333 0.5589367481672477 0.20008665225746192 0.06669031422178262 0.7687595536373885 3
0.7900229676072333 0.5589367481672477 0.20008665225746192 0.06669031422178262 0.7687595536373885 3
0.7900229676072333 0.5589367481672477 0.20008665225746192 0.06669031422178262 0.7687595536373885 3
0.487302858261242 0.8586549035191321 0.7636405757645596 0.9171208408680168 0.6032060187872388 8
0.19673268728463855 0.03133109676230328 0.34873879317697865 0.24065283845346852 0.25891694708523305 6
0.009099131115426262 0.7781895967257059 0.23812567930240802 0.540492078615116 0.12483088196115 2
0.45940359389988095 0.22902114423565834 0.6445699856129753 0.771608870304132 0.07089329130596522 2
0.322788116060975 0.2788851774349117 0.775621418810149 0.5758172167989352 0.16823029093386088 3
0.6995559170917018 0.26751818188827337 0.8578268767498514 0.6105778025059599 0.12213161662924443 1
0.49530466309164 0.6402093321280884 0.5585246997732713 0.8450481082253343 0.13013954731368138 7
0.24502654711189176 0.0478521755473883 0.6269270954872619 0.6790441098312845 0.13870314222031932 6
0.5961856024818313 0.7142496183677004 0.44648980830754725 0.8755049185126763 0.07471252592670996 2
0.44911422644291044 0.3430768475315512 0.0064924670829596964 0.078759098339784 0.26787609548523095 6
0.44911422644291044 0.3430768475315512 0.0064924670829596964 0.078759098339784 0.26787609548523095 6
0.9886079731003213 0.4927054968314274 0.9079944790298059 0.6461356252768811 0.7039683619381295 3
0.30080439371635603 0.6279075316193928 0.7637968717883246 0.7956295451134192 0.8227514973982818 8
0.30080439371635603 0.6279075316193928 0.7637968717883246 0.7956295451134192 0.8227514973982818 8
0.838877383646254 0.2875333218866011 0.06087341864265183 0.3487109285185136 0.18061078085794535 6
0.7900229676072333 0.5589367481672477 0.20008665225746192 0.06669031422178262 0.7687595536373885 3
0.5279269971958142 0.6967673040171258 0.7633992299218728 0.7989931330277122 0.5787210794458513 8
0.487302858261242 0.8586549035191321 0.7636405757645596 0.9171208408680168 0.6032060187872388 8
0.19673268728463855 0.03133109676230328 0.34873879317697865 0.24065283845346852 0.25891694708523305 6
0.19673268728463855 0.03133109676230328 0.34873879317697865 0.24065283845346852 0.25891694708523305 6
0.322788116060975 0.2788851774349117 0.775621418810149 0.5758172167989352 0.16823029093386088 3
0.4462502873924903 0.9306819756367181 0.5690485472351043 0.8716909710656494 0.08626028902466232 4
0.6995559170917018 0.26751818188827337 0.8578268767498514 0.6105778025059599 0.12213161662924443 1
0.49530466309164 0.6402093321280884 0.5585246997732713 0.8450481082253343 0.13013954731368138 7
0.24502654711189176 0.0478521755473883 0.6269270954872619 0.6790441098312845 0.13870314222031932 6
0.5961856024818313 0.7142496183677004 0.44648980830754725 0.8755049185126763 0.07471252592670996 2
0.0819733379762605 0.47468764108555606 0.21682315004518615 0.7355484784575533 0.7073207463794128 1
0.44911422644291044 0.3430768475315512 0.0064924670829596964 0.078759098339784 0.26787609548523095 6
0.9886079731003213 0.4927054968314274 0.9079944790298059 0.6461356252768811 0.7039683619381295 3
0.30080439371635603 0.6279075316193928 0.7637968717883246 0.7956295451134192 0.8227514973982818 8
0.838877383646254 0.2875333218866011 0.06087341864265183 0.3487109285185136 0.18061078085794535 6
0.5990459690214236 0.9026427066593875 0.2504795945404116 0.652234863108509 0.1476031319051384 5
0.4771745529156496 0.030320221209723885 0.9757887019493704 0.11222841675194639 0.46727008711225504 5
0.7900229676072333 0.5589367481672477 0.20008665225746192 0.06669031422178262 0.7687595536373885 3
0.19673268728463855 0.03133109676230328 0.34873879317697865 0.24065283845346852 0.25891694708523305 6
0.19673268728463855 0.03133109676230328 0.34873879317697865 0.24065283845346852 0.25891694708523305 6
0.009099131115426262 0.7781895967257059 0.23812567930240802 0.540492078615116 0.12483088196115 2
0.45940359389988095 0.22902114423565834 0.6445699856129753 0.771608870304132 0.07089329130596522 2
0.322788116060975 0.2788851774349117 0.775621418810149 0.5758172167989352 0.16823029093386088 3
0.014711205098560498 0.5669538220956626 0.8939257729795839 0.6799523587472068 0.2886875859415803 1
0.3329869090745251 0.4390876435757527 0.381140369180929 0.6158976850298756 0.8334048474800557 6
0.8624743477087761 0.6868585087985081 0.8984585830058818 0.631753180353812 0.948580560808279 5
0.44911422644291044 0.3430768475315512 0.0064924670829596964 0.078759098339784 0.26787609548523095 6
0.44911422644291044 0.3430768475315512 0.0064924670829596964 0.078759098339784 0.26787609548523095 6
0.9886079731003213 0.4927054968314274 0.9079944790298059 0.6461356252768811 0.7039683619381295 3
0.30080439371635603 0.6279075316193928 0.7637968717883246 0.7956295451134192 0.8227514973982818 8
0.7900229676072333 0.5589367481672477 0.20008665225746192 0.06669031422178262 0.7687595536373885 3
0.838877383646254 0.2875333218866011 0.06087341864265183 0.3487109285185136 0.18061078085794535 6
0.7900229676072333 0.5589367481672477 0.20008665225746192 0.06669031422178262 0.7687595536373885 3
0.5279269971958142 0.6967673040171258 0.7633992299218728 0.7989931330277122 0.5787210794458513 8
0.487302858261242 0.8586549035191321 0.7636405757645596 0.9171208408680168 0.6032060187872388 8
0.19673268728463855 0.03133109676230328 0.34873879317697865 0.24065283845346852 0.25891694708523305 6
0.19673268728463855 0.03133109676230328 0.34873879317697865 0.24065283845346852 0.25891694708523305 6
0.322788116060975 0.2788851774349117 0.775621418810149 0.5758172167989352 0.16823029093386088 3
0.4462502873924903 0.9306819756367181 0.5690485472351043 0.8716909710656494 0.08626028902466232 4
0.49530466309164 0.6402093321280884 0.5585246997732713 0.8450481082253343 0.13013954731368138 7
0.49530466309164 0.6402093321280884 0.5585246997732713 0.8450481082253343 0.13013954731368138 7
0.24502654711189176 0.0478521755473883 0.6269270954872619 0.6790441098312845 0.13870314222031932 6
0.5961856024818313 0.7142496183677004 0.44648980830754725 0.8755049185126763 0.07471252592670996 2
0.5561696002224655 0.5564516293818367 0.003146597012150476 0.3855557349540726 0.2687342888344366 7
0.44911422644291044 0.3430768475315512 0.0064924670829596964 0.078759098339784 0.26787609548523095 6
0.9886079731003213 0.4927054968314274 0.9079944790298059 0.6461356252768811 0.7039683619381295 3
0.9886079731003213 0.4927054968314274 0.9079944790298059 0.6461356252768811 0.7039683619381295 3
0.30080439371635603 0.6279075316193928 0.7637968717883246 0.7956295451134192 0.8227514973982818 8
0.838877383646254 0.2875333218866011 0.06087341864265183 0.3487109285185136 0.18061078085794535 6
0.5990459690214236 0.9026427066593875 0.2504795945404116 0.652234863108509 0.1476031319051384 5
0.7900229676072333 0.5589367481672477 0.20008665225746192 0.06669031422178262 0.7687595536373885 3
0.19673268728463855 0.03133109676230328 0.34873879317697865 0.24065283845346852 0.25891694708523305 6
0.009099131115426262 0.7781895967257059 0.23812567930240802 0.540492078615116 0.12483088196115 2
0.19673268728463855 0.03133109676230328 0.34873879317697865 0.24065283845346852 0.25891694708523305 6
0.322788116060975 0.2788851774349117 0.775621418810149 0.5758172167989352 0.16823029093386088 3
0.4462502873924903 0.9306819756367181 0.5690485472351043 0.8716909710656494 0.08626028902466232 4
0.014711205098560498 0.5669538220956626 0.8939257729795839 0.6799523587472068 0.2886875859415803 1
0.3329869090745251 0.4390876435757527 0.381140369180929 0.6158976850298756 0.8334048474800557 6
0.24502654711189176 0.0478521755473883 0.6269270954872619 0.6790441098312845 0.13870314222031932 6
0.5961856024818313 0.7142496183677004 0.44648980830754725 0.8755049185126763 0.07471252592670996 2
0.4064927486824179 0.4468683701634901 0.08367273408799947 0.2279151763142513 0.17432625216461084 5
0.23162379164246794 0.22696628101221417 0.6691006083623862 0.1767134972812836 0.9085949837537615 5
0.23162379164246794 0.22696628101221417 0.6691006083623862 0.1767134972812836 0.9085949837537615 5
0.9886079731003213 0.4927054968314274 0.9079944790298059 0.6461356252768811 0.7039683619381295 3
0.838877383646254 0.2875333218866011 0.06087341864265183 0.3487109285185136 0.18061078085794535 6
0.838877383646254 0.2875333218866011 0.06087341864265183 0.3487109285185136 0.18061078085794535 6
0.7900229676072333 0.5589367481672477 0.20008665225746192 0.06669031422178262 0.7687595536373885 3
0.7900229676072333 0.5589367481672477 0.20008665225746192 0.06669031422178262 0.7687595536373885 3
0.5279269971958142 0.6967673040171258 0.7633992299218728 0.7989931330277122 0.5787210794458513 8
0.19673268728463855 0.03133109676230328 0.34873879317697865 0.24065283845346852 0.25891694708523305 6
0.009099131115426262 0.7781895967257059 0.23812567930240802 0.540492078615116 0.12483088196115 2
0.009099131115426262 0.7781895967257059 0.23812567930240802 0.540492078615116 0.12483088196115 2
0.7477429053864014 0.6836311817691921 0.4983800592400739 0.6502609084955941 0.5140035441992081 5
0.4462502873924903 0.9306819756367181 0.5690485472351043 0.8716909710656494 0.08626028902466232 4
0.6995559170917018 0.26751818188827337 0.8578268767498514 0.6105778025059599 0.12213161662924443 1
0.49530466309164 0.6402093321280884 0.5585246997732713 0.8450481082253343 0.13013954731368138 7
0.24502654711189176 0.0478521755473883 0.6269270954872619 0.6790441098312845 0.13870314222031932 6
0.4536667549112604 0.4481244271232012 0.04586061382098816 0.6508624411039226 0.4375040360887493 3
0.44911422644291044 0.3430768475315512 0.0064924670829596964 0.078759098339784 0.26787609548523095 6
0.9886079731003213 0.4927054968314274 0.9079944790298059 0.6461356252768811 0.7039683619381295 3
0.9886079731003213 0.4927054968314274 0.9079944790298059 0.6461356252768811 0.7039683619381295 3
0.30080439371635603 0.6279075316193928 0.7637968717883246 0.7956295451134192 0.8227514973982818 8
0.838877383646254 0.2875333218866011 0.06087341864265183 0.3487109285185136 0.18061078085794535 6
0.5990459690214236 0.9026427066593875 0.2504795945404116 0.652234863108509 0.1476031319051384 5
0.7900229676072333 0.5589367481672477 0.20008665225746192 0.06669031422178262 0.7687595536373885 3
0.19673268728463855 0.03133109676230328 0.34873879317697865 0.24065283845346852 0.25891694708523305 6
0.009099131115426262 0.7781895967257059 0.23812567930240802 0.540492078615116 0.12483088196115 2
0.19673268728463855 0.03133109676230328 0.34873879317697865 0.24065283845346852 0.25891694708523305 6
0.322788116060975 0.2788851774349117 0.775621418810149 0.5758172167989352 0.16823029093386088 3
0.4462502873924903 0.9306819756367181 0.5690485472351043 0.8716909710656494 0.08626028902466232 4
0.014711205098560498 0.5669538220956626 0.8939257729795839 0.6799523587472068 0.2886875859415803 1
0.3329869090745251 0.4390876435757527 0.381140369180929 0.6158976850298756 0.8334048474800557 6
0.3329869090745251 0.4390876435757527 0.381140369180929 0.6158976850298756 0.8334048474800557 6
0.5961856024818313 0.7142496183677004 0.44648980830754725 0.8755049185126763 0.07471252592670996 2
0.4064927486824179 0.4468683701634901 0.08367273408799947 0.2279151763142513 0.17432625216461084 5
0.44911422644291044 0.3430768475315512 0.0064924670829596964 0.078759098339784 0.26787609548523095 6
0.44911422644291044 0.3430768475315512 0.0064924670829596964 0.078759098339784 0.26787609548523095 6
0.5710259430448668 0.10270555284261196 0.8003326106892311 0.23571656783333705 0.02391612942757826 1
0.838877383646254 0.2875333218866011 0.06087341864265183 0.3487109285185136 0.18061078085794535 6
0.838877383646254 0.2875333218866011 0.06087341864265183 0.3487109285185136 0.18061078085794535 6
0.838877383646254 0.2875333218866011 0.06087341864265183 0.3487109285185136 0.18061078085794535 6
0.4771745529156496 0.030320221209723885 0.9757887019493704 0.11222841675194639 0.46727008711225504 5
0.7900229676072333 0.5589367481672477 0.20008665225746192 0.06669031422178262 0.7687595536373885 3
0.19673268728463855 0.03133109676230328 0.34873879317697865 0.24065283845346852 0.25891694708523305 6
0.19673268728463855 0.03133109676230328 0.34873879317697865 0.24065283845346852 0.25891694708523305 6
0.19673268728463855 0.03133109676230328 0.34873879317697865 0.24065283845346852 0.25891694708523305 6
0.45940359389988095 0.22902114423565834 0.6445699856129753 0.771608870304132 0.07089329130596522 2
0.49530466309164 0.6402093321280884 0.5585246997732713 0.8450481082253343 0.13013954731368138 7
0.6995559170917018 0.26751818188827337 0.8578268767498514 0.6105778025059599 0.12213161662924443 1
0.3329869090745251 0.4390876435757527 0.381140369180929 0.6158976850298756 0.8334048474800557 6
0.37941234415250713 0.9651682706440249 0.7791570576576841 0.1858807251436262 0.06461477233122737 4
0.5961856024818313 0.7142496183677004 0.44648980830754725 0.8755049185126763 0.07471252592670996 2
0.44911422644291044 0.3430768475315512 0.0064924670829596964 0.078759098339784 0.26787609548523095 6
0.838877383646254 0.2875333218866011 0.06087341864265183 0.3487109285185136 0.18061078085794535 6
0.838877383646254 0.2875333218866011 0.06087341864265183 0.3487109285185136 0.18061078085794535 6
0.838877383646254 0.2875333218866011 0.06087341864265183 0.3487109285185136 0.18061078085794535 6
0.838877383646254 0.2875333218866011 0.06087341864265183 0.3487109285185136 0.18061078085794535 6
0.4771745529156496 0.030320221209723885 0.9757887019493704 0.11222841675194639 0.46727008711225504 5
0.7900229676072333 0.5589367481672477 0.20008665225746192 0.06669031422178262 0.7687595536373885 3
0.19673268728463855 0.03133109676230328 0.34873879317697865 0.24065283845346852 0.25891694708523305 6
0.19673268728463855 0.03133109676230328 0.34873879317697865 0.24065283845346852 0.25891694708523305 6
0.19673268728463855 0.03133109676230328 0.34873879317697865 0.24065283845346852 0.25891694708523305 6
0.322788116060975 0.2788851774349117 0.775621418810149 0.5758172167989352 0.16823029093386088 3
0.4462502873924903 0.9306819756367181 0.5690485472351043 0.8716909710656494 0.08626028902466232 4
0.014711205098560498 0.5669538220956626 0.8939257729795839 0.6799523587472068 0.2886875859415803 1
0.3329869090745251 0.4390876435757527 0.381140369180929 0.6158976850298756 0.8334048474800557 6
0.24502654711189176 0.0478521755473883 0.6269270954872619 0.6790441098312845 0.13870314222031932 6
0.44911422644291044 0.3430768475315512 0.0064924670829596964 0.078759098339784 0.26787609548523095 6
0.44911422644291044 0.3430768475315512 0.0064924670829596964 0.078759098339784 0.26787609548523095 6
0.9886079731003213 0.4927054968314274 0.9079944790298059 0.6461356252768811 0.7039683619381295 3
0.838877383646254 0.2875333218866011 0.06087341864265183 0.3487109285185136 0.18061078085794535 6
0.838877383646254 0.2875333218866011 0.06087341864265183 0.3487109285185136 0.18061078085794535 6
0.838877383646254 0.2875333218866011 0.06087341864265183 0.3487109285185136 0.18061078085794535 6
0.4771745529156496 0.030320221209723885 0.9757887019493704 0.11222841675194639 0.46727008711225504 5
0.5279269971958142 0.6967673040171258 0.7633992299218728 0.7989931330277122 0.5787210794458513 8
0.487302858261242 0.8586549035191321 0.7636405757645596 0.9171208408680168 0.6032060187872388 8
0.19673268728463855 0.03133109676230328 0.34873879317697865 0.24065283845346852 0.25891694708523305 6
0.009099131115426262 0.7781895967257059 0.23812567930240802 0.540492078615116 0.12483088196115 2
0.45940359389988095 0.22902114423565834 0.6445699856129753 0.771608870304132 0.07089329130596522 2
0.322788116060975 0.2788851774349117 0.775621418810149 0.5758172167989352 0.16823029093386088 3
0.6995559170917018 0.26751818188827337 0.8578268767498514 0.6105778025059599 0.12213161662924443 1
0.49530466309164 0.6402093321280884 0.5585246997732713 0.8450481082253343 0.13013954731368138 7
0.37941234415250713 0.9651682706440249 0.7791570576576841 0.1858807251436262 0.06461477233122737 4
0.44911422644291044 0.3430768475315512 0.0064924670829596964 0.078759098339784 0.26787609548523095 6
0.44911422644291044 0.3430768475315512 0.0064924670829596964 0.078759098339784 0.26787609548523095 6
0.9886079731003213 0.4927054968314274 0.9079944790298059 0.6461356252768811 0.7039683619381295 3
0.838877383646254 0.2875333218866011 0.06087341864265183 0.3487109285185136 0.18061078085794535 6
0.838877383646254 0.2875333218866011 0.06087341864265183 0.3487109285185136 0.18061078085794535 6
0.838877383646254 0.2875333218866011 0.06087341864265183 0.3487109285185136 0.18061078085794535 6
0.4771745529156496 0.030320221209723885 0.9757887019493704 0.11222841675194639 0.46727008711225504 5
0.7900229676072333 0.5589367481672477 0.20008665225746192 0.06669031422178262 0.7687595536373885 3
0.487302858261242 0.8586549035191321 0.7636405757645596 0.9171208408680168 0.6032060187872388 8
0.19673268728463855 0.03133109676230328 0.34873879317697865 0.24065283845346852 0.25891694708523305 6
0.009099131115426262 0.7781895967257059 0.23812567930240802 0.540492078615116 0.12483088196115 2
0.45940359389988095 0.22902114423565834 0.6445699856129753 0.771608870304132 0.07089329130596522 2
0.322788116060975 0.2788851774349117 0.775621418810149 0.5758172167989352 0.16823029093386088 3
0.6995559170917018 0.26751818188827337 0.8578268767498514 0.6105778025059599 0.12213161662924443 1
0.3329869090745251 0.4390876435757527 0.381140369180929 0.6158976850298756 0.8334048474800557 6
0.37941234415250713 0.9651682706440249 0.7791570576576841 0.1858807251436262 0.06461477233122737 4
0.8993220980570757 0.946612021827072 0.3680792620613961 0.8799088964367656 0.7790412722809658 2
0.5961856024818313 0.7142496183677004 0.44648980830754725 0.8755049185126763 0.07471252592670996 2
0.44911422644291044 0.3430768475315512 0.0064924670829596964 0.078759098339784 0.26787609548523095 6
0.9886079731003213 0.4927054968314274 0.9079944790298059 0.6461356252768811 0.7039683619381295 3
0.44911422644291044 0.3430768475315512 0.0064924670829596964 0.078759098339784 0.26787609548523095 6
0.838877383646254 0.2875333218866011 0.06087341864265183 0.3487109285185136 0.18061078085794535 6
0.838877383646254 0.2875333218866011 0.06087341864265183 0.3487109285185136 0.18061078085794535 6
0.4771745529156496 0.030320221209723885 0.9757887019493704 0.11222841675194639 0.46727008711225504 5
0.7900229676072333 0.5589367481672477 0.20008665225746192 0.06669031422178262 0.7687595536373885 3
0.19673268728463855 0.03133109676230328 0.34873879317697865 0.24065283845346852 0.25891694708523305 6
0.009099131115426262 0.7781895967257059 0.23812567930240802 0.540492078615116 0.12483088196115 2
0.19673268728463855 0.03133109676230328 0.34873879317697865 0.24065283845346852 0.25891694708523305 6
0.322788116060975 0.2788851774349117 0.775621418810149 0.5758172167989352 0.16823029093386088 3
0.4462502873924903 0.9306819756367181 0.5690485472351043 0.8716909710656494 0.08626028902466232 4
0.014711205098560498 0.5669538220956626 0.8939257729795839 0.6799523587472068 0.2886875859415803 1
0.3329869090745251 0.4390876435757527 0.381140369180929 0.6158976850298756 0.8334048474800557 6
0.24502654711189176 0.0478521755473883 0.6269270954872619 0.6790441098312845 0.13870314222031932 6
0.44911422644291044 0.3430768475315512 0.0064924670829596964 0.078759098339784 0.26787609548523095 6
0.44911422644291044 0.3430768475315512 0.0064924670829596964 0.078759098339784 0.26787609548523095 6
0.9886079731003213 0.4927054968314274 0.9079944790298059 0.6461356252768811 0.7039683619381295 3
0.838877383646254 0.2875333218866011 0.06087341864265183 0.3487109285185136 0.18061078085794535 6
0.838877383646254 0.2875333218866011 0.06087341864265183 0.3487109285185136 0.18061078085794535 6
0.838877383646254 0.2875333218866011 0.06087341864265183 0.3487109285185136 0.18061078085794535 6
0.4771745529156496 0.030320221209723885 0.9757887019493704 0.11222841675194639 0.46727008711225504 5
0.5279269971958142 0.6967673040171258 0.7633992299218728 0.7989931330277122 0.5787210794458513 8
0.487302858261242 0.8586549035191321 0.7636405757645596 0.9171208408680168 0.6032060187872388 8
0.19673268728463855 0.03133109676230328 0.34873879317697865 0.24065283845346852 0.25891694708523305 6
0.009099131115426262 0.7781895967257059 0.23812567930240802 0.540492078615116 0.12483088196115 2
0.45940359389988095 0.22902114423565834 0.6445699856129753 0.771608870304132 0.07089329130596522 2
0.322788116060975 0.2788851774349117 0.775621418810149 0.5758172167989352 0.16823029093386088 3
0.6995559170917018 0.26751818188827337 0.8578268767498514 0.6105778025059599 0.12213161662924443 1
0.3329869090745251 0.4390876435757527 0.381140369180929 0.6158976850298756 0.8334048474800557 6
0.24502654711189176 0.0478521755473883 0.6269270954872619 0.6790441098312845 0.13870314222031932 6
0.5961856024818313 0.7142496183677004 0.44648980830754725 0.8755049185126763 0.07471252592670996 2
0.44911422644291044 0.3430768475315512 0.0064924670829596964 0.078759098339784 0.26787609548523095 6
0.44911422644291044 0.3430768475315512 0.0064924670829596964 0.078759098339784 0.26787609548523095 6
0.9886079731003213 0.4927054968314274 0.9079944790298059 0.6461356252768811 0.7039683619381295 3
0.838877383646254 0.2875333218866011 0.06087341864265183 0.3487109285185136 0.18061078085794535 6
0.838877383646254 0.2875333218866011 0.06087341864265183 0.3487109285185136 0.18061078085794535 6
0.838877383646254 0.2875333218866011 0.06087341864265183 0.3487109285185136 0.18061078085794535 6
0.4771745529156496 0.030320221209723885 0.9757887019493704 0.11222841675194639 0.46727008711225504 5
0.5279269971958142 0.6967673040171258 0.7633992299218728 0.7989931330277122 0.5787210794458513 8
0.009099131115426262 0.7781895967257059 0.23812567930240802 0.540492078615116 0.12483088196115 2
0.19673268728463855 0.03133109676230328 0.34873879317697865 0.24065283845346852 0.25891694708523305 6
0.009099131115426262 0.7781895967257059 0.23812567930240802 0.540492078615116 0.12483088196115 2
0.45940359389988095 0.22902114423565834 0.6445699856129753 0.771608870304132 0.07089329130596522 2
0.322788116060975 0.2788851774349117 0.775621418810149 0.5758172167989352 0.16823029093386088 3
0.6995559170917018 0.26751818188827337 0.8578268767498514 0.6105778025059599 0.12213161662924443 1
0.49530466309164 0.6402093321280884 0.5585246997732713 0.8450481082253343 0.13013954731368138 7
0.24502654711189176 0.0478521755473883 0.6269270954872619 0.6790441098312845 0.13870314222031932 6
0.5961856024818313 0.7142496183677004 0.44648980830754725 0.8755049185126763 0.07471252592670996 2
0.0819733379762605 0.47468764108555606 0.21682315004518615 0.7355484784575533 0.7073207463794128 1
0.44911422644291044 0.3430768475315512 0.0064924670829596964 0.078759098339784 0.26787609548523095 6
0.9886079731003213 0.4927054968314274 0.9079944790298059 0.6461356252768811 0.7039683619381295 3
0.30080439371635603 0.6279075316193928 0.7637968717883246 0.7956295451134192 0.8227514973982818 8
0.5990459690214236 0.9026427066593875 0.2504795945404116 0.652234863108509 0.1476031319051384 5
0.4771745529156496 0.030320221209723885 0.9757887019493704 0.11222841675194639 0.46727008711225504 5
0.7900229676072333 0.5589367481672477 0.20008665225746192 0.06669031422178262 0.7687595536373885 3
0.487302858261242 0.8586549035191321 0.7636405757645596 0.9171208408680168 0.6032060187872388 8
0.19673268728463855 0.03133109676230328 0.34873879317697865 0.24065283845346852 0.25891694708523305 6
0.009099131115426262 0.7781895967257059 0.23812567930240802 0.540492078615116 0.12483088196115 2
0.45940359389988095 0.22902114423565834 0.6445699856129753 0.771608870304132 0.07089329130596522 2
0.322788116060975 0.2788851774349117 0.775621418810149 0.5758172167989352 0.16823029093386088 3
0.014711205098560498 0.5669538220956626 0.8939257729795839 0.6799523587472068 0.2886875859415803 1
0.3329869090745251 0.4390876435757527 0.381140369180929 0.6158976850298756 0.8334048474800557 6
0.8624743477087761 0.6868585087985081 0.8984585830058818 0.631753180353812 0.948580560808279 5
0.0819733379762605 0.47468764108555606 0.21682315004518615 0.7355484784575533 0.7073207463794128 1
0.44911422644291044 0.3430768475315512 0.0064924670829596964 0.078759098339784 0.26787609548523095 6
0.5710259430448668 0.10270555284261196 0.8003326106892311 0.23571656783333705 0.02391612942757826 1
0.30080439371635603 0.6279075316193928 0.7637968717883246 0.7956295451134192 0.8227514973982818 8
0.30080439371635603 0.6279075316193928 0.7637968717883246 0.7956295451134192 0.8227514973982818 8
0.838877383646254 0.2875333218866011 0.06087341864265183 0.3487109285185136 0.18061078085794535 6
0.4771745529156496 0.030320221209723885 0.9757887019493704 0.11222841675194639 0.46727008711225504 5
0.5279269971958142 0.6967673040171258 0.7633992299218728 0.7989931330277122 0.5787210794458513 8
0.19673268728463855 0.03133109676230328 0.34873879317697865 0.24065283845346852 0.25891694708523305 6
0.19673268728463855 0.03133109676230328 0.34873879317697865 0.24065283845346852 0.25891694708523305 6
0.009099131115426262 0.7781895967257059 0.23812567930240802 0.540492078615116 0.12483088196115 2
0.45940359389988095 0.22902114423565834 0.6445699856129753 0.771608870304132 0.07089329130596522 2
0.322788116060975 0.2788851774349117 0.775621418810149 0.5758172167989352 0.16823029093386088 3
0.6995559170917018 0.26751818188827337 0.8578268767498514 0.6105778025059599 0.12213161662924443 1
0.3329869090745251 0.4390876435757527 0.381140369180929 0.6158976850298756 0.8334048474800557 6
0.24502654711189176 0.0478521755473883 0.6269270954872619 0.6790441098312845 0.13870314222031932 6
0.5961856024818313 0.7142496183677004 0.44648980830754725 0.8755049185126763 0.07471252592670996 2
0.5961856024818313 0.7142496183677004 0.44648980830754725 0.8755049185126763 0.07471252592670996 2
0.44911422644291044 0.3430768475315512 0.0064924670829596964 0.078759098339784 0.26787609548523095 6
0.44911422644291044 0.3430768475315512 0.0064924670829596964 0.078759098339784 0.26787609548523095 6
0.9886079731003213 0.4927054968314274 0.9079944790298059 0.6461356252768811 0.7039683619381295 3
0.838877383646254 0.2875333218866011 0.06087341864265183 0.3487109285185136 0.18061078085794535 6
0.838877383646254 0.2875333218866011 0.06087341864265183 0.3487109285185136 0.18061078085794535 6
0.838877383646254 0.2875333218866011 0.06087341864265183 0.3487109285185136 0.18061078085794535 6
0.5279269971958142 0.6967673040171258 0.7633992299218728 0.7989931330277122 0.5787210794458513 8
0.19673268728463855 0.03133109676230328 0.34873879317697865 0.24065283845346852 0.25891694708523305 6
0.19673268728463855 0.03133109676230328 0.34873879317697865 0.24065283845346852 0.25891694708523305 6
0.009099131115426262 0.7781895967257059 0.23812567930240802 0.540492078615116 0.12483088196115 2
0.45940359389988095 0.22902114423565834 0.6445699856129753 0.771608870304132 0.07089329130596522 2
0.322788116060975 0.2788851774349117 0.775621418810149 0.5758172167989352 0.16823029093386088 3
0.6995559170917018 0.26751818188827337 0.8578268767498514 0.6105778025059599 0.12213161662924443 1
0.49530466309164 0.6402093321280884 0.5585246997732713 0.8450481082253343 0.13013954731368138 7
0.24502654711189176 0.0478521755473883 0.6269270954872619 0.6790441098312845 0.13870314222031932 6
0.5961856024818313 0.7142496183677004 0.44648980830754725 0.8755049185126763 0.07471252592670996 2
0.44911422644291044 0.3430768475315512 0.0064924670829596964 0.078759098339784 0.26787609548523095 6
0.9886079731003213 0.4927054968314274 0.9079944790298059 0.6461356252768811 0.7039683619381295 3
0.838877383646254 0.2875333218866011 0.06087341864265183 0.3487109285185136 0.18061078085794535 6
0.838877383646254 0.2875333218866011 0.06087341864265183 0.3487109285185136 0.18061078085794535 6
0.838877383646254 0.2875333218866011 0.06087341864265183 0.3487109285185136 0.18061078085794535 6
0.4771745529156496 0.030320221209723885 0.9757887019493704 0.11222841675194639 0.46727008711225504 5
0.7900229676072333 0.5589367481672477 0.20008665225746192 0.06669031422178262 0.7687595536373885 3
0.19673268728463855 0.03133109676230328 0.34873879317697865 0.24065283845346852 0.25891694708523305 6
0.19673268728463855 0.03133109676230328 0.34873879317697865 0.24065283845346852 0.25891694708523305 6
0.19673268728463855 0.03133109676230328 0.34873879317697865 0.24065283845346852 0.25891694708523305 6
0.322788116060975 0.2788851774349117 0.775621418810149 0.5758172167989352 0.16823029093386088 3
0.4462502873924903 0.9306819756367181 0.5690485472351043 0.8716909710656494 0.08626028902466232 4
0.014711205098560498 0.5669538220956626 0.8939257729795839 0.6799523587472068 0.2886875859415803 1
0.3329869090745251 0.4390876435757527 0.381140369180929 0.6158976850298756 0.8334048474800557 6
0.24502654711189176 0.0478521755473883 0.6269270954872619 0.6790441098312845 0.13870314222031932 6
0.44911422644291044 0.3430768475315512 0.0064924670829596964 0.078759098339784 0.26787609548523095 6
0.44911422644291044 0.3430768475315512 0.0064924670829596964 0.078759098339784 0.26787609548523095 6
0.44911422644291044 0.3430768475315512 0.0064924670829596964 0.078759098339784 0.26787609548523095 6
0.9886079731003213 0.4927054968314274 0.9079944790298059 0.6461356252768811 0.7039683619381295 3
0.30080439371635603 0.6279075316193928 0.7637968717883246 0.7956295451134192 0.8227514973982818 8
0.838877383646254 0.2875333218866011 0.06087341864265183 0.3487109285185136 0.18061078085794535 6
0.838877383646254 0.2875333218866011 0.06087341864265183 0.3487109285185136 0.18061078085794535 6
0.5279269971958142 0.6967673040171258 0.7633992299218728 0.7989931330277122 0.5787210794458513 8
0.19673268728463855 0.03133109676230328 0.34873879317697865 0.24065283845346852 0.25891694708523305 6
0.19673268728463855 0.03133109676230328 0.34873879317697865 0.24065283845346852 0.25891694708523305 6
0.19673268728463855 0.03133109676230328 0.34873879317697865 0.24065283845346852 0.25891694708523305 6
0.45940359389988095 0.22902114423565834 0.6445699856129753 0.771608870304132 0.07089329130596522 2
0.322788116060975 0.2788851774349117 0.775621418810149 0.5758172167989352 0.16823029093386088 3
0.6995559170917018 0.26751818188827337 0.8578268767498514 0.6105778025059599 0.12213161662924443 1
0.49530466309164 0.6402093321280884 0.5585246997732713 0.8450481082253343 0.13013954731368138 7
0.24502654711189176 0.0478521755473883 0.6269270954872619 0.6790441098312845 0.13870314222031932 6
0.5961856024818313 0.7142496183677004 0.44648980830754725 0.8755049185126763 0.07471252592670996 2
0.0819733379762605 0.47468764108555606 0.21682315004518615 0.7355484784575533 0.7073207463794128 1
0.44911422644291044 0.3430768475315512 0.0064924670829596964 0.078759098339784 0.26787609548523095 6
0.9886079731003213 0.4927054968314274 0.9079944790298059 0.6461356252768811 0.7039683619381295 3
0.30080439371635603 0.6279075316193928 0.7637968717883246 0.7956295451134192 0.8227514973982818 8
0.5990459690214236 0.9026427066593875 0.2504795945404116 0.652234863108509 0.1476031319051384 5
0.4771745529156496 0.030320221209723885 0.9757887019493704 0.11222841675194639 0.46727008711225504 5
0.4771745529156496 0.030320221209723885 0.9757887019493704 0.11222841675194639 0.46727008711225504 5
0.5279269971958142 0.6967673040171258 0.7633992299218728 0.7989931330277122 0.5787210794458513 8
0.19673268728463855 0.03133109676230328 0.34873879317697865 0.24065283845346852 0.25891694708523305 6
0.009099131115426262 0.7781895967257059 0.23812567930240802 0.540492078615116 0.12483088196115 2
0.45940359389988095 0.22902114423565834 0.6445699856129753 0.771608870304132 0.07089329130596522 2
0.322788116060975 0.2788851774349117 0.775621418810149 0.5758172167989352 0.16823029093386088 3
0.014711205098560498 0.5669538220956626 0.8939257729795839 0.6799523587472068 0.2886875859415803 1
0.3329869090745251 0.4390876435757527 0.381140369180929 0.6158976850298756 0.8334048474800557 6
0.8624743477087761 0.6868585087985081 0.8984585830058818 0.631753180353812 0.948580560808279 5
0.0819733379762605 0.47468764108555606 0.21682315004518615 0.7355484784575533 0.7073207463794128 1
0.44911422644291044 0.3430768475315512 0.0064924670829596964 0.078759098339784 0.26787609548523095 6
0.9886079731003213 0.4927054968314274 0.9079944790298059 0.6461356252768811 0.7039683619381295 3
0.30080439371635603 0.6279075316193928 0.7637968717883246 0.7956295451134192 0.8227514973982818 8
0.838877383646254 0.2875333218866011 0.06087341864265183 0.3487109285185136 0.18061078085794535 6
0.5990459690214236 0.9026427066593875 0.2504795945404116 0.652234863108509 0.1476031319051384 5
0.7900229676072333 0.5589367481672477 0.20008665225746192 0.06669031422178262 0.7687595536373885 3
0.7900229676072333 0.5589367481672477 0.20008665225746192 0.06669031422178262 0.7687595536373885 3
0.19673268728463855 0.03133109676230328 0.34873879317697865 0.24065283845346852 0.25891694708523305 6
0.19673268728463855 0.03133109676230328 0.34873879317697865 0.24065283845346852 0.25891694708523305 6
0.19673268728463855 0.03133109676230328 0.34873879317697865 0.24065283845346852 0.25891694708523305 6
0.45940359389988095 0.22902114423565834 0.6445699856129753 0.771608870304132 0.07089329130596522 2
0.322788116060975 0.2788851774349117 0.775621418810149 0.5758172167989352 0.16823029093386088 3
0.49530466309164 0.6402093321280884 0.5585246997732713 0.8450481082253343 0.13013954731368138 7
0.016718190248801723 0.07717414829721791 0.8826056471101155 0.7331356077560034 0.2889288800967895 8
0.24502654711189176 0.0478521755473883 0.6269270954872619 0.6790441098312845 0.13870314222031932 6
0.23162379164246794 0.22696628101221417 0.6691006083623862 0.1767134972812836 0.9085949837537615 5
0.5561696002224655 0.5564516293818367 0.003146597012150476 0.3855557349540726 0.2687342888344366 7
0.0819733379762605 0.47468764108555606 0.21682315004518615 0.7355484784575533 0.7073207463794128 1
0.44911422644291044 0.3430768475315512 0.0064924670829596964 0.078759098339784 0.26787609548523095 6
0.9886079731003213 0.4927054968314274 0.9079944790298059 0.6461356252768811 0.7039683619381295 3
0.30080439371635603 0.6279075316193928 0.7637968717883246 0.7956295451134192 0.8227514973982818 8
0.838877383646254 0.2875333218866011 0.06087341864265183 0.3487109285185136 0.18061078085794535 6
0.5990459690214236 0.9026427066593875 0.2504795945404116 0.652234863108509 0.1476031319051384 5
0.4771745529156496 0.030320221209723885 0.9757887019493704 0.11222841675194639 0.46727008711225504 5
0.7900229676072333 0.5589367481672477 0.20008665225746192 0.06669031422178262 0.7687595536373885 3
0.19673268728463855 0.03133109676230328 0.34873879317697865 0.24065283845346852 0.25891694708523305 6
0.19673268728463855 0.03133109676230328 0.34873879317697865 0.24065283845346852 0.25891694708523305 6
0.009099131115426262 0.7781895967257059 0.23812567930240802 0.540492078615116 0.12483088196115 2
0.45940359389988095 0.22902114423565834 0.6445699856129753 0.771608870304132 0.07089329130596522 2
0.4462502873924903 0.9306819756367181 0.5690485472351043 0.8716909710656494 0.08626028902466232 4
0.014711205098560498 0.5669538220956626 0.8939257729795839 0.6799523587472068 0.2886875859415803 1
0.3329869090745251 0.4390876435757527 0.381140369180929 0.6158976850298756 0.8334048474800557 6
0.8624743477087761 0.6868585087985081 0.8984585830058818 0.631753180353812 0.948580560808279 5
0.44911422644291044 0.3430768475315512 0.0064924670829596964 0.078759098339784 0.26787609548523095 6
0.44911422644291044 0.3430768475315512 0.0064924670829596964 0.078759098339784 0.26787609548523095 6
0.838877383646254 0.2875333218866011 0.06087341864265183 0.3487109285185136 0.18061078085794535 6
0.838877383646254 0.2875333218866011 0.06087341864265183 0.3487109285185136 0.18061078085794535 6
0.838877383646254 0.2875333218866011 0.06087341864265183 0.3487109285185136 0.18061078085794535 6
0.7900229676072333 0.5589367481672477 0.20008665225746192 0.06669031422178262 0.7687595536373885 3
0.4771745529156496 0.030320221209723885 0.9757887019493704 0.11222841675194639 0.46727008711225504 5
0.7900229676072333 0.5589367481672477 0.20008665225746192 0.06669031422178262 0.7687595536373885 3
0.19673268728463855 0.03133109676230328 0.34873879317697865 0.24065283845346852 0.25891694708523305 6
0.19673268728463855 0.03133109676230328 0.34873879317697865 0.24065283845346852 0.25891694708523305 6
0.19673268728463855 0.03133109676230328 0.34873879317697865 0.24065283845346852 0.25891694708523305 6
0.322788116060975 0.2788851774349117 0.775621418810149 0.5758172167989352 0.16823029093386088 3
0.322788116060975 0.2788851774349117 0.775621418810149 0.5758172167989352 0.16823029093386088 3
0.49530466309164 0.6402093321280884 0.5585246997732713 0.8450481082253343 0.13013954731368138 7
0.49530466309164 0.6402093321280884 0.5585246997732713 0.8450481082253343 0.13013954731368138 7
0.24502654711189176 0.0478521755473883 0.6269270954872619 0.6790441098312845 0.13870314222031932 6
0.0819733379762605 0.47468764108555606 0.21682315004518615 0.7355484784575533 0.7073207463794128 1
0.44911422644291044 0.3430768475315512 0.0064924670829596964 0.078759098339784 0.26787609548523095 6
0.44911422644291044 0.3430768475315512 0.0064924670829596964 0.078759098339784 0.26787609548523095 6
0.9886079731003213 0.4927054968314274 0.9079944790298059 0.6461356252768811 0.7039683619381295 3
0.30080439371635603 0.6279075316193928 0.7637968717883246 0.7956295451134192 0.8227514973982818 8
0.30080439371635603 0.6279075316193928 0.7637968717883246 0.7956295451134192 0.8227514973982818 8
0.838877383646254 0.2875333218866011 0.06087341864265183 0.3487109285185136 0.18061078085794535 6
0.7900229676072333 0.5589367481672477 0.20008665225746192 0.06669031422178262 0.7687595536373885 3
0.5279269971958142 0.6967673040171258 0.7633992299218728 0.7989931330277122 0.5787210794458513 8
0.487302858261242 0.8586549035191321 0.7636405757645596 0.9171208408680168 0.6032060187872388 8
0.19673268728463855 0.03133109676230328 0.34873879317697865 0.24065283845346852 0.25891694708523305 6
0.009099131115426262 0.7781895967257059 0.23812567930240802 0.540492078615116 0.12483088196115 2
0.45940359389988095 0.22902114423565834 0.6445699856129753 0.771608870304132 0.07089329130596522 2
0.322788116060975 0.2788851774349117 0.775621418810149 0.5758172167989352 0.16823029093386088 3
0.6995559170917018 0.26751818188827337 0.8578268767498514 0.6105778025059599 0.12213161662924443 1
0.49530466309164 0.6402093321280884 0.5585246997732713 0.8450481082253343 0.13013954731368138 7
0.24502654711189176 0.0478521755473883 0.6269270954872619 0.6790441098312845 0.13870314222031932 6
0.5961856024818313 0.7142496183677004 0.44648980830754725 0.8755049185126763 0.07471252592670996 2
0.44911422644291044 0.3430768475315512 0.0064924670829596964 0.078759098339784 0.26787609548523095 6
0.23162379164246794 0.22696628101221417 0.6691006083623862 0.1767134972812836 0.9085949837537615 5
0.9886079731003213 0.4927054968314274 0.9079944790298059 0.6461356252768811 0.7039683619381295 3
0.838877383646254 0.2875333218866011 0.06087341864265183 0.3487109285185136 0.18061078085794535 6
0.838877383646254 0.2875333218866011 0.06087341864265183 0.3487109285185136 0.18061078085794535 6
0.7900229676072333 0.5589367481672477 0.20008665225746192 0.06669031422178262 0.7687595536373885 3
0.4771745529156496 0.030320221209723885 0.9757887019493704 0.11222841675194639 0.46727008711225504 5
0.5279269971958142 0.6967673040171258 0.7633992299218728 0.7989931330277122 0.5787210794458513 8
0.487302858261242 0.8586549035191321 0.7636405757645596 0.9171208408680168 0.6032060187872388 8
0.009099131115426262 0.7781895967257059 0.23812567930240802 0.540492078615116 0.12483088196115 2
0.009099131115426262 0.7781895967257059 0.23812567930240802 0.540492078615116 0.12483088196115 2
0.7477429053864014 0.6836311817691921 0.4983800592400739 0.6502609084955941 0.5140035441992081 5
0.322788116060975 0.2788851774349117 0.775621418810149 0.5758172167989352 0.16823029093386088 3
0.6995559170917018 0.26751818188827337 0.8578268767498514 0.6105778025059599 0.12213161662924443 1
0.3329869090745251 0.4390876435757527 0.381140369180929 0.6158976850298756 0.8334048474800557 6
0.24502654711189176 0.0478521755473883 0.6269270954872619 0.6790441098312845 0.13870314222031932 6
0.7933311302854177 0.7811443689411194 0.11622109452226737 0.1019238150283388 0.9599222775934638 1
0.5961856024818313 0.7142496183677004 0.44648980830754725 0.8755049185126763 0.07471252592670996 2
0.44911422644291044 0.3430768475315512 0.0064924670829596964 0.078759098339784 0.26787609548523095 6
0.9886079731003213 0.4927054968314274 0.9079944790298059 0.6461356252768811 0.7039683619381295 3
0.838877383646254 0.2875333218866011 0.06087341864265183 0.3487109285185136 0.18061078085794535 6
0.838877383646254 0.2875333218866011 0.06087341864265183 0.3487109285185136 0.18061078085794535 6
0.838877383646254 0.2875333218866011 0.06087341864265183 0.3487109285185136 0.18061078085794535 6
0.4771745529156496 0.030320221209723885 0.9757887019493704 0.11222841675194639 0.46727008711225504 5
0.7900229676072333 0.5589367481672477 0.20008665225746192 0.06669031422178262 0.7687595536373885 3
0.19673268728463855 0.03133109676230328 0.34873879317697865 0.24065283845346852 0.25891694708523305 6
0.009099131115426262 0.7781895967257059 0.23812567930240802 0.540492078615116 0.12483088196115 2
0.19673268728463855 0.03133109676230328 0.34873879317697865 0.24065283845346852 0.25891694708523305 6
0.322788116060975 0.2788851774349117 0.775621418810149 0.5758172167989352 0.16823029093386088 3
0.4462502873924903 0.9306819756367181 0.5690485472351043 0.8716909710656494 0.08626028902466232 4
0.6995559170917018 0.26751818188827337 0.8578268767498514 0.6105778025059599 0.12213161662924443 1
0.3329869090745251 0.4390876435757527 0.381140369180929 0.6158976850298756 0.8334048474800557 6
0.24502654711189176 0.0478521755473883 0.6269270954872619 0.6790441098312845 0.13870314222031932 6
0.44911422644291044 0.3430768475315512 0.0064924670829596964 0.078759098339784 0.26787609548523095 6
0.44911422644291044 0.3430768475315512 0.0064924670829596964 0.078759098339784 0.26787609548523095 6
0.9886079731003213 0.4927054968314274 0.9079944790298059 0.6461356252768811 0.7039683619381295 3
0.838877383646254 0.2875333218866011 0.06087341864265183 0.3487109285185136 0.18061078085794535 6
0.838877383646254 0.2875333218866011 0.06087341864265183 0.3487109285185136 0.18061078085794535 6
0.838877383646254 0.2875333218866011 0.06087341864265183 0.3487109285185136 0.18061078085794535 6
0.4771745529156496 0.030320221209723885 0.9757887019493704 0.11222841675194639 0.46727008711225504 5
0.7900229676072333 0.5589367481672477 0.20008665225746192 0.06669031422178262 0.7687595536373885 3
0.487302858261242 0.8586549035191321 0.7636405757645596 0.9171208408680168 0.6032060187872388 8
0.19673268728463855 0.03133109676230328 0.34873879317697865 0.24065283845346852 0.25891694708523305 6
0.009099131115426262 0.7781895967257059 0.23812567930240802 0.540492078615116 0.12483088196115 2
0.45940359389988095 0.22902114423565834 0.6445699856129753 0.771608870304132 0.07089329130596522 2
0.322788116060975 0.2788851774349117 0.775621418810149 0.5758172167989352 0.16823029093386088 3
0.6995559170917018 0.26751818188827337 0.8578268767498514 0.6105778025059599 0.12213161662924443 1
0.3329869090745251 0.4390876435757527 0.381140369180929 0.6158976850298756 0.8334048474800557 6
0.37941234415250713 0.9651682706440249 0.7791570576576841 0.1858807251436262 0.06461477233122737 4
0.5961856024818313 0.7142496183677004 0.44648980830754725 0.8755049185126763 0.07471252592670996 2
0.23162379164246794 0.22696628101221417 0.6691006083623862 0.1767134972812836 0.9085949837537615 5
0.9886079731003213 0.4927054968314274 0.9079944790298059 0.6461356252768811 0.7039683619381295 3
0.30080439371635603 0.6279075316193928 0.7637968717883246 0.7956295451134192 0.8227514973982818 8
0.838877383646254 0.2875333218866011 0.06087341864265183 0.3487109285185136 0.18061078085794535 6
0.838877383646254 0.2875333218866011 0.06087341864265183 0.3487109285185136 0.18061078085794535 6
0.4771745529156496 0.030320221209723885 0.9757887019493704 0.11222841675194639 0.46727008711225504 5
0.5279269971958142 0.6967673040171258 0.7633992299218728 0.7989931330277122 0.5787210794458513 8
0.487302858261242 0.8586549035191321 0.7636405757645596 0.9171208408680168 0.6032060187872388 8
0.19673268728463855 0.03133109676230328 0.34873879317697865 0.24065283845346852 0.25891694708523305 6
0.009099131115426262 0.7781895967257059 0.23812567930240802 0.540492078615116 0.12483088196115 2
0.45940359389988095 0.22902114423565834 0.6445699856129753 0.771608870304132 0.07089329130596522 2
0.322788116060975 0.2788851774349117 0.775621418810149 0.5758172167989352 0.16823029093386088 3
0.6995559170917018 0.26751818188827337 0.8578268767498514 0.6105778025059599 0.12213161662924443 1
0.49530466309164 0.6402093321280884 0.5585246997732713 0.8450481082253343 0.13013954731368138 7
0.37941234415250713 0.9651682706440249 0.7791570576576841 0.1858807251436262 0.06461477233122737 4
0.9886079731003213 0.4927054968314274 0.9079944790298059 0.6461356252768811 0.7039683619381295 3
0.23162379164246794 0.22696628101221417 0.6691006083623862 0.1767134972812836 0.9085949837537615 5
0.9886079731003213 0.4927054968314274 0.9079944790298059 0.6461356252768811 0.7039683619381295 3
0.838877383646254 0.2875333218866011 0.06087341864265183 0.3487109285185136 0.18061078085794535 6
0.838877383646254 0.2875333218866011 0.06087341864265183 0.3487109285185136 0.18061078085794535 6
0.7900229676072333 0.5589367481672477 0.20008665225746192 0.06669031422178262 0.7687595536373885 3
0.7900229676072333 0.5589367481672477 0.20008665225746192 0.06669031422178262 0.7687595536373885 3
0.5279269971958142 0.6967673040171258 0.7633992299218728 0.7989931330277122 0.5787210794458513 8
0.487302858261242 0.8586549035191321 0.7636405757645596 0.9171208408680168 0.6032060187872388 8
0.19673268728463855 0.03133109676230328 0.34873879317697865 0.24065283845346852 0.25891694708523305 6
0.009099131115426262 0.7781895967257059 0.23812567930240802 0.540492078615116 0.12483088196115 2
0.45940359389988095 0.22902114423565834 0.6445699856129753 0.771608870304132 0.07089329130596522 2
0.322788116060975 0.2788851774349117 0.775621418810149 0.5758172167989352 0.16823029093386088 3
0.6995559170917018 0.26751818188827337 0.8578268767498514 0.6105778025059599 0.12213161662924443 1
0.3329869090745251 0.4390876435757527 0.381140369180929 0.6158976850298756 0.8334048474800557 6
0.24502654711189176 0.0478521755473883 0.6269270954872619 0.6790441098312845 0.13870314222031932 6
0.5961856024818313 0.7142496183677004 0.44648980830754725 0.8755049185126763 0.07471252592670996 2
0.44911422644291044 0.3430768475315512 0.0064924670829596964 0.078759098339784 0.26787609548523095 6
