0.017862211212739232 0.44679321093770197 0.34422652214735894 0.8395871135963648 0.5690382127298036 2
0.11305342427828524 0.32556300928563175 0.5998391590019498 0.13664854733560794 0.10895080420371861 5
0.2049422634714435 0.9742887823940063 0.20504866883711848 0.5615598798657737 0.8644986922231198 7
0.41031966169490974 0.016332644622371606 0.6631843616600525 0.29587552802583106 0.9023455886600499 4
0.41031966169490974 0.016332644622371606 0.6631843616600525 0.29587552802583106 0.9023455886600499 4
0.4850426071561854 0.38185719772997595 0.49109490374666087 0.805161552921321 0.24657168883925262 4
0.4692536507466102 0.5949069434297999 0.790933518431506 0.6259928553911783 0.09673146090250306 3
0.8937468749783842 0.10332927250253432 0.2227789507657162 0.47372990627615486 0.9348977524190109 4
0.8037732407911965 0.9633080218385323 0.71050492254295 0.34232005082762373 0.7343443881919601 5
0.8559769253212299 0.8500442528079504 0.27800140966282105 0.9303416398443601 0.8188580266471366 4
0.1346170196815636 0.7428524439967431 0.6976734830685954 0.6228597230670118 0.806899062458151 8
0.8977781551193681 0.14804956514540368 0.2430850849662365 0.9493855560168857 0.20979471123277948 6
0.1516065135900011 0.6566958372483583 0.05691502951969041 0.029717550156828088 0.397062882118671 2
0.8559769253212299 0.8500442528079504 0.27800140966282105 0.9303416398443601 0.8188580266471366 4
0.017862211212739232 0.44679321093770197 0.34422652214735894 0.8395871135963648 0.5690382127298036 2
0.41031966169490974 0.016332644622371606 0.6631843616600525 0.29587552802583106 0.9023455886600499 4
0.8716794461827563 0.3911538901774635 0.40026550707071673 0.5806853499036992 0.7893295619223519 1
0.6610241814199826 0.6875314544215779 0.052014776090213766 0.6677094883701219 0.51292315460665 1
0.41031966169490974 0.016332644622371606 0.6631843616600525 0.29587552802583106 0.9023455886600499 4
0.6610241814199826 0.6875314544215779 0.052014776090213766 0.6677094883701219 0.51292315460665 1
0.8937468749783842 0.10332927250253432 0.2227789507657162 0.47372990627615486 0.9348977524190109 4
0.8119596450391862 0.04920389420791371 0.8866560103811708 0.0205130303202401 0.9950126240414461 3
0.8937468749783842 0.10332927250253432 0.2227789507657162 0.47372990627615486 0.9348977524190109 4
0.8119596450391862 0.04920389420791371 0.8866560103811708 0.0205130303202401 0.9950126240414461 3
0.8200218949742496 0.3602355983576967 0.7996464637873603 0.5884410026426874 0.3694934356317915 5
0.1346170196815636 0.7428524439967431 0.6976734830685954 0.6228597230670118 0.806899062458151 8
0.8977781551193681 0.14804956514540368 0.2430850849662365 0.9493855560168857 0.20979471123277948 6
0.1516065135900011 0.6566958372483583 0.05691502951969041 0.029717550156828088 0.397062882118671 2
0.11305342427828524 0.32556300928563175 0.5998391590019498 0.13664854733560794 0.10895080420371861 5
0.0796181647246691 0.9742298215593974 0.7806936277982803 0.5025783229060319 0.49059614088187786 1
0.7232829401415672 0.4057298108321672 0.4226182533330678 0.2931128971684601 0.8088577333285446 4
0.6730932012008972 0.8678840530912332 0.2754214037334425 0.36922032558766105 0.815133395859142 3
0.41031966169490974 0.016332644622371606 0.6631843616600525 0.29587552802583106 0.9023455886600499 4
0.8716794461827563 0.3911538901774635 0.40026550707071673 0.5806853499036992 0.7893295619223519 1
0.41031966169490974 0.016332644622371606 0.6631843616600525 0.29587552802583106 0.9023455886600499 4
0.11305342427828524 0.32556300928563175 0.5998391590019498 0.13664854733560794 0.10895080420371861 5
0.8716794461827563 0.3911538901774635 0.40026550707071673 0.5806853499036992 0.7893295619223519 1
0.860735803077165 0.9796701837912458 0.22620268011562772 0.4717243417376237 0.16237134047544077 6
0.6610241814199826 0.6875314544215779 0.052014776090213766 0.6677094883701219 0.51292315460665 1
0.8937468749783842 0.10332927250253432 0.2227789507657162 0.47372990627615486 0.9348977524190109 4
0.8119596450391862 0.04920389420791371 0.8866560103811708 0.0205130303202401 0.9950126240414461 3
0.8200218949742496 0.3602355983576967 0.7996464637873603 0.5884410026426874 0.3694934356317915 5
0.8977781551193681 0.14804956514540368 0.2430850849662365 0.9493855560168857 0.20979471123277948 6
0.017862211212739232 0.44679321093770197 0.34422652214735894 0.8395871135963648 0.5690382127298036 2
0.1516065135900011 0.6566958372483583 0.05691502951969041 0.029717550156828088 0.397062882118671 2
0.11305342427828524 0.32556300928563175 0.5998391590019498 0.13664854733560794 0.10895080420371861 5
0.21057550228531263 0.4647125375292105 0.296893635236699 0.6865540094410435 0.8039199653429384 4
0.7232829401415672 0.4057298108321672 0.4226182533330678 0.2931128971684601 0.8088577333285446 4
0.8559769253212299 0.8500442528079504 0.27800140966282105 0.9303416398443601 0.8188580266471366 4
0.11305342427828524 0.32556300928563175 0.5998391590019498 0.13664854733560794 0.10895080420371861 5
0.11305342427828524 0.32556300928563175 0.5998391590019498 0.13664854733560794 0.10895080420371861 5
0.6610241814199826 0.6875314544215779 0.052014776090213766 0.6677094883701219 0.51292315460665 1
0.8937468749783842 0.10332927250253432 0.2227789507657162 0.47372990627615486 0.9348977524190109 4
0.8119596450391862 0.04920389420791371 0.8866560103811708 0.0205130303202401 0.9950126240414461 3
0.1346170196815636 0.7428524439967431 0.6976734830685954 0.6228597230670118 0.806899062458151 8
0.8977781551193681 0.14804956514540368 0.2430850849662365 0.9493855560168857 0.20979471123277948 6
0.8119596450391862 0.04920389420791371 0.8866560103811708 0.0205130303202401 0.9950126240414461 3
0.8200218949742496 0.3602355983576967 0.7996464637873603 0.5884410026426874 0.3694934356317915 5
0.1346170196815636 0.7428524439967431 0.6976734830685954 0.6228597230670118 0.806899062458151 8
0.017862211212739232 0.44679321093770197 0.34422652214735894 0.8395871135963648 0.5690382127298036 2
0.9386646911409311 0.5709879616232509 0.9542051462423348 0.44276695353862605 0.04452515152667613 1
0.420267432757908 0.09355820597996944 0.4402509414269691 0.5427188487988216 0.8302340743478493 4
0.06419672614293526 0.12820853406424182 0.5420767310789335 0.6963486733051348 0.7003516283408406 1
0.2049422634714435 0.9742887823940063 0.20504866883711848 0.5615598798657737 0.8644986922231198 7
0.41031966169490974 0.016332644622371606 0.6631843616600525 0.29587552802583106 0.9023455886600499 4
0.8559769253212299 0.8500442528079504 0.27800140966282105 0.9303416398443601 0.8188580266471366 4
0.11305342427828524 0.32556300928563175 0.5998391590019498 0.13664854733560794 0.10895080420371861 5
0.11305342427828524 0.32556300928563175 0.5998391590019498 0.13664854733560794 0.10895080420371861 5
0.6610241814199826 0.6875314544215779 0.052014776090213766 0.6677094883701219 0.51292315460665 1
0.4850426071561854 0.38185719772997595 0.49109490374666087 0.805161552921321 0.24657168883925262 4
0.8119596450391862 0.04920389420791371 0.8866560103811708 0.0205130303202401 0.9950126240414461 3
0.8937468749783842 0.10332927250253432 0.2227789507657162 0.47372990627615486 0.9348977524190109 4
0.8119596450391862 0.04920389420791371 0.8866560103811708 0.0205130303202401 0.9950126240414461 3
0.8200218949742496 0.3602355983576967 0.7996464637873603 0.5884410026426874 0.3694934356317915 5
0.1346170196815636 0.7428524439967431 0.6976734830685954 0.6228597230670118 0.806899062458151 8
0.017862211212739232 0.44679321093770197 0.34422652214735894 0.8395871135963648 0.5690382127298036 2
0.1516065135900011 0.6566958372483583 0.05691502951969041 0.029717550156828088 0.397062882118671 2
0.11305342427828524 0.32556300928563175 0.5998391590019498 0.13664854733560794 0.10895080420371861 5
0.7232829401415672 0.4057298108321672 0.4226182533330678 0.2931128971684601 0.8088577333285446 4
0.7232829401415672 0.4057298108321672 0.4226182533330678 0.2931128971684601 0.8088577333285446 4
0.41031966169490974 0.016332644622371606 0.6631843616600525 0.29587552802583106 0.9023455886600499 4
0.8716794461827563 0.3911538901774635 0.40026550707071673 0.5806853499036992 0.7893295619223519 1
0.11305342427828524 0.32556300928563175 0.5998391590019498 0.13664854733560794 0.10895080420371861 5
0.6610241814199826 0.6875314544215779 0.052014776090213766 0.6677094883701219 0.51292315460665 1
0.4850426071561854 0.38185719772997595 0.49109490374666087 0.805161552921321 0.24657168883925262 4
0.8119596450391862 0.04920389420791371 0.8866560103811708 0.0205130303202401 0.9950126240414461 3
0.8937468749783842 0.10332927250253432 0.2227789507657162 0.47372990627615486 0.9348977524190109 4
0.8119596450391862 0.04920389420791371 0.8866560103811708 0.0205130303202401 0.9950126240414461 3
0.8200218949742496 0.3602355983576967 0.7996464637873603 0.5884410026426874 0.3694934356317915 5
0.1346170196815636 0.7428524439967431 0.6976734830685954 0.6228597230670118 0.806899062458151 8
0.017862211212739232 0.44679321093770197 0.34422652214735894 0.8395871135963648 0.5690382127298036 2
0.1516065135900011 0.6566958372483583 0.05691502951969041 0.029717550156828088 0.397062882118671 2
0.11305342427828524 0.32556300928563175 0.5998391590019498 0.13664854733560794 0.10895080420371861 5
0.21057550228531263 0.4647125375292105 0.296893635236699 0.6865540094410435 0.8039199653429384 4
0.7095461691443241 0.718100968423381 0.7083302723908389 0.735891594880644 0.9739196646753912 6
0.33846389067779226 0.8338833194437674 0.16550048809558238 0.9135543322218592 0.16583233852393187 1
0.8559769253212299 0.8500442528079504 0.27800140966282105 0.9303416398443601 0.8188580266471366 4
0.11305342427828524 0.32556300928563175 0.5998391590019498 0.13664854733560794 0.10895080420371861 5
0.11305342427828524 0.32556300928563175 0.5998391590019498 0.13664854733560794 0.10895080420371861 5
0.6610241814199826 0.6875314544215779 0.052014776090213766 0.6677094883701219 0.51292315460665 1
0.8937468749783842 0.10332927250253432 0.2227789507657162 0.47372990627615486 0.9348977524190109 4
0.8119596450391862 0.04920389420791371 0.8866560103811708 0.0205130303202401 0.9950126240414461 3
0.1346170196815636 0.7428524439967431 0.6976734830685954 0.6228597230670118 0.806899062458151 8
0.8977781551193681 0.14804956514540368 0.2430850849662365 0.9493855560168857 0.20979471123277948 6
0.8119596450391862 0.04920389420791371 0.8866560103811708 0.0205130303202401 0.9950126240414461 3
0.8200218949742496 0.3602355983576967 0.7996464637873603 0.5884410026426874 0.3694934356317915 5
0.1346170196815636 0.7428524439967431 0.6976734830685954 0.6228597230670118 0.806899062458151 8
0.017862211212739232 0.44679321093770197 0.34422652214735894 0.8395871135963648 0.5690382127298036 2
0.9386646911409311 0.5709879616232509 0.9542051462423348 0.44276695353862605 0.04452515152667613 1
0.420267432757908 0.09355820597996944 0.4402509414269691 0.5427188487988216 0.8302340743478493 4
0.06419672614293526 0.12820853406424182 0.5420767310789335 0.6963486733051348 0.7003516283408406 1
0.2049422634714435 0.9742887823940063 0.20504866883711848 0.5615598798657737 0.8644986922231198 7
0.41031966169490974 0.016332644622371606 0.6631843616600525 0.29587552802583106 0.9023455886600499 4
0.8716794461827563 0.3911538901774635 0.40026550707071673 0.5806853499036992 0.7893295619223519 1
0.41031966169490974 0.016332644622371606 0.6631843616600525 0.29587552802583106 0.9023455886600499 4
0.11305342427828524 0.32556300928563175 0.5998391590019498 0.13664854733560794 0.10895080420371861 5
0.8716794461827563 0.3911538901774635 0.40026550707071673 0.5806853499036992 0.7893295619223519 1
0.860735803077165 0.9796701837912458 0.22620268011562772 0.4717243417376237 0.16237134047544077 6
0.6610241814199826 0.6875314544215779 0.052014776090213766 0.6677094883701219 0.51292315460665 1
0.8937468749783842 0.10332927250253432 0.2227789507657162 0.47372990627615486 0.9348977524190109 4
0.8119596450391862 0.04920389420791371 0.8866560103811708 0.0205130303202401 0.9950126240414461 3
0.8200218949742496 0.3602355983576967 0.7996464637873603 0.5884410026426874 0.3694934356317915 5
0.8977781551193681 0.14804956514540368 0.2430850849662365 0.9493855560168857 0.20979471123277948 6
0.017862211212739232 0.44679321093770197 0.34422652214735894 0.8395871135963648 0.5690382127298036 2
0.1516065135900011 0.6566958372483583 0.05691502951969041 0.029717550156828088 0.397062882118671 2
0.11305342427828524 0.32556300928563175 0.5998391590019498 0.13664854733560794 0.10895080420371861 5
0.21057550228531263 0.4647125375292105 0.296893635236699 0.6865540094410435 0.8039199653429384 4
0.7232829401415672 0.4057298108321672 0.4226182533330678 0.2931128971684601 0.8088577333285446 4
0.41031966169490974 0.016332644622371606 0.6631843616600525 0.29587552802583106 0.9023455886600499 4
0.8716794461827563 0.3911538901774635 0.40026550707071673 0.5806853499036992 0.7893295619223519 1
0.6610241814199826 0.6875314544215779 0.052014776090213766 0.6677094883701219 0.51292315460665 1
0.11305342427828524 0.32556300928563175 0.5998391590019498 0.13664854733560794 0.10895080420371861 5
0.6610241814199826 0.6875314544215779 0.052014776090213766 0.6677094883701219 0.51292315460665 1
0.860735803077165 0.9796701837912458 0.22620268011562772 0.4717243417376237 0.16237134047544077 6
0.6610241814199826 0.6875314544215779 0.052014776090213766 0.6677094883701219 0.51292315460665 1
0.8937468749783842 0.10332927250253432 0.2227789507657162 0.47372990627615486 0.9348977524190109 4
0.8119596450391862 0.04920389420791371 0.8866560103811708 0.0205130303202401 0.9950126240414461 3
0.8200218949742496 0.3602355983576967 0.7996464637873603 0.5884410026426874 0.3694934356317915 5
0.1346170196815636 0.7428524439967431 0.6976734830685954 0.6228597230670118 0.806899062458151 8
0.017862211212739232 0.44679321093770197 0.34422652214735894 0.8395871135963648 0.5690382127298036 2
0.1516065135900011 0.6566958372483583 0.05691502951969041 0.029717550156828088 0.397062882118671 2
0.11305342427828524 0.32556300928563175 0.5998391590019498 0.13664854733560794 0.10895080420371861 5
0.21057550228531263 0.4647125375292105 0.296893635236699 0.6865540094410435 0.8039199653429384 4
0.7232829401415672 0.4057298108321672 0.4226182533330678 0.2931128971684601 0.8088577333285446 4
0.6730932012008972 0.8678840530912332 0.2754214037334425 0.36922032558766105 0.815133395859142 3
0.41031966169490974 0.016332644622371606 0.6631843616600525 0.29587552802583106 0.9023455886600499 4
0.8716794461827563 0.3911538901774635 0.40026550707071673 0.5806853499036992 0.7893295619223519 1
0.6610241814199826 0.6875314544215779 0.052014776090213766 0.6677094883701219 0.51292315460665 1
0.41031966169490974 0.016332644622371606 0.6631843616600525 0.29587552802583106 0.9023455886600499 4
0.8937468749783842 0.10332927250253432 0.2227789507657162 0.47372990627615486 0.9348977524190109 4
0.8119596450391862 0.04920389420791371 0.8866560103811708 0.0205130303202401 0.9950126240414461 3
0.8200218949742496 0.3602355983576967 0.7996464637873603 0.5884410026426874 0.3694934356317915 5
0.1346170196815636 0.7428524439967431 0.6976734830685954 0.6228597230670118 0.806899062458151 8
0.8977781551193681 0.14804956514540368 0.2430850849662365 0.9493855560168857 0.20979471123277948 6
0.8559769253212299 0.8500442528079504 0.27800140966282105 0.9303416398443601 0.8188580266471366 4
0.017862211212739232 0.44679321093770197 0.34422652214735894 0.8395871135963648 0.5690382127298036 2
0.1516065135900011 0.6566958372483583 0.05691502951969041 0.029717550156828088 0.397062882118671 2
0.11305342427828524 0.32556300928563175 0.5998391590019498 0.13664854733560794 0.10895080420371861 5
0.0796181647246691 0.9742298215593974 0.7806936277982803 0.5025783229060319 0.49059614088187786 1
0.7232829401415672 0.4057298108321672 0.4226182533330678 0.2931128971684601 0.8088577333285446 4
0.21135769197043963 0.5983989013464327 0.11239355186953826 0.9245574537708972 0.35630840996994617 3
0.41031966169490974 0.016332644622371606 0.6631843616600525 0.29587552802583106 0.9023455886600499 4
0.8716794461827563 0.3911538901774635 0.40026550707071673 0.5806853499036992 0.7893295619223519 1
0.6610241814199826 0.6875314544215779 0.052014776090213766 0.6677094883701219 0.51292315460665 1
0.11305342427828524 0.32556300928563175 0.5998391590019498 0.13664854733560794 0.10895080420371861 5
0.6610241814199826 0.6875314544215779 0.052014776090213766 0.6677094883701219 0.51292315460665 1
0.860735803077165 0.9796701837912458 0.22620268011562772 0.4717243417376237 0.16237134047544077 6
0.6610241814199826 0.6875314544215779 0.052014776090213766 0.6677094883701219 0.51292315460665 1
0.8937468749783842 0.10332927250253432 0.2227789507657162 0.47372990627615486 0.9348977524190109 4
0.8119596450391862 0.04920389420791371 0.8866560103811708 0.0205130303202401 0.9950126240414461 3
0.8200218949742496 0.3602355983576967 0.7996464637873603 0.5884410026426874 0.3694934356317915 5
0.8977781551193681 0.14804956514540368 0.2430850849662365 0.9493855560168857 0.20979471123277948 6
0.017862211212739232 0.44679321093770197 0.34422652214735894 0.8395871135963648 0.5690382127298036 2
0.1516065135900011 0.6566958372483583 0.05691502951969041 0.029717550156828088 0.397062882118671 2
0.11305342427828524 0.32556300928563175 0.5998391590019498 0.13664854733560794 0.10895080420371861 5
0.21057550228531263 0.4647125375292105 0.296893635236699 0.6865540094410435 0.8039199653429384 4
0.7232829401415672 0.4057298108321672 0.4226182533330678 0.2931128971684601 0.8088577333285446 4
0.41031966169490974 0.016332644622371606 0.6631843616600525 0.29587552802583106 0.9023455886600499 4
0.8716794461827563 0.3911538901774635 0.40026550707071673 0.5806853499036992 0.7893295619223519 1
0.6610241814199826 0.6875314544215779 0.052014776090213766 0.6677094883701219 0.51292315460665 1
0.11305342427828524 0.32556300928563175 0.5998391590019498 0.13664854733560794 0.10895080420371861 5
0.6610241814199826 0.6875314544215779 0.052014776090213766 0.6677094883701219 0.51292315460665 1
0.4850426071561854 0.38185719772997595 0.49109490374666087 0.805161552921321 0.24657168883925262 4
0.4692536507466102 0.5949069434297999 0.790933518431506 0.6259928553911783 0.09673146090250306 3
0.8937468749783842 0.10332927250253432 0.2227789507657162 0.47372990627615486 0.9348977524190109 4
0.8119596450391862 0.04920389420791371 0.8866560103811708 0.0205130303202401 0.9950126240414461 3
0.8200218949742496 0.3602355983576967 0.7996464637873603 0.5884410026426874 0.3694934356317915 5
0.1346170196815636 0.7428524439967431 0.6976734830685954 0.6228597230670118 0.806899062458151 8
0.1516065135900011 0.6566958372483583 0.05691502951969041 0.029717550156828088 0.397062882118671 2
0.1516065135900011 0.6566958372483583 0.05691502951969041 0.029717550156828088 0.397062882118671 2
0.11305342427828524 0.32556300928563175 0.5998391590019498 0.13664854733560794 0.10895080420371861 5
0.21057550228531263 0.4647125375292105 0.296893635236699 0.6865540094410435 0.8039199653429384 4
0.7232829401415672 0.4057298108321672 0.4226182533330678 0.2931128971684601 0.8088577333285446 4
0.6730932012008972 0.8678840530912332 0.2754214037334425 0.36922032558766105 0.815133395859142 3
0.41031966169490974 0.016332644622371606 0.6631843616600525 0.29587552802583106 0.9023455886600499 4
0.8716794461827563 0.3911538901774635 0.40026550707071673 0.5806853499036992 0.7893295619223519 1
0.6610241814199826 0.6875314544215779 0.052014776090213766 0.6677094883701219 0.51292315460665 1
0.41031966169490974 0.016332644622371606 0.6631843616600525 0.29587552802583106 0.9023455886600499 4
0.8937468749783842 0.10332927250253432 0.2227789507657162 0.47372990627615486 0.9348977524190109 4
0.8119596450391862 0.04920389420791371 0.8866560103811708 0.0205130303202401 0.9950126240414461 3
0.8200218949742496 0.3602355983576967 0.7996464637873603 0.5884410026426874 0.3694934356317915 5
0.1346170196815636 0.7428524439967431 0.6976734830685954 0.6228597230670118 0.806899062458151 8
0.8977781551193681 0.14804956514540368 0.2430850849662365 0.9493855560168857 0.20979471123277948 6
0.8559769253212299 0.8500442528079504 0.27800140966282105 0.9303416398443601 0.8188580266471366 4
0.017862211212739232 0.44679321093770197 0.34422652214735894 0.8395871135963648 0.5690382127298036 2
0.1516065135900011 0.6566958372483583 0.05691502951969041 0.029717550156828088 0.397062882118671 2
0.11305342427828524 0.32556300928563175 0.5998391590019498 0.13664854733560794 0.10895080420371861 5
0.0796181647246691 0.9742298215593974 0.7806936277982803 0.5025783229060319 0.49059614088187786 1
0.7232829401415672 0.4057298108321672 0.4226182533330678 0.2931128971684601 0.8088577333285446 4
0.21135769197043963 0.5983989013464327 0.11239355186953826 0.9245574537708972 0.35630840996994617 3
0.41031966169490974 0.016332644622371606 0.6631843616600525 0.29587552802583106 0.9023455886600499 4
0.8716794461827563 0.3911538901774635 0.40026550707071673 0.5806853499036992 0.7893295619223519 1
0.41031966169490974 0.016332644622371606 0.6631843616600525 0.29587552802583106 0.9023455886600499 4
0.11305342427828524 0.32556300928563175 0.5998391590019498 0.13664854733560794 0.10895080420371861 5
0.6610241814199826 0.6875314544215779 0.052014776090213766 0.6677094883701219 0.51292315460665 1
0.860735803077165 0.9796701837912458 0.22620268011562772 0.4717243417376237 0.16237134047544077 6
0.8119596450391862 0.04920389420791371 0.8866560103811708 0.0205130303202401 0.9950126240414461 3
0.8937468749783842 0.10332927250253432 0.2227789507657162 0.47372990627615486 0.9348977524190109 4
0.8119596450391862 0.04920389420791371 0.8866560103811708 0.0205130303202401 0.9950126240414461 3
0.8200218949742496 0.3602355983576967 0.7996464637873603 0.5884410026426874 0.3694934356317915 5
0.8977781551193681 0.14804956514540368 0.2430850849662365 0.9493855560168857 0.20979471123277948 6
0.017862211212739232 0.44679321093770197 0.34422652214735894 0.8395871135963648 0.5690382127298036 2
0.9386646911409311 0.5709879616232509 0.9542051462423348 0.44276695353862605 0.04452515152667613 1
0.11305342427828524 0.32556300928563175 0.5998391590019498 0.13664854733560794 0.10895080420371861 5
0.21057550228531263 0.4647125375292105 0.296893635236699 0.6865540094410435 0.8039199653429384 4
0.7232829401415672 0.4057298108321672 0.4226182533330678 0.2931128971684601 0.8088577333285446 4
0.41031966169490974 0.016332644622371606 0.6631843616600525 0.29587552802583106 0.9023455886600499 4
0.2049422634714435 0.9742887823940063 0.20504866883711848 0.5615598798657737 0.8644986922231198 7
0.41031966169490974 0.016332644622371606 0.6631843616600525 0.29587552802583106 0.9023455886600499 4
0.8716794461827563 0.3911538901774635 0.40026550707071673 0.5806853499036992 0.7893295619223519 1
0.6610241814199826 0.6875314544215779 0.052014776090213766 0.6677094883701219 0.51292315460665 1
0.7068582731095768 0.24992210269828496 0.36109854730313606 0.9839297244693156 0.3169298030148925 1
0.8937468749783842 0.10332927250253432 0.2227789507657162 0.47372990627615486 0.9348977524190109 4
0.8937468749783842 0.10332927250253432 0.2227789507657162 0.47372990627615486 0.9348977524190109 4
0.8119596450391862 0.04920389420791371 0.8866560103811708 0.0205130303202401 0.9950126240414461 3
0.8200218949742496 0.3602355983576967 0.7996464637873603 0.5884410026426874 0.3694934356317915 5
0.8977781551193681 0.14804956514540368 0.2430850849662365 0.9493855560168857 0.20979471123277948 6
0.1516065135900011 0.6566958372483583 0.05691502951969041 0.029717550156828088 0.397062882118671 2
0.8662998293044125 0.41828669509574645 0.7014124640359841 0.7459419920282101 0.16854460994559273 2
0.8614901388653795 0.95104546168558 0.6161522684044529 0.6098537530703029 0.1822576352142954 1
0.420267432757908 0.09355820597996944 0.4402509414269691 0.5427188487988216 0.8302340743478493 4
0.11305342427828524 0.32556300928563175 0.5998391590019498 0.13664854733560794 0.10895080420371861 5
0.41031966169490974 0.016332644622371606 0.6631843616600525 0.29587552802583106 0.9023455886600499 4
0.8716794461827563 0.3911538901774635 0.40026550707071673 0.5806853499036992 0.7893295619223519 1
0.6610241814199826 0.6875314544215779 0.052014776090213766 0.6677094883701219 0.51292315460665 1
0.11305342427828524 0.32556300928563175 0.5998391590019498 0.13664854733560794 0.10895080420371861 5
0.8716794461827563 0.3911538901774635 0.40026550707071673 0.5806853499036992 0.7893295619223519 1
0.860735803077165 0.9796701837912458 0.22620268011562772 0.4717243417376237 0.16237134047544077 6
0.8119596450391862 0.04920389420791371 0.8866560103811708 0.0205130303202401 0.9950126240414461 3
0.8937468749783842 0.10332927250253432 0.2227789507657162 0.47372990627615486 0.9348977524190109 4
0.8119596450391862 0.04920389420791371 0.8866560103811708 0.0205130303202401 0.9950126240414461 3
0.8200218949742496 0.3602355983576967 0.7996464637873603 0.5884410026426874 0.3694934356317915 5
0.1346170196815636 0.7428524439967431 0.6976734830685954 0.6228597230670118 0.806899062458151 8
0.017862211212739232 0.44679321093770197 0.34422652214735894 0.8395871135963648 0.5690382127298036 2
0.1516065135900011 0.6566958372483583 0.05691502951969041 0.029717550156828088 0.397062882118671 2
0.21057550228531263 0.4647125375292105 0.296893635236699 0.6865540094410435 0.8039199653429384 4
0.7232829401415672 0.4057298108321672 0.4226182533330678 0.2931128971684601 0.8088577333285446 4
0.49681608801292554 0.7339394034998373 0.8533193406408849 0.6268582680167527 0.13923668408245127 6
0.41031966169490974 0.016332644622371606 0.6631843616600525 0.29587552802583106 0.9023455886600499 4
0.8716794461827563 0.3911538901774635 0.40026550707071673 0.5806853499036992 0.7893295619223519 1
0.6610241814199826 0.6875314544215779 0.052014776090213766 0.6677094883701219 0.51292315460665 1
0.11305342427828524 0.32556300928563175 0.5998391590019498 0.13664854733560794 0.10895080420371861 5
0.6610241814199826 0.6875314544215779 0.052014776090213766 0.6677094883701219 0.51292315460665 1
0.860735803077165 0.9796701837912458 0.22620268011562772 0.4717243417376237 0.16237134047544077 6
0.6610241814199826 0.6875314544215779 0.052014776090213766 0.6677094883701219 0.51292315460665 1
0.8937468749783842 0.10332927250253432 0.2227789507657162 0.47372990627615486 0.9348977524190109 4
0.8119596450391862 0.04920389420791371 0.8866560103811708 0.0205130303202401 0.9950126240414461 3
0.8200218949742496 0.3602355983576967 0.7996464637873603 0.5884410026426874 0.3694934356317915 5
0.1346170196815636 0.7428524439967431 0.6976734830685954 0.6228597230670118 0.806899062458151 8
0.017862211212739232 0.44679321093770197 0.34422652214735894 0.8395871135963648 0.5690382127298036 2
0.1516065135900011 0.6566958372483583 0.05691502951969041 0.029717550156828088 0.397062882118671 2
0.11305342427828524 0.32556300928563175 0.5998391590019498 0.13664854733560794 0.10895080420371861 5
0.21057550228531263 0.4647125375292105 0.296893635236699 0.6865540094410435 0.8039199653429384 4
0.7232829401415672 0.4057298108321672 0.4226182533330678 0.2931128971684601 0.8088577333285446 4
0.41031966169490974 0.016332644622371606 0.6631843616600525 0.29587552802583106 0.9023455886600499 4
0.8716794461827563 0.3911538901774635 0.40026550707071673 0.5806853499036992 0.7893295619223519 1
0.6610241814199826 0.6875314544215779 0.052014776090213766 0.6677094883701219 0.51292315460665 1
0.11305342427828524 0.32556300928563175 0.5998391590019498 0.13664854733560794 0.10895080420371861 5
0.6610241814199826 0.6875314544215779 0.052014776090213766 0.6677094883701219 0.51292315460665 1
0.860735803077165 0.9796701837912458 0.22620268011562772 0.4717243417376237 0.16237134047544077 6
0.6610241814199826 0.6875314544215779 0.052014776090213766 0.6677094883701219 0.51292315460665 1
0.8937468749783842 0.10332927250253432 0.2227789507657162 0.47372990627615486 0.9348977524190109 4
0.8119596450391862 0.04920389420791371 0.8866560103811708 0.0205130303202401 0.9950126240414461 3
0.8200218949742496 0.3602355983576967 0.7996464637873603 0.5884410026426874 0.3694934356317915 5
0.1346170196815636 0.7428524439967431 0.6976734830685954 0.6228597230670118 0.806899062458151 8
0.8977781551193681 0.14804956514540368 0.2430850849662365 0.9493855560168857 0.20979471123277948 6
0.1516065135900011 0.6566958372483583 0.05691502951969041 0.029717550156828088 0.397062882118671 2
0.11305342427828524 0.32556300928563175 0.5998391590019498 0.13664854733560794 0.10895080420371861 5
0.8662998293044125 0.41828669509574645 0.7014124640359841 0.7459419920282101 0.16854460994559273 2
0.7232829401415672 0.4057298108321672 0.4226182533330678 0.2931128971684601 0.8088577333285446 4
0.6730932012008972 0.8678840530912332 0.2754214037334425 0.36922032558766105 0.815133395859142 3
0.41031966169490974 0.016332644622371606 0.6631843616600525 0.29587552802583106 0.9023455886600499 4
0.8716794461827563 0.3911538901774635 0.40026550707071673 0.5806853499036992 0.7893295619223519 1
0.6610241814199826 0.6875314544215779 0.052014776090213766 0.6677094883701219 0.51292315460665 1
0.6610241814199826 0.6875314544215779 0.052014776090213766 0.6677094883701219 0.51292315460665 1
0.4850426071561854 0.38185719772997595 0.49109490374666087 0.805161552921321 0.24657168883925262 4
0.4692536507466102 0.5949069434297999 0.790933518431506 0.6259928553911783 0.09673146090250306 3
0.8200218949742496 0.3602355983576967 0.7996464637873603 0.5884410026426874 0.3694934356317915 5
0.1346170196815636 0.7428524439967431 0.6976734830685954 0.6228597230670118 0.806899062458151 8
0.8977781551193681 0.14804956514540368 0.2430850849662365 0.9493855560168857 0.20979471123277948 6
0.8559769253212299 0.8500442528079504 0.27800140966282105 0.9303416398443601 0.8188580266471366 4
0.017862211212739232 0.44679321093770197 0.34422652214735894 0.8395871135963648 0.5690382127298036 2
0.1516065135900011 0.6566958372483583 0.05691502951969041 0.029717550156828088 0.397062882118671 2
0.11305342427828524 0.32556300928563175 0.5998391590019498 0.13664854733560794 0.10895080420371861 5
0.0796181647246691 0.9742298215593974 0.7806936277982803 0.5025783229060319 0.49059614088187786 1
0.7232829401415672 0.4057298108321672 0.4226182533330678 0.2931128971684601 0.8088577333285446 4
0.21135769197043963 0.5983989013464327 0.11239355186953826 0.9245574537708972 0.35630840996994617 3
0.41031966169490974 0.016332644622371606 0.6631843616600525 0.29587552802583106 0.9023455886600499 4
0.8716794461827563 0.3911538901774635 0.40026550707071673 0.5806853499036992 0.7893295619223519 1
0.6610241814199826 0.6875314544215779 0.052014776090213766 0.6677094883701219 0.51292315460665 1
0.41031966169490974 0.016332644622371606 0.6631843616600525 0.29587552802583106 0.9023455886600499 4
0.6610241814199826 0.6875314544215779 0.052014776090213766 0.6677094883701219 0.51292315460665 1
0.4850426071561854 0.38185719772997595 0.49109490374666087 0.805161552921321 0.24657168883925262 4
0.8119596450391862 0.04920389420791371 0.8866560103811708 0.0205130303202401 0.9950126240414461 3
0.8937468749783842 0.10332927250253432 0.2227789507657162 0.47372990627615486 0.9348977524190109 4
0.8119596450391862 0.04920389420791371 0.8866560103811708 0.0205130303202401 0.9950126240414461 3
0.8200218949742496 0.3602355983576967 0.7996464637873603 0.5884410026426874 0.3694934356317915 5
0.1346170196815636 0.7428524439967431 0.6976734830685954 0.6228597230670118 0.806899062458151 8
0.8977781551193681 0.14804956514540368 0.2430850849662365 0.9493855560168857 0.20979471123277948 6
0.1516065135900011 0.6566958372483583 0.05691502951969041 0.029717550156828088 0.397062882118671 2
0.11305342427828524 0.32556300928563175 0.5998391590019498 0.13664854733560794 0.10895080420371861 5
0.21057550228531263 0.4647125375292105 0.296893635236699 0.6865540094410435 0.8039199653429384 4
0.7232829401415672 0.4057298108321672 0.4226182533330678 0.2931128971684601 0.8088577333285446 4
0.6730932012008972 0.8678840530912332 0.2754214037334425 0.36922032558766105 0.815133395859142 3
0.41031966169490974 0.016332644622371606 0.6631843616600525 0.29587552802583106 0.9023455886600499 4
0.8716794461827563 0.3911538901774635 0.40026550707071673 0.5806853499036992 0.7893295619223519 1
0.6610241814199826 0.6875314544215779 0.052014776090213766 0.6677094883701219 0.51292315460665 1
0.41031966169490974 0.016332644622371606 0.6631843616600525 0.29587552802583106 0.9023455886600499 4
0.6610241814199826 0.6875314544215779 0.052014776090213766 0.6677094883701219 0.51292315460665 1
0.4850426071561854 0.38185719772997595 0.49109490374666087 0.805161552921321 0.24657168883925262 4
0.4692536507466102 0.5949069434297999 0.790933518431506 0.6259928553911783 0.09673146090250306 3
0.8937468749783842 0.10332927250253432 0.2227789507657162 0.47372990627615486 0.9348977524190109 4
0.8119596450391862 0.04920389420791371 0.8866560103811708 0.0205130303202401 0.9950126240414461 3
0.8200218949742496 0.3602355983576967 0.7996464637873603 0.5884410026426874 0.3694934356317915 5
0.1346170196815636 0.7428524439967431 0.6976734830685954 0.6228597230670118 0.806899062458151 8
0.1516065135900011 0.6566958372483583 0.05691502951969041 0.029717550156828088 0.397062882118671 2
0.1516065135900011 0.6566958372483583 0.05691502951969041 0.029717550156828088 0.397062882118671 2
0.11305342427828524 0.32556300928563175 0.5998391590019498 0.13664854733560794 0.10895080420371861 5
0.0796181647246691 0.9742298215593974 0.7806936277982803 0.5025783229060319 0.49059614088187786 1
0.7232829401415672 0.4057298108321672 0.4226182533330678 0.2931128971684601 0.8088577333285446 4
0.41031966169490974 0.016332644622371606 0.6631843616600525 0.29587552802583106 0.9023455886600499 4
0.8716794461827563 0.3911538901774635 0.40026550707071673 0.5806853499036992 0.7893295619223519 1
0.6610241814199826 0.6875314544215779 0.052014776090213766 0.6677094883701219 0.51292315460665 1
0.11305342427828524 0.32556300928563175 0.5998391590019498 0.13664854733560794 0.10895080420371861 5
0.6610241814199826 0.6875314544215779 0.052014776090213766 0.6677094883701219 0.51292315460665 1
0.860735803077165 0.9796701837912458 0.22620268011562772 0.4717243417376237 0.16237134047544077 6
0.6610241814199826 0.6875314544215779 0.052014776090213766 0.6677094883701219 0.51292315460665 1
0.8119596450391862 0.04920389420791371 0.8866560103811708 0.0205130303202401 0.9950126240414461 3
0.8200218949742496 0.3602355983576967 0.7996464637873603 0.5884410026426874 0.3694934356317915 5
0.1346170196815636 0.7428524439967431 0.6976734830685954 0.6228597230670118 0.806899062458151 8
0.017862211212739232 0.44679321093770197 0.34422652214735894 0.8395871135963648 0.5690382127298036 2
0.1516065135900011 0.6566958372483583 0.05691502951969041 0.029717550156828088 0.397062882118671 2
0.11305342427828524 0.32556300928563175 0.5998391590019498 0.13664854733560794 0.10895080420371861 5
0.21057550228531263 0.4647125375292105 0.296893635236699 0.6865540094410435 0.8039199653429384 4
0.7232829401415672 0.4057298108321672 0.4226182533330678 0.2931128971684601 0.8088577333285446 4
0.9730702386251948 0.06447219974115503 0.12942965958659525 0.867004306042652 0.6889902844056437 8
0.8559769253212299 0.8500442528079504 0.27800140966282105 0.9303416398443601 0.8188580266471366 4
0.2049422634714435 0.9742887823940063 0.20504866883711848 0.5615598798657737 0.8644986922231198 7
0.8716794461827563 0.3911538901774635 0.40026550707071673 0.5806853499036992 0.7893295619223519 1
0.8716794461827563 0.3911538901774635 0.40026550707071673 0.5806853499036992 0.7893295619223519 1
0.6610241814199826 0.6875314544215779 0.052014776090213766 0.6677094883701219 0.51292315460665 1
0.7068582731095768 0.24992210269828496 0.36109854730313606 0.9839297244693156 0.3169298030148925 1
0.8937468749783842 0.10332927250253432 0.2227789507657162 0.47372990627615486 0.9348977524190109 4
0.8937468749783842 0.10332927250253432 0.2227789507657162 0.47372990627615486 0.9348977524190109 4
0.8119596450391862 0.04920389420791371 0.8866560103811708 0.0205130303202401 0.9950126240414461 3
0.8200218949742496 0.3602355983576967 0.7996464637873603 0.5884410026426874 0.3694934356317915 5
0.8559769253212299 0.8500442528079504 0.27800140966282105 0.9303416398443601 0.8188580266471366 4
0.1516065135900011 0.6566958372483583 0.05691502951969041 0.029717550156828088 0.397062882118671 2
0.8662998293044125 0.41828669509574645 0.7014124640359841 0.7459419920282101 0.16854460994559273 2
0.8614901388653795 0.95104546168558 0.6161522684044529 0.6098537530703029 0.1822576352142954 1
0.420267432757908 0.09355820597996944 0.4402509414269691 0.5427188487988216 0.8302340743478493 4
0.11305342427828524 0.32556300928563175 0.5998391590019498 0.13664854733560794 0.10895080420371861 5
0.41031966169490974 0.016332644622371606 0.6631843616600525 0.29587552802583106 0.9023455886600499 4
0.8716794461827563 0.3911538901774635 0.40026550707071673 0.5806853499036992 0.7893295619223519 1
0.41031966169490974 0.016332644622371606 0.6631843616600525 0.29587552802583106 0.9023455886600499 4
0.11305342427828524 0.32556300928563175 0.5998391590019498 0.13664854733560794 0.10895080420371861 5
0.6610241814199826 0.6875314544215779 0.052014776090213766 0.6677094883701219 0.51292315460665 1
0.860735803077165 0.9796701837912458 0.22620268011562772 0.4717243417376237 0.16237134047544077 6
0.8119596450391862 0.04920389420791371 0.8866560103811708 0.0205130303202401 0.9950126240414461 3
0.8937468749783842 0.10332927250253432 0.2227789507657162 0.47372990627615486 0.9348977524190109 4
0.8119596450391862 0.04920389420791371 0.8866560103811708 0.0205130303202401 0.9950126240414461 3
0.8200218949742496 0.3602355983576967 0.7996464637873603 0.5884410026426874 0.3694934356317915 5
0.8977781551193681 0.14804956514540368 0.2430850849662365 0.9493855560168857 0.20979471123277948 6
0.017862211212739232 0.44679321093770197 0.34422652214735894 0.8395871135963648 0.5690382127298036 2
0.8662998293044125 0.41828669509574645 0.7014124640359841 0.7459419920282101 0.16854460994559273 2
0.11305342427828524 0.32556300928563175 0.5998391590019498 0.13664854733560794 0.10895080420371861 5
0.21057550228531263 0.4647125375292105 0.296893635236699 0.6865540094410435 0.8039199653429384 4
0.7232829401415672 0.4057298108321672 0.4226182533330678 0.2931128971684601 0.8088577333285446 4
0.41031966169490974 0.016332644622371606 0.6631843616600525 0.29587552802583106 0.9023455886600499 4
0.8716794461827563 0.3911538901774635 0.40026550707071673 0.5806853499036992 0.7893295619223519 1
0.6610241814199826 0.6875314544215779 0.052014776090213766 0.6677094883701219 0.51292315460665 1
0.11305342427828524 0.32556300928563175 0.5998391590019498 0.13664854733560794 0.10895080420371861 5
0.6610241814199826 0.6875314544215779 0.052014776090213766 0.6677094883701219 0.51292315460665 1
0.4850426071561854 0.38185719772997595 0.49109490374666087 0.805161552921321 0.24657168883925262 4
0.8119596450391862 0.04920389420791371 0.8866560103811708 0.0205130303202401 0.9950126240414461 3
0.8937468749783842 0.10332927250253432 0.2227789507657162 0.47372990627615486 0.9348977524190109 4
0.8119596450391862 0.04920389420791371 0.8866560103811708 0.0205130303202401 0.9950126240414461 3
0.8200218949742496 0.3602355983576967 0.7996464637873603 0.5884410026426874 0.3694934356317915 5
0.1346170196815636 0.7428524439967431 0.6976734830685954 0.6228597230670118 0.806899062458151 8
0.017862211212739232 0.44679321093770197 0.34422652214735894 0.8395871135963648 0.5690382127298036 2
0.1516065135900011 0.6566958372483583 0.05691502951969041 0.029717550156828088 0.397062882118671 2
0.11305342427828524 0.32556300928563175 0.5998391590019498 0.13664854733560794 0.10895080420371861 5
0.7232829401415672 0.4057298108321672 0.4226182533330678 0.2931128971684601 0.8088577333285446 4
0.41031966169490974 0.016332644622371606 0.6631843616600525 0.29587552802583106 0.9023455886600499 4
0.8716794461827563 0.3911538901774635 0.40026550707071673 0.5806853499036992 0.7893295619223519 1
0.6610241814199826 0.6875314544215779 0.052014776090213766 0.6677094883701219 0.51292315460665 1
0.11305342427828524 0.32556300928563175 0.5998391590019498 0.13664854733560794 0.10895080420371861 5
0.6610241814199826 0.6875314544215779 0.052014776090213766 0.6677094883701219 0.51292315460665 1
0.4850426071561854 0.38185719772997595 0.49109490374666087 0.805161552921321 0.24657168883925262 4
0.8119596450391862 0.04920389420791371 0.8866560103811708 0.0205130303202401 0.9950126240414461 3
0.8937468749783842 0.10332927250253432 0.2227789507657162 0.47372990627615486 0.9348977524190109 4
0.8119596450391862 0.04920389420791371 0.8866560103811708 0.0205130303202401 0.9950126240414461 3
0.1346170196815636 0.7428524439967431 0.6976734830685954 0.6228597230670118 0.806899062458151 8
0.1346170196815636 0.7428524439967431 0.6976734830685954 0.6228597230670118 0.806899062458151 8
0.8977781551193681 0.14804956514540368 0.2430850849662365 0.9493855560168857 0.20979471123277948 6
0.1516065135900011 0.6566958372483583 0.05691502951969041 0.029717550156828088 0.397062882118671 2
0.11305342427828524 0.32556300928563175 0.5998391590019498 0.13664854733560794 0.10895080420371861 5
0.21057550228531263 0.4647125375292105 0.296893635236699 0.6865540094410435 0.8039199653429384 4
0.7232829401415672 0.4057298108321672 0.4226182533330678 0.2931128971684601 0.8088577333285446 4
0.6730932012008972 0.8678840530912332 0.2754214037334425 0.36922032558766105 0.815133395859142 3
0.41031966169490974 0.016332644622371606 0.6631843616600525 0.29587552802583106 0.9023455886600499 4
0.8716794461827563 0.3911538901774635 0.40026550707071673 0.5806853499036992 0.7893295619223519 1
0.41031966169490974 0.016332644622371606 0.6631843616600525 0.29587552802583106 0.9023455886600499 4
0.11305342427828524 0.32556300928563175 0.5998391590019498 0.13664854733560794 0.10895080420371861 5
0.6610241814199826 0.6875314544215779 0.052014776090213766 0.6677094883701219 0.51292315460665 1
0.860735803077165 0.9796701837912458 0.22620268011562772 0.4717243417376237 0.16237134047544077 6
0.6610241814199826 0.6875314544215779 0.052014776090213766 0.6677094883701219 0.51292315460665 1
0.8119596450391862 0.04920389420791371 0.8866560103811708 0.0205130303202401 0.9950126240414461 3
0.8119596450391862 0.04920389420791371 0.8866560103811708 0.0205130303202401 0.9950126240414461 3
0.8200218949742496 0.3602355983576967 0.7996464637873603 0.5884410026426874 0.3694934356317915 5
0.8977781551193681 0.14804956514540368 0.2430850849662365 0.9493855560168857 0.20979471123277948 6
0.1516065135900011 0.6566958372483583 0.05691502951969041 0.029717550156828088 0.397062882118671 2
0.8662998293044125 0.41828669509574645 0.7014124640359841 0.7459419920282101 0.16854460994559273 2
0.11305342427828524 0.32556300928563175 0.5998391590019498 0.13664854733560794 0.10895080420371861 5
0.8662998293044125 0.41828669509574645 0.7014124640359841 0.7459419920282101 0.16854460994559273 2
0.9730702386251948 0.06447219974115503 0.12942965958659525 0.867004306042652 0.6889902844056437 8
0.41031966169490974 0.016332644622371606 0.6631843616600525 0.29587552802583106 0.9023455886600499 4
0.8716794461827563 0.3911538901774635 0.40026550707071673 0.5806853499036992 0.7893295619223519 1
0.6610241814199826 0.6875314544215779 0.052014776090213766 0.6677094883701219 0.51292315460665 1
0.11305342427828524 0.32556300928563175 0.5998391590019498 0.13664854733560794 0.10895080420371861 5
0.6610241814199826 0.6875314544215779 0.052014776090213766 0.6677094883701219 0.51292315460665 1
0.4850426071561854 0.38185719772997595 0.49109490374666087 0.805161552921321 0.24657168883925262 4
0.8119596450391862 0.04920389420791371 0.8866560103811708 0.0205130303202401 0.9950126240414461 3
0.8937468749783842 0.10332927250253432 0.2227789507657162 0.47372990627615486 0.9348977524190109 4
0.8119596450391862 0.04920389420791371 0.8866560103811708 0.0205130303202401 0.9950126240414461 3
0.8200218949742496 0.3602355983576967 0.7996464637873603 0.5884410026426874 0.3694934356317915 5
0.1346170196815636 0.7428524439967431 0.6976734830685954 0.6228597230670118 0.806899062458151 8
0.017862211212739232 0.44679321093770197 0.34422652214735894 0.8395871135963648 0.5690382127298036 2
0.1516065135900011 0.6566958372483583 0.05691502951969041 0.029717550156828088 0.397062882118671 2
0.11305342427828524 0.32556300928563175 0.5998391590019498 0.13664854733560794 0.10895080420371861 5
0.21057550228531263 0.4647125375292105 0.296893635236699 0.6865540094410435 0.8039199653429384 4
0.7232829401415672 0.4057298108321672 0.4226182533330678 0.2931128971684601 0.8088577333285446 4
0.6730932012008972 0.8678840530912332 0.2754214037334425 0.36922032558766105 0.815133395859142 3
0.41031966169490974 0.016332644622371606 0.6631843616600525 0.29587552802583106 0.9023455886600499 4
0.8716794461827563 0.3911538901774635 0.40026550707071673 0.5806853499036992 0.7893295619223519 1
0.6610241814199826 0.6875314544215779 0.052014776090213766 0.6677094883701219 0.51292315460665 1
0.11305342427828524 0.32556300928563175 0.5998391590019498 0.13664854733560794 0.10895080420371861 5
0.6610241814199826 0.6875314544215779 0.052014776090213766 0.6677094883701219 0.51292315460665 1
0.860735803077165 0.9796701837912458 0.22620268011562772 0.4717243417376237 0.16237134047544077 6
0.6610241814199826 0.6875314544215779 0.052014776090213766 0.6677094883701219 0.51292315460665 1
0.8937468749783842 0.10332927250253432 0.2227789507657162 0.47372990627615486 0.9348977524190109 4
0.8119596450391862 0.04920389420791371 0.8866560103811708 0.0205130303202401 0.9950126240414461 3
0.8200218949742496 0.3602355983576967 0.7996464637873603 0.5884410026426874 0.3694934356317915 5
0.1346170196815636 0.7428524439967431 0.6976734830685954 0.6228597230670118 0.806899062458151 8
0.8977781551193681 0.14804956514540368 0.2430850849662365 0.9493855560168857 0.20979471123277948 6
0.1516065135900011 0.6566958372483583 0.05691502951969041 0.029717550156828088 0.397062882118671 2
0.11305342427828524 0.32556300928563175 0.5998391590019498 0.13664854733560794 0.10895080420371861 5
0.8662998293044125 0.41828669509574645 0.7014124640359841 0.7459419920282101 0.16854460994559273 2
0.7232829401415672 0.4057298108321672 0.4226182533330678 0.2931128971684601 0.8088577333285446 4
0.6730932012008972 0.8678840530912332 0.2754214037334425 0.36922032558766105 0.815133395859142 3
0.41031966169490974 0.016332644622371606 0.6631843616600525 0.29587552802583106 0.9023455886600499 4
0.8716794461827563 0.3911538901774635 0.40026550707071673 0.5806853499036992 0.7893295619223519 1
0.6610241814199826 0.6875314544215779 0.052014776090213766 0.6677094883701219 0.51292315460665 1
0.6610241814199826 0.6875314544215779 0.052014776090213766 0.6677094883701219 0.51292315460665 1
0.7068582731095768 0.24992210269828496 0.36109854730313606 0.9839297244693156 0.3169298030148925 1
0.4692536507466102 0.5949069434297999 0.790933518431506 0.6259928553911783 0.09673146090250306 3
0.8200218949742496 0.3602355983576967 0.7996464637873603 0.5884410026426874 0.3694934356317915 5
0.1346170196815636 0.7428524439967431 0.6976734830685954 0.6228597230670118 0.806899062458151 8
0.8977781551193681 0.14804956514540368 0.2430850849662365 0.9493855560168857 0.20979471123277948 6
0.8559769253212299 0.8500442528079504 0.27800140966282105 0.9303416398443601 0.8188580266471366 4
0.1516065135900011 0.6566958372483583 0.05691502951969041 0.029717550156828088 0.397062882118671 2
0.1516065135900011 0.6566958372483583 0.05691502951969041 0.029717550156828088 0.397062882118671 2
0.11305342427828524 0.32556300928563175 0.5998391590019498 0.13664854733560794 0.10895080420371861 5
0.0796181647246691 0.9742298215593974 0.7806936277982803 0.5025783229060319 0.49059614088187786 1
0.7232829401415672 0.4057298108321672 0.4226182533330678 0.2931128971684601 0.8088577333285446 4
0.21135769197043963 0.5983989013464327 0.11239355186953826 0.9245574537708972 0.35630840996994617 3
0.6730932012008972 0.8678840530912332 0.2754214037334425 0.36922032558766105 0.815133395859142 3
0.41031966169490974 0.016332644622371606 0.6631843616600525 0.29587552802583106 0.9023455886600499 4
0.8716794461827563 0.3911538901774635 0.40026550707071673 0.5806853499036992 0.7893295619223519 1
0.6610241814199826 0.6875314544215779 0.052014776090213766 0.6677094883701219 0.51292315460665 1
0.11305342427828524 0.32556300928563175 0.5998391590019498 0.13664854733560794 0.10895080420371861 5
0.860735803077165 0.9796701837912458 0.22620268011562772 0.4717243417376237 0.16237134047544077 6
0.8937468749783842 0.10332927250253432 0.2227789507657162 0.47372990627615486 0.9348977524190109 4
0.8119596450391862 0.04920389420791371 0.8866560103811708 0.0205130303202401 0.9950126240414461 3
0.8200218949742496 0.3602355983576967 0.7996464637873603 0.5884410026426874 0.3694934356317915 5
0.1346170196815636 0.7428524439967431 0.6976734830685954 0.6228597230670118 0.806899062458151 8
0.017862211212739232 0.44679321093770197 0.34422652214735894 0.8395871135963648 0.5690382127298036 2
0.1516065135900011 0.6566958372483583 0.05691502951969041 0.029717550156828088 0.397062882118671 2
0.11305342427828524 0.32556300928563175 0.5998391590019498 0.13664854733560794 0.10895080420371861 5
0.21057550228531263 0.4647125375292105 0.296893635236699 0.6865540094410435 0.8039199653429384 4
0.7232829401415672 0.4057298108321672 0.4226182533330678 0.2931128971684601 0.8088577333285446 4
0.01920744357223292 0.8840642353165986 0.9192575516274166 0.7061346665424059 0.8864155499467297 7
0.41031966169490974 0.016332644622371606 0.6631843616600525 0.29587552802583106 0.9023455886600499 4
0.8716794461827563 0.3911538901774635 0.40026550707071673 0.5806853499036992 0.7893295619223519 1
0.6610241814199826 0.6875314544215779 0.052014776090213766 0.6677094883701219 0.51292315460665 1
0.11305342427828524 0.32556300928563175 0.5998391590019498 0.13664854733560794 0.10895080420371861 5
0.8716794461827563 0.3911538901774635 0.40026550707071673 0.5806853499036992 0.7893295619223519 1
0.860735803077165 0.9796701837912458 0.22620268011562772 0.4717243417376237 0.16237134047544077 6
0.8937468749783842 0.10332927250253432 0.2227789507657162 0.47372990627615486 0.9348977524190109 4
0.8937468749783842 0.10332927250253432 0.2227789507657162 0.47372990627615486 0.9348977524190109 4
0.8119596450391862 0.04920389420791371 0.8866560103811708 0.0205130303202401 0.9950126240414461 3
0.8200218949742496 0.3602355983576967 0.7996464637873603 0.5884410026426874 0.3694934356317915 5
0.1346170196815636 0.7428524439967431 0.6976734830685954 0.6228597230670118 0.806899062458151 8
0.017862211212739232 0.44679321093770197 0.34422652214735894 0.8395871135963648 0.5690382127298036 2
0.1516065135900011 0.6566958372483583 0.05691502951969041 0.029717550156828088 0.397062882118671 2
0.21057550228531263 0.4647125375292105 0.296893635236699 0.6865540094410435 0.8039199653429384 4
0.7232829401415672 0.4057298108321672 0.4226182533330678 0.2931128971684601 0.8088577333285446 4
0.49681608801292554 0.7339394034998373 0.8533193406408849 0.6268582680167527 0.13923668408245127 6
0.41031966169490974 0.016332644622371606 0.6631843616600525 0.29587552802583106 0.9023455886600499 4
0.8716794461827563 0.3911538901774635 0.40026550707071673 0.5806853499036992 0.7893295619223519 1
0.6610241814199826 0.6875314544215779 0.052014776090213766 0.6677094883701219 0.51292315460665 1
0.11305342427828524 0.32556300928563175 0.5998391590019498 0.13664854733560794 0.10895080420371861 5
0.6610241814199826 0.6875314544215779 0.052014776090213766 0.6677094883701219 0.51292315460665 1
0.860735803077165 0.9796701837912458 0.22620268011562772 0.4717243417376237 0.16237134047544077 6
0.6610241814199826 0.6875314544215779 0.052014776090213766 0.6677094883701219 0.51292315460665 1
0.8937468749783842 0.10332927250253432 0.2227789507657162 0.47372990627615486 0.9348977524190109 4
0.8119596450391862 0.04920389420791371 0.8866560103811708 0.0205130303202401 0.9950126240414461 3
0.8200218949742496 0.3602355983576967 0.7996464637873603 0.5884410026426874 0.3694934356317915 5
0.1346170196815636 0.7428524439967431 0.6976734830685954 0.6228597230670118 0.806899062458151 8
0.017862211212739232 0.44679321093770197 0.34422652214735894 0.8395871135963648 0.5690382127298036 2
0.1516065135900011 0.6566958372483583 0.05691502951969041 0.029717550156828088 0.397062882118671 2
0.11305342427828524 0.32556300928563175 0.5998391590019498 0.13664854733560794 0.10895080420371861 5
0.21057550228531263 0.4647125375292105 0.296893635236699 0.6865540094410435 0.8039199653429384 4
0.7232829401415672 0.4057298108321672 0.4226182533330678 0.2931128971684601 0.8088577333285446 4
0.6730932012008972 0.8678840530912332 0.2754214037334425 0.36922032558766105 0.815133395859142 3
0.41031966169490974 0.016332644622371606 0.6631843616600525 0.29587552802583106 0.9023455886600499 4
0.8716794461827563 0.3911538901774635 0.40026550707071673 0.5806853499036992 0.7893295619223519 1
0.6610241814199826 0.6875314544215779 0.052014776090213766 0.6677094883701219 0.51292315460665 1
0.41031966169490974 0.016332644622371606 0.6631843616600525 0.29587552802583106 0.9023455886600499 4
0.8937468749783842 0.10332927250253432 0.2227789507657162 0.47372990627615486 0.9348977524190109 4
0.8119596450391862 0.04920389420791371 0.8866560103811708 0.0205130303202401 0.9950126240414461 3
0.8200218949742496 0.3602355983576967 0.7996464637873603 0.5884410026426874 0.3694934356317915 5
0.1346170196815636 0.7428524439967431 0.6976734830685954 0.6228597230670118 0.806899062458151 8
0.8977781551193681 0.14804956514540368 0.2430850849662365 0.9493855560168857 0.20979471123277948 6
0.8559769253212299 0.8500442528079504 0.27800140966282105 0.9303416398443601 0.8188580266471366 4
0.017862211212739232 0.44679321093770197 0.34422652214735894 0.8395871135963648 0.5690382127298036 2
0.1516065135900011 0.6566958372483583 0.05691502951969041 0.029717550156828088 0.397062882118671 2
0.11305342427828524 0.32556300928563175 0.5998391590019498 0.13664854733560794 0.10895080420371861 5
0.0796181647246691 0.9742298215593974 0.7806936277982803 0.5025783229060319 0.49059614088187786 1
0.7232829401415672 0.4057298108321672 0.4226182533330678 0.2931128971684601 0.8088577333285446 4
0.21135769197043963 0.5983989013464327 0.11239355186953826 0.9245574537708972 0.35630840996994617 3
0.8559769253212299 0.8500442528079504 0.27800140966282105 0.9303416398443601 0.8188580266471366 4
0.2049422634714435 0.9742887823940063 0.20504866883711848 0.5615598798657737 0.8644986922231198 7
0.41031966169490974 0.016332644622371606 0.6631843616600525 0.29587552802583106 0.9023455886600499 4
0.11305342427828524 0.32556300928563175 0.5998391590019498 0.13664854733560794 0.10895080420371861 5
0.6610241814199826 0.6875314544215779 0.052014776090213766 0.6677094883701219 0.51292315460665 1
0.860735803077165 0.9796701837912458 0.22620268011562772 0.4717243417376237 0.16237134047544077 6
0.8119596450391862 0.04920389420791371 0.8866560103811708 0.0205130303202401 0.9950126240414461 3
0.8937468749783842 0.10332927250253432 0.2227789507657162 0.47372990627615486 0.9348977524190109 4
0.8119596450391862 0.04920389420791371 0.8866560103811708 0.0205130303202401 0.9950126240414461 3
0.8200218949742496 0.3602355983576967 0.7996464637873603 0.5884410026426874 0.3694934356317915 5
0.8977781551193681 0.14804956514540368 0.2430850849662365 0.9493855560168857 0.20979471123277948 6
0.1516065135900011 0.6566958372483583 0.05691502951969041 0.029717550156828088 0.397062882118671 2
0.8662998293044125 0.41828669509574645 0.7014124640359841 0.7459419920282101 0.16854460994559273 2
0.8614901388653795 0.95104546168558 0.6161522684044529 0.6098537530703029 0.1822576352142954 1
0.420267432757908 0.09355820597996944 0.4402509414269691 0.5427188487988216 0.8302340743478493 4
0.11305342427828524 0.32556300928563175 0.5998391590019498 0.13664854733560794 0.10895080420371861 5
0.41031966169490974 0.016332644622371606 0.6631843616600525 0.29587552802583106 0.9023455886600499 4
0.8716794461827563 0.3911538901774635 0.40026550707071673 0.5806853499036992 0.7893295619223519 1
0.6610241814199826 0.6875314544215779 0.052014776090213766 0.6677094883701219 0.51292315460665 1
0.11305342427828524 0.32556300928563175 0.5998391590019498 0.13664854733560794 0.10895080420371861 5
0.6610241814199826 0.6875314544215779 0.052014776090213766 0.6677094883701219 0.51292315460665 1
0.860735803077165 0.9796701837912458 0.22620268011562772 0.4717243417376237 0.16237134047544077 6
0.6610241814199826 0.6875314544215779 0.052014776090213766 0.6677094883701219 0.51292315460665 1
0.8119596450391862 0.04920389420791371 0.8866560103811708 0.0205130303202401 0.9950126240414461 3
0.8200218949742496 0.3602355983576967 0.7996464637873603 0.5884410026426874 0.3694934356317915 5
0.1346170196815636 0.7428524439967431 0.6976734830685954 0.6228597230670118 0.806899062458151 8
0.017862211212739232 0.44679321093770197 0.34422652214735894 0.8395871135963648 0.5690382127298036 2
0.1516065135900011 0.6566958372483583 0.05691502951969041 0.029717550156828088 0.397062882118671 2
0.11305342427828524 0.32556300928563175 0.5998391590019498 0.13664854733560794 0.10895080420371861 5
0.21057550228531263 0.4647125375292105 0.296893635236699 0.6865540094410435 0.8039199653429384 4
0.7232829401415672 0.4057298108321672 0.4226182533330678 0.2931128971684601 0.8088577333285446 4
0.9730702386251948 0.06447219974115503 0.12942965958659525 0.867004306042652 0.6889902844056437 8
0.6730932012008972 0.8678840530912332 0.2754214037334425 0.36922032558766105 0.815133395859142 3
0.41031966169490974 0.016332644622371606 0.6631843616600525 0.29587552802583106 0.9023455886600499 4
0.8716794461827563 0.3911538901774635 0.40026550707071673 0.5806853499036992 0.7893295619223519 1
0.6610241814199826 0.6875314544215779 0.052014776090213766 0.6677094883701219 0.51292315460665 1
0.41031966169490974 0.016332644622371606 0.6631843616600525 0.29587552802583106 0.9023455886600499 4
0.8937468749783842 0.10332927250253432 0.2227789507657162 0.47372990627615486 0.9348977524190109 4
0.8119596450391862 0.04920389420791371 0.8866560103811708 0.0205130303202401 0.9950126240414461 3
0.8200218949742496 0.3602355983576967 0.7996464637873603 0.5884410026426874 0.3694934356317915 5
0.1346170196815636 0.7428524439967431 0.6976734830685954 0.6228597230670118 0.806899062458151 8
0.8977781551193681 0.14804956514540368 0.2430850849662365 0.9493855560168857 0.20979471123277948 6
0.8559769253212299 0.8500442528079504 0.27800140966282105 0.9303416398443601 0.8188580266471366 4
0.017862211212739232 0.44679321093770197 0.34422652214735894 0.8395871135963648 0.5690382127298036 2
0.1516065135900011 0.6566958372483583 0.05691502951969041 0.029717550156828088 0.397062882118671 2
0.11305342427828524 0.32556300928563175 0.5998391590019498 0.13664854733560794 0.10895080420371861 5
0.0796181647246691 0.9742298215593974 0.7806936277982803 0.5025783229060319 0.49059614088187786 1
0.7232829401415672 0.4057298108321672 0.4226182533330678 0.2931128971684601 0.8088577333285446 4
0.21135769197043963 0.5983989013464327 0.11239355186953826 0.9245574537708972 0.35630840996994617 3
0.8559769253212299 0.8500442528079504 0.27800140966282105 0.9303416398443601 0.8188580266471366 4
0.2049422634714435 0.9742887823940063 0.20504866883711848 0.5615598798657737 0.8644986922231198 7
0.6610241814199826 0.6875314544215779 0.052014776090213766 0.6677094883701219 0.51292315460665 1
0.41031966169490974 0.016332644622371606 0.6631843616600525 0.29587552802583106 0.9023455886600499 4
0.6610241814199826 0.6875314544215779 0.052014776090213766 0.6677094883701219 0.51292315460665 1
0.8937468749783842 0.10332927250253432 0.2227789507657162 0.47372990627615486 0.9348977524190109 4
0.8119596450391862 0.04920389420791371 0.8866560103811708 0.0205130303202401 0.9950126240414461 3
0.8937468749783842 0.10332927250253432 0.2227789507657162 0.47372990627615486 0.9348977524190109 4
0.8119596450391862 0.04920389420791371 0.8866560103811708 0.0205130303202401 0.9950126240414461 3
0.8200218949742496 0.3602355983576967 0.7996464637873603 0.5884410026426874 0.3694934356317915 5
0.8559769253212299 0.8500442528079504 0.27800140966282105 0.9303416398443601 0.8188580266471366 4
0.1516065135900011 0.6566958372483583 0.05691502951969041 0.029717550156828088 0.397062882118671 2
0.8662998293044125 0.41828669509574645 0.7014124640359841 0.7459419920282101 0.16854460994559273 2
0.8614901388653795 0.95104546168558 0.6161522684044529 0.6098537530703029 0.1822576352142954 1
0.420267432757908 0.09355820597996944 0.4402509414269691 0.5427188487988216 0.8302340743478493 4
0.11305342427828524 0.32556300928563175 0.5998391590019498 0.13664854733560794 0.10895080420371861 5
0.41031966169490974 0.016332644622371606 0.6631843616600525 0.29587552802583106 0.9023455886600499 4
0.8716794461827563 0.3911538901774635 0.40026550707071673 0.5806853499036992 0.7893295619223519 1
0.41031966169490974 0.016332644622371606 0.6631843616600525 0.29587552802583106 0.9023455886600499 4
0.11305342427828524 0.32556300928563175 0.5998391590019498 0.13664854733560794 0.10895080420371861 5
0.6610241814199826 0.6875314544215779 0.052014776090213766 0.6677094883701219 0.51292315460665 1
0.860735803077165 0.9796701837912458 0.22620268011562772 0.4717243417376237 0.16237134047544077 6
0.8119596450391862 0.04920389420791371 0.8866560103811708 0.0205130303202401 0.9950126240414461 3
0.8937468749783842 0.10332927250253432 0.2227789507657162 0.47372990627615486 0.9348977524190109 4
0.8119596450391862 0.04920389420791371 0.8866560103811708 0.0205130303202401 0.9950126240414461 3
0.8200218949742496 0.3602355983576967 0.7996464637873603 0.5884410026426874 0.3694934356317915 5
0.8977781551193681 0.14804956514540368 0.2430850849662365 0.9493855560168857 0.20979471123277948 6
0.017862211212739232 0.44679321093770197 0.34422652214735894 0.8395871135963648 0.5690382127298036 2
0.9386646911409311 0.5709879616232509 0.9542051462423348 0.44276695353862605 0.04452515152667613 1
0.11305342427828524 0.32556300928563175 0.5998391590019498 0.13664854733560794 0.10895080420371861 5
0.21057550228531263 0.4647125375292105 0.296893635236699 0.6865540094410435 0.8039199653429384 4
0.7232829401415672 0.4057298108321672 0.4226182533330678 0.2931128971684601 0.8088577333285446 4
0.41031966169490974 0.016332644622371606 0.6631843616600525 0.29587552802583106 0.9023455886600499 4
0.8716794461827563 0.3911538901774635 0.40026550707071673 0.5806853499036992 0.7893295619223519 1
0.6610241814199826 0.6875314544215779 0.052014776090213766 0.6677094883701219 0.51292315460665 1
0.11305342427828524 0.32556300928563175 0.5998391590019498 0.13664854733560794 0.10895080420371861 5
0.6610241814199826 0.6875314544215779 0.052014776090213766 0.6677094883701219 0.51292315460665 1
0.860735803077165 0.9796701837912458 0.22620268011562772 0.4717243417376237 0.16237134047544077 6
0.6610241814199826 0.6875314544215779 0.052014776090213766 0.6677094883701219 0.51292315460665 1
0.8937468749783842 0.10332927250253432 0.2227789507657162 0.47372990627615486 0.9348977524190109 4
0.8119596450391862 0.04920389420791371 0.8866560103811708 0.0205130303202401 0.9950126240414461 3
0.8200218949742496 0.3602355983576967 0.7996464637873603 0.5884410026426874 0.3694934356317915 5
0.1346170196815636 0.7428524439967431 0.6976734830685954 0.6228597230670118 0.806899062458151 8
0.8977781551193681 0.14804956514540368 0.2430850849662365 0.9493855560168857 0.20979471123277948 6
0.1516065135900011 0.6566958372483583 0.05691502951969041 0.029717550156828088 0.397062882118671 2
0.11305342427828524 0.32556300928563175 0.5998391590019498 0.13664854733560794 0.10895080420371861 5
0.8662998293044125 0.41828669509574645 0.7014124640359841 0.7459419920282101 0.16854460994559273 2
0.7232829401415672 0.4057298108321672 0.4226182533330678 0.2931128971684601 0.8088577333285446 4
