0.2762649237934901 0.8940063361034468 0.47068856474178833 0.8053021329769248 0.6701371884823797 7
0.16871315440518142 0.34133774921853843 0.5045973931169561 0.594131220510365 0.9044379787169113 4
0.5139718825987277 0.4479511417737543 0.5499149849434417 0.24226228652307957 0.6757477970016276 3
0.5685019922813727 0.7535072262213873 0.052088162940597815 0.2412620327680557 0.2752952362241634 4
0.11265227805113998 0.6668592804983131 0.3703248490066797 0.07116156701514043 0.04668627310789153 1
0.0908578437523504 0.07318882440115992 0.038169231713318985 0.26835950197795133 0.9980975200567999 4
0.4870832630459153 0.7928021371294759 0.4076936676523202 0.6023645788813162 0.47875764633605733 5
0.6172704697135789 0.24753296857572282 0.17615376691863105 0.2817393321370143 0.8942409044120917 2
0.8064897054719401 0.6366514227708544 0.551143281004867 0.05726201114852936 0.512572018813121 2
0.7379153667889451 0.938547789293156 0.10835136173686066 0.03927176729082682 0.46251903136663186 2
0.28403858776924684 0.150495839674624 0.7163953882101842 0.5741032244743103 0.5201507085631369 4
0.547259480675639 0.47654187171846696 0.31916781974262853 0.5334308247550384 0.2374587746405492 6
0.8886967020791632 0.4588482239122741 0.9379745527265433 0.8097136071169985 0.03555413688259279 7
0.21768936956371998 0.23378443888916656 0.29313635108584113 0.3651275399883931 0.24698642808771276 1
0.26814003679523046 0.4322827111361278 0.4136025626280099 0.25973831764782807 0.47462621949184636 3
0.5353151797536191 0.3731658333729768 0.7817376664870593 0.3465622333161231 0.8724832328224836 2
0.877337972623795 0.11425449123210984 0.9898153019394647 0.2983922068792906 0.4678747885412241 6
0.2762649237934901 0.8940063361034468 0.47068856474178833 0.8053021329769248 0.6701371884823797 7
0.2762649237934901 0.8940063361034468 0.47068856474178833 0.8053021329769248 0.6701371884823797 7
0.5685019922813727 0.7535072262213873 0.052088162940597815 0.2412620327680557 0.2752952362241634 4
0.5139718825987277 0.4479511417737543 0.5499149849434417 0.24226228652307957 0.6757477970016276 3
0.5685019922813727 0.7535072262213873 0.052088162940597815 0.2412620327680557 0.2752952362241634 4
0.0908578437523504 0.07318882440115992 0.038169231713318985 0.26835950197795133 0.9980975200567999 4
0.0908578437523504 0.07318882440115992 0.038169231713318985 0.26835950197795133 0.9980975200567999 4
0.6172704697135789 0.24753296857572282 0.17615376691863105 0.2817393321370143 0.8942409044120917 2
0.6172704697135789 0.24753296857572282 0.17615376691863105 0.2817393321370143 0.8942409044120917 2
0.7379153667889451 0.938547789293156 0.10835136173686066 0.03927176729082682 0.46251903136663186 2
0.40677937031588185 0.10988677500663768 0.4344410619564153 0.895434451272042 0.16549815918787336 8
0.547259480675639 0.47654187171846696 0.31916781974262853 0.5334308247550384 0.2374587746405492 6
0.8886967020791632 0.4588482239122741 0.9379745527265433 0.8097136071169985 0.03555413688259279 7
0.21768936956371998 0.23378443888916656 0.29313635108584113 0.3651275399883931 0.24698642808771276 1
0.26814003679523046 0.4322827111361278 0.4136025626280099 0.25973831764782807 0.47462621949184636 3
0.5353151797536191 0.3731658333729768 0.7817376664870593 0.3465622333161231 0.8724832328224836 2
0.877337972623795 0.11425449123210984 0.9898153019394647 0.2983922068792906 0.4678747885412241 6
0.2762649237934901 0.8940063361034468 0.47068856474178833 0.8053021329769248 0.6701371884823797 7
0.5139718825987277 0.4479511417737543 0.5499149849434417 0.24226228652307957 0.6757477970016276 3
0.5139718825987277 0.4479511417737543 0.5499149849434417 0.24226228652307957 0.6757477970016276 3
0.11265227805113998 0.6668592804983131 0.3703248490066797 0.07116156701514043 0.04668627310789153 1
0.0908578437523504 0.07318882440115992 0.038169231713318985 0.26835950197795133 0.9980975200567999 4
0.6172704697135789 0.24753296857572282 0.17615376691863105 0.2817393321370143 0.8942409044120917 2
0.6172704697135789 0.24753296857572282 0.17615376691863105 0.2817393321370143 0.8942409044120917 2
0.8064897054719401 0.6366514227708544 0.551143281004867 0.05726201114852936 0.512572018813121 2
0.8064897054719401 0.6366514227708544 0.551143281004867 0.05726201114852936 0.512572018813121 2
0.28403858776924684 0.150495839674624 0.7163953882101842 0.5741032244743103 0.5201507085631369 4
0.8298833029602029 0.054584200841541364 0.3907880470606895 0.05272938621525314 0.10128093690180173 1
0.8886967020791632 0.4588482239122741 0.9379745527265433 0.8097136071169985 0.03555413688259279 7
0.21768936956371998 0.23378443888916656 0.29313635108584113 0.3651275399883931 0.24698642808771276 1
0.26814003679523046 0.4322827111361278 0.4136025626280099 0.25973831764782807 0.47462621949184636 3
0.5353151797536191 0.3731658333729768 0.7817376664870593 0.3465622333161231 0.8724832328224836 2
0.2762649237934901 0.8940063361034468 0.47068856474178833 0.8053021329769248 0.6701371884823797 7
0.5807775404053394 0.7275456926040972 0.8023617871696102 0.49200295932278815 0.9279765745328471 7
0.2762649237934901 0.8940063361034468 0.47068856474178833 0.8053021329769248 0.6701371884823797 7
0.16871315440518142 0.34133774921853843 0.5045973931169561 0.594131220510365 0.9044379787169113 4
0.5139718825987277 0.4479511417737543 0.5499149849434417 0.24226228652307957 0.6757477970016276 3
0.11265227805113998 0.6668592804983131 0.3703248490066797 0.07116156701514043 0.04668627310789153 1
0.4870832630459153 0.7928021371294759 0.4076936676523202 0.6023645788813162 0.47875764633605733 5
0.4870832630459153 0.7928021371294759 0.4076936676523202 0.6023645788813162 0.47875764633605733 5
0.6172704697135789 0.24753296857572282 0.17615376691863105 0.2817393321370143 0.8942409044120917 2
0.6172704697135789 0.24753296857572282 0.17615376691863105 0.2817393321370143 0.8942409044120917 2
0.7379153667889451 0.938547789293156 0.10835136173686066 0.03927176729082682 0.46251903136663186 2
0.40677937031588185 0.10988677500663768 0.4344410619564153 0.895434451272042 0.16549815918787336 8
0.547259480675639 0.47654187171846696 0.31916781974262853 0.5334308247550384 0.2374587746405492 6
0.8886967020791632 0.4588482239122741 0.9379745527265433 0.8097136071169985 0.03555413688259279 7
0.21768936956371998 0.23378443888916656 0.29313635108584113 0.3651275399883931 0.24698642808771276 1
0.26814003679523046 0.4322827111361278 0.4136025626280099 0.25973831764782807 0.47462621949184636 3
0.5353151797536191 0.3731658333729768 0.7817376664870593 0.3465622333161231 0.8724832328224836 2
0.2055611002190052 0.041112821866901794 0.1716868883060375 0.32078568049510225 0.2964684106697666 5
0.5139718825987277 0.4479511417737543 0.5499149849434417 0.24226228652307957 0.6757477970016276 3
0.5139718825987277 0.4479511417737543 0.5499149849434417 0.24226228652307957 0.6757477970016276 3
0.11265227805113998 0.6668592804983131 0.3703248490066797 0.07116156701514043 0.04668627310789153 1
0.0908578437523504 0.07318882440115992 0.038169231713318985 0.26835950197795133 0.9980975200567999 4
0.0908578437523504 0.07318882440115992 0.038169231713318985 0.26835950197795133 0.9980975200567999 4
0.4870832630459153 0.7928021371294759 0.4076936676523202 0.6023645788813162 0.47875764633605733 5
0.6172704697135789 0.24753296857572282 0.17615376691863105 0.2817393321370143 0.8942409044120917 2
0.8064897054719401 0.6366514227708544 0.551143281004867 0.05726201114852936 0.512572018813121 2
0.8064897054719401 0.6366514227708544 0.551143281004867 0.05726201114852936 0.512572018813121 2
0.28403858776924684 0.150495839674624 0.7163953882101842 0.5741032244743103 0.5201507085631369 4
0.8298833029602029 0.054584200841541364 0.3907880470606895 0.05272938621525314 0.10128093690180173 1
0.8886967020791632 0.4588482239122741 0.9379745527265433 0.8097136071169985 0.03555413688259279 7
0.21768936956371998 0.23378443888916656 0.29313635108584113 0.3651275399883931 0.24698642808771276 1
0.26814003679523046 0.4322827111361278 0.4136025626280099 0.25973831764782807 0.47462621949184636 3
0.5353151797536191 0.3731658333729768 0.7817376664870593 0.3465622333161231 0.8724832328224836 2
0.2055611002190052 0.041112821866901794 0.1716868883060375 0.32078568049510225 0.2964684106697666 5
0.2055611002190052 0.041112821866901794 0.1716868883060375 0.32078568049510225 0.2964684106697666 5
0.2762649237934901 0.8940063361034468 0.47068856474178833 0.8053021329769248 0.6701371884823797 7
0.16871315440518142 0.34133774921853843 0.5045973931169561 0.594131220510365 0.9044379787169113 4
0.5139718825987277 0.4479511417737543 0.5499149849434417 0.24226228652307957 0.6757477970016276 3
0.5685019922813727 0.7535072262213873 0.052088162940597815 0.2412620327680557 0.2752952362241634 4
0.11265227805113998 0.6668592804983131 0.3703248490066797 0.07116156701514043 0.04668627310789153 1
0.4870832630459153 0.7928021371294759 0.4076936676523202 0.6023645788813162 0.47875764633605733 5
0.4870832630459153 0.7928021371294759 0.4076936676523202 0.6023645788813162 0.47875764633605733 5
0.6172704697135789 0.24753296857572282 0.17615376691863105 0.2817393321370143 0.8942409044120917 2
0.7379153667889451 0.938547789293156 0.10835136173686066 0.03927176729082682 0.46251903136663186 2
0.40677937031588185 0.10988677500663768 0.4344410619564153 0.895434451272042 0.16549815918787336 8
0.547259480675639 0.47654187171846696 0.31916781974262853 0.5334308247550384 0.2374587746405492 6
0.8886967020791632 0.4588482239122741 0.9379745527265433 0.8097136071169985 0.03555413688259279 7
0.21768936956371998 0.23378443888916656 0.29313635108584113 0.3651275399883931 0.24698642808771276 1
0.26814003679523046 0.4322827111361278 0.4136025626280099 0.25973831764782807 0.47462621949184636 3
0.5353151797536191 0.3731658333729768 0.7817376664870593 0.3465622333161231 0.8724832328224836 2
0.16871315440518142 0.34133774921853843 0.5045973931169561 0.594131220510365 0.9044379787169113 4
0.16871315440518142 0.34133774921853843 0.5045973931169561 0.594131220510365 0.9044379787169113 4
0.5139718825987277 0.4479511417737543 0.5499149849434417 0.24226228652307957 0.6757477970016276 3
0.5685019922813727 0.7535072262213873 0.052088162940597815 0.2412620327680557 0.2752952362241634 4
0.11265227805113998 0.6668592804983131 0.3703248490066797 0.07116156701514043 0.04668627310789153 1
0.0908578437523504 0.07318882440115992 0.038169231713318985 0.26835950197795133 0.9980975200567999 4
0.4870832630459153 0.7928021371294759 0.4076936676523202 0.6023645788813162 0.47875764633605733 5
0.6172704697135789 0.24753296857572282 0.17615376691863105 0.2817393321370143 0.8942409044120917 2
0.8064897054719401 0.6366514227708544 0.551143281004867 0.05726201114852936 0.512572018813121 2
0.28403858776924684 0.150495839674624 0.7163953882101842 0.5741032244743103 0.5201507085631369 4
0.547259480675639 0.47654187171846696 0.31916781974262853 0.5334308247550384 0.2374587746405492 6
0.8886967020791632 0.4588482239122741 0.9379745527265433 0.8097136071169985 0.03555413688259279 7
0.21768936956371998 0.23378443888916656 0.29313635108584113 0.3651275399883931 0.24698642808771276 1
0.26814003679523046 0.4322827111361278 0.4136025626280099 0.25973831764782807 0.47462621949184636 3
0.5353151797536191 0.3731658333729768 0.7817376664870593 0.3465622333161231 0.8724832328224836 2
0.637906718690569 0.4327656910967227 0.4847200855893695 0.43144223175023366 0.17286404995601612 8
0.2762649237934901 0.8940063361034468 0.47068856474178833 0.8053021329769248 0.6701371884823797 7
0.2762649237934901 0.8940063361034468 0.47068856474178833 0.8053021329769248 0.6701371884823797 7
0.877337972623795 0.11425449123210984 0.9898153019394647 0.2983922068792906 0.4678747885412241 6
0.2762649237934901 0.8940063361034468 0.47068856474178833 0.8053021329769248 0.6701371884823797 7
0.5139718825987277 0.4479511417737543 0.5499149849434417 0.24226228652307957 0.6757477970016276 3
0.5139718825987277 0.4479511417737543 0.5499149849434417 0.24226228652307957 0.6757477970016276 3
0.11265227805113998 0.6668592804983131 0.3703248490066797 0.07116156701514043 0.04668627310789153 1
0.0908578437523504 0.07318882440115992 0.038169231713318985 0.26835950197795133 0.9980975200567999 4
0.6172704697135789 0.24753296857572282 0.17615376691863105 0.2817393321370143 0.8942409044120917 2
0.6172704697135789 0.24753296857572282 0.17615376691863105 0.2817393321370143 0.8942409044120917 2
0.7379153667889451 0.938547789293156 0.10835136173686066 0.03927176729082682 0.46251903136663186 2
0.28403858776924684 0.150495839674624 0.7163953882101842 0.5741032244743103 0.5201507085631369 4
0.8298833029602029 0.054584200841541364 0.3907880470606895 0.05272938621525314 0.10128093690180173 1
0.8886967020791632 0.4588482239122741 0.9379745527265433 0.8097136071169985 0.03555413688259279 7
0.21768936956371998 0.23378443888916656 0.29313635108584113 0.3651275399883931 0.24698642808771276 1
0.26814003679523046 0.4322827111361278 0.4136025626280099 0.25973831764782807 0.47462621949184636 3
0.5353151797536191 0.3731658333729768 0.7817376664870593 0.3465622333161231 0.8724832328224836 2
0.2055611002190052 0.041112821866901794 0.1716868883060375 0.32078568049510225 0.2964684106697666 5
0.5139718825987277 0.4479511417737543 0.5499149849434417 0.24226228652307957 0.6757477970016276 3
0.5139718825987277 0.4479511417737543 0.5499149849434417 0.24226228652307957 0.6757477970016276 3
0.11265227805113998 0.6668592804983131 0.3703248490066797 0.07116156701514043 0.04668627310789153 1
0.0908578437523504 0.07318882440115992 0.038169231713318985 0.26835950197795133 0.9980975200567999 4
0.0908578437523504 0.07318882440115992 0.038169231713318985 0.26835950197795133 0.9980975200567999 4
0.4870832630459153 0.7928021371294759 0.4076936676523202 0.6023645788813162 0.47875764633605733 5
0.6172704697135789 0.24753296857572282 0.17615376691863105 0.2817393321370143 0.8942409044120917 2
0.8064897054719401 0.6366514227708544 0.551143281004867 0.05726201114852936 0.512572018813121 2
0.8064897054719401 0.6366514227708544 0.551143281004867 0.05726201114852936 0.512572018813121 2
0.28403858776924684 0.150495839674624 0.7163953882101842 0.5741032244743103 0.5201507085631369 4
0.8298833029602029 0.054584200841541364 0.3907880470606895 0.05272938621525314 0.10128093690180173 1
0.8886967020791632 0.4588482239122741 0.9379745527265433 0.8097136071169985 0.03555413688259279 7
0.21768936956371998 0.23378443888916656 0.29313635108584113 0.3651275399883931 0.24698642808771276 1
0.26814003679523046 0.4322827111361278 0.4136025626280099 0.25973831764782807 0.47462621949184636 3
0.5353151797536191 0.3731658333729768 0.7817376664870593 0.3465622333161231 0.8724832328224836 2
0.2055611002190052 0.041112821866901794 0.1716868883060375 0.32078568049510225 0.2964684106697666 5
0.2762649237934901 0.8940063361034468 0.47068856474178833 0.8053021329769248 0.6701371884823797 7
0.2762649237934901 0.8940063361034468 0.47068856474178833 0.8053021329769248 0.6701371884823797 7
0.5685019922813727 0.7535072262213873 0.052088162940597815 0.2412620327680557 0.2752952362241634 4
0.5139718825987277 0.4479511417737543 0.5499149849434417 0.24226228652307957 0.6757477970016276 3
0.5685019922813727 0.7535072262213873 0.052088162940597815 0.2412620327680557 0.2752952362241634 4
0.0908578437523504 0.07318882440115992 0.038169231713318985 0.26835950197795133 0.9980975200567999 4
0.0908578437523504 0.07318882440115992 0.038169231713318985 0.26835950197795133 0.9980975200567999 4
0.6172704697135789 0.24753296857572282 0.17615376691863105 0.2817393321370143 0.8942409044120917 2
0.6172704697135789 0.24753296857572282 0.17615376691863105 0.2817393321370143 0.8942409044120917 2
0.7379153667889451 0.938547789293156 0.10835136173686066 0.03927176729082682 0.46251903136663186 2
0.40677937031588185 0.10988677500663768 0.4344410619564153 0.895434451272042 0.16549815918787336 8
0.547259480675639 0.47654187171846696 0.31916781974262853 0.5334308247550384 0.2374587746405492 6
0.8886967020791632 0.4588482239122741 0.9379745527265433 0.8097136071169985 0.03555413688259279 7
0.21768936956371998 0.23378443888916656 0.29313635108584113 0.3651275399883931 0.24698642808771276 1
0.26814003679523046 0.4322827111361278 0.4136025626280099 0.25973831764782807 0.47462621949184636 3
0.5353151797536191 0.3731658333729768 0.7817376664870593 0.3465622333161231 0.8724832328224836 2
0.2055611002190052 0.041112821866901794 0.1716868883060375 0.32078568049510225 0.2964684106697666 5
0.5139718825987277 0.4479511417737543 0.5499149849434417 0.24226228652307957 0.6757477970016276 3
0.5139718825987277 0.4479511417737543 0.5499149849434417 0.24226228652307957 0.6757477970016276 3
0.11265227805113998 0.6668592804983131 0.3703248490066797 0.07116156701514043 0.04668627310789153 1
0.0908578437523504 0.07318882440115992 0.038169231713318985 0.26835950197795133 0.9980975200567999 4
0.4870832630459153 0.7928021371294759 0.4076936676523202 0.6023645788813162 0.47875764633605733 5
0.4870832630459153 0.7928021371294759 0.4076936676523202 0.6023645788813162 0.47875764633605733 5
0.6172704697135789 0.24753296857572282 0.17615376691863105 0.2817393321370143 0.8942409044120917 2
0.8064897054719401 0.6366514227708544 0.551143281004867 0.05726201114852936 0.512572018813121 2
0.8064897054719401 0.6366514227708544 0.551143281004867 0.05726201114852936 0.512572018813121 2
0.28403858776924684 0.150495839674624 0.7163953882101842 0.5741032244743103 0.5201507085631369 4
0.8298833029602029 0.054584200841541364 0.3907880470606895 0.05272938621525314 0.10128093690180173 1
0.8886967020791632 0.4588482239122741 0.9379745527265433 0.8097136071169985 0.03555413688259279 7
0.21768936956371998 0.23378443888916656 0.29313635108584113 0.3651275399883931 0.24698642808771276 1
0.26814003679523046 0.4322827111361278 0.4136025626280099 0.25973831764782807 0.47462621949184636 3
0.5353151797536191 0.3731658333729768 0.7817376664870593 0.3465622333161231 0.8724832328224836 2
0.2055611002190052 0.041112821866901794 0.1716868883060375 0.32078568049510225 0.2964684106697666 5
0.2055611002190052 0.041112821866901794 0.1716868883060375 0.32078568049510225 0.2964684106697666 5
0.5139718825987277 0.4479511417737543 0.5499149849434417 0.24226228652307957 0.6757477970016276 3
0.5139718825987277 0.4479511417737543 0.5499149849434417 0.24226228652307957 0.6757477970016276 3
0.11265227805113998 0.6668592804983131 0.3703248490066797 0.07116156701514043 0.04668627310789153 1
0.4870832630459153 0.7928021371294759 0.4076936676523202 0.6023645788813162 0.47875764633605733 5
0.4870832630459153 0.7928021371294759 0.4076936676523202 0.6023645788813162 0.47875764633605733 5
0.6172704697135789 0.24753296857572282 0.17615376691863105 0.2817393321370143 0.8942409044120917 2
0.8064897054719401 0.6366514227708544 0.551143281004867 0.05726201114852936 0.512572018813121 2
0.7379153667889451 0.938547789293156 0.10835136173686066 0.03927176729082682 0.46251903136663186 2
0.28403858776924684 0.150495839674624 0.7163953882101842 0.5741032244743103 0.5201507085631369 4
0.547259480675639 0.47654187171846696 0.31916781974262853 0.5334308247550384 0.2374587746405492 6
0.8886967020791632 0.4588482239122741 0.9379745527265433 0.8097136071169985 0.03555413688259279 7
0.21768936956371998 0.23378443888916656 0.29313635108584113 0.3651275399883931 0.24698642808771276 1
0.21768936956371998 0.23378443888916656 0.29313635108584113 0.3651275399883931 0.24698642808771276 1
0.26814003679523046 0.4322827111361278 0.4136025626280099 0.25973831764782807 0.47462621949184636 3
0.5353151797536191 0.3731658333729768 0.7817376664870593 0.3465622333161231 0.8724832328224836 2
0.2055611002190052 0.041112821866901794 0.1716868883060375 0.32078568049510225 0.2964684106697666 5
0.2055611002190052 0.041112821866901794 0.1716868883060375 0.32078568049510225 0.2964684106697666 5
0.5139718825987277 0.4479511417737543 0.5499149849434417 0.24226228652307957 0.6757477970016276 3
0.5685019922813727 0.7535072262213873 0.052088162940597815 0.2412620327680557 0.2752952362241634 4
0.11265227805113998 0.6668592804983131 0.3703248490066797 0.07116156701514043 0.04668627310789153 1
0.0908578437523504 0.07318882440115992 0.038169231713318985 0.26835950197795133 0.9980975200567999 4
0.0908578437523504 0.07318882440115992 0.038169231713318985 0.26835950197795133 0.9980975200567999 4
0.4870832630459153 0.7928021371294759 0.4076936676523202 0.6023645788813162 0.47875764633605733 5
0.6172704697135789 0.24753296857572282 0.17615376691863105 0.2817393321370143 0.8942409044120917 2
0.8064897054719401 0.6366514227708544 0.551143281004867 0.05726201114852936 0.512572018813121 2
0.8064897054719401 0.6366514227708544 0.551143281004867 0.05726201114852936 0.512572018813121 2
0.28403858776924684 0.150495839674624 0.7163953882101842 0.5741032244743103 0.5201507085631369 4
0.8298833029602029 0.054584200841541364 0.3907880470606895 0.05272938621525314 0.10128093690180173 1
0.8886967020791632 0.4588482239122741 0.9379745527265433 0.8097136071169985 0.03555413688259279 7
0.26814003679523046 0.4322827111361278 0.4136025626280099 0.25973831764782807 0.47462621949184636 3
0.26814003679523046 0.4322827111361278 0.4136025626280099 0.25973831764782807 0.47462621949184636 3
0.2055611002190052 0.041112821866901794 0.1716868883060375 0.32078568049510225 0.2964684106697666 5
0.2055611002190052 0.041112821866901794 0.1716868883060375 0.32078568049510225 0.2964684106697666 5
0.5139718825987277 0.4479511417737543 0.5499149849434417 0.24226228652307957 0.6757477970016276 3
0.5139718825987277 0.4479511417737543 0.5499149849434417 0.24226228652307957 0.6757477970016276 3
0.11265227805113998 0.6668592804983131 0.3703248490066797 0.07116156701514043 0.04668627310789153 1
0.0908578437523504 0.07318882440115992 0.038169231713318985 0.26835950197795133 0.9980975200567999 4
0.0908578437523504 0.07318882440115992 0.038169231713318985 0.26835950197795133 0.9980975200567999 4
0.4870832630459153 0.7928021371294759 0.4076936676523202 0.6023645788813162 0.47875764633605733 5
0.6172704697135789 0.24753296857572282 0.17615376691863105 0.2817393321370143 0.8942409044120917 2
0.8064897054719401 0.6366514227708544 0.551143281004867 0.05726201114852936 0.512572018813121 2
0.8064897054719401 0.6366514227708544 0.551143281004867 0.05726201114852936 0.512572018813121 2
0.28403858776924684 0.150495839674624 0.7163953882101842 0.5741032244743103 0.5201507085631369 4
0.547259480675639 0.47654187171846696 0.31916781974262853 0.5334308247550384 0.2374587746405492 6
0.8886967020791632 0.4588482239122741 0.9379745527265433 0.8097136071169985 0.03555413688259279 7
0.21768936956371998 0.23378443888916656 0.29313635108584113 0.3651275399883931 0.24698642808771276 1
0.26814003679523046 0.4322827111361278 0.4136025626280099 0.25973831764782807 0.47462621949184636 3
0.5353151797536191 0.3731658333729768 0.7817376664870593 0.3465622333161231 0.8724832328224836 2
0.2055611002190052 0.041112821866901794 0.1716868883060375 0.32078568049510225 0.2964684106697666 5
0.2762649237934901 0.8940063361034468 0.47068856474178833 0.8053021329769248 0.6701371884823797 7
0.16871315440518142 0.34133774921853843 0.5045973931169561 0.594131220510365 0.9044379787169113 4
0.5139718825987277 0.4479511417737543 0.5499149849434417 0.24226228652307957 0.6757477970016276 3
0.5685019922813727 0.7535072262213873 0.052088162940597815 0.2412620327680557 0.2752952362241634 4
0.11265227805113998 0.6668592804983131 0.3703248490066797 0.07116156701514043 0.04668627310789153 1
0.0908578437523504 0.07318882440115992 0.038169231713318985 0.26835950197795133 0.9980975200567999 4
0.4870832630459153 0.7928021371294759 0.4076936676523202 0.6023645788813162 0.47875764633605733 5
0.6172704697135789 0.24753296857572282 0.17615376691863105 0.2817393321370143 0.8942409044120917 2
0.8064897054719401 0.6366514227708544 0.551143281004867 0.05726201114852936 0.512572018813121 2
0.8064897054719401 0.6366514227708544 0.551143281004867 0.05726201114852936 0.512572018813121 2
0.28403858776924684 0.150495839674624 0.7163953882101842 0.5741032244743103 0.5201507085631369 4
0.8298833029602029 0.054584200841541364 0.3907880470606895 0.05272938621525314 0.10128093690180173 1
0.8886967020791632 0.4588482239122741 0.9379745527265433 0.8097136071169985 0.03555413688259279 7
0.21768936956371998 0.23378443888916656 0.29313635108584113 0.3651275399883931 0.24698642808771276 1
0.26814003679523046 0.4322827111361278 0.4136025626280099 0.25973831764782807 0.47462621949184636 3
0.5353151797536191 0.3731658333729768 0.7817376664870593 0.3465622333161231 0.8724832328224836 2
0.2055611002190052 0.041112821866901794 0.1716868883060375 0.32078568049510225 0.2964684106697666 5
0.2762649237934901 0.8940063361034468 0.47068856474178833 0.8053021329769248 0.6701371884823797 7
0.877337972623795 0.11425449123210984 0.9898153019394647 0.2983922068792906 0.4678747885412241 6
0.2762649237934901 0.8940063361034468 0.47068856474178833 0.8053021329769248 0.6701371884823797 7
0.5139718825987277 0.4479511417737543 0.5499149849434417 0.24226228652307957 0.6757477970016276 3
0.5139718825987277 0.4479511417737543 0.5499149849434417 0.24226228652307957 0.6757477970016276 3
0.11265227805113998 0.6668592804983131 0.3703248490066797 0.07116156701514043 0.04668627310789153 1
0.4870832630459153 0.7928021371294759 0.4076936676523202 0.6023645788813162 0.47875764633605733 5
0.6172704697135789 0.24753296857572282 0.17615376691863105 0.2817393321370143 0.8942409044120917 2
0.8064897054719401 0.6366514227708544 0.551143281004867 0.05726201114852936 0.512572018813121 2
0.8064897054719401 0.6366514227708544 0.551143281004867 0.05726201114852936 0.512572018813121 2
0.28403858776924684 0.150495839674624 0.7163953882101842 0.5741032244743103 0.5201507085631369 4
0.8298833029602029 0.054584200841541364 0.3907880470606895 0.05272938621525314 0.10128093690180173 1
0.8886967020791632 0.4588482239122741 0.9379745527265433 0.8097136071169985 0.03555413688259279 7
0.21768936956371998 0.23378443888916656 0.29313635108584113 0.3651275399883931 0.24698642808771276 1
0.26814003679523046 0.4322827111361278 0.4136025626280099 0.25973831764782807 0.47462621949184636 3
0.5353151797536191 0.3731658333729768 0.7817376664870593 0.3465622333161231 0.8724832328224836 2
0.2055611002190052 0.041112821866901794 0.1716868883060375 0.32078568049510225 0.2964684106697666 5
0.5139718825987277 0.4479511417737543 0.5499149849434417 0.24226228652307957 0.6757477970016276 3
0.5139718825987277 0.4479511417737543 0.5499149849434417 0.24226228652307957 0.6757477970016276 3
0.11265227805113998 0.6668592804983131 0.3703248490066797 0.07116156701514043 0.04668627310789153 1
0.0908578437523504 0.07318882440115992 0.038169231713318985 0.26835950197795133 0.9980975200567999 4
0.0908578437523504 0.07318882440115992 0.038169231713318985 0.26835950197795133 0.9980975200567999 4
0.4870832630459153 0.7928021371294759 0.4076936676523202 0.6023645788813162 0.47875764633605733 5
0.6172704697135789 0.24753296857572282 0.17615376691863105 0.2817393321370143 0.8942409044120917 2
0.8064897054719401 0.6366514227708544 0.551143281004867 0.05726201114852936 0.512572018813121 2
0.8064897054719401 0.6366514227708544 0.551143281004867 0.05726201114852936 0.512572018813121 2
0.28403858776924684 0.150495839674624 0.7163953882101842 0.5741032244743103 0.5201507085631369 4
0.8298833029602029 0.054584200841541364 0.3907880470606895 0.05272938621525314 0.10128093690180173 1
0.8886967020791632 0.4588482239122741 0.9379745527265433 0.8097136071169985 0.03555413688259279 7
0.21768936956371998 0.23378443888916656 0.29313635108584113 0.3651275399883931 0.24698642808771276 1
0.26814003679523046 0.4322827111361278 0.4136025626280099 0.25973831764782807 0.47462621949184636 3
0.5353151797536191 0.3731658333729768 0.7817376664870593 0.3465622333161231 0.8724832328224836 2
0.2055611002190052 0.041112821866901794 0.1716868883060375 0.32078568049510225 0.2964684106697666 5
0.2055611002190052 0.041112821866901794 0.1716868883060375 0.32078568049510225 0.2964684106697666 5
0.5139718825987277 0.4479511417737543 0.5499149849434417 0.24226228652307957 0.6757477970016276 3
0.5139718825987277 0.4479511417737543 0.5499149849434417 0.24226228652307957 0.6757477970016276 3
0.11265227805113998 0.6668592804983131 0.3703248490066797 0.07116156701514043 0.04668627310789153 1
0.0908578437523504 0.07318882440115992 0.038169231713318985 0.26835950197795133 0.9980975200567999 4
0.0908578437523504 0.07318882440115992 0.038169231713318985 0.26835950197795133 0.9980975200567999 4
0.4870832630459153 0.7928021371294759 0.4076936676523202 0.6023645788813162 0.47875764633605733 5
0.6172704697135789 0.24753296857572282 0.17615376691863105 0.2817393321370143 0.8942409044120917 2
0.8064897054719401 0.6366514227708544 0.551143281004867 0.05726201114852936 0.512572018813121 2
0.8064897054719401 0.6366514227708544 0.551143281004867 0.05726201114852936 0.512572018813121 2
0.28403858776924684 0.150495839674624 0.7163953882101842 0.5741032244743103 0.5201507085631369 4
0.8298833029602029 0.054584200841541364 0.3907880470606895 0.05272938621525314 0.10128093690180173 1
0.8886967020791632 0.4588482239122741 0.9379745527265433 0.8097136071169985 0.03555413688259279 7
0.21768936956371998 0.23378443888916656 0.29313635108584113 0.3651275399883931 0.24698642808771276 1
0.26814003679523046 0.4322827111361278 0.4136025626280099 0.25973831764782807 0.47462621949184636 3
0.5353151797536191 0.3731658333729768 0.7817376664870593 0.3465622333161231 0.8724832328224836 2
0.2055611002190052 0.041112821866901794 0.1716868883060375 0.32078568049510225 0.2964684106697666 5
0.2762649237934901 0.8940063361034468 0.47068856474178833 0.8053021329769248 0.6701371884823797 7
0.2762649237934901 0.8940063361034468 0.47068856474178833 0.8053021329769248 0.6701371884823797 7
0.5139718825987277 0.4479511417737543 0.5499149849434417 0.24226228652307957 0.6757477970016276 3
0.5685019922813727 0.7535072262213873 0.052088162940597815 0.2412620327680557 0.2752952362241634 4
0.11265227805113998 0.6668592804983131 0.3703248490066797 0.07116156701514043 0.04668627310789153 1
0.4870832630459153 0.7928021371294759 0.4076936676523202 0.6023645788813162 0.47875764633605733 5
0.4870832630459153 0.7928021371294759 0.4076936676523202 0.6023645788813162 0.47875764633605733 5
0.6172704697135789 0.24753296857572282 0.17615376691863105 0.2817393321370143 0.8942409044120917 2
0.6172704697135789 0.24753296857572282 0.17615376691863105 0.2817393321370143 0.8942409044120917 2
0.7379153667889451 0.938547789293156 0.10835136173686066 0.03927176729082682 0.46251903136663186 2
0.40677937031588185 0.10988677500663768 0.4344410619564153 0.895434451272042 0.16549815918787336 8
0.547259480675639 0.47654187171846696 0.31916781974262853 0.5334308247550384 0.2374587746405492 6
0.8886967020791632 0.4588482239122741 0.9379745527265433 0.8097136071169985 0.03555413688259279 7
0.21768936956371998 0.23378443888916656 0.29313635108584113 0.3651275399883931 0.24698642808771276 1
0.26814003679523046 0.4322827111361278 0.4136025626280099 0.25973831764782807 0.47462621949184636 3
0.5353151797536191 0.3731658333729768 0.7817376664870593 0.3465622333161231 0.8724832328224836 2
0.16871315440518142 0.34133774921853843 0.5045973931169561 0.594131220510365 0.9044379787169113 4
0.16871315440518142 0.34133774921853843 0.5045973931169561 0.594131220510365 0.9044379787169113 4
0.5139718825987277 0.4479511417737543 0.5499149849434417 0.24226228652307957 0.6757477970016276 3
0.5139718825987277 0.4479511417737543 0.5499149849434417 0.24226228652307957 0.6757477970016276 3
0.11265227805113998 0.6668592804983131 0.3703248490066797 0.07116156701514043 0.04668627310789153 1
0.0908578437523504 0.07318882440115992 0.038169231713318985 0.26835950197795133 0.9980975200567999 4
0.4870832630459153 0.7928021371294759 0.4076936676523202 0.6023645788813162 0.47875764633605733 5
0.6172704697135789 0.24753296857572282 0.17615376691863105 0.2817393321370143 0.8942409044120917 2
0.8064897054719401 0.6366514227708544 0.551143281004867 0.05726201114852936 0.512572018813121 2
0.28403858776924684 0.150495839674624 0.7163953882101842 0.5741032244743103 0.5201507085631369 4
0.547259480675639 0.47654187171846696 0.31916781974262853 0.5334308247550384 0.2374587746405492 6
0.8886967020791632 0.4588482239122741 0.9379745527265433 0.8097136071169985 0.03555413688259279 7
0.21768936956371998 0.23378443888916656 0.29313635108584113 0.3651275399883931 0.24698642808771276 1
0.26814003679523046 0.4322827111361278 0.4136025626280099 0.25973831764782807 0.47462621949184636 3
0.5353151797536191 0.3731658333729768 0.7817376664870593 0.3465622333161231 0.8724832328224836 2
0.637906718690569 0.4327656910967227 0.4847200855893695 0.43144223175023366 0.17286404995601612 8
0.2762649237934901 0.8940063361034468 0.47068856474178833 0.8053021329769248 0.6701371884823797 7
0.2055611002190052 0.041112821866901794 0.1716868883060375 0.32078568049510225 0.2964684106697666 5
0.5139718825987277 0.4479511417737543 0.5499149849434417 0.24226228652307957 0.6757477970016276 3
0.5139718825987277 0.4479511417737543 0.5499149849434417 0.24226228652307957 0.6757477970016276 3
0.5685019922813727 0.7535072262213873 0.052088162940597815 0.2412620327680557 0.2752952362241634 4
0.11265227805113998 0.6668592804983131 0.3703248490066797 0.07116156701514043 0.04668627310789153 1
0.0908578437523504 0.07318882440115992 0.038169231713318985 0.26835950197795133 0.9980975200567999 4
0.6172704697135789 0.24753296857572282 0.17615376691863105 0.2817393321370143 0.8942409044120917 2
0.6172704697135789 0.24753296857572282 0.17615376691863105 0.2817393321370143 0.8942409044120917 2
0.8064897054719401 0.6366514227708544 0.551143281004867 0.05726201114852936 0.512572018813121 2
0.7379153667889451 0.938547789293156 0.10835136173686066 0.03927176729082682 0.46251903136663186 2
0.28403858776924684 0.150495839674624 0.7163953882101842 0.5741032244743103 0.5201507085631369 4
0.8298833029602029 0.054584200841541364 0.3907880470606895 0.05272938621525314 0.10128093690180173 1
0.8886967020791632 0.4588482239122741 0.9379745527265433 0.8097136071169985 0.03555413688259279 7
0.21768936956371998 0.23378443888916656 0.29313635108584113 0.3651275399883931 0.24698642808771276 1
0.26814003679523046 0.4322827111361278 0.4136025626280099 0.25973831764782807 0.47462621949184636 3
0.5353151797536191 0.3731658333729768 0.7817376664870593 0.3465622333161231 0.8724832328224836 2
0.2055611002190052 0.041112821866901794 0.1716868883060375 0.32078568049510225 0.2964684106697666 5
0.2762649237934901 0.8940063361034468 0.47068856474178833 0.8053021329769248 0.6701371884823797 7
0.9641443722456521 0.8461024036919743 0.4802798848448625 0.7319491804734647 0.8597408385248364 8
0.5139718825987277 0.4479511417737543 0.5499149849434417 0.24226228652307957 0.6757477970016276 3
0.11265227805113998 0.6668592804983131 0.3703248490066797 0.07116156701514043 0.04668627310789153 1
0.11265227805113998 0.6668592804983131 0.3703248490066797 0.07116156701514043 0.04668627310789153 1
0.0908578437523504 0.07318882440115992 0.038169231713318985 0.26835950197795133 0.9980975200567999 4
0.4870832630459153 0.7928021371294759 0.4076936676523202 0.6023645788813162 0.47875764633605733 5
0.6172704697135789 0.24753296857572282 0.17615376691863105 0.2817393321370143 0.8942409044120917 2
0.8064897054719401 0.6366514227708544 0.551143281004867 0.05726201114852936 0.512572018813121 2
0.8064897054719401 0.6366514227708544 0.551143281004867 0.05726201114852936 0.512572018813121 2
0.28403858776924684 0.150495839674624 0.7163953882101842 0.5741032244743103 0.5201507085631369 4
0.547259480675639 0.47654187171846696 0.31916781974262853 0.5334308247550384 0.2374587746405492 6
0.8886967020791632 0.4588482239122741 0.9379745527265433 0.8097136071169985 0.03555413688259279 7
0.21768936956371998 0.23378443888916656 0.29313635108584113 0.3651275399883931 0.24698642808771276 1
0.26814003679523046 0.4322827111361278 0.4136025626280099 0.25973831764782807 0.47462621949184636 3
0.5353151797536191 0.3731658333729768 0.7817376664870593 0.3465622333161231 0.8724832328224836 2
0.5131625181533526 0.9704313638743328 0.316339797011689 0.8433905293989221 0.7597762218082224 6
0.16871315440518142 0.34133774921853843 0.5045973931169561 0.594131220510365 0.9044379787169113 4
0.5139718825987277 0.4479511417737543 0.5499149849434417 0.24226228652307957 0.6757477970016276 3
0.5685019922813727 0.7535072262213873 0.052088162940597815 0.2412620327680557 0.2752952362241634 4
0.11265227805113998 0.6668592804983131 0.3703248490066797 0.07116156701514043 0.04668627310789153 1
0.4870832630459153 0.7928021371294759 0.4076936676523202 0.6023645788813162 0.47875764633605733 5
0.4870832630459153 0.7928021371294759 0.4076936676523202 0.6023645788813162 0.47875764633605733 5
0.6172704697135789 0.24753296857572282 0.17615376691863105 0.2817393321370143 0.8942409044120917 2
0.8064897054719401 0.6366514227708544 0.551143281004867 0.05726201114852936 0.512572018813121 2
0.8064897054719401 0.6366514227708544 0.551143281004867 0.05726201114852936 0.512572018813121 2
0.8064897054719401 0.6366514227708544 0.551143281004867 0.05726201114852936 0.512572018813121 2
0.547259480675639 0.47654187171846696 0.31916781974262853 0.5334308247550384 0.2374587746405492 6
0.8298833029602029 0.054584200841541364 0.3907880470606895 0.05272938621525314 0.10128093690180173 1
0.8886967020791632 0.4588482239122741 0.9379745527265433 0.8097136071169985 0.03555413688259279 7
0.21768936956371998 0.23378443888916656 0.29313635108584113 0.3651275399883931 0.24698642808771276 1
0.26814003679523046 0.4322827111361278 0.4136025626280099 0.25973831764782807 0.47462621949184636 3
0.5353151797536191 0.3731658333729768 0.7817376664870593 0.3465622333161231 0.8724832328224836 2
0.2055611002190052 0.041112821866901794 0.1716868883060375 0.32078568049510225 0.2964684106697666 5
0.2055611002190052 0.041112821866901794 0.1716868883060375 0.32078568049510225 0.2964684106697666 5
0.5139718825987277 0.4479511417737543 0.5499149849434417 0.24226228652307957 0.6757477970016276 3
0.5139718825987277 0.4479511417737543 0.5499149849434417 0.24226228652307957 0.6757477970016276 3
0.5685019922813727 0.7535072262213873 0.052088162940597815 0.2412620327680557 0.2752952362241634 4
0.11265227805113998 0.6668592804983131 0.3703248490066797 0.07116156701514043 0.04668627310789153 1
0.4870832630459153 0.7928021371294759 0.4076936676523202 0.6023645788813162 0.47875764633605733 5
0.4870832630459153 0.7928021371294759 0.4076936676523202 0.6023645788813162 0.47875764633605733 5
0.6172704697135789 0.24753296857572282 0.17615376691863105 0.2817393321370143 0.8942409044120917 2
0.8064897054719401 0.6366514227708544 0.551143281004867 0.05726201114852936 0.512572018813121 2
0.7379153667889451 0.938547789293156 0.10835136173686066 0.03927176729082682 0.46251903136663186 2
0.28403858776924684 0.150495839674624 0.7163953882101842 0.5741032244743103 0.5201507085631369 4
0.8298833029602029 0.054584200841541364 0.3907880470606895 0.05272938621525314 0.10128093690180173 1
0.8886967020791632 0.4588482239122741 0.9379745527265433 0.8097136071169985 0.03555413688259279 7
0.21768936956371998 0.23378443888916656 0.29313635108584113 0.3651275399883931 0.24698642808771276 1
0.26814003679523046 0.4322827111361278 0.4136025626280099 0.25973831764782807 0.47462621949184636 3
0.5353151797536191 0.3731658333729768 0.7817376664870593 0.3465622333161231 0.8724832328224836 2
0.2055611002190052 0.041112821866901794 0.1716868883060375 0.32078568049510225 0.2964684106697666 5
0.2055611002190052 0.041112821866901794 0.1716868883060375 0.32078568049510225 0.2964684106697666 5
0.5139718825987277 0.4479511417737543 0.5499149849434417 0.24226228652307957 0.6757477970016276 3
0.5139718825987277 0.4479511417737543 0.5499149849434417 0.24226228652307957 0.6757477970016276 3
0.11265227805113998 0.6668592804983131 0.3703248490066797 0.07116156701514043 0.04668627310789153 1
0.11265227805113998 0.6668592804983131 0.3703248490066797 0.07116156701514043 0.04668627310789153 1
0.0908578437523504 0.07318882440115992 0.038169231713318985 0.26835950197795133 0.9980975200567999 4
0.4870832630459153 0.7928021371294759 0.4076936676523202 0.6023645788813162 0.47875764633605733 5
0.6172704697135789 0.24753296857572282 0.17615376691863105 0.2817393321370143 0.8942409044120917 2
0.8064897054719401 0.6366514227708544 0.551143281004867 0.05726201114852936 0.512572018813121 2
0.8064897054719401 0.6366514227708544 0.551143281004867 0.05726201114852936 0.512572018813121 2
0.28403858776924684 0.150495839674624 0.7163953882101842 0.5741032244743103 0.5201507085631369 4
0.547259480675639 0.47654187171846696 0.31916781974262853 0.5334308247550384 0.2374587746405492 6
0.8886967020791632 0.4588482239122741 0.9379745527265433 0.8097136071169985 0.03555413688259279 7
0.21768936956371998 0.23378443888916656 0.29313635108584113 0.3651275399883931 0.24698642808771276 1
0.26814003679523046 0.4322827111361278 0.4136025626280099 0.25973831764782807 0.47462621949184636 3
0.5353151797536191 0.3731658333729768 0.7817376664870593 0.3465622333161231 0.8724832328224836 2
0.2055611002190052 0.041112821866901794 0.1716868883060375 0.32078568049510225 0.2964684106697666 5
0.877337972623795 0.11425449123210984 0.9898153019394647 0.2983922068792906 0.4678747885412241 6
0.2762649237934901 0.8940063361034468 0.47068856474178833 0.8053021329769248 0.6701371884823797 7
0.5685019922813727 0.7535072262213873 0.052088162940597815 0.2412620327680557 0.2752952362241634 4
0.5139718825987277 0.4479511417737543 0.5499149849434417 0.24226228652307957 0.6757477970016276 3
0.5685019922813727 0.7535072262213873 0.052088162940597815 0.2412620327680557 0.2752952362241634 4
0.11265227805113998 0.6668592804983131 0.3703248490066797 0.07116156701514043 0.04668627310789153 1
0.0908578437523504 0.07318882440115992 0.038169231713318985 0.26835950197795133 0.9980975200567999 4
0.6172704697135789 0.24753296857572282 0.17615376691863105 0.2817393321370143 0.8942409044120917 2
0.6172704697135789 0.24753296857572282 0.17615376691863105 0.2817393321370143 0.8942409044120917 2
0.7379153667889451 0.938547789293156 0.10835136173686066 0.03927176729082682 0.46251903136663186 2
0.40677937031588185 0.10988677500663768 0.4344410619564153 0.895434451272042 0.16549815918787336 8
0.547259480675639 0.47654187171846696 0.31916781974262853 0.5334308247550384 0.2374587746405492 6
0.8886967020791632 0.4588482239122741 0.9379745527265433 0.8097136071169985 0.03555413688259279 7
0.21768936956371998 0.23378443888916656 0.29313635108584113 0.3651275399883931 0.24698642808771276 1
0.26814003679523046 0.4322827111361278 0.4136025626280099 0.25973831764782807 0.47462621949184636 3
0.5353151797536191 0.3731658333729768 0.7817376664870593 0.3465622333161231 0.8724832328224836 2
0.2762649237934901 0.8940063361034468 0.47068856474178833 0.8053021329769248 0.6701371884823797 7
0.5139718825987277 0.4479511417737543 0.5499149849434417 0.24226228652307957 0.6757477970016276 3
0.5685019922813727 0.7535072262213873 0.052088162940597815 0.2412620327680557 0.2752952362241634 4
0.11265227805113998 0.6668592804983131 0.3703248490066797 0.07116156701514043 0.04668627310789153 1
0.4870832630459153 0.7928021371294759 0.4076936676523202 0.6023645788813162 0.47875764633605733 5
0.4870832630459153 0.7928021371294759 0.4076936676523202 0.6023645788813162 0.47875764633605733 5
0.6172704697135789 0.24753296857572282 0.17615376691863105 0.2817393321370143 0.8942409044120917 2
0.8064897054719401 0.6366514227708544 0.551143281004867 0.05726201114852936 0.512572018813121 2
0.7379153667889451 0.938547789293156 0.10835136173686066 0.03927176729082682 0.46251903136663186 2
0.8064897054719401 0.6366514227708544 0.551143281004867 0.05726201114852936 0.512572018813121 2
0.28403858776924684 0.150495839674624 0.7163953882101842 0.5741032244743103 0.5201507085631369 4
0.8298833029602029 0.054584200841541364 0.3907880470606895 0.05272938621525314 0.10128093690180173 1
0.8886967020791632 0.4588482239122741 0.9379745527265433 0.8097136071169985 0.03555413688259279 7
0.21768936956371998 0.23378443888916656 0.29313635108584113 0.3651275399883931 0.24698642808771276 1
0.5353151797536191 0.3731658333729768 0.7817376664870593 0.3465622333161231 0.8724832328224836 2
0.15751966936538098 0.13854173344584586 0.6867315140882614 0.2379132644741614 0.13013011418863674 4
0.2762649237934901 0.8940063361034468 0.47068856474178833 0.8053021329769248 0.6701371884823797 7
0.16871315440518142 0.34133774921853843 0.5045973931169561 0.594131220510365 0.9044379787169113 4
0.5139718825987277 0.4479511417737543 0.5499149849434417 0.24226228652307957 0.6757477970016276 3
0.5685019922813727 0.7535072262213873 0.052088162940597815 0.2412620327680557 0.2752952362241634 4
0.11265227805113998 0.6668592804983131 0.3703248490066797 0.07116156701514043 0.04668627310789153 1
0.0908578437523504 0.07318882440115992 0.038169231713318985 0.26835950197795133 0.9980975200567999 4
0.4870832630459153 0.7928021371294759 0.4076936676523202 0.6023645788813162 0.47875764633605733 5
0.6172704697135789 0.24753296857572282 0.17615376691863105 0.2817393321370143 0.8942409044120917 2
0.8064897054719401 0.6366514227708544 0.551143281004867 0.05726201114852936 0.512572018813121 2
0.7379153667889451 0.938547789293156 0.10835136173686066 0.03927176729082682 0.46251903136663186 2
0.28403858776924684 0.150495839674624 0.7163953882101842 0.5741032244743103 0.5201507085631369 4
0.547259480675639 0.47654187171846696 0.31916781974262853 0.5334308247550384 0.2374587746405492 6
0.8886967020791632 0.4588482239122741 0.9379745527265433 0.8097136071169985 0.03555413688259279 7
0.21768936956371998 0.23378443888916656 0.29313635108584113 0.3651275399883931 0.24698642808771276 1
0.26814003679523046 0.4322827111361278 0.4136025626280099 0.25973831764782807 0.47462621949184636 3
0.5353151797536191 0.3731658333729768 0.7817376664870593 0.3465622333161231 0.8724832328224836 2
0.2762649237934901 0.8940063361034468 0.47068856474178833 0.8053021329769248 0.6701371884823797 7
0.2762649237934901 0.8940063361034468 0.47068856474178833 0.8053021329769248 0.6701371884823797 7
0.2762649237934901 0.8940063361034468 0.47068856474178833 0.8053021329769248 0.6701371884823797 7
0.5685019922813727 0.7535072262213873 0.052088162940597815 0.2412620327680557 0.2752952362241634 4
0.5139718825987277 0.4479511417737543 0.5499149849434417 0.24226228652307957 0.6757477970016276 3
0.5685019922813727 0.7535072262213873 0.052088162940597815 0.2412620327680557 0.2752952362241634 4
0.0908578437523504 0.07318882440115992 0.038169231713318985 0.26835950197795133 0.9980975200567999 4
0.0908578437523504 0.07318882440115992 0.038169231713318985 0.26835950197795133 0.9980975200567999 4
0.6172704697135789 0.24753296857572282 0.17615376691863105 0.2817393321370143 0.8942409044120917 2
0.8064897054719401 0.6366514227708544 0.551143281004867 0.05726201114852936 0.512572018813121 2
0.8064897054719401 0.6366514227708544 0.551143281004867 0.05726201114852936 0.512572018813121 2
0.40677937031588185 0.10988677500663768 0.4344410619564153 0.895434451272042 0.16549815918787336 8
0.547259480675639 0.47654187171846696 0.31916781974262853 0.5334308247550384 0.2374587746405492 6
0.8886967020791632 0.4588482239122741 0.9379745527265433 0.8097136071169985 0.03555413688259279 7
0.21768936956371998 0.23378443888916656 0.29313635108584113 0.3651275399883931 0.24698642808771276 1
0.26814003679523046 0.4322827111361278 0.4136025626280099 0.25973831764782807 0.47462621949184636 3
0.5353151797536191 0.3731658333729768 0.7817376664870593 0.3465622333161231 0.8724832328224836 2
0.2055611002190052 0.041112821866901794 0.1716868883060375 0.32078568049510225 0.2964684106697666 5
0.16871315440518142 0.34133774921853843 0.5045973931169561 0.594131220510365 0.9044379787169113 4
0.5139718825987277 0.4479511417737543 0.5499149849434417 0.24226228652307957 0.6757477970016276 3
0.5685019922813727 0.7535072262213873 0.052088162940597815 0.2412620327680557 0.2752952362241634 4
0.0908578437523504 0.07318882440115992 0.038169231713318985 0.26835950197795133 0.9980975200567999 4
0.4870832630459153 0.7928021371294759 0.4076936676523202 0.6023645788813162 0.47875764633605733 5
0.4870832630459153 0.7928021371294759 0.4076936676523202 0.6023645788813162 0.47875764633605733 5
0.6172704697135789 0.24753296857572282 0.17615376691863105 0.2817393321370143 0.8942409044120917 2
0.8064897054719401 0.6366514227708544 0.551143281004867 0.05726201114852936 0.512572018813121 2
0.8064897054719401 0.6366514227708544 0.551143281004867 0.05726201114852936 0.512572018813121 2
0.28403858776924684 0.150495839674624 0.7163953882101842 0.5741032244743103 0.5201507085631369 4
0.8886967020791632 0.4588482239122741 0.9379745527265433 0.8097136071169985 0.03555413688259279 7
0.21768936956371998 0.23378443888916656 0.29313635108584113 0.3651275399883931 0.24698642808771276 1
0.26814003679523046 0.4322827111361278 0.4136025626280099 0.25973831764782807 0.47462621949184636 3
0.5353151797536191 0.3731658333729768 0.7817376664870593 0.3465622333161231 0.8724832328224836 2
0.2055611002190052 0.041112821866901794 0.1716868883060375 0.32078568049510225 0.2964684106697666 5
0.5724817983104221 0.4185623458988459 0.062200251252116145 0.5614784882604668 0.02540521589151057 2
0.2055611002190052 0.041112821866901794 0.1716868883060375 0.32078568049510225 0.2964684106697666 5
0.5139718825987277 0.4479511417737543 0.5499149849434417 0.24226228652307957 0.6757477970016276 3
0.5685019922813727 0.7535072262213873 0.052088162940597815 0.2412620327680557 0.2752952362241634 4
0.5685019922813727 0.7535072262213873 0.052088162940597815 0.2412620327680557 0.2752952362241634 4
0.11265227805113998 0.6668592804983131 0.3703248490066797 0.07116156701514043 0.04668627310789153 1
0.4870832630459153 0.7928021371294759 0.4076936676523202 0.6023645788813162 0.47875764633605733 5
0.4870832630459153 0.7928021371294759 0.4076936676523202 0.6023645788813162 0.47875764633605733 5
0.6172704697135789 0.24753296857572282 0.17615376691863105 0.2817393321370143 0.8942409044120917 2
0.6172704697135789 0.24753296857572282 0.17615376691863105 0.2817393321370143 0.8942409044120917 2
0.7379153667889451 0.938547789293156 0.10835136173686066 0.03927176729082682 0.46251903136663186 2
0.28403858776924684 0.150495839674624 0.7163953882101842 0.5741032244743103 0.5201507085631369 4
0.8298833029602029 0.054584200841541364 0.3907880470606895 0.05272938621525314 0.10128093690180173 1
0.8886967020791632 0.4588482239122741 0.9379745527265433 0.8097136071169985 0.03555413688259279 7
0.26814003679523046 0.4322827111361278 0.4136025626280099 0.25973831764782807 0.47462621949184636 3
0.26814003679523046 0.4322827111361278 0.4136025626280099 0.25973831764782807 0.47462621949184636 3
0.2055611002190052 0.041112821866901794 0.1716868883060375 0.32078568049510225 0.2964684106697666 5
0.2762649237934901 0.8940063361034468 0.47068856474178833 0.8053021329769248 0.6701371884823797 7
0.9641443722456521 0.8461024036919743 0.4802798848448625 0.7319491804734647 0.8597408385248364 8
0.5139718825987277 0.4479511417737543 0.5499149849434417 0.24226228652307957 0.6757477970016276 3
0.5139718825987277 0.4479511417737543 0.5499149849434417 0.24226228652307957 0.6757477970016276 3
0.5685019922813727 0.7535072262213873 0.052088162940597815 0.2412620327680557 0.2752952362241634 4
0.0908578437523504 0.07318882440115992 0.038169231713318985 0.26835950197795133 0.9980975200567999 4
0.0908578437523504 0.07318882440115992 0.038169231713318985 0.26835950197795133 0.9980975200567999 4
0.6172704697135789 0.24753296857572282 0.17615376691863105 0.2817393321370143 0.8942409044120917 2
0.8064897054719401 0.6366514227708544 0.551143281004867 0.05726201114852936 0.512572018813121 2
0.8064897054719401 0.6366514227708544 0.551143281004867 0.05726201114852936 0.512572018813121 2
0.28403858776924684 0.150495839674624 0.7163953882101842 0.5741032244743103 0.5201507085631369 4
0.547259480675639 0.47654187171846696 0.31916781974262853 0.5334308247550384 0.2374587746405492 6
0.8886967020791632 0.4588482239122741 0.9379745527265433 0.8097136071169985 0.03555413688259279 7
0.21768936956371998 0.23378443888916656 0.29313635108584113 0.3651275399883931 0.24698642808771276 1
0.26814003679523046 0.4322827111361278 0.4136025626280099 0.25973831764782807 0.47462621949184636 3
0.5353151797536191 0.3731658333729768 0.7817376664870593 0.3465622333161231 0.8724832328224836 2
0.5131625181533526 0.9704313638743328 0.316339797011689 0.8433905293989221 0.7597762218082224 6
0.16871315440518142 0.34133774921853843 0.5045973931169561 0.594131220510365 0.9044379787169113 4
0.5139718825987277 0.4479511417737543 0.5499149849434417 0.24226228652307957 0.6757477970016276 3
0.5685019922813727 0.7535072262213873 0.052088162940597815 0.2412620327680557 0.2752952362241634 4
0.11265227805113998 0.6668592804983131 0.3703248490066797 0.07116156701514043 0.04668627310789153 1
0.4870832630459153 0.7928021371294759 0.4076936676523202 0.6023645788813162 0.47875764633605733 5
0.4870832630459153 0.7928021371294759 0.4076936676523202 0.6023645788813162 0.47875764633605733 5
0.6172704697135789 0.24753296857572282 0.17615376691863105 0.2817393321370143 0.8942409044120917 2
0.8064897054719401 0.6366514227708544 0.551143281004867 0.05726201114852936 0.512572018813121 2
0.8064897054719401 0.6366514227708544 0.551143281004867 0.05726201114852936 0.512572018813121 2
0.8064897054719401 0.6366514227708544 0.551143281004867 0.05726201114852936 0.512572018813121 2
0.547259480675639 0.47654187171846696 0.31916781974262853 0.5334308247550384 0.2374587746405492 6
0.8298833029602029 0.054584200841541364 0.3907880470606895 0.05272938621525314 0.10128093690180173 1
0.8886967020791632 0.4588482239122741 0.9379745527265433 0.8097136071169985 0.03555413688259279 7
0.21768936956371998 0.23378443888916656 0.29313635108584113 0.3651275399883931 0.24698642808771276 1
0.26814003679523046 0.4322827111361278 0.4136025626280099 0.25973831764782807 0.47462621949184636 3
0.5353151797536191 0.3731658333729768 0.7817376664870593 0.3465622333161231 0.8724832328224836 2
0.2055611002190052 0.041112821866901794 0.1716868883060375 0.32078568049510225 0.2964684106697666 5
0.2762649237934901 0.8940063361034468 0.47068856474178833 0.8053021329769248 0.6701371884823797 7
0.16871315440518142 0.34133774921853843 0.5045973931169561 0.594131220510365 0.9044379787169113 4
0.5685019922813727 0.7535072262213873 0.052088162940597815 0.2412620327680557 0.2752952362241634 4
0.5139718825987277 0.4479511417737543 0.5499149849434417 0.24226228652307957 0.6757477970016276 3
0.5685019922813727 0.7535072262213873 0.052088162940597815 0.2412620327680557 0.2752952362241634 4
0.0908578437523504 0.07318882440115992 0.038169231713318985 0.26835950197795133 0.9980975200567999 4
0.4870832630459153 0.7928021371294759 0.4076936676523202 0.6023645788813162 0.47875764633605733 5
0.6172704697135789 0.24753296857572282 0.17615376691863105 0.2817393321370143 0.8942409044120917 2
0.8064897054719401 0.6366514227708544 0.551143281004867 0.05726201114852936 0.512572018813121 2
0.8064897054719401 0.6366514227708544 0.551143281004867 0.05726201114852936 0.512572018813121 2
0.28403858776924684 0.150495839674624 0.7163953882101842 0.5741032244743103 0.5201507085631369 4
0.8298833029602029 0.054584200841541364 0.3907880470606895 0.05272938621525314 0.10128093690180173 1
0.8886967020791632 0.4588482239122741 0.9379745527265433 0.8097136071169985 0.03555413688259279 7
0.21768936956371998 0.23378443888916656 0.29313635108584113 0.3651275399883931 0.24698642808771276 1
0.26814003679523046 0.4322827111361278 0.4136025626280099 0.25973831764782807 0.47462621949184636 3
0.5353151797536191 0.3731658333729768 0.7817376664870593 0.3465622333161231 0.8724832328224836 2
0.2055611002190052 0.041112821866901794 0.1716868883060375 0.32078568049510225 0.2964684106697666 5
0.2762649237934901 0.8940063361034468 0.47068856474178833 0.8053021329769248 0.6701371884823797 7
0.9641443722456521 0.8461024036919743 0.4802798848448625 0.7319491804734647 0.8597408385248364 8
0.5139718825987277 0.4479511417737543 0.5499149849434417 0.24226228652307957 0.6757477970016276 3
0.5685019922813727 0.7535072262213873 0.052088162940597815 0.2412620327680557 0.2752952362241634 4
0.5685019922813727 0.7535072262213873 0.052088162940597815 0.2412620327680557 0.2752952362241634 4
0.0908578437523504 0.07318882440115992 0.038169231713318985 0.26835950197795133 0.9980975200567999 4
0.4870832630459153 0.7928021371294759 0.4076936676523202 0.6023645788813162 0.47875764633605733 5
0.6172704697135789 0.24753296857572282 0.17615376691863105 0.2817393321370143 0.8942409044120917 2
0.8064897054719401 0.6366514227708544 0.551143281004867 0.05726201114852936 0.512572018813121 2
0.8064897054719401 0.6366514227708544 0.551143281004867 0.05726201114852936 0.512572018813121 2
0.547259480675639 0.47654187171846696 0.31916781974262853 0.5334308247550384 0.2374587746405492 6
0.8298833029602029 0.054584200841541364 0.3907880470606895 0.05272938621525314 0.10128093690180173 1
0.21768936956371998 0.23378443888916656 0.29313635108584113 0.3651275399883931 0.24698642808771276 1
0.46721695204611713 0.08114958427757923 0.6839946775429914 0.652200771146344 0.5476324442346315 6
0.26814003679523046 0.4322827111361278 0.4136025626280099 0.25973831764782807 0.47462621949184636 3
0.5353151797536191 0.3731658333729768 0.7817376664870593 0.3465622333161231 0.8724832328224836 2
0.877337972623795 0.11425449123210984 0.9898153019394647 0.2983922068792906 0.4678747885412241 6
0.2762649237934901 0.8940063361034468 0.47068856474178833 0.8053021329769248 0.6701371884823797 7
0.5685019922813727 0.7535072262213873 0.052088162940597815 0.2412620327680557 0.2752952362241634 4
0.5139718825987277 0.4479511417737543 0.5499149849434417 0.24226228652307957 0.6757477970016276 3
0.11265227805113998 0.6668592804983131 0.3703248490066797 0.07116156701514043 0.04668627310789153 1
0.11265227805113998 0.6668592804983131 0.3703248490066797 0.07116156701514043 0.04668627310789153 1
0.0908578437523504 0.07318882440115992 0.038169231713318985 0.26835950197795133 0.9980975200567999 4
0.6172704697135789 0.24753296857572282 0.17615376691863105 0.2817393321370143 0.8942409044120917 2
0.6172704697135789 0.24753296857572282 0.17615376691863105 0.2817393321370143 0.8942409044120917 2
0.7379153667889451 0.938547789293156 0.10835136173686066 0.03927176729082682 0.46251903136663186 2
0.40677937031588185 0.10988677500663768 0.4344410619564153 0.895434451272042 0.16549815918787336 8
0.547259480675639 0.47654187171846696 0.31916781974262853 0.5334308247550384 0.2374587746405492 6
0.8886967020791632 0.4588482239122741 0.9379745527265433 0.8097136071169985 0.03555413688259279 7
0.21768936956371998 0.23378443888916656 0.29313635108584113 0.3651275399883931 0.24698642808771276 1
0.26814003679523046 0.4322827111361278 0.4136025626280099 0.25973831764782807 0.47462621949184636 3
0.5353151797536191 0.3731658333729768 0.7817376664870593 0.3465622333161231 0.8724832328224836 2
0.2055611002190052 0.041112821866901794 0.1716868883060375 0.32078568049510225 0.2964684106697666 5
0.5139718825987277 0.4479511417737543 0.5499149849434417 0.24226228652307957 0.6757477970016276 3
0.5139718825987277 0.4479511417737543 0.5499149849434417 0.24226228652307957 0.6757477970016276 3
0.11265227805113998 0.6668592804983131 0.3703248490066797 0.07116156701514043 0.04668627310789153 1
0.0908578437523504 0.07318882440115992 0.038169231713318985 0.26835950197795133 0.9980975200567999 4
0.0908578437523504 0.07318882440115992 0.038169231713318985 0.26835950197795133 0.9980975200567999 4
0.4870832630459153 0.7928021371294759 0.4076936676523202 0.6023645788813162 0.47875764633605733 5
0.6172704697135789 0.24753296857572282 0.17615376691863105 0.2817393321370143 0.8942409044120917 2
0.8064897054719401 0.6366514227708544 0.551143281004867 0.05726201114852936 0.512572018813121 2
0.8064897054719401 0.6366514227708544 0.551143281004867 0.05726201114852936 0.512572018813121 2
0.28403858776924684 0.150495839674624 0.7163953882101842 0.5741032244743103 0.5201507085631369 4
0.8298833029602029 0.054584200841541364 0.3907880470606895 0.05272938621525314 0.10128093690180173 1
0.8886967020791632 0.4588482239122741 0.9379745527265433 0.8097136071169985 0.03555413688259279 7
0.21768936956371998 0.23378443888916656 0.29313635108584113 0.3651275399883931 0.24698642808771276 1
0.26814003679523046 0.4322827111361278 0.4136025626280099 0.25973831764782807 0.47462621949184636 3
0.5353151797536191 0.3731658333729768 0.7817376664870593 0.3465622333161231 0.8724832328224836 2
0.2055611002190052 0.041112821866901794 0.1716868883060375 0.32078568049510225 0.2964684106697666 5
0.2055611002190052 0.041112821866901794 0.1716868883060375 0.32078568049510225 0.2964684106697666 5
0.2762649237934901 0.8940063361034468 0.47068856474178833 0.8053021329769248 0.6701371884823797 7
0.16871315440518142 0.34133774921853843 0.5045973931169561 0.594131220510365 0.9044379787169113 4
0.5139718825987277 0.4479511417737543 0.5499149849434417 0.24226228652307957 0.6757477970016276 3
0.11265227805113998 0.6668592804983131 0.3703248490066797 0.07116156701514043 0.04668627310789153 1
0.4870832630459153 0.7928021371294759 0.4076936676523202 0.6023645788813162 0.47875764633605733 5
0.4870832630459153 0.7928021371294759 0.4076936676523202 0.6023645788813162 0.47875764633605733 5
0.4870832630459153 0.7928021371294759 0.4076936676523202 0.6023645788813162 0.47875764633605733 5
0.6172704697135789 0.24753296857572282 0.17615376691863105 0.2817393321370143 0.8942409044120917 2
0.7379153667889451 0.938547789293156 0.10835136173686066 0.03927176729082682 0.46251903136663186 2
0.40677937031588185 0.10988677500663768 0.4344410619564153 0.895434451272042 0.16549815918787336 8
0.547259480675639 0.47654187171846696 0.31916781974262853 0.5334308247550384 0.2374587746405492 6
0.8886967020791632 0.4588482239122741 0.9379745527265433 0.8097136071169985 0.03555413688259279 7
0.21768936956371998 0.23378443888916656 0.29313635108584113 0.3651275399883931 0.24698642808771276 1
0.26814003679523046 0.4322827111361278 0.4136025626280099 0.25973831764782807 0.47462621949184636 3
0.5353151797536191 0.3731658333729768 0.7817376664870593 0.3465622333161231 0.8724832328224836 2
0.2762649237934901 0.8940063361034468 0.47068856474178833 0.8053021329769248 0.6701371884823797 7
0.2762649237934901 0.8940063361034468 0.47068856474178833 0.8053021329769248 0.6701371884823797 7
0.5139718825987277 0.4479511417737543 0.5499149849434417 0.24226228652307957 0.6757477970016276 3
0.5139718825987277 0.4479511417737543 0.5499149849434417 0.24226228652307957 0.6757477970016276 3
0.5685019922813727 0.7535072262213873 0.052088162940597815 0.2412620327680557 0.2752952362241634 4
0.0908578437523504 0.07318882440115992 0.038169231713318985 0.26835950197795133 0.9980975200567999 4
0.0908578437523504 0.07318882440115992 0.038169231713318985 0.26835950197795133 0.9980975200567999 4
0.6172704697135789 0.24753296857572282 0.17615376691863105 0.2817393321370143 0.8942409044120917 2
0.6172704697135789 0.24753296857572282 0.17615376691863105 0.2817393321370143 0.8942409044120917 2
0.7379153667889451 0.938547789293156 0.10835136173686066 0.03927176729082682 0.46251903136663186 2
0.40677937031588185 0.10988677500663768 0.4344410619564153 0.895434451272042 0.16549815918787336 8
0.547259480675639 0.47654187171846696 0.31916781974262853 0.5334308247550384 0.2374587746405492 6
0.8886967020791632 0.4588482239122741 0.9379745527265433 0.8097136071169985 0.03555413688259279 7
0.21768936956371998 0.23378443888916656 0.29313635108584113 0.3651275399883931 0.24698642808771276 1
0.26814003679523046 0.4322827111361278 0.4136025626280099 0.25973831764782807 0.47462621949184636 3
0.5353151797536191 0.3731658333729768 0.7817376664870593 0.3465622333161231 0.8724832328224836 2
0.2762649237934901 0.8940063361034468 0.47068856474178833 0.8053021329769248 0.6701371884823797 7
0.877337972623795 0.11425449123210984 0.9898153019394647 0.2983922068792906 0.4678747885412241 6
0.2762649237934901 0.8940063361034468 0.47068856474178833 0.8053021329769248 0.6701371884823797 7
0.5139718825987277 0.4479511417737543 0.5499149849434417 0.24226228652307957 0.6757477970016276 3
0.5139718825987277 0.4479511417737543 0.5499149849434417 0.24226228652307957 0.6757477970016276 3
0.11265227805113998 0.6668592804983131 0.3703248490066797 0.07116156701514043 0.04668627310789153 1
0.4870832630459153 0.7928021371294759 0.4076936676523202 0.6023645788813162 0.47875764633605733 5
0.6172704697135789 0.24753296857572282 0.17615376691863105 0.2817393321370143 0.8942409044120917 2
0.8064897054719401 0.6366514227708544 0.551143281004867 0.05726201114852936 0.512572018813121 2
0.28403858776924684 0.150495839674624 0.7163953882101842 0.5741032244743103 0.5201507085631369 4
0.8298833029602029 0.054584200841541364 0.3907880470606895 0.05272938621525314 0.10128093690180173 1
0.8886967020791632 0.4588482239122741 0.9379745527265433 0.8097136071169985 0.03555413688259279 7
0.21768936956371998 0.23378443888916656 0.29313635108584113 0.3651275399883931 0.24698642808771276 1
0.26814003679523046 0.4322827111361278 0.4136025626280099 0.25973831764782807 0.47462621949184636 3
0.5353151797536191 0.3731658333729768 0.7817376664870593 0.3465622333161231 0.8724832328224836 2
0.37367310703415946 0.9236443238742831 0.3000659536040955 0.793628510206317 0.2324093650557405 5
