0.6120685089765883 0.04204237331450955 0.6950116307502302 0.2714569903918017 0.5413234067742587 1
0.4788003226722428 0.7091339233806705 0.32916112668189235 0.6316829428939125 0.5165379975825579 1
0.6120685089765883 0.04204237331450955 0.6950116307502302 0.2714569903918017 0.5413234067742587 1
0.4788003226722428 0.7091339233806705 0.32916112668189235 0.6316829428939125 0.5165379975825579 1
0.4788003226722428 0.7091339233806705 0.32916112668189235 0.6316829428939125 0.5165379975825579 1
0.756047336668481 0.1566724606114186 0.7271860941011371 0.604829983223989 0.22349893433025703 5
0.9949694164847684 0.4578769047073895 0.2621401434792706 0.24260248174445465 0.0763324938827259 5
0.4807220498428577 0.6265519043623023 0.06456445457769278 0.9564968620130133 0.2655776786376761 4
0.4807220498428577 0.6265519043623023 0.06456445457769278 0.9564968620130133 0.2655776786376761 4
0.4807220498428577 0.6265519043623023 0.06456445457769278 0.9564968620130133 0.2655776786376761 4
0.4807220498428577 0.6265519043623023 0.06456445457769278 0.9564968620130133 0.2655776786376761 4
0.0634287347780198 0.19802640460143228 0.4300374967090902 0.38617372331564204 0.190851939006206 3
0.0634287347780198 0.19802640460143228 0.4300374967090902 0.38617372331564204 0.190851939006206 3
0.0634287347780198 0.19802640460143228 0.4300374967090902 0.38617372331564204 0.190851939006206 3
0.0634287347780198 0.19802640460143228 0.4300374967090902 0.38617372331564204 0.190851939006206 3
0.4417188847156185 0.09164017571832095 0.9548192585983921 0.2450795416394178 0.38631993335208925 6
0.700551554724255 0.03970257184387915 0.25164825287760373 0.21644686852935635 0.968614700989349 6
0.6120685089765883 0.04204237331450955 0.6950116307502302 0.2714569903918017 0.5413234067742587 1
0.4788003226722428 0.7091339233806705 0.32916112668189235 0.6316829428939125 0.5165379975825579 1
0.4788003226722428 0.7091339233806705 0.32916112668189235 0.6316829428939125 0.5165379975825579 1
0.4788003226722428 0.7091339233806705 0.32916112668189235 0.6316829428939125 0.5165379975825579 1
0.4788003226722428 0.7091339233806705 0.32916112668189235 0.6316829428939125 0.5165379975825579 1
0.4788003226722428 0.7091339233806705 0.32916112668189235 0.6316829428939125 0.5165379975825579 1
0.6214930050985722 0.12224355810372134 0.04517393353308141 0.3753830026512819 0.7500597232451531 5
0.9949694164847684 0.4578769047073895 0.2621401434792706 0.24260248174445465 0.0763324938827259 5
0.9186758957721035 0.8291971710170617 0.6615946414460436 0.08716930432590442 0.37766063641748326 8
0.4807220498428577 0.6265519043623023 0.06456445457769278 0.9564968620130133 0.2655776786376761 4
0.4807220498428577 0.6265519043623023 0.06456445457769278 0.9564968620130133 0.2655776786376761 4
0.0634287347780198 0.19802640460143228 0.4300374967090902 0.38617372331564204 0.190851939006206 3
0.0634287347780198 0.19802640460143228 0.4300374967090902 0.38617372331564204 0.190851939006206 3
0.0634287347780198 0.19802640460143228 0.4300374967090902 0.38617372331564204 0.190851939006206 3
0.4417188847156185 0.09164017571832095 0.9548192585983921 0.2450795416394178 0.38631993335208925 6
0.13421378476618973 0.9281308265405694 0.709194300042526 0.8384315533733439 0.9752505336890287 1
0.37321678589440577 0.5388219056438379 0.4636438477690271 0.5717242570601734 0.9279322769685138 1
0.4788003226722428 0.7091339233806705 0.32916112668189235 0.6316829428939125 0.5165379975825579 1
0.6120685089765883 0.04204237331450955 0.6950116307502302 0.2714569903918017 0.5413234067742587 1
0.4788003226722428 0.7091339233806705 0.32916112668189235 0.6316829428939125 0.5165379975825579 1
0.9949694164847684 0.4578769047073895 0.2621401434792706 0.24260248174445465 0.0763324938827259 5
0.4788003226722428 0.7091339233806705 0.32916112668189235 0.6316829428939125 0.5165379975825579 1
0.6214930050985722 0.12224355810372134 0.04517393353308141 0.3753830026512819 0.7500597232451531 5
0.9949694164847684 0.4578769047073895 0.2621401434792706 0.24260248174445465 0.0763324938827259 5
0.9186758957721035 0.8291971710170617 0.6615946414460436 0.08716930432590442 0.37766063641748326 8
0.4807220498428577 0.6265519043623023 0.06456445457769278 0.9564968620130133 0.2655776786376761 4
0.4807220498428577 0.6265519043623023 0.06456445457769278 0.9564968620130133 0.2655776786376761 4
0.0634287347780198 0.19802640460143228 0.4300374967090902 0.38617372331564204 0.190851939006206 3
0.0634287347780198 0.19802640460143228 0.4300374967090902 0.38617372331564204 0.190851939006206 3
0.0634287347780198 0.19802640460143228 0.4300374967090902 0.38617372331564204 0.190851939006206 3
0.0634287347780198 0.19802640460143228 0.4300374967090902 0.38617372331564204 0.190851939006206 3
0.13421378476618973 0.9281308265405694 0.709194300042526 0.8384315533733439 0.9752505336890287 1
0.37321678589440577 0.5388219056438379 0.4636438477690271 0.5717242570601734 0.9279322769685138 1
0.4788003226722428 0.7091339233806705 0.32916112668189235 0.6316829428939125 0.5165379975825579 1
0.6120685089765883 0.04204237331450955 0.6950116307502302 0.2714569903918017 0.5413234067742587 1
0.4788003226722428 0.7091339233806705 0.32916112668189235 0.6316829428939125 0.5165379975825579 1
0.9949694164847684 0.4578769047073895 0.2621401434792706 0.24260248174445465 0.0763324938827259 5
0.4788003226722428 0.7091339233806705 0.32916112668189235 0.6316829428939125 0.5165379975825579 1
0.6214930050985722 0.12224355810372134 0.04517393353308141 0.3753830026512819 0.7500597232451531 5
0.9949694164847684 0.4578769047073895 0.2621401434792706 0.24260248174445465 0.0763324938827259 5
0.9186758957721035 0.8291971710170617 0.6615946414460436 0.08716930432590442 0.37766063641748326 8
0.3519141751928867 0.5007595171740452 0.17043851766752804 0.2649759163528965 0.23526035019094582 3
0.3519141751928867 0.5007595171740452 0.17043851766752804 0.2649759163528965 0.23526035019094582 3
0.0634287347780198 0.19802640460143228 0.4300374967090902 0.38617372331564204 0.190851939006206 3
0.0634287347780198 0.19802640460143228 0.4300374967090902 0.38617372331564204 0.190851939006206 3
0.7905407299244025 0.05086809361107081 0.9120994797993439 0.2830183702924096 0.9977238049055515 8
0.0634287347780198 0.19802640460143228 0.4300374967090902 0.38617372331564204 0.190851939006206 3
0.4417188847156185 0.09164017571832095 0.9548192585983921 0.2450795416394178 0.38631993335208925 6
0.37321678589440577 0.5388219056438379 0.4636438477690271 0.5717242570601734 0.9279322769685138 1
0.8665030157421646 0.2435374600704182 0.9859076963795563 0.3884553386677544 0.8343149437931533 7
0.4788003226722428 0.7091339233806705 0.32916112668189235 0.6316829428939125 0.5165379975825579 1
0.4788003226722428 0.7091339233806705 0.32916112668189235 0.6316829428939125 0.5165379975825579 1
0.9949694164847684 0.4578769047073895 0.2621401434792706 0.24260248174445465 0.0763324938827259 5
0.4788003226722428 0.7091339233806705 0.32916112668189235 0.6316829428939125 0.5165379975825579 1
0.9949694164847684 0.4578769047073895 0.2621401434792706 0.24260248174445465 0.0763324938827259 5
0.9949694164847684 0.4578769047073895 0.2621401434792706 0.24260248174445465 0.0763324938827259 5
0.9186758957721035 0.8291971710170617 0.6615946414460436 0.08716930432590442 0.37766063641748326 8
0.4807220498428577 0.6265519043623023 0.06456445457769278 0.9564968620130133 0.2655776786376761 4
0.3519141751928867 0.5007595171740452 0.17043851766752804 0.2649759163528965 0.23526035019094582 3
0.0634287347780198 0.19802640460143228 0.4300374967090902 0.38617372331564204 0.190851939006206 3
0.0634287347780198 0.19802640460143228 0.4300374967090902 0.38617372331564204 0.190851939006206 3
0.7905407299244025 0.05086809361107081 0.9120994797993439 0.2830183702924096 0.9977238049055515 8
0.4417188847156185 0.09164017571832095 0.9548192585983921 0.2450795416394178 0.38631993335208925 6
0.4417188847156185 0.09164017571832095 0.9548192585983921 0.2450795416394178 0.38631993335208925 6
0.4788003226722428 0.7091339233806705 0.32916112668189235 0.6316829428939125 0.5165379975825579 1
0.4788003226722428 0.7091339233806705 0.32916112668189235 0.6316829428939125 0.5165379975825579 1
0.6120685089765883 0.04204237331450955 0.6950116307502302 0.2714569903918017 0.5413234067742587 1
0.4788003226722428 0.7091339233806705 0.32916112668189235 0.6316829428939125 0.5165379975825579 1
0.9949694164847684 0.4578769047073895 0.2621401434792706 0.24260248174445465 0.0763324938827259 5
0.4788003226722428 0.7091339233806705 0.32916112668189235 0.6316829428939125 0.5165379975825579 1
0.6214930050985722 0.12224355810372134 0.04517393353308141 0.3753830026512819 0.7500597232451531 5
0.9949694164847684 0.4578769047073895 0.2621401434792706 0.24260248174445465 0.0763324938827259 5
0.9186758957721035 0.8291971710170617 0.6615946414460436 0.08716930432590442 0.37766063641748326 8
0.3519141751928867 0.5007595171740452 0.17043851766752804 0.2649759163528965 0.23526035019094582 3
0.3519141751928867 0.5007595171740452 0.17043851766752804 0.2649759163528965 0.23526035019094582 3
0.0634287347780198 0.19802640460143228 0.4300374967090902 0.38617372331564204 0.190851939006206 3
0.0634287347780198 0.19802640460143228 0.4300374967090902 0.38617372331564204 0.190851939006206 3
0.7905407299244025 0.05086809361107081 0.9120994797993439 0.2830183702924096 0.9977238049055515 8
0.0634287347780198 0.19802640460143228 0.4300374967090902 0.38617372331564204 0.190851939006206 3
0.6394544074339374 0.6579896475115616 0.6620089572354921 0.899238394933882 0.81922716600157 2
0.700551554724255 0.03970257184387915 0.25164825287760373 0.21644686852935635 0.968614700989349 6
0.37321678589440577 0.5388219056438379 0.4636438477690271 0.5717242570601734 0.9279322769685138 1
0.4788003226722428 0.7091339233806705 0.32916112668189235 0.6316829428939125 0.5165379975825579 1
0.6120685089765883 0.04204237331450955 0.6950116307502302 0.2714569903918017 0.5413234067742587 1
0.4788003226722428 0.7091339233806705 0.32916112668189235 0.6316829428939125 0.5165379975825579 1
0.9949694164847684 0.4578769047073895 0.2621401434792706 0.24260248174445465 0.0763324938827259 5
0.4788003226722428 0.7091339233806705 0.32916112668189235 0.6316829428939125 0.5165379975825579 1
0.6214930050985722 0.12224355810372134 0.04517393353308141 0.3753830026512819 0.7500597232451531 5
0.9949694164847684 0.4578769047073895 0.2621401434792706 0.24260248174445465 0.0763324938827259 5
0.4807220498428577 0.6265519043623023 0.06456445457769278 0.9564968620130133 0.2655776786376761 4
0.4807220498428577 0.6265519043623023 0.06456445457769278 0.9564968620130133 0.2655776786376761 4
0.3519141751928867 0.5007595171740452 0.17043851766752804 0.2649759163528965 0.23526035019094582 3
0.0634287347780198 0.19802640460143228 0.4300374967090902 0.38617372331564204 0.190851939006206 3
0.0634287347780198 0.19802640460143228 0.4300374967090902 0.38617372331564204 0.190851939006206 3
0.0634287347780198 0.19802640460143228 0.4300374967090902 0.38617372331564204 0.190851939006206 3
0.0634287347780198 0.19802640460143228 0.4300374967090902 0.38617372331564204 0.190851939006206 3
0.4417188847156185 0.09164017571832095 0.9548192585983921 0.2450795416394178 0.38631993335208925 6
0.4788003226722428 0.7091339233806705 0.32916112668189235 0.6316829428939125 0.5165379975825579 1
0.4417188847156185 0.09164017571832095 0.9548192585983921 0.2450795416394178 0.38631993335208925 6
0.4788003226722428 0.7091339233806705 0.32916112668189235 0.6316829428939125 0.5165379975825579 1
0.4788003226722428 0.7091339233806705 0.32916112668189235 0.6316829428939125 0.5165379975825579 1
0.4788003226722428 0.7091339233806705 0.32916112668189235 0.6316829428939125 0.5165379975825579 1
0.756047336668481 0.1566724606114186 0.7271860941011371 0.604829983223989 0.22349893433025703 5
0.5337844138915159 0.7294208984636397 0.2282504222373518 0.8978014492372983 0.6077968483700387 6
0.9949694164847684 0.4578769047073895 0.2621401434792706 0.24260248174445465 0.0763324938827259 5
0.756047336668481 0.1566724606114186 0.7271860941011371 0.604829983223989 0.22349893433025703 5
0.4807220498428577 0.6265519043623023 0.06456445457769278 0.9564968620130133 0.2655776786376761 4
0.0634287347780198 0.19802640460143228 0.4300374967090902 0.38617372331564204 0.190851939006206 3
0.0634287347780198 0.19802640460143228 0.4300374967090902 0.38617372331564204 0.190851939006206 3
0.0634287347780198 0.19802640460143228 0.4300374967090902 0.38617372331564204 0.190851939006206 3
0.0634287347780198 0.19802640460143228 0.4300374967090902 0.38617372331564204 0.190851939006206 3
0.37321678589440577 0.5388219056438379 0.4636438477690271 0.5717242570601734 0.9279322769685138 1
0.4788003226722428 0.7091339233806705 0.32916112668189235 0.6316829428939125 0.5165379975825579 1
0.6120685089765883 0.04204237331450955 0.6950116307502302 0.2714569903918017 0.5413234067742587 1
0.4788003226722428 0.7091339233806705 0.32916112668189235 0.6316829428939125 0.5165379975825579 1
0.9949694164847684 0.4578769047073895 0.2621401434792706 0.24260248174445465 0.0763324938827259 5
0.4788003226722428 0.7091339233806705 0.32916112668189235 0.6316829428939125 0.5165379975825579 1
0.6214930050985722 0.12224355810372134 0.04517393353308141 0.3753830026512819 0.7500597232451531 5
0.9949694164847684 0.4578769047073895 0.2621401434792706 0.24260248174445465 0.0763324938827259 5
0.9186758957721035 0.8291971710170617 0.6615946414460436 0.08716930432590442 0.37766063641748326 8
0.3519141751928867 0.5007595171740452 0.17043851766752804 0.2649759163528965 0.23526035019094582 3
0.3519141751928867 0.5007595171740452 0.17043851766752804 0.2649759163528965 0.23526035019094582 3
0.0634287347780198 0.19802640460143228 0.4300374967090902 0.38617372331564204 0.190851939006206 3
0.0634287347780198 0.19802640460143228 0.4300374967090902 0.38617372331564204 0.190851939006206 3
0.7905407299244025 0.05086809361107081 0.9120994797993439 0.2830183702924096 0.9977238049055515 8
0.4417188847156185 0.09164017571832095 0.9548192585983921 0.2450795416394178 0.38631993335208925 6
0.4788003226722428 0.7091339233806705 0.32916112668189235 0.6316829428939125 0.5165379975825579 1
0.6394544074339374 0.6579896475115616 0.6620089572354921 0.899238394933882 0.81922716600157 2
0.4788003226722428 0.7091339233806705 0.32916112668189235 0.6316829428939125 0.5165379975825579 1
0.4788003226722428 0.7091339233806705 0.32916112668189235 0.6316829428939125 0.5165379975825579 1
0.9949694164847684 0.4578769047073895 0.2621401434792706 0.24260248174445465 0.0763324938827259 5
0.4788003226722428 0.7091339233806705 0.32916112668189235 0.6316829428939125 0.5165379975825579 1
0.6214930050985722 0.12224355810372134 0.04517393353308141 0.3753830026512819 0.7500597232451531 5
0.9949694164847684 0.4578769047073895 0.2621401434792706 0.24260248174445465 0.0763324938827259 5
0.756047336668481 0.1566724606114186 0.7271860941011371 0.604829983223989 0.22349893433025703 5
0.4807220498428577 0.6265519043623023 0.06456445457769278 0.9564968620130133 0.2655776786376761 4
0.0634287347780198 0.19802640460143228 0.4300374967090902 0.38617372331564204 0.190851939006206 3
0.0634287347780198 0.19802640460143228 0.4300374967090902 0.38617372331564204 0.190851939006206 3
0.0634287347780198 0.19802640460143228 0.4300374967090902 0.38617372331564204 0.190851939006206 3
0.0634287347780198 0.19802640460143228 0.4300374967090902 0.38617372331564204 0.190851939006206 3
0.6120685089765883 0.04204237331450955 0.6950116307502302 0.2714569903918017 0.5413234067742587 1
0.4788003226722428 0.7091339233806705 0.32916112668189235 0.6316829428939125 0.5165379975825579 1
0.6120685089765883 0.04204237331450955 0.6950116307502302 0.2714569903918017 0.5413234067742587 1
0.4788003226722428 0.7091339233806705 0.32916112668189235 0.6316829428939125 0.5165379975825579 1
0.4788003226722428 0.7091339233806705 0.32916112668189235 0.6316829428939125 0.5165379975825579 1
0.4788003226722428 0.7091339233806705 0.32916112668189235 0.6316829428939125 0.5165379975825579 1
0.6214930050985722 0.12224355810372134 0.04517393353308141 0.3753830026512819 0.7500597232451531 5
0.4807220498428577 0.6265519043623023 0.06456445457769278 0.9564968620130133 0.2655776786376761 4
0.9186758957721035 0.8291971710170617 0.6615946414460436 0.08716930432590442 0.37766063641748326 8
0.4807220498428577 0.6265519043623023 0.06456445457769278 0.9564968620130133 0.2655776786376761 4
0.4807220498428577 0.6265519043623023 0.06456445457769278 0.9564968620130133 0.2655776786376761 4
0.0634287347780198 0.19802640460143228 0.4300374967090902 0.38617372331564204 0.190851939006206 3
0.0634287347780198 0.19802640460143228 0.4300374967090902 0.38617372331564204 0.190851939006206 3
0.0634287347780198 0.19802640460143228 0.4300374967090902 0.38617372331564204 0.190851939006206 3
0.0634287347780198 0.19802640460143228 0.4300374967090902 0.38617372331564204 0.190851939006206 3
0.6394544074339374 0.6579896475115616 0.6620089572354921 0.899238394933882 0.81922716600157 2
0.700551554724255 0.03970257184387915 0.25164825287760373 0.21644686852935635 0.968614700989349 6
0.0634287347780198 0.19802640460143228 0.4300374967090902 0.38617372331564204 0.190851939006206 3
0.6394544074339374 0.6579896475115616 0.6620089572354921 0.899238394933882 0.81922716600157 2
0.4788003226722428 0.7091339233806705 0.32916112668189235 0.6316829428939125 0.5165379975825579 1
0.4788003226722428 0.7091339233806705 0.32916112668189235 0.6316829428939125 0.5165379975825579 1
0.9949694164847684 0.4578769047073895 0.2621401434792706 0.24260248174445465 0.0763324938827259 5
0.4788003226722428 0.7091339233806705 0.32916112668189235 0.6316829428939125 0.5165379975825579 1
0.6214930050985722 0.12224355810372134 0.04517393353308141 0.3753830026512819 0.7500597232451531 5
0.9949694164847684 0.4578769047073895 0.2621401434792706 0.24260248174445465 0.0763324938827259 5
0.9186758957721035 0.8291971710170617 0.6615946414460436 0.08716930432590442 0.37766063641748326 8
0.4807220498428577 0.6265519043623023 0.06456445457769278 0.9564968620130133 0.2655776786376761 4
0.3519141751928867 0.5007595171740452 0.17043851766752804 0.2649759163528965 0.23526035019094582 3
0.0634287347780198 0.19802640460143228 0.4300374967090902 0.38617372331564204 0.190851939006206 3
0.0634287347780198 0.19802640460143228 0.4300374967090902 0.38617372331564204 0.190851939006206 3
0.0634287347780198 0.19802640460143228 0.4300374967090902 0.38617372331564204 0.190851939006206 3
0.37321678589440577 0.5388219056438379 0.4636438477690271 0.5717242570601734 0.9279322769685138 1
0.4788003226722428 0.7091339233806705 0.32916112668189235 0.6316829428939125 0.5165379975825579 1
0.6120685089765883 0.04204237331450955 0.6950116307502302 0.2714569903918017 0.5413234067742587 1
0.4788003226722428 0.7091339233806705 0.32916112668189235 0.6316829428939125 0.5165379975825579 1
0.9949694164847684 0.4578769047073895 0.2621401434792706 0.24260248174445465 0.0763324938827259 5
0.4788003226722428 0.7091339233806705 0.32916112668189235 0.6316829428939125 0.5165379975825579 1
0.6214930050985722 0.12224355810372134 0.04517393353308141 0.3753830026512819 0.7500597232451531 5
0.9949694164847684 0.4578769047073895 0.2621401434792706 0.24260248174445465 0.0763324938827259 5
0.9186758957721035 0.8291971710170617 0.6615946414460436 0.08716930432590442 0.37766063641748326 8
0.3519141751928867 0.5007595171740452 0.17043851766752804 0.2649759163528965 0.23526035019094582 3
0.3519141751928867 0.5007595171740452 0.17043851766752804 0.2649759163528965 0.23526035019094582 3
0.0634287347780198 0.19802640460143228 0.4300374967090902 0.38617372331564204 0.190851939006206 3
0.0634287347780198 0.19802640460143228 0.4300374967090902 0.38617372331564204 0.190851939006206 3
0.0634287347780198 0.19802640460143228 0.4300374967090902 0.38617372331564204 0.190851939006206 3
0.0634287347780198 0.19802640460143228 0.4300374967090902 0.38617372331564204 0.190851939006206 3
0.6394544074339374 0.6579896475115616 0.6620089572354921 0.899238394933882 0.81922716600157 2
0.4788003226722428 0.7091339233806705 0.32916112668189235 0.6316829428939125 0.5165379975825579 1
0.4788003226722428 0.7091339233806705 0.32916112668189235 0.6316829428939125 0.5165379975825579 1
0.6120685089765883 0.04204237331450955 0.6950116307502302 0.2714569903918017 0.5413234067742587 1
0.4788003226722428 0.7091339233806705 0.32916112668189235 0.6316829428939125 0.5165379975825579 1
0.9949694164847684 0.4578769047073895 0.2621401434792706 0.24260248174445465 0.0763324938827259 5
0.4788003226722428 0.7091339233806705 0.32916112668189235 0.6316829428939125 0.5165379975825579 1
0.6214930050985722 0.12224355810372134 0.04517393353308141 0.3753830026512819 0.7500597232451531 5
0.9949694164847684 0.4578769047073895 0.2621401434792706 0.24260248174445465 0.0763324938827259 5
0.756047336668481 0.1566724606114186 0.7271860941011371 0.604829983223989 0.22349893433025703 5
0.3519141751928867 0.5007595171740452 0.17043851766752804 0.2649759163528965 0.23526035019094582 3
0.3519141751928867 0.5007595171740452 0.17043851766752804 0.2649759163528965 0.23526035019094582 3
0.0634287347780198 0.19802640460143228 0.4300374967090902 0.38617372331564204 0.190851939006206 3
0.0634287347780198 0.19802640460143228 0.4300374967090902 0.38617372331564204 0.190851939006206 3
0.7905407299244025 0.05086809361107081 0.9120994797993439 0.2830183702924096 0.9977238049055515 8
0.0634287347780198 0.19802640460143228 0.4300374967090902 0.38617372331564204 0.190851939006206 3
0.6394544074339374 0.6579896475115616 0.6620089572354921 0.899238394933882 0.81922716600157 2
0.700551554724255 0.03970257184387915 0.25164825287760373 0.21644686852935635 0.968614700989349 6
0.0634287347780198 0.19802640460143228 0.4300374967090902 0.38617372331564204 0.190851939006206 3
0.4788003226722428 0.7091339233806705 0.32916112668189235 0.6316829428939125 0.5165379975825579 1
0.4788003226722428 0.7091339233806705 0.32916112668189235 0.6316829428939125 0.5165379975825579 1
0.4788003226722428 0.7091339233806705 0.32916112668189235 0.6316829428939125 0.5165379975825579 1
0.9949694164847684 0.4578769047073895 0.2621401434792706 0.24260248174445465 0.0763324938827259 5
0.4788003226722428 0.7091339233806705 0.32916112668189235 0.6316829428939125 0.5165379975825579 1
0.6214930050985722 0.12224355810372134 0.04517393353308141 0.3753830026512819 0.7500597232451531 5
0.9949694164847684 0.4578769047073895 0.2621401434792706 0.24260248174445465 0.0763324938827259 5
0.9186758957721035 0.8291971710170617 0.6615946414460436 0.08716930432590442 0.37766063641748326 8
0.4807220498428577 0.6265519043623023 0.06456445457769278 0.9564968620130133 0.2655776786376761 4
0.4807220498428577 0.6265519043623023 0.06456445457769278 0.9564968620130133 0.2655776786376761 4
0.0634287347780198 0.19802640460143228 0.4300374967090902 0.38617372331564204 0.190851939006206 3
0.0634287347780198 0.19802640460143228 0.4300374967090902 0.38617372331564204 0.190851939006206 3
0.0634287347780198 0.19802640460143228 0.4300374967090902 0.38617372331564204 0.190851939006206 3
0.4417188847156185 0.09164017571832095 0.9548192585983921 0.2450795416394178 0.38631993335208925 6
0.13421378476618973 0.9281308265405694 0.709194300042526 0.8384315533733439 0.9752505336890287 1
0.6120685089765883 0.04204237331450955 0.6950116307502302 0.2714569903918017 0.5413234067742587 1
0.4788003226722428 0.7091339233806705 0.32916112668189235 0.6316829428939125 0.5165379975825579 1
0.6120685089765883 0.04204237331450955 0.6950116307502302 0.2714569903918017 0.5413234067742587 1
0.4788003226722428 0.7091339233806705 0.32916112668189235 0.6316829428939125 0.5165379975825579 1
0.4788003226722428 0.7091339233806705 0.32916112668189235 0.6316829428939125 0.5165379975825579 1
0.4788003226722428 0.7091339233806705 0.32916112668189235 0.6316829428939125 0.5165379975825579 1
0.6214930050985722 0.12224355810372134 0.04517393353308141 0.3753830026512819 0.7500597232451531 5
0.9949694164847684 0.4578769047073895 0.2621401434792706 0.24260248174445465 0.0763324938827259 5
0.9186758957721035 0.8291971710170617 0.6615946414460436 0.08716930432590442 0.37766063641748326 8
0.4807220498428577 0.6265519043623023 0.06456445457769278 0.9564968620130133 0.2655776786376761 4
0.3519141751928867 0.5007595171740452 0.17043851766752804 0.2649759163528965 0.23526035019094582 3
0.0634287347780198 0.19802640460143228 0.4300374967090902 0.38617372331564204 0.190851939006206 3
0.0634287347780198 0.19802640460143228 0.4300374967090902 0.38617372331564204 0.190851939006206 3
0.0634287347780198 0.19802640460143228 0.4300374967090902 0.38617372331564204 0.190851939006206 3
0.0634287347780198 0.19802640460143228 0.4300374967090902 0.38617372331564204 0.190851939006206 3
0.6394544074339374 0.6579896475115616 0.6620089572354921 0.899238394933882 0.81922716600157 2
0.700551554724255 0.03970257184387915 0.25164825287760373 0.21644686852935635 0.968614700989349 6
0.3200048882348877 0.4796130020260848 0.5015406778007883 0.9905726305860258 0.6220797904083613 5
0.6120685089765883 0.04204237331450955 0.6950116307502302 0.2714569903918017 0.5413234067742587 1
0.4788003226722428 0.7091339233806705 0.32916112668189235 0.6316829428939125 0.5165379975825579 1
0.6120685089765883 0.04204237331450955 0.6950116307502302 0.2714569903918017 0.5413234067742587 1
0.4788003226722428 0.7091339233806705 0.32916112668189235 0.6316829428939125 0.5165379975825579 1
0.4788003226722428 0.7091339233806705 0.32916112668189235 0.6316829428939125 0.5165379975825579 1
0.4788003226722428 0.7091339233806705 0.32916112668189235 0.6316829428939125 0.5165379975825579 1
0.6214930050985722 0.12224355810372134 0.04517393353308141 0.3753830026512819 0.7500597232451531 5
0.9949694164847684 0.4578769047073895 0.2621401434792706 0.24260248174445465 0.0763324938827259 5
0.9186758957721035 0.8291971710170617 0.6615946414460436 0.08716930432590442 0.37766063641748326 8
0.4807220498428577 0.6265519043623023 0.06456445457769278 0.9564968620130133 0.2655776786376761 4
0.4807220498428577 0.6265519043623023 0.06456445457769278 0.9564968620130133 0.2655776786376761 4
0.0634287347780198 0.19802640460143228 0.4300374967090902 0.38617372331564204 0.190851939006206 3
0.0634287347780198 0.19802640460143228 0.4300374967090902 0.38617372331564204 0.190851939006206 3
0.0634287347780198 0.19802640460143228 0.4300374967090902 0.38617372331564204 0.190851939006206 3
0.4417188847156185 0.09164017571832095 0.9548192585983921 0.2450795416394178 0.38631993335208925 6
0.13421378476618973 0.9281308265405694 0.709194300042526 0.8384315533733439 0.9752505336890287 1
0.6120685089765883 0.04204237331450955 0.6950116307502302 0.2714569903918017 0.5413234067742587 1
0.4788003226722428 0.7091339233806705 0.32916112668189235 0.6316829428939125 0.5165379975825579 1
0.700551554724255 0.03970257184387915 0.25164825287760373 0.21644686852935635 0.968614700989349 6
0.6120685089765883 0.04204237331450955 0.6950116307502302 0.2714569903918017 0.5413234067742587 1
0.4788003226722428 0.7091339233806705 0.32916112668189235 0.6316829428939125 0.5165379975825579 1
0.756047336668481 0.1566724606114186 0.7271860941011371 0.604829983223989 0.22349893433025703 5
0.5337844138915159 0.7294208984636397 0.2282504222373518 0.8978014492372983 0.6077968483700387 6
0.9949694164847684 0.4578769047073895 0.2621401434792706 0.24260248174445465 0.0763324938827259 5
0.756047336668481 0.1566724606114186 0.7271860941011371 0.604829983223989 0.22349893433025703 5
0.3519141751928867 0.5007595171740452 0.17043851766752804 0.2649759163528965 0.23526035019094582 3
0.3519141751928867 0.5007595171740452 0.17043851766752804 0.2649759163528965 0.23526035019094582 3
0.0634287347780198 0.19802640460143228 0.4300374967090902 0.38617372331564204 0.190851939006206 3
0.0634287347780198 0.19802640460143228 0.4300374967090902 0.38617372331564204 0.190851939006206 3
0.0634287347780198 0.19802640460143228 0.4300374967090902 0.38617372331564204 0.190851939006206 3
0.37321678589440577 0.5388219056438379 0.4636438477690271 0.5717242570601734 0.9279322769685138 1
0.8665030157421646 0.2435374600704182 0.9859076963795563 0.3884553386677544 0.8343149437931533 7
0.4788003226722428 0.7091339233806705 0.32916112668189235 0.6316829428939125 0.5165379975825579 1
0.4788003226722428 0.7091339233806705 0.32916112668189235 0.6316829428939125 0.5165379975825579 1
0.9949694164847684 0.4578769047073895 0.2621401434792706 0.24260248174445465 0.0763324938827259 5
0.4788003226722428 0.7091339233806705 0.32916112668189235 0.6316829428939125 0.5165379975825579 1
0.6214930050985722 0.12224355810372134 0.04517393353308141 0.3753830026512819 0.7500597232451531 5
0.9949694164847684 0.4578769047073895 0.2621401434792706 0.24260248174445465 0.0763324938827259 5
0.9186758957721035 0.8291971710170617 0.6615946414460436 0.08716930432590442 0.37766063641748326 8
0.4807220498428577 0.6265519043623023 0.06456445457769278 0.9564968620130133 0.2655776786376761 4
0.4807220498428577 0.6265519043623023 0.06456445457769278 0.9564968620130133 0.2655776786376761 4
0.3519141751928867 0.5007595171740452 0.17043851766752804 0.2649759163528965 0.23526035019094582 3
0.0634287347780198 0.19802640460143228 0.4300374967090902 0.38617372331564204 0.190851939006206 3
0.0634287347780198 0.19802640460143228 0.4300374967090902 0.38617372331564204 0.190851939006206 3
0.4417188847156185 0.09164017571832095 0.9548192585983921 0.2450795416394178 0.38631993335208925 6
0.6120685089765883 0.04204237331450955 0.6950116307502302 0.2714569903918017 0.5413234067742587 1
0.4788003226722428 0.7091339233806705 0.32916112668189235 0.6316829428939125 0.5165379975825579 1
0.4788003226722428 0.7091339233806705 0.32916112668189235 0.6316829428939125 0.5165379975825579 1
0.4788003226722428 0.7091339233806705 0.32916112668189235 0.6316829428939125 0.5165379975825579 1
0.4788003226722428 0.7091339233806705 0.32916112668189235 0.6316829428939125 0.5165379975825579 1
0.4788003226722428 0.7091339233806705 0.32916112668189235 0.6316829428939125 0.5165379975825579 1
0.6214930050985722 0.12224355810372134 0.04517393353308141 0.3753830026512819 0.7500597232451531 5
0.9949694164847684 0.4578769047073895 0.2621401434792706 0.24260248174445465 0.0763324938827259 5
0.9186758957721035 0.8291971710170617 0.6615946414460436 0.08716930432590442 0.37766063641748326 8
0.4807220498428577 0.6265519043623023 0.06456445457769278 0.9564968620130133 0.2655776786376761 4
0.4807220498428577 0.6265519043623023 0.06456445457769278 0.9564968620130133 0.2655776786376761 4
0.0634287347780198 0.19802640460143228 0.4300374967090902 0.38617372331564204 0.190851939006206 3
0.0634287347780198 0.19802640460143228 0.4300374967090902 0.38617372331564204 0.190851939006206 3
0.0634287347780198 0.19802640460143228 0.4300374967090902 0.38617372331564204 0.190851939006206 3
0.0634287347780198 0.19802640460143228 0.4300374967090902 0.38617372331564204 0.190851939006206 3
0.13421378476618973 0.9281308265405694 0.709194300042526 0.8384315533733439 0.9752505336890287 1
0.6120685089765883 0.04204237331450955 0.6950116307502302 0.2714569903918017 0.5413234067742587 1
0.4788003226722428 0.7091339233806705 0.32916112668189235 0.6316829428939125 0.5165379975825579 1
0.5794022984692717 0.5250844061390657 0.5387761570294282 0.4026155060965184 0.19732686089628015 1
0.4788003226722428 0.7091339233806705 0.32916112668189235 0.6316829428939125 0.5165379975825579 1
0.4417188847156185 0.09164017571832095 0.9548192585983921 0.2450795416394178 0.38631993335208925 6
0.4788003226722428 0.7091339233806705 0.32916112668189235 0.6316829428939125 0.5165379975825579 1
0.4788003226722428 0.7091339233806705 0.32916112668189235 0.6316829428939125 0.5165379975825579 1
0.4788003226722428 0.7091339233806705 0.32916112668189235 0.6316829428939125 0.5165379975825579 1
0.756047336668481 0.1566724606114186 0.7271860941011371 0.604829983223989 0.22349893433025703 5
0.5337844138915159 0.7294208984636397 0.2282504222373518 0.8978014492372983 0.6077968483700387 6
0.9949694164847684 0.4578769047073895 0.2621401434792706 0.24260248174445465 0.0763324938827259 5
0.756047336668481 0.1566724606114186 0.7271860941011371 0.604829983223989 0.22349893433025703 5
0.4807220498428577 0.6265519043623023 0.06456445457769278 0.9564968620130133 0.2655776786376761 4
0.0634287347780198 0.19802640460143228 0.4300374967090902 0.38617372331564204 0.190851939006206 3
0.0634287347780198 0.19802640460143228 0.4300374967090902 0.38617372331564204 0.190851939006206 3
0.0634287347780198 0.19802640460143228 0.4300374967090902 0.38617372331564204 0.190851939006206 3
0.0634287347780198 0.19802640460143228 0.4300374967090902 0.38617372331564204 0.190851939006206 3
0.0634287347780198 0.19802640460143228 0.4300374967090902 0.38617372331564204 0.190851939006206 3
0.0634287347780198 0.19802640460143228 0.4300374967090902 0.38617372331564204 0.190851939006206 3
0.4788003226722428 0.7091339233806705 0.32916112668189235 0.6316829428939125 0.5165379975825579 1
0.4788003226722428 0.7091339233806705 0.32916112668189235 0.6316829428939125 0.5165379975825579 1
0.4788003226722428 0.7091339233806705 0.32916112668189235 0.6316829428939125 0.5165379975825579 1
0.9949694164847684 0.4578769047073895 0.2621401434792706 0.24260248174445465 0.0763324938827259 5
0.4788003226722428 0.7091339233806705 0.32916112668189235 0.6316829428939125 0.5165379975825579 1
0.6214930050985722 0.12224355810372134 0.04517393353308141 0.3753830026512819 0.7500597232451531 5
0.9949694164847684 0.4578769047073895 0.2621401434792706 0.24260248174445465 0.0763324938827259 5
0.9186758957721035 0.8291971710170617 0.6615946414460436 0.08716930432590442 0.37766063641748326 8
0.3519141751928867 0.5007595171740452 0.17043851766752804 0.2649759163528965 0.23526035019094582 3
0.4807220498428577 0.6265519043623023 0.06456445457769278 0.9564968620130133 0.2655776786376761 4
0.0634287347780198 0.19802640460143228 0.4300374967090902 0.38617372331564204 0.190851939006206 3
0.0634287347780198 0.19802640460143228 0.4300374967090902 0.38617372331564204 0.190851939006206 3
0.0634287347780198 0.19802640460143228 0.4300374967090902 0.38617372331564204 0.190851939006206 3
0.4417188847156185 0.09164017571832095 0.9548192585983921 0.2450795416394178 0.38631993335208925 6
0.4417188847156185 0.09164017571832095 0.9548192585983921 0.2450795416394178 0.38631993335208925 6
0.0634287347780198 0.19802640460143228 0.4300374967090902 0.38617372331564204 0.190851939006206 3
0.4788003226722428 0.7091339233806705 0.32916112668189235 0.6316829428939125 0.5165379975825579 1
0.4788003226722428 0.7091339233806705 0.32916112668189235 0.6316829428939125 0.5165379975825579 1
0.4788003226722428 0.7091339233806705 0.32916112668189235 0.6316829428939125 0.5165379975825579 1
0.9949694164847684 0.4578769047073895 0.2621401434792706 0.24260248174445465 0.0763324938827259 5
0.4788003226722428 0.7091339233806705 0.32916112668189235 0.6316829428939125 0.5165379975825579 1
0.6214930050985722 0.12224355810372134 0.04517393353308141 0.3753830026512819 0.7500597232451531 5
0.9949694164847684 0.4578769047073895 0.2621401434792706 0.24260248174445465 0.0763324938827259 5
0.9186758957721035 0.8291971710170617 0.6615946414460436 0.08716930432590442 0.37766063641748326 8
0.4807220498428577 0.6265519043623023 0.06456445457769278 0.9564968620130133 0.2655776786376761 4
0.4807220498428577 0.6265519043623023 0.06456445457769278 0.9564968620130133 0.2655776786376761 4
0.0634287347780198 0.19802640460143228 0.4300374967090902 0.38617372331564204 0.190851939006206 3
0.0634287347780198 0.19802640460143228 0.4300374967090902 0.38617372331564204 0.190851939006206 3
0.0634287347780198 0.19802640460143228 0.4300374967090902 0.38617372331564204 0.190851939006206 3
0.4417188847156185 0.09164017571832095 0.9548192585983921 0.2450795416394178 0.38631993335208925 6
0.13421378476618973 0.9281308265405694 0.709194300042526 0.8384315533733439 0.9752505336890287 1
0.700551554724255 0.03970257184387915 0.25164825287760373 0.21644686852935635 0.968614700989349 6
0.4788003226722428 0.7091339233806705 0.32916112668189235 0.6316829428939125 0.5165379975825579 1
0.4788003226722428 0.7091339233806705 0.32916112668189235 0.6316829428939125 0.5165379975825579 1
0.700551554724255 0.03970257184387915 0.25164825287760373 0.21644686852935635 0.968614700989349 6
0.6120685089765883 0.04204237331450955 0.6950116307502302 0.2714569903918017 0.5413234067742587 1
0.4788003226722428 0.7091339233806705 0.32916112668189235 0.6316829428939125 0.5165379975825579 1
0.756047336668481 0.1566724606114186 0.7271860941011371 0.604829983223989 0.22349893433025703 5
0.5337844138915159 0.7294208984636397 0.2282504222373518 0.8978014492372983 0.6077968483700387 6
0.9949694164847684 0.4578769047073895 0.2621401434792706 0.24260248174445465 0.0763324938827259 5
0.756047336668481 0.1566724606114186 0.7271860941011371 0.604829983223989 0.22349893433025703 5
0.4807220498428577 0.6265519043623023 0.06456445457769278 0.9564968620130133 0.2655776786376761 4
0.0634287347780198 0.19802640460143228 0.4300374967090902 0.38617372331564204 0.190851939006206 3
0.0634287347780198 0.19802640460143228 0.4300374967090902 0.38617372331564204 0.190851939006206 3
0.0634287347780198 0.19802640460143228 0.4300374967090902 0.38617372331564204 0.190851939006206 3
0.0634287347780198 0.19802640460143228 0.4300374967090902 0.38617372331564204 0.190851939006206 3
0.37321678589440577 0.5388219056438379 0.4636438477690271 0.5717242570601734 0.9279322769685138 1
0.4788003226722428 0.7091339233806705 0.32916112668189235 0.6316829428939125 0.5165379975825579 1
0.6120685089765883 0.04204237331450955 0.6950116307502302 0.2714569903918017 0.5413234067742587 1
0.4788003226722428 0.7091339233806705 0.32916112668189235 0.6316829428939125 0.5165379975825579 1
0.4788003226722428 0.7091339233806705 0.32916112668189235 0.6316829428939125 0.5165379975825579 1
0.4788003226722428 0.7091339233806705 0.32916112668189235 0.6316829428939125 0.5165379975825579 1
0.6214930050985722 0.12224355810372134 0.04517393353308141 0.3753830026512819 0.7500597232451531 5
0.9949694164847684 0.4578769047073895 0.2621401434792706 0.24260248174445465 0.0763324938827259 5
0.4807220498428577 0.6265519043623023 0.06456445457769278 0.9564968620130133 0.2655776786376761 4
0.4807220498428577 0.6265519043623023 0.06456445457769278 0.9564968620130133 0.2655776786376761 4
0.3519141751928867 0.5007595171740452 0.17043851766752804 0.2649759163528965 0.23526035019094582 3
0.0634287347780198 0.19802640460143228 0.4300374967090902 0.38617372331564204 0.190851939006206 3
0.0634287347780198 0.19802640460143228 0.4300374967090902 0.38617372331564204 0.190851939006206 3
0.0634287347780198 0.19802640460143228 0.4300374967090902 0.38617372331564204 0.190851939006206 3
0.0634287347780198 0.19802640460143228 0.4300374967090902 0.38617372331564204 0.190851939006206 3
0.4417188847156185 0.09164017571832095 0.9548192585983921 0.2450795416394178 0.38631993335208925 6
0.6120685089765883 0.04204237331450955 0.6950116307502302 0.2714569903918017 0.5413234067742587 1
0.4788003226722428 0.7091339233806705 0.32916112668189235 0.6316829428939125 0.5165379975825579 1
0.6120685089765883 0.04204237331450955 0.6950116307502302 0.2714569903918017 0.5413234067742587 1
0.4788003226722428 0.7091339233806705 0.32916112668189235 0.6316829428939125 0.5165379975825579 1
0.4788003226722428 0.7091339233806705 0.32916112668189235 0.6316829428939125 0.5165379975825579 1
0.756047336668481 0.1566724606114186 0.7271860941011371 0.604829983223989 0.22349893433025703 5
0.9949694164847684 0.4578769047073895 0.2621401434792706 0.24260248174445465 0.0763324938827259 5
0.4807220498428577 0.6265519043623023 0.06456445457769278 0.9564968620130133 0.2655776786376761 4
0.9186758957721035 0.8291971710170617 0.6615946414460436 0.08716930432590442 0.37766063641748326 8
0.4807220498428577 0.6265519043623023 0.06456445457769278 0.9564968620130133 0.2655776786376761 4
0.4807220498428577 0.6265519043623023 0.06456445457769278 0.9564968620130133 0.2655776786376761 4
0.0634287347780198 0.19802640460143228 0.4300374967090902 0.38617372331564204 0.190851939006206 3
0.0634287347780198 0.19802640460143228 0.4300374967090902 0.38617372331564204 0.190851939006206 3
0.0634287347780198 0.19802640460143228 0.4300374967090902 0.38617372331564204 0.190851939006206 3
0.0634287347780198 0.19802640460143228 0.4300374967090902 0.38617372331564204 0.190851939006206 3
0.4417188847156185 0.09164017571832095 0.9548192585983921 0.2450795416394178 0.38631993335208925 6
0.700551554724255 0.03970257184387915 0.25164825287760373 0.21644686852935635 0.968614700989349 6
0.6120685089765883 0.04204237331450955 0.6950116307502302 0.2714569903918017 0.5413234067742587 1
0.4788003226722428 0.7091339233806705 0.32916112668189235 0.6316829428939125 0.5165379975825579 1
0.6120685089765883 0.04204237331450955 0.6950116307502302 0.2714569903918017 0.5413234067742587 1
0.4788003226722428 0.7091339233806705 0.32916112668189235 0.6316829428939125 0.5165379975825579 1
0.4788003226722428 0.7091339233806705 0.32916112668189235 0.6316829428939125 0.5165379975825579 1
0.4788003226722428 0.7091339233806705 0.32916112668189235 0.6316829428939125 0.5165379975825579 1
0.6214930050985722 0.12224355810372134 0.04517393353308141 0.3753830026512819 0.7500597232451531 5
0.9949694164847684 0.4578769047073895 0.2621401434792706 0.24260248174445465 0.0763324938827259 5
0.9186758957721035 0.8291971710170617 0.6615946414460436 0.08716930432590442 0.37766063641748326 8
0.4807220498428577 0.6265519043623023 0.06456445457769278 0.9564968620130133 0.2655776786376761 4
0.3519141751928867 0.5007595171740452 0.17043851766752804 0.2649759163528965 0.23526035019094582 3
0.0634287347780198 0.19802640460143228 0.4300374967090902 0.38617372331564204 0.190851939006206 3
0.0634287347780198 0.19802640460143228 0.4300374967090902 0.38617372331564204 0.190851939006206 3
0.0634287347780198 0.19802640460143228 0.4300374967090902 0.38617372331564204 0.190851939006206 3
0.0634287347780198 0.19802640460143228 0.4300374967090902 0.38617372331564204 0.190851939006206 3
0.6394544074339374 0.6579896475115616 0.6620089572354921 0.899238394933882 0.81922716600157 2
0.700551554724255 0.03970257184387915 0.25164825287760373 0.21644686852935635 0.968614700989349 6
0.3200048882348877 0.4796130020260848 0.5015406778007883 0.9905726305860258 0.6220797904083613 5
0.4788003226722428 0.7091339233806705 0.32916112668189235 0.6316829428939125 0.5165379975825579 1
0.4788003226722428 0.7091339233806705 0.32916112668189235 0.6316829428939125 0.5165379975825579 1
0.6120685089765883 0.04204237331450955 0.6950116307502302 0.2714569903918017 0.5413234067742587 1
0.4788003226722428 0.7091339233806705 0.32916112668189235 0.6316829428939125 0.5165379975825579 1
0.4788003226722428 0.7091339233806705 0.32916112668189235 0.6316829428939125 0.5165379975825579 1
0.4788003226722428 0.7091339233806705 0.32916112668189235 0.6316829428939125 0.5165379975825579 1
0.6214930050985722 0.12224355810372134 0.04517393353308141 0.3753830026512819 0.7500597232451531 5
0.9949694164847684 0.4578769047073895 0.2621401434792706 0.24260248174445465 0.0763324938827259 5
0.9186758957721035 0.8291971710170617 0.6615946414460436 0.08716930432590442 0.37766063641748326 8
0.3519141751928867 0.5007595171740452 0.17043851766752804 0.2649759163528965 0.23526035019094582 3
0.3519141751928867 0.5007595171740452 0.17043851766752804 0.2649759163528965 0.23526035019094582 3
0.0634287347780198 0.19802640460143228 0.4300374967090902 0.38617372331564204 0.190851939006206 3
0.0634287347780198 0.19802640460143228 0.4300374967090902 0.38617372331564204 0.190851939006206 3
0.7905407299244025 0.05086809361107081 0.9120994797993439 0.2830183702924096 0.9977238049055515 8
0.0634287347780198 0.19802640460143228 0.4300374967090902 0.38617372331564204 0.190851939006206 3
0.6394544074339374 0.6579896475115616 0.6620089572354921 0.899238394933882 0.81922716600157 2
0.700551554724255 0.03970257184387915 0.25164825287760373 0.21644686852935635 0.968614700989349 6
0.37321678589440577 0.5388219056438379 0.4636438477690271 0.5717242570601734 0.9279322769685138 1
0.4788003226722428 0.7091339233806705 0.32916112668189235 0.6316829428939125 0.5165379975825579 1
0.6120685089765883 0.04204237331450955 0.6950116307502302 0.2714569903918017 0.5413234067742587 1
0.4788003226722428 0.7091339233806705 0.32916112668189235 0.6316829428939125 0.5165379975825579 1
0.9949694164847684 0.4578769047073895 0.2621401434792706 0.24260248174445465 0.0763324938827259 5
0.4788003226722428 0.7091339233806705 0.32916112668189235 0.6316829428939125 0.5165379975825579 1
0.6214930050985722 0.12224355810372134 0.04517393353308141 0.3753830026512819 0.7500597232451531 5
0.9949694164847684 0.4578769047073895 0.2621401434792706 0.24260248174445465 0.0763324938827259 5
0.9186758957721035 0.8291971710170617 0.6615946414460436 0.08716930432590442 0.37766063641748326 8
0.3519141751928867 0.5007595171740452 0.17043851766752804 0.2649759163528965 0.23526035019094582 3
0.3519141751928867 0.5007595171740452 0.17043851766752804 0.2649759163528965 0.23526035019094582 3
0.0634287347780198 0.19802640460143228 0.4300374967090902 0.38617372331564204 0.190851939006206 3
0.0634287347780198 0.19802640460143228 0.4300374967090902 0.38617372331564204 0.190851939006206 3
0.0634287347780198 0.19802640460143228 0.4300374967090902 0.38617372331564204 0.190851939006206 3
0.13421378476618973 0.9281308265405694 0.709194300042526 0.8384315533733439 0.9752505336890287 1
0.6120685089765883 0.04204237331450955 0.6950116307502302 0.2714569903918017 0.5413234067742587 1
0.4788003226722428 0.7091339233806705 0.32916112668189235 0.6316829428939125 0.5165379975825579 1
0.700551554724255 0.03970257184387915 0.25164825287760373 0.21644686852935635 0.968614700989349 6
0.4788003226722428 0.7091339233806705 0.32916112668189235 0.6316829428939125 0.5165379975825579 1
0.4788003226722428 0.7091339233806705 0.32916112668189235 0.6316829428939125 0.5165379975825579 1
0.4788003226722428 0.7091339233806705 0.32916112668189235 0.6316829428939125 0.5165379975825579 1
0.5337844138915159 0.7294208984636397 0.2282504222373518 0.8978014492372983 0.6077968483700387 6
0.9949694164847684 0.4578769047073895 0.2621401434792706 0.24260248174445465 0.0763324938827259 5
0.756047336668481 0.1566724606114186 0.7271860941011371 0.604829983223989 0.22349893433025703 5
0.4807220498428577 0.6265519043623023 0.06456445457769278 0.9564968620130133 0.2655776786376761 4
0.0634287347780198 0.19802640460143228 0.4300374967090902 0.38617372331564204 0.190851939006206 3
0.0634287347780198 0.19802640460143228 0.4300374967090902 0.38617372331564204 0.190851939006206 3
0.0634287347780198 0.19802640460143228 0.4300374967090902 0.38617372331564204 0.190851939006206 3
0.0634287347780198 0.19802640460143228 0.4300374967090902 0.38617372331564204 0.190851939006206 3
0.6120685089765883 0.04204237331450955 0.6950116307502302 0.2714569903918017 0.5413234067742587 1
0.4788003226722428 0.7091339233806705 0.32916112668189235 0.6316829428939125 0.5165379975825579 1
0.6120685089765883 0.04204237331450955 0.6950116307502302 0.2714569903918017 0.5413234067742587 1
0.4788003226722428 0.7091339233806705 0.32916112668189235 0.6316829428939125 0.5165379975825579 1
0.4788003226722428 0.7091339233806705 0.32916112668189235 0.6316829428939125 0.5165379975825579 1
0.756047336668481 0.1566724606114186 0.7271860941011371 0.604829983223989 0.22349893433025703 5
0.9949694164847684 0.4578769047073895 0.2621401434792706 0.24260248174445465 0.0763324938827259 5
0.4807220498428577 0.6265519043623023 0.06456445457769278 0.9564968620130133 0.2655776786376761 4
0.9186758957721035 0.8291971710170617 0.6615946414460436 0.08716930432590442 0.37766063641748326 8
0.4807220498428577 0.6265519043623023 0.06456445457769278 0.9564968620130133 0.2655776786376761 4
0.4807220498428577 0.6265519043623023 0.06456445457769278 0.9564968620130133 0.2655776786376761 4
0.0634287347780198 0.19802640460143228 0.4300374967090902 0.38617372331564204 0.190851939006206 3
0.0634287347780198 0.19802640460143228 0.4300374967090902 0.38617372331564204 0.190851939006206 3
0.7905407299244025 0.05086809361107081 0.9120994797993439 0.2830183702924096 0.9977238049055515 8
0.0634287347780198 0.19802640460143228 0.4300374967090902 0.38617372331564204 0.190851939006206 3
0.4417188847156185 0.09164017571832095 0.9548192585983921 0.2450795416394178 0.38631993335208925 6
0.13421378476618973 0.9281308265405694 0.709194300042526 0.8384315533733439 0.9752505336890287 1
0.4788003226722428 0.7091339233806705 0.32916112668189235 0.6316829428939125 0.5165379975825579 1
0.6214930050985722 0.12224355810372134 0.04517393353308141 0.3753830026512819 0.7500597232451531 5
0.6214930050985722 0.12224355810372134 0.04517393353308141 0.3753830026512819 0.7500597232451531 5
0.4788003226722428 0.7091339233806705 0.32916112668189235 0.6316829428939125 0.5165379975825579 1
0.4788003226722428 0.7091339233806705 0.32916112668189235 0.6316829428939125 0.5165379975825579 1
0.6214930050985722 0.12224355810372134 0.04517393353308141 0.3753830026512819 0.7500597232451531 5
0.4807220498428577 0.6265519043623023 0.06456445457769278 0.9564968620130133 0.2655776786376761 4
0.9186758957721035 0.8291971710170617 0.6615946414460436 0.08716930432590442 0.37766063641748326 8
0.4807220498428577 0.6265519043623023 0.06456445457769278 0.9564968620130133 0.2655776786376761 4
0.4807220498428577 0.6265519043623023 0.06456445457769278 0.9564968620130133 0.2655776786376761 4
0.0634287347780198 0.19802640460143228 0.4300374967090902 0.38617372331564204 0.190851939006206 3
0.0634287347780198 0.19802640460143228 0.4300374967090902 0.38617372331564204 0.190851939006206 3
0.0634287347780198 0.19802640460143228 0.4300374967090902 0.38617372331564204 0.190851939006206 3
0.7905407299244025 0.05086809361107081 0.9120994797993439 0.2830183702924096 0.9977238049055515 8
0.6120685089765883 0.04204237331450955 0.6950116307502302 0.2714569903918017 0.5413234067742587 1
0.4788003226722428 0.7091339233806705 0.32916112668189235 0.6316829428939125 0.5165379975825579 1
0.4788003226722428 0.7091339233806705 0.32916112668189235 0.6316829428939125 0.5165379975825579 1
0.6120685089765883 0.04204237331450955 0.6950116307502302 0.2714569903918017 0.5413234067742587 1
0.4788003226722428 0.7091339233806705 0.32916112668189235 0.6316829428939125 0.5165379975825579 1
0.4788003226722428 0.7091339233806705 0.32916112668189235 0.6316829428939125 0.5165379975825579 1
0.756047336668481 0.1566724606114186 0.7271860941011371 0.604829983223989 0.22349893433025703 5
0.9949694164847684 0.4578769047073895 0.2621401434792706 0.24260248174445465 0.0763324938827259 5
0.4807220498428577 0.6265519043623023 0.06456445457769278 0.9564968620130133 0.2655776786376761 4
0.4807220498428577 0.6265519043623023 0.06456445457769278 0.9564968620130133 0.2655776786376761 4
0.4807220498428577 0.6265519043623023 0.06456445457769278 0.9564968620130133 0.2655776786376761 4
0.4807220498428577 0.6265519043623023 0.06456445457769278 0.9564968620130133 0.2655776786376761 4
0.0634287347780198 0.19802640460143228 0.4300374967090902 0.38617372331564204 0.190851939006206 3
0.0634287347780198 0.19802640460143228 0.4300374967090902 0.38617372331564204 0.190851939006206 3
0.0634287347780198 0.19802640460143228 0.4300374967090902 0.38617372331564204 0.190851939006206 3
0.0634287347780198 0.19802640460143228 0.4300374967090902 0.38617372331564204 0.190851939006206 3
0.4788003226722428 0.7091339233806705 0.32916112668189235 0.6316829428939125 0.5165379975825579 1
0.4417188847156185 0.09164017571832095 0.9548192585983921 0.2450795416394178 0.38631993335208925 6
0.6120685089765883 0.04204237331450955 0.6950116307502302 0.2714569903918017 0.5413234067742587 1
0.4788003226722428 0.7091339233806705 0.32916112668189235 0.6316829428939125 0.5165379975825579 1
0.6120685089765883 0.04204237331450955 0.6950116307502302 0.2714569903918017 0.5413234067742587 1
0.4788003226722428 0.7091339233806705 0.32916112668189235 0.6316829428939125 0.5165379975825579 1
0.4788003226722428 0.7091339233806705 0.32916112668189235 0.6316829428939125 0.5165379975825579 1
0.4788003226722428 0.7091339233806705 0.32916112668189235 0.6316829428939125 0.5165379975825579 1
0.6214930050985722 0.12224355810372134 0.04517393353308141 0.3753830026512819 0.7500597232451531 5
0.9949694164847684 0.4578769047073895 0.2621401434792706 0.24260248174445465 0.0763324938827259 5
0.9186758957721035 0.8291971710170617 0.6615946414460436 0.08716930432590442 0.37766063641748326 8
0.4807220498428577 0.6265519043623023 0.06456445457769278 0.9564968620130133 0.2655776786376761 4
0.3519141751928867 0.5007595171740452 0.17043851766752804 0.2649759163528965 0.23526035019094582 3
0.0634287347780198 0.19802640460143228 0.4300374967090902 0.38617372331564204 0.190851939006206 3
0.0634287347780198 0.19802640460143228 0.4300374967090902 0.38617372331564204 0.190851939006206 3
0.0634287347780198 0.19802640460143228 0.4300374967090902 0.38617372331564204 0.190851939006206 3
0.0634287347780198 0.19802640460143228 0.4300374967090902 0.38617372331564204 0.190851939006206 3
0.6394544074339374 0.6579896475115616 0.6620089572354921 0.899238394933882 0.81922716600157 2
0.700551554724255 0.03970257184387915 0.25164825287760373 0.21644686852935635 0.968614700989349 6
0.3200048882348877 0.4796130020260848 0.5015406778007883 0.9905726305860258 0.6220797904083613 5
0.37321678589440577 0.5388219056438379 0.4636438477690271 0.5717242570601734 0.9279322769685138 1
0.4788003226722428 0.7091339233806705 0.32916112668189235 0.6316829428939125 0.5165379975825579 1
0.6120685089765883 0.04204237331450955 0.6950116307502302 0.2714569903918017 0.5413234067742587 1
0.4788003226722428 0.7091339233806705 0.32916112668189235 0.6316829428939125 0.5165379975825579 1
0.9949694164847684 0.4578769047073895 0.2621401434792706 0.24260248174445465 0.0763324938827259 5
0.4788003226722428 0.7091339233806705 0.32916112668189235 0.6316829428939125 0.5165379975825579 1
0.6214930050985722 0.12224355810372134 0.04517393353308141 0.3753830026512819 0.7500597232451531 5
0.9949694164847684 0.4578769047073895 0.2621401434792706 0.24260248174445465 0.0763324938827259 5
0.9186758957721035 0.8291971710170617 0.6615946414460436 0.08716930432590442 0.37766063641748326 8
0.3519141751928867 0.5007595171740452 0.17043851766752804 0.2649759163528965 0.23526035019094582 3
0.3519141751928867 0.5007595171740452 0.17043851766752804 0.2649759163528965 0.23526035019094582 3
0.0634287347780198 0.19802640460143228 0.4300374967090902 0.38617372331564204 0.190851939006206 3
0.0634287347780198 0.19802640460143228 0.4300374967090902 0.38617372331564204 0.190851939006206 3
0.0634287347780198 0.19802640460143228 0.4300374967090902 0.38617372331564204 0.190851939006206 3
0.4417188847156185 0.09164017571832095 0.9548192585983921 0.2450795416394178 0.38631993335208925 6
0.37321678589440577 0.5388219056438379 0.4636438477690271 0.5717242570601734 0.9279322769685138 1
0.4788003226722428 0.7091339233806705 0.32916112668189235 0.6316829428939125 0.5165379975825579 1
0.6120685089765883 0.04204237331450955 0.6950116307502302 0.2714569903918017 0.5413234067742587 1
0.4788003226722428 0.7091339233806705 0.32916112668189235 0.6316829428939125 0.5165379975825579 1
0.4788003226722428 0.7091339233806705 0.32916112668189235 0.6316829428939125 0.5165379975825579 1
0.4788003226722428 0.7091339233806705 0.32916112668189235 0.6316829428939125 0.5165379975825579 1
0.6214930050985722 0.12224355810372134 0.04517393353308141 0.3753830026512819 0.7500597232451531 5
0.9949694164847684 0.4578769047073895 0.2621401434792706 0.24260248174445465 0.0763324938827259 5
0.756047336668481 0.1566724606114186 0.7271860941011371 0.604829983223989 0.22349893433025703 5
0.3519141751928867 0.5007595171740452 0.17043851766752804 0.2649759163528965 0.23526035019094582 3
0.3519141751928867 0.5007595171740452 0.17043851766752804 0.2649759163528965 0.23526035019094582 3
0.0634287347780198 0.19802640460143228 0.4300374967090902 0.38617372331564204 0.190851939006206 3
0.0634287347780198 0.19802640460143228 0.4300374967090902 0.38617372331564204 0.190851939006206 3
0.0634287347780198 0.19802640460143228 0.4300374967090902 0.38617372331564204 0.190851939006206 3
0.0634287347780198 0.19802640460143228 0.4300374967090902 0.38617372331564204 0.190851939006206 3
0.4417188847156185 0.09164017571832095 0.9548192585983921 0.2450795416394178 0.38631993335208925 6
0.6120685089765883 0.04204237331450955 0.6950116307502302 0.2714569903918017 0.5413234067742587 1
0.4788003226722428 0.7091339233806705 0.32916112668189235 0.6316829428939125 0.5165379975825579 1
0.6120685089765883 0.04204237331450955 0.6950116307502302 0.2714569903918017 0.5413234067742587 1
0.4788003226722428 0.7091339233806705 0.32916112668189235 0.6316829428939125 0.5165379975825579 1
0.4788003226722428 0.7091339233806705 0.32916112668189235 0.6316829428939125 0.5165379975825579 1
0.756047336668481 0.1566724606114186 0.7271860941011371 0.604829983223989 0.22349893433025703 5
0.9949694164847684 0.4578769047073895 0.2621401434792706 0.24260248174445465 0.0763324938827259 5
0.4807220498428577 0.6265519043623023 0.06456445457769278 0.9564968620130133 0.2655776786376761 4
0.4807220498428577 0.6265519043623023 0.06456445457769278 0.9564968620130133 0.2655776786376761 4
0.4807220498428577 0.6265519043623023 0.06456445457769278 0.9564968620130133 0.2655776786376761 4
0.4807220498428577 0.6265519043623023 0.06456445457769278 0.9564968620130133 0.2655776786376761 4
0.0634287347780198 0.19802640460143228 0.4300374967090902 0.38617372331564204 0.190851939006206 3
0.0634287347780198 0.19802640460143228 0.4300374967090902 0.38617372331564204 0.190851939006206 3
0.0634287347780198 0.19802640460143228 0.4300374967090902 0.38617372331564204 0.190851939006206 3
0.0634287347780198 0.19802640460143228 0.4300374967090902 0.38617372331564204 0.190851939006206 3
0.4417188847156185 0.09164017571832095 0.9548192585983921 0.2450795416394178 0.38631993335208925 6
0.700551554724255 0.03970257184387915 0.25164825287760373 0.21644686852935635 0.968614700989349 6
0.4788003226722428 0.7091339233806705 0.32916112668189235 0.6316829428939125 0.5165379975825579 1
0.4417188847156185 0.09164017571832095 0.9548192585983921 0.2450795416394178 0.38631993335208925 6
0.4788003226722428 0.7091339233806705 0.32916112668189235 0.6316829428939125 0.5165379975825579 1
0.4788003226722428 0.7091339233806705 0.32916112668189235 0.6316829428939125 0.5165379975825579 1
0.4788003226722428 0.7091339233806705 0.32916112668189235 0.6316829428939125 0.5165379975825579 1
0.756047336668481 0.1566724606114186 0.7271860941011371 0.604829983223989 0.22349893433025703 5
0.6214930050985722 0.12224355810372134 0.04517393353308141 0.3753830026512819 0.7500597232451531 5
0.9949694164847684 0.4578769047073895 0.2621401434792706 0.24260248174445465 0.0763324938827259 5
0.9186758957721035 0.8291971710170617 0.6615946414460436 0.08716930432590442 0.37766063641748326 8
0.4807220498428577 0.6265519043623023 0.06456445457769278 0.9564968620130133 0.2655776786376761 4
0.0634287347780198 0.19802640460143228 0.4300374967090902 0.38617372331564204 0.190851939006206 3
0.0634287347780198 0.19802640460143228 0.4300374967090902 0.38617372331564204 0.190851939006206 3
0.0634287347780198 0.19802640460143228 0.4300374967090902 0.38617372331564204 0.190851939006206 3
0.0634287347780198 0.19802640460143228 0.4300374967090902 0.38617372331564204 0.190851939006206 3
0.37321678589440577 0.5388219056438379 0.4636438477690271 0.5717242570601734 0.9279322769685138 1
0.4788003226722428 0.7091339233806705 0.32916112668189235 0.6316829428939125 0.5165379975825579 1
0.6120685089765883 0.04204237331450955 0.6950116307502302 0.2714569903918017 0.5413234067742587 1
0.4788003226722428 0.7091339233806705 0.32916112668189235 0.6316829428939125 0.5165379975825579 1
0.4788003226722428 0.7091339233806705 0.32916112668189235 0.6316829428939125 0.5165379975825579 1
0.4788003226722428 0.7091339233806705 0.32916112668189235 0.6316829428939125 0.5165379975825579 1
0.6214930050985722 0.12224355810372134 0.04517393353308141 0.3753830026512819 0.7500597232451531 5
0.9949694164847684 0.4578769047073895 0.2621401434792706 0.24260248174445465 0.0763324938827259 5
0.4807220498428577 0.6265519043623023 0.06456445457769278 0.9564968620130133 0.2655776786376761 4
0.4807220498428577 0.6265519043623023 0.06456445457769278 0.9564968620130133 0.2655776786376761 4
0.3519141751928867 0.5007595171740452 0.17043851766752804 0.2649759163528965 0.23526035019094582 3
0.0634287347780198 0.19802640460143228 0.4300374967090902 0.38617372331564204 0.190851939006206 3
0.0634287347780198 0.19802640460143228 0.4300374967090902 0.38617372331564204 0.190851939006206 3
0.0634287347780198 0.19802640460143228 0.4300374967090902 0.38617372331564204 0.190851939006206 3
0.4417188847156185 0.09164017571832095 0.9548192585983921 0.2450795416394178 0.38631993335208925 6
0.4417188847156185 0.09164017571832095 0.9548192585983921 0.2450795416394178 0.38631993335208925 6
0.13421378476618973 0.9281308265405694 0.709194300042526 0.8384315533733439 0.9752505336890287 1
0.4788003226722428 0.7091339233806705 0.32916112668189235 0.6316829428939125 0.5165379975825579 1
0.6214930050985722 0.12224355810372134 0.04517393353308141 0.3753830026512819 0.7500597232451531 5
0.4788003226722428 0.7091339233806705 0.32916112668189235 0.6316829428939125 0.5165379975825579 1
0.4788003226722428 0.7091339233806705 0.32916112668189235 0.6316829428939125 0.5165379975825579 1
0.6214930050985722 0.12224355810372134 0.04517393353308141 0.3753830026512819 0.7500597232451531 5
0.4807220498428577 0.6265519043623023 0.06456445457769278 0.9564968620130133 0.2655776786376761 4
0.9186758957721035 0.8291971710170617 0.6615946414460436 0.08716930432590442 0.37766063641748326 8
0.4807220498428577 0.6265519043623023 0.06456445457769278 0.9564968620130133 0.2655776786376761 4
0.3519141751928867 0.5007595171740452 0.17043851766752804 0.2649759163528965 0.23526035019094582 3
0.0634287347780198 0.19802640460143228 0.4300374967090902 0.38617372331564204 0.190851939006206 3
0.0634287347780198 0.19802640460143228 0.4300374967090902 0.38617372331564204 0.190851939006206 3
0.0634287347780198 0.19802640460143228 0.4300374967090902 0.38617372331564204 0.190851939006206 3
0.0634287347780198 0.19802640460143228 0.4300374967090902 0.38617372331564204 0.190851939006206 3
0.7905407299244025 0.05086809361107081 0.9120994797993439 0.2830183702924096 0.9977238049055515 8
0.6120685089765883 0.04204237331450955 0.6950116307502302 0.2714569903918017 0.5413234067742587 1
