0.04381776799476611 0.3071077940462067 0.5566723183108393 0.2090000109624227 0.5895322462430618 6
0.027655155765654138 0.48032450080098 0.6824898133575289 0.07141361823487313 0.9579817305369669 7
0.35961575987485517 0.5655863809926466 0.4643678689430134 0.12090984871456734 0.059292037166342904 1
0.35961575987485517 0.5655863809926466 0.4643678689430134 0.12090984871456734 0.059292037166342904 1
0.8474659924414678 0.007893759277902257 0.6690675219911826 0.49392253961733457 0.10314925092045146 6
0.8474659924414678 0.007893759277902257 0.6690675219911826 0.49392253961733457 0.10314925092045146 6
0.35961575987485517 0.5655863809926466 0.4643678689430134 0.12090984871456734 0.059292037166342904 1
0.7722119019743404 0.949067959896835 0.5773588983140215 0.5987723481906833 0.23368298479248784 3
0.3876511800261233 0.09211608210305888 0.23336868462542848 0.1393216020385658 0.5951696089424263 6
0.7722119019743404 0.949067959896835 0.5773588983140215 0.5987723481906833 0.23368298479248784 3
0.6005134190127605 0.39101562633770726 0.11914499849398896 0.285970716106549 0.8452982312400711 5
0.6005134190127605 0.39101562633770726 0.11914499849398896 0.285970716106549 0.8452982312400711 5
0.7647801143627347 0.2940533054396839 0.3293882385207625 0.0667880543810151 0.8569010331185317 8
0.6689861204759961 0.9388145630913971 0.8367638484624921 0.8803781074912802 0.951907754742423 6
0.6903000106403168 0.498622110187535 0.9755506779943154 0.3561657011164787 0.10719659593168152 7
0.04766487843691658 0.3723109538565087 0.7012437309428897 0.40594002778169935 0.16300586326323052 2
0.08229318507508954 0.6774536171288692 0.22503272615631587 0.4138341325250128 0.6581281366359332 1
0.04381776799476611 0.3071077940462067 0.5566723183108393 0.2090000109624227 0.5895322462430618 6
0.027655155765654138 0.48032450080098 0.6824898133575289 0.07141361823487313 0.9579817305369669 7
0.6637837662259599 0.08394655088497716 0.1292732363128657 0.42640712087189925 0.30692272402103826 5
0.6637837662259599 0.08394655088497716 0.1292732363128657 0.42640712087189925 0.30692272402103826 5
0.8474659924414678 0.007893759277902257 0.6690675219911826 0.49392253961733457 0.10314925092045146 6
0.35961575987485517 0.5655863809926466 0.4643678689430134 0.12090984871456734 0.059292037166342904 1
0.7722119019743404 0.949067959896835 0.5773588983140215 0.5987723481906833 0.23368298479248784 3
0.3119271612028456 0.11051608836296034 0.7766126529601366 0.5453314299675671 0.21527213986191462 5
0.32765572524470954 0.9397785191629481 0.30909357887431943 0.33430865555249145 0.5724910771674133 5
0.6005134190127605 0.39101562633770726 0.11914499849398896 0.285970716106549 0.8452982312400711 5
0.6005134190127605 0.39101562633770726 0.11914499849398896 0.285970716106549 0.8452982312400711 5
0.7647801143627347 0.2940533054396839 0.3293882385207625 0.0667880543810151 0.8569010331185317 8
0.6689861204759961 0.9388145630913971 0.8367638484624921 0.8803781074912802 0.951907754742423 6
0.6903000106403168 0.498622110187535 0.9755506779943154 0.3561657011164787 0.10719659593168152 7
0.027655155765654138 0.48032450080098 0.6824898133575289 0.07141361823487313 0.9579817305369669 7
0.027655155765654138 0.48032450080098 0.6824898133575289 0.07141361823487313 0.9579817305369669 7
0.027655155765654138 0.48032450080098 0.6824898133575289 0.07141361823487313 0.9579817305369669 7
0.35961575987485517 0.5655863809926466 0.4643678689430134 0.12090984871456734 0.059292037166342904 1
0.8474659924414678 0.007893759277902257 0.6690675219911826 0.49392253961733457 0.10314925092045146 6
0.8474659924414678 0.007893759277902257 0.6690675219911826 0.49392253961733457 0.10314925092045146 6
0.35961575987485517 0.5655863809926466 0.4643678689430134 0.12090984871456734 0.059292037166342904 1
0.7722119019743404 0.949067959896835 0.5773588983140215 0.5987723481906833 0.23368298479248784 3
0.7722119019743404 0.949067959896835 0.5773588983140215 0.5987723481906833 0.23368298479248784 3
0.6005134190127605 0.39101562633770726 0.11914499849398896 0.285970716106549 0.8452982312400711 5
0.32765572524470954 0.9397785191629481 0.30909357887431943 0.33430865555249145 0.5724910771674133 5
0.6689861204759961 0.9388145630913971 0.8367638484624921 0.8803781074912802 0.951907754742423 6
0.6689861204759961 0.9388145630913971 0.8367638484624921 0.8803781074912802 0.951907754742423 6
0.6903000106403168 0.498622110187535 0.9755506779943154 0.3561657011164787 0.10719659593168152 7
0.027655155765654138 0.48032450080098 0.6824898133575289 0.07141361823487313 0.9579817305369669 7
0.027655155765654138 0.48032450080098 0.6824898133575289 0.07141361823487313 0.9579817305369669 7
0.027655155765654138 0.48032450080098 0.6824898133575289 0.07141361823487313 0.9579817305369669 7
0.35961575987485517 0.5655863809926466 0.4643678689430134 0.12090984871456734 0.059292037166342904 1
0.8474659924414678 0.007893759277902257 0.6690675219911826 0.49392253961733457 0.10314925092045146 6
0.35961575987485517 0.5655863809926466 0.4643678689430134 0.12090984871456734 0.059292037166342904 1
0.35961575987485517 0.5655863809926466 0.4643678689430134 0.12090984871456734 0.059292037166342904 1
0.35961575987485517 0.5655863809926466 0.4643678689430134 0.12090984871456734 0.059292037166342904 1
0.7722119019743404 0.949067959896835 0.5773588983140215 0.5987723481906833 0.23368298479248784 3
0.3876511800261233 0.09211608210305888 0.23336868462542848 0.1393216020385658 0.5951696089424263 6
0.3876511800261233 0.09211608210305888 0.23336868462542848 0.1393216020385658 0.5951696089424263 6
0.6005134190127605 0.39101562633770726 0.11914499849398896 0.285970716106549 0.8452982312400711 5
0.6005134190127605 0.39101562633770726 0.11914499849398896 0.285970716106549 0.8452982312400711 5
0.7647801143627347 0.2940533054396839 0.3293882385207625 0.0667880543810151 0.8569010331185317 8
0.6689861204759961 0.9388145630913971 0.8367638484624921 0.8803781074912802 0.951907754742423 6
0.6903000106403168 0.498622110187535 0.9755506779943154 0.3561657011164787 0.10719659593168152 7
0.35961575987485517 0.5655863809926466 0.4643678689430134 0.12090984871456734 0.059292037166342904 1
0.35961575987485517 0.5655863809926466 0.4643678689430134 0.12090984871456734 0.059292037166342904 1
0.30143999526547816 0.7679984324663803 0.10725962729624616 0.682471076340337 0.7506843891979054 1
0.8474659924414678 0.007893759277902257 0.6690675219911826 0.49392253961733457 0.10314925092045146 6
0.8474659924414678 0.007893759277902257 0.6690675219911826 0.49392253961733457 0.10314925092045146 6
0.8474659924414678 0.007893759277902257 0.6690675219911826 0.49392253961733457 0.10314925092045146 6
0.3119271612028456 0.11051608836296034 0.7766126529601366 0.5453314299675671 0.21527213986191462 5
0.8474659924414678 0.007893759277902257 0.6690675219911826 0.49392253961733457 0.10314925092045146 6
0.3119271612028456 0.11051608836296034 0.7766126529601366 0.5453314299675671 0.21527213986191462 5
0.6005134190127605 0.39101562633770726 0.11914499849398896 0.285970716106549 0.8452982312400711 5
0.6005134190127605 0.39101562633770726 0.11914499849398896 0.285970716106549 0.8452982312400711 5
0.6689861204759961 0.9388145630913971 0.8367638484624921 0.8803781074912802 0.951907754742423 6
0.6903000106403168 0.498622110187535 0.9755506779943154 0.3561657011164787 0.10719659593168152 7
0.6903000106403168 0.498622110187535 0.9755506779943154 0.3561657011164787 0.10719659593168152 7
0.5117373432779513 0.7180889794317862 0.8311587624597978 0.01627276722472637 0.08625465893058326 6
0.04766487843691658 0.3723109538565087 0.7012437309428897 0.40594002778169935 0.16300586326323052 2
0.027655155765654138 0.48032450080098 0.6824898133575289 0.07141361823487313 0.9579817305369669 7
0.35961575987485517 0.5655863809926466 0.4643678689430134 0.12090984871456734 0.059292037166342904 1
0.30143999526547816 0.7679984324663803 0.10725962729624616 0.682471076340337 0.7506843891979054 1
0.8474659924414678 0.007893759277902257 0.6690675219911826 0.49392253961733457 0.10314925092045146 6
0.8474659924414678 0.007893759277902257 0.6690675219911826 0.49392253961733457 0.10314925092045146 6
0.8474659924414678 0.007893759277902257 0.6690675219911826 0.49392253961733457 0.10314925092045146 6
0.8474659924414678 0.007893759277902257 0.6690675219911826 0.49392253961733457 0.10314925092045146 6
0.3119271612028456 0.11051608836296034 0.7766126529601366 0.5453314299675671 0.21527213986191462 5
0.7722119019743404 0.949067959896835 0.5773588983140215 0.5987723481906833 0.23368298479248784 3
0.3876511800261233 0.09211608210305888 0.23336868462542848 0.1393216020385658 0.5951696089424263 6
0.6005134190127605 0.39101562633770726 0.11914499849398896 0.285970716106549 0.8452982312400711 5
0.32765572524470954 0.9397785191629481 0.30909357887431943 0.33430865555249145 0.5724910771674133 5
0.7647801143627347 0.2940533054396839 0.3293882385207625 0.0667880543810151 0.8569010331185317 8
0.6689861204759961 0.9388145630913971 0.8367638484624921 0.8803781074912802 0.951907754742423 6
0.6903000106403168 0.498622110187535 0.9755506779943154 0.3561657011164787 0.10719659593168152 7
0.027655155765654138 0.48032450080098 0.6824898133575289 0.07141361823487313 0.9579817305369669 7
0.027655155765654138 0.48032450080098 0.6824898133575289 0.07141361823487313 0.9579817305369669 7
0.027655155765654138 0.48032450080098 0.6824898133575289 0.07141361823487313 0.9579817305369669 7
0.35961575987485517 0.5655863809926466 0.4643678689430134 0.12090984871456734 0.059292037166342904 1
0.30143999526547816 0.7679984324663803 0.10725962729624616 0.682471076340337 0.7506843891979054 1
0.8474659924414678 0.007893759277902257 0.6690675219911826 0.49392253961733457 0.10314925092045146 6
0.35961575987485517 0.5655863809926466 0.4643678689430134 0.12090984871456734 0.059292037166342904 1
0.35961575987485517 0.5655863809926466 0.4643678689430134 0.12090984871456734 0.059292037166342904 1
0.7722119019743404 0.949067959896835 0.5773588983140215 0.5987723481906833 0.23368298479248784 3
0.3876511800261233 0.09211608210305888 0.23336868462542848 0.1393216020385658 0.5951696089424263 6
0.7722119019743404 0.949067959896835 0.5773588983140215 0.5987723481906833 0.23368298479248784 3
0.6005134190127605 0.39101562633770726 0.11914499849398896 0.285970716106549 0.8452982312400711 5
0.32765572524470954 0.9397785191629481 0.30909357887431943 0.33430865555249145 0.5724910771674133 5
0.7647801143627347 0.2940533054396839 0.3293882385207625 0.0667880543810151 0.8569010331185317 8
0.6689861204759961 0.9388145630913971 0.8367638484624921 0.8803781074912802 0.951907754742423 6
0.6903000106403168 0.498622110187535 0.9755506779943154 0.3561657011164787 0.10719659593168152 7
0.027655155765654138 0.48032450080098 0.6824898133575289 0.07141361823487313 0.9579817305369669 7
0.027655155765654138 0.48032450080098 0.6824898133575289 0.07141361823487313 0.9579817305369669 7
0.35961575987485517 0.5655863809926466 0.4643678689430134 0.12090984871456734 0.059292037166342904 1
0.30143999526547816 0.7679984324663803 0.10725962729624616 0.682471076340337 0.7506843891979054 1
0.8474659924414678 0.007893759277902257 0.6690675219911826 0.49392253961733457 0.10314925092045146 6
0.35961575987485517 0.5655863809926466 0.4643678689430134 0.12090984871456734 0.059292037166342904 1
0.35961575987485517 0.5655863809926466 0.4643678689430134 0.12090984871456734 0.059292037166342904 1
0.7722119019743404 0.949067959896835 0.5773588983140215 0.5987723481906833 0.23368298479248784 3
0.3876511800261233 0.09211608210305888 0.23336868462542848 0.1393216020385658 0.5951696089424263 6
0.32765572524470954 0.9397785191629481 0.30909357887431943 0.33430865555249145 0.5724910771674133 5
0.6005134190127605 0.39101562633770726 0.11914499849398896 0.285970716106549 0.8452982312400711 5
0.7647801143627347 0.2940533054396839 0.3293882385207625 0.0667880543810151 0.8569010331185317 8
0.6689861204759961 0.9388145630913971 0.8367638484624921 0.8803781074912802 0.951907754742423 6
0.6903000106403168 0.498622110187535 0.9755506779943154 0.3561657011164787 0.10719659593168152 7
0.6903000106403168 0.498622110187535 0.9755506779943154 0.3561657011164787 0.10719659593168152 7
0.08229318507508954 0.6774536171288692 0.22503272615631587 0.4138341325250128 0.6581281366359332 1
0.04381776799476611 0.3071077940462067 0.5566723183108393 0.2090000109624227 0.5895322462430618 6
0.30143999526547816 0.7679984324663803 0.10725962729624616 0.682471076340337 0.7506843891979054 1
0.8474659924414678 0.007893759277902257 0.6690675219911826 0.49392253961733457 0.10314925092045146 6
0.8474659924414678 0.007893759277902257 0.6690675219911826 0.49392253961733457 0.10314925092045146 6
0.8474659924414678 0.007893759277902257 0.6690675219911826 0.49392253961733457 0.10314925092045146 6
0.35961575987485517 0.5655863809926466 0.4643678689430134 0.12090984871456734 0.059292037166342904 1
0.7722119019743404 0.949067959896835 0.5773588983140215 0.5987723481906833 0.23368298479248784 3
0.7722119019743404 0.949067959896835 0.5773588983140215 0.5987723481906833 0.23368298479248784 3
0.3876511800261233 0.09211608210305888 0.23336868462542848 0.1393216020385658 0.5951696089424263 6
0.6005134190127605 0.39101562633770726 0.11914499849398896 0.285970716106549 0.8452982312400711 5
0.7647801143627347 0.2940533054396839 0.3293882385207625 0.0667880543810151 0.8569010331185317 8
0.6689861204759961 0.9388145630913971 0.8367638484624921 0.8803781074912802 0.951907754742423 6
0.6903000106403168 0.498622110187535 0.9755506779943154 0.3561657011164787 0.10719659593168152 7
0.027655155765654138 0.48032450080098 0.6824898133575289 0.07141361823487313 0.9579817305369669 7
0.027655155765654138 0.48032450080098 0.6824898133575289 0.07141361823487313 0.9579817305369669 7
0.35961575987485517 0.5655863809926466 0.4643678689430134 0.12090984871456734 0.059292037166342904 1
0.30143999526547816 0.7679984324663803 0.10725962729624616 0.682471076340337 0.7506843891979054 1
0.8474659924414678 0.007893759277902257 0.6690675219911826 0.49392253961733457 0.10314925092045146 6
0.35961575987485517 0.5655863809926466 0.4643678689430134 0.12090984871456734 0.059292037166342904 1
0.8474659924414678 0.007893759277902257 0.6690675219911826 0.49392253961733457 0.10314925092045146 6
0.3119271612028456 0.11051608836296034 0.7766126529601366 0.5453314299675671 0.21527213986191462 5
0.3876511800261233 0.09211608210305888 0.23336868462542848 0.1393216020385658 0.5951696089424263 6
0.7722119019743404 0.949067959896835 0.5773588983140215 0.5987723481906833 0.23368298479248784 3
0.6005134190127605 0.39101562633770726 0.11914499849398896 0.285970716106549 0.8452982312400711 5
0.7647801143627347 0.2940533054396839 0.3293882385207625 0.0667880543810151 0.8569010331185317 8
0.7647801143627347 0.2940533054396839 0.3293882385207625 0.0667880543810151 0.8569010331185317 8
0.6689861204759961 0.9388145630913971 0.8367638484624921 0.8803781074912802 0.951907754742423 6
0.6903000106403168 0.498622110187535 0.9755506779943154 0.3561657011164787 0.10719659593168152 7
0.027655155765654138 0.48032450080098 0.6824898133575289 0.07141361823487313 0.9579817305369669 7
0.027655155765654138 0.48032450080098 0.6824898133575289 0.07141361823487313 0.9579817305369669 7
0.35961575987485517 0.5655863809926466 0.4643678689430134 0.12090984871456734 0.059292037166342904 1
0.30143999526547816 0.7679984324663803 0.10725962729624616 0.682471076340337 0.7506843891979054 1
0.8474659924414678 0.007893759277902257 0.6690675219911826 0.49392253961733457 0.10314925092045146 6
0.35961575987485517 0.5655863809926466 0.4643678689430134 0.12090984871456734 0.059292037166342904 1
0.35961575987485517 0.5655863809926466 0.4643678689430134 0.12090984871456734 0.059292037166342904 1
0.7722119019743404 0.949067959896835 0.5773588983140215 0.5987723481906833 0.23368298479248784 3
0.3876511800261233 0.09211608210305888 0.23336868462542848 0.1393216020385658 0.5951696089424263 6
0.32765572524470954 0.9397785191629481 0.30909357887431943 0.33430865555249145 0.5724910771674133 5
0.6005134190127605 0.39101562633770726 0.11914499849398896 0.285970716106549 0.8452982312400711 5
0.7647801143627347 0.2940533054396839 0.3293882385207625 0.0667880543810151 0.8569010331185317 8
0.7647801143627347 0.2940533054396839 0.3293882385207625 0.0667880543810151 0.8569010331185317 8
0.6689861204759961 0.9388145630913971 0.8367638484624921 0.8803781074912802 0.951907754742423 6
0.6903000106403168 0.498622110187535 0.9755506779943154 0.3561657011164787 0.10719659593168152 7
0.35961575987485517 0.5655863809926466 0.4643678689430134 0.12090984871456734 0.059292037166342904 1
0.35961575987485517 0.5655863809926466 0.4643678689430134 0.12090984871456734 0.059292037166342904 1
0.30143999526547816 0.7679984324663803 0.10725962729624616 0.682471076340337 0.7506843891979054 1
0.8474659924414678 0.007893759277902257 0.6690675219911826 0.49392253961733457 0.10314925092045146 6
0.8474659924414678 0.007893759277902257 0.6690675219911826 0.49392253961733457 0.10314925092045146 6
0.8474659924414678 0.007893759277902257 0.6690675219911826 0.49392253961733457 0.10314925092045146 6
0.3119271612028456 0.11051608836296034 0.7766126529601366 0.5453314299675671 0.21527213986191462 5
0.7722119019743404 0.949067959896835 0.5773588983140215 0.5987723481906833 0.23368298479248784 3
0.3876511800261233 0.09211608210305888 0.23336868462542848 0.1393216020385658 0.5951696089424263 6
0.6005134190127605 0.39101562633770726 0.11914499849398896 0.285970716106549 0.8452982312400711 5
0.6005134190127605 0.39101562633770726 0.11914499849398896 0.285970716106549 0.8452982312400711 5
0.6689861204759961 0.9388145630913971 0.8367638484624921 0.8803781074912802 0.951907754742423 6
0.6903000106403168 0.498622110187535 0.9755506779943154 0.3561657011164787 0.10719659593168152 7
0.6903000106403168 0.498622110187535 0.9755506779943154 0.3561657011164787 0.10719659593168152 7
0.6903000106403168 0.498622110187535 0.9755506779943154 0.3561657011164787 0.10719659593168152 7
0.027655155765654138 0.48032450080098 0.6824898133575289 0.07141361823487313 0.9579817305369669 7
0.35961575987485517 0.5655863809926466 0.4643678689430134 0.12090984871456734 0.059292037166342904 1
0.35961575987485517 0.5655863809926466 0.4643678689430134 0.12090984871456734 0.059292037166342904 1
0.35961575987485517 0.5655863809926466 0.4643678689430134 0.12090984871456734 0.059292037166342904 1
0.8474659924414678 0.007893759277902257 0.6690675219911826 0.49392253961733457 0.10314925092045146 6
0.35961575987485517 0.5655863809926466 0.4643678689430134 0.12090984871456734 0.059292037166342904 1
0.8474659924414678 0.007893759277902257 0.6690675219911826 0.49392253961733457 0.10314925092045146 6
0.3119271612028456 0.11051608836296034 0.7766126529601366 0.5453314299675671 0.21527213986191462 5
0.3876511800261233 0.09211608210305888 0.23336868462542848 0.1393216020385658 0.5951696089424263 6
0.3876511800261233 0.09211608210305888 0.23336868462542848 0.1393216020385658 0.5951696089424263 6
0.6005134190127605 0.39101562633770726 0.11914499849398896 0.285970716106549 0.8452982312400711 5
0.7647801143627347 0.2940533054396839 0.3293882385207625 0.0667880543810151 0.8569010331185317 8
0.7647801143627347 0.2940533054396839 0.3293882385207625 0.0667880543810151 0.8569010331185317 8
0.6689861204759961 0.9388145630913971 0.8367638484624921 0.8803781074912802 0.951907754742423 6
0.6903000106403168 0.498622110187535 0.9755506779943154 0.3561657011164787 0.10719659593168152 7
0.027655155765654138 0.48032450080098 0.6824898133575289 0.07141361823487313 0.9579817305369669 7
0.35961575987485517 0.5655863809926466 0.4643678689430134 0.12090984871456734 0.059292037166342904 1
0.30143999526547816 0.7679984324663803 0.10725962729624616 0.682471076340337 0.7506843891979054 1
0.8474659924414678 0.007893759277902257 0.6690675219911826 0.49392253961733457 0.10314925092045146 6
0.8474659924414678 0.007893759277902257 0.6690675219911826 0.49392253961733457 0.10314925092045146 6
0.8474659924414678 0.007893759277902257 0.6690675219911826 0.49392253961733457 0.10314925092045146 6
0.8474659924414678 0.007893759277902257 0.6690675219911826 0.49392253961733457 0.10314925092045146 6
0.3119271612028456 0.11051608836296034 0.7766126529601366 0.5453314299675671 0.21527213986191462 5
0.7722119019743404 0.949067959896835 0.5773588983140215 0.5987723481906833 0.23368298479248784 3
0.3876511800261233 0.09211608210305888 0.23336868462542848 0.1393216020385658 0.5951696089424263 6
0.6005134190127605 0.39101562633770726 0.11914499849398896 0.285970716106549 0.8452982312400711 5
0.32765572524470954 0.9397785191629481 0.30909357887431943 0.33430865555249145 0.5724910771674133 5
0.7647801143627347 0.2940533054396839 0.3293882385207625 0.0667880543810151 0.8569010331185317 8
0.6689861204759961 0.9388145630913971 0.8367638484624921 0.8803781074912802 0.951907754742423 6
0.6903000106403168 0.498622110187535 0.9755506779943154 0.3561657011164787 0.10719659593168152 7
0.027655155765654138 0.48032450080098 0.6824898133575289 0.07141361823487313 0.9579817305369669 7
0.027655155765654138 0.48032450080098 0.6824898133575289 0.07141361823487313 0.9579817305369669 7
0.027655155765654138 0.48032450080098 0.6824898133575289 0.07141361823487313 0.9579817305369669 7
0.35961575987485517 0.5655863809926466 0.4643678689430134 0.12090984871456734 0.059292037166342904 1
0.30143999526547816 0.7679984324663803 0.10725962729624616 0.682471076340337 0.7506843891979054 1
0.8474659924414678 0.007893759277902257 0.6690675219911826 0.49392253961733457 0.10314925092045146 6
0.35961575987485517 0.5655863809926466 0.4643678689430134 0.12090984871456734 0.059292037166342904 1
0.35961575987485517 0.5655863809926466 0.4643678689430134 0.12090984871456734 0.059292037166342904 1
0.7722119019743404 0.949067959896835 0.5773588983140215 0.5987723481906833 0.23368298479248784 3
0.3876511800261233 0.09211608210305888 0.23336868462542848 0.1393216020385658 0.5951696089424263 6
0.32765572524470954 0.9397785191629481 0.30909357887431943 0.33430865555249145 0.5724910771674133 5
0.6005134190127605 0.39101562633770726 0.11914499849398896 0.285970716106549 0.8452982312400711 5
0.7647801143627347 0.2940533054396839 0.3293882385207625 0.0667880543810151 0.8569010331185317 8
0.7647801143627347 0.2940533054396839 0.3293882385207625 0.0667880543810151 0.8569010331185317 8
0.6689861204759961 0.9388145630913971 0.8367638484624921 0.8803781074912802 0.951907754742423 6
0.6903000106403168 0.498622110187535 0.9755506779943154 0.3561657011164787 0.10719659593168152 7
0.35961575987485517 0.5655863809926466 0.4643678689430134 0.12090984871456734 0.059292037166342904 1
0.35961575987485517 0.5655863809926466 0.4643678689430134 0.12090984871456734 0.059292037166342904 1
0.30143999526547816 0.7679984324663803 0.10725962729624616 0.682471076340337 0.7506843891979054 1
0.8474659924414678 0.007893759277902257 0.6690675219911826 0.49392253961733457 0.10314925092045146 6
0.8474659924414678 0.007893759277902257 0.6690675219911826 0.49392253961733457 0.10314925092045146 6
0.35961575987485517 0.5655863809926466 0.4643678689430134 0.12090984871456734 0.059292037166342904 1
0.8474659924414678 0.007893759277902257 0.6690675219911826 0.49392253961733457 0.10314925092045146 6
0.3119271612028456 0.11051608836296034 0.7766126529601366 0.5453314299675671 0.21527213986191462 5
0.3876511800261233 0.09211608210305888 0.23336868462542848 0.1393216020385658 0.5951696089424263 6
0.6005134190127605 0.39101562633770726 0.11914499849398896 0.285970716106549 0.8452982312400711 5
0.6689861204759961 0.9388145630913971 0.8367638484624921 0.8803781074912802 0.951907754742423 6
0.6903000106403168 0.498622110187535 0.9755506779943154 0.3561657011164787 0.10719659593168152 7
0.6903000106403168 0.498622110187535 0.9755506779943154 0.3561657011164787 0.10719659593168152 7
0.5117373432779513 0.7180889794317862 0.8311587624597978 0.01627276722472637 0.08625465893058326 6
0.04766487843691658 0.3723109538565087 0.7012437309428897 0.40594002778169935 0.16300586326323052 2
0.6107266315624926 0.33173469864287897 0.26806460914337915 0.44147838304941933 0.3119552941784086 8
0.04381776799476611 0.3071077940462067 0.5566723183108393 0.2090000109624227 0.5895322462430618 6
0.027655155765654138 0.48032450080098 0.6824898133575289 0.07141361823487313 0.9579817305369669 7
0.35961575987485517 0.5655863809926466 0.4643678689430134 0.12090984871456734 0.059292037166342904 1
0.35961575987485517 0.5655863809926466 0.4643678689430134 0.12090984871456734 0.059292037166342904 1
0.8474659924414678 0.007893759277902257 0.6690675219911826 0.49392253961733457 0.10314925092045146 6
0.8474659924414678 0.007893759277902257 0.6690675219911826 0.49392253961733457 0.10314925092045146 6
0.35961575987485517 0.5655863809926466 0.4643678689430134 0.12090984871456734 0.059292037166342904 1
0.7722119019743404 0.949067959896835 0.5773588983140215 0.5987723481906833 0.23368298479248784 3
0.3876511800261233 0.09211608210305888 0.23336868462542848 0.1393216020385658 0.5951696089424263 6
0.7722119019743404 0.949067959896835 0.5773588983140215 0.5987723481906833 0.23368298479248784 3
0.6005134190127605 0.39101562633770726 0.11914499849398896 0.285970716106549 0.8452982312400711 5
0.6005134190127605 0.39101562633770726 0.11914499849398896 0.285970716106549 0.8452982312400711 5
0.7647801143627347 0.2940533054396839 0.3293882385207625 0.0667880543810151 0.8569010331185317 8
0.6689861204759961 0.9388145630913971 0.8367638484624921 0.8803781074912802 0.951907754742423 6
0.6903000106403168 0.498622110187535 0.9755506779943154 0.3561657011164787 0.10719659593168152 7
0.027655155765654138 0.48032450080098 0.6824898133575289 0.07141361823487313 0.9579817305369669 7
0.08229318507508954 0.6774536171288692 0.22503272615631587 0.4138341325250128 0.6581281366359332 1
0.04381776799476611 0.3071077940462067 0.5566723183108393 0.2090000109624227 0.5895322462430618 6
0.30143999526547816 0.7679984324663803 0.10725962729624616 0.682471076340337 0.7506843891979054 1
0.8474659924414678 0.007893759277902257 0.6690675219911826 0.49392253961733457 0.10314925092045146 6
0.6637837662259599 0.08394655088497716 0.1292732363128657 0.42640712087189925 0.30692272402103826 5
0.8474659924414678 0.007893759277902257 0.6690675219911826 0.49392253961733457 0.10314925092045146 6
0.35961575987485517 0.5655863809926466 0.4643678689430134 0.12090984871456734 0.059292037166342904 1
0.7722119019743404 0.949067959896835 0.5773588983140215 0.5987723481906833 0.23368298479248784 3
0.7722119019743404 0.949067959896835 0.5773588983140215 0.5987723481906833 0.23368298479248784 3
0.3876511800261233 0.09211608210305888 0.23336868462542848 0.1393216020385658 0.5951696089424263 6
0.6005134190127605 0.39101562633770726 0.11914499849398896 0.285970716106549 0.8452982312400711 5
0.7647801143627347 0.2940533054396839 0.3293882385207625 0.0667880543810151 0.8569010331185317 8
0.6689861204759961 0.9388145630913971 0.8367638484624921 0.8803781074912802 0.951907754742423 6
0.6903000106403168 0.498622110187535 0.9755506779943154 0.3561657011164787 0.10719659593168152 7
0.8074274245512244 0.3816284844720095 0.2531200876263736 0.17710982319814295 0.996601739934804 3
0.30143999526547816 0.7679984324663803 0.10725962729624616 0.682471076340337 0.7506843891979054 1
0.30143999526547816 0.7679984324663803 0.10725962729624616 0.682471076340337 0.7506843891979054 1
0.8474659924414678 0.007893759277902257 0.6690675219911826 0.49392253961733457 0.10314925092045146 6
0.6637837662259599 0.08394655088497716 0.1292732363128657 0.42640712087189925 0.30692272402103826 5
0.8474659924414678 0.007893759277902257 0.6690675219911826 0.49392253961733457 0.10314925092045146 6
0.8474659924414678 0.007893759277902257 0.6690675219911826 0.49392253961733457 0.10314925092045146 6
0.8474659924414678 0.007893759277902257 0.6690675219911826 0.49392253961733457 0.10314925092045146 6
0.3876511800261233 0.09211608210305888 0.23336868462542848 0.1393216020385658 0.5951696089424263 6
0.3876511800261233 0.09211608210305888 0.23336868462542848 0.1393216020385658 0.5951696089424263 6
0.6005134190127605 0.39101562633770726 0.11914499849398896 0.285970716106549 0.8452982312400711 5
0.7647801143627347 0.2940533054396839 0.3293882385207625 0.0667880543810151 0.8569010331185317 8
0.6903000106403168 0.498622110187535 0.9755506779943154 0.3561657011164787 0.10719659593168152 7
0.6903000106403168 0.498622110187535 0.9755506779943154 0.3561657011164787 0.10719659593168152 7
0.04766487843691658 0.3723109538565087 0.7012437309428897 0.40594002778169935 0.16300586326323052 2
0.08229318507508954 0.6774536171288692 0.22503272615631587 0.4138341325250128 0.6581281366359332 1
0.04381776799476611 0.3071077940462067 0.5566723183108393 0.2090000109624227 0.5895322462430618 6
0.027655155765654138 0.48032450080098 0.6824898133575289 0.07141361823487313 0.9579817305369669 7
0.30143999526547816 0.7679984324663803 0.10725962729624616 0.682471076340337 0.7506843891979054 1
0.8474659924414678 0.007893759277902257 0.6690675219911826 0.49392253961733457 0.10314925092045146 6
0.35961575987485517 0.5655863809926466 0.4643678689430134 0.12090984871456734 0.059292037166342904 1
0.8474659924414678 0.007893759277902257 0.6690675219911826 0.49392253961733457 0.10314925092045146 6
0.3119271612028456 0.11051608836296034 0.7766126529601366 0.5453314299675671 0.21527213986191462 5
0.3876511800261233 0.09211608210305888 0.23336868462542848 0.1393216020385658 0.5951696089424263 6
0.3876511800261233 0.09211608210305888 0.23336868462542848 0.1393216020385658 0.5951696089424263 6
0.6005134190127605 0.39101562633770726 0.11914499849398896 0.285970716106549 0.8452982312400711 5
0.32765572524470954 0.9397785191629481 0.30909357887431943 0.33430865555249145 0.5724910771674133 5
0.7647801143627347 0.2940533054396839 0.3293882385207625 0.0667880543810151 0.8569010331185317 8
0.6689861204759961 0.9388145630913971 0.8367638484624921 0.8803781074912802 0.951907754742423 6
0.6903000106403168 0.498622110187535 0.9755506779943154 0.3561657011164787 0.10719659593168152 7
0.027655155765654138 0.48032450080098 0.6824898133575289 0.07141361823487313 0.9579817305369669 7
0.027655155765654138 0.48032450080098 0.6824898133575289 0.07141361823487313 0.9579817305369669 7
0.35961575987485517 0.5655863809926466 0.4643678689430134 0.12090984871456734 0.059292037166342904 1
0.8474659924414678 0.007893759277902257 0.6690675219911826 0.49392253961733457 0.10314925092045146 6
0.35961575987485517 0.5655863809926466 0.4643678689430134 0.12090984871456734 0.059292037166342904 1
0.35961575987485517 0.5655863809926466 0.4643678689430134 0.12090984871456734 0.059292037166342904 1
0.35961575987485517 0.5655863809926466 0.4643678689430134 0.12090984871456734 0.059292037166342904 1
0.7722119019743404 0.949067959896835 0.5773588983140215 0.5987723481906833 0.23368298479248784 3
0.7722119019743404 0.949067959896835 0.5773588983140215 0.5987723481906833 0.23368298479248784 3
0.3876511800261233 0.09211608210305888 0.23336868462542848 0.1393216020385658 0.5951696089424263 6
0.6005134190127605 0.39101562633770726 0.11914499849398896 0.285970716106549 0.8452982312400711 5
0.6005134190127605 0.39101562633770726 0.11914499849398896 0.285970716106549 0.8452982312400711 5
0.7647801143627347 0.2940533054396839 0.3293882385207625 0.0667880543810151 0.8569010331185317 8
0.6689861204759961 0.9388145630913971 0.8367638484624921 0.8803781074912802 0.951907754742423 6
0.6903000106403168 0.498622110187535 0.9755506779943154 0.3561657011164787 0.10719659593168152 7
0.027655155765654138 0.48032450080098 0.6824898133575289 0.07141361823487313 0.9579817305369669 7
0.35961575987485517 0.5655863809926466 0.4643678689430134 0.12090984871456734 0.059292037166342904 1
0.35961575987485517 0.5655863809926466 0.4643678689430134 0.12090984871456734 0.059292037166342904 1
0.30143999526547816 0.7679984324663803 0.10725962729624616 0.682471076340337 0.7506843891979054 1
0.8474659924414678 0.007893759277902257 0.6690675219911826 0.49392253961733457 0.10314925092045146 6
0.8474659924414678 0.007893759277902257 0.6690675219911826 0.49392253961733457 0.10314925092045146 6
0.8474659924414678 0.007893759277902257 0.6690675219911826 0.49392253961733457 0.10314925092045146 6
0.35961575987485517 0.5655863809926466 0.4643678689430134 0.12090984871456734 0.059292037166342904 1
0.7722119019743404 0.949067959896835 0.5773588983140215 0.5987723481906833 0.23368298479248784 3
0.3876511800261233 0.09211608210305888 0.23336868462542848 0.1393216020385658 0.5951696089424263 6
0.3876511800261233 0.09211608210305888 0.23336868462542848 0.1393216020385658 0.5951696089424263 6
0.6005134190127605 0.39101562633770726 0.11914499849398896 0.285970716106549 0.8452982312400711 5
0.6005134190127605 0.39101562633770726 0.11914499849398896 0.285970716106549 0.8452982312400711 5
0.7647801143627347 0.2940533054396839 0.3293882385207625 0.0667880543810151 0.8569010331185317 8
0.6689861204759961 0.9388145630913971 0.8367638484624921 0.8803781074912802 0.951907754742423 6
0.6903000106403168 0.498622110187535 0.9755506779943154 0.3561657011164787 0.10719659593168152 7
0.04381776799476611 0.3071077940462067 0.5566723183108393 0.2090000109624227 0.5895322462430618 6
0.027655155765654138 0.48032450080098 0.6824898133575289 0.07141361823487313 0.9579817305369669 7
0.35961575987485517 0.5655863809926466 0.4643678689430134 0.12090984871456734 0.059292037166342904 1
0.35961575987485517 0.5655863809926466 0.4643678689430134 0.12090984871456734 0.059292037166342904 1
0.8474659924414678 0.007893759277902257 0.6690675219911826 0.49392253961733457 0.10314925092045146 6
0.35961575987485517 0.5655863809926466 0.4643678689430134 0.12090984871456734 0.059292037166342904 1
0.35961575987485517 0.5655863809926466 0.4643678689430134 0.12090984871456734 0.059292037166342904 1
0.7722119019743404 0.949067959896835 0.5773588983140215 0.5987723481906833 0.23368298479248784 3
0.3876511800261233 0.09211608210305888 0.23336868462542848 0.1393216020385658 0.5951696089424263 6
0.32765572524470954 0.9397785191629481 0.30909357887431943 0.33430865555249145 0.5724910771674133 5
0.6005134190127605 0.39101562633770726 0.11914499849398896 0.285970716106549 0.8452982312400711 5
0.6005134190127605 0.39101562633770726 0.11914499849398896 0.285970716106549 0.8452982312400711 5
0.7647801143627347 0.2940533054396839 0.3293882385207625 0.0667880543810151 0.8569010331185317 8
0.6689861204759961 0.9388145630913971 0.8367638484624921 0.8803781074912802 0.951907754742423 6
0.6903000106403168 0.498622110187535 0.9755506779943154 0.3561657011164787 0.10719659593168152 7
0.04766487843691658 0.3723109538565087 0.7012437309428897 0.40594002778169935 0.16300586326323052 2
0.08229318507508954 0.6774536171288692 0.22503272615631587 0.4138341325250128 0.6581281366359332 1
0.04381776799476611 0.3071077940462067 0.5566723183108393 0.2090000109624227 0.5895322462430618 6
0.027655155765654138 0.48032450080098 0.6824898133575289 0.07141361823487313 0.9579817305369669 7
0.6637837662259599 0.08394655088497716 0.1292732363128657 0.42640712087189925 0.30692272402103826 5
0.6637837662259599 0.08394655088497716 0.1292732363128657 0.42640712087189925 0.30692272402103826 5
0.8474659924414678 0.007893759277902257 0.6690675219911826 0.49392253961733457 0.10314925092045146 6
0.35961575987485517 0.5655863809926466 0.4643678689430134 0.12090984871456734 0.059292037166342904 1
0.7722119019743404 0.949067959896835 0.5773588983140215 0.5987723481906833 0.23368298479248784 3
0.3119271612028456 0.11051608836296034 0.7766126529601366 0.5453314299675671 0.21527213986191462 5
0.6005134190127605 0.39101562633770726 0.11914499849398896 0.285970716106549 0.8452982312400711 5
0.6005134190127605 0.39101562633770726 0.11914499849398896 0.285970716106549 0.8452982312400711 5
0.6689861204759961 0.9388145630913971 0.8367638484624921 0.8803781074912802 0.951907754742423 6
0.7647801143627347 0.2940533054396839 0.3293882385207625 0.0667880543810151 0.8569010331185317 8
0.6903000106403168 0.498622110187535 0.9755506779943154 0.3561657011164787 0.10719659593168152 7
0.6903000106403168 0.498622110187535 0.9755506779943154 0.3561657011164787 0.10719659593168152 7
0.35961575987485517 0.5655863809926466 0.4643678689430134 0.12090984871456734 0.059292037166342904 1
0.35961575987485517 0.5655863809926466 0.4643678689430134 0.12090984871456734 0.059292037166342904 1
0.30143999526547816 0.7679984324663803 0.10725962729624616 0.682471076340337 0.7506843891979054 1
0.8474659924414678 0.007893759277902257 0.6690675219911826 0.49392253961733457 0.10314925092045146 6
0.8474659924414678 0.007893759277902257 0.6690675219911826 0.49392253961733457 0.10314925092045146 6
0.8474659924414678 0.007893759277902257 0.6690675219911826 0.49392253961733457 0.10314925092045146 6
0.3119271612028456 0.11051608836296034 0.7766126529601366 0.5453314299675671 0.21527213986191462 5
0.7722119019743404 0.949067959896835 0.5773588983140215 0.5987723481906833 0.23368298479248784 3
0.3876511800261233 0.09211608210305888 0.23336868462542848 0.1393216020385658 0.5951696089424263 6
0.6005134190127605 0.39101562633770726 0.11914499849398896 0.285970716106549 0.8452982312400711 5
0.6005134190127605 0.39101562633770726 0.11914499849398896 0.285970716106549 0.8452982312400711 5
0.6689861204759961 0.9388145630913971 0.8367638484624921 0.8803781074912802 0.951907754742423 6
0.6903000106403168 0.498622110187535 0.9755506779943154 0.3561657011164787 0.10719659593168152 7
0.5117373432779513 0.7180889794317862 0.8311587624597978 0.01627276722472637 0.08625465893058326 6
0.6903000106403168 0.498622110187535 0.9755506779943154 0.3561657011164787 0.10719659593168152 7
0.04381776799476611 0.3071077940462067 0.5566723183108393 0.2090000109624227 0.5895322462430618 6
0.027655155765654138 0.48032450080098 0.6824898133575289 0.07141361823487313 0.9579817305369669 7
0.30143999526547816 0.7679984324663803 0.10725962729624616 0.682471076340337 0.7506843891979054 1
0.35961575987485517 0.5655863809926466 0.4643678689430134 0.12090984871456734 0.059292037166342904 1
0.8474659924414678 0.007893759277902257 0.6690675219911826 0.49392253961733457 0.10314925092045146 6
0.8474659924414678 0.007893759277902257 0.6690675219911826 0.49392253961733457 0.10314925092045146 6
0.8474659924414678 0.007893759277902257 0.6690675219911826 0.49392253961733457 0.10314925092045146 6
0.8474659924414678 0.007893759277902257 0.6690675219911826 0.49392253961733457 0.10314925092045146 6
0.3119271612028456 0.11051608836296034 0.7766126529601366 0.5453314299675671 0.21527213986191462 5
0.3876511800261233 0.09211608210305888 0.23336868462542848 0.1393216020385658 0.5951696089424263 6
0.6005134190127605 0.39101562633770726 0.11914499849398896 0.285970716106549 0.8452982312400711 5
0.7647801143627347 0.2940533054396839 0.3293882385207625 0.0667880543810151 0.8569010331185317 8
0.7647801143627347 0.2940533054396839 0.3293882385207625 0.0667880543810151 0.8569010331185317 8
0.6689861204759961 0.9388145630913971 0.8367638484624921 0.8803781074912802 0.951907754742423 6
0.6903000106403168 0.498622110187535 0.9755506779943154 0.3561657011164787 0.10719659593168152 7
0.6903000106403168 0.498622110187535 0.9755506779943154 0.3561657011164787 0.10719659593168152 7
0.35961575987485517 0.5655863809926466 0.4643678689430134 0.12090984871456734 0.059292037166342904 1
0.35961575987485517 0.5655863809926466 0.4643678689430134 0.12090984871456734 0.059292037166342904 1
0.30143999526547816 0.7679984324663803 0.10725962729624616 0.682471076340337 0.7506843891979054 1
0.8474659924414678 0.007893759277902257 0.6690675219911826 0.49392253961733457 0.10314925092045146 6
0.8474659924414678 0.007893759277902257 0.6690675219911826 0.49392253961733457 0.10314925092045146 6
0.8474659924414678 0.007893759277902257 0.6690675219911826 0.49392253961733457 0.10314925092045146 6
0.7722119019743404 0.949067959896835 0.5773588983140215 0.5987723481906833 0.23368298479248784 3
0.7722119019743404 0.949067959896835 0.5773588983140215 0.5987723481906833 0.23368298479248784 3
0.3876511800261233 0.09211608210305888 0.23336868462542848 0.1393216020385658 0.5951696089424263 6
0.6005134190127605 0.39101562633770726 0.11914499849398896 0.285970716106549 0.8452982312400711 5
0.6005134190127605 0.39101562633770726 0.11914499849398896 0.285970716106549 0.8452982312400711 5
0.7647801143627347 0.2940533054396839 0.3293882385207625 0.0667880543810151 0.8569010331185317 8
0.6689861204759961 0.9388145630913971 0.8367638484624921 0.8803781074912802 0.951907754742423 6
0.21116947028985922 0.40438256164244535 0.755732610909841 0.5876503840972827 0.9035192155942467 7
0.027655155765654138 0.48032450080098 0.6824898133575289 0.07141361823487313 0.9579817305369669 7
0.35961575987485517 0.5655863809926466 0.4643678689430134 0.12090984871456734 0.059292037166342904 1
0.30143999526547816 0.7679984324663803 0.10725962729624616 0.682471076340337 0.7506843891979054 1
0.8474659924414678 0.007893759277902257 0.6690675219911826 0.49392253961733457 0.10314925092045146 6
0.8474659924414678 0.007893759277902257 0.6690675219911826 0.49392253961733457 0.10314925092045146 6
0.8474659924414678 0.007893759277902257 0.6690675219911826 0.49392253961733457 0.10314925092045146 6
0.3119271612028456 0.11051608836296034 0.7766126529601366 0.5453314299675671 0.21527213986191462 5
0.8474659924414678 0.007893759277902257 0.6690675219911826 0.49392253961733457 0.10314925092045146 6
0.3876511800261233 0.09211608210305888 0.23336868462542848 0.1393216020385658 0.5951696089424263 6
0.7722119019743404 0.949067959896835 0.5773588983140215 0.5987723481906833 0.23368298479248784 3
0.6005134190127605 0.39101562633770726 0.11914499849398896 0.285970716106549 0.8452982312400711 5
0.32765572524470954 0.9397785191629481 0.30909357887431943 0.33430865555249145 0.5724910771674133 5
0.7647801143627347 0.2940533054396839 0.3293882385207625 0.0667880543810151 0.8569010331185317 8
0.6689861204759961 0.9388145630913971 0.8367638484624921 0.8803781074912802 0.951907754742423 6
0.6903000106403168 0.498622110187535 0.9755506779943154 0.3561657011164787 0.10719659593168152 7
0.027655155765654138 0.48032450080098 0.6824898133575289 0.07141361823487313 0.9579817305369669 7
0.04381776799476611 0.3071077940462067 0.5566723183108393 0.2090000109624227 0.5895322462430618 6
0.30143999526547816 0.7679984324663803 0.10725962729624616 0.682471076340337 0.7506843891979054 1
0.8474659924414678 0.007893759277902257 0.6690675219911826 0.49392253961733457 0.10314925092045146 6
0.6637837662259599 0.08394655088497716 0.1292732363128657 0.42640712087189925 0.30692272402103826 5
0.8474659924414678 0.007893759277902257 0.6690675219911826 0.49392253961733457 0.10314925092045146 6
0.35961575987485517 0.5655863809926466 0.4643678689430134 0.12090984871456734 0.059292037166342904 1
0.7722119019743404 0.949067959896835 0.5773588983140215 0.5987723481906833 0.23368298479248784 3
0.7722119019743404 0.949067959896835 0.5773588983140215 0.5987723481906833 0.23368298479248784 3
0.3876511800261233 0.09211608210305888 0.23336868462542848 0.1393216020385658 0.5951696089424263 6
0.3876511800261233 0.09211608210305888 0.23336868462542848 0.1393216020385658 0.5951696089424263 6
0.6005134190127605 0.39101562633770726 0.11914499849398896 0.285970716106549 0.8452982312400711 5
0.6005134190127605 0.39101562633770726 0.11914499849398896 0.285970716106549 0.8452982312400711 5
0.6689861204759961 0.9388145630913971 0.8367638484624921 0.8803781074912802 0.951907754742423 6
0.6903000106403168 0.498622110187535 0.9755506779943154 0.3561657011164787 0.10719659593168152 7
0.08229318507508954 0.6774536171288692 0.22503272615631587 0.4138341325250128 0.6581281366359332 1
0.35961575987485517 0.5655863809926466 0.4643678689430134 0.12090984871456734 0.059292037166342904 1
0.35961575987485517 0.5655863809926466 0.4643678689430134 0.12090984871456734 0.059292037166342904 1
0.027655155765654138 0.48032450080098 0.6824898133575289 0.07141361823487313 0.9579817305369669 7
0.8474659924414678 0.007893759277902257 0.6690675219911826 0.49392253961733457 0.10314925092045146 6
0.8474659924414678 0.007893759277902257 0.6690675219911826 0.49392253961733457 0.10314925092045146 6
0.8474659924414678 0.007893759277902257 0.6690675219911826 0.49392253961733457 0.10314925092045146 6
0.3119271612028456 0.11051608836296034 0.7766126529601366 0.5453314299675671 0.21527213986191462 5
0.8474659924414678 0.007893759277902257 0.6690675219911826 0.49392253961733457 0.10314925092045146 6
0.3119271612028456 0.11051608836296034 0.7766126529601366 0.5453314299675671 0.21527213986191462 5
0.6005134190127605 0.39101562633770726 0.11914499849398896 0.285970716106549 0.8452982312400711 5
0.6005134190127605 0.39101562633770726 0.11914499849398896 0.285970716106549 0.8452982312400711 5
0.6689861204759961 0.9388145630913971 0.8367638484624921 0.8803781074912802 0.951907754742423 6
0.6903000106403168 0.498622110187535 0.9755506779943154 0.3561657011164787 0.10719659593168152 7
0.6903000106403168 0.498622110187535 0.9755506779943154 0.3561657011164787 0.10719659593168152 7
0.5117373432779513 0.7180889794317862 0.8311587624597978 0.01627276722472637 0.08625465893058326 6
0.04381776799476611 0.3071077940462067 0.5566723183108393 0.2090000109624227 0.5895322462430618 6
0.30143999526547816 0.7679984324663803 0.10725962729624616 0.682471076340337 0.7506843891979054 1
0.8474659924414678 0.007893759277902257 0.6690675219911826 0.49392253961733457 0.10314925092045146 6
0.6637837662259599 0.08394655088497716 0.1292732363128657 0.42640712087189925 0.30692272402103826 5
0.8474659924414678 0.007893759277902257 0.6690675219911826 0.49392253961733457 0.10314925092045146 6
0.35961575987485517 0.5655863809926466 0.4643678689430134 0.12090984871456734 0.059292037166342904 1
0.7722119019743404 0.949067959896835 0.5773588983140215 0.5987723481906833 0.23368298479248784 3
0.7722119019743404 0.949067959896835 0.5773588983140215 0.5987723481906833 0.23368298479248784 3
0.3876511800261233 0.09211608210305888 0.23336868462542848 0.1393216020385658 0.5951696089424263 6
0.3876511800261233 0.09211608210305888 0.23336868462542848 0.1393216020385658 0.5951696089424263 6
0.6005134190127605 0.39101562633770726 0.11914499849398896 0.285970716106549 0.8452982312400711 5
0.6005134190127605 0.39101562633770726 0.11914499849398896 0.285970716106549 0.8452982312400711 5
0.6689861204759961 0.9388145630913971 0.8367638484624921 0.8803781074912802 0.951907754742423 6
0.6903000106403168 0.498622110187535 0.9755506779943154 0.3561657011164787 0.10719659593168152 7
0.6903000106403168 0.498622110187535 0.9755506779943154 0.3561657011164787 0.10719659593168152 7
0.04381776799476611 0.3071077940462067 0.5566723183108393 0.2090000109624227 0.5895322462430618 6
0.027655155765654138 0.48032450080098 0.6824898133575289 0.07141361823487313 0.9579817305369669 7
0.30143999526547816 0.7679984324663803 0.10725962729624616 0.682471076340337 0.7506843891979054 1
0.35961575987485517 0.5655863809926466 0.4643678689430134 0.12090984871456734 0.059292037166342904 1
0.8474659924414678 0.007893759277902257 0.6690675219911826 0.49392253961733457 0.10314925092045146 6
0.8474659924414678 0.007893759277902257 0.6690675219911826 0.49392253961733457 0.10314925092045146 6
0.8474659924414678 0.007893759277902257 0.6690675219911826 0.49392253961733457 0.10314925092045146 6
0.3119271612028456 0.11051608836296034 0.7766126529601366 0.5453314299675671 0.21527213986191462 5
0.3876511800261233 0.09211608210305888 0.23336868462542848 0.1393216020385658 0.5951696089424263 6
0.7722119019743404 0.949067959896835 0.5773588983140215 0.5987723481906833 0.23368298479248784 3
0.6005134190127605 0.39101562633770726 0.11914499849398896 0.285970716106549 0.8452982312400711 5
0.7647801143627347 0.2940533054396839 0.3293882385207625 0.0667880543810151 0.8569010331185317 8
0.7647801143627347 0.2940533054396839 0.3293882385207625 0.0667880543810151 0.8569010331185317 8
0.6689861204759961 0.9388145630913971 0.8367638484624921 0.8803781074912802 0.951907754742423 6
0.6903000106403168 0.498622110187535 0.9755506779943154 0.3561657011164787 0.10719659593168152 7
0.027655155765654138 0.48032450080098 0.6824898133575289 0.07141361823487313 0.9579817305369669 7
0.027655155765654138 0.48032450080098 0.6824898133575289 0.07141361823487313 0.9579817305369669 7
0.35961575987485517 0.5655863809926466 0.4643678689430134 0.12090984871456734 0.059292037166342904 1
0.30143999526547816 0.7679984324663803 0.10725962729624616 0.682471076340337 0.7506843891979054 1
0.8474659924414678 0.007893759277902257 0.6690675219911826 0.49392253961733457 0.10314925092045146 6
0.8474659924414678 0.007893759277902257 0.6690675219911826 0.49392253961733457 0.10314925092045146 6
0.35961575987485517 0.5655863809926466 0.4643678689430134 0.12090984871456734 0.059292037166342904 1
0.7722119019743404 0.949067959896835 0.5773588983140215 0.5987723481906833 0.23368298479248784 3
0.3876511800261233 0.09211608210305888 0.23336868462542848 0.1393216020385658 0.5951696089424263 6
0.7722119019743404 0.949067959896835 0.5773588983140215 0.5987723481906833 0.23368298479248784 3
0.6005134190127605 0.39101562633770726 0.11914499849398896 0.285970716106549 0.8452982312400711 5
0.32765572524470954 0.9397785191629481 0.30909357887431943 0.33430865555249145 0.5724910771674133 5
0.7647801143627347 0.2940533054396839 0.3293882385207625 0.0667880543810151 0.8569010331185317 8
0.6689861204759961 0.9388145630913971 0.8367638484624921 0.8803781074912802 0.951907754742423 6
0.6903000106403168 0.498622110187535 0.9755506779943154 0.3561657011164787 0.10719659593168152 7
0.027655155765654138 0.48032450080098 0.6824898133575289 0.07141361823487313 0.9579817305369669 7
0.35961575987485517 0.5655863809926466 0.4643678689430134 0.12090984871456734 0.059292037166342904 1
0.30143999526547816 0.7679984324663803 0.10725962729624616 0.682471076340337 0.7506843891979054 1
0.8474659924414678 0.007893759277902257 0.6690675219911826 0.49392253961733457 0.10314925092045146 6
0.8474659924414678 0.007893759277902257 0.6690675219911826 0.49392253961733457 0.10314925092045146 6
0.35961575987485517 0.5655863809926466 0.4643678689430134 0.12090984871456734 0.059292037166342904 1
0.8474659924414678 0.007893759277902257 0.6690675219911826 0.49392253961733457 0.10314925092045146 6
0.3119271612028456 0.11051608836296034 0.7766126529601366 0.5453314299675671 0.21527213986191462 5
0.3876511800261233 0.09211608210305888 0.23336868462542848 0.1393216020385658 0.5951696089424263 6
0.6005134190127605 0.39101562633770726 0.11914499849398896 0.285970716106549 0.8452982312400711 5
0.6689861204759961 0.9388145630913971 0.8367638484624921 0.8803781074912802 0.951907754742423 6
0.6903000106403168 0.498622110187535 0.9755506779943154 0.3561657011164787 0.10719659593168152 7
0.6903000106403168 0.498622110187535 0.9755506779943154 0.3561657011164787 0.10719659593168152 7
0.6689861204759961 0.9388145630913971 0.8367638484624921 0.8803781074912802 0.951907754742423 6
0.6903000106403168 0.498622110187535 0.9755506779943154 0.3561657011164787 0.10719659593168152 7
0.027655155765654138 0.48032450080098 0.6824898133575289 0.07141361823487313 0.9579817305369669 7
0.027655155765654138 0.48032450080098 0.6824898133575289 0.07141361823487313 0.9579817305369669 7
0.027655155765654138 0.48032450080098 0.6824898133575289 0.07141361823487313 0.9579817305369669 7
0.35961575987485517 0.5655863809926466 0.4643678689430134 0.12090984871456734 0.059292037166342904 1
0.30143999526547816 0.7679984324663803 0.10725962729624616 0.682471076340337 0.7506843891979054 1
0.8474659924414678 0.007893759277902257 0.6690675219911826 0.49392253961733457 0.10314925092045146 6
0.35961575987485517 0.5655863809926466 0.4643678689430134 0.12090984871456734 0.059292037166342904 1
0.8474659924414678 0.007893759277902257 0.6690675219911826 0.49392253961733457 0.10314925092045146 6
0.3119271612028456 0.11051608836296034 0.7766126529601366 0.5453314299675671 0.21527213986191462 5
0.3876511800261233 0.09211608210305888 0.23336868462542848 0.1393216020385658 0.5951696089424263 6
0.7722119019743404 0.949067959896835 0.5773588983140215 0.5987723481906833 0.23368298479248784 3
0.6005134190127605 0.39101562633770726 0.11914499849398896 0.285970716106549 0.8452982312400711 5
0.32765572524470954 0.9397785191629481 0.30909357887431943 0.33430865555249145 0.5724910771674133 5
0.7647801143627347 0.2940533054396839 0.3293882385207625 0.0667880543810151 0.8569010331185317 8
0.6689861204759961 0.9388145630913971 0.8367638484624921 0.8803781074912802 0.951907754742423 6
0.6903000106403168 0.498622110187535 0.9755506779943154 0.3561657011164787 0.10719659593168152 7
0.027655155765654138 0.48032450080098 0.6824898133575289 0.07141361823487313 0.9579817305369669 7
0.35961575987485517 0.5655863809926466 0.4643678689430134 0.12090984871456734 0.059292037166342904 1
0.30143999526547816 0.7679984324663803 0.10725962729624616 0.682471076340337 0.7506843891979054 1
0.8474659924414678 0.007893759277902257 0.6690675219911826 0.49392253961733457 0.10314925092045146 6
0.8474659924414678 0.007893759277902257 0.6690675219911826 0.49392253961733457 0.10314925092045146 6
0.8474659924414678 0.007893759277902257 0.6690675219911826 0.49392253961733457 0.10314925092045146 6
0.3119271612028456 0.11051608836296034 0.7766126529601366 0.5453314299675671 0.21527213986191462 5
0.8474659924414678 0.007893759277902257 0.6690675219911826 0.49392253961733457 0.10314925092045146 6
0.3876511800261233 0.09211608210305888 0.23336868462542848 0.1393216020385658 0.5951696089424263 6
0.6005134190127605 0.39101562633770726 0.11914499849398896 0.285970716106549 0.8452982312400711 5
0.6005134190127605 0.39101562633770726 0.11914499849398896 0.285970716106549 0.8452982312400711 5
0.32765572524470954 0.9397785191629481 0.30909357887431943 0.33430865555249145 0.5724910771674133 5
0.7647801143627347 0.2940533054396839 0.3293882385207625 0.0667880543810151 0.8569010331185317 8
0.6689861204759961 0.9388145630913971 0.8367638484624921 0.8803781074912802 0.951907754742423 6
0.6903000106403168 0.498622110187535 0.9755506779943154 0.3561657011164787 0.10719659593168152 7
0.027655155765654138 0.48032450080098 0.6824898133575289 0.07141361823487313 0.9579817305369669 7
0.04381776799476611 0.3071077940462067 0.5566723183108393 0.2090000109624227 0.5895322462430618 6
0.30143999526547816 0.7679984324663803 0.10725962729624616 0.682471076340337 0.7506843891979054 1
0.35961575987485517 0.5655863809926466 0.4643678689430134 0.12090984871456734 0.059292037166342904 1
0.30143999526547816 0.7679984324663803 0.10725962729624616 0.682471076340337 0.7506843891979054 1
0.8474659924414678 0.007893759277902257 0.6690675219911826 0.49392253961733457 0.10314925092045146 6
0.35961575987485517 0.5655863809926466 0.4643678689430134 0.12090984871456734 0.059292037166342904 1
0.8474659924414678 0.007893759277902257 0.6690675219911826 0.49392253961733457 0.10314925092045146 6
0.3119271612028456 0.11051608836296034 0.7766126529601366 0.5453314299675671 0.21527213986191462 5
0.3876511800261233 0.09211608210305888 0.23336868462542848 0.1393216020385658 0.5951696089424263 6
0.3876511800261233 0.09211608210305888 0.23336868462542848 0.1393216020385658 0.5951696089424263 6
0.6005134190127605 0.39101562633770726 0.11914499849398896 0.285970716106549 0.8452982312400711 5
0.6005134190127605 0.39101562633770726 0.11914499849398896 0.285970716106549 0.8452982312400711 5
0.6689861204759961 0.9388145630913971 0.8367638484624921 0.8803781074912802 0.951907754742423 6
0.6903000106403168 0.498622110187535 0.9755506779943154 0.3561657011164787 0.10719659593168152 7
0.6903000106403168 0.498622110187535 0.9755506779943154 0.3561657011164787 0.10719659593168152 7
0.04381776799476611 0.3071077940462067 0.5566723183108393 0.2090000109624227 0.5895322462430618 6
0.30143999526547816 0.7679984324663803 0.10725962729624616 0.682471076340337 0.7506843891979054 1
0.8474659924414678 0.007893759277902257 0.6690675219911826 0.49392253961733457 0.10314925092045146 6
0.6637837662259599 0.08394655088497716 0.1292732363128657 0.42640712087189925 0.30692272402103826 5
0.8474659924414678 0.007893759277902257 0.6690675219911826 0.49392253961733457 0.10314925092045146 6
0.35961575987485517 0.5655863809926466 0.4643678689430134 0.12090984871456734 0.059292037166342904 1
0.35961575987485517 0.5655863809926466 0.4643678689430134 0.12090984871456734 0.059292037166342904 1
0.7722119019743404 0.949067959896835 0.5773588983140215 0.5987723481906833 0.23368298479248784 3
0.3876511800261233 0.09211608210305888 0.23336868462542848 0.1393216020385658 0.5951696089424263 6
0.7722119019743404 0.949067959896835 0.5773588983140215 0.5987723481906833 0.23368298479248784 3
0.6005134190127605 0.39101562633770726 0.11914499849398896 0.285970716106549 0.8452982312400711 5
0.6005134190127605 0.39101562633770726 0.11914499849398896 0.285970716106549 0.8452982312400711 5
0.7647801143627347 0.2940533054396839 0.3293882385207625 0.0667880543810151 0.8569010331185317 8
0.6689861204759961 0.9388145630913971 0.8367638484624921 0.8803781074912802 0.951907754742423 6
0.6903000106403168 0.498622110187535 0.9755506779943154 0.3561657011164787 0.10719659593168152 7
0.04766487843691658 0.3723109538565087 0.7012437309428897 0.40594002778169935 0.16300586326323052 2
0.04381776799476611 0.3071077940462067 0.5566723183108393 0.2090000109624227 0.5895322462430618 6
0.027655155765654138 0.48032450080098 0.6824898133575289 0.07141361823487313 0.9579817305369669 7
0.30143999526547816 0.7679984324663803 0.10725962729624616 0.682471076340337 0.7506843891979054 1
0.35961575987485517 0.5655863809926466 0.4643678689430134 0.12090984871456734 0.059292037166342904 1
0.8474659924414678 0.007893759277902257 0.6690675219911826 0.49392253961733457 0.10314925092045146 6
0.8474659924414678 0.007893759277902257 0.6690675219911826 0.49392253961733457 0.10314925092045146 6
0.8474659924414678 0.007893759277902257 0.6690675219911826 0.49392253961733457 0.10314925092045146 6
0.8474659924414678 0.007893759277902257 0.6690675219911826 0.49392253961733457 0.10314925092045146 6
0.3119271612028456 0.11051608836296034 0.7766126529601366 0.5453314299675671 0.21527213986191462 5
0.3876511800261233 0.09211608210305888 0.23336868462542848 0.1393216020385658 0.5951696089424263 6
0.6005134190127605 0.39101562633770726 0.11914499849398896 0.285970716106549 0.8452982312400711 5
0.7647801143627347 0.2940533054396839 0.3293882385207625 0.0667880543810151 0.8569010331185317 8
0.7647801143627347 0.2940533054396839 0.3293882385207625 0.0667880543810151 0.8569010331185317 8
0.6689861204759961 0.9388145630913971 0.8367638484624921 0.8803781074912802 0.951907754742423 6
0.6903000106403168 0.498622110187535 0.9755506779943154 0.3561657011164787 0.10719659593168152 7
0.027655155765654138 0.48032450080098 0.6824898133575289 0.07141361823487313 0.9579817305369669 7
0.027655155765654138 0.48032450080098 0.6824898133575289 0.07141361823487313 0.9579817305369669 7
0.027655155765654138 0.48032450080098 0.6824898133575289 0.07141361823487313 0.9579817305369669 7
0.35961575987485517 0.5655863809926466 0.4643678689430134 0.12090984871456734 0.059292037166342904 1
0.8474659924414678 0.007893759277902257 0.6690675219911826 0.49392253961733457 0.10314925092045146 6
0.35961575987485517 0.5655863809926466 0.4643678689430134 0.12090984871456734 0.059292037166342904 1
0.35961575987485517 0.5655863809926466 0.4643678689430134 0.12090984871456734 0.059292037166342904 1
0.35961575987485517 0.5655863809926466 0.4643678689430134 0.12090984871456734 0.059292037166342904 1
0.3876511800261233 0.09211608210305888 0.23336868462542848 0.1393216020385658 0.5951696089424263 6
0.6005134190127605 0.39101562633770726 0.11914499849398896 0.285970716106549 0.8452982312400711 5
0.6005134190127605 0.39101562633770726 0.11914499849398896 0.285970716106549 0.8452982312400711 5
0.6689861204759961 0.9388145630913971 0.8367638484624921 0.8803781074912802 0.951907754742423 6
0.6903000106403168 0.498622110187535 0.9755506779943154 0.3561657011164787 0.10719659593168152 7
0.6689861204759961 0.9388145630913971 0.8367638484624921 0.8803781074912802 0.951907754742423 6
0.6903000106403168 0.498622110187535 0.9755506779943154 0.3561657011164787 0.10719659593168152 7
